2142711
72
[([[102, 66], [380, 66], [380, 120], [102, 120]], '하아 . 하마터면', 0.561522225602547), ([[115, 121], [370, 121], [370, 184], [115, 184]], '사람들 앞에서', 0.9510654639318344), ([[22, 185], [462, 185], [462, 242], [22, 242]], '단죄의 황녀로서의 위임올', 0.5606591732174412), ([[111, 245], [368, 245], [368, 305], [111, 305]], '잃플뻔햇구나.', 0.1542210126204503), ([[1075, 453], [1095, 453], [1095, 481], [1075, 481]], '?', 0.11075911363747082), ([[1178, 724], [1488, 724], [1488, 780], [1178, 780]], '아가씨? 주민분께', 0.8614543039679711), ([[1146, 780], [1517, 780], [1517, 842], [1146, 842]], '화장실이 어디 있는지', 0.5642084876868932), ([[1153, 841], [1513, 841], [1513, 901], [1153, 901]], '여쭈보논게 위임이량', 0.315361948627913), ([[1180, 904], [1488, 904], [1488, 960], [1180, 960]], '연관이 있습니까?', 0.676788055088969), ([[710, 1694], [760, 1694], [760, 1756], [710, 1756]], '이', 0.6300248502996375), ([[8, 2166], [60, 2166], [60, 2216], [8, 2216]], '()', 0.7293166950001956), ([[80, 2157], [539, 2157], [539, 2223], [80, 2223]], '[@3@@.@@/@@없@어 @', 0.0015983983018771194), ([[672.2624143155141, 1580.0340746075524], [733.079787787583, 1569.2750739318346], [754.7375856844859, 1703.9659253924476], [693.920212212417, 1714.7249260681654]], '성', 0.929637081446856)]
[([[1184, 1280], [1344, 1280], [1344, 1334], [1184, 1334]], '저.. 그럼', 0.6880870448532137), ([[1065, 1345], [1467, 1345], [1467, 1405], [1065, 1405]], '어떻게 되는 건가요 ?', 0.657488552023237)]
[([[75, 969], [458, 969], [458, 1030], [75, 1030]], '본드 노상방노방지법', 0.6572390350770208), ([[47, 1033], [489, 1033], [489, 1093], [47, 1093]], '제8조 제2항에 의거하면', 0.9507436956743334), ([[140, 1096], [395, 1096], [395, 1158], [140, 1158]], '노상방뇨자의', 0.5465388345248049), ([[91, 1161], [441, 1161], [441, 1221], [91, 1221]], '신상은 1년간 공개..', 0.6915298106326768), ([[1125, 1381], [1445, 1381], [1445, 1441], [1125, 1441]], '외에 30만모라의', 0.9937274149662658), ([[1224, 1448], [1348, 1448], [1348, 1504], [1224, 1504]], '벌금...', 0.3643204576349725)]
[([[15, 967], [441, 967], [441, 1029], [15, 1029]], '하아 . 사실상 본드에서', 0.4593657512123001), ([[33, 1032], [420, 1032], [420, 1093], [33, 1093]], '더이상 생활하시논건', 0.6169259306043142), ([[109, 1099], [345, 1099], [345, 1159], [109, 1159]], '무리켓네요.', 0.8717302218451487), ([[1139, 1239], [1395, 1239], [1395, 1299], [1139, 1299]], '그. 그렇구나.', 0.7994001920859106), ([[1064, 1304], [1489, 1304], [1489, 1365], [1064, 1365]], '어..어둡이 깊어적으니.', 0.20446463573600235), ([[1123, 1367], [1435, 1367], [1435, 1431], [1123, 1431]], '이만 돌아가도록', 0.9853915802237023), ([[1190, 1436], [1330, 1436], [1330, 1492], [1190, 1492]], '하거라.', 0.9862574338912964)]
[([[1167, 1035], [1351, 1035], [1351, 1095], [1167, 1095]], '아하지만', 0.9997852444648743), ([[1103, 1101], [1415, 1101], [1415, 1161], [1103, 1161]], '한가지 신고자와', 0.9531994444614685), ([[1059, 1163], [1457, 1163], [1457, 1228], [1059, 1228]], '합의틀 통해 없당일로', 0.46608871316246664), ([[1096, 1230], [1423, 1230], [1423, 1291], [1096, 1291]], '할 수 잇는 방법이', 0.4473387020581356), ([[1105, 1297], [1415, 1297], [1415, 1357], [1105, 1357]], '존재하긴 합니다', 0.9130557504503232)]
[([[874, 50], [1144, 50], [1144, 198], [874, 198]], '충_', 0.03147855654912365), ([[1102, 192], [1254, 192], [1254, 312], [1102, 312]], '봄', 0.029111451988559134), ([[511, 395], [605, 395], [605, 459], [511, 459]], '용0', 0.30664599569670864), ([[889, 359], [1049, 359], [1049, 491], [889, 491]], '8', 0.012125344206205035), ([[183, 1297], [499, 1297], [499, 1361], [183, 1361]], '용울이주움90', 0.05691985425649112), ([[576.8183439667715, 1620.0388282949264], [691.6267973344285, 1553.0109165019016], [824.1816560332285, 1807.9611717050736], [710.3732026655715, 1875.9890834980984]], '콩', 0.23264920962225233), ([[1075.3606316743303, 1564.0107607276086], [1300.8890318792437, 1778.5982394278292], [1191.6393683256697, 1898.9892392723914], [966.1109681207563, 1684.4017605721708]], '(야)', 0.006731776343233439)]
[([[217, 1407], [357, 1407], [357, 1469], [217, 1469]], '푸하9', 0.49072460522918215)]
[([[831, 295], [1155, 295], [1155, 355], [831, 355]], '후우  피슬님 그럼', 0.8389285099425039), ([[841, 361], [1147, 361], [1147, 421], [841, 421]], '충분히 젖없으니', 0.504308865738895), ([[849, 425], [1141, 425], [1141, 487], [849, 487]], '넣어도 훨까요?', 0.35252067008549237), ([[192, 1436], [248, 1436], [248, 1492], [192, 1492]], '응', 0.9993270576021729), ([[99, 1501], [337, 1501], [337, 1563], [99, 1563]], '대신 비밀은.', 0.6691201145271286), ([[650, 1634], [812, 1634], [812, 1778], [650, 1778]], '겪', 0.008682572250917675), ([[1026, 1638], [1182, 1638], [1182, 1766], [1026, 1766]], '쫓', 0.056374451381523194)]
[([[1108, 180], [1198, 180], [1198, 234], [1108, 234]], '음?', 0.23759684537654088), ([[925, 1459], [1207, 1459], [1207, 1667], [925, 1667]], '더;', 0.0708038181002765), ([[556, 1608], [768, 1608], [768, 1776], [556, 1776]], '곡', 0.21759078835980805)]
[([[457, 297], [557, 297], [557, 365], [457, 365]], '*0', 0.15643361567367234), ([[1058, 286], [1320, 286], [1320, 342], [1058, 342]], '으응.어 음.9', 0.20286367384971418), ([[771.2138050562869, 1846.0181892157968], [1031.987783691999, 1964.3556357909931], [967.7861949437131, 2095.9818107842034], [708.0122163080009, 1976.6443642090069]], ' %', 0.06841913989888912)]
[([[1076, 280], [1272, 280], [1272, 336], [1076, 336]], '아좁아  !', 0.5735410631672894), ([[977, 343], [1371, 343], [1371, 403], [977, 403]], '엄청 좁고 미골거려서', 0.8960461257784512), ([[961, 409], [1391, 409], [1391, 471], [961, 471]], '당장이라도 쌀것같아 .!', 0.5848888767473485), ([[473, 1523], [807, 1523], [807, 1720], [473, 1720]], '국원', 0.724593218658144), ([[145, 1756], [411, 1756], [411, 1820], [145, 1820]], '피슬님우선은', 0.9868559573786153), ([[39, 1825], [519, 1825], [519, 1885], [39, 1885]], '가볍게 한발 싸켓습니다 .!', 0.6073084620280177), ([[1000, 1782], [1290, 1782], [1290, 1982], [1000, 1982]], '주움', 0.8391864671325571), ([[921.0245681304807, 1431.0849903135763], [1240.3194578268149, 1394.093258292053], [1248.9754318695193, 1592.9150096864237], [929.6805421731851, 1629.906741707947]], '조거', 0.4225739566671785), ([[509.83592746068217, 1904.2186777169118], [861.7438301069183, 1828.365913313882], [887.1640725393178, 2021.7813222830882], [535.2561698930817, 2097.6340866861183]], '초계', 0.11688397945605006)]
[([[58, 184], [110, 184], [110, 238], [58, 238]], '무.', 0.8232101704577606), ([[127, 179], [410, 179], [410, 239], [127, 239]], '물론이지.. 오즈', 0.9044032722272501), ([[84, 244], [382, 244], [382, 300], [84, 300]], '아직 권속으로서', 0.9878351318338885), ([[63, 303], [405, 303], [405, 365], [63, 365]], '수행이 부족하구나', 0.7095183136511802), ([[1130, 685], [1541, 685], [1541, 742], [1130, 742]], '유야정토 단죄의 흉녀는', 0.38064891658795913), ([[1208, 748], [1462, 748], [1462, 802], [1208, 802]], '세상에서 가장', 0.9812685288022712), ([[1173, 805], [1499, 805], [1499, 865], [1173, 865]], '존귀하고 신비로운', 0.9978780303507758), ([[1170, 868], [1500, 868], [1500, 924], [1170, 924]], '존재여야만 한다구', 0.9996499450795396)]
[([[1118, 284], [1170, 284], [1170, 340], [1118, 340]], '움', 0.2577269984026067), ([[1183, 287], [1225, 287], [1225, 331], [1183, 331]], '0', 0.9617861997742558), ([[135, 1575], [347, 1575], [347, 1635], [135, 1635]], '우-움.9', 0.0888014440326853), ([[881.4777113148003, 1403.0580182238848], [986.5932107000266, 1300.0087994091057], [1221.5222886851996, 1573.9419817761152], [1116.4067892999735, 1676.9912005908943]], '통', 0.003878455402551176), ([[401.47847990363465, 1664.007556675396], [517.388678252701, 1605.004196899947], [726.5215200963653, 2044.992443324604], [610.611321747299, 2103.995803100053]], "'", 0.0955971507655704)]
[([[1152, 316], [1284, 316], [1284, 372], [1152, 372]], '푸하9', 0.5666096288009653), ([[897.2540623996325, 1536.394093278273], [1232.678347177346, 1465.581452877618], [1252.7459376003674, 1618.605906721727], [917.3216528226538, 1689.418547122382]], '똑늦 @', 0.024274179717137842), ([[575.2844419716492, 1877.0701920541214], [851.0168438391407, 1859.6944311080595], [850.7155580283508, 2040.9298079458786], [574.9831561608593, 2059.3055688919408]], '푸춧_', 0.06926997495547606)]
[([[214, 488], [298, 488], [298, 542], [214, 542]], '하)', 0.37979585142134825), ([[1194, 508], [1422, 508], [1422, 564], [1194, 564]], '하아 . 하아..', 0.44892758876866906), ([[1230, 574], [1386, 574], [1386, 630], [1230, 630]], '피슬님?', 0.9894682765007019), ([[1140, 636], [1476, 636], [1476, 696], [1140, 696]], '기분 종으섞나요?', 0.4106670457925494), ([[162, 1758], [218, 1758], [218, 1816], [162, 1816]], '응', 0.9997090312929835), ([[798.9750042138629, 1941.0350615223983], [889.5572359119377, 1879.0103539688741], [1033.0249957861372, 2116.9649384776017], [942.4427640880623, 2177.9896460311256]], '줄', 0.3967655730602928)]
[([[937, 173], [1243, 173], [1243, 233], [937, 233]], '이야 다행이네요', 0.8931633663129335), ([[847, 237], [1332, 237], [1332, 299], [847, 299]], '이기세로 간다면 면죄부름', 0.44264974118324757), ([[869, 303], [1309, 303], [1309, 363], [869, 363]], '받기에는 문제없올 거라', 0.7502420449680828), ([[1026, 372], [1156, 372], [1156, 428], [1026, 428]], '붙니다', 0.6054756772853297), ([[87, 1815], [471, 1815], [471, 1877], [87, 1877]], '그건. 다행이구나 .', 0.5284879862346212), ([[802.0022148421434, 1937.033222632151], [890.5635117073152, 1879.010588585414], [1028.9977851578567, 2116.9667773678493], [939.4364882926848, 2174.989411414586]], '줄', 0.19269513147048745)]
[([[1023, 267], [1165, 267], [1165, 321], [1023, 321]], '자 그럼', 0.9802830375588101), ([[919, 331], [1269, 331], [1269, 391], [919, 391]], '마지막으로 다리블', 0.45821710290395073), ([[869, 397], [1324, 397], [1324, 457], [869, 457]], '들어올려 주시켓습니까?', 0.8682047827653704)]
[([[1090, 198], [1142, 198], [1142, 246], [1090, 246]], '이', 0.9997626683877492), ([[1164, 198], [1344, 198], [1344, 254], [1164, 254]], '이렇게  .?', 0.3171591519061341), ([[204, 1546], [340, 1546], [340, 1600], [204, 1600]], '아아 !', 0.5663837790489197), ([[59, 1611], [487, 1611], [487, 1675], [59, 1675]], '좋습니다 훌륭하군요', 0.6164635042495916)]
[([[116, 106], [380, 106], [380, 162], [116, 162]], '그럼 그상태로', 0.9998580225284658), ([[72, 167], [425, 167], [425, 229], [72, 229]], '다리름 내리지 말고', 0.3449082854392181), ([[143, 235], [357, 235], [357, 295], [143, 295]], '버터주세요', 0.9798070029009757), ([[1304, 1158], [1354, 1158], [1354, 1212], [1304, 1212]], '응', 0.9998595763869531), ([[541, 1767], [659, 1767], [659, 1881], [541, 1881]], '또다', 0.03690139399919785), ([[795, 1789], [917, 1789], [917, 1879], [795, 1879]], '330', 0.1623442294302092)]
[([[254, 214], [336, 214], [336, 268], [254, 268]], '옷 .!', 0.38237932324409485), ([[1118, 974], [1380, 974], [1380, 1030], [1118, 1030]], '안그래도 좁은', 0.9848505202635573), ([[997, 1035], [1505, 1035], [1505, 1095], [997, 1095]], "보지에 다리까지 모아올려서'", 0.9595393847963493), ([[1055, 1099], [1443, 1099], [1443, 1159], [1055, 1159]], '그런지 양쪽에서 국국', 0.8297902761625331), ([[1099, 1163], [1399, 1163], [1399, 1223], [1099, 1223]], '둘러주는 느낌이', 0.5091176745770299), ([[1140, 1226], [1359, 1226], [1359, 1289], [1140, 1289]], '일품이군..!!', 0.6907268232753205), ([[508, 1686], [612, 1686], [612, 1794], [508, 1794]], '올', 0.007613713456917859)]
[([[256, 126], [360, 126], [360, 182], [256, 182]], '후우', 0.9970776096978478), ([[147, 189], [475, 189], [475, 251], [147, 251]], '피슬님? 처음부터', 0.9858550630665257), ([[89, 255], [533, 255], [533, 317], [89, 317]], '계속 눈올감고 계시논데', 0.5596894668130311), ([[55, 321], [563, 321], [563, 383], [55, 383]], '슬슬 눈올 떠주시켓습니까?', 0.4616344161882237), ([[1193, 1229], [1449, 1229], [1449, 1289], [1193, 1289]], '아이만들기는', 0.8192766433697042), ([[1209, 1293], [1435, 1293], [1435, 1353], [1209, 1353]], '서로의 눈올', 0.4454872356804754), ([[1165, 1357], [1479, 1357], [1479, 1417], [1165, 1417]], '바라보고 사랑올', 0.4293367152933752), ([[1120, 1422], [1523, 1422], [1523, 1484], [1120, 1484]], '나누무 해야 한다구요', 0.4437175286747925), ([[506.03877877513673, 1749.0420780365585], [577.5438883987181, 1705.0134543458946], [674.9612212248633, 1884.9579219634415], [603.4561116012819, 1928.9865456541054]], '콩', 0.009776757943033232), ([[746.1555692331382, 1776.0357169510307], [811.5547001962252, 1745.015396467946], [883.8444307668618, 1913.9642830489693], [819.4452998037748, 1944.984603532054]], '꿀', 0.1942355035373602)]
[([[505.9513950274219, 1748.0459033126094], [578.5933327986015, 1704.0146774682487], [675.0486049725781, 1885.9540966873906], [602.4066672013985, 1929.9853225317513]], '꽃', 0.01650470263221937), ([[745.1484039973755, 1777.0363267692926], [809.5609132821058, 1746.0157435785154], [881.8515960026245, 1913.9636732307074], [818.4390867178942, 1943.9842564214846]], '꿀', 0.7574683534473401)]
[([[132, 644], [322, 644], [322, 698], [132, 698]], '보.. 볼일올', 0.6378984807287528), ([[65, 700], [387, 700], [387, 760], [65, 760]], '보것다고 화장실로', 0.5430858253501915), ([[44, 762], [406, 762], [406, 818], [44, 818]], '안내하라고 햇다가는', 0.6859979001118277), ([[8, 820], [448, 820], [448, 876], [8, 876]], '단죄의 황녀로서의 권위가', 0.3923800713769498), ([[56, 880], [400, 880], [400, 936], [56, 936]], '실추되게 뻔하잡아?', 0.48387166356473943), ([[1179, 939], [1495, 939], [1495, 999], [1179, 999]], '아아 . 그렇군요.', 0.4476058869002916), ([[90, 1908], [258, 1908], [258, 1964], [90, 1964]], '노상방노', 0.5750716924667358), ([[108, 1970], [238, 1970], [238, 2026], [108, 2026]], '하면서', 0.9996606979219809), ([[7, 2031], [343, 2031], [343, 2091], [7, 2091]], '권위들 운운하다니', 0.44449597455913076), ([[46, 2094], [301, 2094], [301, 2155], [46, 2155]], '단단히 미처군', 0.677316241683386), ([[143.25065019518073, 290.0156046843377], [265.3036457940764, 369.3716886651569], [136.74934980481927, 565.9843953156624], [14.696354205923619, 486.6283113348431]], '소', 0.032983227007449045)]
[([[268, 184], [408, 184], [408, 240], [268, 240]], '오옷 .!', 0.41304685320766094), ([[916, 1516], [1158, 1516], [1158, 1732], [916, 1732]], '거;', 0.35780174838101164), ([[276.0175441986347, 1634.1315814897605], [461.0331765773863, 1606.8378636787231], [471.9824558013653, 1738.8684185102395], [286.9668234226137, 1767.1621363212769]], '고', 0.04567401925491854)]
[([[270, 200], [354, 200], [354, 252], [270, 252]], '극 !', 0.38196152371949943), ([[247, 263], [377, 263], [377, 323], [247, 323]], '좋아!', 0.981256773036238), ([[1286, 962], [1416, 962], [1416, 1018], [1286, 1018]], '피술이', 0.6068843491297368), ([[1243, 1025], [1461, 1025], [1461, 1085], [1243, 1085]], '사랑스럽게', 0.9136770597963207), ([[1222, 1092], [1480, 1092], [1480, 1148], [1222, 1148]], '쳐다보주니까', 0.5800831665894304), ([[1161, 1157], [1547, 1157], [1547, 1217], [1161, 1217]], '두배는 기분 좋다고]', 0.4964930558585202), ([[752, 1592], [1038, 1592], [1038, 1744], [752, 1744]], '끊움', 0.15485118916718685), ([[394, 1838], [694, 1838], [694, 1997], [394, 1997]], '국움', 0.07160642272924252), ([[327.3035031702961, 1666.2031209239542], [584.8120242567206, 1616.4575571939142], [601.696496829704, 1767.7968790760458], [344.18797574327937, 1817.5424428060858]], '조거', 0.5192686684102048), ([[830.1338161011569, 1816.2296598271723], [1091.617089479931, 1761.2282170383774], [1111.8661838988432, 1913.7703401728277], [850.3829105200689, 1969.7717829616226]], '초기', 0.3148690833694848)]
[([[180, 206], [418, 206], [418, 262], [180, 262]], '하아 하아 !', 0.4768203480638189), ([[187, 271], [413, 271], [413, 331], [187, 331]], '쏟아줄게.!!', 0.8144292698842271), ([[1225, 1177], [1451, 1177], [1451, 1239], [1225, 1239]], '나도 피술이', 0.6657210850084774), ([[1184, 1242], [1493, 1242], [1493, 1306], [1184, 1306]], '준만큼의 사랑을', 0.6289067465316112), ([[1227, 1309], [1453, 1309], [1453, 1369], [1227, 1369]], '쏟아줄게..!!', 0.7725670861720424), ([[738, 1572], [1094, 1572], [1094, 1782], [738, 1782]], '((격9', 0.12676416337490082), ([[809, 1843], [1127, 1843], [1127, 2031], [809, 2031]], '주', 0.05426634211822634), ([[341.19456459055317, 1628.0709703000255], [610.6564981600534, 1603.2606624055206], [615.8054354094468, 1800.9290296999745], [345.3435018399466, 1824.7393375944794]], '그늘', 0.258962350059803), ([[389.72727923100865, 1897.136417617372], [666.8178756626553, 1852.1075418501437], [681.2727207689913, 2017.863582382628], [404.18212433734465, 2062.8924581498563]], '(찌켜', 0.10130371249347656)]
[([[264, 170], [358, 170], [358, 222], [264, 222]], '욕 !!', 0.5017677545547485), ([[1216, 1034], [1480, 1034], [1480, 1090], [1216, 1090]], '느오오오옷  !', 0.3707644610931911), ([[762, 1342], [840, 1342], [840, 1426], [762, 1426]], '푹', 0.2681273678908589), ([[806, 1396], [878, 1396], [878, 1482], [806, 1482]], '옷', 0.8998571020058002), ([[563.1427160953763, 1213.0262723546336], [686.9880060472253, 1311.4206151341386], [613.8572839046237, 1403.9737276453664], [490.01199395277473, 1305.5793848658614]], '셋야', 0.013078430060898413)]
[([[176, 182], [388, 182], [388, 238], [176, 238]], '하아  하아', 0.39037637004608366), ([[147, 1647], [285, 1647], [285, 1739], [147, 1739]], '(', 0.17169081506687522), ([[463, 1679], [575, 1679], [575, 1789], [463, 1789]], '뜻', 0.559372968426942), ([[790, 1710], [886, 1710], [886, 1812], [790, 1812]], '푹', 0.7552932209560801), ([[867, 1759], [923, 1759], [923, 1797], [867, 1797]], ',~', 0.36063282963312326), ([[263.19601035230505, 1698.04050248782], [463.96552593079815, 1745.2581127809551], [444.80398964769495, 1812.95949751218], [244.03447406920185, 1765.7418872190449]], '노 ', 0.18562904656410392)]
[([[1286, 1000], [1382, 1000], [1382, 1056], [1286, 1056]], '후우', 0.9955133028605997), ([[518, 1830], [622, 1830], [622, 2022], [518, 2022]], '흙', 0.1158141957229701)]
[([[274, 126], [380, 126], [380, 176], [274, 176]], '하아:', 0.3983959152885717), ([[179, 189], [485, 189], [485, 251], [179, 251]], '너무 기분좋아서', 0.903888126266465), ([[199, 255], [463, 255], [463, 315], [199, 315]], '혀끝에 전울이', 0.7496948687607556), ([[161, 319], [507, 319], [507, 381], [161, 381]], '흘로올 정도라고.!', 0.543051088620471), ([[1155, 1157], [1529, 1157], [1529, 1219], [1155, 1219]], '피슬도 기분중앗니?', 0.29886181748793345), ([[640.2172729245717, 1810.0512742267447], [680.5243024862891, 1791.0229516563047], [725.7827270754283, 1897.9487257732553], [686.4756975137109, 1916.9770483436953]], '출', 0.18083063759721885)]
[([[284, 250], [332, 250], [332, 304], [284, 304]], '응', 0.9997891298845083), ([[1107, 1133], [1423, 1133], [1423, 1195], [1107, 1195]], '그럼 노상방노는.', 0.7278475391476802), ([[42, 1690], [464, 1690], [464, 1746], [42, 1746]], '아아! 그건 내가 알아서', 0.8841156582645554), ([[145, 1753], [359, 1753], [359, 1813], [145, 1813]], '처리할테니', 0.7624522373274764), ([[93, 1819], [415, 1819], [415, 1879], [93, 1879]], '걱정하지말라고', 0.9990217057325761), ([[7, 2158], [539, 2158], [539, 2221], [7, 2221]], '@0 [라+동.|,.<어조@훨@어@의', 4.9718564192199735e-05), ([[640.2465188815032, 1808.047499163875], [680.5243024862891, 1790.0229516563047], [723.7534811184968, 1898.952500836125], [683.4756975137109, 1915.9770483436953]], '출', 0.19928516120040118)]
[([[8, 2166], [60, 2166], [60, 2216], [8, 2216]], '()', 0.7184489906584246), ([[80, 2158], [539, 2158], [539, 2223], [80, 2223]], '[@3@@-@@/@@@@@@', 0.003160705529612403), ([[97.20901965046855, 288.0164716112453], [245.79541698215664, 317.9544560713108], [194.79098034953145, 565.9835283887547], [46.20458301784336, 537.0455439286892]], '수', 0.019511401058452726)]
[([[148.81843807114234, 285.0411111387487], [267.39446710037384, 364.7881775745997], [134.18156192885766, 562.9588888612514], [14.605532899626162, 483.2118224254003]], '손', 0.3508826253329431)]
[([[82, 38], [290, 38], [290, 110], [82, 110]], '그날저녁', 0.9995109438896179), ([[987, 0], [1447, 0], [1447, 275], [987, 275]], '기', 0.03587805648112763), ([[1053, 259], [1233, 259], [1233, 471], [1053, 471]], '(^', 0.1667909008861801), ([[263, 461], [367, 461], [367, 523], [263, 523]], '똑똑', 0.999114019655724), ([[217, 534], [413, 534], [413, 598], [217, 598]], '계십니까', 0.9096067547798157)]
[([[145.0264271987279, 289.02634828420713], [265.40195095145765, 370.5854194329027], [133.9735728012721, 564.9736517157928], [13.598049048542336, 484.4145805670973]], '소', 0.04045776773731746)]
[([[989, 0], [1443, 0], [1443, 275], [989, 275]], '7', 0.01602831768854096), ([[1050, 226], [1246, 226], [1246, 476], [1050, 476]], '(', 0.3134432763454562)]
[([[997, 0], [1301, 0], [1301, 217], [997, 217]], '7', 0.052774063205923705), ([[1056, 262], [1224, 262], [1224, 464], [1056, 464]], '(', 0.41446802851402254)]
[([[402, 2], [558, 2], [558, 154], [402, 154]], '모', 0.01722689341912642)]
[]
[]
[]
[]
[]
[([[1051, 93], [1119, 93], [1119, 173], [1051, 173]], ' 1', 0.3632108522558444), ([[863, 171], [931, 171], [931, 239], [863, 239]], '(}', 0.9548404855446434)]
[([[1046, 252], [1240, 252], [1240, 474], [1046, 474]], '(', 0.2254788987002918), ([[922, 1013], [1425, 1013], [1425, 1087], [922, 1087]], '세상올 비추는 해외달이', 0.4350151105533341), ([[1004, 1091], [1344, 1091], [1344, 1160], [1004, 1160]], '몸올 감춘 어둠.', 0.6101805353638639), ([[849, 1165], [1499, 1165], [1499, 1233], [849, 1233]], '유야정토 단죄의 항녀의 단잠올', 0.3671653365409084), ([[896, 1236], [1454, 1236], [1454, 1309], [896, 1309]], '방해하려는 자능 누구지.?', 0.3514234585786768), ([[1028.760990811185, -50.97522972037548], [1323.0505025491498, -6.803907787676774], [1272.239009188815, 260.97522972037547], [977.9494974508502, 215.80390778767676]], '날', 0.03762701229020338)]
[]
[]
[]
[]
[]
[]
[]
[]
[]
[]
[([[991, 0], [1441, 0], [1441, 261], [991, 261]], '7-', 0.05052624138679831), ([[193, 251], [601, 251], [601, 313], [193, 313]], '저피슬님 맞으시조?', 0.6440398203149715), ([[143, 318], [648, 318], [648, 385], [143, 385]], '기사단에서 찾아올습니다', 0.30944928895862334), ([[1051, 265], [1237, 265], [1237, 433], [1051, 433]], '77', 0.4726566375446604), ([[124, 390], [669, 390], [669, 456], [124, 456]], '잠시 문좀 열어주시켓나요?', 0.41247948754489816), ([[953, 1095], [1507, 1095], [1507, 1157], [953, 1157]], '단죄의 항녀의 존귀한 이름을', 0.59411519575419), ([[1021, 1161], [1435, 1161], [1435, 1225], [1021, 1225]], '함부로 입에 담논걸로', 0.4649002774345408), ([[1071, 1229], [1389, 1229], [1389, 1291], [1071, 1291]], '모자라서 얼굴올', 0.9122012629777408), ([[981, 1297], [1477, 1297], [1477, 1361], [981, 1361]], '알현하켓다니 무려하구나', 0.947854487001606), ([[1227, 1484], [1497, 1484], [1497, 1548], [1227, 1548]], '기나긴 어둠과', 0.8476032324966154), ([[1183, 1549], [1541, 1549], [1541, 1613], [1183, 1613]], '암혹의 밤이 끝나면', 0.5456959732350357), ([[1195, 1617], [1518, 1617], [1518, 1677], [1195, 1677]], '다시 찾아오도록.', 0.9013072915465828)]
[]
[]
[]
[]
[]
[]
[]
[]
[([[363, 1747], [429, 1747], [429, 1791], [363, 1791]], '4', 0.6852164857623713)]
[([[158.89568473925152, 1638.0611626532639], [294.1879263516521, 1660.0525946044754], [277.1043152607485, 1747.9388373467361], [140.8120736483479, 1725.9474053955246]], '시', 0.08838293731298652), ([[261.3516449153895, 1701.0351332215832], [441.99965316916644, 1751.9354876003315], [424.6483550846105, 1804.9648667784168], [244.00034683083356, 1754.0645123996685]], '느스', 0.2665277312227932)]
[([[989, 0], [1447, 0], [1447, 275], [989, 275]], '7', 0.014914111572945865), ([[1048, 226], [1248, 226], [1248, 474], [1048, 474]], '(', 0.10107689698111244), ([[180, 942], [276, 942], [276, 998], [180, 998]], '오늘', 0.8888703353551342), ([[23, 1009], [433, 1009], [433, 1071], [23, 1071]], '오후에 다운와이너리', 0.7100853189475027), ([[115, 1078], [342, 1078], [342, 1142], [115, 1142]], '뒷마당에서', 0.9039538102214055), ([[55, 1147], [403, 1147], [403, 1211], [55, 1211]], '노상방노하석조?', 0.5762149994741207)]
[]
[]
[([[1, 9], [51, 9], [51, 51], [1, 51]], '(0', 0.9696595439518338), ([[65, 11], [431, 11], [431, 55], [65, 55]], '명라+하서아,]기김/명아머칭어명', 1.6107089290022222e-06), ([[10, 2162], [64, 2162], [64, 2218], [10, 2218]], '(', 0.6926763729553045), ([[81, 2158], [536, 2158], [536, 2218], [81, 2218]], '권라+욕@닿마]어/어어@어@의', 3.954248690507824e-06)]
[([[402, 2], [558, 2], [558, 154], [402, 154]], '모', 0.019852369354013355), ([[1275, 1325], [1407, 1325], [1407, 1391], [1275, 1391]], '네신?', 0.06191310172746077)]
[([[1072, 1164], [1304, 1164], [1304, 1220], [1072, 1220]], '보시다시피.', 0.5939387262718137), ([[985, 1225], [1381, 1225], [1381, 1288], [985, 1288]], '오늘 낮에 피슬님께서', 0.8292411554627394), ([[991, 1290], [1385, 1290], [1385, 1354], [991, 1354]], '노상방노틀 하여다는', 0.23294061661739235), ([[973, 1357], [1403, 1357], [1403, 1419], [973, 1419]], '신고가 접수되없습니다', 0.5881246620757046)]
