2145594
26
[([[908, 46], [1246, 46], [1246, 94], [908, 94]], '틈춧부다주소 4 ]중:!', 0.006378814583168281), ([[913, 119], [1305, 119], [1305, 211], [913, 211]], '시라사기 로쿠의', 0.1632161696657552), ([[1060, 196], [1300, 196], [1300, 246], [1060, 246]], '꾸괴어너)몹', 7.391344192266237e-05), ([[221, 53], [620, 53], [620, 877], [221, 877]], '색', 0.014238974129537008), ([[1108, 1488], [1132, 1488], [1132, 1518], [1108, 1518]], '벼', 0.15901185963433395), ([[1186, 1490], [1210, 1490], [1210, 1518], [1186, 1518]], '속', 0.06604032970607765), ([[1266, 1490], [1296, 1490], [1296, 1520], [1266, 1520]], '떠', 0.021944324482547906), ([[1002, 1511], [1321, 1511], [1321, 1604], [1002, 1604]], '[이 시클', 0.04869916781600334), ([[639, 1613], [723, 1613], [723, 1747], [639, 1747]], '/', 0.13475575857916056), ([[1143.914249429668, 434.0740208365765], [1273.502702461454, 452.22340932528874], [1261.085750570332, 522.9259791634236], [1131.497297538546, 504.77659067471126]], '즐기면', 0.9950336231658438), ([[1083.0499682509594, 502.06476823200444], [1253.8717281356858, 527.6660763030727], [1240.9500317490406, 588.9352317679956], [1070.1282718643142, 563.3339236969273]], '그만이야:', 0.9051077391450902), ([[160.03207903356974, 626.029304053901], [261.5988310810735, 575.0112101353374], [371.96792096643026, 822.970695946099], [270.4011689189265, 873.9887898646626]], '숫', 0.069599887726568), ([[1150.1535010280254, 1252.1219034952862], [1230.9816512040209, 1267.6687054217755], [1225.8464989719746, 1291.8780965047138], [1144.0183487959791, 1277.3312945782245]], '0[4&4', 0.0037131414521181963), ([[1237.618507052044, 1265.0243550059424], [1313.759036020983, 1324.8219846202544], [1295.381492947956, 1348.9756449940576], [1219.240963979017, 1289.1780153797456]], '물예.--떠0', 0.006464160668097805)]
[([[517, 159], [577, 159], [577, 203], [517, 203]], '몸도', 0.9969805037264697), ([[504, 204], [592, 204], [592, 252], [504, 252]], '마음도', 0.9973418129708657), ([[515, 257], [575, 257], [575, 299], [515, 299]], '모두', 0.9999382132791723), ([[358, 442], [448, 442], [448, 490], [358, 490]], '이이랑', 0.813664827780754), ([[352, 487], [455, 487], [455, 538], [352, 538]], '놀자구!', 0.9346861839294434), ([[174, 686], [202, 686], [202, 724], [174, 724]], '응', 0.9985029344165106), ([[172, 736], [234, 736], [234, 768], [172, 768]], '그래', 0.8867408901890851), ([[978, 1002], [1014, 1002], [1014, 1034], [978, 1034]], '4', 0.15770611616205432), ([[969, 1033], [987, 1033], [987, 1065], [969, 1065]], '3', 0.9999880791065721), ([[863, 1483], [951, 1483], [951, 1569], [863, 1569]], '1약', 0.01838282507454888), ([[1025, 1527], [1133, 1527], [1133, 1569], [1025, 1569]], '아이랑" ,', 0.47445414858646245), ([[1049, 1573], [1113, 1573], [1113, 1611], [1049, 1611]], '놀게.', 0.16170141823823989), ([[873, 1606], [926, 1606], [926, 1723], [873, 1723]], '업', 0.08638616945447186), ([[193, 1749], [261, 1749], [261, 1845], [193, 1845]], '숫', 0.31837085669994636)]
[([[1257, 151], [1301, 151], [1301, 241], [1257, 241]], '쪽', 0.1088268896065836), ([[824, 1290], [918, 1290], [918, 1338], [824, 1338]], '야양', 0.9143480383123831), ([[716.2989525145956, 133.04109637406273], [780.953667260282, 186.25579159246476], [746.7010474854044, 229.95890362593727], [681.046332739718, 176.74420840753524]], '43', 0.11855007883201271), ([[199.1763617125874, 886.0339767223076], [358.9520659356529, 947.0220513242422], [325.8236382874126, 1026.9660232776926], [166.04793406434706, 965.9779486757578]], '78한', 0.20302779155461598)]
[([[141, 115], [225, 115], [225, 223], [141, 223]], '0', 0.6603917316942933), ([[839, 75], [883, 75], [883, 193], [839, 193]], '8', 0.009249428570057339), ([[988, 146], [1018, 146], [1018, 188], [988, 188]], '3', 0.9003809781471581), ([[817, 665], [837, 665], [837, 697], [817, 697]], '3', 0.9878149512675283), ([[407, 1119], [471, 1119], [471, 1211], [407, 1211]], '0', 0.9506055201097894), ([[537, 1153], [629, 1153], [629, 1253], [537, 1253]], '3', 0.6856277421451438), ([[1176, 1266], [1224, 1266], [1224, 1344], [1176, 1344]], '중', 0.04959373687454249), ([[1211, 1301], [1271, 1301], [1271, 1397], [1211, 1397]], '거', 0.04295821999366822), ([[0, 1616], [178, 1616], [178, 1868], [0, 1868]], '야', 0.5890881559162295), ([[1182.3569264806374, 1129.0258883599051], [1237.9407947482894, 1115.0555110144458], [1273.6430735193626, 1268.9741116400949], [1218.0592052517106, 1282.9444889855542]], '5', 0.10163562672700266)]
[([[440, 562], [612, 562], [612, 876], [440, 876]], '월', 0.011004607644675923), ([[1144, 1306], [1226, 1306], [1226, 1356], [1144, 1356]], '푸하!', 0.8086755485911372), ([[202, 1518], [322, 1518], [322, 1568], [202, 1568]], '재달지?', 0.12379749864339828)]
[([[538, 164], [644, 164], [644, 215], [538, 215]], '으앗0', 0.22272192971532853), ([[1093, 195], [1171, 195], [1171, 237], [1093, 237]], '아이!', 0.3164387558735544), ([[31, 515], [241, 515], [241, 735], [31, 735]], '다)', 0.5325640979956179), ([[749, 1057], [861, 1057], [861, 1189], [749, 1189]], '얘', 0.22695237682848202), ([[391.2947914216232, 319.0311430643421], [471.8111195211576, 394.2718762121333], [422.7052085783768, 447.9688569356579], [343.1888804788424, 372.7281237878667]], '8 ', 0.06749662936022532)]
[([[1273, 1533], [1341, 1533], [1341, 1635], [1273, 1635]], '벼', 0.006308065463331902), ([[751.1796058340996, 1467.0421765907658], [821.996402428179, 1524.7601079271546], [776.8203941659004, 1579.9578234092342], [706.003597571821, 1522.2398920728454]], '자"동', 8.951476306189847e-05)]
[([[116, 1528], [272, 1528], [272, 1576], [116, 1576]], '히이라기: ,', 0.7474506836782596), ([[149, 1579], [243, 1579], [243, 1621], [149, 1621]], '아이는', 0.30387459781007625), ([[142, 1629], [250, 1629], [250, 1669], [142, 1669]], '대체:  ?', 0.663003670625405)]
[([[1133, 109], [1231, 109], [1231, 145], [1133, 145]], '카즈아키', 0.7434567213058472), ([[1147, 149], [1219, 149], [1219, 185], [1147, 185]], '남께서', 0.6039228948869431), ([[1135, 185], [1231, 185], [1231, 225], [1135, 225]], '당돌하게', 0.9724302291870117), ([[1121, 225], [1245, 225], [1245, 263], [1121, 263]], '데려오신 게', 0.9517100597092729), ([[1115, 263], [1245, 263], [1245, 303], [1115, 303]], '기억이 나요', 0.9882755774904822), ([[1039, 287], [1113, 287], [1113, 323], [1039, 323]], '그래요', 0.9774506688117981), ([[1039, 363], [1111, 363], [1111, 401], [1039, 401]], '딱 8년', 0.9994667768478394), ([[191, 411], [263, 411], [263, 447], [191, 447]], '8년 전', 0.8277197309897578), ([[1022, 403], [1120, 403], [1120, 443], [1022, 443]], '전이네요', 0.9516668915748596), ([[243, 453], [259, 453], [259, 477], [243, 477]], '2', 0.5872862490200568), ([[175, 485], [279, 485], [279, 525], [175, 525]], '설마 나름', 0.6961386022075279), ([[177, 525], [275, 525], [275, 565], [177, 565]], '저택에서', 0.997207522392273), ([[189, 565], [265, 565], [265, 605], [189, 605]], '쫓아번', 0.5527786976784056), ([[175, 605], [279, 605], [279, 643], [175, 643]], '이유가:  ,', 0.6540449583511073), ([[357, 803], [411, 803], [411, 841], [357, 841]], '아니', 0.9999818769032406), ([[1187, 791], [1263, 791], [1263, 831], [1187, 831]], '확증은', 0.9997715027866063), ([[351, 840], [424, 840], [424, 879], [351, 879]], '오히려', 0.9990606596680679), ([[1151, 829], [1279, 829], [1279, 871], [1151, 871]], '없습니다만 .', 0.935806216570078), ([[351, 883], [425, 883], [425, 919], [351, 919]], '공감이', 0.8530823558872697), ([[1167, 871], [1285, 871], [1285, 909], [1167, 909]], '자식보다도', 0.9997200006699446), ([[351, 921], [425, 921], [425, 957], [351, 957]], '되는군', 0.6782947264446675), ([[1052, 918], [1124, 918], [1124, 950], [1052, 950]], '그래도', 0.9999676520778519), ([[1183, 909], [1265, 909], [1265, 949], [1183, 949]], '한 명의', 0.999655010926189), ([[223, 957], [297, 957], [297, 995], [223, 995]], '저렇게', 0.5548074230968109), ([[1029, 951], [1145, 951], [1145, 991], [1029, 991]], '원망스럽지', 0.973699437756903), ([[1189, 951], [1263, 951], [1263, 987], [1189, 987]], '소녀클', 0.5319484531599624), ([[189, 997], [327, 997], [327, 1035], [189, 1035]], '사랑스럽고도', 0.9972377770625989), ([[1020, 992], [1153, 992], [1153, 1033], [1020, 1033]], '않으신지요?', 0.978294417413474), ([[1165, 989], [1289, 989], [1289, 1027], [1165, 1027]], '고르미던 것', 0.06937930925667925), ([[191, 1035], [319, 1035], [319, 1075], [191, 1075]], '가런하 것올,', 0.2667487388367298), ([[1171, 1025], [1275, 1025], [1275, 1067], [1171, 1067]], '같습니다', 0.7713765501976013), ([[207, 1456], [311, 1456], [311, 1498], [207, 1498]], '히이라기', 0.7432873845100403), ([[1133, 1439], [1237, 1439], [1237, 1481], [1133, 1481]], '독점하고', 0.9960716962814331), ([[1129, 1481], [1239, 1481], [1239, 1523], [1129, 1523]], '싶은 것도', 0.9889571986468064), ([[227, 1501], [269, 1501], [269, 1539], [227, 1539]], '논 ', 0.3821470150167405), ([[216, 1537], [301, 1537], [301, 1585], [216, 1585]], '어떻게', 0.7199305457470704), ([[1131, 1523], [1239, 1523], [1239, 1565], [1131, 1565]], '당연하지.', 0.9299744602719052), ([[201, 1583], [319, 1583], [319, 1625], [201, 1625]], '생각하지?', 0.9998835657591297), ([[1055, 1571], [1139, 1571], [1139, 1609], [1055, 1609]], "'그런데", 0.7597268707184851), ([[1017, 1611], [1127, 1611], [1127, 1651], [1017, 1651]], '안에 가뒤', 0.9987248881301664), ([[1019, 1653], [1129, 1653], [1129, 1693], [1019, 1693]], '두는 것은', 0.7159613348725308), ([[1017, 1697], [1075, 1697], [1075, 1735], [1017, 1735]], '조금;', 0.6001017689704895), ([[370.24861924323466, 1490.0353639782873], [499.9982883021902, 1552.834518173058], [469.75138075676534, 1611.9646360217127], [339.0017116978098, 1550.165481826942]], '사; ^', 0.08353552812833148)]
[([[591, 129], [667, 129], [667, 165], [591, 165]], '그래도', 0.9999439762407095), ([[566, 166], [688, 166], [688, 208], [566, 208]], '바라음건데', 0.6992514412411914), ([[563, 207], [695, 207], [695, 247], [563, 247]], '지하가 아난', 0.7966065912673415), ([[1127, 223], [1229, 223], [1229, 263], [1127, 263]], '카즈아키', 0.7654089331626892), ([[579, 251], [683, 251], [683, 289], [579, 289]], '볕이 드는', 0.18564157836663026), ([[1131, 265], [1231, 265], [1231, 305], [1131, 305]], '남께서논', 0.2617262005805969), ([[587, 289], [667, 289], [667, 331], [587, 331]], '곳에서', 0.925935125835546), ([[1127, 307], [1233, 307], [1233, 345], [1127, 345]], '맡기신 건', 0.8334877139189238), ([[1125, 345], [1231, 345], [1231, 387], [1125, 387]], '아이 남의', 0.6003604544869677), ([[117, 391], [221, 391], [221, 433], [117, 433]], '자유롭게', 0.8750839233398438), ([[1137, 385], [1223, 385], [1223, 427], [1137, 427]], '수발 뿐', 0.9984559966004349), ([[133, 435], [209, 435], [209, 471], [133, 471]], '미소홀', 0.47870262268837127), ([[1111, 425], [1223, 425], [1223, 467], [1111, 467]], '이없지만', 0.16059719026088715), ([[105, 473], [231, 473], [231, 515], [105, 515]], '내비치시고', 0.9980215199098639), ([[769, 873], [863, 873], [863, 915], [769, 915]], '아이 님:', 0.7647442894458418), ([[801, 915], [885, 915], [885, 957], [801, 957]], '저와도', 0.8547617171734343), ([[789, 957], [897, 957], [897, 999], [789, 999]], '놀아주지', 0.9958231449127197), ([[1061, 965], [1143, 965], [1143, 1003], [1061, 1003]], '그리고', 0.9999955263428388), ([[757, 999], [929, 999], [929, 1041], [757, 1041]], '않으시켓나요?', 0.4542466490487877), ([[1027, 1005], [1173, 1005], [1173, 1047], [1027, 1047]], '볼 수 없엎던', 0.055229374811382397), ([[1059, 1049], [1143, 1049], [1143, 1091], [1059, 1091]], '모습과', 0.9998693703148833), ([[1047, 1093], [1153, 1093], [1153, 1133], [1047, 1133]], '목소리틀', 0.4761722683906555), ([[1031, 1135], [1169, 1135], [1169, 1177], [1031, 1177]], '제게도 보여', 0.6733980493710325), ([[1047, 1179], [1153, 1179], [1153, 1221], [1047, 1221]], '주석으면', 0.5672599077224731), ([[1055, 1223], [1143, 1223], [1143, 1265], [1055, 1265]], '합니다.', 0.6041817665100098), ([[109, 1593], [247, 1593], [247, 1637], [109, 1637]], '히이라기? !', 0.7477001253884156)]
[([[623, 207], [776, 207], [776, 245], [623, 245]], '네, 세 명이서', 0.8501378421189708), ([[1165, 219], [1295, 219], [1295, 261], [1165, 261]], '히이라기랑', 0.4218167240763745), ([[619, 247], [777, 247], [777, 287], [619, 287]], '줄겨보자고요', 0.9557298808775099), ([[1165, 267], [1295, 267], [1295, 303], [1165, 303]], '마사아키랑', 0.6315917576766971), ([[1189, 305], [1271, 305], [1271, 347], [1189, 347]], '셋이서', 0.9463019966912251), ([[1183, 349], [1277, 349], [1277, 387], [1183, 387]], '놀자고?', 0.9987865686416626), ([[1023, 1271], [1155, 1271], [1155, 1311], [1023, 1311]], '히이라기:  ', 0.5455394661009839), ([[1061, 1313], [1143, 1313], [1143, 1353], [1061, 1353]], '아이의', 0.9992400673549424), ([[1043, 1357], [1163, 1357], [1163, 1397], [1043, 1397]], '속옷은 ?', 0.6534628596883484), ([[181, 1527], [259, 1527], [259, 1563], [181, 1563]], "'라고", 0.8356329392334778), ([[334, 1506], [464, 1506], [464, 1558], [334, 1558]], '답답한 건', 0.9158409689024469), ([[191, 1569], [249, 1569], [249, 1605], [191, 1605]], '아이', 0.9994694124147941), ([[360, 1560], [438, 1560], [438, 1608], [360, 1608]], '싫어!', 0.872695419219725), ([[177, 1611], [261, 1611], [261, 1649], [177, 1649]], '남께서.', 0.9293283224105835), ([[121, 1697], [167, 1697], [167, 1737], [121, 1737]], '그렇', 0.6471286876727957), ([[111, 1735], [167, 1735], [167, 1775], [111, 1775]], '구만 ', 0.6769004814318376)]
[([[909, 145], [963, 145], [963, 181], [909, 181]], '수고', 0.9999545659996133), ([[885, 183], [985, 183], [985, 221], [885, 221]], '하십니다,', 0.4416267063992923), ([[871, 221], [997, 221], [997, 257], [871, 257]], '마사아키 님', 0.617951596029497), ([[107, 293], [195, 293], [195, 329], [107, 329]], '8년만에', 0.9874137043952942), ([[101, 331], [203, 331], [203, 367], [101, 367]], '오는 건데', 0.993020442271584), ([[695, 341], [865, 341], [865, 379], [695, 379]], '카즈아키 남께서', 0.7063100139722845), ([[65, 368], [238, 368], [238, 404], [65, 404]], '내 방도 그대로고', 0.9945379217653502), ([[687, 379], [877, 379], [877, 415], [687, 415]], '급서하시는 바람에', 0.7193998657470974), ([[71, 405], [227, 405], [227, 443], [71, 443]], '좀 안심이 뒷어.', 0.42167205768951105), ([[717, 417], [845, 417], [845, 453], [717, 453]], '가장을 잇게', 0.3963332109859965), ([[719, 455], [823, 455], [823, 491], [719, 491]], "되시다니 '", 0.47223104621502693), ([[1196, 442], [1220, 442], [1220, 484], [1196, 484]], '표', 0.05780926355129257), ([[1200, 526], [1224, 526], [1224, 572], [1200, 572]], '#', 0.9561054515817347), ([[841, 572], [1028, 572], [1028, 671], [841, 671]], "'판다지!!", 0.4649297298056169), ([[1133, 733], [1229, 733], [1229, 769], [1133, 769]], '마사아키', 0.9063341021537781), ([[1133, 774], [1227, 774], [1227, 806], [1133, 806]], '남께서논', 0.4592725336551666), ([[705, 815], [779, 815], [779, 851], [705, 851]], '아버지', 0.9999481745668178), ([[1081, 807], [1227, 807], [1227, 845], [1081, 845]], '카즈아키 남울', 0.5366556831295426), ([[721, 853], [765, 853], [765, 889], [721, 889]], '틀?', 0.9997851421274649), ([[1113, 847], [1229, 847], [1229, 883], [1113, 883]], '원망하시진', 0.955515875793538), ([[1098, 885], [1228, 885], [1228, 921], [1098, 921]], '않으시나요?', 0.9563698035747104), ([[724, 1056], [774, 1056], [774, 1088], [724, 1088]], "'하긴", 0.9879142957084346), ([[703, 1093], [799, 1093], [799, 1129], [703, 1129]], '8년 전에', 0.9690465942974795), ([[703, 1131], [775, 1131], [775, 1167], [703, 1167]], '집에서', 0.9367664868498747), ([[700, 1164], [827, 1164], [827, 1204], [700, 1204]], '쫓겨나올 때', 0.46752527614737294), ([[703, 1203], [853, 1203], [853, 1243], [703, 1243]], '앞이 감감해지.', 0.27860750352098845), ([[1138, 1430], [1228, 1430], [1228, 1462], [1138, 1462]], '그래놓고', 0.6366760730743408), ([[135, 1467], [197, 1467], [197, 1505], [135, 1505]], '이게', 0.9765648287570862), ([[1117, 1465], [1229, 1465], [1229, 1501], [1117, 1501]], '유언으로는', 0.7426462058422955), ([[81, 1507], [249, 1507], [249, 1549], [81, 1549]], '무슨 열쇠인지', 0.9661392714598128), ([[1111, 1501], [1227, 1501], [1227, 1537], [1111, 1537]], '내가 가장을', 0.9015527543461281), ([[127, 1549], [203, 1549], [203, 1591], [127, 1591]], '알아?', 0.9997543657776268), ([[691, 1547], [815, 1547], [815, 1583], [691, 1583]], '그러고 보니', 0.994865147880533), ([[1017, 1537], [1131, 1537], [1131, 1573], [1017, 1573]], '감정이라곧', 0.6896842003311802), ([[1160, 1538], [1226, 1538], [1226, 1570], [1160, 1570]], '잇도록', 0.9970007743439693), ([[691, 1585], [791, 1585], [791, 1621], [691, 1621]], '히이라기', 0.8556774258613586), ([[1040, 1576], [1110, 1576], [1110, 1608], [1040, 1608]], '의문과', 0.9999065355352658), ([[1131, 1571], [1227, 1571], [1227, 1607], [1131, 1607]], '해주석지.', 0.3757699043366176), ([[1030, 1612], [1120, 1612], [1120, 1644], [1030, 1644]], '의심밖에', 0.6750594973564148), ([[1034, 1648], [1112, 1648], [1112, 1680], [1034, 1680]], '안 드네.', 0.3947656199653116), ([[606.9264062639025, 599.1805157042443], [852.7713195304357, 579.7105127305896], [853.0735937360975, 679.8194842957557], [607.2286804695643, 700.2894872694104]], '세습관능', 0.9947248697280884), ([[286.06630297667976, 633.1712966694067], [475.46684454911855, 616.3983168348411], [477.93369702332024, 710.8287033305933], [287.53315545088145, 727.6016831651589]], '로로와', 0.23733026951255892), ([[472.3351388442811, 629.1751525681213], [606.8599434057004, 619.8840339565797], [607.6648611557189, 691.8248474318787], [473.14005659429966, 700.1159660434203]], '최신작', 0.9925284044465872), ([[38.027212152335714, 654.1632729140143], [287.8264141092318, 635.8242143074286], [287.9727878476643, 737.8367270859857], [38.17358589076819, 755.1757856925714]], '시라사가', 0.9983081221580505)]
[([[520, 116], [598, 116], [598, 200], [520, 200]], '[', 0.6983245152990811), ([[534, 190], [582, 190], [582, 252], [534, 252]], '경', 0.8525574576927433), ([[1143, 537], [1203, 537], [1203, 635], [1143, 635]], '댐', 0.16040406910642346), ([[123, 1261], [167, 1261], [167, 1319], [123, 1319]], '일', 0.19835105547381104)]
[([[664, 382], [696, 382], [696, 428], [664, 428]], '준;', 0.07554327511253216), ([[805, 413], [825, 413], [825, 449], [805, 449]], '응', 0.9907005084833145), ([[1269, 985], [1291, 985], [1291, 1005], [1269, 1005]], '0', 0.9970834094866063), ([[733, 987], [837, 987], [837, 1025], [733, 1025]], '마사아키', 0.9369753003120422), ([[808, 1030], [836, 1030], [836, 1062], [808, 1062]], '0', 0.9959301718527094), ([[1257, 1005], [1295, 1005], [1295, 1103], [1257, 1103]], '휴', 0.05549607462375783), ([[159, 1075], [215, 1075], [215, 1111], [159, 1111]], '히이', 0.9612208788256023), ([[749, 1071], [817, 1071], [817, 1109], [749, 1109]], '꼬추 .', 0.4927212094385249), ([[157, 1117], [217, 1117], [217, 1153], [157, 1153]], '라기:', 0.986585221851852), ([[157, 1157], [239, 1157], [239, 1197], [157, 1197]], '기슴0', 0.8756498644871572), ([[173, 1441], [315, 1441], [315, 1485], [173, 1485]], '주라   0', 0.7818853118317021), ([[958, 1796], [986, 1796], [986, 1826], [958, 1826]], '"', 0.9313453969767238), ([[491.3204595160192, 725.0779759188824], [518.4853250811994, 716.0395170046834], [536.6795404839809, 773.9220240811176], [508.51467491880055, 782.9604829953166]], '@', 0.057625914054448835), ([[259.29631608012323, 1641.0225308499223], [342.23235240408917, 1623.2288996502698], [380.70368391987677, 1818.9774691500777], [297.76764759591083, 1837.7711003497302]], '품', 0.7939116481343831), ([[888.7253751787239, 1740.1170259651087], [935.6764311217491, 1716.0327594459836], [979.2746248212761, 1807.8829740348913], [932.3235688782509, 1832.9672405540164]], '#', 0.9756794877199049)]
[([[961, 169], [1045, 169], [1045, 255], [961, 255]], '탓', 0.06272609080174707), ([[360, 222], [482, 222], [482, 320], [360, 320]], '%', 0.7866916443585161), ([[868.1385883402016, 840.0413187380975], [936.3954355042144, 825.3246389847368], [962.8614116597984, 961.9586812619025], [894.6045644957856, 976.6753610152632]], ';', 0.046080778875889905)]
[([[891.101374366102, 30.036767266444564], [1008.8396107114571, 88.12841253902899], [965.898625633898, 173.96323273355543], [848.1603892885429, 115.87158746097101]], '가', 0.1744036294053899)]
[([[166.61376496399478, 1313.2619423379765], [278.71883799721, 1285.2903951888018], [295.38623503600525, 1379.7380576620235], [184.28116200278996, 1407.7096048111982]], '()', 0.3327434455189161)]
[([[297, 477], [401, 477], [401, 519], [297, 519]], '그리하여', 0.9999861717224121), ([[307, 519], [391, 519], [391, 563], [307, 563]], '이우고', 0.15234507606930828), ([[289, 560], [404, 560], [404, 608], [289, 608]], '깨닫심다.', 0.2956809554714513), ([[201, 637], [283, 637], [283, 679], [201, 679]], '새장올', 0.8213348416703914), ([[187, 681], [297, 681], [297, 723], [187, 723]], '여느 것이', 0.4851901579234717), ([[199, 722], [285, 722], [285, 767], [199, 767]], '얼마나', 0.9995465224567059), ([[189, 767], [295, 767], [295, 811], [189, 811]], '어리석은', 0.9993175864219666), ([[185, 811], [293, 811], [293, 853], [185, 853]], '짓인가을.', 0.33349976675750265), ([[677, 805], [761, 805], [761, 845], [677, 845]], "''아이?", 0.725055798573553), ([[531, 1423], [671, 1423], [671, 1471], [531, 1471]], '잃어버리지', 0.9992055604081796), ([[541, 1473], [663, 1473], [663, 1517], [541, 1517]], '않기 위해', 0.8736880584584904), ([[557, 1519], [645, 1519], [645, 1563], [557, 1563]], '잠구어', 0.9997762516032873), ([[526, 1564], [676, 1564], [676, 1612], [526, 1612]], '두즉 것임올', 0.420542900432719), ([[542, 1800], [812, 1800], [812, 1850], [542, 1850]], '새장 속 사랑-끝', 0.36557537032087445)]
[([[825, 236], [1241, 236], [1241, 478], [825, 478]], '후기', 0.9995803274801073), ([[449, 687], [1249, 687], [1249, 808], [449, 808]], '역자 김치마요네즈무침', 0.8710081725461235), ([[281, 829], [1172, 829], [1172, 913], [281, 913]], '나 무슨 중간에 폐이지 유실된줄 알앉어', 0.27147518200461046), ([[450, 1548], [767, 1548], [767, 1665], [450, 1665]], '식자 호러', 0.5939457099604157), ([[279, 1697], [507, 1697], [507, 1774], [279, 1774]], '이게 뭐고', 0.9194308528536439), ([[551, 2409], [1368, 2409], [1368, 2493], [551, 2493]], '같이 활동할 역식자 모집 중입니다', 0.6123056731651528), ([[553, 2482], [1587, 2482], [1587, 2567], [553, 2567]], '관심이 있으신 분께서는 @+즌미물_얼3.-+*어1로', 0.0005184332958110649), ([[551, 2555], [999, 2555], [999, 2643], [551, 2643]], '연락 부탁드럽니다:', 0.44549028042123723), ([[235.91861386491487, 95.01772287990343], [736.4350622188944, 189.95824401340874], [670.0813861350852, 465.98227712009657], [169.56493778110564, 371.0417559865912]], "'새", 0.8016888911880791)]
[([[909, 47], [1243, 47], [1243, 91], [909, 91]], '틈춧하벽다주주 4 ]중:]', 0.011379975957979498), ([[911, 117], [1304, 117], [1304, 213], [911, 213]], '시리사기 로로왜', 0.16656751064135736), ([[1059, 194], [1300, 194], [1300, 247], [1059, 247]], '꾸묘올어너꼴', 0.00015339659774813545), ([[221, 59], [619, 59], [619, 877], [221, 877]], '뱀', 0.02491728024779949), ([[1143.914249429668, 434.0740208365765], [1273.5217998697353, 453.2755685511195], [1260.085750570332, 522.9259791634236], [1131.4782001302647, 504.7244314488805]], '즐기면', 0.9852725983764724), ([[1081.0370214010773, 504.0665540877557], [1253.8333094212876, 526.4814867952695], [1241.9629785989227, 589.9334459122442], [1069.1666905787124, 567.5185132047305]], '그만이야:', 0.9890301120718815), ([[259.8719580218869, 720.0579928123029], [344.61012135189907, 713.5381535408269], [351.1280419781131, 838.9420071876971], [266.38987864810093, 845.4618464591731]], '표', 0.41074732942162484)]
[([[965, 115], [1063, 115], [1063, 151], [965, 151]], '아버지의', 0.9996899962425232), ([[967, 153], [1063, 153], [1063, 191], [967, 191]], '필적으로', 0.9843932390213013), ([[934, 190], [1095, 190], [1095, 233], [934, 233]], '"부탁하마 라고', 0.8884854564676089), ([[947, 233], [1083, 233], [1083, 269], [947, 269]], '딱 한 문장이', 0.9655683315536421), ([[937, 269], [1087, 269], [1087, 309], [937, 309]], '남겨저있없어.', 0.6553857157121452), ([[107, 317], [217, 317], [217, 357], [107, 357]], '그건 !', 0.7804959416389465), ([[787, 771], [887, 771], [887, 809], [787, 809]], '마사아키', 0.9390209913253784), ([[535, 813], [633, 813], [633, 849], [535, 849]], '그럼에도', 0.9085229635238647), ([[796, 812], [824, 812], [824, 844], [796, 844]], '남', 0.3418213839620563), ([[547, 851], [623, 851], [623, 889], [547, 889]], '보시켓', 0.9789808568857419), ([[765, 851], [909, 851], [909, 887], [765, 887]], '안내해드리고', 0.999883635708457), ([[529, 891], [641, 891], [641, 929], [529, 929]], '습니까 :?', 0.18410483283149678), ([[783, 887], [891, 887], [891, 927], [783, 927]], '싶은 긋이', 0.7700879838450405), ([[773, 927], [899, 927], [899, 965], [773, 965]], '잇사올니다.', 0.30454402742517744), ([[753, 1135], [903, 1135], [903, 1175], [753, 1175]], '그러나 그것은', 0.9672420261858419), ([[751, 1175], [905, 1175], [905, 1215], [751, 1215]], '보지 않아도 월', 0.5591990155085127), ([[775, 1215], [879, 1215], [879, 1253], [775, 1253]], '사실이자', 0.9698212146759033), ([[753, 1253], [903, 1253], [903, 1293], [753, 1293]], '허무한 실망올', 0.6817334588571342), ([[789, 1295], [865, 1295], [865, 1331], [789, 1331]], '가져올', 0.9996190604944498), ([[775, 1333], [879, 1333], [879, 1371], [775, 1371]], '것입니다.', 0.8394605322866555), ([[145, 1645], [201, 1645], [201, 1681], [145, 1681]], '안내', 0.9998897456245891), ([[117, 1687], [173, 1687], [173, 1723], [117, 1723]], '해쥐', 0.938455777094195)]
[([[1243, 0], [1311, 0], [1311, 67], [1243, 67]], '시)', 0.03914886081829349), ([[795, 91], [909, 91], [909, 131], [795, 131]], '오랜 기간', 0.9579443453247969), ([[827, 133], [909, 133], [909, 173], [827, 173]], '살면서', 0.9564663226740076), ([[827, 177], [907, 177], [907, 213], [827, 213]], '지하로', 0.9998008904397986), ([[773, 219], [909, 219], [909, 257], [773, 257]], '내려가는 건', 0.571121422663283), ([[747, 257], [855, 257], [855, 299], [747, 299]], '처음이군:', 0.9844816820512561), ([[651, 295], [709, 295], [709, 335], [651, 335]], '몰래', 0.998980282905239), ([[615, 337], [749, 337], [749, 377], [615, 377]], '들어가려다', 0.9982007415832269), ([[651, 379], [709, 379], [709, 419], [651, 419]], '아주', 0.9997120648738763), ([[610, 419], [749, 419], [749, 463], [610, 463]], '흔질난 적도', 0.3115486832628936), ([[1190, 378], [1238, 378], [1238, 464], [1190, 464]], '사', 0.16018843473577604), ([[637, 463], [723, 463], [723, 505], [637, 505]], '있없지.', 0.36611029505729675), ([[899, 1085], [1029, 1085], [1029, 1127], [899, 1127]], '하이라기가', 0.5058057446606725), ([[897, 1129], [1037, 1129], [1037, 1169], [897, 1169]], '지하 관리도', 0.9998950240670745), ([[899, 1171], [1029, 1171], [1029, 1211], [899, 1211]], '맡고 있니?', 0.5853266278314199), ([[192, 1456], [226, 1456], [226, 1488], [192, 1488]], '네.', 0.6485849287686378), ([[191, 1497], [249, 1497], [249, 1535], [191, 1535]], '조금:', 0.7092923573440676), ([[189, 1537], [327, 1537], [327, 1577], [189, 1577]], '인연이 있는', 0.40572579886849774), ([[189, 1579], [299, 1579], [299, 1619], [189, 1619]], '곳인지라', 0.9948753118515015), ([[1193.8533371139279, 471.0053847494193], [1213.142494099976, 469.00508260033854], [1230.1466628860721, 610.9946152505806], [1210.857505900024, 612.9949173996615]], "'", 0.5809536524616341)]
[([[1057, 163], [1113, 163], [1113, 199], [1057, 199]], '저논', 0.7537627234690724), ([[1031, 203], [1137, 203], [1137, 243], [1031, 243]], '이곳에서', 0.949118971824646), ([[877, 239], [959, 239], [959, 279], [877, 279]], '혼자서', 0.9132394077666093), ([[1028, 245], [1138, 245], [1138, 285], [1028, 285]], '기다리켓', 0.9712475538253784), ([[879, 283], [935, 283], [935, 321], [879, 321]], '들어', 0.9997290908070059), ([[1039, 287], [1127, 287], [1127, 327], [1039, 327]], '습니다.', 0.5314337611198425), ([[877, 325], [1003, 325], [1003, 363], [877, 363]], '가시지요: .', 0.7873942493345735), ([[780, 930], [920, 930], [920, 978], [780, 978]], '하암~~', 0.9276857376098633), ([[792, 982], [946, 982], [946, 1036], [792, 1036]], '히이라기?', 0.8712086933511027), ([[796, 1040], [946, 1040], [946, 1092], [796, 1092]], '밥 방금 다', 0.9884347881504558), ([[782, 1094], [960, 1094], [960, 1148], [782, 1148]], '먹어는데--?', 0.2318092111709316), ([[521.1821112670282, 893.0479457697398], [573.538049267985, 880.1710612501465], [598.8178887329718, 991.9520542302602], [545.461950732015, 1004.8289387498535]], '출', 0.05484518041721764)]
[([[513, 171], [645, 171], [645, 213], [513, 213]], '히이라기도', 0.7331231084467615), ([[523, 215], [615, 215], [615, 253], [523, 253]], "아니고'", 0.6691307425498962), ([[513, 255], [645, 255], [645, 295], [513, 295]], '카즈아키도', 0.9171412407719999), ([[1153, 241], [1285, 241], [1285, 283], [1153, 283]], '어라:  ?', 0.4680779577017623), ([[519, 299], [639, 299], [639, 337], [519, 337]], '아니네::?', 0.6178213851188853), ([[326, 904], [432, 904], [432, 954], [326, 954]], '알있다!', 0.554755013621559), ([[770, 1244], [814, 1244], [814, 1276], [770, 1276]], '10', 0.5412068732468622), ([[804, 1258], [836, 1258], [836, 1296], [804, 1296]], ')', 0.798410047708277), ([[229, 1361], [317, 1361], [317, 1397], [229, 1397]], '아니: ;', 0.19051233468867357), ([[1196, 1378], [1228, 1378], [1228, 1416], [1196, 1416]], '너', 0.9984063304136868), ([[243, 1401], [307, 1401], [307, 1439], [243, 1439]], '내가', 0.9997420710309017), ([[1131, 1419], [1295, 1419], [1295, 1463], [1131, 1463]], '마사아키구나!', 0.8139763363277359), ([[205, 1442], [343, 1442], [343, 1482], [205, 1482]], '마사아키논', 0.49587530571998645), ([[1129, 1464], [1298, 1464], [1298, 1507], [1129, 1507]], '응! 카즈아키량', 0.3236240491477583), ([[213, 1487], [341, 1487], [341, 1525], [213, 1525]], '맞는데  !!', 0.34955865034951333), ([[229, 1527], [323, 1527], [323, 1567], [229, 1567]], '년 대체', 0.9128358982790433), ([[1139, 1509], [1287, 1509], [1287, 1553], [1139, 1553]], '되게 닮앞네!', 0.7726463005249158), ([[231, 1567], [319, 1567], [319, 1609], [231, 1609]], '어떻께', 0.26702289948622293), ([[194, 1610], [355, 1610], [355, 1653], [194, 1653]], '아버지틀  ?!', 0.30751450917234924), ([[353.3560570951135, 1253.0416396323737], [422.95959462268223, 1301.365633245936], [396.6439429048865, 1339.9583603676263], [327.04040537731777, 1291.634366754064]], '은9', 0.5675152858652719)]
[([[1115, 243], [1207, 243], [1207, 285], [1115, 285]], '하물펴', 0.4246552386483074), ([[1071, 287], [1253, 287], [1253, 331], [1071, 331]], '그 날개는  ?!', 0.4016540487049145), ([[145, 683], [185, 683], [185, 761], [145, 761]], '준', 0.20611688953400265), ([[858, 1068], [882, 1068], [882, 1120], [858, 1120]], '틀', 0.9756001253273929), ([[982.7320246740521, 397.4516320762678], [1022.8373181780495, 361.0502591221897], [1074.2679753259479, 421.5483679237322], [1034.1626818219506, 457.9497408778103]], '중', 0.012997945134938016), ([[671.2907226612894, 899.0420703548303], [716.6329160228978, 892.2264754904683], [730.7092773387106, 994.9579296451697], [685.3670839771022, 1002.7735245095317]], '푹', 0.629039849312111), ([[1077.3883137659961, 1546.0267769323555], [1126.4883179558506, 1531.0170532313361], [1165.6116862340039, 1673.9732230676445], [1115.5116820441494, 1687.9829467686639]], '"', 0.006853996952591368)]
[([[1181, 221], [1273, 221], [1273, 259], [1181, 259]], '으헤헤~', 0.7550936937332153), ([[1181, 259], [1271, 259], [1271, 301], [1181, 301]], '이리와', 0.9994596016193098), ([[1171, 303], [1279, 303], [1279, 343], [1171, 343]], '이리와-', 0.9193731637206203), ([[263, 767], [353, 767], [353, 805], [263, 805]], '그렇네:.', 0.9134922601773158), ([[153, 791], [209, 791], [209, 829], [153, 829]], '그럼', 0.9999114927653648), ([[263, 807], [395, 807], [395, 847], [263, 847]], '카즈아키는', 0.720592634457673), ([[151, 829], [257, 829], [257, 871], [151, 871]], '이제부런', 0.46350550651550293), ([[301, 849], [359, 849], [359, 889], [301, 889]], '이미', 0.999928098233573), ([[1144, 855], [1276, 855], [1276, 893], [1144, 893]], '뭐야 이게 ', 0.42976362315314576), ([[151, 873], [211, 873], [211, 913], [151, 913]], '마사', 0.9999807810911719), ([[273, 891], [387, 891], [387, 933], [273, 933]], '떠켓네.', 0.914355993270874), ([[1177, 897], [1259, 897], [1259, 935], [1177, 935]], '머리가', 0.7908214814450695), ([[151, 915], [235, 915], [235, 953], [151, 953]], '아키가', 0.9861978265690249), ([[1159, 939], [1275, 939], [1275, 979], [1159, 979]], '명해저: .!', 0.19094282377074295), ([[151, 957], [265, 957], [265, 997], [151, 997]], '열심히 할', 0.8682323597457684), ([[152, 1001], [244, 1001], [244, 1037], [152, 1037]], '차례네!', 0.9373615384101868), ([[1205, 1211], [1305, 1211], [1305, 1253], [1205, 1253]], '힘들지?', 0.8374610159067783), ([[1193, 1255], [1317, 1255], [1317, 1297], [1193, 1297]], '불안하지?', 0.9999881647244039), ([[1049, 1293], [1183, 1293], [1183, 1333], [1049, 1333]], '마사아키의', 0.8912698498025646), ([[1061, 1335], [1171, 1335], [1171, 1379], [1061, 1379]], '미음속이', 0.9948112964630127), ([[1049, 1377], [1183, 1377], [1183, 1421], [1049, 1421]], '뒤죽박주한', 0.16038610408083365), ([[1060, 1419], [1171, 1419], [1171, 1464], [1060, 1464]], '기분으로', 0.9951652884483337), ([[1053, 1465], [1179, 1465], [1179, 1507], [1053, 1507]], '가득하지?', 0.9999083028379551), ([[249, 1517], [339, 1517], [339, 1559], [249, 1559]], '그치만', 0.9999356484204993), ([[249, 1563], [339, 1563], [339, 1605], [249, 1605]], '아이랑', 0.9706094554695976), ([[239, 1609], [347, 1609], [347, 1651], [239, 1651]], '놀면 돼!', 0.8119249161127379), ([[718.1218571837177, 510.0429432739202], [875.8334153282312, 552.2764067652232], [852.8781428162823, 629.9570567260798], [694.1665846717688, 587.7235932347768]], '"', 0.024266726712781406)]
