2148188
27
[([[156, 380], [382, 380], [382, 596], [156, 596]], '0', 0.4389621984905858), ([[303, 577], [621, 577], [621, 879], [303, 879]], '쇼', 0.15177012386482502), ([[302, 1117], [1266, 1117], [1266, 1437], [302, 1437]], ']여자', 0.12318334728479385), ([[536.0682205507065, 612.0915288113042], [1041.4858199480998, 471.39963904565633], [1114.9317794492936, 865.9084711886958], [609.5141800519002, 1007.6003609543436]], '간부', 0.10334461079687669)]
[([[1158, 140], [1242, 140], [1242, 196], [1158, 196]], '이런', 0.9992489415014914), ([[1124, 192], [1278, 192], [1278, 248], [1124, 248]], '괴물에게', 0.9829950332641602), ([[1141, 242], [1260, 242], [1260, 303], [1141, 303]], '연이어', 0.9182206082948204), ([[1152, 294], [1250, 294], [1250, 348], [1152, 348]], '두 번', 0.98104327917099), ([[1119, 342], [1247, 342], [1247, 406], [1119, 406]], '찍이나', 0.9544736336359734), ([[623, 1227], [721, 1227], [721, 1289], [623, 1289]], '올78', 0.07298802755998984)]
[([[159, 1599], [365, 1599], [365, 1783], [159, 1783]], '', 0.0)]
[([[1080, 206], [1291, 206], [1291, 269], [1080, 269]], '까불지 마라', 0.5792347513792448), ([[1118, 260], [1258, 260], [1258, 323], [1118, 323]], '괴물야', 0.1984352259489749), ([[1228, 1586], [1306, 1586], [1306, 1658], [1228, 1658]], '9', 0.9561021878033813)]
[([[370, 738], [398, 738], [398, 768], [370, 768]], '5', 0.33134901539688144), ([[960, 788], [1000, 788], [1000, 820], [960, 820]], '박', 0.0461057452855238), ([[338, 1250], [1008, 1250], [1008, 1322], [338, 1322]], '짚깐:  잠깐참깐되껍 @렇게 연속@로`', 0.0015978411724722641), ([[848.2850141485749, 801.971008489145], [953.9103146523489, 789.4078024577718], [955.7149858514251, 810.028991510855], [850.0896853476511, 821.5921975422282]], '~- -', 0.04585723689844255)]
[([[375, 740], [983, 740], [983, 803], [375, 803]], '@ 떼석에 @ 떠여대릇 사감이 들어', 0.015697396443440943), ([[257, 1275], [1099, 1275], [1099, 1340], [257, 1340]], '이 뽑아먹올 것 같으면서도 춤추는 듯한 허리돌림에 ', 0.4047585075380068), ([[343, 1727], [753, 1727], [753, 1787], [343, 1787]], '귀교와 요로록 흙는 질벽-', 0.1290950314602563), ([[787, 1727], [1007, 1727], [1007, 1787], [787, 1787]], '이러면 금방!', 0.8264240766873749), ([[425.84361183074446, 101.04184326427372], [517.5835530935971, 33.01064523544013], [673.1563881692555, 270.9581567357263], [580.4164469064029, 338.9893547645599]], '샌', 0.011210025290843417), ([[872.7440701699633, 540.1393263059339], [969.875126811732, 450.0225398523988], [1083.2559298300368, 587.8606736940661], [986.124873188268, 677.9774601476013]], '즉', 0.3916738507910509)]
[([[989, 123], [1147, 123], [1147, 187], [989, 187]], '소소_', 0.0029001704700775816), ([[598, 588], [722, 588], [722, 642], [598, 642]], '진장생', 0.05477024937411096), ([[367, 1086], [983, 1086], [983, 1150], [367, 1150]], "'이) 뜻예세 노락-칼 -가 아 라괴!", 0.005655163498276274), ([[274, 1400], [310, 1400], [310, 1430], [274, 1430]], '7', 0.999906780508141), ([[999, 1699], [1077, 1699], [1077, 1735], [999, 1735]], '7 "', 0.736621618270874), ([[367, 1711], [995, 1711], [995, 1777], [367, 1777]], '나; ^ @내블어어 떼회륙 %으레 가이천형', 0.001485991652299874)]
[]
[([[551, 651], [595, 651], [595, 695], [551, 695]], '메', 0.9916640920780004), ([[611, 651], [649, 651], [649, 699], [611, 699]], '메', 0.9397396892831154), ([[1164, 1684], [1242, 1684], [1242, 1766], [1164, 1766]], '박', 0.0043384596375034), ([[238.01005050633884, 1057.0703535443718], [330.5457702249917, 1078.5194975989505], [314.9899494936612, 1140.9296464556282], [222.45422977500832, 1119.4805024010495]], '자록', 0.0002892711484117108), ([[926.9402000161706, 1551.0295802894539], [1179.1462185994135, 1613.3684149174235], [1135.0597999838294, 1767.9704197105461], [881.8537814005865, 1705.6315850825765]], '사사', 0.027504650340968093)]
[([[447, 729], [507, 729], [507, 809], [447, 809]], '', 0.0), ([[66, 872], [166, 872], [166, 988], [66, 988]], '(', 0.9964896307012658), ([[534, 1031], [657, 1031], [657, 1075], [534, 1075]], "고거'", 0.0065746201269090655), ([[506, 1146], [706, 1146], [706, 1198], [506, 1198]], '피학하오너', 0.09569269732321017), ([[270, 1590], [418, 1590], [418, 1736], [270, 1736]], '묻', 0.005156993859433356), ([[528, 1720], [789, 1720], [789, 1784], [528, 1784]], '(사랑해요제임', 0.1158230409042049)]
[([[1101, 215], [1165, 215], [1165, 303], [1101, 303]], '@', 0.20431975385135104), ([[575, 331], [767, 331], [767, 391], [575, 391]], '닭 기만~', 0.006450691927786786), ([[921, 731], [1077, 731], [1077, 917], [921, 917]], '(', 0.9996856698082048), ([[582, 884], [710, 884], [710, 936], [582, 936]], '보지 마', 0.5665934681892395), ([[499, 1727], [847, 1727], [847, 1789], [499, 1789]], '보제-밑아 쥐어어예빵', 0.13806572716271467), ([[166.6287229393146, 1345.005302876011], [256.70987677022515, 1328.0193962015978], [324.37127706068543, 1720.994697123989], [234.29012322977488, 1737.9806037984022]], '{', 0.2621130809898773), ([[265.5815944344623, 1699.0293204846826], [290.3546386693553, 1693.0210351774151], [310.4184055655377, 1775.9706795153174], [285.6453613306447, 1782.9789648225849]], '{', 0.3656035214905984)]
[]
[([[367, 679], [949, 679], [949, 745], [367, 745]], '@외 설마!? 하지 미 [늄-@ 이장', 0.020658264556005366), ([[433, 737], [881, 737], [881, 803], [433, 803]], '괴물 몸둥이로 가민 싶짓히어', 0.0169357531112869), ([[480, 1244], [873, 1244], [873, 1312], [480, 1312]], ':@@아아}이;)@}아}아갑@입!.!', 9.486311377607411e-06), ([[419.0809341963778, 1149.0301997849429], [545.8488484729542, 1224.9483187447474], [482.9190658036222, 1328.9698002150571], [356.1511515270458, 1253.0516812552526]], '@컷', 0.004822196387627826), ([[943.8729288648519, 1620.053045967431], [1131.263232584268, 1646.8600009960528], [1112.127071135148, 1749.946954032569], [923.736767415732, 1723.1399990039472]], '7', 0.10212199756577522)]
[([[1042, 157], [1215, 157], [1215, 208], [1042, 208]], '마치 목숨올', 0.8816559899093631), ([[1037, 205], [1225, 205], [1225, 249], [1037, 249]], '가지고 놀 듯', 0.9711393185522601), ([[284, 103], [423, 103], [423, 413], [284, 413]], '@', 0.3054793138403653), ([[1016, 242], [1241, 242], [1241, 342], [1016, 342]], '목욕 줄리보선', 0.01025708994668588), ([[131, 255], [243, 255], [243, 413], [131, 413]], '새', 0.15989757270291705), ([[1012, 334], [1248, 334], [1248, 382], [1012, 382]], '대검으로 반복해', 0.9914670889351949), ([[1014, 378], [1248, 378], [1248, 426], [1014, 426]], '위협당하다 보니', 0.9977068863129399), ([[147, 407], [215, 407], [215, 487], [147, 487]], "'8", 0.3948797443684861), ([[1098, 750], [1208, 750], [1208, 806], [1098, 806]], '생명의', 0.509194146171613), ([[1005, 792], [1265, 792], [1265, 858], [1005, 858]], '> 위기틀 프끼고', 0.11143280495885595), ([[1066, 844], [1240, 844], [1240, 898], [1066, 898]], '종종보중의', 0.21878661817808737), ([[1003, 885], [1287, 885], [1287, 948], [1003, 948]], '봄능이 발동해문지', 0.0568678253111436), ([[1060, 936], [1248, 936], [1248, 990], [1060, 990]], '괴물의 안예', 0.2542274954391211), ([[1076, 984], [1234, 984], [1234, 1038], [1076, 1038]], '몇센이교', 0.15927065908908844), ([[1074, 1028], [1232, 1028], [1232, 1084], [1074, 1084]], '몇 테이곡', 0.027502480076444555), ([[1038, 1074], [1260, 1074], [1260, 1130], [1038, 1130]], '정울 쏟아있다.', 0.25908464025525535), ([[1010, 1438], [1215, 1438], [1215, 1493], [1010, 1493]], '괴물도 그것올', 0.5076954433617432), ([[978, 1484], [1242, 1484], [1242, 1533], [978, 1533]], '이해하는 모양으로', 0.8317720311535124), ([[1009, 1531], [1213, 1531], [1213, 1575], [1009, 1575]], '그저 한결같이', 0.8763906059311017), ([[994, 1574], [1227, 1574], [1227, 1622], [994, 1622]], '교성올 내탤으미', 0.17482897714566353), ([[984, 1612], [1234, 1612], [1234, 1667], [984, 1667]], '착정올 계속하다 .', 0.3910944046895716), ([[739, 1619], [1140, 1619], [1140, 1784], [739, 1784]], '걱5(커', 0.00010127159475814551)]
[([[1067, 169], [1221, 169], [1221, 219], [1067, 219]], '내가 가장', 0.9995044451220427), ([[1072, 218], [1218, 218], [1218, 272], [1072, 272]], '사랑하눈', 0.6459301710128784), ([[1088, 266], [1198, 266], [1198, 316], [1088, 316]], '사람의', 0.9857822185486923), ([[1047, 315], [1233, 315], [1233, 365], [1047, 365]], '눈앞에서: .', 0.9572230882025681)]
[([[517, 1539], [821, 1539], [821, 1608], [517, 1608]], '사랑해요 제임스', 0.45973720653009337), ([[251.15350102802535, 877.1219034952862], [324.93860475590293, 889.3961771049514], [318.84649897197465, 916.8780965047138], [246.0613952440971, 905.6038228950486]], '77"', 0.13151735262216047)]
[([[140, 168], [214, 168], [214, 216], [140, 216]], '후기', 0.999496382311726), ([[139, 260], [616, 260], [616, 316], [139, 316]], '읽으시느라 수고 많으석습니다.', 0.3246737718687611), ([[138, 354], [1056, 354], [1056, 408], [138, 408]], '이번 작품의 연출 면에서는 시네망가 스타일이라고나 활까요', 0.5956263772369876), ([[140, 402], [1048, 402], [1048, 456], [140, 456]], '영화름 의식한 컷 배분올 연출해 보앗습니다 . 사필 세계관을', 0.1787083884245535), ([[140, 448], [870, 448], [870, 504], [140, 504]], '무너뜨리지 암고 표현되없길 바라는 마음입니다.', 0.6117828214921528), ([[140, 541], [906, 541], [906, 596], [140, 596]], '스토리 본편에서는 <메리의 추체험> 이 테마입니다.', 0.6233802226988899), ([[138, 589], [1114, 589], [1114, 646], [138, 646]], '제임스가 침대에 구속옷 모습은 병상에 누운 메리이미 . 삼각두는', 0.3342926274761864), ([[140, 636], [556, 636], [556, 690], [140, 690]], '<병마>틀 비유한 젓입니다.', 0.4825962719860611), ([[136, 727], [1153, 727], [1153, 788], [136, 788]], '구속당한 제임스가 삼각두에게 농락당하는 젓은 병마에 필사적으로', 0.6041378789257252), ([[139, 775], [1187, 775], [1187, 836], [139, 836]], '저항하지만 덧없이 몸올 좀먹혀 가능 메리의 심정올 은유한 젓입니다.', 0.3416743344940858), ([[140, 872], [1206, 872], [1206, 924], [140, 924]], '또 삼각두(병마) 에제 침식당하는 와중 메리가 출현한 젓은 병상에 누위', 0.4174652233882693), ([[140, 916], [1058, 916], [1058, 973], [140, 973]], '병문안을 오는 가장 사랑하는 사람(제임스)올 빗딩 젓입니다.', 0.2972491663185326), ([[137, 1007], [989, 1007], [989, 1068], [137, 1068]], '상기한 것 이외에도 여러가지 떡밥울 집어넣어 농앗지만', 0.5960048553187296), ([[140, 1058], [893, 1058], [893, 1112], [140, 1112]], '전부 이야기해 버리는 것도 싱표지 않나 싶습니다', 0.46835022071404175), ([[138, 1104], [1220, 1104], [1220, 1160], [138, 1160]], '고찰을 좋아하시는 분은 시간을 내 자세히 살펴보 주시면 기쁘켓습니다.', 0.32887283163382325), ([[138, 1199], [1042, 1199], [1042, 1254], [138, 1254]], '이번에 이 작품올 마지막까지 읽어 주서서 정말 감사합니다.', 0.6989005393283692), ([[138, 1248], [572, 1248], [572, 1302], [138, 1302]], '또 만날 수 있다면 좋계네요.', 0.312086101132392), ([[135, 1405], [283, 1405], [283, 1447], [135, 1447]], '+"초)', 0.1764844501537594), ([[299, 1407], [343, 1407], [343, 1445], [299, 1445]], '초', 0.35853653215804115), ([[135, 1525], [245, 1525], [245, 1567], [135, 1567]], '기1거"', 0.14474032819271088), ([[336, 1524], [620, 1524], [620, 1572], [336, 1572]], '[스뉘내규 54]', 0.02017043159166021), ([[644, 1525], [1106, 1525], [1106, 1577], [644, 1577]], '`슬+오:/ /@:덕어.510864{~2.아물/', 6.08691729807956e-05), ([[136, 1567], [309, 1567], [309, 1612], [136, 1612]], '\'>" 상-', 0.15031138153864168), ([[373, 1571], [897, 1571], [897, 1615], [373, 1615]], '익++오:/ /+튼++~, <아항/:+-뒤탁서탁0_,안', 8.680421811109219e-07), ([[337, 1605], [572, 1605], [572, 1654], [337, 1654]], '*[시" 보-', 0.10891655634992875), ([[592, 1609], [742, 1609], [742, 1651], [592, 1651]], '-9*)', 0.04323338717222214), ([[762, 1606], [928, 1606], [928, 1654], [762, 1654]], '초더슷퍼', 0.013122235424816608), ([[136, 1649], [278, 1649], [278, 1691], [136, 1691]], '논) ))"', 0.003055144162278516), ([[337, 1651], [768, 1651], [768, 1700], [337, 1700]], '^++명::/ /명제머 검입/:+^>미.탁어', 1.5918234755023156e-06), ([[339, 1691], [535, 1691], [535, 1733], [339, 1733]], '*[느잇)기"', 0.004191117278858058), ([[559, 1691], [703, 1691], [703, 1733], [559, 1733]], '+9*)', 0.11313670873641968), ([[730, 1688], [894, 1688], [894, 1736], [730, 1736]], '초디슷퍼', 0.007726490497589111)]
[([[367, 247], [1009, 247], [1009, 309], [367, 309]], '드01즐.+) { 0 270/.4 5 <"', 0.00025714810355986165), ([[484, 296], [888, 296], [888, 352], [484, 352]], '요속쫓 1중 한히 니', 0.0003310348468335795), ([[286, 538], [450, 538], [450, 586], [286, 586]], '리교라120', 0.001993709910509092), ([[484, 536], [578, 536], [578, 590], [484, 590]], '#처', 0.05611915083335777), ([[608, 538], [806, 538], [806, 586], [608, 586]], '8096558', 0.9821467314378309), ([[834, 537], [965, 537], [965, 597], [834, 597]], '명고,;7', 0.0014450832376755262), ([[990, 538], [1088, 538], [1088, 590], [990, 590]], '터쪽', 0.009910311951070196), ([[260, 634], [430, 634], [430, 684], [260, 684]], '한33, * 5', 0.02135472143100085), ([[467, 635], [563, 635], [563, 679], [467, 679]], '1 *', 0.019216121654205148), ([[582, 634], [672, 634], [672, 682], [582, 682]], '03', 0.06937119982912592), ([[711, 635], [827, 635], [827, 679], [711, 679]], '((-,', 0.0016931570135056973), ([[860, 634], [1114, 634], [1114, 682], [860, 682]], '교맥어202012', 0.09828538209713084), ([[224, 728], [438, 728], [438, 778], [224, 778]], "'자단소", 0.13140717148780823), ([[602, 730], [658, 730], [658, 780], [602, 780]], '*', 0.29688028475058914), ([[686, 728], [866, 728], [866, 782], [686, 782]], '#베낚서', 0.002606030786409974), ([[898, 730], [1152, 730], [1152, 778], [898, 778]], '교라어202012', 0.11117672669069728), ([[322, 824], [494, 824], [494, 876], [322, 876]], ' 4 개}', 0.11584469621970081), ([[528, 824], [702, 824], [702, 874], [528, 874]], '향 ( +소', 0.09347735601080291), ([[735, 827], [897, 827], [897, 871], [735, 871]], '라+0,118', 0.008700728496352433), ([[928, 834], [1058, 834], [1058, 882], [928, 882]], ',라용교7', 0.0020789462857465626), ([[346, 919], [723, 919], [723, 981], [346, 981]], ':;-오고드 킬고굽히교어+어', 3.0207176004878406e-06), ([[752, 922], [1062, 922], [1062, 970], [752, 970]], "잦^라어어담'화여852", 0.00015877989141045368), ([[378, 1206], [992, 1206], [992, 1262], [378, 1262]], '폐요{* 하 0 +  9 5 <군0 % 내#', 0.002606906774903132), ([[423, 1531], [947, 1531], [947, 1575], [423, 1575]], '새{0대슬[미+ *#돌사#:어-&', 0.0006572442346138951), ([[240, 1570], [1130, 1570], [1130, 1620], [240, 1620]], '덧속설,+덕|< <눕손 * 센" 5 0 < #굵한615 내<6기 *화@', 0.00014502981355680807), ([[467.1579833204635, 734.2897482934367], [571.0596782007418, 722.775150157769], [573.8420166795365, 776.7102517065633], [469.94032179925813, 787.224849842231]], '명+$', 0.04062296223137849)]
[]
[([[230, 1182], [561, 1182], [561, 1330], [230, 1330]], '서고:^', 0.0027235106099396944), ([[608, 1180], [900, 1180], [900, 1329], [608, 1329]], '고;-.', 0.01538276020437479), ([[937, 1186], [1237, 1186], [1237, 1327], [937, 1327]], '철교.', 0.013752568904790867), ([[559, 1377], [911, 1377], [911, 1511], [559, 1511]], '2017', 0.9999993443489075)]
[([[631, 253], [693, 253], [693, 327], [631, 327]], '삼', 0.9953272221451357), ([[631, 353], [691, 353], [691, 447], [631, 447]], '각', 0.9998539739515913), ([[634, 488], [690, 488], [690, 556], [634, 556]], '두', 0.9999716283903268), ([[636, 606], [688, 606], [688, 680], [636, 680]], '의', 0.9999817610618642), ([[638, 708], [686, 708], [686, 808], [638, 808]], '여', 0.9997623108023532), ([[633, 841], [693, 841], [693, 909], [633, 909]], '자', 0.9998980786545566)]
[([[164, 316], [282, 316], [282, 372], [164, 372]], '머리말', 0.9959476230077605), ([[163, 421], [1155, 421], [1155, 483], [163, 483]], '이렇계 <삼각두의 여자> 틀 구입해 주서서 정말 감사합니다', 0.6139971312494289), ([[163, 527], [1191, 527], [1191, 589], [163, 589]], '이 작품에서논 삼각두의 여체화와  여자가 남자틀 가학적으로', 0.2851740740314448), ([[162, 582], [1161, 582], [1161, 646], [162, 646]], '공세하는 $취향과 피학적인 비취향 양쪽올 작품에 집어넣엇', 0.2994806469453297), ([[164, 640], [290, 640], [290, 696], [164, 696]], '습니다 .', 0.654221492702155), ([[163, 743], [1155, 743], [1155, 806], [163, 806]], '또 본가 사일런트 힘 세계관을 무너뜨리지 않울 시네마@한', 0.17618958984877015), ([[165, 798], [1011, 798], [1011, 860], [165, 860]], '연출이나 호러스러운 스토리틀 구성해 보앗습니다.', 0.4087647859749291), ([[163, 853], [917, 853], [917, 913], [163, 913]], '후기 쪽에 스토리 해설 등도 기재해 농앞으니', 0.4180447516126068), ([[163, 907], [813, 907], [813, 967], [163, 967]], '내키시면 한번 읽어주시면 좋계습니다.', 0.5266410149619928), ([[165, 1015], [1099, 1015], [1099, 1077], [165, 1077]], '인사는 이 정도로 하고, 부디 <삼각두의 여자> 틀 찬찬히', 0.5513970216227717), ([[163, 1069], [539, 1069], [539, 1129], [163, 1129]], '즐겨 주시기 바랍니다.', 0.31411509381881436), ([[152, 1446], [464, 1446], [464, 1499], [152, 1499]], '닷나자^ 볕-. 1교.', 0.0002576212599842024), ([[514, 1446], [700, 1446], [700, 1500], [514, 1500]], '+")*)', 0.08831359879872556), ([[726, 1448], [786, 1448], [786, 1500], [726, 1500]], '초', 0.15866800216896593)]
[([[403, 439], [913, 439], [913, 503], [403, 503]], '떨이6 또 병원 문국} 쾌어@ ', 0.012184879561104927), ([[389, 1176], [918, 1176], [918, 1242], [389, 1242]], '대체 이 마을은 어떻게 되어먹은', 0.6397167754538903)]
[([[989, 1637], [1175, 1637], [1175, 1821], [989, 1821]], '다', 0.031641974402243145), ([[302.3069948509526, 1651.0401557181924], [414.99920697858494, 1698.9024519190475], [392.6930051490474, 1748.9598442818076], [280.00079302141506, 1701.0975480809525]], "'왜 로걸@", 1.814101719128312e-05), ([[131.05576303174936, 1690.0899677650968], [222.8380863619842, 1707.737890514265], [211.94423696825064, 1751.9100322349032], [121.16191363801578, 1734.262109485735]], '차@', 0.017318511786617537)]
[([[357, 443], [967, 443], [967, 509], [357, 509]], '이@6야@취@이이 떼? @죄 명원예 언는헬가}', 5.8678759360977435e-05), ([[421, 1151], [975, 1151], [975, 1214], [421, 1214]], '욕 이뤄} 문습 짓울 할 작정이지8_', 0.020723292469041543), ([[1002.00496280979, 122.04962809790011], [1220.7446682528407, 154.75468473436848], [1202.99503719021, 241.9503719020999], [984.2553317471593, 209.24531526563152]], '>소', 0.39539962416775204)]
[([[247, 1140], [1031, 1140], [1031, 1207], [247, 1207]], '미 망할] 그만뭐 꽤물 여석] 하그렌 뒷울 탕하면', 0.0013779714053210922), ([[1216.9165497497945, 238.07370606428643], [1273.630132373756, 271.52324395276304], [1200.0834502502055, 392.92629393571355], [1143.369867626244, 359.47675604723696]], '{', 0.20858261839120562), ([[1008.0892107341045, 297.1531065514482], [1145.2148810191936, 273.2526729888216], [1156.9107892658953, 382.8468934485518], [1020.7851189808064, 405.7473270111784]], '다', 0.03811490115806415)]
[([[388, 390], [982, 390], [982, 464], [388, 464]], '비로 꿈으- 방금 사정합 촬이라하', 0.007913201444968314), ([[507, 931], [547, 931], [547, 971], [507, 971]], '노', 0.27850667836080234), ([[558, 918], [757, 918], [757, 981], [558, 981]], '농립이지?', 0.047003890140342376), ([[551, 1373], [761, 1373], [761, 1561], [551, 1561]], '=', 0.9197714142312954), ([[1053, 1461], [1322, 1461], [1322, 1644], [1053, 1644]], '29', 0.008586970548475618), ([[559, 1719], [779, 1719], [779, 1781], [559, 1781]], '으려으으', 0.14569808542728424), ([[843.9603398052591, 714.0235096962249], [1272.2853734852333, 787.3112278456898], [1229.039660194741, 980.9764903037751], [800.7146265147666, 907.6887721543102]], '책7', 0.023141849737826584)]
