2157429
62
[([[869, 144], [1097, 144], [1097, 325], [869, 325]], '#섯', 0.01324334281315447), ([[391, 349], [1581, 349], [1581, 855], [391, 855]], '돕밤고', 0.08974069236639462), ([[421, 788], [1607, 788], [1607, 1359], [421, 1359]], '번영해', 0.7868686491900633), ([[1850, 1078], [2026, 1078], [2026, 1463], [1850, 1463]], '다', 0.0447944794855184), ([[256, 1291], [1971, 1291], [1971, 1789], [256, 1789]], '드립내다 ;', 0.43924369190365337), ([[213, 1914], [1816, 1914], [1816, 2066], [213, 2066]], '텔레그램 검색 : @하-컵{9*/123', 0.008509659964720286), ([[339, 2049], [1683, 2049], [1683, 2199], [339, 2199]], '굉크 : + 굽서/하-응카9롬;*1123', 0.0004266238409053285), ([[245, 2308], [1794, 2308], [1794, 2509], [245, 2509]], '현재 완료 작품수 :1088', 0.9262876086731957)]
[([[63, 111], [159, 111], [159, 173], [63, 173]], '하아!', 0.3728002150041807), ([[307, 89], [403, 89], [403, 151], [307, 151]], '하아]', 0.8875626609992103), ([[745, 167], [813, 167], [813, 243], [745, 243]], '1사', 0.08792392872654695), ([[185, 313], [281, 313], [281, 373], [185, 373]], '하아!', 0.8174474811665946), ([[757, 737], [915, 737], [915, 827], [757, 827]], '흐음"', 0.5735091349849386), ([[66, 806], [216, 806], [216, 956], [66, 956]], '환장의', 0.874031841384586), ([[755, 809], [923, 809], [923, 899], [755, 899]], '오늘은', 0.9989306657708534), ([[733, 887], [943, 887], [943, 977], [733, 977]], '여기까지', 0.9979562163352966), ([[72, 938], [212, 938], [212, 1010], [72, 1010]], '축제가', 0.9997576004710877), ([[54, 1000], [230, 1000], [230, 1072], [54, 1072]], '기다리고', 0.9904589588966974), ([[755, 963], [921, 963], [921, 1053], [755, 1053]], '해두지', 0.9770906219595485), ([[74, 1062], [212, 1062], [212, 1138], [74, 1138]], '있다고', 0.9989254357832382)]
[([[547, 155], [647, 155], [647, 217], [547, 217]], '끄양', 0.014543238765840216), ([[14, 112], [162, 112], [162, 318], [14, 318]], '평런', 0.005130556263504815), ([[846, 152], [972, 152], [972, 334], [846, 334]], '뼈', 0.7988412908806062), ([[871, 213], [915, 213], [915, 269], [871, 269]], '환', 0.9998590995833325), ([[2, 291], [171, 291], [171, 371], [2, 371]], '(싶없다고', 0.9244220083579348), ([[854, 313], [965, 313], [965, 380], [854, 380]], '타키~', 0.7979027422562065), ([[711, 1095], [831, 1095], [831, 1161], [711, 1161]], '일단운', 0.37610176061546563), ([[309, 1149], [429, 1149], [429, 1217], [309, 1217]], '귀혜혜', 0.06691300182173045), ([[690, 1144], [849, 1144], [849, 1218], [690, 1218]], '마부터다', 0.44648557901382446)]
[([[125, 117], [227, 117], [227, 183], [125, 183]], '꼬옛', 0.01694543488090206), ([[545, 139], [655, 139], [655, 203], [545, 203]], '흐국', 0.05864382686096241), ([[851, 123], [945, 123], [945, 189], [851, 189]], '좋아!', 0.7354050826920676), ([[845, 175], [953, 175], [953, 239], [845, 239]], '범해!!', 0.664465606212616), ([[17, 397], [97, 397], [97, 461], [17, 461]], '범해', 0.9992082368472701), ([[7, 451], [105, 451], [105, 515], [7, 515]], '범해@', 0.5605714739357192), ([[209, 1177], [301, 1177], [301, 1241], [209, 1241]], '@응', 0.18659506981013987), ([[723, 1181], [817, 1181], [817, 1247], [723, 1247]], '흐행', 0.06654598085414387)]
[([[76, 130], [156, 130], [156, 184], [76, 184]], '으1', 0.18921222519538747), ([[69, 179], [157, 179], [157, 243], [69, 243]], '으웃', 0.03768029794777542), ([[815, 169], [853, 169], [853, 225], [815, 225]], '임', 0.9869386112254155), ([[837, 157], [972, 157], [972, 291], [837, 291]], '[신해', 0.22103501603860023), ([[815, 219], [855, 219], [855, 275], [815, 275]], '임', 0.9941366089441459), ([[0, 550], [132, 550], [132, 628], [0, 628]], '임신해', 0.9997158936799334), ([[0, 612], [132, 612], [132, 690], [0, 690]], '임신빵', 0.6808443871332536), ([[90, 1120], [166, 1120], [166, 1176], [90, 1176]], '임신', 0.9994402514535732), ([[815, 1103], [933, 1103], [933, 1169], [815, 1169]], '안쪽에', 0.8544054173361485), ([[54, 1164], [195, 1164], [195, 1237], [54, 1237]], '하라관', 0.14769142136909277), ([[630, 1166], [736, 1166], [736, 1270], [630, 1270]], '다 ', 0.06365914069167537), ([[831, 1159], [915, 1159], [915, 1219], [831, 1219]], '뻔다', 0.27722629119756037)]
[([[485, 71], [585, 71], [585, 133], [485, 133]], '하아!', 0.8157204775032836), ([[833, 71], [931, 71], [931, 133], [833, 133]], '헤혜:', 0.18442659956129467), ([[629, 141], [729, 141], [729, 201], [629, 201]], '하아!', 0.9082034130838028), ([[833, 125], [947, 125], [947, 185], [833, 185]], '앞으로', 0.9975432649552066), ([[847, 177], [931, 177], [931, 237], [847, 237]], '고문', 0.9404511754992568), ([[817, 229], [947, 229], [947, 291], [817, 291]], '후어는"', 0.5065422058105469), ([[0, 634], [114, 634], [114, 698], [0, 698]], '우리가', 0.9988615063627027), ([[0, 685], [111, 685], [111, 751], [0, 751]], '상대해', 0.9995471418487298), ([[13, 741], [95, 741], [95, 801], [13, 801]], '주지', 0.9975749738109139)]
[([[1, 174], [150, 174], [150, 242], [1, 242]], '멸귀환음', 0.08663839101791382), ([[0, 227], [153, 227], [153, 296], [0, 296]], '어럿지 ', 0.014723198488354683), ([[838, 250], [972, 250], [972, 438], [838, 438]], '빨질', 0.003613342016396965), ([[868, 312], [916, 312], [916, 374], [868, 374]], '빨', 0.5866452906325925), ([[107, 1153], [147, 1153], [147, 1205], [107, 1205]], '으', 0.8899198256108356), ([[105, 1090], [192, 1090], [192, 1216], [105, 1216]], '효', 0.012910804278087662), ([[847, 1123], [933, 1123], [933, 1187], [847, 1187]], '으응', 0.1311739118666831), ([[330.6285902710765, 49.00627202386465], [408.5702895454049, 41.11265915185935], [438.3714097289235, 366.99372797613535], [360.4297104545951, 374.88734084814064]], '!', 0.014428333831097151)]
[([[825, 685], [927, 685], [927, 753], [825, 753]], '으1', 0.5012216163702948), ([[804, 750], [948, 750], [948, 826], [804, 826]], '으움빛', 0.021041899817957208), ([[0, 881], [113, 881], [113, 945], [0, 945]], '하하하', 0.996924477948328), ([[5, 935], [103, 935], [103, 997], [5, 997]], "'하차", 0.15258141760872965)]
[([[64, 236], [112, 236], [112, 294], [64, 294]], '햇', 0.9962681842449825), ([[9, 339], [93, 339], [93, 401], [9, 401]], '이건', 0.9808052677095296), ([[8, 282], [174, 282], [174, 410], [8, 410]], '예번결지', 0.0020769783295691013), ([[822, 309], [960, 309], [960, 381], [822, 381]], '어이뤄 ', 0.052313514053821564), ([[0, 391], [183, 391], [183, 459], [0, 459]], '필요하켓어', 0.996821420645648), ([[870, 724], [948, 724], [948, 780], [870, 780]], '흐으', 0.9186823500634432), ([[839, 773], [971, 773], [971, 839], [839, 839]], '꼬으옛', 0.018296838809868342), ([[296.3755418293173, 47.013003903614724], [392.43586238746246, -4.993666128709], [553.6244581706827, 316.98699609638527], [457.56413761253754, 368.993666128709]], '7', 0.09766606638660935), ([[813.514222677865, 997.0131195405024], [880.3978408192891, 977.0087974840677], [944.485777322135, 1199.9868804594976], [877.6021591807109, 1220.9912025159324]], '"', 0.21598197321424095)]
[([[27, 53], [138, 53], [138, 115], [27, 115]], '봉마의', 0.984651265366083), ([[45, 105], [127, 105], [127, 169], [45, 169]], '침은', 0.8524274966759092), ([[830, 100], [956, 100], [956, 152], [830, 152]], '크크크"', 0.9841505885124207), ([[22, 158], [148, 158], [148, 222], [22, 222]], '맛이 또', 0.9935227750241191), ([[19, 209], [153, 209], [153, 273], [19, 273]], '다르지?', 0.985925555229187), ([[83, 651], [183, 651], [183, 713], [83, 713]], '하아]', 0.5395062455809627), ([[787, 743], [887, 743], [887, 805], [787, 805]], '하아!', 0.9053179295292041), ([[195, 827], [293, 827], [293, 891], [195, 891]], '하아]', 0.5745940424455334)]
[([[18, 182], [114, 182], [114, 254], [18, 254]], '끄아', 0.8683118212601576), ([[879, 197], [959, 197], [959, 257], [879, 257]], '이건', 0.9574987948236352), ([[7, 239], [117, 239], [117, 381], [7, 381]], '@약', 0.8855804200267939), ([[97, 325], [111, 325], [111, 359], [97, 359]], '!', 0.5843313339123632), ([[863, 241], [972, 241], [972, 365], [863, 365]], "'엉뚱}", 0.05669080466032028)]
[([[74, 14], [126, 14], [126, 301], [74, 301]], "'", 0.020265788873121915), ([[454, 2], [556, 2], [556, 268], [454, 268]], '물', 0.005009615614754104), ([[9, 141], [62, 141], [62, 416], [9, 416]], '6', 0.002485712822935471), ([[389, 149], [476, 149], [476, 414], [389, 414]], '팀', 0.004147459146987276)]
[([[881, 87], [963, 87], [963, 147], [881, 147]], '자아', 0.8739852008898878), ([[879, 133], [963, 133], [963, 199], [879, 199]], '[자아', 0.4998979915676247), ([[0, 150], [148, 150], [148, 428], [0, 428]], '뷰', 0.012000844835041102), ([[698.4395045439089, 48.014289060615994], [772.4310412336489, 19.00844854195303], [863.5604954560911, 265.985710939384], [790.5689587663511, 295.99155145804696]], ';', 0.024622371497074136)]
[([[29, 95], [121, 95], [121, 155], [29, 155]], '흐약!', 0.406835415498182), ([[838, 34], [966, 34], [966, 164], [838, 164]], '호때철', 0.008622676625767826), ([[849, 45], [887, 45], [887, 103], [849, 103]], '종', 0.9307663534936097), ([[861, 147], [943, 147], [943, 207], [861, 207]], '여기', 0.9999250637257371), ([[841, 199], [961, 199], [961, 261], [841, 261]], '[까지다', 0.8094322085380554), ([[1, 319], [99, 319], [99, 385], [1, 385]], '끄약]', 0.5572070589007028), ([[852, 390], [930, 390], [930, 614], [852, 614]], '"', 0.4496962020134312), ([[53.543457763475374, 402.01490378117313], [103.64464769267614, 392.0297468229391], [136.45654223652463, 568.9850962188268], [86.35535230732386, 578.9702531770608]], '"', 0.9848757234441088)]
[([[201, 131], [297, 131], [297, 195], [201, 195]], '꼬웨', 0.07713087292440053), ([[164, 180], [334, 180], [334, 248], [164, 248]], '필요없다]', 0.8602993006812599), ([[849, 221], [967, 221], [967, 285], [849, 285]], '혜혜해', 0.5002552000308566), ([[887, 279], [931, 279], [931, 331], [887, 331]], '배', 0.9999185817125387), ([[843, 327], [972, 327], [972, 387], [843, 387]], '고프지?', 0.9984809160232544), ([[31, 699], [73, 699], [73, 749], [31, 749]], '자', 0.9999787808590241), ([[0, 749], [111, 749], [111, 813], [0, 813]], '죽이다', 0.9968929689347296), ([[13, 799], [93, 799], [93, 863], [13, 863]], '먹어', 0.9903927950461694), ([[24.81055248936699, 212.03934258944153], [232.0683677912942, 245.88781431895825], [201.18944751063302, 398.9606574105585], [-6.068367791294214, 366.11218568104175]], '#4', 0.1916731385531209)]
[([[251, 91], [331, 91], [331, 151], [251, 151]], '뒷:?', 0.22577746434430215), ([[159, 189], [219, 189], [219, 287], [159, 287]], '{"', 0.27952766749952035), ([[815, 360], [929, 360], [929, 424], [815, 424]], '어이루', 0.6216842500411217), ([[825, 407], [915, 407], [915, 529], [825, 529]], '{피안', 0.016248542385938283), ([[15, 843], [57, 843], [57, 903], [15, 903]], '간', 0.999825366015731), ([[13, 789], [97, 789], [97, 911], [13, 911]], '안질', 0.12354026193740787), ([[0, 893], [113, 893], [113, 959], [0, 959]], '안팎지', 0.11884252331586968)]
[([[31, 127], [115, 127], [115, 193], [31, 193]], '자아', 0.7995084942997072), ([[31, 177], [111, 177], [111, 241], [31, 241]], '잔뜩', 0.9986116280913521), ([[0, 229], [147, 229], [147, 295], [0, 295]], '마시라고', 0.9982540607452393), ([[739, 385], [829, 385], [829, 505], [739, 505]], '교', 0.11850916609103113), ([[301, 575], [399, 575], [399, 639], [301, 639]], '끄육', 0.03605731932823816)]
[([[189, 117], [283, 117], [283, 177], [189, 177]], '으급', 0.10115756772440132), ([[64, 178], [96, 178], [96, 218], [64, 218]], '더', 0.999388192322531), ([[5, 219], [154, 219], [154, 292], [5, 292]], '먹으력면', 0.26166069507598877), ([[841, 229], [941, 229], [941, 289], [841, 289]], '어때?', 0.9998510630706582), ([[1, 273], [157, 273], [157, 337], [1, 337]], '아직 많이', 0.9950362121841413), ([[835, 281], [947, 281], [947, 345], [835, 345]], '마음에', 0.9889271855354309), ([[39, 323], [125, 323], [125, 389], [39, 389]], '남아', 0.941366565370931), ([[839, 333], [941, 333], [941, 397], [839, 397]], '들어?', 0.9997284194574059), ([[11, 377], [149, 377], [149, 443], [11, 443]], '있다고?', 0.9986951351165771), ([[175, 535], [271, 535], [271, 599], [175, 599]], '으웬!', 0.019239703422144625), ([[686.2587255413287, 423.03057905007677], [742.4656965496897, 387.01205659098775], [844.7412744586713, 561.9694209499232], [788.5343034503103, 597.9879434090122]], '@', 0.15771851966054928)]
[([[773, 53], [891, 53], [891, 115], [773, 115]], '역시나', 0.9989363086563421), ([[149, 93], [243, 93], [243, 155], [149, 155]], '흐움', 0.1659872145524923), ([[739, 105], [921, 105], [921, 169], [739, 169]], '고향에서도', 0.8576038848780384), ([[724, 142], [934, 142], [934, 335], [724, 335]], '팬로', 0.005948848488782555), ([[771, 311], [889, 311], [889, 379], [771, 379]], '굉장한', 0.9635692707913951), ([[754, 364], [906, 364], [906, 428], [754, 428]], '근성이야', 0.9873176217079163), ([[5, 563], [103, 563], [103, 625], [5, 625]], '흐움', 0.09774234621696314), ([[38.00636944292775, 252.4146497187338], [138.23999152002543, 238.3500052999841], [141.99363055707224, 284.5853502812662], [41.76000847997456, 298.6499947000159]], '스 ', 0.0790701772361793)]
[([[457, 81], [551, 81], [551, 143], [457, 143]], '동네', 0.3018621856390134), ([[871, 107], [969, 107], [969, 169], [871, 169]], '이래!', 0.1089878450240173), ([[673, 159], [769, 159], [769, 227], [673, 227]], '불어!', 0.8735251677337472), ([[607, 283], [667, 283], [667, 385], [607, 385]], '', 0.0), ([[0, 506], [93, 506], [93, 633], [0, 633]], '@', 0.010435739919746612)]
[([[771, 63], [919, 63], [919, 127], [771, 127]], '두번다시', 0.9526689052581787), ([[805, 117], [885, 117], [885, 179], [805, 179]], '땅도', 0.6823157084506358), ([[780, 162], [908, 162], [908, 290], [780, 290]], '똑물', 0.03963976059223249), ([[824, 220], [900, 220], [900, 276], [824, 276]], '으로', 0.9944694287836406), ([[745, 269], [945, 269], [945, 337], [745, 337]], '만들어주지!', 0.9878706888366281), ([[22, 544], [124, 544], [124, 774], [22, 774]], '푹', 0.2385355908533171), ([[781, 861], [847, 861], [847, 965], [781, 965]], '', 0.0), ([[252.12641171019783, 196.03184042971014], [349.94703614678787, 218.00309158561438], [317.87358828980217, 356.96815957028986], [219.05296385321213, 334.9969084143856]], "'1 '", 0.43590059876441956)]
[([[15, 68], [164, 68], [164, 130], [15, 130]], '양다리가', 0.9492124110050633), ([[33, 119], [143, 119], [143, 183], [33, 183]], '분질러', 0.7549898352498702), ([[31, 171], [115, 171], [115, 233], [31, 233]], '지면:', 0.8483486102123866), ([[821, 179], [957, 179], [957, 247], [821, 247]], '알계어?', 0.4595488905906677), ([[1, 223], [179, 223], [179, 287], [1, 287]], '년자로서의', 0.5037093218741263), ([[669, 253], [705, 253], [705, 293], [669, 293]], '흐', 0.022206263531296067), ([[836, 238], [920, 238], [920, 294], [836, 294]], '타키;', 0.12805697731066562), ([[33, 279], [73, 279], [73, 335], [33, 335]], '인', 0.9999038004170338), ([[23, 265], [155, 265], [155, 401], [23, 401]], "'올정은", 0.010931809432804585), ([[19, 381], [155, 381], [155, 443], [19, 443]], '(거라고?', 0.46916517942479735), ([[763, 347], [829, 347], [829, 531], [763, 531]], '{', 0.020104734436618088), ([[912, 812], [964, 812], [964, 954], [912, 954]], '{', 0.39022172970148006)]
[([[572, 278], [748, 278], [748, 358], [572, 358]], '흔으입', 0.12940207024605066), ([[574, 350], [746, 350], [746, 426], [574, 426]], '흔으:', 0.008915218149974403), ([[1112, 626], [1214, 626], [1214, 702], [1112, 702]], '1의', 0.8559100355557958), ([[42, 617], [165, 617], [165, 832], [42, 832]], '몸흙', 0.026236809317192147), ([[1111, 689], [1219, 689], [1219, 781], [1111, 781]], '으웃', 0.7588366536174139)]
[([[45, 101], [131, 101], [131, 163], [45, 163]], '자아', 0.9153930021277149), ([[267, 73], [375, 73], [375, 201], [267, 201]], '호흡', 0.04096048850065247), ([[701, 131], [781, 131], [781, 193], [701, 193]], '효곳', 0.46937741306569636), ([[366, 166], [416, 166], [416, 292], [366, 292]], '4', 0.19189148563079073), ([[823, 221], [947, 221], [947, 285], [823, 285]], '하나더', 0.9588691656795864), ([[85, 245], [173, 245], [173, 345], [85, 345]], "벼'", 0.03493921111903126), ([[841, 271], [925, 271], [925, 339], [841, 339]], '올려', 0.6416554215544976), ([[833, 327], [933, 327], [933, 391], [833, 391]], '줄까기', 0.5075811744060637), ([[75, 399], [163, 399], [163, 503], [75, 503]], ')', 0.07556235240474862), ([[911.6021591807109, 709.0087974840677], [983.4311224076008, 724.1664086008486], [934.3978408192891, 952.9912025159323], [862.5688775923992, 937.8335913991514]], '"', 0.3003559129221891)]
[([[239, 133], [319, 133], [319, 193], [239, 193]], '하나', 0.9995441701212905), ([[772, 60], [876, 60], [876, 262], [772, 262]], '교', 0.020733256015008417), ([[758, 242], [888, 242], [888, 320], [758, 320]], '아악]', 0.19903078065934707)]
[([[0, 121], [146, 121], [146, 189], [0, 189]], '멸기환은', 0.47581931948661804), ([[200, 104], [324, 104], [324, 182], [200, 182]], '하아!', 0.6128993034362793), ([[355, 0], [683, 0], [683, 188], [355, 188]], '7" ( <', 0.3440498008995467), ([[700, 66], [822, 66], [822, 142], [700, 142]], '하아!', 0.9603331639515895), ([[9, 177], [132, 177], [132, 242], [9, 242]], '어디에', 0.997657272130623), ([[885, 187], [967, 187], [967, 249], [885, 249]], '자아', 0.9973176493530268), ([[19, 231], [125, 231], [125, 293], [19, 293]], '있지?', 0.8087940207755303), ([[887, 237], [965, 237], [965, 299], [887, 299]], '말해', 0.9998603282011183), ([[869, 289], [972, 289], [972, 351], [869, 351]], '(보실까', 0.3277348577976227), ([[832, 1064], [956, 1064], [956, 1142], [832, 1142]], '하아', 0.9996555933274524), ([[11, 1131], [135, 1131], [135, 1215], [11, 1215]], '하아]', 0.9112098935634128)]
[([[866, 182], [944, 182], [944, 236], [866, 236]], '그래', 0.9999776622433632), ([[850, 234], [930, 234], [930, 288], [850, 288]], '그래:', 0.3980808020567348), ([[0, 204], [139, 204], [139, 480], [0, 480]], '꽃', 0.001366795000680432), ([[34, 274], [90, 274], [90, 404], [34, 404]], '흙', 0.41646174822421145), ([[76, 266], [138, 266], [138, 409], [76, 409]], "'올", 0.27826468651341435), ([[62, 400], [112, 400], [112, 470], [62, 470]], '논', 0.5535448067672064), ([[2, 460], [130, 460], [130, 532], [2, 532]], '건가 ', 0.6406529576601344), ([[707, 1095], [797, 1095], [797, 1155], [707, 1155]], '흐응!', 0.492370927743928)]
[([[18, 114], [206, 114], [206, 190], [18, 190]], '이건 네가', 0.9853337865140809), ([[859, 145], [947, 145], [947, 213], [859, 213]], '그럼', 0.9998136317228432), ([[42, 178], [174, 178], [174, 250], [42, 250]], '선택한', 0.9798296523033279), ([[60, 238], [156, 238], [156, 310], [60, 310]], '거다', 0.9997256350414319), ([[927, 213], [969, 213], [969, 303], [927, 303]], '수', 0.9992907113351102), ([[31, 1045], [201, 1045], [201, 1133], [31, 1133]], '끄악7 ', 0.04318438097834587), ([[872.4518433132068, 203.02509211395488], [920.331782335926, 196.14967045289623], [937.5481566867932, 323.9749078860451], [889.668217664074, 330.85032954710374]], '펼', 0.07928677674147266), ([[837.5553403101275, 207.0198114734277], [880.2984121910928, 204.17152966437385], [887.4446596898725, 328.9801885265723], [845.7015878089072, 332.82847033562615]], '없', 0.23827124917549813)]
[([[19, 168], [170, 168], [170, 232], [19, 232]], '앞으로는', 0.9679157733917236), ([[0, 223], [187, 223], [187, 287], [0, 287]], '가죽으로서', 0.8589300065834368), ([[12, 272], [176, 272], [176, 398], [12, 398]], '쓸가논', 0.05465249195063532), ([[365, 217], [679, 217], [679, 453], [365, 453]], '예치', 0.021867331546485808), ([[15, 1077], [179, 1077], [179, 1165], [15, 1165]], '이자색', 0.5403712594665165), ([[852, 1074], [900, 1074], [900, 1126], [852, 1126]], '으', 0.6678552056450293), ([[825, 1125], [915, 1125], [915, 1187], [825, 1187]], '끄웃;', 0.171289705816641)]
[([[259, 91], [357, 91], [357, 153], [259, 153]], '으은', 0.1607825108654472), ([[589, 65], [669, 65], [669, 129], [589, 129]], '.3', 0.008195663971974411), ([[887, 61], [985, 61], [985, 127], [887, 127]], '(흐/', 0.06967041728603682), ([[13, 105], [165, 105], [165, 169], [13, 169]], '앞으로는', 0.9363246560096741), ([[45, 159], [129, 159], [129, 221], [45, 221]], '매일', 0.9999556618032679), ([[1135, 135], [1255, 135], [1255, 203], [1135, 203]], '혜혜헤', 0.2521541607076055), ([[11, 211], [163, 211], [163, 277], [11, 277]], '귀여워해', 0.9484416246414185), ([[1143, 191], [1249, 191], [1249, 255], [1143, 255]], '타키 ', 0.4152047702239066), ([[47, 269], [129, 269], [129, 331], [47, 331]], '줄게', 0.9820402806763496)]
[([[225, 88], [360, 88], [360, 156], [225, 156]], '흐끄움', 0.23472828701048382), ([[919, 83], [1017, 83], [1017, 145], [919, 145]], '흐꼭]', 0.11474965562814636), ([[1158, 96], [1270, 96], [1270, 144], [1158, 144]], '크크크', 0.8975445854578372), ([[23, 97], [131, 97], [131, 227], [23, 227]], '후분', 0.014376111507473636), ([[396, 463], [487, 463], [487, 640], [396, 640]], '꼴', 0.21013532433105198), ([[779, 767], [841, 767], [841, 851], [779, 851]], '(', 0.6210682652229629), ([[759.4242586110099, 419.01843433175463], [829.6996265428511, 406.1619419771742], [860.5757413889901, 592.9815656682454], [791.3003734571489, 605.8380580228259]], '#', 0.06300863871982276)]
[([[387, 33], [473, 33], [473, 95], [387, 95]], '흐웃:', 0.34752902412533326), ([[21, 99], [106, 99], [106, 160], [21, 160]], '크하', 0.9973168913064264), ([[1122, 70], [1276, 70], [1276, 138], [1122, 138]], '(어이어이', 0.8396917244438173), ([[1121, 125], [1281, 125], [1281, 191], [1121, 191]], '동싸버길', 0.5295161604881287), ([[0, 155], [131, 155], [131, 219], [0, 219]], '하하하]', 0.8846305012702942), ([[1143, 181], [1259, 181], [1259, 245], [1143, 245]], '정도로', 0.9998119710603907), ([[1138, 224], [1264, 224], [1264, 356], [1138, 356]], '축 다', 0.07745085717220111), ([[290, 299], [359, 299], [359, 441], [290, 441]], '#', 0.6055242284819542), ([[231.39868045976317, 69.01809563206854], [303.5997347344787, 61.3438424147933], [321.60131954023683, 254.98190436793146], [249.40026526552128, 262.6561575852067]], '#', 0.37615030067605915), ([[886.6803220558259, 143.06715614709356], [971.6868699226285, 97.01815846232175], [1051.3196779441741, 266.93284385290644], [965.3131300773715, 311.98184153767824]], '빚', 0.016501291416199715), ([[114.44192233617072, 287.0194894072412], [177.0443720014587, 295.0976051175105], [156.5580776638293, 445.9805105927588], [93.95562799854132, 436.9023948824895]], '"', 0.8042307500510937), ([[1040.00496280979, 335.0496280979001], [1109.2484339555358, 310.0782354060044], [1156.99503719021, 454.9503719020999], [1087.7515660444642, 480.9217645939956]], '빚', 0.005466092582624926)]
[([[815, 121], [933, 121], [933, 185], [815, 185]], '자지가', 0.9996957974215432), ([[815, 171], [931, 171], [931, 239], [815, 239]], '동범벽', 0.9307152978378387), ([[803, 229], [945, 229], [945, 291], [803, 291]], '이라고~', 0.9978033900260925), ([[2, 268], [160, 268], [160, 340], [2, 340]], '깨끗하제', 0.2999054491519928), ([[25, 327], [139, 327], [139, 387], [25, 387]], '청소해 ', 0.6486391425132751), ([[21, 376], [140, 376], [140, 442], [21, 442]], '쥐야지', 0.9312982150054799), ([[781, 713], [881, 713], [881, 775], [781, 775]], '@은', 0.11907298451088608), ([[817, 1093], [913, 1093], [913, 1157], [817, 1157]], '흐움', 0.5229407902291014), ([[209.8339885867423, 658.0295751588231], [574.7583500481921, 710.5451892592545], [536.1660114132577, 900.9704248411769], [172.2416499518078, 848.4548107407455]], '#', 0.08892262461888922)]
[([[899, 25], [961, 25], [961, 111], [899, 111]], '', 0.0), ([[31, 83], [119, 83], [119, 147], [31, 147]], '흐응;', 0.5687822065311625), ([[893, 123], [935, 123], [935, 167], [893, 167]], '8', 0.9667135612256885), ([[0, 134], [184, 134], [184, 202], [0, 202]], '반나절동안', 0.6891034236657858), ([[9, 193], [167, 193], [167, 257], [9, 257]], '아무것도', 0.9067407250404358), ([[1087, 146], [1273, 146], [1273, 285], [1087, 285]], "'연식곳", 0.08479854464530945), ([[21, 247], [155, 247], [155, 311], [21, 311]], '안 하고', 0.999907374382019), ([[1159, 269], [1237, 269], [1237, 331], [1159, 331]], '군"', 0.8120123492496094), ([[24, 296], [150, 296], [150, 370], [24, 370]], '있어서', 0.7769691775507783), ([[1113, 261], [1249, 261], [1249, 395], [1113, 395]], '이르', 0.29386542412871375), ([[0, 359], [179, 359], [179, 423], [0, 423]], '배고프지?', 0.9906648136246504), ([[1106, 374], [1252, 374], [1252, 446], [1106, 446]], '숨격지?', 0.32559365034103394), ([[39, 527], [319, 527], [319, 785], [39, 785]], '9', 0.14589802121021478)]
[([[8, 155], [131, 155], [131, 230], [8, 230]], "'어이루", 0.4542381465435028), ([[17, 213], [121, 213], [121, 277], [17, 277]], '실레~', 0.38613589187956426), ([[777, 1023], [972, 1023], [972, 1115], [777, 1115]], '흐움::?', 0.05433388602574423)]
[([[819, 895], [941, 895], [941, 983], [819, 983]], '우위', 0.12190091051332859), ([[793, 977], [963, 977], [963, 1067], [793, 1067]], '예액비', 0.019745153383012685)]
[([[27, 97], [155, 97], [155, 159], [27, 159]], '내 씨틀', 0.517671803954392), ([[857, 111], [937, 111], [937, 173], [857, 173]], '어이', 0.934920266723276), ([[19, 146], [163, 146], [163, 220], [19, 220]], '말이야~', 0.9822870492935181), ([[839, 163], [939, 163], [939, 229], [839, 229]], '어이', 0.37596188272319314), ([[33, 205], [149, 205], [149, 267], [33, 267]], '각오는', 0.9298999366650764), ([[47, 257], [135, 257], [135, 319], [47, 319]], '되어', 0.9990319398943259), ([[20, 306], [162, 306], [162, 378], [20, 378]], '있켓지?', 0.40948936343193054), ([[858, 416], [888, 416], [888, 462], [858, 462]], '0', 0.8824935992223757), ([[898, 562], [960, 562], [960, 612], [898, 612]], '0/', 0.17265924183441161), ([[23, 789], [107, 789], [107, 853], [23, 853]], '흐아', 0.9778768222814483), ([[821, 1091], [919, 1091], [919, 1155], [821, 1155]], '(아아;', 0.4408171474933624), ([[790.3520140502566, 436.02101637395197], [858.4968978604963, 413.01235300402374], [921.6479859497434, 609.978983626048], [853.5031021395037, 633.9876469959763]], '7', 0.1622450979817467)]
[([[297, 89], [393, 89], [393, 155], [297, 155]], '흐흡', 0.05894330445607909), ([[851, 111], [947, 111], [947, 175], [851, 175]], '끄움', 0.35635294253205096), ([[17, 149], [103, 149], [103, 213], [17, 213]], "'임신", 0.976452831353496), ([[0, 193], [127, 193], [127, 331], [0, 331]], '*고', 0.03633228453848339), ([[1181, 125], [1289, 125], [1289, 361], [1181, 361]], '@', 0.02124984819596798), ([[699, 641], [813, 641], [813, 753], [699, 753]], ':', 0.33383421501307353), ([[1202.6514245272622, 567.0067528033637], [1270.4652504452115, 585.1858117208799], [1202.3485754727378, 842.9932471966363], [1133.5347495547885, 824.8141882791201]], '!', 0.014919414882243132), ([[139.94627163545553, 807.0370572234685], [315.27562926640826, 858.3949583011586], [276.05372836454444, 978.9629427765315], [100.72437073359174, 927.6050416988414]], '* ', 0.16402760947515188)]
[([[0, 33], [163, 33], [163, 165], [0, 165]], '비철력', 0.01073828368900742), ([[453, 63], [495, 63], [495, 115], [453, 115]], '누', 0.9952119818806047), ([[886, 58], [970, 58], [970, 130], [886, 130]], '(끄웃', 0.19463323866597), ([[436, 114], [544, 114], [544, 170], [436, 170]], '누가하', 0.09923263336527219), ([[11, 141], [149, 141], [149, 275], [11, 275]], '보람곧', 0.011498663843039315), ([[1145, 165], [1265, 165], [1265, 225], [1145, 225]], '크으흐', 0.31799228784718997), ([[1165, 221], [1273, 221], [1273, 283], [1165, 283]], '타퀴~', 0.35582676513688294), ([[0, 237], [171, 237], [171, 441], [0, 441]], '또#', 0.0026132405054666587), ([[699, 641], [813, 641], [813, 753], [699, 753]], ':', 0.29910375447005677), ([[1134, 890], [1192, 890], [1192, 944], [1134, 944]], '@', 0.19479525316958846), ([[1170.42292858129, 520.0166644563199], [1238.4603409534996, 498.01060130906114], [1299.57707141871, 712.9833355436801], [1230.5396590465004, 734.9893986909389]], '"', 0.013490914045420022), ([[-13.594723755316505, 572.0196712947208], [54.051571228106575, 554.0616445610941], [98.59472375531651, 740.9803287052792], [29.948428771893425, 758.9383554389059]], '"', 0.24984716725346434), ([[55.54498388254838, 827.2339161892515], [124.71320994977529, 762.0195789140898], [240.4550161174516, 904.7660838107485], [170.2867900502247, 969.9804210859102]], '술', 0.0786839420224803)]
[([[295, 99], [391, 99], [391, 161], [295, 161]], '끄움', 0.1747826657291367), ([[849, 109], [967, 109], [967, 178], [849, 178]], '흔급', 0.14665630175690422), ([[5, 143], [193, 143], [193, 209], [5, 209]], '건방지다고', 0.9992376038743502), ([[49, 199], [145, 199], [145, 259], [49, 259]], '너든', 0.1506748311476493), ([[1181, 175], [1275, 175], [1275, 243], [1181, 243]], '{이라', 0.3631156457369049), ([[1169, 231], [1289, 231], [1289, 299], [1169, 299]], '이라]!', 0.3672054409980774), ([[1158, 286], [1296, 286], [1296, 360], [1158, 360]], '동너가', 0.7022951069699757), ([[699, 641], [811, 641], [811, 749], [699, 749]], '표', 0.26917009775047873), ([[1114, 842], [1212, 842], [1212, 938], [1114, 938]], '"1', 0.14754213898458232), ([[719.3795205482278, 52.0175137036312], [797.5341537403049, 34.10750844383578], [842.6204794517722, 250.9824862963688], [764.4658462596951, 268.8924915561642]], '{', 0.08030523885980134), ([[963.325748447295, 842.1082630441718], [1123.1368411074056, 829.8609304977035], [1124.6742515527048, 944.8917369558282], [965.8631588925945, 956.1390695022965]], ',그', 0.04697806990276858), ([[158.10340240831448, 816.0268202188519], [357.7061217264594, 889.0453454065561], [308.8965975916855, 1012.9731797811481], [109.29387827354061, 938.9546545934439]], '고개', 0.0067500718337460625)]
[([[345, 61], [429, 61], [429, 121], [345, 121]], '그만:', 0.9373447928488223), ([[49, 125], [131, 125], [131, 185], [49, 185]], '이제', 0.8275727363366829), ([[358, 114], [414, 114], [414, 170], [358, 170]], '아', 0.9999806881883302), ([[896, 114], [978, 114], [978, 170], [896, 170]], '끄억', 0.34192271559953447), ([[1177, 113], [1261, 113], [1261, 175], [1177, 175]], '혜햇', 0.3433411375077931), ([[0, 173], [183, 173], [183, 241], [0, 241]], '시작이라고', 0.9969432835058193), ([[1145, 165], [1296, 165], [1296, 231], [1145, 231]], '바보갈은', 0.9184439778327942), ([[1159, 221], [1279, 221], [1279, 283], [1159, 283]], '여자군', 0.9998010969108393), ([[0, 496], [70, 496], [70, 769], [0, 769]], '{', 0.13269953866633077), ([[318, 580], [398, 580], [398, 670], [318, 670]], '제', 0.01270686114213243), ([[418, 820], [518, 820], [518, 900], [418, 900]], '(', 0.033901683180044495), ([[707, 785], [817, 785], [817, 893], [707, 893]], ':', 0.09183360152855702), ([[1197, 571], [1296, 571], [1296, 877], [1197, 877]], '{', 0.04327037447184523), ([[693.7857215662096, 630.1643344936045], [922.0148473634688, 597.0198305788506], [932.2142784337904, 726.8356655063955], [703.9851526365312, 759.9801694211494]], '소 -', 0.1662917584180832), ([[410.2205536723275, 655.3263254237756], [483.78264383404223, 599.0255493391539], [562.7794463276725, 720.6736745762244], [490.21735616595777, 775.9744506608461]], '터', 0.545757434747518), ([[805.1621014199603, 788.1130215016784], [1030.6343918613995, 623.0881426236734], [1090.8378985800398, 736.8869784983216], [866.3656081386006, 900.9118573763266]], '과 또', 0.28694218397140503), ([[1120.5836319292544, 688.0078829323163], [1204.6226069021286, 699.0184417334569], [1166.4163680707456, 973.9921170676837], [1082.3773930978714, 962.9815582665431]], '유', 0.010521098031192333), ([[13.965796402785635, 767.038251437606], [93.54859793373497, 707.0107526897584], [246.03420359721437, 929.961748562394], [166.45140206626505, 989.9892473102416]], '속', 0.07115900103944117)]
[([[299, 39], [343, 39], [343, 91], [299, 91]], '흐', 0.7751720688661976), ([[278, 90], [364, 90], [364, 146], [278, 146]], "끄육'", 0.20842172500799588), ([[817, 95], [907, 95], [907, 163], [817, 163]], '혜켓', 0.36248070774601104), ([[803, 155], [925, 155], [925, 219], [803, 219]], '보라고', 0.8544141780164884), ([[586, 182], [660, 182], [660, 296], [586, 296]], '1', 0.03334390516929653), ([[815, 211], [911, 211], [911, 277], [815, 277]], '배가', 0.9993930550501824), ([[24, 296], [74, 296], [74, 350], [24, 350]], '아', 0.9997533711882376), ([[758, 268], [962, 268], [962, 340], [758, 340]], '개구리처럼', 0.9947077667453686), ([[3, 347], [101, 347], [101, 411], [3, 411]], '카악;', 0.6652322703413635), ([[759, 320], [968, 320], [968, 399], [759, 399]], '부풀없잡아', 0.7388841561653565), ([[27, 771], [153, 771], [153, 837], [27, 837]], '꽤 많이', 0.9925445456915614), ([[0, 820], [188, 820], [188, 894], [0, 894]], '넣없으니까', 0.7209389091450407), ([[19, 881], [169, 881], [169, 945], [19, 945]], '말이야;', 0.7446606159210205), ([[784.199210734348, 514.0291870605677], [896.9997454852555, 593.92517179942], [839.800789265652, 672.9708129394323], [728.0002545147445, 593.07482820058]], '외`', 0.006046137052724265)]
[([[318, 84], [398, 84], [398, 136], [318, 136]], '흐끼', 0.25799269440514716), ([[293, 131], [419, 131], [419, 200], [293, 200]], '@욕', 0.16803002965128316), ([[41, 743], [173, 743], [173, 811], [41, 811]], '일어나! ', 0.3470292580688295), ([[57, 801], [159, 801], [159, 863], [57, 863]], '동네', 0.38809460704148835), ([[13, 853], [203, 853], [203, 921], [13, 921]], '(이제부터가', 0.9872864086247579), ([[7, 907], [208, 907], [208, 973], [7, 973]], '시작이라고', 0.6342552706653638), ([[693, 1067], [735, 1067], [735, 1115], [693, 1115]], '{', 0.059053845321150655)]
[([[311, 67], [451, 67], [451, 135], [311, 135]], '히고올', 0.029708964820722047), ([[796, 96], [946, 96], [946, 176], [796, 176]], '좋앉어!', 0.6116955280303955), ([[804, 158], [936, 158], [936, 232], [804, 232]], '한번더', 0.48988683419447304), ([[815, 223], [925, 223], [925, 291], [815, 291]], '간다!', 0.8499238211528668), ([[23, 321], [161, 321], [161, 387], [23, 387]], '고그읽', 0.04360668361186981), ([[836, 604], [964, 604], [964, 734], [836, 734]], '입식쾌', 0.0018244748617157914), ([[861, 719], [943, 719], [943, 785], [861, 785]], '범해', 0.9961369858680619), ([[847, 777], [947, 777], [947, 837], [847, 837]], '주지"', 0.9424430594646074), ([[185, 869], [335, 869], [335, 933], [185, 933]], '임신해도', 0.9918704032897949), ([[29, 919], [119, 919], [119, 983], [29, 983]], '너는', 0.5199938279320147), ([[182, 921], [334, 921], [334, 987], [182, 987]], '범해줄계', 0.42656630277633667), ([[19, 973], [135, 973], [135, 1035], [19, 1035]], '앞으로', 0.9087358117103577), ([[31, 1025], [119, 1025], [119, 1093], [31, 1093]], '평생', 0.99144029236359), ([[0, 1076], [156, 1076], [156, 1148], [0, 1148]], '육변기다', 0.665084958076477), ([[911, 1155], [951, 1155], [951, 1257], [911, 1257]], '{', 0.8499861653497796), ([[2.794015528457578, 656.0607537317301], [82.66934735820804, 616.0186822880762], [155.20598447154242, 778.9392462682699], [74.33065264179196, 818.9813177119238]], '셋', 0.010978741386015456), ([[689.8052543811901, 1173.1731026014975], [916.3525945630328, 1139.8074059854403], [926.1947456188099, 1263.8268973985025], [699.6474054369672, 1296.1925940145597]], '04-', 0.025489259663586443)]
[([[877, 25], [987, 25], [987, 169], [877, 169]], '자', 0.0908555095012531), ([[41, 185], [127, 185], [127, 251], [41, 251]], '영도', 0.9993992074014794), ([[7, 239], [165, 239], [165, 307], [7, 307]], '멸기롭음', 0.0651233047246933), ([[429, 253], [529, 253], [529, 317], [429, 317]], '꼬웃', 0.20137269948589268), ([[43, 295], [125, 295], [125, 359], [43, 359]], '어디', 0.9961020437977504), ([[1190, 276], [1282, 276], [1282, 348], [1190, 348]], '자아', 0.9604936342453901), ([[21, 349], [145, 349], [145, 417], [21, 417]], '있지닐', 0.036220726618856836), ([[1184, 328], [1288, 328], [1288, 402], [1184, 402]], '불어', 0.996777710250217)]
[([[295, 475], [713, 475], [713, 637], [295, 637]], '그테터6', 0.004505390301346779), ([[244, 622], [668, 622], [668, 798], [244, 798]], '@월월월', 0.05344805866479874), ([[648, 682], [746, 682], [746, 736], [648, 736]], '000', 0.8844367106177602)]
[([[39, 179], [155, 179], [155, 245], [39, 245]], '데리러', 0.9931002734665162), ([[21, 233], [170, 233], [170, 297], [21, 297]], '얇다고;', 0.18357205390930176), ([[794, 254], [942, 254], [942, 308], [794, 308]], '크크크"', 0.6250498294830322), ([[773, 303], [967, 303], [967, 371], [773, 371]], '오랜만이네', 0.9881160516532902), ([[813, 361], [929, 361], [929, 423], [813, 423]], '타기"', 0.753458130189697)]
[([[396, 4], [474, 4], [474, 114], [396, 114]], '커"', 0.018770589149342397), ([[10, 114], [262, 114], [262, 214], [10, 214]], '탈출요자 설마', 0.10344073946119166), ([[25, 175], [145, 175], [145, 235], [25, 235]], '로서의', 0.9981204743318054), ([[673, 177], [831, 177], [831, 245], [673, 245]], '이자식,', 0.06969570368528366), ([[839, 149], [972, 149], [972, 289], [839, 289]], '골월', 0.013354768174361438), ([[43, 227], [131, 227], [131, 289], [43, 289]], '네가', 0.9974747370948783), ([[13, 281], [139, 281], [139, 345], [13, 345]], '아니라', 0.9989372032605313), ([[860, 268], [942, 268], [942, 322], [860, 322]], '[로;', 0.3958170411470374), ([[0, 327], [182, 327], [182, 401], [0, 401]], '엄마로서의', 0.48833319152172383), ([[43, 389], [129, 389], [129, 453], [43, 453]], '너름', 0.5007345361671349), ([[13, 439], [137, 439], [137, 507], [13, 507]], '말이야:', 0.7228192090988159)]
[([[197, 107], [279, 107], [279, 175], [197, 175]], '흥움', 0.8252037281186283), ([[601, 143], [709, 143], [709, 207], [601, 207]], '으움:', 0.029978858311915185), ([[833, 163], [919, 163], [919, 225], [833, 225]], '자아', 0.4509351772565769), ([[53, 181], [137, 181], [137, 247], [53, 247]], '아직', 0.8979008867138056), ([[823, 217], [925, 217], [925, 281], [823, 281]], '자아!', 0.6579012555675455), ([[0, 224], [188, 224], [188, 368], [0, 368]], '좋표훈', 0.003360399182230459), ([[797, 273], [951, 273], [951, 335], [797, 335]], '왜그래)', 0.21335461735725403), ([[97, 936], [186, 936], [186, 1166], [97, 1166]], '"', 0.9872671584217905)]
[([[790, 175], [917, 175], [917, 261], [790, 261]], '이래]', 0.12891028244623629), ([[42, 174], [144, 174], [144, 380], [42, 380]], '평', 0.35116358418605387), ([[28, 366], [160, 366], [160, 442], [28, 442]], '으욕', 0.3135533824310196), ([[83, 915], [143, 915], [143, 1019], [83, 1019]], '1', 0.9861232830218434), ([[49, 1023], [139, 1023], [139, 1109], [49, 1109]], '-', 0.7341670475064035)]
[([[23, 55], [179, 55], [179, 123], [23, 123]], '상낭하게', 0.6310478448867798), ([[59, 107], [143, 107], [143, 173], [59, 173]], '배틀', 0.2864437947909791), ([[25, 161], [177, 161], [177, 229], [25, 229]], '쓰다듬어', 0.9862721562385559), ([[767, 151], [930, 151], [930, 225], [767, 225]], '(어이어야', 0.731704014166195), ([[59, 215], [141, 215], [141, 283], [59, 283]], '주는', 0.8691587411422195), ([[266, 236], [298, 236], [298, 270], [266, 270]], '9', 0.9955595068533718), ([[843, 213], [927, 213], [927, 273], [843, 273]], '그리', 0.9999907277059185), ([[0, 265], [205, 265], [205, 337], [0, 337]], '것볕이찮야?', 0.1284403859611605), ([[228, 280], [306, 280], [306, 334], [228, 334]], '으의', 0.8349915634763526), ([[838, 260], [924, 260], [924, 334], [838, 334]], "'먹는", 0.22100282795175225), ([[817, 321], [907, 321], [907, 385], [817, 385]], '거야', 0.9949343432376974), ([[622, 1198], [688, 1198], [688, 1254], [622, 1254]], '66', 0.2486718014825069), ([[730, 1190], [802, 1190], [802, 1262], [730, 1262]], '[', 0.7827415502319788), ([[800.6243096216173, 212.01768198914368], [835.797801159267, 209.08036821751426], [846.3756903783827, 325.9823180108563], [811.202198840733, 329.91963178248574]], '월', 0.047962147297806235), ([[571.0578369393376, 377.04945092370735], [634.5757413889901, 347.01843433175463], [696.9421630606624, 489.95054907629265], [634.4242586110099, 520.9815656682454]], '개', 0.45680187008006)]
[([[39, 209], [129, 209], [129, 277], [39, 277]], '고향', 0.9939147960680434), ([[23, 265], [145, 265], [145, 329], [23, 329]], '에서물', 0.21079543921165023), ([[834, 262], [916, 262], [916, 314], [834, 314]], '크크:', 0.9104404095822445), ([[0, 304], [172, 304], [172, 500], [0, 500]], '{액', 0.002616373131387476), ([[827, 309], [913, 309], [913, 427], [827, 427]], '초식', 0.619064863057496), ([[900, 314], [943, 314], [943, 427], [900, 427]], '흘', 0.03284648728602324), ([[813, 419], [947, 419], [947, 483], [813, 483]], '내는군.', 0.3690813481807709), ([[246, 898], [332, 898], [332, 970], [246, 970]], '히이', 0.1829573790663295), ([[651, 905], [755, 905], [755, 971], [651, 971]], '히익', 0.499409073194391), ([[238, 946], [342, 946], [342, 1022], [238, 1022]], '이익}', 0.17474550008773804), ([[703.8509805405407, 195.33803967567616], [744.6764311217491, 159.03275944598371], [810.1490194594593, 239.66196032432384], [769.3235688782509, 275.9672405540163]], '스', 0.6777285825231196), ([[391.86401127970703, 940.0497285886601], [591.2951184226325, 971.7774340770757], [568.135988720293, 1079.9502714113398], [368.7048815773675, 1048.2225659229243]], "(세'", 0.004412142630306249)]
[([[842, 154], [920, 154], [920, 204], [842, 204]], '크크', 0.9456031884343719), ([[6, 164], [184, 164], [184, 236], [6, 236]], '불을거야?', 0.3162022459280502), ([[34, 218], [154, 218], [154, 290], [34, 290]], '아니면', 0.9919895801633523), ([[827, 205], [965, 205], [965, 267], [827, 267]], '그래서?', 0.8715624213218689), ([[34, 268], [160, 268], [160, 342], [34, 342]], '안불흘', 0.44068286584263466), ([[43, 329], [149, 329], [149, 393], [43, 393]], '거야?', 0.9744071462697984), ([[0, 664], [76, 664], [76, 832], [0, 832]], '후', 0.03547522553447724), ([[38, 944], [168, 944], [168, 1022], [38, 1022]], '악마?', 0.06866662695248282), ([[34, 1001], [171, 1001], [171, 1079], [34, 1079]], '외도:', 0.3550303869739761), ([[745, 1011], [897, 1011], [897, 1075], [745, 1075]], '아고욕고', 0.014637273736298084), ([[748, 1060], [894, 1060], [894, 1132], [748, 1132]], '퀴 귀신', 0.5640601605990766), ([[395.1106806202549, 945.0396229468554], [570.8099310517443, 991.059574077677], [544.8893193797451, 1076.9603770531446], [369.1900689482557, 1030.9404259223231]], " 한'", 0.0039279315731448935)]
[([[869, 121], [957, 121], [957, 183], [869, 183]], '까야', 0.7136808424431016), ([[76, 160], [228, 160], [228, 236], [76, 236]], '알켓다]', 0.38819625973701477), ([[865, 175], [961, 175], [961, 237], [865, 237]], '아악]', 0.6448370172948829), ([[50, 726], [146, 726], [146, 798], [50, 798]], '전부', 0.9992113549920107), ([[790, 691], [964, 691], [964, 852], [790, 852]], '팬', 0.13001316321956669), ([[812, 770], [866, 770], [866, 832], [812, 832]], '그', 0.8999274409338263), ([[0, 780], [195, 780], [195, 864], [0, 864]], '말하켓어!', 0.5017153345294852), ([[30, 850], [166, 850], [166, 924], [30, 924]], '뭐문지', 0.4801899633921336), ([[806, 820], [952, 820], [952, 970], [806, 970]], '허/어', 0.0378764112437691), ([[52, 908], [148, 908], [148, 982], [52, 982]], '말할', 0.519254406178173), ([[6, 963], [187, 963], [187, 1048], [6, 1048]], '테니까?', 0.3969654142856598), ([[444.18789204271775, 991.2079357836865], [575.7708372763991, 979.7390420588177], [577.8121079572823, 1049.7920642163135], [446.22916272360084, 1061.2609579411821]], '세', 0.0321116924349687)]
[([[1123, 59], [1284, 59], [1284, 133], [1123, 133]], '멸귀환의', 0.32914552092552185), ([[2, 136], [164, 136], [164, 212], [2, 212]], '두번다세', 0.14640264213085175), ([[1141, 121], [1267, 121], [1267, 187], [1141, 187]], '위치틀', 0.3864481768546239), ([[0, 189], [164, 189], [164, 264], [0, 264]], '켜스로체', 0.022512100636959076), ([[1124, 174], [1286, 174], [1286, 246], [1124, 246]], '[말하다고', 0.39291620379328224), ([[10, 248], [162, 248], [162, 323], [10, 323]], '[말라고', 0.7275667786598206), ([[1151, 233], [1259, 233], [1259, 301], [1151, 301]], '햇지?', 0.9599348452056158), ([[312, 368], [516, 368], [516, 488], [312, 488]], "' '", 0.06306831755394643), ([[1115, 663], [1273, 663], [1273, 731], [1115, 731]], '(우리한데', 0.2023620251471393), ([[1131, 721], [1257, 721], [1257, 789], [1131, 789]], '충성올', 0.3743986096046294), ([[1151, 779], [1239, 779], [1239, 845], [1151, 845]], '망세', 0.25595953388300957), ([[1122, 832], [1268, 832], [1268, 906], [1122, 906]], '할거야? ', 0.7581953601832023), ([[737.9676256152028, 502.11510541378505], [933.1563678666905, 323.0855347501028], [1018.0323743847972, 449.88489458621495], [821.8436321333095, 628.9144652498973]], '<', 0.18469571464007206)]
[([[208, 128], [368, 128], [368, 200], [208, 200]], '네놈들은', 0.27040165662765503), ([[229, 187], [349, 187], [349, 253], [229, 253]], '절대로', 0.6042641997337341), ([[1, 239], [85, 239], [85, 299], [1, 299]], "호오'", 0.5966347454754457), ([[223, 241], [353, 241], [353, 307], [223, 307]], '다출수', 0.9796338310473451), ([[973, 229], [1123, 229], [1123, 293], [973, 293]], '후후후  ', 0.25071020679045525), ([[231, 297], [347, 297], [347, 365], [231, 365]], '없다', 0.9999503513734508), ([[953, 287], [1141, 287], [1141, 351], [953, 351]], '그만뒤라" ', 0.49980136262510544), ([[0, 285], [125, 285], [125, 423], [0, 423]], '권', 0.012030863792285074), ([[1199, 377], [1283, 377], [1283, 443], [1199, 443]], '옷?', 0.281010249321616), ([[1, 403], [119, 403], [119, 467], [1, 467]], '다라:?', 0.2537544369697571)]
[([[36, 68], [160, 68], [160, 142], [36, 142]], '네놈올', 0.4959245955665054), ([[1146, 75], [1275, 75], [1275, 153], [1146, 153]], '좋앉어', 0.25943185678309527), ([[37, 127], [159, 127], [159, 193], [37, 193]], '고향의', 0.9920621132402108), ([[310, 128], [362, 128], [362, 180], [310, 180]], '0/', 0.04692703848534525), ([[21, 187], [179, 187], [179, 253], [21, 253]], '소유물로', 0.9998985528945923), ([[0, 237], [200, 237], [200, 312], [0, 312]], '인정해주지', 0.9976870088378198), ([[941, 275], [1103, 275], [1103, 459], [941, 459]], "'", 0.9721728475079914), ([[49, 677], [137, 677], [137, 739], [49, 739]], '가', 0.9989540928984297), ([[29, 724], [158, 724], [158, 801], [29, 801]], '감사"', 0.9998719856391529), ([[17, 789], [170, 789], [170, 855], [17, 855]], '합니다"', 0.6042494773864746), ([[647.629739466238, 489.45977549131845], [957.3989028346401, 321.0510410792535], [1023.370260533762, 483.54022450868155], [714.6010971653599, 652.9489589207466]], '~7', 0.20204995739767215)]
[([[353, 0], [973, 0], [973, 235], [353, 235]], '키다#9 내+', 0.0016828070754883774), ([[6, 220], [152, 220], [152, 324], [6, 324]], '까이_', 0.3337888798475617), ([[14, 312], [150, 312], [150, 416], [14, 416]], '아야', 0.9325599542639695), ([[6, 399], [159, 399], [159, 514], [6, 514]], '아야', 0.7974958389308152), ([[856, 370], [976, 370], [976, 520], [856, 520]], "'", 0.20157547025351974), ([[0, 499], [165, 499], [165, 609], [0, 609]], '아액', 0.9006234664983473), ([[1038.1293492164564, -31.977690279102006], [1248.8697986143327, 64.90002506875526], [1184.8706507835436, 196.977690279102], [974.1302013856672, 99.09997493124474]], '"44', 0.46097270156904974)]
[([[7, 125], [137, 125], [137, 193], [7, 193]], '충성올', 0.7002914816950042), ([[0, 183], [157, 183], [157, 251], [0, 251]], '다하라고', 0.9731805920600891), ([[1209, 623], [1251, 623], [1251, 677], [1209, 677]], '이', 0.9847642838727246), ([[9, 653], [105, 653], [105, 721], [9, 721]], '데에:', 0.8891245299244205), ([[1166, 672], [1294, 672], [1294, 748], [1166, 748]], '각인이', 0.5509421006584573), ([[1199, 733], [1259, 733], [1259, 793], [1199, 793]], '그', 0.999992489828859), ([[1166, 786], [1296, 786], [1296, 858], [1166, 858]], '증표다', 0.34402582710461693), ([[10, 838], [164, 838], [164, 962], [10, 962]], '8종', 0.05078233447159678), ([[684.2622775064841, 84.04552558805055], [728.917874554638, 110.56277584890891], [671.7377224935159, 208.95447441194946], [626.082125445362, 182.4372241510911]], '>', 0.5777706867413599), ([[1204.3302206766054, 104.02495706651199], [1272.8115990142894, 97.45044381369144], [1286.6697793233946, 255.975042933488], [1218.1884009857106, 263.54955618630856]], '1', 0.27616309176687537)]
[([[373, 89], [499, 89], [499, 157], [373, 157]], '으웃', 0.5622527442777429), ([[773, 113], [893, 113], [893, 175], [773, 175]], '타키"?', 0.24407903850078583), ([[25, 139], [169, 139], [169, 273], [25, 273]], '딸픽', 0.0196189590719708), ([[11, 257], [189, 257], [189, 325], [11, 325]], '목마르지?', 0.9740466225733364)]
[([[328, 100], [414, 100], [414, 156], [328, 156]], '끄의', 0.8758718465355821), ([[313, 151], [429, 151], [429, 217], [313, 217]], '으움:', 0.028593101834703764), ([[809, 634], [967, 634], [967, 702], [809, 702]], '오랜만에', 0.9456765651702881), ([[35, 715], [111, 715], [111, 779], [35, 779]], '많이', 0.7724543432824721), ([[825, 684], [950, 684], [950, 763], [825, 763]], ';향의', 0.16269418078434836), ([[0, 762], [150, 762], [150, 834], [0, 834]], '마시라고', 0.727959394454956), ([[826, 740], [954, 740], [954, 814], [826, 814]], '물이다', 0.9807909890012433), ([[755.1165477914012, 115.04893012261105], [839.8620948547216, 156.52099205703257], [807.8834522085988, 220.95106987738896], [723.1379051452784, 178.47900794296743]], '체 ', 0.09189763126301541), ([[812.9424244217886, 155.0400023676087], [988.3523489693158, 201.791107390107], [954.0575755782114, 314.9599976323913], [777.6476510306842, 268.20889260989304]], '4 7월}', 0.1812372791880749)]
[([[804, 138], [932, 138], [932, 364], [804, 364]], '%', 0.07531992568332058), ([[13, 689], [107, 689], [107, 753], [13, 753]], '흐응', 0.059511207567753244), ([[724, 984], [804, 984], [804, 1096], [724, 1096]], '{', 0.02874771845642332)]
