2157175
22
[([[152, 10], [248, 10], [248, 40], [152, 40]], '@@산48', 0.04492214018206357), ([[62, 33], [277, 33], [277, 66], [62, 66]], '텔레 8 꽂(@어@-큰48)', 0.0005109854167206638), ([[94, 190], [210, 190], [210, 246], [94, 246]], '파서-', 0.004367924708697745), ([[589, 1186], [706, 1186], [706, 1237], [589, 1237]], '너거 [', 0.02078690047753366), ([[275, 1756], [1230, 1756], [1230, 1929], [275, 1929]], "'{.용 )%히 양~튼", 0.001087550800383916), ([[242.27881515874688, 678.4498388254838], [487.16843246838135, 571.1612900733023], [556.7211848412531, 779.5501611745162], [311.83156753161865, 885.8387099266977]], '{', 0.1590992908009179), ([[605.1758366163078, 1237.1154281570775], [700.9632888959873, 1249.532112279581], [695.8241633836922, 1277.8845718429225], [600.0367111040127, 1265.467887720419]], '$ [4 & 7', 0.03893570070458116), ([[748.6304381980899, 1613.2847966121687], [980.0365061575544, 1589.7172956599268], [983.3695618019101, 1673.7152033878313], [750.9634938424456, 1698.2827043400732]], '@내@@', 0.12939909100532532), ([[563.1270311998163, 1658.1970466391365], [756.0773479321691, 1644.0305604447626], [756.8729688001837, 1722.8029533608635], [564.9226520678309, 1737.9694395552374]], '@@안', 0.07366254713970638), ([[165.43454584914335, 1752.2078196418304], [245.5363677507225, 1743.0729950814641], [249.56545415085665, 1800.7921803581696], [169.4636322492775, 1808.9270049185359]], '야', 0.9959072114579612)]
[([[275, 71], [332, 71], [332, 185], [275, 185]], '협', 0.05415495151615013), ([[1304, 28], [1384, 28], [1384, 176], [1304, 176]], '@%', 0.06624111366061602), ([[178, 79], [291, 79], [291, 280], [178, 280]], '#독', 0.07688254512005822), ([[9, 795], [45, 795], [45, 845], [9, 845]], '8', 0.5567616400242947), ([[93, 781], [135, 781], [135, 837], [93, 837]], '(', 0.05311102314618754), ([[92, 872], [142, 872], [142, 949], [92, 949]], '@', 0.7907695559954995), ([[266, 1759], [296, 1759], [296, 1834], [266, 1834]], '통', 0.6284045573213604), ([[42.71796388555807, 774.0079607743778], [84.61360610778904, 769.0377940848365], [102.28203611444194, 960.9920392256222], [60.38639389221096, 964.9622059151635]], '}', 0.033051827996732897)]
[([[109, 1469], [1117, 1469], [1117, 1513], [109, 1513]], '그쇼3" )  춤이주초/-2170 < 3[0##한-5+5수뜻0136)53,101*0초', 0.0004620501864149464), ([[115, 1508], [1124, 1508], [1124, 1552], [115, 1552]], '5. 그취퓨77)5<+내한합}논 #쫓내<<5512하727료08내떼', 0.00010981767198460516), ([[113, 1551], [1209, 1551], [1209, 1593], [113, 1593]], '눈7닦5800*159+) 료발<56디3? <^^" 7,101/하슬<[움"):내#', 1.6846613262765786e-05), ([[113, 1591], [1179, 1591], [1179, 1635], [113, 1635]], '7_첫#이큼품노토 #(0어#성내) 토춧심|곰구청속-<논 < 눈 {( :합', 1.4645607763060908e-05), ([[119, 1633], [392, 1633], [392, 1673], [119, 1673]], '" 그차끗다하내(1:', 0.006105915407450701), ([[128, 1712], [682, 1712], [682, 1764], [128, 1764]], '틀륭다류잡이]초 그5##량틈- 쪽|금7환]', 0.0015898341547684915), ([[146, 1782], [218, 1782], [218, 1812], [146, 1812]], '표;저벼', 0.0033090694341808558), ([[250, 1782], [538, 1782], [538, 1812], [250, 1812]], '2021.1231 (그5비 99)', 0.4055998631912813), ([[146, 1810], [198, 1810], [198, 1838], [146, 1838]], '품품', 0.028488615037617904), ([[250, 1808], [366, 1808], [366, 1838], [250, 1838]], '0303한', 0.1529327713609832), ([[146, 1836], [196, 1836], [196, 1866], [146, 1866]], '월;', 0.006309875515426814), ([[250, 1836], [414, 1836], [414, 1866], [250, 1866]], '훌소록 시미중#', 0.013250883659411697), ([[148, 1862], [192, 1862], [192, 1888], [148, 1888]], '너', 0.057099238523454554), ([[248, 1862], [548, 1862], [548, 1890], [248, 1890]], '훌++오://$*어-플 6어855.+~2침어어/', 1.3109359163331765e-05), ([[667.099391217182, 145.03123352742017], [994.8693434175951, 204.16152236891497], [967.900608782818, 314.96876647257983], [640.1306565824049, 254.83847763108503]], '5|488', 0.07521734359746905)]
[([[552, 783], [727, 783], [727, 860], [552, 860]], '[ [', 0.24544121325016022), ([[638, 932], [966, 932], [966, 960], [638, 960]], '0 @ 근현 히스 하 (17,51(하소', 0.0008154457074788355), ([[446, 934], [981, 934], [981, 1049], [446, 1049]], '훌기-집하끓', 0.0009187698460780622), ([[574.0729607040108, 860.0866917312577], [716.934777939989, 879.195036222555], [708.9270392959892, 922.9133082687423], [566.065222060011, 903.804963777445]], "$ 7 ;'", 0.056518463113612666)]
[([[237, 584], [530, 584], [530, 837], [237, 837]], '대', 0.029345056134445713), ([[589, 1186], [706, 1186], [706, 1237], [589, 1237]], '너거 [', 0.02075294721301155), ([[601, 1237], [702, 1237], [702, 1278], [601, 1278]], '$ 4&7)', 0.024337275962556085)]
[([[1045, 199], [1141, 199], [1141, 267], [1045, 267]], '8<', 0.6084366842164032), ([[-1.794895396544345, 1726.3332719689847], [108.37506731035593, 1667.3109729398436], [126.79489539654435, 1709.6667280310153], [15.62493268964407, 1768.6890270601564]], '@4.', 0.013930954027265394)]
[]
[]
[([[241, 1751], [283, 1751], [283, 1801], [241, 1801]], '4', 0.8477470160665348), ([[20.890599607549543, 1758.3358994113244], [60.67141095940255, 1754.9016442266784], [62.10940039245046, 1776.6641005886756], [22.328589040597453, 1780.0983557733216]], '4앗', 0.05760331243978882), ([[64.58578643762691, 1978.585786437627], [104.65656682625593, 1972.8793812645915], [107.41421356237309, 1991.414213562373], [67.34343317374407, 1998.1206187354085]], '9077', 0.4536881148815155)]
[]
[([[243, 745], [389, 745], [389, 885], [243, 885]], '국', 0.1264687616246798)]
[]
[]
[([[667.1055728090001, 144.0308057305012], [994.874764899205, 205.1998808955519], [967.8944271909999, 314.96919426949876], [640.125235100795, 254.8001191044481]], '하+83', 0.022752195596694946)]
[([[0, 0], [337, 0], [337, 223], [0, 223]], "''", 0.0808176983379493), ([[561.9666700642312, 782.0766894303488], [728.8372104022031, 802.4991489361017], [718.0333299357688, 862.9233105696512], [551.1627895977969, 841.5008510638983]], '[ 벼 도', 0.11582499538075504), ([[574.0729607040108, 860.0866917312577], [716.934777939989, 879.195036222555], [708.9270392959892, 922.9133082687423], [566.065222060011, 903.804963777445]], '8 7{', 0.008078720420598984)]
[]
[([[188, 86], [218, 86], [218, 118], [188, 118]], '잘', 0.9994191774952164), ([[941, 34], [1106, 34], [1106, 138], [941, 138]], '(혼율5?', 0.02983797932067954), ([[156, 118], [244, 118], [244, 144], [156, 144]], '나오나?', 0.9980344772338867), ([[87, 161], [185, 161], [185, 201], [87, 201]], '괜찮야?', 0.8222746849060059), ([[722, 80], [872, 80], [872, 208], [722, 208]], '(', 0.014245882938071441), ([[21, 183], [69, 183], [69, 223], [21, 223]], '부들', 0.9998039384906277), ([[76, 460], [140, 460], [140, 510], [76, 510]], '무슨', 0.04778120563714047), ([[688, 494], [748, 494], [748, 544], [688, 544]], '두근', 0.9957602198299488), ([[1167, 497], [1219, 497], [1219, 533], [1167, 533]], '그럼', 0.9998870483144598), ([[1171, 527], [1225, 527], [1225, 565], [1171, 565]], '방송', 0.9943582593590864), ([[1139, 559], [1241, 559], [1241, 597], [1139, 597]], "{'작활게", 0.44241438046932724), ([[104, 586], [170, 586], [170, 713], [104, 713]], '@', 0.04261732665542528), ([[665, 747], [729, 747], [729, 787], [665, 787]], '오늘은', 0.9986984165673671), ([[661, 779], [735, 779], [735, 817], [661, 817]], '친구인', 0.9982121273785671), ([[661, 811], [732, 811], [732, 844], [661, 844]], '히나도', 0.929338127981908), ([[661, 843], [735, 843], [735, 885], [661, 885]], '불럽어', 0.16587718118201794), ([[140, 1184], [190, 1184], [190, 1216], [140, 1216]], '으양', 0.9908366394300885), ([[116, 1212], [211, 1212], [211, 1249], [116, 1249]], '부끄러워', 0.7838815450668335), ([[603, 1645], [685, 1645], [685, 1685], [603, 1685]], '괜찮야', 0.5558816099379443), ([[614, 1682], [670, 1682], [670, 1708], [614, 1708]], '보보', 0.8186559023539245), ([[190, 1710], [242, 1710], [242, 1742], [190, 1742]], '우와', 0.7207137442734661), ([[607, 1707], [679, 1707], [679, 1751], [607, 1751]], '얼굴은', 0.9983262824120546), ([[615, 1745], [673, 1745], [673, 1781], [615, 1781]], '필터', 0.9856844231296394), ([[599, 1773], [693, 1773], [693, 1811], [599, 1811]], '적용되서', 0.38392165303230286), ([[597, 1807], [690, 1807], [690, 1839], [597, 1839]], '모르니만', 0.6153745651245117), ([[951.9127277988578, 131.27709285577387], [1069.1717669937107, 112.90988289178499], [1076.0872722011422, 183.72290714422613], [959.8282330062893, 203.09011710821503]], "모'", 0.011614476668605274), ([[1040.6004994817495, 217.88089906714924], [1133.6715207059658, 188.78685370493668], [1148.3995005182505, 248.11910093285076], [1055.3284792940342, 276.2131462950633]], '8 [', 0.19041882455348969), ([[-1.9230769230769234, 1724.3846153846155], [108.4157856438787, 1667.3486429324055], [125.92307692307692, 1709.6153846153845], [14.584214356121295, 1767.6513570675945]], '@내:', 0.037195710968894964)]
[([[330, 62], [382, 62], [382, 92], [330, 92]], '뛰야', 0.8327061111597232), ([[319, 91], [390, 91], [390, 122], [319, 122]], '히나도', 0.9784670427940264), ([[300, 122], [412, 122], [412, 197], [300, 197]], '낱0화', 0.0011459876275168894), ([[642, 98], [748, 98], [748, 200], [642, 200]], '식', 0.0658466762834573), ([[803, 39], [867, 39], [867, 203], [803, 203]], '7', 0.5910900392462146), ([[1300, 188], [1358, 188], [1358, 216], [1300, 216]], '보보', 0.9152061411392598), ([[1293, 215], [1365, 215], [1365, 253], [1293, 253]], '젖가슴', 0.716648826756719), ([[1266, 326], [1298, 326], [1298, 352], [1266, 352]], '꽤', 0.9919454580297646), ([[1250, 356], [1314, 356], [1314, 388], [1250, 388]], '임지?', 0.5642475618053598), ([[1174, 731], [1247, 731], [1247, 869], [1174, 869]], '8', 0.7906302687628717), ([[1124, 1088], [1148, 1088], [1148, 1122], [1124, 1122]], '음', 0.9984301534081084), ([[1116, 1124], [1166, 1124], [1166, 1152], [1116, 1152]], '아직', 0.9784519401645315), ([[1091, 1153], [1195, 1153], [1195, 1191], [1091, 1191]], '절벽잡아', 0.6769006848335266), ([[932, 1458], [990, 1458], [990, 1488], [932, 1488]], '보보', 0.5374519360440524), ([[936, 1492], [984, 1492], [984, 1520], [936, 1520]], '누가', 0.9977141308482099), ([[923, 1525], [949, 1525], [949, 1545], [923, 1545]], '더', 0.9995395475307909), ([[956, 1524], [998, 1524], [998, 1548], [956, 1548]], '커?', 0.8687506201412943), ([[370, 1564], [412, 1564], [412, 1590], [370, 1590]], '어?', 0.9999415006754448), ([[417, 1561], [471, 1561], [471, 1601], [417, 1601]], '둘대', 0.8696743724561373), ([[374, 1596], [462, 1596], [462, 1626], [374, 1626]], '작다고?', 0.9999083280563354), ([[60, 1660], [106, 1660], [106, 1686], [60, 1686]], '11끄', 0.11515210724341805), ([[304, 1638], [361, 1638], [361, 1729], [304, 1729]], '(', 0.1001953281964072), ([[50, 1690], [120, 1690], [120, 1722], [50, 1722]], '컴네!!', 0.5034372210502625), ([[522, 1842], [664, 1842], [664, 1872], [522, 1872]], '잠깐 카메라', 0.9889174924745741), ([[532, 1872], [604, 1872], [604, 1902], [532, 1902]], '비추지', 0.9959844247233841), ([[611, 1877], [641, 1877], [641, 1897], [611, 1897]], '마', 0.9995029590403561), ([[463.0576515495434, 764.0222128503199], [724.6351808181367, 859.1974121655016], [661.9423484504566, 1015.9777871496801], [401.36481918186325, 921.8025878344984]], '대대@6', 0.0005383564857766032), ([[674.2594976178453, 908.0392776077462], [739.9353661686924, 967.0509498927053], [696.7405023821547, 1015.9607223922538], [631.0646338313076, 955.9490501072947]], '@', 0.9549567127469913), ([[1108.81891004408, 1741.031726819888], [1300.7396993539423, 1782.4750848973256], [1255.18108995592, 1970.968273180112], [1063.2603006460577, 1928.5249151026744]], '83,', 0.7378411293029785)]
[([[458, 66], [518, 66], [518, 114], [458, 114]], '두근', 0.9898090798399526), ([[546, 198], [604, 198], [604, 250], [546, 250]], '두근', 0.9963704754693955), ([[1067, 439], [1141, 439], [1141, 472], [1067, 472]], '히나도', 0.9627323059824364), ([[1065, 473], [1143, 473], [1143, 509], [1065, 509]], '엉덩이', 0.9984730557390793), ([[1056, 506], [1154, 506], [1154, 538], [1056, 538]], '보여주보', 0.9597429037094116), ([[563, 533], [593, 533], [593, 553], [563, 553]], '이', 0.9933488468271925), ([[14, 564], [76, 564], [76, 614], [14, 614]], '두근', 0.9949302189883013), ([[537, 559], [627, 559], [627, 595], [537, 595]], '인렇제)?', 0.5208759153211571), ([[336, 1428], [410, 1428], [410, 1456], [336, 1456]], '어사피', 0.251301354123567), ([[146, 1448], [170, 1448], [170, 1476], [146, 1476]], '오', 0.9999904632795733), ([[327, 1465], [355, 1465], [355, 1485], [327, 1485]], '다', 0.9996033108327538), ([[359, 1457], [431, 1457], [431, 1499], [359, 1499]], '보여출', 0.7024848836985201), ([[586, 1459], [667, 1459], [667, 1500], [586, 1500]], '보임요', 0.10819701649248821), ([[1138, 1458], [1194, 1458], [1194, 1486], [1138, 1486]], '팬티', 0.8250062847641414), ([[95, 1483], [149, 1483], [149, 1523], [95, 1523]], '반응', 0.9990948900070967), ([[338, 1492], [408, 1492], [408, 1524], [338, 1524]], '거니깐', 0.6437868485905017), ([[1125, 1489], [1205, 1489], [1205, 1525], [1125, 1525]], '조금 더', 0.9421552997373843), ([[333, 1521], [415, 1521], [415, 1561], [333, 1561]], '괜찮아', 0.4867922141833357), ([[1126, 1522], [1206, 1522], [1206, 1550], [1126, 1550]], '내려보', 0.8036276948569098), ([[1239, 1635], [1287, 1635], [1287, 1671], [1239, 1671]], '스옥', 0.1572914765939448), ([[657, 1735], [683, 1735], [683, 1753], [657, 1753]], '어', 0.9999899864447457), ([[716, 1732], [762, 1732], [762, 1756], [716, 1756]], '이거', 0.9996076353896305), ([[667, 1761], [757, 1761], [757, 1797], [667, 1797]], '보이논거', 0.9370761513710022), ([[666, 1796], [754, 1796], [754, 1820], [666, 1820]], '아니야?', 0.9998412728309631), ([[663, 1823], [761, 1823], [761, 1861], [663, 1861]], '괜찮야?', 0.9936344027519226), ([[607.3148559642531, 1235.0392468890013], [654.7189209611452, 1221.0432263219402], [685.6851440357469, 1333.9607531109987], [639.2810790388548, 1348.9567736780598]], '8', 0.7080917282022234), ([[144.02682341501134, 1476.3241410735102], [250.37311880049455, 1451.8501001051793], [257.97317658498866, 1490.6758589264898], [152.62688119950545, 1514.1498998948207]], '엄청난데', 0.990020215511322), ([[1.3051384180818806, 1812.0815813559439], [30.133690992279835, 1809.2224570689143], [35.69486158191812, 1859.9184186440561], [7.866309007720165, 1863.7775429310857]], '움', 0.8072513120737632)]
[([[231, 103], [311, 103], [311, 145], [231, 145]], '히익!', 0.9088951798038181), ([[1115, 141], [1167, 141], [1167, 177], [1115, 177]], '그럼', 0.9998722131468436), ([[1086, 176], [1176, 176], [1176, 204], [1086, 204]], '너비스로', 0.6919273138046265), ([[778, 180], [1024, 180], [1024, 404], [778, 404]], '0?', 0.15335125864098414), ([[359, 941], [434, 941], [434, 972], [359, 972]], '히나의', 0.6326524615287781), ([[38, 1000], [106, 1000], [106, 1024], [38, 1024]], '어간?', 0.993968165711506), ([[109, 997], [161, 997], [161, 1033], [109, 1033]], '조금', 0.6849192933597386), ([[354, 966], [432, 966], [432, 1048], [354, 1048]], '균업올', 0.12603620519394368), ([[484, 799], [685, 799], [685, 1150], [484, 1150]], ' ', 0.0459021359431413), ([[43, 1029], [157, 1029], [157, 1065], [43, 1065]], '젖어있어?', 0.6892490410419765), ([[551, 1179], [601, 1179], [601, 1219], [551, 1219]], '부들', 0.9997144248991409), ([[784, 1158], [836, 1158], [836, 1210], [784, 1210]], '부들', 0.5209758155563811), ([[420, 1272], [492, 1272], [492, 1302], [420, 1302]], '나스미', 0.969940702830116), ([[537, 1271], [589, 1271], [589, 1313], [537, 1313]], '부들', 0.9914807359140844), ([[1096, 1224], [1334, 1224], [1334, 1328], [1096, 1328]], '나스미', 0.9425265677077999), ([[432, 1308], [478, 1308], [478, 1336], [432, 1336]], '거도', 0.41680918875482226), ([[420, 1338], [490, 1338], [490, 1370], [420, 1370]], '보여주', 0.9628059867484443), ([[1072, 1327], [1382, 1327], [1382, 1430], [1072, 1430]], '@어이인', 0.5436533689498901), ([[1314, 1594], [1366, 1594], [1366, 1626], [1314, 1626]], '미안', 0.9997094519906654), ([[83, 1611], [143, 1611], [143, 1647], [83, 1647]], '잠깐', 0.9998609182329087), ([[75, 1643], [151, 1643], [151, 1679], [75, 1679]], '그만뒤', 0.7744810105049312), ([[1296, 1646], [1348, 1646], [1348, 1674], [1296, 1674]], '미안', 0.9997000961994426), ([[84, 1678], [138, 1678], [138, 1706], [84, 1706]], '팬티', 0.8249109145414227), ([[1286, 1676], [1356, 1676], [1356, 1706], [1286, 1706]], '하다고', 0.9983522238540072), ([[75, 1707], [147, 1707], [147, 1743], [75, 1743]], '늘어저', 0.46444741375286885), ([[82, 1742], [142, 1742], [142, 1768], [82, 1768]], '버려!', 0.9741443947198599), ([[1220.6366360300185, 161.30029963302027], [1332.2399915200253, 138.3500052999841], [1339.3633639699815, 179.69970036697973], [1227.7600084799747, 203.6499947000159]], '나하하', 0.7507540780437454), ([[41.351644915389485, 601.0351332215832], [85.47469780598873, 584.018807644542], [128.64835508461053, 704.9648667784168], [83.52530219401127, 721.981192355458]], '총', 0.0238992876913926), ([[872.4224957091271, 1152.0334630984937], [911.7592985242864, 1168.7033843710103], [878.5775042908729, 1247.9665369015063], [839.2407014757136, 1232.2966156289897]], '0', 0.9967713233013598), ([[1069.7990780016776, 1622.1588936020132], [1171.1899904235374, 1601.271634142813], [1178.2009219983224, 1641.8411063979868], [1076.8100095764626, 1662.728365857187]], '(년인장은', 0.5239890367959265), ([[1073.6750472251235, 1652.7450661151731], [1184.6200948069993, 1638.2985554407103], [1188.3249527748765, 1673.2549338848269], [1077.3799051930007, 1688.7014445592897]], '반칙이야!', 0.5177291647027396), ([[20.890599607549543, 1758.3358994113244], [60.67141095940255, 1754.9016442266784], [62.10940039245046, 1776.6641005886756], [22.328589040597453, 1780.0983557733216]], '+앗', 0.053093908554644284), ([[64.36153615896193, 1980.8530753112734], [104.63393572652953, 1972.8466336048027], [108.63846384103807, 1990.1469246887266], [67.36606427347047, 1999.1533663951973]], '777', 0.21979006271205728)]
[([[573, 157], [649, 157], [649, 193], [573, 193]], '나스미', 0.6201867696413447), ([[572, 194], [648, 194], [648, 222], [572, 222]], '바보야', 0.9415904854377731), ([[518, 234], [548, 234], [548, 258], [518, 258]], '마', 0.9998868735837938), ([[543, 229], [593, 229], [593, 265], [543, 265]], '음에', 0.947483623405307), ([[531, 263], [579, 263], [579, 299], [531, 299]], '드는', 0.9994752277807946), ([[1271, 271], [1331, 271], [1331, 307], [1271, 307]], '03', 0.7176588931280984), ([[528, 296], [582, 296], [582, 324], [528, 324]], '팬티', 0.7975385177792672), ([[515, 322], [594, 322], [594, 366], [515, 366]], '연는데', 0.5482217313404318), ([[1112, 344], [1346, 344], [1346, 393], [1112, 393]], '[@_8다뭄 [@:', 0.006701037065771823), ([[191, 667], [267, 667], [267, 705], [191, 705]], '정말로', 0.9998785239538365), ([[202, 700], [254, 700], [254, 730], [202, 730]], '미안', 0.9998650484582969), ([[153, 731], [229, 731], [229, 767], [153, 767]], '다음에', 0.9958490503380455), ([[171, 765], [225, 765], [225, 801], [171, 801]], '같이', 0.9997731731967875), ([[142, 800], [194, 800], [194, 826], [142, 826]], '나러', 0.13732361812603033), ([[201, 803], [251, 803], [251, 823], [201, 823]], '가자', 0.6160029002644335), ([[197, 1059], [269, 1059], [269, 1095], [197, 1095]], "'밀어서", 0.8940232992172241), ([[183, 1089], [285, 1089], [285, 1127], [183, 1127]], '매끈매끈', 0.9248758554458618), ([[379, 1087], [457, 1087], [457, 1123], [379, 1123]], '그렇지', 0.9998330999912157), ([[208, 1124], [260, 1124], [260, 1150], [208, 1150]], '하게', 0.4381975540233783), ([[377, 1117], [459, 1117], [459, 1155], [377, 1155]], '압거든!', 0.2861557602882385), ([[667, 1087], [709, 1087], [709, 1175], [667, 1175]], '?', 0.9955062205105811), ([[1245, 1117], [1269, 1117], [1269, 1135], [1245, 1135]], '어', 0.9999641183257246), ([[1277, 1111], [1351, 1111], [1351, 1149], [1277, 1149]], '히나는', 0.2691582092943474), ([[1270, 1148], [1326, 1148], [1326, 1172], [1270, 1172]], '꽤냐', 0.5947794516974451), ([[172, 1152], [293, 1152], [293, 1191], [172, 1191]], '해버길자?', 0.18362736562401138), ([[1246, 1178], [1348, 1178], [1348, 1210], [1246, 1210]], '자라입네', 0.5890970826148987), ([[129, 1203], [267, 1203], [267, 1239], [129, 1239]], '제방부 니깐', 0.44678798538800163), ([[121, 1235], [273, 1235], [273, 1271], [121, 1271]], '제모 갈자나?', 0.19871112980018316), ([[108, 1418], [154, 1418], [154, 1446], [108, 1446]], '소', 0.825488165415468), ([[81, 1443], [183, 1443], [183, 1485], [81, 1485]], '손질850', 0.04435002210573158), ([[369, 1471], [481, 1471], [481, 1509], [369, 1509]], '동생거보다', 0.39511329339347995), ([[713, 1457], [807, 1457], [807, 1499], [713, 1499]], '와우 ^', 0.7399577504270007), ([[995, 1465], [1107, 1465], [1107, 1501], [995, 1501]], '두 나람의', 0.8381136822891742), ([[83, 1479], [183, 1479], [183, 1517], [83, 1517]], '양의면6', 0.05065577104687691), ([[377, 1503], [483, 1503], [483, 1541], [377, 1541]], '엄청 크다', 0.8839195139353827), ([[717, 1501], [801, 1501], [801, 1545], [717, 1545]], '우와!', 0.5850255643068176), ([[987, 1495], [1113, 1495], [1113, 1537], [987, 1537]], '방송울 보니', 0.8357059439005576), ([[1011, 1529], [1087, 1529], [1087, 1565], [1011, 1565]], '이렇게', 0.5906991784485232), ([[1253, 1521], [1307, 1521], [1307, 1557], [1253, 1557]], '원가', 0.5027186973995873), ([[977, 1561], [1121, 1561], [1121, 1597], [977, 1597]], '되어버려어요', 0.8110590376722381), ([[1257, 1553], [1313, 1553], [1313, 1591], [1257, 1591]], '얇어', 0.07042867510322008), ([[157, 1863], [215, 1863], [215, 1899], [157, 1899]], '딱물', 0.18627027107714153), ([[12, 1884], [94, 1884], [94, 1916], [12, 1916]], '진정해', 0.6958250940482329), ([[126.12649295349733, 219.25537463259042], [211.0601088027995, 207.16313129144166], [216.87350704650265, 268.7446253674096], [132.9398911972005, 281.83686870855837]], '울쩍적', 0.27250050063321934), ([[1127.052175279236, 623.1139186448675], [1248.9730525563489, 640.5364772017593], [1242.947824720764, 671.8860813551325], [1121.0269474436511, 655.4635227982407]], '{0-', 0.44679995474021156), ([[487.44958326707695, 1800.0189573726161], [544.4365072383987, 1781.0119175373043], [600.550416732923, 1960.9810426273839], [542.5634927616013, 1979.9880824626957]], '"', 0.9797489491630564), ([[1027.4726280845491, 1905.0467172734745], [1053.4017536880042, 1896.027022708769], [1076.5273719154509, 1966.9532827265255], [1049.5982463119958, 1975.972977291231]], '@', 0.4162164534962045)]
[([[333, 83], [355, 83], [355, 99], [333, 99]], '느', 0.3165830322600982), ([[689, 75], [775, 75], [775, 119], [689, 119]], '두근어', 0.5156873796380664), ([[947, 66], [1038, 66], [1038, 120], [947, 120]], '두근6', 0.3477537997734117), ([[1101, 135], [1151, 135], [1151, 171], [1101, 171]], '그럼', 0.9998411100785592), ([[1089, 169], [1165, 169], [1165, 205], [1089, 205]], '답레로', 0.49491488992059285), ([[252, 210], [300, 210], [300, 240], [252, 240]], '우으.', 0.774210458650058), ([[1087, 193], [1165, 193], [1165, 234], [1087, 234]], '이쪽도', 0.9294677563740981), ([[264, 242], [294, 242], [294, 268], [264, 268]], '왜', 0.9937322907558723), ([[1079, 229], [1173, 229], [1173, 269], [1079, 269]], '보여물게', 0.1002398282289505), ([[236, 274], [312, 274], [312, 298], [236, 298]], '나까지', 0.7358831674725544), ([[79, 444], [172, 444], [172, 505], [79, 505]], '두근?', 0.2628906945159008), ([[1115, 480], [1347, 480], [1347, 624], [1115, 624]], "'여@동염", 0.01131987667387713), ([[681, 657], [750, 657], [750, 688], [681, 688]], '히나도', 0.9807379937858892), ([[677, 691], [759, 691], [759, 727], [677, 727]], '벌려보', 0.9570825750456873), ([[237, 745], [385, 745], [385, 885], [237, 885]], '구', 0.11214411163472793), ([[302, 984], [374, 984], [374, 1060], [302, 1060]], '0초', 0.02824312374554273), ([[786, 1166], [856, 1166], [856, 1190], [786, 1190]], '어때?', 0.9970207945376703), ([[745, 1197], [897, 1197], [897, 1233], [745, 1233]], '보지 잘 보여?', 0.8814210754067766), ([[257, 1209], [317, 1209], [317, 1302], [257, 1302]], '$', 0.952133367684965), ([[265, 1305], [305, 1305], [305, 1365], [265, 1365]], '0', 0.9857104193046418), ([[691, 1327], [793, 1327], [793, 1365], [691, 1365]], '모두 엄청', 0.7156150038587779), ([[689, 1358], [794, 1358], [794, 1396], [689, 1396]], '자우  해쥐', 0.3739605582727964), ([[601, 1629], [837, 1629], [837, 1739], [601, 1739]], '대출@', 0.07916730822517501), ([[74, 1778], [168, 1778], [168, 1808], [74, 1808]], '무언가에', 0.8541711568832397), ([[449, 1761], [499, 1761], [499, 1799], [449, 1799]], '두근.', 0.9648884653088666), ([[624, 1782], [672, 1782], [672, 1814], [624, 1814]], '두근.', 0.49169110751620615), ([[1093, 1783], [1113, 1783], [1113, 1813], [1093, 1813]], '올', 0.17902787956362332), ([[81, 1807], [163, 1807], [163, 1845], [81, 1845]], '눈이 뜯', 0.4502330121752159), ([[241, 1787], [295, 1787], [295, 1831], [241, 1831]], '알몽', 0.2846268069761197), ([[69, 1839], [173, 1839], [173, 1877], [69, 1877]], '히나연다', 0.1927778422832489), ([[1047, 1841], [1125, 1841], [1125, 1881], [1047, 1881]], '버럿어', 0.18275892061196217), ([[397, 1863], [447, 1863], [447, 1905], [397, 1905]], '두근.', 0.6423309174393971), ([[295.79907800167763, 68.15889360201312], [377.7307065064177, 45.67106188658114], [388.20092199832237, 87.84110639798688], [305.2692934935823, 110.32893811341886]], '두근어', 0.25195568799972534), ([[343.7692307692308, 964.8461538461538], [590.5015679098827, 918.4574187192351], [602.2307692307693, 1009.1538461538462], [355.4984320901172, 1055.542581280765]], '\'*기하중3""(', 0.005107610941536646), ([[1191.9973506193548, 1178.0843686541932], [1232.568854555768, 1155.0270271644363], [1281.0026493806452, 1248.9156313458068], [1241.431145444232, 1271.9729728355637]], '육', 0.20630313534997313), ([[290.63663603001845, 1774.3002996330204], [405.325155946309, 1752.4914095511408], [411.36336396998155, 1792.6997003669796], [296.674844053691, 1815.5085904488592]], '보여주논거', 0.6429764248041931), ([[253.0970966215454, 1822.0194193243092], [403.3894778645719, 1785.6057393465971], [412.9029033784546, 1825.9805806756908], [262.6105221354281, 1862.3942606534029]], "'기분놔음지도 .", 0.05638113572831885), ([[1048.3088020879675, 1800.0601719014148], [1164.9930974927, 1828.765111912194], [1153.6911979120325, 1864.9398280985852], [1038.0069025073, 1836.234888087806]], '묘위/당해', 0.005875281221108079)]
