2161019
169
[([[373, 77], [511, 77], [511, 115], [373, 115]], '허 @0산소', 0.008974003820602643), ([[496, 226], [642, 226], [642, 250], [496, 250]], '#모{ 이하조5+사소', 0.002145278071622637), ([[498, 252], [598, 252], [598, 276], [498, 276]], '4*제-소채7', 0.016818595712405356), ([[496, 278], [624, 278], [624, 302], [496, 302]], '앞통5+-1 #꾸금', 0.03019346134332599), ([[152, 385], [268, 385], [268, 405], [152, 405]], '표수06204*+4', 0.2250204423061891), ([[154, 410], [234, 410], [234, 434], [154, 434]], '*41 35**', 0.16037266010545526)]
[([[276, 12], [318, 12], [318, 36], [276, 36]], '안돼', 0.4101311249400844), ([[548, 20], [630, 20], [630, 44], [548, 44]], '싫어싫어 !', 0.6989285189852005), ([[548, 42], [646, 42], [646, 66], [548, 66]], '누나   안에다', 0.9827258919401209), ([[556, 62], [620, 62], [620, 86], [556, 86]], '쌀거야 !', 0.8067819776933062), ([[46, 130], [92, 130], [92, 158], [46, 158]], '싫엇', 0.6429913168886321), ([[95, 287], [129, 287], [129, 307], [95, 307]], '안쇄', 0.3117431491418665), ([[93, 309], [131, 309], [131, 329], [93, 329]], '안돼', 0.24803305425877079), ([[93, 331], [129, 331], [129, 351], [93, 351]], '안쇄', 0.12305823233841483), ([[55, 361], [91, 361], [91, 381], [55, 381]], '안돼', 0.4966836360543558), ([[54, 380], [92, 380], [92, 404], [54, 404]], '안돼', 0.6494354519826135), ([[54, 402], [100, 402], [100, 426], [54, 426]], '안돼!', 0.6144127939094554)]
[([[628, 44], [678, 44], [678, 74], [628, 74]], '보험', 0.9998909256984407), ([[616, 74], [712, 74], [712, 100], [616, 100]], '교과서에', 0.9995718002319336), ([[606, 102], [702, 102], [702, 132], [606, 132]], '적혀워는', 0.3946434557437897), ([[606, 132], [702, 132], [702, 158], [606, 158]], '대로야-!', 0.9835313331429129), ([[624, 170], [700, 170], [700, 200], [624, 200]], '집에서', 0.996650601659876), ([[604, 198], [724, 198], [724, 230], [604, 230]], '알아앞거든', 0.2576335912933452), ([[84, 294], [160, 294], [160, 324], [84, 324]], '여기가', 0.9999304177282589), ([[62, 322], [180, 322], [180, 352], [62, 352]], '대음순이고', 0.9989829589380986), ([[84, 352], [158, 352], [158, 382], [84, 382]], '여기가', 0.9999262194121389), ([[62, 380], [136, 380], [136, 410], [62, 410]], '소음순', 0.9389445258756418), ([[50, 644], [150, 644], [150, 674], [50, 674]], '어라라 ~?', 0.7103782149606298), ([[52, 674], [158, 674], [158, 704], [52, 704]], '오즘   싸는', 0.6498655893308187), ([[62, 702], [134, 702], [134, 732], [62, 732]], '구멍은', 0.9982909141194555), ([[50, 732], [150, 732], [150, 762], [50, 762]], '어디지 ~?', 0.7247087423280972)]
[([[556, 126], [642, 126], [642, 156], [556, 156]], '그렇지 !', 0.8490847078369318), ([[568, 156], [618, 156], [618, 186], [568, 186]], '오즘', 0.8114266562574434), ([[544, 184], [652, 184], [652, 214], [544, 214]], '나오는  곳', 0.8437090812033536), ([[556, 214], [640, 214], [640, 240], [556, 240]], '보여쥐 !', 0.7421904912659498), ([[63, 315], [133, 315], [133, 351], [63, 351]], '옛 !?', 0.9909162521362305)]
[([[594, 76], [618, 76], [618, 100], [594, 100]], '자', 0.9999831915608048), ([[586, 98], [624, 98], [624, 122], [586, 122]], '빨리', 0.9992681562896123), ([[586, 118], [624, 118], [624, 142], [586, 142]], '빨리', 0.9998960674535555), ([[461, 217], [485, 217], [485, 237], [461, 237]], '자 ', 0.6317717083837334), ([[492, 216], [534, 216], [534, 240], [492, 240]], '잠깐', 0.9998868797326474), ([[463, 239], [533, 239], [533, 259], [463, 259]], '요테이군', 0.5498538017272949), ([[327, 261], [379, 261], [379, 281], [327, 281]], '넘으로', 0.5478776373180203), ([[326, 280], [364, 280], [364, 304], [326, 304]], '웃도', 0.5397429893530485), ([[324, 302], [364, 302], [364, 326], [324, 326]], '전부', 0.9701816413395337), ([[324, 324], [380, 324], [380, 348], [324, 348]], '벗갈게', 0.5866418567306109), ([[105, 359], [127, 359], [127, 379], [105, 379]], '그', 0.9999738933359801), ([[139, 359], [177, 359], [177, 379], [139, 379]], '그만', 0.9999905591189865), ([[268, 364], [306, 364], [306, 388], [268, 388]], '오즘', 0.943624895986981), ([[253, 387], [329, 387], [329, 407], [253, 407]], '쌀 때까지', 0.8687617732451501), ([[266, 406], [306, 406], [306, 430], [266, 430]], '안줄', 0.9732156759001725), ([[258, 428], [324, 428], [324, 452], [258, 452]], '거니까 ~', 0.7754191835977872)]
[([[578, 94], [686, 94], [686, 124], [578, 124]], '아야   누나', 0.7405790199213311), ([[578, 124], [698, 124], [698, 154], [578, 154]], '빨리   빨리 !', 0.9960846002585076), ([[110, 148], [184, 148], [184, 178], [110, 178]], '그렇게', 0.9601341729397886), ([[98, 177], [196, 177], [196, 207], [98, 207]], '쳐다보면', 0.9994338750839233), ([[98, 208], [176, 208], [176, 236], [98, 236]], '안나와_', 0.931755542755127), ([[72, 446], [124, 446], [124, 476], [72, 476]], '오즘', 0.37122052665659144), ([[48, 474], [152, 474], [152, 502], [48, 502]], '쌀   때까지', 0.7248019755841351), ([[48, 502], [156, 502], [156, 532], [48, 532]], '쭉 기다필', 0.19778886541296742), ([[58, 532], [136, 532], [136, 562], [58, 562]], '거니까', 0.9993084044443236), ([[46, 560], [144, 560], [144, 590], [46, 590]], '걱정마탓', 0.3735654354095459)]
[([[228, 192], [259, 192], [259, 253], [228, 253]], '~', 0.9531375545945737)]
[([[589, 117], [611, 117], [611, 135], [589, 135]], '어', 0.9999874830637658), ([[622, 114], [662, 114], [662, 140], [622, 140]], '때?', 0.9995880815556595), ([[564, 142], [686, 142], [686, 172], [564, 172]], '쌀거   같아?', 0.8480960355962369), ([[78, 324], [150, 324], [150, 354], [78, 354]], '앞으로', 0.9990135202745739), ([[78, 354], [128, 354], [128, 380], [78, 380]], '조금', 0.999954144536763)]
[([[576, 70], [626, 70], [626, 96], [576, 96]], '아하', 0.999937370357561), ([[566, 100], [640, 100], [640, 128], [566, 128]], '보지가', 0.9976664918577883), ([[554, 128], [672, 128], [672, 158], [554, 158]], '벌름거려국', 0.708840011540633), ([[60, 222], [169, 222], [169, 252], [60, 252]], '싸분구나 !', 0.5503525057617267), ([[72, 252], [144, 252], [144, 280], [72, 280]], '앞으로', 0.998913668324517), ([[60, 279], [157, 279], [157, 309], [60, 309]], '조금이면', 0.9998582601547241), ([[58, 307], [169, 307], [169, 337], [58, 337]], '싸늘구나 !', 0.6062074173257398), ([[117, 693], [155, 693], [155, 757], [117, 757]], '싫', 0.18282205598154988), ([[581, 663], [621, 663], [621, 739], [581, 739]], '중', 0.008604866210144613), ([[557.3756770666055, 331.0656822130455], [583.4703026326022, 323.0370934146066], [600.6243229333945, 383.9343177869545], [573.5296973673978, 391.9629065853934]], '%', 0.0033802122055002215), ([[117.42275661783697, 434.05605875096853], [143.772987951681, 430.10129518119624], [152.57724338216303, 490.94394124903147], [126.227012048319, 495.89870481880376]], '#', 0.09256655848553752)]
[([[568, 194], [596, 194], [596, 222], [568, 222]], '앗', 0.48042517079256086), ([[117, 693], [155, 693], [155, 757], [117, 757]], '싫', 0.11048296048921102), ([[581, 663], [621, 663], [621, 739], [581, 739]], '다', 0.005855875347898554), ([[558.4334578190496, 327.0539806590581], [585.6062745861836, 322.06190008234097], [598.5665421809504, 384.9460193409419], [571.3937254138164, 390.93809991765903]], '중', 0.030873943913871438), ([[111.2446104253995, 432.0719742120774], [143.15496718208178, 427.17037197520256], [153.75538957460049, 491.9280257879226], [121.84503281791822, 497.82962802479744]], "'초", 0.12459117789176016)]
[([[618, 106], [688, 106], [688, 132], [618, 132]], '산다 크', 0.22370553016662598), ([[618, 134], [688, 134], [688, 162], [618, 162]], '산다 국', 0.11389858904455634), ([[56, 175], [151, 175], [151, 205], [56, 205]], '오즘싸는', 0.45917564630508423), ([[80, 206], [128, 206], [128, 234], [80, 234]], '구멍', 0.9996347749482962), ([[80, 234], [128, 234], [128, 260], [80, 260]], '위치', 0.9999980612455189), ([[68, 262], [140, 262], [140, 292], [68, 292]], '충분히', 0.9999547817733447), ([[56, 292], [150, 292], [150, 322], [56, 322]], '알켓어구', 0.05421163886785507), ([[117, 693], [155, 693], [155, 757], [117, 757]], '싫', 0.1649861825154062), ([[581, 663], [621, 663], [621, 739], [581, 739]], '다', 0.024746626460924404), ([[557.400119964012, 329.0605878236588], [584.4703026326022, 322.0370934146066], [599.599880035988, 383.9394121763412], [573.5296973673978, 390.9629065853934]], '개', 0.001581203405069967), ([[118.43345781904962, 434.0539806590581], [147.02132325081456, 431.17920245013124], [151.56654218095036, 491.9460193409419], [123.97867674918545, 494.82079754986876]], ':', 0.04786172004298184)]
[([[599, 41], [715, 41], [715, 77], [599, 77]], '아하하크', 0.4914478659629822), ([[585, 77], [719, 77], [719, 113], [585, 113]], '아야   누나', 0.6218999218781149), ([[615, 113], [703, 113], [703, 149], [615, 149]], '덕분에', 0.9971008758510538), ([[585, 149], [731, 149], [731, 185], [585, 185]], '자유연구는', 0.7205546200696146), ([[611, 179], [704, 179], [704, 222], [611, 222]], '충분해', 0.9762702584266663), ([[520, 254], [592, 254], [592, 282], [520, 282]], '고마위', 0.9588653330786637)]
[([[210, 0], [306, 0], [306, 210], [210, 210]], '곁', 0.4221700978797003), ([[606, 38], [638, 38], [638, 164], [606, 164]], '"', 0.9915954780809422), ([[19, 43], [151, 43], [151, 433], [19, 433]], '국', 0.021411749043936945)]
[([[79, 195], [175, 195], [175, 233], [79, 233]], '이렇게', 0.8947708718060076), ([[33, 233], [221, 233], [221, 271], [33, 271]], '요헤이군에게', 0.865063931665781), ([[59, 267], [191, 267], [191, 309], [59, 309]], '취둘리며', 0.2825610339641571), ([[47, 307], [207, 307], [207, 345], [47, 345]], '여름방학은', 0.9998319588621356), ([[29, 341], [223, 341], [223, 383], [29, 383]], '끝나자습니다', 0.715952104219143), ([[78, 420], [176, 420], [176, 452], [78, 452]], '그리고', 0.9999984170133134), ([[61, 453], [193, 453], [193, 493], [61, 493]], '여름방학', 0.9998711943626404), ([[45, 493], [193, 493], [193, 529], [45, 529]], '마지막 밤', 0.8649936542780786)]
[([[312, 114], [358, 114], [358, 140], [312, 140]], '정말_', 0.9912409840778503), ([[639, 129], [669, 129], [669, 149], [639, 149]], '우 ~', 0.7705841735636155), ([[304, 136], [400, 136], [400, 162], [304, 162]], '원송이처럼', 0.7834114522509946), ([[625, 151], [685, 151], [685, 171], [625, 171]], '드디어', 0.9807117022605496), ([[312, 160], [394, 160], [394, 184], [312, 184]], '야한짓만', 0.991333544254303), ([[160, 174], [220, 174], [220, 198], [160, 198]], '방에시', 0.9654333591461182), ([[322, 182], [364, 182], [364, 206], [322, 206]], '잔뜩', 0.999575776183097), ([[606, 172], [688, 172], [688, 198], [606, 198]], '해방이야', 0.9995086193084717), ([[150, 196], [230, 196], [230, 222], [150, 222]], '이상하게', 0.9973805546760559), ([[150, 220], [214, 220], [214, 244], [150, 244]], '줄리고', 0.7139847295859794), ([[460, 222], [538, 222], [538, 246], [460, 246]], '요헤이군', 0.9319477677345276), ([[466, 246], [528, 246], [528, 270], [466, 270]], '때문에', 0.9780448734667726), ([[458, 268], [538, 268], [538, 292], [458, 292]], '모처럼의', 0.9917963743209839), ([[447, 288], [548, 288], [548, 317], [447, 317]], '여름방학이', 0.5710770697556992), ([[458, 314], [548, 314], [548, 340], [458, 340]], '엉망이야 ~', 0.9921266825280288)]
[]
[]
[]
[]
[([[252, 142], [298, 142], [298, 166], [252, 166]], '아야', 0.9998926958099832), ([[252, 168], [296, 168], [296, 192], [252, 192]], '누나', 0.9998509719963578), ([[240, 192], [316, 192], [316, 218], [240, 218]], '푹 잠문', 0.5705152970188587), ([[242, 218], [326, 218], [326, 244], [242, 244]], '모양이 네', 0.8360508259808355), ([[46, 258], [106, 258], [106, 284], [46, 284]], '엄마꺼', 0.6079657844850496), ([[36, 282], [116, 282], [116, 306], [36, 306]], '수면제틀', 0.3856333792209625), ([[37, 307], [115, 307], [115, 327], [37, 327]], '저녁 밥에', 0.38689561413900253), ([[34, 326], [114, 326], [114, 352], [34, 352]], '섞없으니', 0.6047263145446777), ([[36, 350], [116, 350], [116, 374], [36, 374]], '당연 한가', 0.9367101989846378)]
[([[292, 44], [396, 44], [396, 74], [292, 74]], '아야  누나', 0.7493470106838679), ([[302, 72], [370, 72], [370, 98], [302, 98]], '때문에', 0.9934463591959544), ([[280, 100], [396, 100], [396, 124], [280, 124]], '그 뒤로 나', 0.6707841896978265), ([[292, 124], [392, 124], [392, 150], [292, 150]], '하안   오중', 0.5039501602344362), ([[302, 152], [370, 152], [370, 176], [302, 176]], '안싸면', 0.9571015280264743), ([[162, 182], [208, 182], [208, 210], [162, 210]], '내일', 0.9999869345019613), ([[280, 178], [402, 178], [402, 204], [280, 204]], '못자게   뒷어', 0.8876984528934017), ([[162, 210], [208, 210], [208, 236], [162, 236]], '집에', 0.997435485537644), ([[162, 236], [210, 236], [210, 262], [162, 262]], '돌아', 0.9994514808010362), ([[52, 254], [130, 254], [130, 280], [52, 280]], '또 혼자', 0.9747108580677231), ([[160, 262], [208, 262], [208, 288], [160, 288]], '가면', 0.4975844381851665), ([[42, 278], [138, 278], [138, 304], [42, 304]], '매일   고추', 0.9442004611498305), ([[42, 304], [148, 304], [148, 330], [42, 330]], '근질거리논', 0.7875708659575499), ([[42, 330], [138, 330], [138, 356], [42, 356]], '기   못참아', 0.5848849563117885)]
[([[230, 130], [328, 130], [328, 156], [230, 156]], '그래도 나', 0.4078608920239683), ([[240, 156], [306, 156], [306, 182], [240, 182]], '다음에', 0.9851536989523207), ([[232, 179], [326, 179], [326, 205], [232, 205]], '만날   동안', 0.9789533324636945), ([[52, 212], [114, 212], [114, 238], [52, 238]], '오늘은', 0.9997296582717051), ([[240, 206], [306, 206], [306, 230], [240, 230]], '제대로', 0.9964941644159158), ([[60, 238], [104, 238], [104, 262], [60, 262]], '하안', 0.9997628057766703), ([[220, 230], [328, 230], [328, 258], [220, 258]], '참울테니까', 0.8717986345732184), ([[60, 264], [102, 264], [102, 288], [60, 288]], '오즘', 0.6374959953296668), ([[58, 288], [104, 288], [104, 312], [58, 312]], '잔뜩', 0.9997075976876646), ([[58, 314], [104, 314], [104, 338], [58, 338]], '싸게', 0.5500875429742788), ([[58, 338], [114, 338], [114, 362], [58, 362]], '해쥐 !', 0.7719626542643476)]
[([[380, 172], [422, 172], [422, 198], [380, 198]], '먼지', 0.8904619651172896), ([[358, 198], [422, 198], [422, 224], [358, 224]], '이불올', 0.9710462070254344)]
[([[590, 26], [637, 26], [637, 52], [590, 52]], '아아 .', 0.9961154880916911), ([[108, 48], [190, 48], [190, 74], [108, 74]], '아야 누나', 0.9859321912312062), ([[592, 50], [650, 50], [650, 74], [592, 74]], '나오다', 0.42897339868307743), ([[117, 73], [171, 73], [171, 93], [117, 93]], '안에서', 0.5961380616047232), ([[108, 92], [190, 92], [190, 116], [108, 116]], '하안 오중', 0.5517898824718008), ([[116, 114], [174, 114], [174, 138], [116, 138]], '나오고', 0.9994785272894242), ([[127, 137], [173, 137], [173, 157], [127, 157]], '있어 ~', 0.7204320414508505), ([[660, 332], [704, 332], [704, 356], [660, 356]], '아아', 0.9200952198208289), ([[34, 360], [78, 360], [78, 386], [34, 386]], '아아', 0.9995474571380802)]
[([[268, 176], [362, 176], [362, 202], [268, 202]], '아야   누나', 0.8707635393651731), ([[278, 202], [342, 202], [342, 228], [278, 228]], '잔버릇', 0.3352125479492574), ([[288, 228], [332, 228], [332, 252], [288, 252]], '종네', 0.42022837297862775), ([[136, 300], [210, 300], [210, 326], [136, 326]], '나   웬지', 0.2548404437859632), ([[136, 326], [220, 326], [220, 352], [136, 352]], '두근거려', 0.7445841431617737)]
[([[434, 164], [498, 164], [498, 192], [434, 192]], '나음은', 0.9942662885704614), ([[434, 190], [476, 190], [476, 216], [434, 216]], '옷올', 0.38229672977456525), ([[286, 256], [340, 256], [340, 282], [286, 282]], '으응?', 0.9998528524985646), ([[272, 282], [338, 282], [338, 306], [272, 306]], '어라라', 0.9988939183039621)]
[([[344, 178], [442, 178], [442, 204], [344, 204]], '아야   누나', 0.6420633009644185), ([[366, 204], [392, 204], [392, 228], [366, 228]], '잘', 0.9981939609797088), ([[356, 228], [422, 228], [422, 254], [356, 254]], '보라자', 0.5607685996562202), ([[356, 254], [420, 254], [420, 278], [356, 278]], '안자네', 0.8209084510459946), ([[206, 264], [250, 264], [250, 288], [206, 288]], '시시', 0.9999811182640786), ([[206, 290], [242, 290], [242, 314], [206, 314]], '해 -', 0.5605514426198283), ([[144, 370], [188, 370], [188, 394], [144, 394]], '한번', 0.9999787580544308), ([[124, 396], [208, 396], [208, 420], [124, 420]], '벗겨보고', 0.47234684228897095), ([[122, 420], [208, 420], [208, 446], [122, 446]], '싶엎논데', 0.23268455266952515)]
[([[616, 40], [674, 40], [674, 70], [616, 70]], '우와', 0.9887469662941389), ([[573, 71], [725, 71], [725, 107], [573, 107]], '이렇게   보니', 0.595354372803913), ([[588, 108], [714, 108], [714, 140], [588, 140]], '아야   누나', 0.6653159274908522), ([[614, 142], [676, 142], [676, 174], [614, 174]], '가슴', 0.9993354931775357), ([[589, 173], [711, 173], [711, 209], [589, 209]], '엄청   크네', 0.5786764977047726), ([[90, 652], [122, 652], [122, 682], [90, 682]], '반', 0.9998017647767519), ([[46, 682], [187, 682], [187, 720], [46, 720]], '여자애들과', 0.9785318137003249), ([[62, 718], [174, 718], [174, 750], [62, 750]], '비교활게', 0.8888536095619202), ([[62, 754], [144, 754], [144, 784], [62, 784]], '안되네', 0.9994005538371448)]
[([[552, 290], [614, 290], [614, 322], [552, 322]], '꿀쩍', 0.3489998073458802)]
[([[522, 144], [546, 144], [546, 172], [522, 172]], '5', 0.44292339246618795), ([[520, 168], [544, 168], [544, 194], [520, 194]], '쇼', 0.954197092824316)]
[([[520, 182], [574, 182], [574, 212], [520, 212]], '안돼', 0.32674831931479076), ([[172, 218], [204, 218], [204, 348], [172, 348]], '@', 0.0331395837044548), ([[185, 449], [451, 449], [451, 678], [185, 678]], '군', 0.4469060450083049)]
[([[150, 204], [204, 204], [204, 234], [150, 234]], '음냐', 0.6368387827397292), ([[152, 232], [204, 232], [204, 264], [152, 264]], '음나', 0.8156670374509439), ([[112, 614], [190, 614], [190, 644], [112, 644]], '잠고대', 0.4830370708506358), ([[151, 647], [167, 647], [167, 669], [151, 669]], '?2', 0.24992906049599886)]
[([[632, 62], [718, 62], [718, 94], [632, 94]], '젖꼭지', 0.9262243677270561), ([[632, 96], [718, 96], [718, 128], [632, 128]], '섞는데', 0.2807939608996721), ([[646, 130], [706, 130], [706, 160], [646, 160]], '정말', 0.9999820454897439), ([[646, 164], [704, 164], [704, 192], [646, 192]], '자고', 0.9913132348387945), ([[605, 195], [733, 195], [733, 231], [605, 231]], '있젠지 . . ?', 0.22000166792220277), ([[166, 430], [218, 430], [218, 462], [166, 462]], '아탓', 0.055995003330503286), ([[62, 669], [161, 669], [161, 708], [62, 708]], '재출다 =', 0.2549366338316274)]
[]
[([[554, 60], [594, 60], [594, 84], [554, 84]], '기분', 0.9999664512734159), ([[546, 82], [604, 82], [604, 106], [546, 106]], '좋앉다', 0.21666003334970113), ([[230, 196], [274, 196], [274, 220], [230, 220]], '하아', 0.9999256537687161), ([[468, 198], [512, 198], [512, 224], [468, 224]], '하아', 0.9999079525237051)]
[([[586, 116], [642, 116], [642, 148], [586, 148]], '역시', 0.9998164132641267), ([[584, 150], [668, 150], [668, 182], [584, 182]], '잠고대', 0.4407915295444817), ([[583, 183], [667, 183], [667, 219], [583, 219]], '엿네터', 0.18147072768949005), ([[33, 600], [172, 600], [172, 636], [33, 636]], '꿈속에서도', 0.9046220209827249), ([[62, 636], [144, 636], [144, 668], [62, 668]], '나한데', 0.3673827799099096), ([[74, 670], [134, 670], [134, 702], [74, 702]], '가슴', 0.9988392203332399), ([[48, 704], [160, 704], [160, 736], [48, 736]], '만저지고', 0.5155909657478333), ([[47, 737], [159, 737], [159, 773], [47, 773]], '있나바 터', 0.3092023989461995)]
[]
[([[640, 54], [672, 54], [672, 82], [640, 82]], '나', 0.9981569207280359), ([[598, 86], [710, 86], [710, 118], [598, 118]], '아야누나', 0.7415712475776672), ([[626, 120], [684, 120], [684, 152], [626, 152]], '가슴', 0.9990448331963119), ([[627, 151], [683, 151], [683, 187], [627, 187]], '엄청', 0.9940486704360162), ([[625, 185], [691, 185], [691, 221], [625, 221]], '좋아 .', 0.9958316797386522)]
[([[168, 132], [194, 132], [194, 162], [168, 162]], '우', 0.9999805689801953), ([[173, 167], [189, 167], [189, 197], [173, 197]], '응', 0.9399829623827181), ([[174, 662], [286, 662], [286, 694], [174, 694]], '아아누나', 0.5829225778579712), ([[186, 696], [272, 696], [272, 726], [186, 726]], '눈뜨면', 0.8679822504851091), ([[158, 726], [277, 726], [277, 764], [158, 764]], '안되다구 ', 0.3820707408981157), ([[53, 745], [139, 745], [139, 781], [53, 781]], '다음은', 0.9990943800009793), ([[68, 782], [126, 782], [126, 812], [68, 812]], '팬티', 0.8251039688911127), ([[54, 814], [138, 814], [138, 846], [54, 846]], '주무릎', 0.656245768070221), ([[40, 848], [126, 848], [126, 880], [40, 880]], '거니까', 0.9993312954902649)]
[([[554, 106], [608, 106], [608, 132], [554, 132]], '얼레?', 0.9964291551833122), ([[188, 262], [274, 262], [274, 288], [188, 288]], '아아누나', 0.7495206594467163), ([[168, 288], [292, 288], [292, 314], [168, 314]], '자고있올기데', 0.18954375172056095), ([[188, 314], [272, 314], [272, 340], [188, 340]], '젖고있어', 0.84589840141647), ([[90, 426], [154, 426], [154, 450], [90, 450]], '전-다!', 0.8570261001586914)]
[([[538, 126], [602, 126], [602, 150], [538, 150]], '사실은', 0.9993631846780441), ([[538, 150], [604, 150], [604, 176], [538, 176]], '일어나', 0.9977695609280866), ([[527, 173], [626, 173], [626, 204], [527, 204]], '있다거나?', 0.9984806312080906), ([[290, 234], [314, 234], [314, 258], [290, 258]], '뭐', 0.9998891384334598), ([[248, 257], [354, 257], [354, 283], [248, 283]], '상관없지만', 0.9994885090855959), ([[278, 284], [324, 284], [324, 308], [278, 308]], '팬티', 0.6148649034081852), ([[258, 308], [342, 308], [342, 336], [258, 336]], '벗겨야지', 0.8672717809677124)]
[([[544, 110], [612, 110], [612, 136], [544, 136]], '우와아', 0.8339371049006454), ([[564, 138], [608, 138], [608, 162], [564, 162]], '절어', 0.7725224948590756), ([[544, 162], [640, 162], [640, 188], [544, 188]], '번질거려 ~', 0.6993505660720511), ([[204, 254], [266, 254], [266, 280], [204, 280]], '이렇기', 0.5365622203214151), ([[204, 306], [268, 306], [268, 332], [204, 332]], '있구나', 0.6715213378269497), ([[204.8858279709377, 277.2145699273442], [247.7712263407149, 282.8509549318987], [244.1141720290623, 307.7854300726558], [201.2287736592851, 302.1490450681013]], '되어', 0.9570814319353094)]
[]
[([[552, 86], [598, 86], [598, 112], [552, 112]], '항상', 0.9981674414607583), ([[542, 112], [606, 112], [606, 136], [542, 136]], '여기에', 0.9991984322751056), ([[529, 135], [627, 135], [627, 161], [529, 161]], '내 꼬추가', 0.6688663199961626), ([[532, 162], [616, 162], [616, 188], [532, 188]], '늘어자지', 0.8690965175628662), ([[226, 276], [274, 276], [274, 300], [226, 300]], '문가', 0.24357313093696095), ([[216, 302], [282, 302], [282, 326], [216, 326]], '이상한', 0.9937349023840244), ([[82, 318], [130, 318], [130, 342], [82, 342]], '민가', 0.13888953950189223), ([[216, 328], [262, 328], [262, 352], [216, 352]], '냄새', 0.9999130943044646), ([[72, 342], [138, 342], [138, 368], [72, 368]], '돌기가', 0.9945268721999757), ([[62, 368], [150, 368], [150, 394], [62, 394]], '나있는데 ', 0.37236589730107966), ([[72, 394], [138, 394], [138, 420], [72, 420]], '할아도', 0.2065534924409497), ([[62, 418], [158, 418], [158, 444], [62, 444]], '팬찮젯지?', 0.14750883108900467)]
[]
[([[606, 56], [646, 56], [646, 80], [606, 80]], '누나', 0.9990061534365645), ([[607, 83], [645, 83], [645, 101], [607, 101]], '청소', 0.996087814479212), ([[111, 317], [163, 317], [163, 335], [111, 335]], '빨아쥐', 0.8779811329131524)]
[]
[([[238, 240], [282, 240], [282, 264], [238, 264]], '편가', 0.1835643876170308), ([[238, 266], [286, 266], [286, 290], [238, 290]], '싸다', 0.9887956111893852), ([[110, 276], [156, 276], [156, 300], [110, 300]], '별로', 0.9999531330261343), ([[110, 300], [178, 300], [178, 328], [110, 328]], '맛있진', 0.7812354634765408), ([[112, 326], [154, 326], [154, 350], [112, 350]], '양네', 0.7777574380306863)]
[([[574, 82], [630, 82], [630, 106], [574, 106]], '어라?', 0.9895792739244145), ([[562, 108], [648, 108], [648, 132], [562, 132]], '아까보다', 0.7075798618737013), ([[562, 132], [658, 132], [658, 160], [562, 160]], '다  젖없네', 0.18815465416903046), ([[132, 306], [176, 306], [176, 330], [132, 330]], '고추', 0.9587850069685876), ([[122, 332], [186, 332], [186, 356], [122, 356]], '넣어도', 0.9991969870946902), ([[122, 356], [186, 356], [186, 382], [122, 382]], '괜찮올', 0.7594643281249405), ([[122, 382], [198, 382], [198, 408], [122, 408]], '라나 . .?', 0.5887227094585901)]
[]
[([[168, 282], [210, 282], [210, 306], [168, 306]], "'아아", 0.45264901918560074), ([[127, 349], [173, 349], [173, 369], [127, 369]], '아아', 0.9998955617068074), ([[127, 371], [175, 371], [175, 391], [127, 391]], '썰어 !', 0.367168128490448), ([[126, 392], [168, 392], [168, 416], [126, 416]], '쉽게', 0.2422292038467283), ([[108, 412], [170, 412], [170, 438], [108, 438]], '들이가', 0.7866866963090072), ([[419.30265739077055, 401.0488674744708], [453.4926407250643, 386.0243286768509], [491.69734260922945, 481.9511325255292], [458.5073592749357, 496.9756713231491]], '주', 0.974338885232612)]
[([[606, 62], [670, 62], [670, 88], [606, 88]], '아학크', 0.023344349344807072), ([[628, 86], [692, 86], [692, 112], [628, 112]], '밑까지', 0.8866743835705875), ([[598, 112], [682, 112], [682, 138], [598, 138]], '늘어갖다', 0.2219439595937729), ([[480, 144], [524, 144], [524, 170], [480, 170]], '절어', 0.7683637917820881), ([[470, 170], [556, 170], [556, 196], [470, 196]], '미끈미끈', 0.7031445175903859), ([[470, 196], [544, 196], [544, 222], [470, 222]], '따뜻~해', 0.998019278049469), ([[140, 310], [184, 310], [184, 334], [140, 334]], '허리', 0.9998880598055085), ([[120, 336], [204, 336], [204, 362], [120, 362]], '움직여되', 0.9994562864303589), ([[128, 360], [192, 360], [192, 386], [128, 386]], '팬찮올', 0.2372377771898096), ([[59, 375], [97, 375], [97, 395], [59, 395]], '누나', 0.9996080568096993), ([[56, 396], [114, 396], [114, 420], [56, 420]], '안일어', 0.9984065841976776), ([[128, 386], [186, 386], [186, 412], [128, 412]], '라나?', 0.9251733422279358), ([[56, 418], [126, 418], [126, 442], [56, 442]], '나켓지?', 0.7255809903144836)]
[([[175, 355], [195, 355], [195, 379], [175, 379]], '4', 0.053757683094844744)]
[([[520, 62], [572, 62], [572, 86], [520, 86]], '좀 더', 0.9957724809646606), ([[521, 87], [561, 87], [561, 107], [521, 107]], '세게', 0.9087661631339141), ([[510, 108], [590, 108], [590, 132], [510, 132]], '움직여노', 0.7199013233184814), ([[502, 132], [582, 132], [582, 156], [502, 156]], '괜찮켓지', 0.306283175945282), ([[56, 322], [132, 322], [132, 348], [56, 348]], '일어나진', 0.9981809258460999), ([[56, 346], [124, 346], [124, 370], [56, 370]], '않켓지 !', 0.3601174035507717), ([[175, 355], [195, 355], [195, 379], [175, 379]], '4', 0.039437583860948644), ([[56, 368], [142, 368], [142, 392], [56, 392]], '아야 누나', 0.7848677017418825)]
[([[161, 409], [225, 409], [225, 495], [161, 495]], '00', 0.14934263897603317)]
[([[158, 254], [208, 254], [208, 280], [158, 280]], '쌀 기', 0.5607508819460529), ([[158, 276], [200, 276], [200, 302], [158, 302]], '같아', 0.9835959275552579)]
[([[454, 230], [584, 230], [584, 286], [454, 286]], '5453~', 0.13359499627584906), ([[136, 378], [172, 378], [172, 402], [136, 402]], '엄청', 0.9968216702687237), ([[135, 401], [173, 401], [173, 421], [135, 421]], '진한', 0.9953594202799358), ([[128, 420], [166, 420], [166, 444], [128, 444]], '냄새', 0.9626230851980183)]
[([[161, 409], [225, 409], [225, 495], [161, 495]], '10', 0.1815734747798951)]
[([[249, 86], [496, 86], [496, 271], [249, 271]], '@트', 0.03887429618849102)]
[([[636, 42], [688, 42], [688, 66], [636, 66]], '아~아', 0.9987413563193506), ([[579, 101], [601, 101], [601, 119], [579, 119]], '또', 0.9988970223329865), ([[548, 120], [630, 120], [630, 144], [548, 144]], '아야누나', 0.6541551351547241), ([[558, 144], [620, 144], [620, 168], [558, 168]], '안애서', 0.667509425424276), ([[538, 166], [638, 166], [638, 190], [538, 190]], '새어나오게', 0.9988694432638285), ([[539, 187], [636, 187], [636, 215], [539, 215]], '헤버력네국', 0.08736759867900958), ([[114, 306], [162, 306], [162, 332], [114, 332]], '미안', 0.9995281564950341), ([[94, 332], [198, 332], [198, 358], [94, 358]], '그래도  나', 0.5338982515754437), ([[102, 358], [194, 358], [194, 386], [102, 386]], '내일부터', 0.99977046251297), ([[92, 384], [206, 384], [206, 414], [92, 414]], '참율거니까', 0.26829497038989353), ([[114, 412], [184, 412], [184, 436], [114, 436]], '뵈쥐!', 0.39422750651656757)]
[([[545, 79], [589, 79], [589, 99], [545, 99]], '아차 ', 0.7819154262542725), ([[554, 100], [594, 100], [594, 124], [554, 124]], '이불', 0.9999455467059719), ([[554, 122], [594, 122], [594, 146], [554, 146]], '더리', 0.2374341277789429), ([[546, 144], [588, 144], [588, 170], [546, 170]], '윗다 ', 0.11774570023149965), ([[180, 304], [248, 304], [248, 328], [180, 328]], '나 내일', 0.9113604006431947), ([[172, 326], [258, 326], [258, 350], [172, 350]], '집 가니까', 0.4314890614801251), ([[172, 348], [248, 348], [248, 372], [172, 372]], '팬찮켓지', 0.264239102602005), ([[50, 376], [88, 376], [88, 400], [50, 400]], '한번', 0.9999788423476044), ([[40, 422], [98, 422], [98, 446], [40, 446]], '헤야지', 0.9964429137036559)]
[]
[]
[([[450, 10], [530, 10], [530, 36], [450, 36]], '내   하안', 0.5668844713048249), ([[452, 38], [518, 38], [518, 62], [452, 62]], '오즘과', 0.22426599840233546), ([[452, 64], [518, 64], [518, 90], [452, 90]], '누나끼', 0.3767642037532274), ([[452, 90], [518, 90], [518, 114], [452, 114]], '액으로', 0.9978002479896116), ([[428, 116], [550, 116], [550, 142], [428, 142]], '아까보다 다', 0.43442875831500943), ([[450, 142], [544, 142], [544, 172], [450, 172]], '기분종아', 0.4290710985660553), ([[82, 204], [126, 204], [126, 228], [82, 228]], '이제', 0.9999379604026671), ([[90, 230], [120, 230], [120, 258], [90, 258]], '못', 0.9998952177794571), ([[80, 256], [138, 256], [138, 282], [80, 282]], '범취 ~', 0.2775424876882068)]
[]
[([[130.36624977770236, 156.02874755472607], [176.47189700594626, 137.01592431199526], [230.63375022229764, 279.97125244527393], [185.52810299405374, 298.98407568800474]], '평', 0.026290470667167165), ([[409.9904649372536, 248.67997636823247], [532.3335752243162, 218.4664610593312], [545.0095350627464, 282.3200236317675], [421.66642477568377, 312.5335389406688]], '8309', 0.13809821009635925)]
[([[542, 60], [582, 60], [582, 84], [542, 84]], '후와', 0.9753448915117595), ([[551, 85], [573, 85], [573, 103], [551, 103]], '또', 0.9995051042753857), ([[522, 106], [606, 106], [606, 130], [522, 130]], '싸버로다 ~', 0.6841901504375908), ([[171, 277], [245, 277], [245, 297], [171, 297]], '아야누나', 0.6755844354629517), ([[191, 299], [227, 299], [227, 319], [191, 319]], '보시', 0.9859092178203265), ([[170, 320], [250, 320], [250, 344], [170, 344]], '기분종아', 0.4109027683734894)]
[([[649, 15], [669, 15], [669, 39], [649, 39]], '앗', 0.2415622799616992), ([[573, 65], [637, 65], [637, 85], [573, 85]], '또 하안', 0.6657789977602079), ([[572, 86], [652, 86], [652, 110], [572, 110]], '오즘 싸고', 0.7209470481705812), ([[572, 108], [652, 108], [652, 132], [572, 132]], '싶어적어 !', 0.2817644647579912), ([[149, 261], [177, 261], [177, 279], [149, 279]], '에?', 0.9991789938447533), ([[145, 279], [187, 279], [187, 327], [145, 327]], '싸론', 0.11340062666469662), ([[23, 331], [93, 331], [93, 351], [23, 351]], '움직여도', 0.9992492198944092), ([[146, 322], [196, 322], [196, 346], [146, 346]], '거야?', 0.98347296499726), ([[31, 353], [79, 353], [79, 373], [31, 373]], '되지?', 0.9824164533600483)]
[([[371, 187], [427, 187], [427, 207], [371, 207]], '총 아!', 0.13151289308184605), ([[373, 209], [429, 209], [429, 229], [373, 229]], '이어시', 0.9765864773456666), ([[372, 230], [448, 230], [448, 254], [372, 254]], '힘내자-!', 0.9950601343497508)]
[]
[([[562, 44], [622, 44], [622, 68], [562, 68]], '후와아', 0.955993513156317), ([[159, 65], [187, 65], [187, 81], [159, 81]], '이제', 0.9984010703465281), ([[571, 69], [611, 69], [611, 89], [571, 89]], '이제', 0.9997559784684233), ([[159, 95], [185, 95], [185, 115], [159, 115]], '분러', 0.7129683198528516), ([[570, 90], [612, 90], [612, 114], [570, 114]], '만족', 0.9999470639686558), ([[570, 112], [612, 112], [612, 138], [570, 138]], '햇다', 0.18960882459784262), ([[489, 167], [529, 167], [529, 187], [489, 187]], '이제', 0.9995935599892248), ([[489, 191], [531, 191], [531, 211], [489, 211]], '하안', 0.9885999507516314), ([[490, 212], [530, 212], [530, 236], [490, 236]], '오즘', 0.9302853204314752), ([[479, 237], [541, 237], [541, 257], [479, 257]], '안나와', 0.9820955335800762), ([[182, 258], [224, 258], [224, 282], [182, 282]], '너무', 0.9999500328430623), ([[182, 280], [224, 280], [224, 304], [182, 304]], '많이', 0.9999133471791279), ([[181, 305], [223, 305], [223, 325], [181, 325]], '싸시', 0.9955936141515118), ([[173, 327], [233, 327], [233, 347], [173, 347]], '고추노', 0.8639286794507615), ([[173, 351], [233, 351], [233, 371], [173, 371]], '아프고', 0.9914435079745746), ([[60, 388], [120, 388], [120, 412], [60, 412]], '이걸로', 0.893192423497984), ([[38, 410], [138, 410], [138, 436], [38, 436]], "'다음번까지다", 0.4490194158266604), ([[48, 434], [120, 434], [120, 458], [48, 458]], '참을 수', 0.4316643808376845), ([[50, 456], [128, 456], [128, 482], [50, 482]], '있(어국', 0.060960449278354645)]
[([[566, 34], [684, 34], [684, 64], [566, 64]], '누나   보지', 0.9823263881658771), ([[566, 66], [672, 66], [672, 98], [566, 98]], '넣다 씻다', 0.6209377371439267), ([[566, 98], [670, 98], [670, 130], [566, 130]], '엄청해서', 0.9874957203865051), ([[566, 130], [670, 130], [670, 162], [566, 162]], '벌려있어', 0.9643304347991943), ([[66, 408], [132, 408], [132, 438], [66, 438]], '미안 !', 0.7010117804466149)]
[([[114, 42], [190, 42], [190, 66], [114, 66]], '아야누나', 0.7048085326205199), ([[114, 64], [188, 64], [188, 88], [114, 88]], '고마워 }', 0.292007813117032), ([[574, 54], [618, 54], [618, 82], [574, 82]], '그럼', 0.9995889243910202)]
[]
[]
[([[309.75731261771546, 270.38071299440486], [383.78527859494824, 202.0220410099215], [492.24268738228454, 339.61928700559514], [419.21472140505176, 407.9779589900785]], '공', 0.9023040675182337)]
[([[280, 158], [352, 158], [352, 188], [280, 188]], '다음날 ,', 0.8822961691030554), ([[364, 158], [584, 158], [584, 188], [364, 188]], '요헤이군은   돌아자지만', 0.7413042386972573), ([[280, 184], [468, 184], [468, 214], [280, 214]], '다음엔   거울방학   때', 0.5447126025306274), ([[476, 184], [544, 184], [544, 210], [476, 210]], '오젯지', 0.34267777471046623), ([[284, 210], [400, 210], [400, 236], [284, 236]], '우- 우울해~', 0.6998940276545023), ([[282, 238], [350, 238], [350, 262], [282, 262]], '그보다', 0.9998856128699127), ([[362, 236], [562, 236], [562, 262], [362, 262]], '침대는   까칠해저있고', 0.2774401148646065), ([[282, 262], [390, 262], [390, 288], [282, 288]], '이젠   싫어-', 0.7547014227702072), ([[8, 520], [78, 520], [78, 548], [8, 548]], "54'", 0.01809838926991997)]
[([[540, 44], [632, 44], [632, 94], [540, 94]], '가라', 0.9949027366979549), ([[540, 96], [632, 96], [632, 144], [540, 144]], '아야', 0.9998795464318692), ([[522, 148], [646, 148], [646, 196], [522, 196]], '누나호', 0.9995596673429141), ([[24, 286], [100, 286], [100, 406], [24, 406]], '낮', 0.11966000480783023)]
[([[603, 37], [659, 37], [659, 57], [603, 57]], '아. 아', 0.9446385874538739), ([[610, 56], [652, 56], [652, 80], [610, 80]], '기분', 0.9994221313286402), ([[594, 76], [676, 76], [676, 102], [594, 102]], '좋아아아!', 0.7753441566968197), ([[24, 260], [90, 260], [90, 284], [24, 284]], '누나 입', 0.8723580837249756), ([[32, 282], [72, 282], [72, 306], [32, 306]], '엄청', 0.8843705526146719), ([[16, 304], [98, 304], [98, 328], [16, 328]], '기분좋아 !', 0.5094726860012277)]
[([[603, 25], [643, 25], [643, 215], [603, 215]], '#', 0.2068714592098928), ([[608, 216], [642, 216], [642, 248], [608, 248]], '아', 0.9999459989208823), ([[417, 229], [463, 229], [463, 269], [417, 269]], '%', 0.07229581853154343), ([[114, 344], [180, 344], [180, 368], [114, 368]], '나온다!', 0.30452588200569153), ([[116, 366], [180, 366], [180, 390], [116, 390]], '나오다!', 0.8914996385574341), ([[67, 477], [113, 477], [113, 497], [67, 497]], '나와 !', 0.9778587596809839), ([[329.30265739077055, 166.04886747447082], [397.97086201312356, 210.46099086604684], [373.69734260922945, 246.95113252552918], [305.02913798687644, 202.53900913395316]], '416', 0.6209318980771077)]
[([[638.5343034503103, -7.987943409012269], [708.9118667989794, -14.79458727530521], [730.4656965496897, 202.98794340901227], [660.0881332010206, 209.79458727530522]], '%', 0.05596628175418861)]
[([[440, 72], [680, 72], [680, 100], [440, 100]], '제 이름은 쿠마가이   아야', 0.7207275432613587), ([[440, 98], [670, 98], [670, 124], [440, 124]], '지치부에   살고  있습니다', 0.6726543873972697), ([[430, 124], [688, 124], [688, 150], [430, 150]], '그런 사이타마 시골 구식에', 0.3586345201288397), ([[420, 150], [468, 150], [468, 176], [420, 176]], '매년', 0.9999817926099921), ([[478, 150], [688, 150], [688, 176], [478, 176]], '장기   휴가을 사용해서', 0.4958299551242326), ([[448, 176], [670, 176], [670, 202], [448, 202]], '사촌형 제가   놀러움니다', 0.5179076497951705), ([[418, 226], [688, 226], [688, 254], [418, 254]], '사촌형 제의   이름은 요헤이군', 0.6498800121847181), ([[417, 250], [698, 250], [698, 280], [417, 280]], '지희  집 부모님은   맞벌이서서', 0.7950552923886328), ([[450, 278], [662, 278], [662, 308], [450, 308]], '제가   돌보고 있습니다', 0.6305478392654965)]
[]
[([[664, 54], [716, 54], [716, 84], [664, 84]], '기분', 0.5004468334054832), ([[506, 76], [580, 76], [580, 100], [506, 100]], '하안오품', 0.30637118220329285), ([[524, 98], [562, 98], [562, 122], [524, 122]], '두번', 0.9991561558240352), ([[654, 84], [730, 84], [730, 116], [654, 116]], '종앉다', 0.5552654466976065), ([[516, 120], [570, 120], [570, 144], [516, 144]], '씻더니', 0.6874018038357069), ([[533, 143], [555, 143], [555, 163], [533, 163]], '나', 0.9999091645842242), ([[514, 162], [572, 162], [572, 186], [514, 186]], '배고파', 0.984349134897113), ([[524, 186], [564, 186], [564, 210], [524, 210]], '젖어', 0.4094872010265749), ([[36, 412], [102, 412], [102, 440], [36, 440]], '햄버그', 0.9988368018142063), ([[36, 440], [82, 440], [82, 466], [36, 466]], '먹고', 0.8810507089709184), ([[34, 468], [90, 468], [90, 492], [34, 492]], '싶네 !', 0.7931822413683685)]
[([[17, 217], [221, 217], [221, 253], [17, 253]], '요헤이군과 나', 0.8825346928858054), ([[15, 255], [83, 255], [83, 293], [15, 293]], '물론', 0.9999902219451473), ([[103, 253], [233, 253], [233, 293], [103, 293]], '처음부터', 0.9998268941187324), ([[15, 291], [357, 291], [357, 333], [15, 333]], '이런   관계엿년게   아니라', 0.3301038950365011), ([[13, 331], [421, 331], [421, 369], [13, 369]], '건전한 사촌형제   관계없지만_', 0.5554648686910488), ([[77, 407], [215, 407], [215, 445], [77, 445]], '라기보다 ,', 0.9997016640523642), ([[13, 445], [81, 445], [81, 483], [13, 483]], '처음', 0.999869515850567), ([[91, 445], [295, 445], [295, 483], [91, 483]], '원인은 저에요', 0.7009562691126773), ([[13, 481], [233, 481], [233, 519], [13, 519]], '그건   분명   작년', 0.8605171564232674), ([[243, 481], [373, 481], [373, 519], [243, 519]], '여름방학', 0.9999582767486572)]
[([[270, 232], [382, 232], [382, 308], [270, 308]], '구교', 0.33626847631864254)]
[([[522, 26], [564, 26], [564, 50], [522, 50]], '세제', 0.9999216077617648), ([[502, 48], [602, 48], [602, 74], [502, 74]], '들어가니까', 0.9972000163992912), ([[512, 72], [582, 72], [582, 96], [512, 96]], '눈 뜨면', 0.5462181204125671), ([[522, 94], [576, 94], [576, 118], [522, 118]], '안페 ~', 0.11106513706299583), ([[660, 196], [702, 196], [702, 222], [660, 222]], '7구', 0.36696781543263907)]
[([[660, 196], [704, 196], [704, 222], [660, 222]], '고구구', 0.10229618740253961)]
[([[502, 16], [590, 16], [590, 42], [502, 42]], '요헤이군', 0.944115400314331), ([[524, 42], [570, 42], [570, 68], [524, 68]], '번태', 0.9580691243408741), ([[500, 68], [600, 68], [600, 96], [500, 96]], '가슴 훈처', 0.4609489363679552), ([[512, 96], [580, 96], [580, 122], [512, 122]], '보눈거', 0.5796388154680575), ([[510, 122], [592, 122], [592, 148], [510, 148]], '걸코어 ~', 0.30327975509750354)]
[([[335, 269], [449, 269], [449, 305], [335, 305]], '이 순간', 0.719919175907666), ([[287, 307], [495, 307], [495, 345], [287, 345]], '마가   씌엿달까', 0.2308615213233329), ([[318, 344], [450, 344], [450, 380], [318, 380]], '뭐라할지', 0.8115759491920471)]
[([[232, 212], [264, 212], [264, 242], [232, 242]], '왜', 0.9972747084209779), ([[279, 209], [401, 209], [401, 247], [279, 247]], '그런짓올', 0.9684634208679199), ([[415, 209], [515, 209], [515, 245], [415, 245]], '한결까_', 0.5965123791033242)]
[([[566, 124], [656, 124], [656, 150], [566, 150]], '요헤이군 ,', 0.9462871859560366), ([[574, 148], [638, 148], [638, 172], [574, 172]], '가슴에', 0.9598873414058506), ([[566, 170], [658, 170], [658, 196], [566, 196]], '흥미있어?', 0.9614538785269432), ([[118, 410], [270, 410], [270, 508], [118, 508]], '부퀴', 0.03784600702088699)]
[([[15, 264], [170, 264], [170, 304], [15, 304]], '돌본다해도', 0.8629838470278758), ([[13, 305], [191, 305], [191, 345], [13, 345]], '같이   놀거나', 0.973171055216838), ([[15, 341], [251, 341], [251, 385], [15, 385]], '공부혹   바주지만', 0.1323967628908127), ([[14, 380], [193, 380], [193, 425], [14, 425]], '꽤   힘듭니다', 0.36664894460279396), ([[13, 421], [277, 421], [277, 461], [13, 461]], '게다가   요헤이군과', 0.9241613499389426), ([[7, 459], [113, 459], [113, 501], [7, 501]], "'저에 렌", 0.1375111917064849), ([[122, 464], [220, 464], [220, 496], [122, 496]], '조그만', 0.9998794186710283), ([[15, 501], [113, 501], [113, 539], [15, 539]], '비밀이', 0.9992070345452783)]
[([[596, 132], [656, 132], [656, 158], [596, 158]], '말하지', 0.47317116506886475), ([[596, 156], [656, 156], [656, 180], [596, 180]], '않으면', 0.3134805492844731), ([[596, 178], [650, 178], [650, 204], [596, 204]], '몰라?', 0.8418546915054321), ([[100, 236], [196, 236], [196, 260], [100, 260]], '요헤이군은', 0.7733911144676178), ([[118, 260], [180, 260], [180, 284], [118, 284]], '어쩌고', 0.9150377387889999), ([[118, 282], [172, 282], [172, 308], [118, 308]], '싶어?', 0.99241062567504)]
[([[638, 66], [680, 66], [680, 92], [638, 92]], '가슴', 0.999760361430173), ([[558, 218], [618, 218], [618, 244], [558, 244]], '가슴을', 0.8421600436430695), ([[126, 242], [152, 242], [152, 266], [126, 266]], '난', 0.9976005659587486), ([[568, 242], [602, 242], [602, 266], [568, 266]], '필?', 0.8991989159616057), ([[96, 264], [188, 264], [188, 288], [96, 288]], '그 말로는', 0.92980190904721), ([[117, 289], [157, 289], [157, 309], [117, 309]], '모르', 0.9977628203066802), ([[106, 310], [180, 310], [180, 336], [106, 336]], '켓는데?', 0.5629882216453552), ([[121, 413], [211, 413], [211, 499], [121, 499]], '부', 0.04417823171437263)]
[([[129, 135], [161, 135], [161, 155], [129, 155]], '꽉 !', 0.9924510717391968), ([[588, 118], [644, 118], [644, 150], [588, 150]], '쪽쪽', 0.6331029003522984), ([[590, 152], [644, 152], [644, 180], [590, 180]], '하고', 0.9999814554370187), ([[588, 182], [670, 182], [670, 214], [588, 214]], '싶어 ! !', 0.7750838868989063)]
[([[592, 54], [640, 54], [640, 84], [592, 84]], '후후', 0.9968941802755785), ([[136, 92], [208, 92], [208, 116], [136, 116]], '내   가슴', 0.9128050344237085), ([[582, 82], [648, 82], [648, 108], [582, 108]], '그렇게', 0.8947194058330058), ([[138, 116], [202, 116], [202, 140], [138, 140]], '그렇게', 0.9868708178408755), ([[602, 110], [628, 110], [628, 134], [602, 134]], '못', 0.9999578003567109), ([[138, 138], [210, 138], [210, 164], [138, 164]], '맛있니?', 0.9892577275731771), ([[580, 134], [664, 134], [664, 164], [580, 164]], '참쨌어?', 0.5844428539276123)]
[([[584, 78], [646, 78], [646, 102], [584, 102]], '누나도', 0.9989795938589996), ([[592, 102], [638, 102], [638, 126], [592, 126]], '기분', 0.9987012812743983), ([[584, 124], [664, 124], [664, 150], [584, 150]], '좋아져어', 0.40038761496543884), ([[26, 346], [116, 346], [116, 372], [26, 372]], '아야  누나', 0.9834598503209541), ([[36, 370], [100, 370], [100, 394], [36, 394]], '고추가', 0.6023913025856018), ([[26, 392], [106, 392], [106, 416], [26, 416]], '근질거러', 0.8485196232795715)]
[([[568, 48], [614, 48], [614, 74], [568, 74]], '후후', 0.9993536971201159), ([[548, 74], [632, 74], [632, 98], [548, 98]], '허리까지', 0.9991574287414551), ([[548, 100], [634, 100], [634, 124], [548, 124]], '움직이고', 0.9989310503005981), ([[566, 124], [614, 124], [614, 150], [566, 150]], '정말', 0.9999876088490234), ([[558, 150], [626, 150], [626, 178], [558, 178]], '어뒷한', 0.6252908504458535), ([[52, 182], [140, 182], [140, 208], [52, 208]], '요헤이군.', 0.500930111059243), ([[538, 174], [644, 174], [644, 200], [538, 200]], '남자애구나', 0.9472324918361613), ([[70, 208], [118, 208], [118, 232], [70, 232]], '잠깐', 0.9813890170004871), ([[60, 232], [126, 232], [126, 258], [60, 258]], '저기에', 0.9978848100757456), ([[52, 258], [134, 258], [134, 284], [52, 284]], '드러누위', 0.9973002672195435), ([[72, 282], [130, 282], [130, 308], [72, 308]], '불래?', 0.6881483672634501), ([[54, 402], [98, 402], [98, 432], [54, 432]], '에?', 0.9458567800832527)]
[([[497, 111], [529, 111], [529, 131], [497, 131]], '에?', 0.9997238650165171), ([[476, 132], [556, 132], [556, 156], [476, 156]], '하지말 고', 0.7861954353160043), ([[486, 156], [528, 156], [528, 180], [486, 180]], '빨리', 0.9999619837542963), ([[316, 200], [358, 200], [358, 224], [316, 224]], '잠깐', 0.9858301434429159), ([[316, 222], [360, 222], [360, 246], [316, 246]], '아야', 0.9997676944749161), ([[306, 246], [370, 246], [370, 270], [306, 270]], '누나 ! ?', 0.7199802974864309), ([[237, 319], [261, 319], [261, 339], [237, 339]], '뭐 .', 0.26116335448954525), ([[216, 338], [276, 338], [276, 362], [216, 362]], '뭐하는', 0.60866784469682), ([[216, 362], [278, 362], [278, 386], [216, 386]], '거야 ! ?', 0.7168689766692139), ([[245.519201987024, 372.6634413909168], [625.0573923129589, 210.83857645925727], [704.480798012976, 408.3365586090832], [323.9426076870411, 570.1614235407427]], '핸신등', 0.002554340683500048)]
[([[614, 98], [658, 98], [658, 122], [614, 122]], '아야', 0.9997182178003062), ([[70, 118], [144, 118], [144, 142], [70, 142]], '소리 커', 0.9107790048679522), ([[606, 122], [668, 122], [668, 146], [606, 146]], '누나 ! ?', 0.688916804568841), ([[62, 142], [162, 142], [162, 166], [62, 166]], '부모님한데', 0.9391746134259893), ([[62, 163], [153, 163], [153, 189], [62, 189]], '들키장니?', 0.3922659603423306)]
[([[190, 50], [230, 50], [230, 74], [190, 74]], '엄청', 0.9958748869958088), ([[631, 71], [653, 71], [653, 87], [631, 87]], '이', 0.9998123733800099), ([[188, 74], [228, 74], [228, 98], [188, 98]], '기분', 0.9993702155965076), ([[188, 94], [228, 94], [228, 120], [188, 120]], '종은', 0.8687650186978157), ([[600, 88], [678, 88], [678, 112], [600, 112]], '이제부터', 0.9837269736454296), ([[188, 118], [230, 118], [230, 142], [188, 142]], '거야', 0.9930805353305147), ([[600, 110], [690, 110], [690, 136], [600, 136]], '어쩐려고?', 0.5103906964975841), ([[56, 144], [118, 144], [118, 168], [56, 168]], '누나가', 0.9999251870396842), ([[57, 169], [97, 169], [97, 189], [57, 189]], '근질', 0.9221061941463564), ([[46, 190], [126, 190], [126, 214], [46, 214]], '거리논거', 0.537016572283253), ([[46, 212], [126, 212], [126, 236], [46, 236]], '풀어 줄게', 0.723041451690678)]
[([[306, 48], [330, 48], [330, 72], [306, 72]], '안', 0.9999946355891645), ([[294, 74], [350, 74], [350, 98], [294, 98]], '아파?', 0.9999822430381455), ([[628, 66], [652, 66], [652, 90], [628, 90]], '나', 0.9995624305752848), ([[608, 90], [670, 90], [670, 116], [608, 116]], '무서워', 0.6618673205375671), ([[64, 206], [130, 206], [130, 232], [64, 232]], '괜찮아', 0.9968870524099374), ([[64, 232], [130, 232], [130, 258], [64, 258]], '괜찮아', 0.9983931661013039), ([[56, 258], [140, 258], [140, 282], [56, 282]], '누나한데', 0.7412570118904114), ([[76, 284], [120, 284], [120, 308], [76, 308]], '맡거', 0.9518816463798068), ([[600, 294], [644, 294], [644, 320], [600, 320]], '뭐할', 0.9779605705149811), ([[598, 320], [656, 320], [656, 344], [598, 344]], '려고?', 0.7810506227974855), ([[40, 412], [82, 412], [82, 438], [40, 438]], '그럼', 0.9997086091255402)]
[]
[([[180, 134], [232, 134], [232, 158], [180, 158]], '하웃 !', 0.47961199283599854), ([[572, 134], [634, 134], [634, 160], [572, 160]], '잘먹켓', 0.42803194587490206), ([[572, 158], [634, 158], [634, 184], [572, 184]], '숨니다', 0.7601550466545925), ([[402, 268], [432, 268], [432, 298], [402, 298]], '0', 0.9970779338693916)]
[([[580, 66], [616, 66], [616, 92], [580, 92]], '와 ,', 0.702970120863025), ([[622, 66], [650, 66], [650, 90], [622, 90]], '와', 0.9999704363146975), ([[196, 84], [242, 84], [242, 114], [196, 114]], '엄청', 0.9526829363104509), ([[580, 90], [650, 90], [650, 118], [580, 118]], '하우와', 0.9563437216840261), ([[184, 112], [252, 112], [252, 138], [184, 138]], '단단해', 0.9999230534703971), ([[174, 138], [262, 138], [262, 164], [174, 164]], '어지간히', 0.9999181628227234), ([[54, 148], [124, 148], [124, 178], [54, 178]], '기다려', 0.9994629738261058), ([[56, 178], [124, 178], [124, 204], [56, 204]], '누나가', 0.9997211694717407), ([[160, 164], [276, 164], [276, 194], [160, 194]], '쌓아낫구나', 0.19076177332904046), ([[54, 202], [124, 202], [124, 232], [54, 232]], '뽑아줄', 0.3269740246067836), ([[54, 230], [126, 230], [126, 256], [54, 256]], '테니까', 0.8318505118413744), ([[640, 238], [688, 238], [688, 266], [640, 266]], '뛰야', 0.46282844470884577), ([[628, 266], [698, 266], [698, 292], [628, 292]], '이거 !?', 0.9716608653695237), ([[638, 292], [686, 292], [686, 316], [638, 316]], '속이', 0.928636172888702), ([[628, 318], [700, 318], [700, 346], [628, 346]], '따뜻해 ', 0.8437193036079407)]
[([[296, 44], [340, 44], [340, 68], [296, 68]], '누나', 0.9994665468757721), ([[636, 38], [660, 38], [660, 62], [636, 62]], '시', 0.999955058602783), ([[294, 68], [358, 68], [358, 92], [294, 92]], '안5에', 0.11011896873825326), ([[637, 63], [657, 63], [657, 87], [637, 87]], '심', 0.5668045662799983), ([[582, 96], [624, 96], [624, 120], [582, 120]], '안돼', 0.735813357162911), ([[182, 108], [228, 108], [228, 132], [182, 132]], '거기', 0.9995269765465982), ([[182, 132], [246, 132], [246, 156], [182, 156]], '다러위', 0.15544654786058132)]
[([[182, 62], [294, 62], [294, 90], [182, 90]], '안년다,서', 0.286049515676631), ([[302, 54], [346, 54], [346, 80], [302, 80]], '후후', 0.9998072257575988), ([[584, 56], [630, 56], [630, 82], [584, 82]], '아뇨', 0.6936495133634633), ([[214, 90], [260, 90], [260, 114], [214, 114]], '전혀', 0.9997582542363217), ([[585, 85], [609, 85], [609, 105], [585, 105]], '에', 0.9991632067070988), ([[194, 116], [282, 116], [282, 142], [194, 142]], '도망가려', 0.6964017286145681), ([[194, 142], [284, 142], [284, 168], [194, 168]], '하지않아', 0.9975836873054504), ([[52, 178], [100, 178], [100, 204], [52, 204]], '잠깐', 0.9999454624136204), ([[52, 202], [122, 202], [122, 230], [52, 230]], '장난좀', 0.9897479367934628), ([[52, 230], [134, 230], [134, 256], [52, 256]], '처불까?', 0.7181176582158867)]
[([[622, 80], [664, 80], [664, 104], [622, 104]], '그럼', 0.9999043279943808), ([[138, 102], [200, 102], [200, 126], [138, 126]], '안덮다', 0.5685758358865831), ([[613, 105], [693, 105], [693, 125], [613, 125]], '그만해야', 0.998969316482544), ([[138, 124], [192, 124], [192, 148], [138, 148]], '면서?', 0.6092966551215598), ([[622, 126], [664, 126], [664, 152], [622, 152]], '젓다', 0.26803323545537744), ([[514, 162], [558, 162], [558, 186], [514, 186]], '에??', 0.5958712697029114), ([[38, 180], [136, 180], [136, 204], [38, 204]], '요헤이군이', 0.9406166599059015), ([[46, 202], [126, 202], [126, 228], [46, 228]], '그랫장아', 0.18888559516743875)]
[([[129, 89], [181, 89], [181, 109], [129, 109]], '어라?', 0.9799962383403906), ([[126, 110], [200, 110], [200, 134], [126, 134]], '왜그래?', 0.9993927478790283), ([[56, 150], [100, 150], [100, 174], [56, 174]], '무슨', 0.997931048583826), ([[56, 172], [110, 172], [110, 196], [56, 196]], '할 말', 0.7861843109130859), ([[56, 196], [110, 196], [110, 220], [56, 220]], '있어?', 0.9967286839249355)]
[([[594, 64], [640, 64], [640, 88], [594, 88]], '지기', 0.9979845794346869), ([[595, 89], [635, 89], [635, 109], [595, 109]], '그개', 0.9915035224100235), ([[108, 180], [144, 180], [144, 204], [108, 204]], '왜?', 0.993285632047715)]
[([[604, 62], [646, 62], [646, 86], [604, 86]], '계속', 0.9999596235578764), ([[604, 86], [644, 86], [644, 110], [604, 110]], '해젖', 0.09164539349537949), ([[605, 111], [643, 111], [643, 131], [605, 131]], '으면', 0.6425480017825976), ([[584, 132], [646, 132], [646, 156], [584, 156]], '(종젯어', 0.1414276659488678), ([[80, 160], [162, 160], [162, 186], [80, 186]], '잘햇어 솜', 0.10231417901575413)]
[([[246, 60], [334, 60], [334, 86], [246, 86]], '누나에 게', 0.6948315066601514), ([[632, 50], [678, 50], [678, 76], [632, 76]], '후아', 0.5488651008132742), ([[266, 86], [314, 86], [314, 110], [266, 110]], '고추', 0.9886183421504886), ([[596, 84], [644, 84], [644, 110], [596, 110]], '후아', 0.9624447029868168), ([[234, 112], [344, 112], [344, 140], [234, 140]], '빨아지 논거', 0.5640491240394957), ([[597, 113], [629, 113], [629, 133], [597, 133]], '아~', 0.999490314066332), ([[66, 124], [166, 124], [166, 150], [66, 150]], '작은 포경', 0.8577957223008355), ([[66, 150], [158, 150], [158, 176], [66, 176]], '자지인데', 0.9994375109672546), ([[234, 140], [334, 140], [334, 166], [234, 166]], '기분좋아~', 0.4234857344298276), ([[68, 178], [158, 178], [158, 204], [68, 204]], '농급생과', 0.55255126953125), ([[56, 204], [178, 204], [178, 234], [56, 234]], '같은 정도의', 0.9494257619363126), ([[68, 230], [140, 230], [140, 260], [68, 260]], '단단함 ', 0.8658722043037415), ([[632, 292], [678, 292], [678, 318], [632, 318]], '하아', 0.9998154017943068), ([[630, 320], [676, 320], [676, 346], [630, 346]], '아아', 0.9998529106673101)]
[([[294, 46], [364, 46], [364, 70], [294, 70]], '경장헤 ,', 0.229879723660373), ([[546, 50], [576, 50], [576, 78], [546, 78]], '12', 0.11432702001290346), ([[170, 70], [232, 70], [232, 94], [170, 94]], '나 , 나', 0.5493624887262353), ([[294, 68], [364, 68], [364, 94], [294, 94]], '경장해 ,', 0.2820853993750379), ([[637, 65], [661, 65], [661, 85], [637, 85]], '하', 0.9996211887590931), ([[181, 95], [223, 95], [223, 115], [181, 115]], '원가', 0.10790627016638248), ([[304, 92], [354, 92], [354, 116], [304, 116]], '누나 ~', 0.9014435410499573), ([[636, 86], [680, 86], [680, 110], [636, 110]], '하아', 0.9999542288293288), ([[170, 116], [234, 116], [234, 140], [170, 140]], '머리가', 0.9993103313803914), ([[170, 138], [248, 138], [248, 164], [170, 164]], '방글거려', 0.5402415363865528), ([[58, 160], [104, 160], [104, 186], [58, 186]], '이제', 0.9998962360358216), ([[58, 186], [106, 186], [106, 216], [58, 216]], '슬슬', 0.3842305699007029), ([[58, 214], [104, 214], [104, 240], [58, 240]], '나올', 0.998930480578199), ([[588, 212], [628, 212], [628, 236], [588, 236]], '고추', 0.9935988533068417), ([[58, 240], [116, 240], [116, 266], [58, 266]], '려나?', 0.9709732647368683), ([[576, 234], [648, 234], [648, 258], [576, 258]], '내   고추', 0.38036499399149964), ([[568, 258], [656, 258], [656, 282], [568, 282]], '빨아   먹히', 0.9583806570415068), ([[243, 380], [490, 380], [490, 455], [243, 455]], '체히중579', 0.014511537166437497)]
[([[73, 179], [93, 179], [93, 201], [73, 201]], '양', 0.8851264186361654)]
[([[244, 34], [336, 34], [336, 60], [244, 60]], '뭐 ,   원가', 0.48114714605008063), ([[16, 50], [118, 50], [118, 76], [16, 76]], '민가   나와', 0.30118954888146143), ([[256, 60], [324, 60], [324, 86], [256, 86]], '나올거', 0.9674023909126418), ([[634, 46], [736, 46], [736, 76], [634, 76]], '아야   누나', 0.5151952591811078), ([[16, 76], [106, 76], [106, 102], [16, 102]], '나와앗-!', 0.51412854137061), ([[634, 74], [668, 74], [668, 100], [634, 100]], '나 ,', 0.9979082345962524), ([[676, 74], [706, 74], [706, 98], [676, 98]], '나 ', 0.6582673340574102), ([[266, 88], [314, 88], [314, 114], [266, 114]], '같아', 0.965755602141714), ([[272, 232], [304, 232], [304, 286], [272, 286]], '@', 0.3523133795656328), ([[316, 274], [342, 274], [342, 308], [316, 308]], '리', 0.08859503133571511), ([[460, 364], [556, 364], [556, 502], [460, 502]], '싫', 0.033914777203275515), ([[554.2765422907172, 271.0291244048934], [619.0022250755704, 258.2255430511765], [645.7234577092828, 412.9708755951066], [580.9977749244296, 424.7744569488235]], '머', 0.004110247299700165), ([[300.96933989416385, 312.04434277230075], [381.62741292240895, 275.01641318198955], [455.03066010583615, 451.95565722769925], [375.37258707759105, 489.98358681801045]], '7', 0.024614431547975935)]
[([[20, 68], [86, 68], [86, 98], [20, 98]], '나와 !', 0.6327078342437744), ([[664, 80], [720, 80], [720, 110], [664, 110]], '아아', 0.9997211678374598), ([[20, 100], [76, 100], [76, 130], [20, 130]], '%가', 0.2380362518119187), ([[664, 112], [720, 112], [720, 142], [664, 142]], '아아', 0.9998741518298588), ([[20, 132], [76, 132], [76, 162], [20, 162]], '나와', 0.9692291086484972), ([[664, 144], [720, 144], [720, 174], [664, 174]], '아아', 0.9998390871245837), ([[20, 164], [76, 164], [76, 194], [20, 194]], '아아', 0.9998589795574089), ([[664, 176], [730, 176], [730, 208], [664, 208]], '아앗 !', 0.9335627555847168), ([[18, 196], [88, 196], [88, 226], [18, 226]], '아아!', 0.9996622120146329), ([[311, 305], [467, 305], [467, 526], [311, 526]], '70', 0.3270985395836312)]
[([[142, 26], [172, 26], [172, 84], [142, 84]], '후', 0.03048170157856611), ([[687, 37], [723, 37], [723, 75], [687, 75]], '호', 0.1639726940138111), ([[142, 100], [174, 100], [174, 172], [142, 172]], '흙', 0.13590112272483168), ([[484, 98], [508, 98], [508, 158], [484, 158]], '{', 0.45801864359959055), ([[687, 93], [723, 93], [723, 179], [687, 179]], '흙', 0.44606249838034273), ([[449.31671842700024, 46.63343685400051], [484.70927733871065, 14.042070354830336], [538.6832815729997, 77.36656314599949], [503.29072266128935, 109.95792964516966]], '동', 0.8778689883639004), ([[279.9931005564431, 331.15584356123566], [359.71320994977526, 272.01957891408983], [456.0068994435569, 420.84415643876434], [376.28679005022474, 479.98042108591017]], '중', 0.8577883137589062)]
[]
[([[578, 92], [688, 92], [688, 120], [578, 120]], '잘먹없어금', 0.6909946301182741)]
[([[594, 34], [644, 34], [644, 62], [594, 62]], '이거', 0.999966198394819), ([[270, 54], [332, 54], [332, 84], [270, 84]], '시 , 심', 0.7515741721467986), ([[582, 64], [658, 64], [658, 94], [582, 94]], '가지곤', 0.49667394038441076), ([[134, 90], [194, 90], [194, 116], [134, 116]], '좀 더', 0.7454179592737078), ([[270, 84], [322, 84], [322, 108], [270, 108]], '저기', 0.9786996205460198), ([[592, 96], [644, 96], [644, 122], [592, 122]], '아직', 0.998718133639674), ([[112, 116], [226, 116], [226, 144], [112, 144]], '기분종은거', 0.5411863669105861), ([[582, 124], [658, 124], [658, 156], [582, 156]], '안끝나', 0.8178995582342711), ([[122, 144], [192, 144], [192, 168], [122, 168]], '해보고', 0.999991534466405), ([[112, 170], [226, 170], [226, 196], [112, 196]], '싶지   않아?', 0.9228227739064291), ([[46, 228], [88, 228], [88, 254], [46, 254]], '에?', 0.9962450138643907)]
[([[576, 40], [612, 40], [612, 72], [576, 72]], '자 ', 0.4187791308444804), ([[633, 39], [725, 39], [725, 75], [633, 75]], '엉덩이', 0.9996268373847558), ([[575, 75], [639, 75], [639, 111], [575, 111]], '구멍', 0.9992307381178338), ([[648, 76], [708, 76], [708, 108], [648, 108]], '믿에', 0.9508659292111142), ([[575, 109], [723, 109], [723, 147], [575, 147]], '구멍있논거', 0.47925578637589084), ([[606, 148], [684, 148], [684, 180], [606, 180]], '보여?', 0.9919154644012451), ([[44, 526], [72, 526], [72, 550], [44, 550]], '그', 0.9999554162226474), ([[13, 557], [101, 557], [101, 593], [13, 593]], '구멍에', 0.9960139350157515), ([[13, 593], [103, 593], [103, 629], [13, 629]], '고추률', 0.14552684022493653), ([[13, 627], [135, 627], [135, 665], [13, 665]], '넣느거야', 0.577882707118988)]
[([[650, 62], [686, 62], [686, 90], [650, 90]], '그', 0.9998710197079532), ([[622, 94], [710, 94], [710, 126], [622, 126]], '그래도', 0.999983619545306), ([[648, 130], [698, 130], [698, 160], [648, 160]], '돼?', 0.8803879101013647), ([[605, 349], [625, 349], [625, 377], [605, 377]], '응', 0.9968668959941205), ([[572, 382], [658, 382], [658, 414], [572, 414]], '괜찮아', 0.9988582032428425), ([[509, 415], [565, 415], [565, 451], [509, 451]], '엄청', 0.9786481062050213), ([[508, 452], [566, 452], [566, 482], [508, 482]], '기분', 0.9999645125379857), ([[494, 484], [580, 484], [580, 516], [494, 516]], '좋은거', 0.38516629133333985), ([[510, 520], [568, 520], [568, 550], [510, 550]], '니까', 0.4478328433700054), ([[40, 560], [68, 560], [68, 586], [40, 586]], '그', 0.9999923706200207), ([[38, 592], [120, 592], [120, 622], [38, 622]], '그래도', 0.9999227781711787)]
[([[544, 172], [604, 172], [604, 204], [544, 204]], '꿀쩍', 0.5833824932693975)]
[([[612, 40], [724, 40], [724, 72], [612, 72]], '아아누나', 0.5029360055923462), ([[488, 44], [521, 44], [521, 123], [488, 123]], '', 0.0), ([[654, 74], [686, 74], [686, 102], [654, 102]], '이', 0.9999372968966469), ([[625, 105], [729, 105], [729, 141], [625, 141]], '이렇게? ', 0.39889268709189585), ([[94, 220], [176, 220], [176, 252], [94, 252]], '그렇지', 0.9998260111250198), ([[94, 254], [178, 254], [178, 284], [94, 284]], '그대로', 0.999995182215476), ([[108, 288], [164, 288], [164, 320], [108, 320]], '넣어', 0.9734111157452456), ([[532.3756770666055, 24.065682213045495], [555.6499717085466, 27.494487405540365], [547.6243229333945, 76.93431778695451], [525.3500282914534, 73.50551259445963]], '급', 0.01940189228706779), ([[234.33513668923308, 43.07460143262562], [258.4703026326021, 33.03709341460661], [281.6648633107669, 92.92539856737437], [257.5296973673979, 101.96290658539338]], '통', 0.03878219029088492), ([[223.28913145942698, 90.0854389836506], [244.39649116027306, 73.02631629795209], [291.710868540573, 136.91456101634938], [270.60350883972694, 153.9736837020479]], '"', 0.04879154967949462)]
[([[351, 201], [447, 201], [447, 237], [351, 237]], '맞아요', 0.9993920889836004), ([[303, 237], [373, 237], [373, 275], [303, 275]], '저희', 0.9997542927154027), ([[393, 235], [523, 235], [523, 275], [393, 275]], '성관계름', 0.44333723187446594), ([[335, 277], [491, 277], [491, 315], [335, 315]], '및고있어요', 0.5348849760724605), ([[301, 313], [493, 313], [493, 351], [301, 351]], '사촌형 제끼리', 0.9635240429407748)]
[([[676, 42], [708, 42], [708, 70], [676, 70]], '아', 0.9999047540457049), ([[662, 76], [696, 76], [696, 104], [662, 104]], '아', 0.9998831783082665), ([[83, 149], [146, 149], [146, 188], [83, 188]], '하앗', 0.33874542235915023), ([[570, 156], [682, 156], [682, 188], [570, 188]], '아아누나', 0.6178469061851501), ([[84, 188], [140, 188], [140, 218], [84, 218]], '자지', 0.9999878617292061), ([[595, 185], [656, 185], [656, 224], [595, 224]], '안속', 0.9998094172706717), ([[85, 219], [143, 219], [143, 255], [85, 255]], '들어', 0.9999489184017407), ([[583, 221], [669, 221], [669, 257], [583, 257]], '따뜻해', 0.9953396300087687), ([[86, 256], [170, 256], [170, 288], [86, 288]], '윗다-!', 0.4267303255858147), ([[61, 541], [123, 541], [123, 577], [61, 577]], '좋아', 0.950131937292825), ([[36, 578], [146, 578], [146, 610], [36, 610]], '요헤이군', 0.8646232910999182), ([[50, 612], [132, 612], [132, 642], [50, 642]], '그대로', 0.9950634664730439), ([[62, 644], [120, 644], [120, 676], [62, 676]], '허리', 0.9999313124516717), ([[37, 677], [125, 677], [125, 713], [37, 713]], '움직여 ', 0.7876774072647095)]
[([[622, 48], [664, 48], [664, 80], [622, 80]], '앗 ,', 0.61993807554245), ([[676, 48], [710, 48], [710, 80], [676, 80]], '앗 ', 0.5964252825584069), ([[634, 82], [692, 82], [692, 112], [634, 112]], '누나', 0.9997331365857824), ([[74, 102], [132, 102], [132, 132], [74, 132]], '미끈', 0.9936320869130504), ([[634, 116], [690, 116], [690, 142], [634, 142]], '보지', 0.9994812959993612), ([[74, 134], [158, 134], [158, 166], [74, 166]], '거려서', 0.9717616836394687), ([[620, 148], [720, 148], [720, 180], [620, 180]], '굉장해 !', 0.9923776585250663), ([[74, 170], [106, 170], [106, 198], [74, 198]], '나', 0.9909358127446275), ([[74, 202], [106, 202], [106, 234], [74, 234]], '나', 0.9951482398736609), ([[574, 454], [632, 454], [632, 486], [574, 486]], '후후 .', 0.9995514154434204), ([[564, 486], [662, 486], [662, 516], [564, 516]], '요헤이군', 0.6451961994171143), ([[59, 509], [123, 509], [123, 545], [59, 545]], '숙부_', 0.9711395111544394), ([[559, 511], [673, 511], [673, 548], [559, 548]], '동정   자지', 0.841329744840752), ([[60, 544], [116, 544], [116, 576], [60, 576]], '숙모', 0.9932433161638292), ([[574, 544], [626, 544], [626, 574], [574, 574]], '먹어', 0.9998082372249961), ([[60, 580], [118, 580], [118, 612], [60, 612]], '죄송', 0.8788951380959052), ([[574, 574], [652, 574], [652, 606], [574, 606]], '버행다', 0.06398499740726914), ([[60, 612], [118, 612], [118, 642], [60, 642]], '해요', 0.9862615494842596), ([[123, 819], [167, 819], [167, 867], [123, 867]], '9', 0.5456356457994502)]
[([[652, 78], [736, 78], [736, 110], [652, 110]], '허리가', 0.9991781997747716), ([[94, 122], [154, 122], [154, 154], [94, 154]], '아야', 0.998974973993109), ([[650, 109], [735, 109], [735, 147], [650, 147]], '멈추질', 0.9969608717130553), ([[80, 156], [164, 156], [164, 188], [80, 188]], '누나도', 0.9997580822340636), ([[651, 145], [725, 145], [725, 181], [651, 181]], '않아 !', 0.9974493980407715), ([[92, 190], [164, 190], [164, 222], [92, 222]], '기분 ,', 0.9993586321782082), ([[63, 221], [195, 221], [195, 257], [63, 257]], '기분종아?', 0.5517678245558326), ([[56, 560], [142, 560], [142, 592], [56, 592]], '누나도', 0.9994169330119281), ([[40, 594], [156, 594], [156, 626], [40, 626]], '기분종아', 0.7487659454345703), ([[82, 788], [130, 788], [130, 842], [82, 842]], '9', 0.9722058762362487), ([[123, 819], [167, 819], [167, 867], [123, 867]], '9', 0.6201711202559181), ([[219.96405360576284, 858.2634037018988], [291.52071204561986, 842.399760413395], [304.03594639423716, 911.7365962981012], [232.47928795438014, 928.600239586605]], '10', 0.9546509683245596)]
[([[608, 46], [690, 46], [690, 78], [608, 78]], '굉장해', 0.9981153137208106), ([[622, 80], [678, 80], [678, 110], [622, 110]], '허리', 0.999972436072341), ([[595, 111], [705, 111], [705, 147], [595, 147]], '흔드는게', 0.9833964705467224), ([[622, 148], [678, 148], [678, 178], [622, 178]], '웬지', 0.26319648461535444), ([[608, 180], [692, 180], [692, 212], [608, 212]], '원송이', 0.6138318235283822), ([[22, 193], [135, 193], [135, 232], [22, 232]], '엉덩이에', 0.988557755947113), ([[606, 214], [670, 214], [670, 246], [606, 246]], '같아', 0.9959857692765826), ([[10, 230], [164, 230], [164, 262], [10, 262]], '탁 탁 탁 탁', 0.5916183746085422), ([[22, 266], [60, 266], [60, 296], [22, 296]], '나 ,', 0.9985645413398743), ([[76, 264], [134, 264], [134, 296], [76, 296]], '엄청', 0.9315263760061857), ([[34, 296], [123, 296], [123, 332], [34, 332]], '느끼기', 0.999662005547435), ([[21, 331], [153, 331], [153, 367], [21, 367]], '시작 햇어?', 0.6108551934747066), ([[83, 789], [127, 789], [127, 839], [83, 839]], '9', 0.9905099598012299), ([[224, 850], [300, 850], [300, 922], [224, 922]], '(0', 0.9153989982916994)]
[([[153, 219], [197, 219], [197, 287], [153, 287]], "'", 0.370978176205373), ([[98.2269358608581, 59.03743936683853], [157.7546577823577, 46.19479814054681], [184.7730641391419, 177.96256063316147], [125.2453422176423, 190.8052018594532]], '1', 0.0696061777777146), ([[265.8106515844465, 444.10177918978957], [320.9516713640477, 426.2775764127246], [346.1893484155535, 515.8982208102104], [290.0483286359523, 532.7224235872753]], '통', 0.9756226149358014), ([[309.6409190320383, 551.1559518377649], [350.71770129547093, 531.0430792475911], [383.3590809679617, 605.8440481622351], [342.28229870452907, 625.9569207524089]], '온', 0.0783480721656824)]
[([[604, 56], [688, 56], [688, 88], [604, 88]], '위험해', 0.93748146180983), ([[173, 63], [216, 63], [216, 153], [173, 153]], '중', 0.64371834447185), ([[630, 92], [688, 92], [688, 122], [630, 122]], '갈거', 0.5786504149525323), ([[601, 123], [667, 123], [667, 159], [601, 159]], '같아_', 0.9568895585636281), ([[153, 217], [197, 217], [197, 287], [153, 287]], "'%", 0.06819961692421965), ([[153, 399], [173, 399], [173, 433], [153, 433]], '빚', 0.005950441045411703), ([[18, 438], [120, 438], [120, 468], [18, 468]], '요헤이군', 0.6765183210372925), ([[586, 430], [612, 430], [612, 470], [586, 470]], '좀', 0.005806298210828453), ([[6, 468], [140, 468], [140, 500], [6, 500]], '허리  움직임', 0.9256067834267037), ([[4, 498], [142, 498], [142, 528], [4, 528]], '장난   아니야', 0.9208145288389072), ([[267.7253751787238, 444.1170259651088], [317.5185132047306, 426.16669057871235], [344.2746248212762, 511.8829740348912], [294.4814867952694, 529.8333094212877]], '통', 0.47335813900633994), ([[306.7581232486615, 561.1566806697798], [342.5709533631225, 537.0327057408344], [387.2418767513385, 609.8433193302202], [351.4290466368775, 633.9672942591656]], '올', 0.7077661514057674)]
[([[654, 54], [686, 54], [686, 82], [654, 82]], '아', 0.9999125022955155), ([[156, 40], [210, 40], [210, 124], [156, 124]], "'5", 0.018520474556928047), ([[654, 82], [688, 82], [688, 112], [654, 112]], '가 .', 0.5427613854408264), ([[640, 112], [696, 112], [696, 140], [640, 140]], '간다', 0.996320290272106), ([[44, 198], [74, 198], [74, 226], [44, 226]], '나', 0.9946571619024134), ([[8, 226], [106, 226], [106, 256], [8, 256]], '요헤이군', 0.7830222845077515), ([[30, 256], [82, 256], [82, 286], [30, 286]], '에게', 0.8431737386879922), ([[16, 286], [94, 286], [94, 316], [16, 316]], '가버럿', 0.2951466384114206), ([[145, 391], [181, 391], [181, 435], [145, 435]], '꿀`', 0.22871132734258803), ([[182, 506], [260, 506], [260, 596], [182, 596]], '02', 0.5413519451434213), ([[318, 546], [374, 546], [374, 610], [318, 610]], '9', 0.10647262041086325), ([[88.4127797804853, 423.01725626825004], [168.32515895689218, 433.5357999737819], [143.5872202195147, 612.9827437317499], [62.674841043107804, 601.4642000262181]], '7', 0.1531140284154766)]
[([[673, 33], [733, 33], [733, 69], [673, 69]], '후아', 0.9791657986149844), ([[6, 74], [118, 74], [118, 106], [6, 106]], '아야누나', 0.7044397592544556), ([[22, 108], [108, 108], [108, 140], [22, 140]], '보지가', 0.9988875872979931), ([[6, 140], [118, 140], [118, 172], [6, 172]], '두근거려', 0.9990285634994507), ([[159, 231], [195, 231], [195, 285], [159, 285]], '중', 0.6228126623319099), ([[570, 50], [663, 50], [663, 431], [570, 431]], '7', 0.007361918640136411), ([[145, 391], [181, 391], [181, 437], [145, 437]], '꿀`', 0.1703573344371006), ([[586, 434], [614, 434], [614, 470], [586, 470]], '꿀', 0.055711566562038906), ([[75, 437], [161, 437], [161, 591], [75, 591]], '끼', 0.009955763078096036), ([[30, 674], [64, 674], [64, 704], [30, 704]], '나 ', 0.3164837090191028), ([[390, 598], [446, 598], [446, 740], [390, 740]], '탑', 0.006737263246748226), ([[30, 706], [60, 706], [60, 736], [30, 736]], '또', 0.9997650522920232), ([[16, 740], [74, 740], [74, 772], [16, 772]], '오중', 0.7831982651873467), ([[16, 774], [88, 774], [88, 804], [16, 804]], '나와 !', 0.7757121920585632)]
[([[91, 177], [151, 177], [151, 213], [91, 213]], '히앗', 0.10082830989734404), ([[45, 425], [157, 425], [157, 543], [45, 543]], '대@', 0.028326601456467374), ([[331, 511], [495, 511], [495, 651], [331, 651]], '(3입', 0.1135020544282806), ([[50.07373871835834, 293.0719277974934], [93.58542854418822, 274.0286288492801], [130.92626128164164, 368.9280722025066], [87.41457145581178, 387.9713711507199]], '@', 0.2385597826839012)]
[([[618, 38], [650, 38], [650, 68], [618, 68]], '과', 0.8368778847543723), ([[604, 70], [684, 70], [684, 102], [604, 102]], '굉장한', 0.6115282678845062), ([[618, 106], [648, 106], [648, 138], [618, 138]], '양', 0.9999140519490801), ([[40, 210], [138, 210], [138, 240], [40, 240]], '요해이군', 0.5579137206077576), ([[38, 240], [116, 240], [116, 270], [38, 270]], '엄청나 ', 0.848216712474823), ([[70, 536], [156, 536], [156, 568], [70, 568]], '안에다', 0.9875802183030037), ([[39, 568], [180, 568], [180, 604], [39, 604]], '싸버로논데', 0.1748814773908741), ([[68, 602], [155, 602], [155, 638], [68, 638]], '애프터', 0.7120316410670273), ([[40, 637], [181, 637], [181, 669], [40, 669]], '경구피임약', 0.9993893421686588), ([[54, 672], [168, 672], [168, 704], [54, 704]], '사용하면', 0.9999869465827942), ([[42, 706], [174, 706], [174, 738], [42, 738]], '괜찮젯지? ', 0.1431072063641529)]
[([[570, 38], [634, 38], [634, 62], [570, 62]], '헤이권', 0.9361125729068149), ([[570, 64], [614, 64], [614, 88], [570, 88]], '기분', 0.9998136317228432), ([[562, 88], [618, 88], [618, 114], [562, 114]], '좋아?', 0.9295412302017212), ([[68, 192], [124, 192], [124, 216], [68, 216]], '이번엔', 0.9923560341650672), ([[69, 215], [123, 215], [123, 235], [69, 235]], '제대로', 0.9999242234921887), ([[69, 237], [125, 237], [125, 257], [69, 257]], '밖에다', 0.9933571716402417), ([[69, 259], [123, 259], [123, 279], [69, 279]], '싸야돼', 0.7615077371890835)]
[([[626, 46], [682, 46], [682, 76], [626, 76]], '누나_', 0.9545172027886701), ([[22, 82], [110, 82], [110, 114], [22, 114]], '안되지', 0.9994998617387567), ([[648, 76], [678, 76], [678, 102], [648, 102]], '미', 0.9998962906071398), ([[21, 113], [133, 113], [133, 149], [21, 149]], '다음부런', 0.43421052976160535), ([[612, 104], [690, 104], [690, 134], [612, 134]], '미안해', 0.9986935308099776), ([[612, 134], [724, 134], [724, 164], [612, 164]], '누나   안에', 0.9717271393135273), ([[34, 150], [120, 150], [120, 182], [34, 182]], '제대로', 0.9999866478619526), ([[638, 164], [690, 164], [690, 194], [638, 194]], '오중', 0.7570046172035562), ([[32, 180], [123, 180], [123, 217], [32, 217]], '밖에다', 0.891775928212522), ([[612, 194], [712, 194], [712, 224], [612, 224]], '싸버로이', 0.3560459613800049), ([[6, 216], [108, 216], [108, 248], [6, 248]], '싸야   돼', 0.9215809771973065), ([[618, 530], [702, 530], [702, 562], [618, 562]], '아직도', 0.9582787752151489), ([[618, 564], [678, 564], [678, 596], [618, 596]], '나와', 0.947028801251181), ([[385.41457145581177, 657.0286288492802], [434.7896499588157, 652.2731201317898], [445.58542854418823, 770.9713711507198], [396.2103500411843, 775.7268798682102]], '@', 0.17240019270738927)]
[([[612, 40], [696, 40], [696, 66], [612, 66]], '요헤이군', 0.9420104026794434), ([[620, 66], [698, 66], [698, 92], [620, 92]], '어양어?', 0.22130854427814484), ([[552, 106], [598, 106], [598, 132], [552, 132]], '기분', 0.9994292108078586), ([[542, 132], [620, 132], [620, 158], [542, 158]], '종앗이?', 0.3527262210845947), ([[69, 209], [85, 209], [85, 231], [69, 231]], '응', 0.9996080782641457), ([[54, 230], [98, 230], [98, 256], [54, 256]], '기분', 0.9992506270048911), ([[54, 256], [118, 256], [118, 282], [54, 282]], '종앞이', 0.0766214360261666)]
[([[596, 58], [674, 58], [674, 84], [596, 84]], '오늘 일', 0.8420850901585002), ([[596, 84], [684, 84], [684, 110], [596, 110]], '부모님께', 0.6699658632278442), ([[594, 110], [686, 110], [686, 136], [594, 136]], '비밀이야', 0.9615380167961121), ([[62, 214], [108, 214], [108, 238], [62, 238]], '나와', 0.9780471642474793), ([[128, 204], [196, 204], [196, 230], [128, 230]], "'여하튼", 0.9599130749702454), ([[41, 237], [126, 237], [126, 265], [41, 265]], '요헤이군', 0.7743381857872009), ([[506, 246], [544, 246], [544, 270], [506, 270]], '왜?', 0.9904365054845969), ([[51, 263], [116, 263], [116, 291], [51, 291]], '둘만의', 0.9935538395338008), ([[30, 289], [137, 289], [137, 315], [30, 315]], '(비밀이니까', 0.9773564720093101)]
[([[600, 24], [664, 24], [664, 50], [600, 50]], '비밀로', 0.9987816813757435), ([[600, 50], [666, 50], [666, 74], [600, 74]], '해주면', 0.9999055031655338), ([[600, 76], [676, 76], [676, 100], [600, 100]], '또 기분', 0.9868773876872708), ([[600, 100], [666, 100], [666, 126], [600, 126]], '종은기', 0.3296004668628349), ([[600, 124], [686, 124], [686, 150], [600, 150]], '시켜출게', 0.43139225244522095), ([[115, 197], [137, 197], [137, 217], [115, 217]], '알', 0.8861906612246591), ([[104, 218], [154, 218], [154, 242], [104, 242]], '앗지?', 0.45342522638083255), ([[46, 378], [104, 378], [104, 402], [46, 402]], '알앗어', 0.7432900600781076)]
[([[461, 139], [617, 139], [617, 175], [461, 175]], '이런 식으로', 0.8290228890703417), ([[438, 174], [668, 174], [668, 206], [438, 206]], '요해이군의   순결올', 0.6279368001474868), ([[487, 205], [631, 205], [631, 241], [487, 241]], '앞아자지만', 0.6050450845089842), ([[393, 270], [711, 270], [711, 310], [393, 310]], '앞으로 하고싶은   한창 떼', 0.3506081053134036), ([[434, 308], [668, 308], [668, 340], [434, 340]], '돌입할 남자애에게', 0.6965517886113597), ([[447, 339], [643, 339], [643, 375], [447, 375]], '이 짓올   햇너니', 0.36736519137792395), ([[420, 374], [646, 374], [646, 406], [420, 406]], '제동도   듣지 암고', 0.454140708229125)]
[([[195, 307], [539, 307], [539, 345], [195, 345]], '지금이야   훌륭한   소함제', 0.634631497811005)]
[([[604, 44], [680, 44], [680, 68], [604, 68]], '하안오품', 0.3830229341983795), ([[355, 63], [419, 63], [419, 83], [355, 83]], '잠 . 잠깐', 0.8974117829171535), ([[621, 69], [663, 69], [663, 89], [621, 89]], '싸게', 0.8323779304570212), ([[40, 84], [118, 84], [118, 110], [40, 110]], "소리 키'", 0.8824068416696712), ([[348, 82], [438, 82], [438, 106], [348, 106]], "요테이군'?1", 0.8915919698174859), ([[604, 90], [680, 90], [680, 114], [604, 114]], '안해주면', 0.9960954785346985), ([[40, 108], [118, 108], [118, 132], [40, 132]], '이웃집에', 0.9994617104530334), ([[622, 114], [662, 114], [662, 138], [622, 138]], '공부', 0.9999740528257897), ([[40, 130], [118, 130], [118, 156], [40, 156]], '둘리켓어', 0.420590341091156), ([[612, 136], [672, 136], [672, 160], [612, 160]], '안해-!', 0.9592548386420395)]
[([[684, 16], [736, 16], [736, 40], [684, 40]], '정말 !', 0.9928212615662527), ([[590, 60], [686, 60], [686, 84], [590, 84]], '아아누나가', 0.8554904378603444), ([[608, 84], [668, 84], [668, 108], [608, 108]], '햇던거', 0.18063710091036825), ([[609, 107], [667, 107], [667, 127], [609, 127]], '아빠나', 0.9920238871888755), ([[600, 128], [676, 128], [676, 154], [600, 154]], '엄마에게', 0.8454875946044922), ([[590, 150], [696, 150], [696, 176], [590, 176]], '일러바친다!', 0.8191296606494007)]
[([[684, 26], [738, 26], [738, 50], [684, 50]], '괜찮올', 0.7849878086169152), ([[685, 49], [723, 49], [723, 69], [685, 69]], '라나', 0.9668813700790484), ([[600, 66], [654, 66], [654, 90], [600, 90]], '말하민', 0.6490736919113375), ([[78, 94], [118, 94], [118, 118], [78, 118]], '알앗', 0.1679886112803709), ([[590, 88], [664, 88], [664, 112], [590, 112]], '곤란한건', 0.9624971151351929), ([[70, 116], [126, 116], [126, 140], [70, 140]], '으니까', 0.977204656236155), ([[591, 111], [671, 111], [671, 131], [591, 131]], '아야   누나', 0.5417453005201114), ([[77, 139], [115, 139], [115, 159], [77, 159]], '바지', 0.9995291678797324), ([[590, 132], [682, 132], [682, 156], [590, 156]], '아날까나-?', 0.6806723989848114), ([[68, 160], [116, 160], [116, 184], [68, 184]], '벗어 .', 0.9951990103651928), ([[55, 295], [93, 295], [93, 315], [55, 315]], '정말', 0.9999452095365782), ([[46, 336], [88, 336], [88, 360], [46, 360]], '애는', 0.8472938135750151)]
[([[689, 29], [725, 29], [725, 49], [689, 49]], '우와', 0.9421630962902251), ([[90, 38], [146, 38], [146, 62], [90, 62]], '우와아', 0.9785556383177881), ([[97, 63], [133, 63], [133, 83], [97, 83]], '엄정', 0.8067521419882565), ([[96, 82], [136, 82], [136, 106], [96, 106]], '단단', 0.9999129257213661), ([[611, 91], [649, 91], [649, 109], [611, 109]], '아야', 0.9979403152801356), ([[88, 104], [144, 104], [144, 128], [88, 128]], '해끗어', 0.3433288546764018), ([[609, 111], [647, 111], [647, 131], [609, 131]], '누나', 0.9975949372738628), ([[611, 133], [647, 133], [647, 153], [611, 153]], '엄청', 0.9733315000092561), ([[619, 157], [655, 157], [655, 173], [619, 173]], '아-!', 0.5744066239064873), ([[34, 210], [70, 210], [70, 234], [34, 234]], '빨리', 0.9999777465365097), ([[35, 233], [69, 233], [69, 253], [35, 253]], '빨리', 0.9994892184120637)]
[([[85, 35], [105, 35], [105, 57], [85, 57]], '양', 0.9734370371180745), ([[487, 57], [521, 57], [521, 75], [487, 75]], '허리', 0.9998062985794146), ([[469, 79], [539, 79], [539, 99], [469, 99]], '움직임이', 0.9988712668418884), ([[468, 98], [540, 98], [540, 122], [468, 122]], '빨라 젖어', 0.23200630370400838), ([[45, 125], [81, 125], [81, 145], [45, 145]], '이제', 0.9995499013321045), ([[44, 166], [82, 166], [82, 190], [44, 190]], '싸는', 0.6875222302118611), ([[44, 188], [92, 188], [92, 212], [44, 212]], '결까?', 0.9342729449272156), ([[41, 307], [93, 307], [93, 327], [41, 327]], '제대로', 0.999631999042089), ([[41, 329], [95, 329], [95, 349], [41, 349]], '밖에다', 0.9967014410327628), ([[39, 351], [95, 351], [95, 371], [39, 371]], '싸야돼', 0.7855163342583691), ([[96.34240405077857, 216.05442430467141], [130.93349180990128, 208.11045079207793], [145.65759594922142, 283.94557569532856], [111.0665081900987, 290.8895492079221]], '팬', 0.14867750069811336)]
[([[679, 35], [727, 35], [727, 53], [679, 53]], '어라?', 0.8313056912450132), ([[14, 40], [68, 40], [68, 64], [14, 64]], '손으로', 0.995622675205479), ([[22, 62], [60, 62], [60, 86], [22, 86]], '빨리', 0.9999116613483926), ([[364, 54], [430, 54], [430, 78], [364, 78]], '쓰치마!', 0.5742517113685608), ([[676, 54], [732, 54], [732, 78], [676, 78]], '손으로', 0.997806096434965), ([[619, 73], [641, 73], [641, 93], [619, 93]], '난', 0.9897713120156517), ([[679, 77], [735, 77], [735, 97], [679, 97]], '하게-?', 0.9707743652304377), ([[4, 84], [80, 84], [80, 108], [4, 108]], '끝내야지', 0.9998986721038818), ([[602, 92], [656, 92], [656, 116], [602, 116]], '입으로', 0.9999518911197696), ([[592, 114], [666, 114], [666, 138], [592, 138]], '해주는게', 0.4032222330570221), ([[592, 136], [658, 136], [658, 160], [592, 160]], '중은데-', 0.3412496769686509)]
[]
[([[389, 75], [411, 75], [411, 93], [389, 93]], '더', 0.9994823410655194), ([[622, 76], [662, 76], [662, 100], [622, 100]], '점점', 0.8636898235516087), ([[363, 93], [383, 93], [383, 115], [363, 115]], '좀', 0.9889046686947864), ([[606, 98], [680, 98], [680, 122], [606, 122]], '기분좋아', 0.8642379641532898), ([[370, 114], [408, 114], [408, 138], [370, 138]], '빨리', 0.9992052872535169), ([[352, 136], [426, 136], [426, 160], [352, 160]], '문질터쥐', 0.9757805632995398)]
[([[603, 65], [625, 65], [625, 81], [603, 81]], '아', 0.9989042901014642), ([[635, 63], [657, 63], [657, 83], [635, 83]], '아', 0.9831698038426318), ([[373, 77], [431, 77], [431, 97], [373, 97]], '후와아', 0.948140275579206), ([[375, 99], [437, 99], [437, 119], [375, 119]], '후아아 .', 0.5973367983730552), ([[36, 208], [102, 208], [102, 232], [36, 232]], '누나   손', 0.6492873884786659), ([[36, 228], [110, 228], [110, 254], [36, 254]], '기분좋아', 0.903826117515564)]
[([[675, 33], [715, 33], [715, 53], [675, 53]], '아야', 0.9999202590938466), ([[666, 52], [704, 52], [704, 76], [666, 76]], '누나', 0.9992314965902136), ([[34, 106], [106, 106], [106, 130], [34, 130]], '요헤이군', 0.9512163996696472), ([[611, 101], [649, 101], [649, 121], [611, 121]], '하안', 0.849631292784386), ([[665, 99], [705, 99], [705, 119], [665, 119]], '나와', 0.9893161302325703), ([[613, 125], [645, 125], [645, 145], [613, 145]], '오중', 0.4288664412593281), ([[41, 151], [95, 151], [95, 171], [41, 171]], '소리는', 0.5981269282474272), ([[609, 145], [647, 145], [647, 165], [609, 165]], '나와', 0.9810029129563081), ([[40, 170], [96, 170], [96, 194], [40, 194]], '조용히', 0.9999710933395018), ([[41, 193], [95, 193], [95, 213], [41, 213]], '해야해', 0.9930436015129089)]
[([[600, 54], [730, 54], [730, 86], [600, 86]], '후와아아아', 0.8293572312209238), ([[600, 88], [730, 88], [730, 120], [600, 120]], '와아아아아', 0.9794254286945356), ([[52, 162], [124, 162], [124, 186], [52, 186]], '요헤이군', 0.8880631923675537), ([[51, 185], [123, 185], [123, 205], [51, 205]], "소리 커'", 0.7785591037441525)]
[]
[([[654, 38], [718, 38], [718, 62], [654, 62]], '아- 아', 0.9603498796667193), ([[148, 46], [182, 46], [182, 72], [148, 72]], '옛?', 0.9754392460950908), ([[366, 70], [424, 70], [424, 100], [366, 100]], '누나', 0.9987279923119743), ([[662, 64], [708, 64], [708, 90], [662, 90]], '기분', 0.9999655240519858), ([[642, 90], [728, 90], [728, 116], [642, 116]], '좋앙다-!', 0.22317600383136638), ([[368, 102], [434, 102], [434, 132], [368, 132]], '청소-', 0.8843809366226196), ([[70, 176], [128, 176], [128, 200], [70, 200]], '입으로', 0.9991106390953064), ([[70, 200], [114, 200], [114, 224], [70, 224]], '청소', 0.9885389521632402), ([[554, 224], [584, 224], [584, 250], [554, 250]], '자 ,', 0.9813178181648254), ([[596, 222], [682, 222], [682, 248], [596, 248]], '요헤이군', 0.5510652661323547), ([[564, 250], [662, 250], [662, 276], [564, 276]], '바지   입고', 0.7092813672977448), ([[564, 276], [656, 276], [656, 304], [564, 304]], '공부하자', 0.998340904712677)]
[([[590, 46], [632, 46], [632, 70], [590, 70]], '누나', 0.9982666032978709), ([[86, 76], [112, 76], [112, 100], [86, 100]], '나 ', 0.7969745767049489), ([[580, 68], [638, 68], [638, 92], [580, 92]], '제대로', 0.9999847207512171), ([[76, 98], [116, 98], [116, 122], [76, 122]], '바지', 0.9998084058029248), ([[588, 92], [630, 92], [630, 116], [588, 116]], '전부', 0.9998711173699742), ([[69, 123], [125, 123], [125, 143], [69, 143]], '더러워', 0.5401100880919159), ([[570, 114], [648, 114], [648, 140], [570, 140]], '빨아먹어', 0.9884104132652283), ([[66, 144], [126, 144], [126, 168], [66, 168]], '지논거', 0.6805601639390181), ([[68, 166], [126, 166], [126, 192], [68, 192]], '싶거든튼', 0.10386528819799423)]
[([[531.5913310517321, 85.0092831381073], [600.5703124555246, 101.2467913700922], [548.4086689482679, 322.9907168618927], [479.4296875444754, 306.7532086299078]], '{', 0.05573212277275119), ([[197.61027683616376, 253.1631627118878], [241.6699416710901, 230.03751912729803], [279.38972316383627, 306.8368372881122], [235.3300583289099, 330.962480872702]], '국', 0.5744624637033127)]
[([[646, 18], [680, 18], [680, 42], [646, 42]], '아 .', 0.8761051893234253), ([[626, 42], [694, 42], [694, 68], [626, 68]], '나오다', 0.8847359620824862), ([[62, 72], [106, 72], [106, 98], [62, 98]], '아앗', 0.9330748455452853), ([[636, 70], [682, 70], [682, 94], [636, 94]], '하안', 0.9997729203325075), ([[462, 92], [510, 92], [510, 118], [462, 118]], '하안', 0.9997323780018965), ([[638, 96], [682, 96], [682, 122], [638, 122]], '오즘', 0.9130492197845762), ([[464, 120], [508, 120], [508, 146], [464, 146]], '오즘', 0.7211190571375193), ([[636, 124], [692, 124], [692, 148], [636, 148]], '나와 ~', 0.42695170256509823), ([[454, 146], [528, 146], [528, 172], [454, 172]], '누나   배', 0.8550226305300477), ([[464, 172], [530, 172], [530, 198], [464, 198]], '위에다', 0.8191564118533438), ([[87, 199], [121, 199], [121, 219], [87, 219]], '싫어', 0.917196887391771), ([[452, 198], [528, 198], [528, 224], [452, 224]], '싸야   돼', 0.5426337943208176), ([[89, 223], [121, 223], [121, 239], [89, 239]], '역시', 0.9927894770851601), ([[85, 243], [123, 243], [123, 263], [85, 263]], '안에', 0.996866809882429), ([[76, 262], [140, 262], [140, 286], [76, 286]], '쌀기야 !', 0.48718647662785086), ([[14, 396], [80, 396], [80, 420], [14, 420]], '아 안돼', 0.25532567111276827), ([[33, 419], [87, 419], [87, 439], [33, 439]], '위에다', 0.7098110584363283), ([[15, 441], [77, 441], [77, 461], [15, 461]], '싸야   대', 0.5406453499724618)]
[([[635, 115], [661, 115], [661, 135], [635, 135]], '아 ,', 0.9888205528259277), ([[670, 112], [714, 112], [714, 136], [670, 136]], '아아', 0.9992210465411563), ([[644, 136], [702, 136], [702, 160], [644, 160]], '그렇지', 0.9998682691259914), ([[624, 158], [686, 158], [686, 184], [624, 184]], '그렇지', 0.999631654931489), ([[120, 198], [182, 198], [182, 222], [120, 222]], '히야아', 0.47729680765760585), ([[634, 204], [710, 204], [710, 228], [634, 228]], '빨아내쥐', 0.7907813191413879), ([[139, 221], [159, 221], [159, 243], [139, 243]], '힘', 0.9725065692497346), ([[120, 244], [190, 244], [190, 268], [120, 268]], '빠진다 ~', 0.5087936928802221), ([[353, 335], [447, 335], [447, 427], [353, 427]], '솜', 0.3256026272748045), ([[650.4789396203098, 181.4141973545267], [693.4857669060742, 178.32042776616603], [694.5210603796902, 203.5858026454733], [651.5142330939258, 206.67957223383397]], '전부', 0.9999726046583781), ([[303.1964926239916, 289.0540454175381], [349.91652105176104, 281.3143208797755], [361.8035073760084, 374.9459545824619], [316.08347894823896, 381.6856791202245]], '돈', 0.05266890063112961)]
[]
[([[599, 61], [657, 61], [657, 81], [599, 81]], '우와아', 0.6154193988517288), ([[606, 82], [648, 82], [648, 106], [606, 106]], '완전', 0.9997732574848849), ([[578, 104], [676, 104], [676, 130], [578, 130]], '깨끗해젓어', 0.3374832293198434), ([[498, 142], [556, 142], [556, 166], [498, 166]], '고마위', 0.9972530602404553), ([[488, 166], [586, 166], [586, 190], [488, 190]], '아야   누나 !', 0.8960589540154111)]
[([[490, 96], [536, 96], [536, 126], [490, 126]], '우~', 0.9896953740350183), ([[547, 93], [637, 93], [637, 131], [547, 131]], '너무해', 0.9999640731674191), ([[490, 130], [612, 130], [612, 162], [490, 162]], '요헤이군', 0.8725011944770813), ([[489, 197], [651, 197], [651, 233], [489, 233]], '그래도   아직', 0.9912141418784864), ([[503, 231], [639, 231], [639, 267], [503, 267]], '이   정도는', 0.7069742057232828), ([[475, 265], [695, 265], [695, 301], [475, 301]], '커여운   정도에요', 0.8939381686514435), ([[443, 333], [697, 333], [697, 371], [443, 371]], '최근데는   바깥에서', 0.3007489577581571)]
[]
[([[692, 36], [716, 36], [716, 60], [692, 60]], '요', 0.9999835491856999), ([[668, 64], [730, 64], [730, 90], [668, 90]], '요헤0', 0.7072078115413403), ([[683, 97], [699, 97], [699, 119], [683, 119]], '군', 0.9998791254332815), ([[580, 150], [652, 150], [652, 180], [580, 180]], '정말로', 0.9999710933395018), ([[82, 178], [202, 178], [202, 208], [82, 208]], '자유연구에', 0.9897871607521629), ([[580, 180], [664, 180], [664, 206], [580, 206]], '할거야?', 0.9854078225179697), ([[94, 208], [166, 208], [166, 234], [94, 234]], '필요해', 0.8373347520828247), ([[104, 554], [154, 554], [154, 580], [104, 580]], '그런', 0.9994507864541639), ([[8, 642], [128, 642], [128, 672], [8, 672]], '자유연구에', 0.997112769455452), ([[20, 670], [116, 670], [116, 700], [20, 700]], '보지관찰', 0.9987964034080505), ([[20, 700], [116, 700], [116, 730], [20, 730]], '연구라니', 0.9989742636680603), ([[18, 728], [92, 728], [92, 758], [18, 758]], '분명히', 0.9995953857632404), ([[30, 758], [106, 758], [106, 788], [30, 788]], '거짓말', 0.9999562271005522), ([[20, 788], [72, 788], [72, 812], [20, 812]], '이야', 0.9999583591676082), ([[190.21553545944727, 389.07767729723633], [220.52865488036406, 376.0350883972695], [247.78446454055273, 446.92232270276367], [217.47134511963594, 458.9649116027305]], '술', 0.5473241127452297), ([[463.0513167019495, 404.1539501058485], [484.50972074952296, 390.04361965276695], [515.9486832980505, 439.8460498941515], [494.49027925047704, 453.95638034723305]], '들', 0.364099534704426)]
[([[616, 34], [702, 34], [702, 64], [616, 64]], '자 , 빨리', 0.8697807399553124), ([[591, 62], [713, 62], [713, 92], [591, 92]], '지금이라면', 0.9988350523527291), ([[616, 92], [690, 92], [690, 122], [616, 122]], '사람도', 0.9605210707521341), ([[628, 120], [678, 120], [678, 148], [628, 148]], '업고', 0.9081923824421114), ([[630, 150], [680, 150], [680, 178], [630, 178]], '하기', 0.9999538916590777), ([[618, 178], [704, 178], [704, 208], [618, 208]], '쉽잖아?', 0.8104029893875122), ([[482, 416], [508, 416], [508, 448], [482, 448]], '손', 0.1750836902952848), ([[188.184182983552, 390.08407832104956], [219.52181805028556, 376.03418281782984], [248.815817016448, 445.91592167895044], [217.47818194971444, 459.96581718217016]], '술', 0.767340472560111)]
[([[568, 106], [627, 106], [627, 139], [568, 139]], '저기 .', 0.9994829642993883), ([[582, 138], [632, 138], [632, 166], [582, 166]], '역시', 0.9994938538748338), ([[582, 168], [630, 168], [630, 192], [582, 192]], '하지', 0.9995257123165838), ([[582, 196], [634, 196], [634, 224], [582, 224]], '말자', 0.9475734006768092), ([[39, 568], [100, 568], [100, 598], [39, 598]], '안돼 !', 0.6946038402594189), ([[4, 600], [136, 600], [136, 628], [4, 628]], '아야   누나는', 0.4860355363167708), ([[28, 628], [98, 628], [98, 654], [28, 654]], '나에게', 0.9228832928932563), ([[40, 658], [86, 658], [86, 684], [40, 684]], '협력', 0.9986318504079461), ([[38, 686], [88, 686], [88, 712], [38, 712]], '안해', 0.9999896318910091), ([[28, 714], [116, 714], [116, 744], [28, 744]], '줄거야?', 0.9999022483825684)]
[]
[([[70, 166], [178, 166], [178, 196], [70, 196]], '짝   벌러진', 0.48165148567075333), ([[80, 196], [156, 196], [156, 222], [80, 222]], '보지가', 0.9992861758963923), ([[58, 224], [178, 224], [178, 254], [58, 254]], '환히   보여 !', 0.8575336609868028), ([[544, 212], [698, 212], [698, 242], [544, 242]], '그렇지   그렇지', 0.7625980108262451), ([[590, 242], [640, 242], [640, 268], [590, 268]], '역시', 0.9996601447309044), ([[566, 270], [676, 270], [676, 300], [566, 300]], '아야누나 !', 0.5784811029019562), ([[618, 560], [690, 560], [690, 590], [618, 590]], '어째서', 0.9945354002959955), ([[44, 584], [118, 584], [118, 614], [44, 614]], '이결로', 0.719573918857717), ([[640, 590], [668, 590], [668, 614], [640, 614]], '나', 0.9999194161437686), ([[54, 612], [106, 612], [106, 640], [54, 640]], '자유', 0.9997468754120028), ([[616, 618], [690, 618], [690, 646], [616, 646]], '겁먹고', 0.9502274347532226), ([[44, 642], [116, 642], [116, 668], [44, 668]], '연구도', 0.999930830677513), ([[630, 648], [680, 648], [680, 678], [630, 678]], '있는', 0.1039546121325813), ([[44, 670], [130, 670], [130, 700], [44, 700]], '완벽해 !', 0.9940280506417947), ([[630, 676], [682, 676], [682, 706], [630, 706]], '거야', 0.994619147182117)]
