2168255
16
[([[1898, 150], [2035, 150], [2035, 327], [1898, 327]], '1', 0.29790847379459606), ([[43, 35], [400, 35], [400, 1418], [43, 1418]], '{', 0.17740989796435347), ([[1692, 763], [1938, 763], [1938, 948], [1692, 948]], '[', 0.5757229414719269), ([[1688, 507], [2035, 507], [2035, 800], [1688, 800]], '가', 0.1635841412665151), ([[83, 1451], [350, 1451], [350, 1835], [83, 1835]], '기', 0.33162430878551064), ([[1631, 871], [2035, 871], [2035, 1874], [1631, 1874]], '항', 0.7344392831656457), ([[1708, 2590], [1896, 2590], [1896, 2643], [1708, 2643]], '지어이시', 0.005712338723242283), ([[1713, 2642], [1891, 2642], [1891, 2746], [1713, 2746]], '허18', 0.1124809413477161), ([[1706, 2741], [1894, 2741], [1894, 2791], [1706, 2791]], '5 시곁 |}', 0.04218539787898173), ([[1725, 2800], [1877, 2800], [1877, 2840], [1725, 2840]], '18놈초선0', 0.036862373232199167), ([[1700, 2829], [1902, 2829], [1902, 2867], [1700, 2867]], '타 . [도양-', 0.00652923285001991)]
[]
[]
[]
[([[0, 2592], [570, 2592], [570, 2706], [0, 2706]], '/고.-+: $교교교0', 0.0002277800542570064), ([[0, 2714], [1048, 2714], [1048, 2834], [0, 2834]], '-튼;++~할: @,_*36131422', 0.015014485123027667)]
[([[901, 1092], [1098, 1092], [1098, 1370], [901, 1370]], ')', 0.706675623806067), ([[0, 2597], [278, 2597], [278, 2708], [0, 2708]], '5고연5(:', 0.001562821049748009), ([[327, 2597], [818, 2597], [818, 2696], [327, 2696]], '/어고검고응고교', 8.90732949345546e-05), ([[0, 2722], [942, 2722], [942, 2846], [0, 2846]], '[튼;;++서대: @8|고물교응고7', 1.5764912168424907e-05)]
[([[35, 1376], [1038, 1376], [1038, 1526], [35, 1526]], '#_터젖##계경맛', 0.0006069551990154564), ([[36, 1656], [317, 1656], [317, 1770], [36, 1770]], '또;주터', 0.030819378793239594), ([[405, 1656], [1075, 1656], [1075, 1768], [405, 1768]], '2021412)31터', 0.334728550178043), ([[44, 1779], [434, 1779], [434, 1889], [44, 1889]], '4 -) )', 0.22914999991464138), ([[495, 1775], [978, 1775], [978, 1887], [495, 1887]], '#소껍 히스', 0.0002906090919202387), ([[38, 1894], [247, 1894], [247, 2011], [38, 2011]], '똑볶', 0.1498240236398217), ([[307, 1891], [736, 1891], [736, 2014], [307, 2014]], '다사+#.', 0.02988846753044243), ([[776, 1892], [1435, 1892], [1435, 2009], [776, 2009]], '+1 - -놈렉물', 0.016526584878472184), ([[34, 2010], [328, 2010], [328, 2132], [34, 2132]], '짓#소', 0.06038568526957177), ([[401, 2018], [1409, 2018], [1409, 2143], [401, 2143]], '8631300128@8교교;_어검', 0.006882439661241882), ([[408, 2143], [1614, 2143], [1614, 2240], [408, 2240]], '가족;;+.,: @~:`교풀고,라간아라교.', 1.2134166582128005e-06), ([[410, 2260], [1999, 2260], [1999, 2361], [410, 2361]], '5항3어,: ^라`교풀나,라머아^라교. {라탁이어*((', 4.0573959902271685e-08), ([[38, 2378], [362, 2378], [362, 2490], [38, 2490]], '티이만주:', 0.00038887989549232023), ([[669, 2432], [1692, 2432], [1692, 2604], [669, 2604]], '-신시(름어우묘', 0.0006008219494147788), ([[717, 2591], [1645, 2591], [1645, 2653], [717, 2653]], '룹+[://요버.하나마용싣기나명.-0;마/', 2.091540298359486e-05)]
[([[945, 1078], [1077, 1078], [1077, 1502], [945, 1502]], '#', 0.932617301645223)]
[([[1695, 2237], [1796, 2237], [1796, 2620], [1695, 2620]], '#', 0.9889050243331532)]
[([[605, 488], [691, 488], [691, 589], [605, 589]], '9', 0.739969860433721), ([[133, 2102], [647, 2102], [647, 2204], [133, 2204]], '마유즈미 후유고', 0.7010885605771063), ([[133, 2329], [399, 2329], [399, 2433], [133, 2433]], '먼달 : 0', 0.3469630237401444), ([[131, 2446], [401, 2446], [401, 2545], [131, 2545]], '감도 : [', 0.6895786077945545), ([[131, 2557], [422, 2557], [422, 2660], [131, 2660]], '최면플랜', 0.917899489402771), ([[462, 2559], [617, 2559], [617, 2660], [462, 2660]], '실신', 0.9998844352973044)]
[([[1306, 1535], [1565, 1535], [1565, 1637], [1306, 1637]], '먼달 : (', 0.2544681842061704), ([[1304, 1638], [1555, 1638], [1555, 1742], [1304, 1742]], '감도 : ^', 0.9491986779870337), ([[1307, 1752], [1458, 1752], [1458, 1845], [1307, 1845]], '상태', 0.999577492120893), ([[1486, 1751], [1637, 1751], [1637, 1853], [1486, 1853]], '실신', 0.999808827247783)]
[([[1087, 2284], [1639, 2284], [1639, 2408], [1087, 2408]], '나나무사 나치카', 0.5348903402362973), ([[1093, 2409], [1368, 2409], [1368, 2520], [1093, 2520]], '먼달 : ^', 0.20108845587563978), ([[1092, 2529], [1378, 2529], [1378, 2638], [1092, 2638]], '감도 : 0', 0.7337735567102628), ([[1089, 2648], [1399, 2648], [1399, 2760], [1089, 2760]], '최면플랜', 0.720427930355072), ([[1442, 2650], [1748, 2650], [1748, 2762], [1442, 2762]], '상식개변', 0.9751150608062744)]
[([[811, 19], [1191, 19], [1191, 120], [811, 120]], '0038.05', 0.9820929734446548), ([[1423, 700], [1668, 700], [1668, 800], [1423, 800]], '먼달 : $', 0.5599359748873675), ([[1424, 812], [1665, 812], [1665, 904], [1424, 904]], '감도 : $', 0.9984372133382009), ([[1423, 916], [1886, 916], [1886, 1020], [1423, 1020]], '상태 : 상식개변', 0.9737639241817445)]
[([[1314, 162], [1707, 162], [1707, 272], [1314, 272]], '모리노린제', 0.8345392736872891), ([[1314, 402], [1584, 402], [1584, 515], [1314, 515]], '먼달 : 3', 0.4599882650037811), ([[1312, 527], [1585, 527], [1585, 629], [1312, 629]], '감도 : 3', 0.9319527586398266), ([[1311, 643], [1640, 643], [1640, 751], [1311, 751]], '최면 플랜', 0.9207071223020266), ([[1683, 646], [1843, 646], [1843, 748], [1683, 748]], '복종', 0.9967533724765204)]
[([[1344, 2334], [1605, 2334], [1605, 2435], [1344, 2435]], '먼달 : ^', 0.28151036137555696), ([[1344, 2448], [1605, 2448], [1605, 2545], [1344, 2545]], '감도: ^', 0.6117247782049248), ([[1344, 2563], [1495, 2563], [1495, 2660], [1344, 2660]], '상태', 0.9997446839390829), ([[1544, 2563], [1693, 2563], [1693, 2660], [1544, 2660]], '복종', 0.9905859617432284)]
[]
