2170565
8
[([[2, 0], [1376, 0], [1376, 246], [2, 246]], '나히야 테이디 나강', 0.5587733712307288), ([[0, 253], [741, 253], [741, 485], [0, 485]], '~누에소우', 0.1521015880811195), ([[5, 480], [1666, 480], [1666, 724], [5, 724]], '171+} 번역 이거맛좀바', 0.11608956113140588)]
[([[1781, 837], [1926, 837], [1926, 1036], [1781, 1036]], "'", 0.5279896443174472)]
[([[0, 900], [160, 900], [160, 1081], [0, 1081]], '', 0.0), ([[707, 1555], [1458, 1555], [1458, 1886], [707, 1886]], '2 펴', 0.2131006121635437), ([[658.022092475047, 1376.0783651855916], [1127.0846015599586, 1339.283755979928], [1126.977907524953, 1551.9216348144084], [656.9153984400414, 1588.716244020072]], '개리접', 0.04356583184979431), ([[1180.8372865022532, 1360.0250468522713], [1520.9252389430867, 1421.6205749855767], [1471.1627134977468, 1645.9749531477287], [1130.0747610569133, 1584.3794250144233]], '얘별', 0.5953922186466627), ([[1684.6338309935927, 1550.773529409272], [1822.739274256491, 1621.903514926837], [1521.3661690064073, 2178.2264705907282], [1384.260725743509, 2107.096485073163]], '"', 0.7611398713010118), ([[171.6757334808859, 1688.0872552957826], [522.4507481441519, 1618.6199775680147], [553.3242665191141, 1882.9127447042174], [202.54925185584807, 1952.3800224319853]], '풍업', 0.036454097649924466), ([[229.42559012453407, 1918.1070814944087], [753.469767755755, 1834.3282448390687], [773.5744098754659, 2099.8929185055913], [248.53023224424498, 2184.6717551609313]], '혈렁혈령', 0.011506475508213043)]
[([[0, 899], [190, 899], [190, 1106], [0, 1106]], '거', 0.1561779631540503)]
[([[0, 889], [160, 889], [160, 1074], [0, 1074]], '', 0.0), ([[1003, 1936], [1177, 1936], [1177, 2141], [1003, 2141]], '프', 0.20210198428918602)]
[([[599, 1255], [1548, 1255], [1548, 1617], [599, 1617]], '철럿 응다', 0.10773319114853844), ([[502, 1634], [774, 1634], [774, 1845], [502, 1845]], '1회', 0.9981105742493381), ([[505, 1807], [774, 1807], [774, 2220], [505, 2220]], '향', 0.10944638413196017), ([[1388, 1983], [1755, 1983], [1755, 2179], [1388, 2179]], '애널', 0.7800759133950605), ([[1473.9962414152592, 1531.0252041636577], [1819.5354552605188, 1607.7144442875785], [1776.0037585847408, 1769.9747958363423], [1429.4645447394812, 1693.2855557124215]], '저가', 0.9993020352585965), ([[1301.9093363438944, 1714.023802275181], [1806.2478233968934, 1784.9136989465628], [1764.0906636561056, 1992.976197724819], [1259.7521766031066, 1922.0863010534372]], '<공안', 0.9680258868211592)]
[([[0, 642], [154, 642], [154, 830], [0, 830]], '거', 0.14181725491688724), ([[457, 936], [1149, 936], [1149, 1193], [457, 1193]], '철럿 응디', 0.15602657852137164), ([[369, 1207], [573, 1207], [573, 1367], [369, 1367]], '1회', 0.9980590154645543), ([[1029, 1467], [1301, 1467], [1301, 1623], [1029, 1623]], '애널', 0.5813508791318278), ([[1089.9080146377473, 1144.0398005371376], [1346.3596216660223, 1184.6639573792795], [1320.0919853622527, 1310.9601994628624], [1062.6403783339777, 1270.3360426207205]], '저가', 0.9829615136142987), ([[1054.8293886190702, 1278.0360956289367], [1336.787614000588, 1319.3216178481548], [1306.1706113809298, 1477.9639043710633], [1024.212385999412, 1436.6783821518452]], '공안', 0.9930351095159166), ([[388.19420319778374, 1348.0162393050373], [537.3933489775347, 1333.4167174348452], [560.8057968022163, 1635.9837606949627], [411.6066510224653, 1649.5832825651548]], '향', 0.015219789040958942)]
[([[460, 401], [1152, 401], [1152, 665], [460, 665]], '형령 응다', 0.1345744536649307), ([[369, 677], [577, 677], [577, 835], [369, 835]], '1회', 0.9986820696795813), ([[1028, 940], [1298, 940], [1298, 1086], [1028, 1086]], '애널', 0.21744363120028407), ([[35, 1371], [851, 1371], [851, 1481], [35, 1481]], '171+ 번역 후기 (20220318)', 0.9538664633237636), ([[32, 1465], [749, 1465], [749, 1573], [32, 1573]], '애널올 맛?나게 그리노:  .', 0.4817488983838829), ([[1087.8837011276755, 615.0415951108533], [1345.2692366662777, 651.3751881160681], [1321.1162988723245, 778.9584048891467], [1063.7307633337223, 742.6248118839319]], '저가', 0.9989245818735873), ([[964.9282627651206, 734.0302509426357], [1338.461684460077, 791.5093199961975], [1305.0717372348793, 948.9697490573643], [931.538315539923, 890.4906800038025]], '<공안', 0.8716556287009682), ([[384.1742584090876, 821.0170534999205], [533.920274026779, 802.2354108120031], [565.8257415909123, 1102.9829465000794], [416.079725973221, 1121.7645891879968]], '호', 0.015687016718306745)]
