2172825
22
[]
[([[432, 17], [595, 17], [595, 140], [432, 140]], '@양', 0.7474134744873318), ([[499, 245], [535, 245], [535, 281], [499, 281]], '잇', 0.24886558292861594), ([[40, 298], [138, 298], [138, 354], [40, 354]], '*0', 0.06323403149647412), ([[456, 378], [556, 378], [556, 434], [456, 434]], '라리0', 0.05634096564584208), ([[0, 419], [203, 419], [203, 625], [0, 625]], '@픽', 0.0036853777966981732), ([[463, 553], [525, 553], [525, 665], [463, 665]], '입', 0.010877911801341844), ([[0, 638], [349, 638], [349, 827], [0, 827]], '퓨우#', 0.004898911398273841), ([[37.786371044587604, -0.9716596458251949], [315.9663739188602, 46.81206871453989], [270.2136289554124, 264.9716596458252], [-6.96637391886021, 218.1879312854601]], '부기워;', 0.02793918550014496), ([[456.1758366163079, 240.11542815707753], [499.85218951844445, 252.06993820050724], [490.8241633836921, 280.88457184292247], [448.14781048155555, 268.93006179949276]], '아', 0.9670808102416153), ([[371.87860761221, 637.0299623483264], [610.1150122315345, 687.3042362389331], [566.12139238779, 865.9700376516736], [327.88498776846546, 815.6957637610669]], '부책', 0.6041424590147383)]
[([[7, 25], [187, 25], [187, 89], [7, 89]], '30분뒤', 0.969781756401062)]
[([[379, 109], [486, 109], [486, 150], [379, 150]], '빠 빨리', 0.3824985323544509), ([[385, 147], [521, 147], [521, 183], [385, 183]], '돌아가잇 ', 0.16679128114190303), ([[82, 308], [130, 308], [130, 366], [82, 366]], '적', 0.9937498784311174), ([[3.143046618229481, 322.3576165455737], [88.08012240550828, 311.1099132960983], [92.85695338177052, 356.6423834544263], [7.919877594491724, 367.8900867039017]], '어기-', 0.35183820549381956), ([[381.9484287718934, 372.0616445610941], [532.5150151748987, 395.0854646045649], [517.0515712281066, 474.9383554389059], [366.48498482510126, 451.9145353954351]], '어기석', 0.3903949959015863)]
[([[102, 100], [228, 100], [228, 238], [102, 238]], '4', 0.19871468836712225), ([[500, 410], [556, 410], [556, 480], [500, 480]], '0', 0.9961135076065517), ([[307.35571461873076, -0.9928421571166943], [519.0109883796775, -24.8715637376282], [571.6442853812692, 506.9928421571167], [358.98901162032246, 531.8715637376282]], '?', 0.04623655498107859)]
[([[80, 140], [180, 140], [180, 170], [80, 170]], '거짓말 !', 0.8784865306259465), ([[30, 170], [220, 170], [220, 198], [30, 198]], '방금 다 셋는데.', 0.2539208746825786), ([[48, 198], [191, 198], [191, 228], [48, 228]], '또 신호가앗.', 0.5419841899616636), ([[497, 409], [557, 409], [557, 481], [497, 481]], '0', 0.9954567416120632), ([[472, 534], [556, 534], [556, 614], [472, 614]], '희', 0.009963620966700282), ([[546, 570], [572, 570], [572, 600], [546, 600]], '0', 0.9999109526431518), ([[0, 571], [167, 571], [167, 699], [0, 699]], '짝각', 0.0041148151111829205), ([[309.3499391650634, 1.0072867618278636], [518.9002877977376, -23.90314413669037], [571.6500608349367, 504.99271323817214], [362.09971220226237, 529.9031441366903]], '2', 0.08127041142333624)]
[([[80, 140], [180, 140], [180, 170], [80, 170]], '거짓말 !', 0.9956172747524495), ([[30, 170], [206, 170], [206, 200], [30, 200]], '방금 다 셋는데.', 0.3041059262422137), ([[48, 198], [191, 198], [191, 228], [48, 228]], '또 신호가앗.', 0.5516089968722708), ([[417.9531521548196, 176.05494547078595], [563.3580130739998, 202.47472110226033], [544.0468478451804, 290.9450545292141], [398.6419869260002, 264.52527889773967]], '뿐 &0', 0.01759314691010807), ([[-7.097107608496923, 672.073760108954], [126.27208457259133, 596.5026401594704], [165.0971076084969, 674.926239891046], [30.727915427408668, 750.4973598405296]], '프츠%', 0.0033595380734766436)]
[([[63, 93], [227, 93], [227, 249], [63, 249]], '!', 0.1249773006741215), ([[427.0966172737333, 63.02268374729189], [561.692099788303, 38.92370063509075], [600.9033827262667, 297.9773162527081], [467.3079002116969, 322.07629936490923]], '~', 0.08082989580333688)]
[([[63, 89], [231, 89], [231, 249], [63, 249]], '', 0.0), ([[402, 596], [548, 596], [548, 696], [402, 696]], '릇요0', 0.005817976142853026), ([[287.0733555494202, 62.01533759249167], [458.55877093810483, -36.99442399905256], [695.9266444505797, 419.9846624075083], [524.4412290618951, 519.9944239990525]], '*', 0.0024706680020859656), ([[335.49101340144074, 550.0658509254747], [353.407908508224, 545.0420391605248], [365.50898659855926, 591.9341490745253], [348.592091491776, 596.9579608394752]], '움', 0.015826097055502197), ([[-7.976743395301233, 646.151167930542], [167.09782473335355, 622.8125745405241], [174.97674339530124, 736.848832069458], [-1.0978247333535514, 759.1874254594759]], '냄깨진등', 0.008857633918523788), ([[461.37216262819203, 697.0219255831464], [533.7256342447436, 714.0561457031833], [500.62783737180797, 857.9780744168536], [428.27436575525644, 841.9438542968167]], ';', 0.013898531763612054)]
[([[61, 89], [231, 89], [231, 249], [61, 249]], '!', 0.34677298837800663), ([[402, 596], [546, 596], [546, 696], [402, 696]], '필요0', 0.015273248477658362), ([[11.994701238709565, 3.1687373083864365], [241.40013418727543, -19.986418702919522], [245.00529876129045, 85.83126269161356], [15.599865812724563, 109.98641870291952]], '넥아양', 0.24466456623096522), ([[288.05777299374984, 61.01585791437063], [459.56554117263914, -36.99428804563621], [691.9422270062502, 413.9841420856294], [521.4344588273609, 513.9942880456362]], '#', 0.005318814347436751), ([[335.49101340144074, 550.0658509254747], [351.407908508224, 545.0420391605248], [366.50898659855926, 591.9341490745253], [349.592091491776, 596.9579608394752]], '3', 0.06911049980552608), ([[-5.941300324797769, 649.1580680187336], [166.38909063474605, 625.5270503111205], [173.94130032479777, 733.8419319812664], [0.6109093652539581, 757.4729496888795]], '액주진-', 0.000988547457382083), ([[456.28243011179245, 698.0257785539152], [532.0542816832884, 711.0410004837669], [505.71756988820755, 856.9742214460848], [430.9457183167116, 843.9589995162331]], '털', 0.02433412742783858)]
[([[366, 238], [520, 238], [520, 286], [366, 286]], '오고오옷', 0.9960869550704956), ([[90, 274], [140, 274], [140, 322], [90, 322]], '그녀', 0.02997536059454456), ([[373.13600260995935, 358.0752148767684], [427.78703503099683, 380.5562910223978], [408.86399739004065, 424.9247851232316], [355.21296496900317, 402.4437089776022]], '옷델', 0.009892295830000999)]
[([[8, 678], [282, 678], [282, 731], [8, 731]], '전투중에 맞은 독', 0.7841181051024754), ([[7, 727], [235, 727], [235, 771], [7, 771]], '때문에 바지에', 0.9933374888630647), ([[8, 770], [364, 770], [364, 818], [8, 818]], '지려버리는 시노부양#', 0.7816057071980859)]
[([[364, 238], [520, 238], [520, 286], [364, 286]], '오고오옷', 0.7443250928002529), ([[23, 265], [91, 265], [91, 353], [23, 353]], '별', 0.40446875360977685), ([[23.683794726939603, 48.271937853146326], [188.25734923077252, 24.35941637052863], [194.3162052730604, 109.72806214685367], [29.742650769227474, 132.64058362947137]], '뜻국0', 0.017959705024637708), ([[342.58511420718264, 352.0501103212754], [457.64691051558833, 268.01046506832085], [626.4148857928174, 532.9498896787246], [510.35308948441167, 616.9895349316791]], '@', 0.0981899171342917)]
[([[306, 34], [595, 34], [595, 208], [306, 208]], '부기지 ', 0.005001617129892111), ([[364, 238], [520, 238], [520, 286], [364, 286]], '오고오옷', 0.7270023853851343), ([[23, 265], [91, 265], [91, 353], [23, 353]], '별', 0.5118372156406537), ([[0, 601], [141, 601], [141, 711], [0, 711]], '간과', 0.0026010470476005437), ([[23.683794726939603, 48.271937853146326], [187.2387139973717, 24.332232214574084], [194.3162052730604, 109.72806214685367], [29.76128600262831, 132.66776778542592]], '또뜩0', 0.0034459214282299604), ([[345.67456554840544, 351.04628734219796], [458.618564440763, 269.0100716685759], [625.3254344515946, 531.953712657802], [512.381435559237, 613.9899283314242]], '$', 0.026078324911694928), ([[376.93439792036025, 657.0406127567193], [582.3627196924904, 699.8241500960968], [553.0656020796398, 815.9593872432807], [347.63728030750957, 773.1758499039032]], '뛰의임', 0.005166572831675898)]
[([[218, 142], [315, 142], [315, 199], [218, 199]], '그후', 0.9995414730842378), ([[168, 194], [406, 194], [406, 246], [168, 246]], '냄새름 맡고', 0.7052050277780486), ([[84, 242], [466, 242], [466, 298], [84, 298]], '찾아온 오니에 의해', 0.9713741496147221), ([[23.918923555351412, 45.21894071015164], [191.38181190269876, 25.546081296189172], [196.0810764446486, 111.78105928984836], [28.61818809730125, 131.4539187038108]], '뜨국0', 0.004759677071376569), ([[104.29911803751466, 79.00722481946107], [680.8551829179023, 382.865260840935], [540.7008819624854, 631.992775180539], [-34.855182917902304, 329.134739159065]], '모제정', 0.0002569285721164658)]
[([[376, 102], [570, 102], [570, 132], [376, 132]], '아까 맞은 독때문인가 ?', 0.6062694054870091), ([[420, 128], [538, 128], [538, 154], [420, 154]], '으_계속 배가 ', 0.5570517430458882), ([[56.95315215481957, 401.0549454707859], [117.55470019622523, 359.0153964679459], [219.04684784518042, 515.9450545292141], [159.44529980377476, 558.9846035320542]], '꼭', 0.7714764541440822), ([[469.4281473238831, 376.02339735137383], [528.1732434720142, 388.3800321243542], [503.5718526761169, 511.97660264862617], [444.82675652798576, 500.6199678756458]], '특', 0.4352949742426837)]
[([[376, 102], [568, 102], [568, 130], [376, 130]], '아까 맞은 독때문인가 ?', 0.7511661691563151), ([[420, 128], [538, 128], [538, 154], [420, 154]], '으_계속 배가 ', 0.5547793344055436), ([[139, 517], [249, 517], [249, 589], [139, 589]], '곧최', 0.00934148241223426), ([[147.91357104748977, 141.04928152238756], [265.86757800486816, 172.91121347391095], [236.08642895251023, 274.95071847761244], [118.13242199513184, 242.08878652608905]], '젖세', 0.009496357185968774)]
[([[394, 80], [542, 80], [542, 110], [394, 110]], '배가 점점 더.', 0.652029910345156), ([[393, 107], [517, 107], [517, 143], [393, 143]], '아파오잡앗', 0.6345512224752922), ([[394, 140], [556, 140], [556, 170], [394, 170]], '빨리 돌아가야', 0.8544839463086731), ([[378, 334], [430, 334], [430, 410], [378, 410]], '~', 0.002273295173563908), ([[90, 620], [216, 620], [216, 686], [90, 686]], '스스다', 0.039357085852891174), ([[415, 607], [525, 607], [525, 779], [415, 779]], '봉', 0.18874170162834858), ([[444.11768544619565, 385.02997605907586], [586.9277350885441, 461.6311809906247], [533.8823145538043, 557.9700239409241], [391.07226491145593, 482.3688190093753]], '033', 0.07960006781463805)]
[([[394, 80], [542, 80], [542, 110], [394, 110]], '배가 점점 더.', 0.4925252530684785), ([[393, 107], [517, 107], [517, 143], [393, 143]], '아파오잡앗.', 0.41145580506785295), ([[394, 140], [556, 140], [556, 170], [394, 170]], '빨리 돌아가야', 0.7693661030512253)]
[([[0, 0], [301, 0], [301, 217], [0, 217]], '(8', 0.17571881655754332), ([[150, 214], [258, 214], [258, 244], [150, 244]], '안돼 안돼', 0.6257764141904879), ([[150, 242], [272, 242], [272, 272], [150, 272]], '안돼 안돼]', 0.5294903890169007), ([[43, 281], [107, 281], [107, 383], [43, 383]], '뿐', 0.03977168450765434), ([[437, 305], [579, 305], [579, 369], [437, 369]], '씨여리선"', 0.20309693155199282), ([[10.41868164102382, 231.02417969228586], [67.56861673211213, 237.97795926456078], [52.58131835897618, 364.9758203077142], [-3.5686167321121287, 358.02204073543925]], '빚', 0.010884126179568077), ([[503.29533573658233, 410.0207075219], [628.5802497524913, 527.8539205874735], [557.7046642634176, 603.9792924781], [432.4197502475086, 487.14607941252655]], '완)', 0.6233259556809385), ([[404.89550649040444, 563.0265350004128], [645.225821166957, 628.1419801429234], [589.1044935095955, 816.9734649995872], [348.77417883304304, 751.8580198570766]], '@빵', 0.1702468894438386), ([[20.962021925390793, 704.1607381299619], [183.78798705858966, 680.4445742747142], [192.0379780746092, 792.8392618700381], [29.212012941410347, 815.5554257252858]], '039', 0.20795067751307303)]
[([[0, 227], [112, 227], [112, 388], [0, 388]], '봄', 0.041664218135732733), ([[503.299442494402, 410.02046665427446], [629.5679114184729, 528.8088520224902], [559.700557505598, 604.9795333457256], [432.4320885815271, 487.1911479775098]], '완요)', 0.07099614491136322), ([[405.92286199023977, 565.0263846008917], [641.4376989497958, 630.8574904582487], [585.0771380097602, 812.9736153991083], [349.5623010502041, 747.1425095417513]], '@빵', 0.25534567341752745), ([[22.023256604698766, 704.151167930542], [184.9267897983825, 683.6060233322501], [191.97674339530124, 794.848832069458], [29.07321020161752, 815.3939766677499]], '09', 0.13902513782599896)]
[([[40, 298], [138, 298], [138, 354], [40, 354]], '라*0', 0.01308620770677024), ([[456, 378], [556, 378], [556, 434], [456, 434]], '라리0', 0.06039041055311381), ([[463, 553], [525, 553], [525, 663], [463, 663]], '5', 0.010886419326011643), ([[0, 634], [351, 634], [351, 827], [0, 827]], '퓨우@', 0.031737132627184916), ([[38.803113520901334, -2.97243659644106], [317.0703439578955, 47.010036294283694], [269.1968864790987, 265.97243659644107], [-8.070343957895503, 215.9899637057163]], '녹기];', 0.017173515632748604)]
