2173700
124
[([[142, 158], [176, 158], [176, 186], [142, 186]], '왜', 0.9996214271325243), ([[55, 179], [237, 179], [237, 217], [55, 217]], '아무것도 안해?', 0.8356599765569149), ([[591, 1276], [877, 1276], [877, 1315], [591, 1315]], '전 여름휴가 나온거 잡아요.', 0.758371751214461)]
[([[595, 153], [823, 153], [823, 357], [595, 357]], '0모', 0.08661204603205336), ([[499.5027082664217, 103.26272885218198], [708.9251573900344, 70.25527978467272], [717.4972917335783, 173.73727114781803], [508.0748426099656, 206.74472021532728]], '풀이', 0.036137184372154546)]
[([[415, 285], [611, 285], [611, 353], [415, 353]], '홍소드~~', 0.8984422700854354)]
[([[199, 97], [305, 97], [305, 133], [199, 133]], '아 아니', 0.9333635568618774), ([[163, 129], [343, 129], [343, 171], [163, 171]], '이걸 어디서?!', 0.7764191490170974), ([[299, 185], [539, 185], [539, 225], [299, 225]], '네가 저번에 홍소드', 0.8272171183765809), ([[256, 219], [583, 219], [583, 261], [256, 261]], '사용해보고 싶다고 햇잡아', 0.9437066950316212), ([[329, 255], [509, 255], [509, 295], [329, 295]], '돈모아서 삶지', 0.8146885133074903), ([[197, 769], [403, 769], [403, 809], [197, 809]], '이걸로 밤새도록', 0.9352438386255866), ([[157, 803], [443, 803], [443, 845], [157, 845]], '사용법 익히자는 거지?', 0.8286075260886439), ([[185, 837], [416, 837], [416, 879], [185, 879]], '열심히 연습하자! !', 0.9776722399727692)]
[([[253, 83], [387, 83], [387, 123], [253, 123]], '그근 돈은', 0.40982443454744943), ([[251, 121], [373, 121], [373, 157], [251, 157]], '어디서 ?', 0.7113525254909236), ([[209, 191], [325, 191], [325, 233], [209, 233]], '야간근무', 0.9998621344566345), ([[177, 227], [357, 227], [357, 267], [177, 267]], '뛰어서 받앗지', 0.8567294770786045), ([[169, 311], [419, 311], [419, 353], [169, 353]], '네가 꿀,장어 복분자', 0.5024860791049174), ([[185, 345], [399, 345], [399, 389], [185, 389]], '같이 몸에 좋은거', 0.818818354008755), ([[189, 381], [395, 381], [395, 421], [189, 421]], '챙겨주서 하나도', 0.3849333672959867), ([[217, 415], [361, 415], [361, 457], [217, 457]], '안힘들더라', 0.8382060966919018), ([[351, 467], [545, 467], [545, 509], [351, 509]], '아 답변 고마위', 0.4644496975752197), ([[17, 963], [257, 963], [257, 1005], [17, 1005]], '내가 훈련하는 것도', 0.829931141421144), ([[35, 995], [243, 995], [243, 1040], [35, 1040]], '다 찾아쉽으니까', 0.2836969165339507), ([[55, 1033], [219, 1033], [219, 1073], [55, 1073]], '열심히 하자!', 0.9964725442600375), ([[345, 1057], [565, 1057], [565, 1097], [345, 1097]], '응  고마워 진짜루', 0.4931745741924609), ([[154, 1294], [246, 1294], [246, 1326], [154, 1326]], '흔전순결', 0.8238880634307861), ([[584, 1268], [670, 1268], [670, 1318], [584, 1318]], '바싹', 0.11797314674141157), ([[134, 1320], [266, 1320], [266, 1346], [134, 1346]], '카사노바새끼', 0.9976957997795206), ([[178, 1377], [270, 1377], [270, 1416], [178, 1416]], '4', 0.1361711964861465), ([[534.6923076923077, 1210.4615384615386], [633.7298947009104, 1192.3083748675822], [641.3076923076923, 1245.5384615384614], [542.2701052990896, 1263.6916251324178]], '바', 0.9980142447663098)]
[([[119, 185], [207, 185], [207, 223], [119, 223]], '느그들', 0.9981791679323767), ([[59, 219], [267, 219], [267, 257], [59, 257]], '액스트라 주제에', 0.8975169192834132), ([[45, 251], [280, 251], [280, 293], [45, 293]], '분량올 씹장넷구나', 0.3481315848010153), ([[381, 317], [615, 317], [615, 359], [381, 359]], '으약 숲고불린이다', 0.8681796913734091), ([[501, 431], [561, 431], [561, 467], [501, 467]], '닥처', 0.9509253999575231), ([[457, 463], [605, 463], [605, 503], [457, 503]], '주인공이야', 0.9993279753926131), ([[527.00019994002, 559.100979706098], [623.8095255254747, 573.6330822190756], [615.99980005998, 617.899020293902], [519.1904744745253, 603.3669177809244]], '그마', 0.002969155832173548), ([[18.41440553737805, 750.1819438107257], [115.71877504285334, 743.9632176168094], [115.58559446262194, 806.8180561892743], [19.28122495714667, 812.0367823831906]], '부', 0.10690539289703338)]
[([[336, 114], [398, 114], [398, 138], [336, 138]], '어 어?', 0.9961883425712585), ([[278, 136], [458, 136], [458, 164], [278, 164]], '문 그렇게 막 여시면', 0.7565646428588588), ([[318, 160], [416, 160], [416, 186], [318, 186]], '안되논데 .', 0.5678883480259478), ([[202, 238], [340, 238], [340, 264], [202, 264]], '둘 다 무장해제하고', 0.9670750649823662), ([[184, 260], [358, 260], [358, 284], [184, 284]], '따라와라 할 일 있으니까', 0.8844586780981303), ([[334, 338], [490, 338], [490, 362], [334, 362]], '예? 머리에 총 맞앉어요?', 0.6841191298361557), ([[338, 356], [486, 356], [486, 380], [338, 380]], '여길 왜 맨몸으로 가요?', 0.5941697894410675), ([[280, 408], [390, 408], [390, 432], [280, 432]], '예? 그래서요?', 0.9936418689291391), ([[278, 428], [394, 428], [394, 454], [278, 454]], '난 상사인데요?', 0.7264116108929842), ([[287, 451], [383, 451], [383, 467], [287, 467]], '고우면 상사하든가', 0.8036782859471188), ([[297, 543], [327, 543], [327, 555], [297, 555]], '광크당', 0.8204992485189787)]
[([[138, 168], [196, 168], [196, 200], [138, 200]], '저기', 0.9999898004778953), ([[61, 197], [269, 197], [269, 239], [61, 239]], '꿈틀거리논 것들', 0.5020262458791132), ([[115, 235], [219, 235], [219, 273], [115, 273]], '보이지?', 0.9998419880867004), ([[49, 267], [285, 267], [285, 309], [49, 309]], '여성형 슬라임이야', 0.6189024436855985), ([[289, 291], [377, 291], [377, 327], [289, 327]], '뒤저도', 0.3802244371203863), ([[255, 321], [409, 321], [409, 363], [255, 363]], '가슴만은 꼭', 0.9589662788584304), ([[229, 355], [437, 355], [437, 397], [229, 397]], '구현이 돼있더라', 0.9010380537488836), ([[25, 389], [56, 389], [56, 480], [25, 480]], '*', 0.12407372875512213), ([[562, 592], [652, 592], [652, 672], [562, 672]], '꿈들"', 0.7361487147139913)]
[([[191, 149], [371, 149], [371, 189], [191, 189]], '저거 잡으라고', 0.9968010830236665), ([[177, 185], [385, 185], [385, 225], [177, 225]], '데려온거면 진짜', 0.9908692709213892), ([[245, 223], [317, 223], [317, 259], [245, 259]], '왜 .?', 0.3329041302204132), ([[105, 545], [313, 545], [313, 585], [105, 585]], '돈발고 일하면서', 0.6187098279631086), ([[127, 579], [295, 579], [295, 621], [127, 621]], '말이 만구나?', 0.2754001162743213), ([[309, 617], [373, 617], [373, 657], [309, 657]], '쨌든', 0.4570601647225357), ([[73, 919], [253, 919], [253, 961], [73, 961]], '슬라임은 보통', 0.9093889583083533), ([[79, 953], [249, 953], [249, 995], [79, 995]], '반투명이라서', 0.996142148374722), ([[417, 961], [629, 961], [629, 1003], [417, 1003]], '안에 원가 있는컵', 0.32316992509444004), ([[423, 997], [621, 997], [621, 1037], [423, 1037]], '표현 할 수 있어', 0.8786328080871929), ([[475, 1045], [637, 1045], [637, 1087], [475, 1087]], '그  액체갈은', 0.743012543650329)]
[([[31, 145], [223, 145], [223, 187], [31, 187]], '그게 약점이주!', 0.8699160543498052), ([[101, 233], [359, 233], [359, 275], [101, 275]], "이게 당신 '핵'입니다", 0.9889658189137615), ([[443, 366], [623, 366], [623, 410], [443, 410]], '뛰야 돌려주요', 0.4494556515504816), ([[350, 428], [440, 428], [440, 502], [350, 502]], '빠', 0.2886579102718976), ([[113, 877], [279, 877], [279, 915], [113, 915]], '리아, 그 쪽도', 0.4898110015227758), ([[135, 913], [257, 913], [257, 951], [135, 951]], '끝없자 ?', 0.08580057253091339), ([[385.20552140300424, 684.6904906657081], [420.71770129547093, 652.0430792475911], [473.79447859699576, 714.3095093342919], [438.28229870452907, 746.9569207524089]], '호', 0.44985681787062504)]
[([[85, 77], [299, 77], [299, 119], [85, 119]], '또 슬라임은 가끔', 0.8286051775437022), ([[71, 111], [313, 111], [313, 153], [71, 153]], '약한 산성올 가지고', 0.7844016209765734), ([[149, 149], [239, 149], [239, 187], [149, 187]], '있어서', 0.9336696528455339), ([[381, 167], [623, 167], [623, 207], [381, 207]], '옷이 녹는 이멘트록', 0.2194445752458929), ([[385, 199], [619, 199], [619, 241], [385, 241]], '발생시키기도 하지', 0.9997451937795583), ([[448, 486], [552, 486], [552, 512], [448, 512]], '도와준다던게', 0.9023169254429881), ([[450, 510], [550, 510], [550, 534], [450, 534]], '이따겁니까?', 0.42720586169265556), ([[522, 548], [630, 548], [630, 572], [522, 572]], '씩스틀 하려면', 0.22665192892253685), ([[532, 568], [620, 568], [620, 592], [532, 592]], '씩스어필올', 0.7430646306064841), ([[515, 587], [636, 587], [636, 615], [515, 615]], '해야지(논리적)', 0.7698345956596748), ([[633, 619], [669, 619], [669, 655], [633, 655]], '쇼', 0.09896195983849854), ([[560, 870], [638, 870], [638, 902], [560, 902]], '테에행', 0.710614484736522), ([[531, 893], [665, 893], [665, 930], [531, 930]], '녹는 데수웅', 0.6802173616227802), ([[528, 1124], [647, 1124], [647, 1164], [528, 1164]], '동난긴상의', 0.24060672243756173), ([[541, 1157], [635, 1157], [635, 1189], [541, 1189]], '분량조절', 0.9992279410362244), ([[554, 1188], [626, 1188], [626, 1220], [554, 1220]], '실패로', 0.9999650367200591), ([[529, 1217], [649, 1217], [649, 1253], [529, 1253]], '다음화에서', 0.9971931901998116), ([[540, 1245], [639, 1245], [639, 1284], [540, 1284]], '보는데스', 0.9449846744537354), ([[474, 1290], [656, 1290], [656, 1364], [474, 1364]], '2.5화 끝', 0.499076981814976)]
[([[27, 33], [279, 33], [279, 73], [27, 73]], '+크리스마스기념 컷', 0.784593087000369), ([[105, 101], [167, 101], [167, 139], [105, 139]], '메주', 0.9989616596149107), ([[79, 137], [193, 137], [193, 173], [79, 173]], '어서오고', 0.9999856948852539), ([[357, 125], [445, 125], [445, 163], [357, 163]], '박사님', 0.73028826610636), ([[333, 161], [473, 161], [473, 197], [333, 197]], '뭐 하세요?', 0.9991870221754557), ([[61, 439], [155, 439], [155, 475], [61, 475]], '사이버', 0.9618536731532019), ([[63, 473], [155, 473], [155, 509], [63, 509]], '스토랑', 0.20426367223262787), ([[255, 771], [321, 771], [321, 807], [255, 807]], '허어.', 0.8548218999124584)]
[]
[([[119, 115], [271, 115], [271, 151], [119, 151]], '내 따까리가', 0.9997856570221445), ([[73, 144], [318, 144], [318, 189], [73, 189]], '외출올 햇단 말이야', 0.797500744058526), ([[109, 185], [281, 185], [281, 221], [109, 221]], '크리스마스에', 0.9834094581048644), ([[73, 217], [315, 217], [315, 259], [73, 259]], '나갈 일이 어딪다고', 0.23304411768166503), ([[435, 625], [557, 625], [557, 665], [435, 665]], '뭐 . 맘조?', 0.12764072915146066), ([[387, 657], [603, 657], [603, 699], [387, 699]], '분위기도 즐기고,', 0.6490105170493012), ([[409, 693], [569, 693], [569, 733], [409, 733]], '물건도 사고.', 0.6865662169075104)]
[([[117, 113], [175, 113], [175, 153], [117, 153]], '애', 0.7547998455073781), ([[29, 221], [287, 221], [287, 263], [29, 263]], '백화점은 왜 간거지?', 0.7080324109541946), ([[69, 259], [247, 259], [247, 297], [69, 297]], '연구소 안에도', 0.9832062318705227), ([[51, 291], [267, 291], [267, 333], [51, 333]], '있을건 다 잇는데', 0.14763900257967158), ([[329, 341], [545, 341], [545, 383], [329, 383]], '좀같은 것도 같이', 0.3597987015425563), ([[287, 375], [585, 375], [585, 417], [287, 417]], '존나게 진열되어 있어서', 0.9241350169776361), ([[371, 413], [503, 413], [503, 453], [371, 453]], '아날까요?', 0.916427790686904), ([[175.8492070888625, 99.095242533175], [265.2753499495044, 110.89839025484265], [255.1507929111375, 172.904757466825], [165.7246500504956, 160.10160974515736]], '=의사', 0.03373472895814645), ([[483.74604313272016, 521.3571940972407], [652.7959608891159, 464.84964724639065], [686.2539568672798, 595.6428059027593], [517.2040391108841, 652.1503527536094]], '아봄', 0.20497094178141828), ([[224.77510568962612, 684.2080601550183], [509.0214418082117, 558.0871251936449], [539.2248943103739, 654.7919398449817], [254.97855819178832, 780.9128748063551]], "'(나백화점", 0.8562824366013996)]
[([[95, 109], [301, 109], [301, 149], [95, 149]], '이거 안들키논거', 0.8350114213607917), ([[147, 145], [251, 145], [251, 183], [147, 183]], '맞아요?', 0.9996591806411743), ([[165, 219], [269, 219], [269, 255], [165, 255]], '아마도?', 0.7777486588450838), ([[297, 287], [335, 287], [335, 335], [297, 335]], '진', 0.1825314830878142), ([[461, 333], [639, 333], [639, 375], [461, 375]], '저기 의류매장', 0.9877139605693087), ([[439, 371], [625, 371], [625, 411], [439, 411]], '들어가는데요?', 0.41675839034824136), ([[425, 455], [631, 455], [631, 497], [425, 497]], '따라 들어가야지', 0.9987394015030789), ([[375, 868], [523, 868], [523, 898], [375, 898]], '여성의류점이잡아?', 0.7660887333963277), ([[430, 930], [470, 930], [470, 954], [430, 954]], '이런', 0.9998104287387184), ([[88, 938], [138, 938], [138, 968], [88, 968]], '뭐가', 0.9096078891826687), ([[394, 952], [508, 952], [508, 980], [394, 980]], '은밀한 취향이', 0.9041997107279807), ([[52, 966], [173, 966], [173, 996], [52, 996]], '다르단거지 .', 0.8315141135076524), ([[316.28204184138224, 334.1333087875939], [336.6324555320337, 329.10263340389895], [344.71795815861776, 363.8666912124061], [323.3675444679663, 368.89736659610105]], '임', 0.6700891738150325)]
[([[93, 151], [247, 151], [247, 189], [93, 189]], '아뇨 박사님', 0.9544885849808711), ([[97, 187], [249, 187], [249, 225], [97, 225]], '제가 화서논', 0.3697765508937479), ([[503, 199], [621, 199], [621, 239], [503, 239]], '여자친구', 0.9867476224899292), ([[43, 219], [303, 219], [303, 261], [43, 261]], '선물용인거 같은데요', 0.6107176876063205), ([[467, 235], [657, 235], [657, 275], [467, 275]], '선물이라던가 .', 0.7302701615506934)]
[([[101, 211], [195, 211], [195, 249], [101, 249]], '메주야,', 0.8946340084075928), ([[57, 243], [245, 243], [245, 285], [57, 285]], '내가 별명 하나', 0.9795688316705639), ([[53, 281], [249, 281], [249, 319], [53, 319]], '새로 지어줄까?', 0.5467413711616331), ([[121, 637], [197, 637], [197, 673], [121, 673]], '예. .?', 0.4122498465093591), ([[57, 1065], [253, 1065], [253, 1107], [57, 1107]], '욕떨메 어떠나?', 0.7846323482652452), ([[51, 1459], [259, 1459], [259, 1501], [51, 1501]], '제가 틀럿습니다', 0.20853156513612559), ([[73, 1495], [223, 1495], [223, 1537], [73, 1537]], '살려주세요', 0.8444186991741266)]
[([[395, 91], [475, 91], [475, 129], [395, 129]], '손님~', 0.9992876210940895), ([[347, 123], [525, 123], [525, 163], [347, 163]], '혹시 찾으시는', 0.554478996688637), ([[325, 157], [547, 157], [547, 199], [325, 199]], '옷이 있으신가요?', 0.700420748367612), ([[329, 411], [409, 411], [409, 449], [329, 449]], '아네', 0.9981217791211127), ([[108, 803], [289, 803], [289, 847], [108, 847]], '찾으시논 옷이', 0.33392122011414527), ([[411, 823], [531, 823], [531, 861], [411, 861]], '면 소재는', 0.8133989750106764), ([[105, 839], [295, 839], [295, 881], [105, 881]], '원톤 물톤 중에', 0.7011350475495456), ([[423, 857], [513, 857], [513, 897], [423, 897]], '어떤결', 0.8822185431315368), ([[119, 875], [281, 875], [281, 917], [119, 917]], '어떤건가요?', 0.9992338669602311), ([[393, 893], [551, 893], [551, 931], [393, 931]], '선호하세요?', 0.9850316777387325), ([[315, 967], [439, 967], [439, 1009], [315, 1009]], '넥 부분은', 0.8680445870964568), ([[511, 961], [655, 961], [655, 999], [511, 999]], '오버젯이랑', 0.19551705206035272), ([[335, 1005], [423, 1005], [423, 1043], [335, 1043]], '어떤게', 0.9941973100596271), ([[505, 993], [659, 993], [659, 1033], [505, 1033]], '슬림핏 중에', 0.7823238949486168), ([[335, 1039], [423, 1039], [423, 1077], [335, 1077]], '마음에', 0.9958064712011099), ([[487, 1028], [679, 1028], [679, 1070], [487, 1070]], '월 찾으시나요?', 0.9825674884472798), ([[315, 1073], [445, 1073], [445, 1111], [315, 1111]], '드시나요?', 0.72982067073684), ([[297, 1295], [401, 1295], [401, 1331], [297, 1331]], '아 그냥', 0.8064335584640503), ([[281, 1327], [415, 1327], [415, 1363], [281, 1363]], '아무거나요', 0.9834675895958072), ([[297, 1359], [399, 1359], [399, 1397], [297, 1397]], '예쁘거 .', 0.33481357888561775)]
[([[145, 203], [277, 203], [277, 243], [145, 243]], '흙  그러면', 0.36333538623215594)]
[([[249, 95], [395, 95], [395, 135], [249, 135]], '여자친구분', 0.9867052397831834), ([[233, 130], [419, 130], [419, 170], [233, 170]], '선물용이세요?', 0.6828541000907125)]
[([[457, 477], [537, 477], [537, 515], [457, 515]], '에이;;', 0.9382381529080298), ([[393, 509], [601, 509], [601, 551], [393, 551]], '설마 여자친구가', 0.8688721829200091), ([[429, 545], [563, 545], [563, 587], [429, 587]], '있켓어요?', 0.715263983774706), ([[484, 1594], [548, 1594], [548, 1646], [484, 1646]], '네', 0.9995325158145221)]
[([[481, 145], [573, 145], [573, 181], [481, 181]], '어으어', 0.9994720581458751), ([[460, 186], [486, 186], [486, 212], [460, 212]], '비', 0.08772365745541322), ([[491, 179], [623, 179], [623, 219], [491, 219]], '박사님...?', 0.30936989473629073), ([[147, 771], [387, 771], [387, 816], [147, 816]], '아 박사님 잠깐만요', 0.658110703403692), ([[89, 807], [447, 807], [447, 849], [89, 849]], '여기 최면갈은 것도 가능하고', 0.759498657776722), ([[93, 843], [431, 843], [431, 885], [93, 885]], '뇌전문 수술의도 있는데 !', 0.3503992461052513), ([[249, 987], [309, 987], [309, 1023], [249, 1023]], '너도', 0.9999439451516483), ([[233, 1019], [325, 1019], [325, 1059], [233, 1059]], '미처나', 0.3231667466469767), ([[303.27069898817115, 270.02959755450485], [371.1965985393107, 249.07990179786572], [414.72930101182885, 410.97040244549515], [346.8034014606893, 430.9200982021343]], '복', 0.017737803438297783)]
[]
[([[190, 138], [528, 138], [528, 194], [190, 194]], '순애아니면 의미없어', 0.5802300044390611), ([[455, 215], [619, 215], [619, 397], [455, 397]], '집', 0.3161986140425519), ([[502, 488], [628, 488], [628, 520], [502, 520]], '살려준단건가', 0.8982028733373753), ([[57, 883], [169, 883], [169, 921], [57, 921]], '2시간 뒤', 0.9200413178272466), ([[245, 1005], [381, 1005], [381, 1045], [245, 1045]], '어 박사님!', 0.8896670407077516)]
[([[407, 139], [517, 139], [517, 175], [407, 175]], '어?! 어,', 0.9662310773083375), ([[403, 173], [513, 173], [513, 211], [403, 211]], '너구나. ', 0.5949106782723556), ([[445, 307], [631, 307], [631, 345], [445, 345]], '어디계석어요?', 0.26840287498138876), ([[433, 339], [641, 339], [641, 381], [433, 381]], '한참동안 찾앗네', 0.6908592411423502), ([[455, 1301], [557, 1301], [557, 1341], [455, 1341]], '아 그냥.', 0.9527159384210033), ([[437, 1335], [589, 1335], [589, 1375], [437, 1375]], '잠깐 쉬원지', 0.40966977557172274), ([[475, 1441], [613, 1441], [613, 1477], [475, 1477]], '아 그래요?', 0.9999379491567748)]
[([[207, 141], [307, 141], [307, 179], [207, 179]], '그래 뭐', 0.9998872976506483), ([[151, 173], [377, 173], [377, 215], [151, 215]], '재핑게 놀다성니?', 0.37080860288256406), ([[307, 357], [397, 357], [397, 399], [307, 399]], '어디든', 0.9378147869692741), ([[295, 395], [411, 395], [411, 433], [295, 433]], '여기보단', 0.9933758974075317), ([[287, 427], [419, 427], [419, 467], [287, 467]], '나올걸요?', 0.3328542261163963), ([[299, 462], [408, 462], [408, 503], [299, 503]], '그리고.', 0.9998899698257446), ([[409, 819], [497, 819], [497, 857], [409, 857]], '여기요', 0.9724118166345843), ([[322, 1410], [542, 1410], [542, 1536], [322, 1536]], '5꿀', 0.03333037686237565), ([[619, 1679], [661, 1679], [661, 1733], [619, 1733]], '5', 0.6782139626990471)]
[([[105, 123], [301, 123], [301, 163], [105, 163]], '?? 뛰야 이건??', 0.8194195041097668), ([[387, 171], [623, 171], [623, 213], [387, 213]], '혜주씨가 알려럿조', 0.3003616529923756), ([[443, 207], [569, 207], [569, 247], [443, 247]], '박사님 옷', 0.5580916506140958), ([[374, 241], [637, 241], [637, 283], [374, 283]], '한벌밖에 없다면서요', 0.83176283816002), ([[457, 419], [629, 419], [629, 459], [457, 459]], '메주 이년이 .', 0.8371962171571766), ([[389, 965], [489, 965], [489, 1003], [389, 1003]], '쨌든 뭐', 0.5533963463144099), ([[367, 997], [517, 997], [517, 1037], [367, 1037]], '맘에 드시면', 0.9228733991692363), ([[385, 1033], [501, 1033], [501, 1073], [385, 1073]], '입으세요', 0.9991504549980164), ([[407, 1169], [625, 1169], [625, 1207], [407, 1207]], '메리 크리스마스!', 0.9886965668290457)]
[([[427, 777], [517, 777], [517, 813], [427, 813]], '아이싸', 0.703792154788971)]
[([[0, 2], [180, 2], [180, 58], [0, 58]], '"75외기다물"', 0.1952874976560239), ([[581, 11], [768, 11], [768, 59], [581, 59]], '옛디자인야빠입다)', 0.07950929402965223), ([[665, 138], [758, 138], [758, 177], [665, 177]], '시조우야?', 0.3187081973662595), ([[613, 345], [699, 345], [699, 381], [613, 381]], '교중때', 0.1244563938424808), ([[612, 368], [762, 368], [762, 418], [612, 418]], "'공 과대 갖", 0.009376253307397425), ([[667, 399], [747, 399], [747, 437], [667, 437]], "'자0세", 0.1318574696779251), ([[617, 405], [685, 405], [685, 473], [617, 473]], '팬 ', 0.47641395134296444)]
[([[48, 24], [238, 24], [238, 122], [48, 122]], '박해움', 0.8906413632348347), ([[41, 103], [181, 103], [181, 165], [41, 165]], '육코', 0.1428751319820793), ([[643, 695], [745, 695], [745, 787], [643, 787]], '@)', 0.2769320521009508)]
[([[640.164411712992, 717.1891762223615], [754.978419495713, 704.3165449467905], [759.835588287008, 782.8108237776385], [644.021580504287, 794.6834550532095]], '무려', 0.19789060520403245)]
[([[0, 227], [239, 227], [239, 509], [0, 509]], '~"!', 0.2478690627467727)]
[]
[]
[]
[([[429, 109], [677, 109], [677, 149], [429, 149]], '뛰야 좀 이상하잡아요', 0.7100721754588756), ([[86, 170], [142, 170], [142, 220], [86, 220]], '2?', 0.48513600273859686), ([[583, 381], [767, 381], [767, 419], [583, 419]], '왜? 어울리잡아', 0.8778864550887624)]
[]
[([[518, 188], [732, 188], [732, 292], [518, 292]], '#;!', 0.046529237435579254)]
[([[377, 493], [491, 493], [491, 557], [377, 557]], '17', 0.13803642164509522)]
[([[148, 3194], [312, 3194], [312, 3256], [148, 3256]], ' 뭐가 그렇균 무', 0.10656415011545847), ([[146, 5919], [339, 5919], [339, 6009], [146, 6009]], '뭐해? 엉덩이', 0.857358838402194), ([[227, 11375], [412, 11375], [412, 11419], [227, 11419]], '살 수 업게 되버려[', 0.3797678779299912)]
[([[250, 110], [516, 110], [516, 171], [250, 171]], '(## 늘?# 움 "유_#소교 )', 0.0004671220470499229), ([[325, 2911], [416, 2911], [416, 3053], [325, 3053]], '@', 0.02092968761849079), ([[96, 3616], [287, 3616], [287, 3692], [96, 3692]], '여름방학이', 0.9986367553652533), ([[112, 3900], [233, 3900], [233, 3945], [112, 3945]], '휴 방학이네', 0.8832553095762489), ([[188, 6153], [412, 6153], [412, 6197], [188, 6197]], '영화보러 안갈2', 0.5444666683179007)]
[([[142, 14452], [356, 14452], [356, 14589], [142, 14589]], '뜻달후"', 0.175391286611557), ([[198.9699482330199, 15741.300829168966], [374.48264651838684, 15728.358921788806], [375.0300517669801, 15787.699170831034], [199.51735348161316, 15799.641078211194]], '유학가려구', 0.9996101735768176)]
[([[195, 323], [392, 323], [392, 431], [195, 431]], '키물', 0.040917481909329464), ([[366, 558], [465, 558], [465, 619], [366, 619]], '양넷', 0.050537387855802064)]
[]
[]
[([[62, 127], [339, 127], [339, 207], [62, 207]], "알도순 입다'", 0.47503389154876463)]
[([[111, 1145], [195, 1145], [195, 1189], [111, 1189]], '술주사가', 0.7614859342575073), ([[72, 1189], [189, 1189], [189, 1231], [72, 1231]], '특이하시네', 0.7740725062591448)]
[([[866, 96], [972, 96], [972, 200], [866, 200]], '너', 0.5178707726514062), ([[28, 174], [126, 174], [126, 326], [28, 326]], '잎', 0.1003047869243554), ([[21, 325], [133, 325], [133, 471], [21, 471]], '잠', 0.138747792664895), ([[867, 381], [979, 381], [979, 519], [867, 519]], '쌀', 0.710750493145472), ([[19, 471], [139, 471], [139, 587], [19, 587]], '아', 0.9500590952280277)]
[([[256, 174], [364, 174], [364, 230], [256, 230]], '우와!', 0.8470676009674591), ([[205, 1793], [532, 1793], [532, 1833], [205, 1833]], '음지라고 해서 걱정햇논데 ,', 0.7241744295679544), ([[217, 1827], [521, 1827], [521, 1869], [217, 1869]], '오히려 이쁨 여자도 많고', 0.4641270762766191), ([[316, 1859], [421, 1859], [421, 1904], [316, 1904]], '좋네요!', 0.24719464778900146)]
[([[228, 561], [398, 561], [398, 597], [228, 597]], '거기 여자분~', 0.9998482447226257), ([[246, 595], [380, 595], [380, 634], [246, 634]], '잠시만요~', 0.9990950913079221), ([[569, 1943], [644, 1943], [644, 1981], [569, 1981]], '(//', 0.6051190575700973), ([[116, 2051], [179, 2051], [179, 2087], [116, 2087]], '혹시', 0.9999555775106665), ([[68, 2083], [228, 2083], [228, 2124], [68, 2124]], '부르섞어요?', 0.541579743604262)]
[([[213, 114], [288, 114], [288, 153], [213, 153]], '이야-', 0.9998885723223058), ([[147, 147], [346, 147], [346, 191], [147, 191]], '역시 중네요승 승', 0.35606986382153505), ([[251, 600], [440, 600], [440, 639], [251, 639]], '그럼 이제 거기', 0.6880130291309511), ([[292, 633], [400, 633], [400, 674], [292, 674]], '남성분~', 0.9952523708343506), ([[32, 1307], [265, 1307], [265, 1346], [32, 1346]], '아니~ 저 미너분들', 0.7014497062209042), ([[60, 1340], [242, 1340], [242, 1382], [60, 1382]], '사이에 남자가', 0.994893645543534), ([[50, 1376], [244, 1376], [244, 1415], [50, 1415]], '어디있다구크 크', 0.616913093131288), ([[522, 1541], [673, 1541], [673, 1594], [522, 1594]], '이화 너!', 0.7757627743003503), ([[467, 1763], [522, 1763], [522, 1802], [467, 1802]], '예? .', 0.9805302023887634), ([[55, 2523], [425, 2523], [425, 2567], [55, 2567]], '보구가 어달화서 온나란 거야!', 0.7279604540014065), ([[98, 2560], [382, 2560], [382, 2601], [98, 2601]], '나는 엄연한 남자라구!', 0.8644179242050175), ([[270, 2704], [334, 2704], [334, 2755], [270, 2755]], '닭살', 0.9982113351720897), ([[131, 3145], [288, 3145], [288, 3187], [131, 3187]], '나보다 낫네.', 0.9803350550851658), ([[91, 3178], [333, 3178], [333, 3222], [91, 3222]], '난 말려들어 갖없어', 0.7654422696439054), ([[320.8503320980383, 2695.4856974058803], [465.9137155689978, 2637.8882753262887], [481.1496679019617, 2683.5143025941197], [336.0862844310022, 2741.1117246737113]], '돌앉어요', 0.15919911861419678), ([[229.57178534410684, 2689.6292136193924], [307.65135706759446, 2670.5842143561213], [316.42821465589316, 2716.3707863806076], [238.3486429324055, 2735.4157856438787]], '시쓸!', 0.14384970857985158), ([[157.09565595278485, 2722.8765247622277], [235.4157856438787, 2695.3486429324057], [248.90434404721515, 2737.1234752377723], [170.5842143561213, 2764.6513570675943]], '으약!', 0.8748352593323498), ([[154.02481404895005, 2761.502481404895], [272.9003771054698, 2720.8715725299876], [286.9751859510499, 2763.497518595105], [169.0996228945302, 2804.1284274700124]], '소중이에', 0.9922690987586975)]
[([[291, 17], [471, 17], [471, 59], [291, 59]], '마 마지막분은', 0.831402301830457), ([[235, 53], [513, 53], [513, 93], [235, 93]], '아니조..? 그것도 있고.', 0.3754594872174917), ([[217, 449], [445, 449], [445, 491], [217, 491]], '왜! 여유증일 수도', 0.9785792531038122), ([[275, 487], [387, 487], [387, 525], [275, 525]], '있지국 =', 0.24649087615485185), ([[365, 531], [463, 531], [463, 567], [365, 567]], '아 진짜', 0.9778381802144074), ([[357, 563], [475, 563], [475, 603], [357, 603]], '지락말고', 0.6466005444526672), ([[69, 633], [105, 633], [105, 671], [69, 671]], '흙', 0.256986478817808), ([[20, 714], [294, 714], [294, 786], [20, 786]], '거기 애매한 분-', 0.947853428954309), ([[132, 2210], [156, 2210], [156, 2242], [132, 2242]], '1', 0.16430690682114246), ([[175, 2205], [239, 2205], [239, 2245], [175, 2245]], '맞다', 0.5265276215284546), ([[503, 2401], [625, 2401], [625, 2443], [503, 2443]], '이거없지.', 0.2203852196786347), ([[585.1299778141514, 888.1289267866996], [654.9400917673713, 900.403459641403], [648.8700221858486, 926.8710732133004], [580.0599082326287, 915.596540358597]], '".', 0.1016691099010164)]
[([[157, 105], [503, 105], [503, 178], [157, 178]], "'둘 다' 달리신 분~", 0.513242041311048), ([[153, 267], [224, 267], [224, 335], [153, 335]], '9', 0.03328538042099982), ([[553, 669], [635, 669], [635, 735], [553, 735]], '네?', 0.9994273566571198), ([[467, 789], [579, 789], [579, 852], [467, 852]], '오삭)', 0.05903649865163921), ([[263, 2429], [400, 2429], [400, 2472], [263, 2472]], '거.거짓말', 0.6975145543903649), ([[174, 2568], [372, 2568], [372, 2610], [174, 2610]], '자, 이것만 보면', 0.8232600697444817), ([[171, 2604], [380, 2604], [380, 2647], [171, 2647]], '음지적응 끝이야', 0.6054630070104768), ([[374, 2893], [480, 2893], [480, 2935], [374, 2935]], '원데요?', 0.9599974751472473), ([[90.46446609406726, 562.4644660940672], [174.42512726884067, 533.3574043331377], [188.53553390593274, 579.5355339059328], [104.57487273115933, 607.6425956668623]], '요*"', 0.25401948213640063)]
[([[204, 54], [445, 54], [445, 119], [204, 119]], '얘네 애인사진', 0.9922661646337947), ([[400, 1059], [631, 1059], [631, 1098], [400, 1098]], '음지 튜토리얼 끝~', 0.3165188128179248), ([[475, 1365], [628, 1365], [628, 1406], [475, 1406]], '이제 마음껏', 0.9998320684691386), ([[492, 1403], [609, 1403], [609, 1439], [492, 1439]], '둘러보도', 0.4711242901388639), ([[524, 1439], [575, 1439], [575, 1469], [524, 1469]], '돼~', 0.49755437436336064), ([[208, 1720], [282, 1720], [282, 1759], [208, 1759]], '니미!', 0.8829125667599115), ([[135, 1881], [287, 1881], [287, 1920], [135, 1920]], '난 니들같이', 0.6233635167345697), ([[93, 1916], [329, 1916], [329, 1957], [93, 1957]], '뒤틀린 성벽갈은거', 0.6284770194103295), ([[162, 1951], [263, 1951], [263, 1990], [162, 1990]], '없다구!', 0.9946970343589783), ([[343, 2194], [452, 2194], [452, 2231], [343, 2231]], '아 안돼!', 0.437247130911464), ([[329, 2227], [443, 2227], [443, 2266], [329, 2266]], '그 문은!', 0.3855114372919988), ([[63, 2723], [371, 2723], [371, 2766], [63, 2766]], '저리 꺼저! 누가 뭐래도', 0.46393666279499873), ([[79, 2757], [354, 2757], [354, 2805], [79, 2805]], '난 여길 벗어날거야!', 0.961327470961039), ([[278.8503320980383, 1711.4856974058803], [425.6702591742554, 1699.214312668667], [427.1496679019617, 1741.5143025941197], [280.3297408257446, 1754.785687331333]], '미찬새기들', 0.5138149817024033), ([[315.93098527849406, 1744.448167612687], [447.59375916155403, 1732.0258225090843], [450.06901472150594, 1775.551832387313], [317.40624083844597, 1787.9741774909157]], '나갈꺼야!', 0.9307524855054637), ([[192.85033209803825, 1758.4856974058803], [318.59985280706525, 1747.0400627169895], [320.1496679019617, 1788.5143025941197], [194.40014719293478, 1799.9599372830105]], '난 여기서', 0.9996533802044895)]
[([[305, 241], [379, 241], [379, 281], [305, 281]], '호생..', 0.10630655288696289), ([[141, 883], [245, 883], [245, 919], [141, 919]], '아이 씨', 0.9835284070097403), ([[135, 917], [267, 917], [267, 957], [135, 957]], '모르켓다 .', 0.4946126768047669), ([[235, 1033], [409, 1033], [409, 1101], [235, 1101]], '#7+마', 0.06476925313472748), ([[449, 1839], [539, 1839], [539, 1877], [449, 1877]], '알아서', 0.999974741078583), ([[427, 1871], [559, 1871], [559, 1911], [427, 1911]], '나오켓지?', 0.8407876978160962)]
[([[105, 35], [535, 35], [535, 243], [105, 243]], '음지', 0.8780608666684335), ([[513, 213], [659, 213], [659, 255], [513, 255]], '담구보고서', 0.8781324446267896), ([[327, 341], [489, 341], [489, 381], [327, 381]], '박사님, 오늘', 0.5525696044087622), ([[311, 375], [507, 375], [507, 415], [311, 415]], '주제는 월니까?', 0.410453357849381), ([[105, 450], [259, 450], [259, 493], [105, 493]], '오늘 주제는.', 0.7100266921069789), ([[226, 1140], [355, 1140], [355, 1188], [226, 1188]], '@ 4기', 0.24515662393205642), ([[262, 1180], [372, 1180], [372, 1228], [262, 1228]], '잘 @음', 0.13694516377266158), ([[312, 1212], [406, 1212], [406, 1262], [312, 1262]], '잘;)', 0.09333272216432839), ([[212, 2178], [494, 2178], [494, 2278], [212, 2278]], '수인이야', 0.9943721294403076)]
[([[347, 106], [544, 106], [544, 146], [347, 146]], '허미;; 시작부터', 0.9628524444761111), ([[372, 142], [516, 142], [516, 182], [372, 182]], '확당하네요', 0.3077659410397592), ([[528, 483], [631, 483], [631, 626], [528, 626]], '셋', 0.008479212961161553), ([[401, 670], [516, 670], [516, 710], [401, 710]], '수인이면', 0.9974027276039124), ([[420, 706], [498, 706], [498, 744], [420, 744]], '이런?', 0.9999128674060787), ([[183, 961], [355, 961], [355, 999], [183, 999]], '아니, 그건 강', 0.8232602540737743), ([[167, 995], [373, 995], [373, 1035], [167, 1035]], '머리떠일 뿐이야', 0.5328033905537932), ([[249, 1049], [400, 1049], [400, 1087], [249, 1087]], '이게 진짜지', 0.9983997519346953), ([[290, 2289], [414, 2289], [414, 2329], [290, 2329]], '아니 무슨', 0.6550288326204746), ([[249, 2323], [455, 2323], [455, 2363], [249, 2363]], '저런 짐승새끼틀', 0.5964155575156778), ([[292, 2359], [410, 2359], [410, 2400], [292, 2400]], '좋아해요', 0.9997254610061646), ([[103, 2432], [387, 2432], [387, 2472], [103, 2472]], '싶팔 내가 어떻게 알아', 0.9229714803247464), ([[153, 2512], [357, 2512], [357, 2552], [153, 2552]], '애초에 화면 안의', 0.9799868074144997), ([[144, 2546], [369, 2546], [369, 2591], [144, 2591]], '인물올 사랑하느게', 0.5169613431537682), ([[158, 2587], [360, 2587], [360, 2627], [158, 2627]], '정상으로 보이니', 0.9943361275441889)]
[([[178, 118], [677, 118], [677, 166], [178, 166]], '@여자친구나는 말에 왜 맞다고 햇나요?', 0.5105758434794962), ([[253, 273], [371, 273], [371, 313], [253, 313]], '설명하기', 0.9997166395187378), ([[239, 307], [385, 307], [385, 349], [239, 349]], '귀찮아서요', 0.98902482730458), ([[21, 491], [196, 491], [196, 576], [21, 576]], '(_', 0.0335652736423127), ([[2, 588], [128, 588], [128, 644], [2, 644]], '+거울', 0.9879170060157776), ([[180.4102092069113, 463.6665439379694], [445.06183139995267, 425.77114534668874], [451.5897907930887, 508.3334560620306], [186.93816860004733, 546.2288546533113]], '-화센시슬푸', 2.9784138983181773e-05)]
[([[430, 98], [523, 98], [523, 140], [430, 140]], '어쨌든', 0.9993199660681973), ([[479, 164], [608, 164], [608, 204], [479, 204]], '고양이 개,', 0.4927993137209027), ([[466, 198], [625, 198], [625, 237], [466, 237]], '토끼 ,양 또는', 0.5492507676642993), ([[515, 234], [576, 234], [576, 271], [515, 271]], '염소', 0.7403468169951066), ([[483, 358], [633, 358], [633, 400], [483, 400]], '인기가 많은', 0.9301788906142948), ([[502, 397], [618, 397], [618, 436], [502, 436]], '털쟁이와', 0.7651528716087341), ([[458, 957], [610, 957], [610, 999], [458, 999]], '보통 얘들올', 0.9657852373902608), ([[458, 995], [610, 995], [610, 1033], [458, 1033]], '퍼리라 부름', 0.9594306505826405), ([[607, 977], [634, 977], [634, 1032], [607, 1032]], ')', 0.9981429861488813), ([[377, 1349], [504, 1349], [504, 1385], [377, 1385]], '그에 비해', 0.9877503935900708), ([[320, 1381], [561, 1381], [561, 1423], [320, 1423]], '비교적 인기가 없는', 0.8858590650913577), ([[358, 1442], [555, 1442], [555, 1484], [358, 1484]], '상어 뱀, 공콩 등', 0.3830446981451677), ([[312, 1478], [604, 1478], [604, 1518], [312, 1518]], '대머리들이 대표적이야', 0.9069850372541529)]
[([[34, 59], [159, 59], [159, 108], [34, 108]], '된과켓?', 0.15313225984573364), ([[37, 349], [125, 349], [125, 385], [37, 385]], '저기요', 0.9999830001170524), ([[32, 382], [132, 382], [132, 423], [32, 423]], '박사님,', 0.916549026966095), ([[459, 373], [665, 373], [665, 415], [459, 415]], '이것도 수인이라', 0.9389769594731406), ([[463, 409], [657, 409], [657, 449], [463, 449]], '부르지 않나요?', 0.9830412641470813), ([[401, 657], [501, 657], [501, 693], [401, 693]], '어 그래.', 0.6331531131751463), ([[391, 690], [543, 690], [543, 730], [391, 730]], '유명하지. ', 0.3097508590752922), ([[455, 941], [545, 941], [545, 979], [455, 979]], '그런데', 0.9999743969521784), ([[449, 975], [555, 975], [555, 1013], [449, 1013]], '솔직히..', 0.5533404080370047), ([[288, 1240], [407, 1240], [407, 1284], [288, 1284]], '역하잡아', 0.8515176177024841), ([[92, 1358], [256, 1358], [256, 1410], [92, 1410]], '수디 인미 하지', 0.10877029882694196), ([[133, 1401], [187, 1401], [187, 1437], [133, 1437]], '무', 0.14201534524488935), ([[33, 1991], [149, 1991], [149, 2033], [33, 2033]], '그만 잠해', 0.2769776441868838), ([[190.26342822088202, 1394.3112561963815], [253.88280993185845, 1387.849795715662], [256.736571779118, 1430.6887438036185], [193.11719006814155, 1437.150204284338]], '환', 0.06343792960671468)]
[([[306, 78], [520, 78], [520, 110], [306, 110]], '빨리 임고 싶으니까', 0.5264039001607203), ([[340, 104], [482, 104], [482, 136], [340, 136]], '넘어갑시다..', 0.526839243093595), ([[297, 177], [427, 177], [427, 217], [297, 217]], '그럼 이제,', 0.9350191884113613), ([[261, 211], [469, 211], [469, 253], [261, 253]], '수인구분법 차례', 0.9963298719400383), ([[291, 801], [387, 801], [387, 841], [291, 841]], '그 총은', 0.909481549958029), ([[289, 835], [395, 835], [395, 875], [289, 875]], '월니까?', 0.4459494650363922), ([[251, 1443], [492, 1443], [492, 1483], [251, 1483]], '이건 `하,김히 947;;', 0.004946863382363687), ([[287, 1475], [465, 1475], [465, 1517], [287, 1517]], '내 발명품이지', 0.9749036486872286), ([[397, 1541], [577, 1541], [577, 1583], [397, 1583]], '왜 영어인데요', 0.716676362471137), ([[269, 1575], [419, 1575], [419, 1617], [269, 1617]], '짐승혹은 좀', 0.35170572533046823), ([[270, 1607], [417, 1607], [417, 1652], [270, 1652]], '천박하잡아', 0.2488693425364894), ([[205, 1761], [357, 1761], [357, 1801], [205, 1801]], '지금 모습은', 0.8412693829494072), ([[189, 1795], [371, 1795], [371, 1835], [189, 1835]], '진짜 수인이고', 0.998738257176695), ([[77, 1875], [255, 1875], [255, 1915], [77, 1915]], '이렇게 머리에', 0.9324472370034159), ([[115, 1911], [217, 1911], [217, 1949], [115, 1949]], '소면.. !', 0.8634867925085707), ([[423.8503320980383, 1034.4856974058803], [477.86211783922505, 1018.9002095816506], [489.1496679019617, 1064.5143025941197], [435.13788216077495, 1080.0997904183494]], '4스', 0.0033324102825294903), ([[23.357616545573705, 1142.1430466182294], [124.55856596298891, 1100.4876491793875], [141.6423834544263, 1141.8569533817706], [40.44143403701109, 1183.5123508206125]], '개농', 0.00574719680851371)]
[([[107, 51], [299, 51], [299, 95], [107, 95]], '이익..이렇-게', 0.861913040685996), ([[405, 125], [567, 125], [567, 163], [405, 163]], '구번스위치는', 0.2814583320252895), ([[398, 158], [573, 158], [573, 200], [398, 200]], '100%동물록', 0.5887612593468151), ([[80, 766], [156, 766], [156, 798], [80, 798]], '참고로', 0.9996495487037313), ([[45, 793], [193, 793], [193, 829], [45, 829]], '동물에게엎푸', 0.34322440769879636), ([[43, 821], [195, 821], [195, 857], [43, 857]], '성욕올 느끼는', 0.3638592648371156), ([[70, 852], [168, 852], [168, 884], [70, 884]], '사람울푸', 0.19675429165363312), ([[33, 983], [231, 983], [231, 1025], [33, 1025]], '주필리아엎꾸표', 0.6175808670340838), ([[376, 960], [424, 960], [424, 1010], [376, 1010]], '좀', 0.09087455464964478), ([[29, 1019], [234, 1019], [234, 1061], [29, 1061]], '또둑 수간충표푸', 0.40382723545869165), ([[98, 1118], [124, 1118], [124, 1148], [98, 1148]], '9', 0.47705643732527747), ([[501, 1279], [599, 1279], [599, 1315], [501, 1315]], '아 네네', 0.9906766086220491), ([[284, 1575], [499, 1575], [499, 1617], [284, 1617]], '좀 추햇다 미안증', 0.48683065290815486), ([[383, 1639], [651, 1639], [651, 1681], [383, 1681]], '뭐 항상 그러시논데요', 0.9652994290286819), ([[451, 1969], [661, 1969], [661, 2011], [451, 2011]], '다음도 수인인데', 0.9983425820818886), ([[431, 2003], [643, 2003], [643, 2045], [431, 2045]], '인간에 더 가깝지', 0.9784856888835165), ([[356.4597040961579, 876.0292776846527], [438.83352613930754, 939.7205371984186], [408.5402959038421, 977.9707223153473], [327.16647386069246, 915.2794628015814]], "1';", 0.00043860173068071737), ([[400.22693586085813, 1011.0374393668385], [501.9931786000318, 1072.669703363635], [465.77306413914187, 1129.9625606331615], [365.0068213999682, 1068.330296636365]], '모;', 0.024076931594313136)]
[([[479, 69], [601, 69], [601, 107], [479, 107]], '이게 보통', 0.9879429132041587), ([[481, 103], [597, 103], [597, 141], [481, 141]], '사람들이', 0.9763768911361694), ([[449, 135], [629, 135], [629, 177], [449, 177]], '생각하는 수인', 0.7966984585966485), ([[40, 184], [68, 184], [68, 210], [40, 210]], '이', 0.9982899591713057), ([[71, 179], [193, 179], [193, 219], [71, 219]], '뒤로는 뭐', 0.6268710408529844), ([[71, 215], [167, 215], [167, 253], [71, 253]], '다 인간', 0.8099839703216634), ([[499, 237], [655, 237], [655, 279], [499, 279]], '난 이 모습은', 0.8558929515394385), ([[501, 271], [653, 271], [653, 313], [501, 313]], '좀 별루더라', 0.9944160174464742), ([[126, 1138], [176, 1138], [176, 1170], [126, 1170]], '아~', 0.9999956167305686), ([[412, 1216], [667, 1216], [667, 1259], [412, 1259]], '박사님 여자석구나-)', 0.7899149859717419), ([[484, 2138], [646, 2138], [646, 2186], [484, 2186]], '인지부조화', 0.9987519270772374)]
[([[194, 60], [222, 60], [222, 84], [194, 84]], '조', 0.502627065907518), ([[233, 51], [375, 51], [375, 91], [233, 91]], '잠깐만요!!', 0.7085994739058106), ([[202, 176], [226, 176], [226, 200], [202, 200]], '엇', 0.9843009663512845), ([[234, 176], [272, 176], [272, 200], [234, 200]], '여긴', 0.9586851786086867), ([[172, 196], [302, 196], [302, 222], [172, 222]], '전체이용가인데 .', 0.6721800248050174), ([[143, 329], [223, 329], [223, 373], [143, 373]], '아 좀', 0.7811829936968278), ([[118, 367], [252, 367], [252, 415], [118, 415]], '닥처보요', 0.8771792054176331), ([[221, 421], [341, 421], [341, 463], [221, 463]], '모습이나', 0.9989648461341858), ([[223, 459], [339, 459], [339, 497], [223, 497]], '돌려놔요', 0.9249786138534546), ([[131, 753], [331, 753], [331, 789], [131, 789]], '어우 난 남자맞네', 0.560548497367092), ([[117, 783], [343, 783], [343, 821], [117, 821]], '어후 식겁햇다 정말', 0.2135352182052914), ([[531, 799], [651, 799], [651, 837], [531, 837]], '+되는 줄', 0.4854629613734801), ([[545, 827], [639, 827], [639, 875], [545, 875]], '알앞네', 0.4933522636044785), ([[69, 1087], [125, 1087], [125, 1125], [69, 1125]], '와.', 0.6315694503984776), ([[51, 1165], [169, 1165], [169, 1205], [51, 1205]], '볼때마다', 0.6200665831565857), ([[51, 1199], [167, 1199], [167, 1241], [51, 1241]], '대단한걸', 0.7494561076164246), ([[543.9699482330199, 460.30082916896566], [651.5778564653498, 444.770636306493], [657.0300517669801, 506.69917083103434], [549.4221435346502, 522.229363693507]], '질고국', 0.300236208583401)]
[([[105, 65], [255, 65], [255, 101], [105, 101]], '아니 왜화요', 0.4554110415822984), ([[31, 97], [329, 97], [329, 139], [31, 139]], '미친년이 추행까지 하네', 0.7419058898640728), ([[397, 101], [690, 101], [690, 141], [397, 141]], '왜! 예전에 이미 빨잡야', 0.3434079416605311), ([[336, 138], [422, 138], [422, 170], [336, 170]], '어!', 0.11944736302911303), ([[313, 161], [447, 161], [447, 197], [313, 197]], '(가하석어1요?', 0.015429923705360067), ([[289, 359], [387, 359], [387, 401], [289, 401]], '아내 속인인', 0.4954664557065613), ([[281, 385], [421, 385], [421, 436], [281, 436]], '(5영이 권아)', 0.011793780140610496), ([[9, 463], [273, 463], [273, 505], [9, 505]], '그때 수납형이랫잡아', 0.15864679660119735), ([[63, 499], [217, 499], [217, 539], [63, 539]], '왜 구라처요', 0.9720375940231932), ([[313, 579], [489, 579], [489, 621], [313, 621]], '월 수납쾌다곧', 0.6255314702416179), ([[329, 615], [473, 615], [473, 657], [329, 657]], '말안햇잡아', 0.3879227712989844), ([[141, 785], [295, 785], [295, 827], [141, 827]], '와 얼떨결에', 0.8018783624106219), ([[111, 821], [325, 821], [325, 861], [111, 861]], '하나 더 찾아넷네', 0.5891001803361842), ([[305, 867], [503, 867], [503, 903], [305, 903]], '이 모습의 수인은', 0.5894229134543122), ([[269, 897], [541, 897], [541, 933], [269, 933]], '수날이 가능한 모습으로', 0.3495207519728215), ([[303, 927], [503, 927], [503, 963], [303, 963]], '자주 표현되논 것', 0.8223147596643561), ([[543, 939], [629, 939], [629, 975], [543, 975]], '이런거', 0.9997941457222761), ([[513, 971], [659, 971], [659, 1011], [513, 1011]], '본 적 있지?', 0.5967300509016509)]
[([[97, 98], [245, 98], [245, 138], [97, 138]], '어우 박사님', 0.8367343584305575), ([[97, 133], [243, 133], [243, 173], [97, 173]], '그만큼시다', 0.7090142927244404), ([[439, 151], [557, 151], [557, 193], [439, 193]], '더이상은', 0.9981997013092041), ([[355, 187], [643, 187], [643, 229], [355, 229]], '머리아파서 못하켓어요', 0.8991076629213938), ([[141, 239], [207, 239], [207, 281], [141, 281]], '어질', 0.7755384775703419), ([[491, 299], [617, 299], [617, 337], [491, 337]], '이거 존나', 0.9936135608994597), ([[465, 331], [639, 331], [639, 373], [465, 373]], '뇌절이라고요', 0.95453273971005), ([[329, 585], [481, 585], [481, 625], [329, 625]], '흙.. 그럼 뭐', 0.7913164382474347), ([[287, 619], [531, 619], [531, 661], [287, 661]], '실습만 하고 끝내자', 0.9952741079329889), ([[450, 781], [533, 781], [533, 829], [450, 829]], '실습?', 0.9999378323554993), ([[61, 1147], [257, 1147], [257, 1189], [61, 1189]], '여긴 어디에요?', 0.4664503479277474), ([[365, 1205], [571, 1205], [571, 1245], [365, 1245]], '여긴 수인실험체', 0.8850029350653863), ([[438, 1244], [498, 1244], [498, 1276], [438, 1276]], '숙소', 0.999556896793642), ([[501, 1285], [653, 1285], [653, 1327], [501, 1327]], '조심히 걸어', 0.9920484548733629), ([[28, 1420], [94, 1420], [94, 1468], [28, 1468]], '자', 0.38417535307486617), ([[413, 1489], [479, 1489], [479, 1527], [413, 1527]], '770', 0.022357802682101482)]
[([[221, 109], [349, 109], [349, 145], [221, 145]], '영? 지금은', 0.27337551020850204), ([[205, 139], [369, 139], [369, 175], [205, 175]], '운동시간인데', 0.9998305869871353), ([[203, 170], [367, 170], [367, 206], [203, 206]], '왜 오섞어요?', 0.6752643696858511), ([[401, 257], [465, 257], [465, 293], [401, 293]], '어머', 0.9998000612054484), ([[317, 289], [559, 289], [559, 331], [317, 331]], '이게 얼마만에 보는', 0.8486911930313195), ([[371, 325], [507, 325], [507, 365], [371, 365]], '수컷이니?', 0.9948241656391493), ([[356, 1354], [476, 1354], [476, 1386], [356, 1386]], '고양이갈은', 0.7757084368310991), ([[327, 1381], [504, 1381], [504, 1414], [327, 1414]], '퍼리수인의 경우', 0.9900699294496019), ([[77, 1405], [171, 1405], [171, 1441], [77, 1441]], '얘, 나랑', 0.7349659869811404), ([[318, 1410], [514, 1410], [514, 1442], [318, 1442]], '기본적으로 외형이', 0.9914181234534242), ([[19, 1435], [229, 1435], [229, 1473], [19, 1473]], '운동하지 않울래? 공', 0.5008481877020976), ([[328, 1438], [504, 1438], [504, 1470], [328, 1470]], '예쁘계 매력이고', 0.25564947891029427), ([[91, 1517], [143, 1517], [143, 1553], [91, 1553]], '예?', 0.9999847428749291), ([[476, 1528], [644, 1528], [644, 1560], [476, 1560]], '털이 없는 어류', 0.9110504228741017), ([[455, 1553], [667, 1553], [667, 1589], [455, 1589]], '파충류같은 수인은', 0.631012316411365), ([[482, 1582], [642, 1582], [642, 1614], [482, 1614]], '특이한 외형이', 0.9325432476291021), ([[498, 1610], [628, 1610], [628, 1642], [498, 1642]], '포인트인데', 0.9914307068621473), ([[502, 1725], [637, 1725], [637, 1766], [502, 1766]], '문어는 축수', 0.5422800438586421), ([[501, 1757], [635, 1757], [635, 1797], [501, 1797]], '뱀은 뱀꼬리', 0.4494761664786101), ([[479, 1789], [661, 1789], [661, 1827], [479, 1827]], '상어는 지느러미', 0.6697952712018685), ([[491, 1819], [651, 1819], [651, 1859], [491, 1859]], '등등이 끌린다', 0.7530924280706072), ([[520, 1854], [622, 1854], [622, 1886], [520, 1886]], '그러드라', 0.9981945157051086)]
[([[301, 175], [573, 175], [573, 215], [301, 215]], '빨리 둘러보야 하니까', 0.8028299271869602), ([[353, 211], [519, 211], [519, 251], [353, 251]], '얼른 따라와!', 0.9739310089273637), ([[38, 238], [178, 238], [178, 264], [38, 264]], '아니 갑자기 와서', 0.9922781406235627), ([[50, 262], [168, 262], [168, 288], [50, 288]], '얼평하고 화내', 0.9966205325813036), ([[70, 284], [146, 284], [146, 310], [70, 310]], '개미친년', 0.608781635761261), ([[166, 312], [244, 312], [244, 336], [166, 336]], '오늘따라', 0.8153715840128688), ([[310, 300], [392, 300], [392, 332], [310, 332]], '아 네네.', 0.9790433559315718), ([[172, 334], [234, 334], [234, 358], [172, 358]], '왜이리', 0.9855381542333778), ([[168, 354], [238, 354], [238, 380], [168, 380]], '예민해?', 0.9992937445640564), ([[168, 836], [236, 836], [236, 890], [168, 890]], '우글', 0.19825780950917885), ([[439, 1749], [559, 1749], [559, 1785], [439, 1785]], '뭐가 이리', 0.5550723253711174), ([[85, 1789], [355, 1789], [355, 1831], [85, 1831]], '동물은 종류가 많잡아', 0.37838536498588277), ([[449, 1783], [553, 1783], [553, 1823], [449, 1823]], '많아요?', 0.9997692704200745), ([[327, 1835], [471, 1835], [471, 1871], [327, 1871]], '대충 몇시간', 0.8571911111958804), ([[293, 1865], [501, 1865], [501, 1903], [293, 1903]], '뒤 하고 넘기지 뭐', 0.999007061736566)]
[([[190, 100], [374, 100], [374, 151], [190, 151]], '떠먹여 쥐도', 0.9889893400437937), ([[173, 129], [424, 129], [424, 190], [173, 190]], '못먹구 말이야~', 0.832240901565197), ([[702.3076923076923, 155.53846153846155], [873.3253282864051, 134.00163009800275], [876.6923076923077, 192.46153846153845], [706.6746717135949, 212.99836990199725]], '겁쟁이~', 0.882957398891449), ([[733.1579833204635, 200.2897482934367], [863.2449436567292, 186.0861424129282], [865.8420166795365, 242.7102517065633], [735.7550563432708, 256.9138575870718]], '등신~', 0.9746164078184705)]
[([[83, 57], [193, 57], [193, 93], [83, 93]], '3시간 뒤', 0.9985253891338727), ([[501, 225], [587, 225], [587, 261], [501, 261]], '드르령', 0.2089383372805037), ([[93, 605], [215, 605], [215, 641], [93, 641]], '우리 보추', 0.9714530768348707), ([[97, 639], [213, 639], [213, 677], [97, 677]], '보러갈래', 0.9950818419456482), ([[509, 746], [607, 746], [607, 799], [509, 799]], '깜짝', 0.920502774737278), ([[115, 795], [177, 795], [177, 835], [115, 835]], '흐엉', 0.8196236107338695), ([[101, 831], [191, 831], [191, 871], [101, 871]], '개싫어', 0.9536576333317504), ([[215, 1333], [255, 1333], [255, 1373], [215, 1373]], '음.', 0.22792022443860332), ([[269, 1335], [365, 1335], [365, 1373], [269, 1373]], '여긴..?', 0.5895425903895403), ([[75, 1847], [229, 1847], [229, 1889], [75, 1889]], '어 감옥이야', 0.9914672906417971)]
[([[117, 177], [295, 177], [295, 219], [117, 219]], '여긴 수인들이', 0.6472181439052003), ([[103, 211], [309, 211], [309, 253], [103, 253]], '일정기간이 되면', 0.9986874723098499), ([[103, 247], [311, 247], [311, 287], [103, 287]], '수감되논 긋이야', 0.6257341703469479), ([[215, 775], [459, 775], [459, 815], [215, 815]], '영 아무것도 없는데요?', 0.45895632755147187), ([[313, 937], [389, 937], [389, 973], [313, 973]], '어. .!?', 0.33726093430072535), ([[36, 928], [326, 928], [326, 1264], [36, 1264]], '사', 0.13030877950612663)]
[([[91, 707], [297, 707], [297, 749], [91, 749]], '사람한렌 뚜럿히', 0.15503508762052295), ([[107, 743], [285, 743], [285, 785], [107, 785]], '나타나지 안는', 0.3574968496937261), ([[131, 777], [259, 777], [259, 819], [131, 819]], '기간인데,', 0.9977815563507111), ([[349, 797], [555, 797], [555, 839], [349, 839]], '수상한 사람들이', 0.9067998617292886), ([[361, 831], [541, 831], [541, 873], [361, 873]], '제일 좋아하는', 0.6734296501934857), ([[339, 867], [567, 867], [567, 907], [339, 907]], '꼴림포인트라드라', 0.9926144634333721), ([[286, 1852], [437, 1852], [437, 1897], [286, 1897]], '우리논 그결', 0.7745941433923176), ([[141, 1877], [303, 1877], [303, 1963], [141, 1963]], '발정기', 0.9987405993664528), ([[296, 1904], [567, 1904], [567, 1955], [296, 1955]], '라고 부르기로 햇어요', 0.6192752059506694), ([[248.41000317999047, 261.45600508798475], [321.75316635042196, 256.80833098265316], [322.58999682000956, 282.54399491201525], [249.24683364957806, 288.19166901734684]], '93', 0.10424377584419123)]
[([[493, 181], [583, 181], [583, 267], [493, 267]], '파', 0.9466800330972127), ([[113, 331], [237, 331], [237, 371], [113, 371]], '위위 진정', 0.38419862794944903), ([[553, 509], [617, 509], [617, 549], [553, 549]], '으움', 0.9246013302392526), ([[205, 819], [569, 819], [569, 861], [205, 861]], '토끼논 거의 모든 날이 발정기', 0.5187304853985512), ([[291, 857], [485, 857], [485, 895], [291, 895]], '라고 볼 수 있지', 0.8019967605243739), ([[221, 888], [553, 888], [553, 933], [221, 933]], '이런 것 때문에 토끼수인이', 0.9575296777851935), ([[261, 923], [513, 923], [513, 965], [261, 965]], '인기있논거 아날까?', 0.6585127611965972), ([[237, 1071], [439, 1071], [439, 1111], [237, 1111]], '아 좀 나뉘쓰지?', 0.955434409966927), ([[482, 1526], [506, 1526], [506, 1576], [482, 1576]], '독', 0.13414341285775677), ([[305, 1835], [403, 1835], [403, 1875], [305, 1875]], '남자 좀', 0.9998398491931932), ([[239, 1866], [469, 1866], [469, 1911], [239, 1911]], '먹으면 뭐 없어저?', 0.8362043034240594), ([[295, 1907], [415, 1907], [415, 1945], [295, 1945]], '아니잡아', 0.9287500977516174), ([[55.01949579678755, 213.37603360747147], [386.0203433746637, 174.25110203262847], [390.98050420321243, 275.62396639252853], [59.97965662533628, 314.74889796737153]], '3애이@@@8', 0.008732463340029447)]
[([[183, 115], [333, 115], [333, 153], [183, 153]], '안되지 안돼', 0.5166396651274013), ([[167, 149], [349, 149], [349, 187], [167, 187]], '내 연구소에서', 0.9265534095618854), ([[109, 181], [403, 181], [403, 223], [109, 223]], '동정남이 흔한 줄 알아?', 0.7524794355321076), ([[352, 286], [448, 286], [448, 318], [352, 318]], '이 새끼', 0.9988697098594926), ([[251, 315], [543, 315], [543, 357], [251, 357]], '동정은 내 연구대상이다', 0.8589368223287422), ([[63, 1209], [290, 1209], [290, 1261], [63, 1261]], '아니노그마대크', 0.3642361351795029), ([[131, 1261], [339, 1261], [339, 1321], [131, 1321]], '그럼 안녕~', 0.9916237525874212), ([[440, 1276], [544, 1276], [544, 1380], [440, 1380]], '끝', 0.9999452836845855)]
[([[57, 181], [197, 181], [197, 243], [57, 243]], '추가것+', 0.6417446136474609), ([[291, 317], [541, 317], [541, 359], [291, 359]], '오늘 나온 수인 중에', 0.9292377791976517), ([[289, 351], [541, 351], [541, 393], [289, 393]], '수컷수인은 없네요?', 0.9785798289165334), ([[233, 447], [361, 447], [361, 485], [233, 485]], '잇긴한데 .', 0.18415796037274965), ([[183, 477], [415, 477], [415, 521], [183, 521]], '다채롭게 데려오질', 0.6791582112987393), ([[244, 513], [339, 513], [339, 557], [244, 557]], '못해서.', 0.9515689015388489), ([[382, 538], [515, 538], [515, 580], [382, 580]], '보러갈래?', 0.9986348358234379), ([[0, 1126], [254, 1126], [254, 1204], [0, 1204]], '#1; 톤', 0.06769402190036765), ([[280, 1202], [392, 1202], [392, 1232], [280, 1232]], '어! 박사님', 0.8657745285742019), ([[260, 1226], [412, 1226], [412, 1258], [260, 1258]], '오랜만이네요!', 0.9570698693080043), ([[386, 1268], [458, 1268], [458, 1298], [386, 1298]], '그러게', 0.996846393628442), ([[356, 1294], [488, 1294], [488, 1326], [356, 1326]], '일은 할만해?', 0.6239621824576033), ([[322, 1358], [432, 1358], [432, 1390], [322, 1390]], '밤꽃향자에', 0.22621569806857422), ([[545, 1347], [645, 1347], [645, 1383], [545, 1383]], '들어갈래?', 0.9684523415812066), ([[312, 1386], [438, 1386], [438, 1414], [312, 1414]], '미치켓음구 크', 0.4598625767932645)]
[([[105, 35], [537, 35], [537, 243], [105, 243]], '음지', 0.9064443216383353), ([[491, 205], [667, 205], [667, 247], [491, 247]], '담구보고서', 0.36695611651962334), ([[255, 328], [422, 328], [422, 366], [255, 366]], '아니 박사님 .', 0.639797249073632), ([[169, 503], [271, 503], [271, 543], [169, 543]], '음? 왜?', 0.9995577410922196), ([[299, 1088], [423, 1088], [423, 1131], [299, 1131]], '그 걸레는', 0.5437909524394243), ([[309, 1127], [413, 1127], [413, 1165], [309, 1165]], '월니까?', 0.2638750672340393), ([[237, 1221], [383, 1221], [383, 1259], [237, 1259]], '어? 나 아직', 0.9995580498377865), ([[249, 1254], [367, 1254], [367, 1294], [249, 1294]], '처녀인데', 0.9310321686974226), ([[333, 1327], [483, 1327], [483, 1365], [333, 1365]], '아니 웃이요', 0.37451223038779363), ([[295, 1359], [519, 1359], [519, 1401], [295, 1401]], '옷옷 옷 미치켓네', 0.6221491654199179), ([[397, 1439], [459, 1439], [459, 1477], [397, 1477]], '요즘', 0.9367800695580911), ([[371, 1475], [485, 1475], [485, 1513], [371, 1513]], '오버쨌이', 0.1442111698497329), ([[347, 1507], [507, 1507], [507, 1547], [347, 1547]], '유행아니야?', 0.9997005419409423), ([[0, 1845], [55, 1845], [55, 1907], [0, 1907]], '때', 0.4905055491081498)]
[([[230, 207], [465, 207], [465, 249], [230, 249]], '갑자기 옷은 왜요?', 0.9297693902305588), ([[171, 379], [326, 379], [326, 419], [171, 419]], '오늘 주제가', 0.8065451740421384), ([[133, 413], [362, 413], [362, 455], [133, 455]], "바로 '복장' 이거든", 0.9146023726804664), ([[259, 487], [414, 487], [414, 529], [259, 529]], '복장은 워낙', 0.9974797990468662), ([[261, 523], [411, 523], [411, 565], [261, 565]], '많아서 속속', 0.9703465847965931), ([[264, 557], [411, 557], [411, 599], [264, 599]], '지나갈꺼야', 0.988204847260739), ([[171, 1456], [414, 1456], [414, 1498], [171, 1498]], '이번 담구클 위해선', 0.26908706710564523), ([[153, 1492], [432, 1492], [432, 1534], [153, 1534]], '몸올 바꿀 필요가 있어', 0.6983266995772263), ([[242.2157493678461, 1689.1691448163378], [594.1319876599262, 1623.8496988194495], [613.7842506321539, 1816.8308551836622], [261.8680123400739, 1883.1503011805505]], '평 오목', 0.10034061968326569)]
[([[143, 253], [479, 253], [479, 295], [143, 295]], '그리고 오늘의 특별계스트!', 0.6289773062401379), ([[273, 291], [349, 291], [349, 327], [273, 327]], '메주!', 0.9947350568272638), ([[361, 449], [467, 449], [467, 485], [361, 485]], '5년째 절', 0.8909508033836657), ([[359, 481], [469, 481], [469, 517], [359, 517]], '메주라고', 0.9994326829910278), ([[335, 511], [495, 511], [495, 549], [335, 549]], '부르시논군요', 0.7322432384917743), ([[523, 543], [671, 543], [671, 583], [523, 583]], '이혜주(27)', 0.8445588573950277), ([[457, 585], [671, 585], [671, 627], [457, 627]], '연구소 내 청소부', 0.7370192504568441), ([[487, 625], [667, 625], [667, 661], [487, 661]], '직업만족도:3점', 0.9844378791822304), ([[71, 1379], [301, 1379], [301, 1419], [71, 1419]], '오늘 따라다니면서', 0.7599592775096189), ([[105, 1413], [264, 1413], [264, 1453], [105, 1453]], '잡일 좀 하면', 0.8052424081555791), ([[111, 1447], [263, 1447], [263, 1489], [111, 1489]], '보너스 준다', 0.8604620753900007), ([[86, 1484], [280, 1484], [280, 1524], [86, 1524]], '그랫없논데 중 흐', 0.04944486835654119), ([[49, 1641], [265, 1641], [265, 1683], [49, 1683]], '조금만 더 있으면', 0.43440658064527193), ([[37, 1677], [281, 1677], [281, 1719], [37, 1719]], '집도 구할 수 있어!', 0.22503659197570133), ([[73, 1711], [239, 1711], [239, 1753], [73, 1753]], '조금만 참자!', 0.970241165692787), ([[105, 1747], [195, 1747], [195, 1787], [105, 1787]], '화이팅', 0.967833535436694)]
[([[233, 1041], [413, 1041], [413, 1079], [233, 1079]], '짜잔 ~ 뭐 먼저', 0.45669937164691143), ([[269, 1073], [375, 1073], [375, 1113], [269, 1113]], '입흘래?', 0.5469679236412048), ([[33, 1465], [255, 1465], [255, 1505], [33, 1505]], '직업만족도:1.5점', 0.978946339237153)]
[]
[([[95, 149], [275, 149], [275, 193], [95, 193]], '시작은 가볍게', 0.9433307258234296), ([[77, 185], [289, 185], [289, 227], [77, 227]], '직업복올 볼건데,', 0.9204586821163028), ([[181, 268], [361, 268], [361, 311], [181, 311]], '제일 대중적인', 0.992719455849345), ([[170, 305], [375, 305], [375, 345], [170, 345]], '메이드복이 있지', 0.6021158626409722), ([[29, 427], [237, 427], [237, 469], [29, 469]], '유명한 복장이라', 0.9241148643287824), ([[43, 463], [223, 463], [223, 505], [43, 505]], '형태도 무자게', 0.9963823946120448), ([[75, 499], [191, 499], [191, 539], [75, 539]], '많더라고', 0.9734540581703186), ([[73, 597], [133, 597], [133, 635], [73, 635]], '이건', 0.9991281773502171), ([[25, 629], [175, 629], [175, 671], [25, 671]], '노출이 거의', 0.9608765192459966), ([[55, 667], [151, 667], [151, 705], [55, 705]], '없는 편', 0.9170755862807317), ([[179, 1463], [359, 1463], [359, 1505], [179, 1505]], '워낙 유명해서', 0.9988513772911118), ([[167, 1499], [373, 1499], [373, 1541], [167, 1541]], '방송인들이 가끔', 0.9939888491897274), ([[123, 1535], [419, 1535], [419, 1575], [123, 1575]], '미선 벌칙으로 입기도해', 0.839086603582613), ([[295, 1647], [563, 1647], [563, 1689], [295, 1689]], '먹고살기 존나 힘드네', 0.8226138061238585), ([[254, 1772], [278, 1772], [278, 1796], [254, 1796]], '승', 0.3693317335711441), ([[274, 1765], [392, 1765], [392, 1805], [274, 1805]], '인생이관', 0.8137845404582448), ([[84, 2330], [262, 2330], [262, 2360], [84, 2360]], '분량이 급창날까화', 0.9229015183564236), ([[8, 2354], [336, 2354], [336, 2384], [8, 2384]], '작화는 수정햇으나 사람모습이라고', 0.8325532127539376), ([[106, 2378], [238, 2378], [238, 2408], [106, 2408]], '생각하십시요', 0.9872080826565562)]
[([[458, 117], [644, 117], [644, 165], [458, 165]], '자 , 잠깐만요! !', 0.2769908336937263), ([[79, 369], [141, 369], [141, 407], [79, 407]], '이건', 0.9971246898258553), ([[13, 399], [215, 399], [215, 443], [13, 443]], '간호사복장인데', 0.8930823836649919), ([[41, 614], [182, 614], [182, 652], [41, 652]], '전체적으로', 0.9978491734383722), ([[19, 649], [197, 649], [197, 689], [19, 689]], '들어나는 꿀곡', 0.4021360373734723), ([[47, 683], [175, 683], [175, 723], [47, 723]], '짧은 치마', 0.9942638611544737), ([[165, 787], [281, 787], [281, 825], [165, 825]], '옆트임이', 0.6791625022888184), ([[148, 818], [293, 818], [293, 862], [148, 862]], '죽여준다지', 0.9800388247145132), ([[393, 1234], [654, 1234], [654, 1266], [393, 1266]], '*가끔 뒤가 다 보이는 복장이 있다', 0.5107317769093294), ([[87, 1469], [425, 1469], [425, 1513], [87, 1513]], '이 외에도 수녀복 군복 제복', 0.8961798374425608), ([[85, 1505], [423, 1505], [423, 1547], [85, 1547]], '갑옷 경찰복 오피스록 의사 ,', 0.6470995166346655), ([[91, 1541], [423, 1541], [423, 1583], [91, 1583]], '스튜어디스 어으 너무 많네', 0.5842501010605053), ([[165, 1577], [345, 1577], [345, 1617], [165, 1617]], '이건 넘겨야지', 0.6539658679336507), ([[468, 1592], [647, 1592], [647, 1635], [468, 1635]], '맞아요 박사님', 0.845280871931573), ([[477, 1629], [639, 1629], [639, 1671], [477, 1671]], '존나 맞는 말', 0.9220469816787747), ([[515, 1667], [603, 1667], [603, 1703], [515, 1703]], '이에요', 0.9980957722395745), ([[552, 1736], [649, 1736], [649, 1775], [552, 1775]], '나 그냥', 0.9998594522476196), ([[541, 1769], [657, 1769], [657, 1811], [541, 1811]], '청소하러', 0.9928706884384155), ([[109, 1811], [223, 1811], [223, 1851], [109, 1851]], '(왕귀초)', 0.35039245322518514), ([[567, 1805], [631, 1805], [631, 1845], [567, 1845]], '갈래', 0.9997324622889866)]
[([[191, 147], [387, 147], [387, 186], [191, 186]], '흙  우리 메주가', 0.4225248615492486), ([[193, 182], [381, 182], [381, 221], [193, 221]], '싫다고 하면 뭐', 0.9943182638245269), ([[154, 218], [421, 218], [421, 257], [154, 257]], '원래 입고다니던 애들', 0.6557789312544718), ([[211, 253], [361, 253], [361, 290], [211, 290]], '찾아가지 뭐', 0.9006351135495563), ([[364, 288], [566, 288], [566, 330], [364, 330]], '이상한 별명으로', 0.8976563236480589), ([[377, 323], [556, 323], [556, 365], [377, 365]], '부르지 마세요', 0.9889260455138624), ([[601, 502], [658, 502], [658, 528], [601, 528]], '동황차트', 0.1560053676366806), ([[335, 848], [593, 848], [593, 889], [335, 889]], '독자들이 학창시절올', 0.7825864958943785), ([[319, 883], [609, 883], [609, 925], [319, 925]], '떠올질지도 모른다고요', 0.3703136951697641), ([[189, 1162], [367, 1162], [367, 1201], [189, 1201]], '지금 보러온건', 0.9869803668824878), ([[220, 1197], [339, 1197], [339, 1237], [220, 1237]], '평상시에', 0.9822197065444751), ([[187, 1233], [370, 1233], [370, 1272], [187, 1272]], '입는 옷들인데,', 0.530637533775608), ([[90, 2139], [251, 2139], [251, 2348], [90, 2348]], '사', 0.8820392867974682), ([[528, 2574], [643, 2574], [643, 2773], [528, 2773]], '스', 0.9977592874977894), ([[279.1631755810935, 2033.0250322042618], [372.548597933735, 1989.0107526897584], [473.8368244189065, 2227.9749677957384], [380.451402066265, 2271.989247310242]], '춤', 0.00622259582072765)]
[([[157, 247], [280, 247], [280, 287], [157, 287]], "우와 '레", 0.15559267055153755), ([[412, 339], [452, 339], [452, 392], [412, 392]], '국', 0.23069508419823492), ([[297, 380], [363, 380], [363, 434], [297, 434]], '9', 0.005714135263153397), ([[414, 436], [482, 436], [482, 492], [414, 492]], '꿀', 0.06127830762911035), ([[496, 459], [583, 459], [583, 503], [496, 503]], '6<', 0.07952315662091022), ([[262, 1020], [496, 1020], [496, 1060], [262, 1060]], '아익 속옷차림인데', 0.7891501634423602), ([[249, 1054], [511, 1054], [511, 1097], [249, 1097]], '들어오면 어똑해요? !', 0.5816387236451565), ([[80, 1228], [189, 1228], [189, 1261], [80, 1261]], '좀 있으면', 0.8632470299082147), ([[35, 1256], [236, 1256], [236, 1293], [35, 1293]], '상복차림이켓구나', 0.9869338837528847), ([[271, 2063], [353, 2063], [353, 2101], [271, 2101]], '안돼. .', 0.37299802736858756), ([[196, 2095], [438, 2095], [438, 2137], [196, 2137]], '피흘 그렇게 흘리면', 0.46811119885016367), ([[201, 2131], [438, 2131], [438, 2171], [201, 2171]], '우의논관이 생겨  .!', 0.2770830573452672), ([[488, 2192], [552, 2192], [552, 2232], [488, 2232]], '지락', 0.9325047863794035), ([[390, 2226], [642, 2226], [642, 2266], [390, 2266]], '전 이제 차가운 땅에', 0.9831507678783311), ([[407, 2260], [622, 2260], [622, 2302], [407, 2302]], '묻히는 거젯조..?', 0.16830223369122319), ([[485, 2365], [639, 2365], [639, 2402], [485, 2402]], '아니, 여기선', 0.62925970089365), ([[468, 2394], [654, 2394], [654, 2434], [468, 2434]], '네크로필리아들', 0.8613814664192933), ([[478, 2428], [644, 2428], [644, 2468], [478, 2468]], '편의용품으로', 0.9992601029084932), ([[519, 2462], [603, 2462], [603, 2499], [519, 2499]], '넣어쥐', 0.9360972917685011), ([[539, 2535], [637, 2535], [637, 2575], [539, 2575]], '제발 날', 0.9985538947471884), ([[532, 2570], [641, 2570], [641, 2598], [532, 2598]], '포기하지', 0.9989480972290039), ([[531, 2598], [644, 2598], [644, 2638], [531, 2638]], '말아주요', 0.871694803237915), ([[559.2111456180002, 305.4222912360003], [655.6257844664772, 297.3107140553913], [657.7888543819998, 332.5777087639997], [560.3742155335228, 341.6892859446087]], "여:루'", 0.007001971360296011), ([[271.0970966215454, 1172.0194193243092], [387.96467085899997, 1133.9534634451895], [400.9029033784546, 1175.9805806756908], [285.03532914100003, 1213.0465365548105]], '부교부고', 0.4023995101451874)]
[([[46, 219], [176, 219], [176, 259], [46, 259]], '그럼 다시,', 0.9581542206977219), ([[72, 323], [217, 323], [217, 362], [72, 362]], '돌째팬즈는', 0.07392926964613487), ([[28, 356], [261, 356], [261, 399], [28, 399]], '인싸들도 사랑하는', 0.6843578103887858), ([[74, 393], [215, 393], [215, 435], [74, 435]], '만능옷으로', 0.9734010674735531), ([[95, 532], [220, 532], [220, 575], [95, 575]], '위엔 보통', 0.9055340944258635), ([[85, 569], [233, 569], [233, 608], [85, 608]], '평퍼짐하고', 0.934604865524635), ([[64, 602], [254, 602], [254, 645], [64, 645]], '흔한 옷올 입어', 0.5206756700192732), ([[51, 724], [230, 724], [230, 766], [51, 766]], '절제된 노출과', 0.6953002924750503), ([[38, 760], [246, 760], [246, 800], [38, 800]], '익숙한 분위기가', 0.6385962078438595), ([[48, 794], [230, 794], [230, 836], [48, 836]], '최대의 꼴림올', 0.5770018171449496), ([[95, 830], [186, 830], [186, 870], [95, 870]], '만들지', 0.9997605598727164), ([[60, 976], [214, 976], [214, 1009], [60, 1009]], '여기 돌고래가', 0.918879358079366), ([[62, 1005], [183, 1005], [183, 1037], [62, 1037]], '어덧어요층', 0.06777012360764054), ([[70, 1033], [198, 1033], [198, 1066], [70, 1066]], '완전 바보네', 0.9997064855988592), ([[96, 1201], [237, 1201], [237, 1234], [96, 1234]], '많이 아프구나', 0.999769782936302), ([[413, 1793], [629, 1793], [629, 1836], [413, 1836]], '그 다음은 운동복', 0.9408474556897936), ([[457, 1830], [582, 1830], [582, 1869], [457, 1869]], '주로 몸에', 0.9873784091174576), ([[444, 1863], [595, 1863], [595, 1905], [444, 1905]], '딱 달라붙는', 0.7416082947474335), ([[429, 1897], [601, 1897], [601, 1939], [429, 1939]], '레강스형태로', 0.7298455875590866), ([[460, 1933], [580, 1933], [580, 1973], [460, 1973]], '그려지고', 0.9988394975662231), ([[488, 2065], [554, 2065], [554, 2107], [488, 2107]], '미안', 0.9996459848289856), ([[460, 2549], [616, 2549], [616, 2592], [460, 2592]], '몸의 줄곡이', 0.46338378751088966), ([[408, 2586], [670, 2586], [670, 2625], [408, 2625]], '전체적으로 드러나서', 0.9988489939976027), ([[416, 2619], [660, 2619], [660, 2661], [416, 2661]], '적당히 근육이 있는', 0.5153935581060047), ([[416, 2653], [660, 2653], [660, 2695], [416, 2695]], '캐릭터가 자주 입어', 0.9991705383437463)]
[([[318, 368], [380, 368], [380, 420], [318, 420]], '울올럭', 0.10614112742608947), ([[229, 1115], [361, 1115], [361, 1155], [229, 1155]], '속이 병~!', 0.8503987586286477), ([[493, 1633], [555, 1633], [555, 1669], [493, 1669]], '진짜', 0.9998447345407637), ([[447, 1665], [599, 1665], [599, 1705], [447, 1705]], '죽이고 싶다', 0.9737529671938586), ([[463, 1699], [583, 1699], [583, 1739], [463, 1739]], '미치켓네', 0.8989912867546082), ([[331.13600260995935, 325.0752148767684], [394.846670439826, 348.7712666490582], [377.86399739004065, 391.9247851232316], [314.153329560174, 369.2287333509418]], '울럭', 0.3459943741751699)]
[([[97, 161], [305, 161], [305, 202], [97, 202]], '지금 보고있는건', 0.5794067433356354), ([[72, 196], [332, 196], [332, 236], [72, 236]], '교복과 스물미즈인데', 0.9761130825584154), ([[109, 225], [294, 225], [294, 275], [109, 275]], '일본의 교복과', 0.6626576311901605), ([[102, 267], [302, 267], [302, 307], [102, 307]], '학교수영복이야', 0.9975677303171498), ([[161, 1262], [341, 1262], [341, 1303], [161, 1303]], '특별히 표기가', 0.9987719920570485), ([[93, 1297], [408, 1297], [408, 1337], [93, 1337]], '안되있으면 미자캐릭터인', 0.9888633626938131), ([[173, 1331], [328, 1331], [328, 1371], [173, 1371]], '경우가 많아', 0.9996729148622667), ([[193, 1368], [417, 1368], [417, 1408], [193, 1408]], '재들도 미자거튼?', 0.6799253968164928), ([[212, 1404], [399, 1404], [399, 1445], [212, 1445]], '어쨌든 이 옷의', 0.9993405857829122), ([[260, 1439], [323, 1439], [323, 1477], [260, 1477]], '포인', 0.9991563243697535), ([[312, 1487], [518, 1487], [518, 1527], [312, 1527]], '네네 넘어갈께요', 0.6485841961143681), ([[116, 2025], [254, 2025], [254, 2065], [116, 2065]], '아이 셋팔!', 0.3938703808276076), ([[159, 2132], [323, 2132], [323, 2173], [159, 2173]], '이걸 피하네!', 0.49612602430326), ([[502, 2244], [577, 2244], [577, 2285], [502, 2285]], '대장!', 0.9739191670675026), ([[459, 2279], [618, 2279], [618, 2319], [459, 2319]], '저기도 쓸 거', 0.8302607577385984), ([[459, 2313], [621, 2313], [621, 2353], [459, 2353]], '많은거 같아!', 0.623173304193946), ([[527.1370142686695, 1633.460327110472], [600.1184814404786, 1619.494990318304], [605.8629857313305, 1659.539672889528], [532.8815185595214, 1673.505009681696]], "'유", 0.2492777077684378)]
[([[259, 147], [439, 147], [439, 189], [259, 189]], '이번건 성별에', 0.40835378601377514), ([[259, 183], [441, 183], [441, 223], [259, 223]], '관련원 웃이야', 0.34939087139767244), ([[323, 287], [437, 287], [437, 327], [323, 327]], '지금까지', 0.9348161220550537), ([[329, 325], [421, 325], [421, 363], [329, 363]], '관련이', 0.9994759809237408), ([[321, 359], [441, 359], [441, 397], [321, 397]], '없없어.?', 0.9782865511726445), ([[37, 797], [255, 797], [255, 839], [37, 839]], '통보이라는건데', 0.690039829434656), ([[39, 901], [221, 901], [221, 943], [39, 943]], '영미권의 흔한', 0.8510486556737981), ([[31, 937], [145, 937], [145, 977], [31, 977]], '남자이름', 0.9989469051361084), ([[154, 942], [220, 942], [220, 974], [154, 974]], '가어풀', 0.0013874772921047029), ([[39, 971], [219, 971], [219, 1013], [39, 1013]], '남자흘 뜻하는', 0.6232593510326966), ([[29, 1007], [239, 1007], [239, 1047], [29, 1047]], "'6어컨 의 합성어야", 0.07428955149050895), ([[507, 1055], [649, 1055], [649, 1095], [507, 1095]], '남성스러운', 0.9981747197491404), ([[517, 1093], [641, 1093], [641, 1129], [517, 1129]], '모습 뒤에', 0.7453906356895887), ([[461, 1125], [689, 1125], [689, 1165], [461, 1165]], '여성스러운 모습이', 0.9979684999812277), ([[487, 1159], [669, 1159], [669, 1201], [487, 1201]], '가끔 나오는게', 0.7919706420889071), ([[487, 1193], [667, 1193], [667, 1235], [487, 1235]], '겁모에 포인트', 0.5748143672226705), ([[536, 1234], [622, 1234], [622, 1266], [536, 1266]], '라고해', 0.9999904332594886)]
[([[85, 47], [153, 47], [153, 111], [85, 111]], '예', 0.999969721069661), ([[153, 147], [423, 147], [423, 189], [153, 189]], '귀여운 동물올 좋아함', 0.9806005657820293), ([[591, 173], [655, 173], [655, 253], [591, 253]], '>', 0.9947600047610337), ([[293, 807], [509, 807], [509, 849], [293, 849]], '쉽게 부끄러워 함', 0.591765807833993), ([[445, 1053], [465, 1053], [465, 1077], [445, 1077]], '거', 0.4876643519110644), ([[106, 1300], [566, 1300], [566, 1349], [106, 1349]], '애인올 위해 가끔 여성스런 옷올 입음', 0.7236485573329046), ([[107, 1589], [257, 1589], [257, 1629], [107, 1629]], '흙  그래요?', 0.2960308168136834), ([[405, 1609], [639, 1609], [639, 1651], [405, 1651]], '오늘은 평범하네요', 0.9913238969302375), ([[567, 1645], [617, 1645], [617, 1661], [567, 1661]], '그나마', 0.9999766681867418)]
[([[393, 115], [561, 115], [561, 155], [393, 155]], '이제 4개정도', 0.9926080227607962), ([[431, 147], [521, 147], [521, 189], [431, 189]], '남앗어', 0.47809257221121476), ([[414, 184], [539, 184], [539, 222], [414, 222]], '그래서 또', 0.9999117658746789), ([[361, 217], [593, 217], [593, 259], [361, 259]], '게스트록 데려앉지', 0.14715742103378443), ([[283, 811], [389, 811], [389, 849], [283, 849]], '오 잠만;', 0.7161726394911965), ([[443, 1007], [533, 1007], [533, 1049], [443, 1049]], '통창은', 0.6849593603580154), ([[353, 1040], [623, 1040], [623, 1083], [353, 1083]], '동정올 죽이논 스웨터', 0.5848309072795099), ([[363, 1155], [667, 1155], [667, 1197], [363, 1197]], '환히 보이는 등 ,엉덩이골', 0.40763967586349664), ([[369, 1191], [667, 1191], [667, 1231], [369, 1231]], '옆가슴 등등이 포인트야', 0.9508078005562445), ([[457, 1315], [611, 1315], [611, 1357], [457, 1357]], '가끔 저렇게', 0.9364394844796647), ([[417, 1351], [653, 1351], [653, 1393], [417, 1393]], '가슴이 째져있드라', 0.6513250794784876)]
[]
[([[122, 67], [213, 67], [213, 111], [122, 111]], '다음은', 0.9994426717878199), ([[52, 102], [280, 102], [280, 143], [52, 143]], '알몸에이프런인데', 0.7885025636436712), ([[29, 137], [271, 137], [271, 178], [29, 178]], '망가에선 주로 결혼', 0.8624603692808517), ([[49, 172], [283, 172], [283, 210], [49, 210]], '서비스씬으로 나와', 0.42077506777569834), ([[408, 163], [587, 163], [587, 204], [408, 204]], '분명 유부남의', 0.9719141544251758), ([[405, 198], [587, 198], [587, 236], [405, 236]], '로망 이랫는데', 0.33913773882974285), ([[362, 230], [631, 230], [631, 274], [362, 274]], '이걸 원하는 유부남울', 0.351809073773752), ([[405, 268], [587, 268], [587, 306], [405, 306]], '본 적이 없어.', 0.877483632542258), ([[493, 496], [616, 496], [616, 537], [493, 537]], '알몸 위에', 0.9140504762637599), ([[464, 528], [645, 528], [645, 572], [464, 572]], '딸랑 앞치마만', 0.9294454131411259), ([[478, 566], [633, 566], [633, 604], [478, 604]], '결친 옷이야', 0.5557251092072079), ([[47, 1420], [115, 1420], [115, 1450], [47, 1450]], '모', 0.644496835486482), ([[123, 1686], [183, 1686], [183, 1719], [123, 1719]], '이건', 0.9967318981148594), ([[67, 1717], [245, 1717], [245, 1758], [67, 1758]], '로프플레이 중', 0.6735174364196117), ([[78, 1752], [236, 1752], [236, 1796], [78, 1796]], '제일 유명한', 0.918034141784862), ([[449, 1735], [604, 1735], [604, 1779], [449, 1779]], '압박되논 곳', 0.5634850960646737), ([[464, 1770], [581, 1770], [581, 1808], [464, 1808]], '바깥으로', 0.8884115508401736), ([[43, 1787], [274, 1787], [274, 1831], [43, 1831]], '귀갑묶기라는거야', 0.25389216469013476), ([[405, 1805], [639, 1805], [639, 1849], [405, 1849]], '살이 튀어나오면서', 0.9989334770590694), ([[435, 1840], [613, 1840], [613, 1878], [435, 1878]], '부각이 되는게', 0.6550236913514995), ([[464, 1875], [581, 1875], [581, 1913], [464, 1913]], '포인트고', 0.99796462059021), ([[516, 1965], [604, 1965], [604, 2006], [516, 2006]], '상대름', 0.27401172405903657), ([[505, 2000], [619, 2000], [619, 2039], [505, 2039]], '포박하기', 0.999458372592926), ([[516, 2035], [607, 2035], [607, 2074], [516, 2074]], '때문에', 0.9913182532337411), ([[470, 2070], [654, 2070], [654, 2112], [470, 2112]], '-시장르에서도', 0.3050636693980192), ([[531, 2106], [593, 2106], [593, 2144], [531, 2144]], '많이', 0.9997020347847067), ([[505, 2141], [622, 2141], [622, 2185], [505, 2185]], '사용되지', 0.9984193444252014), ([[55, 3455], [254, 3455], [254, 3496], [55, 3496]], '잠깐! 다 가리면', 0.6756203433765599), ([[72, 3490], [239, 3490], [239, 3531], [72, 3531]], '어떡해! 나름', 0.9946023836868727), ([[34, 3525], [280, 3525], [280, 3569], [34, 3569]], '열심히 묘사랫든데!', 0.47390116363458246), ([[443, 3592], [534, 3592], [534, 3628], [443, 3628]], '그래서', 0.9999924980225902), ([[405, 3624], [572, 3624], [572, 3668], [405, 3668]], '가린겁니다;;', 0.2580339279888606)]
[([[465, 127], [555, 127], [555, 165], [465, 165]], '그런데', 0.9999801782778809), ([[385, 157], [635, 157], [635, 202], [385, 202]], '4개라고 하여잡아요', 0.3329788468207053), ([[399, 195], [621, 195], [621, 237], [399, 237]], '마지막은 월니까?', 0.6034370397158695), ([[499, 437], [605, 437], [605, 477], [499, 477]], '마지막?', 0.9997826814651489), ([[115, 1383], [225, 1383], [225, 1425], [115, 1425]], '궁금해?', 0.9909051934659286), ([[205, 1431], [283, 1431], [283, 1491], [205, 1491]], '냐', 0.009952999277953234), ([[469, 1611], [617, 1611], [617, 1653], [469, 1653]], '어. 그렇조?', 0.6132813554679892), ([[443, 1689], [489, 1689], [489, 1731], [443, 1731]], ')', 0.9864133335910061)]
[([[113, 125], [247, 125], [247, 167], [113, 167]], '알려줄까?', 0.6494314007879284), ([[213, 1048], [349, 1048], [349, 1086], [213, 1086]], '월니까???', 0.5014496128222528), ([[504.5339183338988, 1718.627134667119], [637.1436241123924, 1674.2520392808685], [656.4660816661012, 1735.372865332881], [522.8563758876076, 1779.7479607191315]], "자바짓'", 0.6510331630706787)]
[([[441, 139], [579, 139], [579, 212], [441, 212]], '벗어', 0.9983126045859676), ([[406, 212], [580, 212], [580, 253], [406, 253]], '알려출테니까', 0.4777775275969488), ([[322, 1379], [368, 1379], [368, 1410], [322, 1410]], '0', 0.22453324059058222), ([[252, 1717], [365, 1717], [365, 1757], [252, 1757]], '(망상중)', 0.9995999905071995), ([[473, 1759], [578, 1759], [578, 1799], [473, 1799]], '박사님?', 0.89105224609375), ([[467, 1795], [570, 1795], [570, 1831], [467, 1831]], '즈기요?', 0.8592783212661743), ([[-2.277606683281533, 891.3009239102797], [167.01201195165297, 828.4184840088243], [211.27760668328153, 980.6990760897203], [41.987988048347034, 1044.5815159911756]], '벼', 0.02768108069123887)]
[([[225, 157], [321, 157], [321, 193], [225, 193]], '아니야', 0.9999430815157786), ([[201, 189], [353, 189], [353, 229], [201, 229]], '내가 숫자흘', 0.3313671999595193), ([[185, 227], [373, 227], [373, 263], [185, 263]], '못 세리나 보다', 0.9954222463195243), ([[217, 259], [342, 259], [342, 300], [217, 300]], '먼저 가화', 0.7553028946969867), ([[415, 349], [521, 349], [521, 387], [415, 387]], '아?. 법!', 0.6187397196979137), ([[396, 418], [432, 418], [432, 446], [396, 446]], '글쩍', 0.9918044698941598), ([[400, 440], [436, 440], [436, 468], [400, 468]], '글쩍', 0.9467019528926967), ([[439, 941], [493, 941], [493, 977], [439, 977]], '2화', 0.999798459719377), ([[508, 822], [654, 822], [654, 978], [508, 978]], '끝', 0.999917032055464)]
[([[101, 119], [537, 119], [537, 327], [101, 327]], '음지', 0.9418978677650476), ([[525, 300], [672, 300], [672, 350], [525, 350]], '팀구보고서', 0.30358561191287387), ([[471, 375], [521, 375], [521, 411], [471, 411]], '어?', 0.9999020521290973), ([[455, 423], [610, 423], [610, 468], [455, 468]], '박사님 일찍', 0.89726634184773), ([[453, 461], [613, 461], [613, 501], [453, 501]], '나오세네요?', 0.18771872483794544), ([[360, 508], [404, 508], [404, 538], [360, 538]], '어-', 0.9995078445824673), ([[293, 537], [469, 537], [469, 579], [293, 579]], '들고 오라논건', 0.26698448459051355), ([[295, 573], [465, 573], [465, 613], [295, 613]], '가지고 옷어?', 0.3031023071910905)]
[([[79, 91], [301, 91], [301, 131], [79, 131]], '오늘 갈 곳은 보통', 0.9534671200668514), ([[64, 125], [313, 125], [313, 166], [64, 166]], "'이세계'라고 부르는", 0.7572026236999584), ([[145, 163], [237, 163], [237, 201], [145, 201]], '긋이야', 0.5745511009590354), ([[92, 266], [271, 266], [271, 309], [92, 309]], '이세계논 보통', 0.4698080057172855), ([[59, 300], [307, 300], [307, 344], [59, 344]], '트럭사고 아난가요기', 0.5327370119044228), ([[51, 421], [285, 421], [285, 463], [51, 463]], '돌아올때마다 몸이', 0.961521799760658), ([[81, 461], [253, 461], [253, 497], [81, 497]], '너무 아파서 .', 0.7375059828489813), ([[105, 521], [227, 521], [227, 561], [105, 561]], '그 규브는', 0.8020621854944759), ([[83, 555], [257, 555], [257, 597], [83, 597]], '좌표갈은거야', 0.8955686802777472), ([[176, 684], [210, 684], [210, 716], [176, 716]], '오', 0.9999979734431044), ([[241, 909], [429, 909], [429, 951], [241, 951]], '지금 들고온 그', 0.9738988306319811), ([[181, 945], [485, 945], [485, 987], [181, 987]], '규브틀 여기에 넣으면 돼', 0.34319226846298456), ([[467, 1043], [529, 1043], [529, 1083], [467, 1083]], '통과', 0.9999834784753582), ([[220, 1080], [256, 1080], [256, 1112], [220, 1112]], '오', 0.3796502588821266), ([[173, 1349], [247, 1349], [247, 1387], [173, 1387]], '(질색)', 0.33680016133399066), ([[314.572320221216, 1435.1471370618367], [355.55381410698686, 1396.0219422519656], [443.427679778784, 1496.8528629381633], [402.44618589301314, 1535.9780577480344]], '옆', 0.10387209487945714)]
[([[22, 438], [138, 438], [138, 462], [22, 462]], '포달올 생성합니다.', 0.7649394349351355), ([[516, 534], [620, 534], [620, 612], [516, 612]], '썩', 0.07557526393174285), ([[78, 784], [240, 784], [240, 832], [78, 832]], '어우  포달이', 0.5150729459619637), ([[56, 811], [263, 811], [263, 873], [56, 873]], '(왜이리 굽다까?', 0.5734331608302743), ([[391, 897], [523, 897], [523, 933], [391, 933]], '아니 그게.', 0.988699025226263)]
[([[423, 103], [663, 103], [663, 143], [423, 143]], '포달 첫 사용 당시.', 0.6887401783962124), ([[433, 833], [593, 833], [593, 871], [433, 871]], '미친새끼들아', 0.49455007954675956), ([[371, 863], [649, 863], [649, 903], [371, 903]], '저걸 그대로 육여넣으면', 0.4259332534700274), ([[401, 897], [623, 897], [623, 937], [401, 937]], '어떡해? 월급안취?', 0.7718781763571388), ([[369, 995], [611, 995], [611, 1035], [369, 1035]], '아니 전 용궁덩이가', 0.88340254972141), ([[389, 1029], [581, 1029], [581, 1071], [389, 1071]], '이렇게 클 줄은.', 0.8221106913644911), ([[449, 1067], [529, 1067], [529, 1105], [449, 1105]], '와우 .', 0.8409945964813232), ([[219, 1759], [377, 1759], [377, 1801], [219, 1801]], '크웃  닥처!', 0.6605822423862839), ([[223, 1797], [373, 1797], [373, 1841], [223, 1841]], '나도 알아!', 0.996110724434999), ([[67.13141855362215, 133.2067880199929], [377.70538331255557, 72.61690931125428], [396.86858144637785, 241.7932119800071], [86.29461668744443, 302.3830906887457]], '꽉-약', 0.6358557970880707)]
[([[461, 189], [567, 189], [567, 225], [461, 225]], '자, 이제', 0.9792154485132456), ([[427, 221], [599, 221], [599, 261], [427, 261]], '시작해보자구', 0.9997663923215804), ([[45, 497], [139, 497], [139, 537], [45, 537]], '에구구', 0.9733834907237696), ([[20, 666], [83, 666], [83, 781], [20, 781]], '때', 0.11549748134048432), ([[244, 1162], [389, 1162], [389, 1203], [244, 1203]], '어서오세요', 0.9999004658832997), ([[281, 1197], [403, 1197], [403, 1237], [281, 1237]], '여행자여,', 0.9979802999874093), ([[572.502481404895, 718.02481404895], [614.8968942235987, 726.9247081261238], [593.497518595105, 827.97518595105], [550.1031057764013, 818.0752918738762]], '살', 0.2913526901313759)]
[]
[([[226, 1214], [449, 1214], [449, 1263], [226, 1263]], '이세계에 온 것올,', 0.8307603142642045), ([[226, 1277], [452, 1277], [452, 1349], [226, 1349]], '환영합니다', 0.9758863193963416)]
[([[427, 117], [519, 117], [519, 153], [427, 153]], '아.? 승', 0.4502602912285189), ([[393, 147], [555, 147], [555, 189], [393, 189]], '감사합니다..', 0.6672601080619387), ([[129, 853], [197, 853], [197, 893], [129, 893]], '뒷고', 0.3287044438059254), ([[89, 885], [245, 885], [245, 927], [89, 927]], '혼자 일어나', 0.9960903330192445), ([[80, 1162], [132, 1162], [132, 1194], [80, 1194]], '???', 0.589304067665441), ([[195, 1567], [273, 1567], [273, 1605], [195, 1605]], '뭐, 왜', 0.36208103184966917)]
[([[514, 112], [656, 112], [656, 144], [514, 144]], '왜 그랫어요?', 0.428618636160702), ([[514, 184], [614, 184], [614, 216], [514, 216]], '아니 그냥.', 0.9804018667565918), ([[506, 210], [632, 210], [632, 242], [506, 242]], '재 손 잡으면', 0.9640928129789942), ([[500, 238], [640, 238], [640, 268], [500, 268]], '레스트 생기고', 0.35332690961023056), ([[506, 264], [632, 264], [632, 294], [506, 294]], '막 그러니까 .', 0.7039890910101727), ([[124, 322], [162, 322], [162, 354], [124, 354]], '??', 0.6699145576175123), ([[478, 420], [514, 420], [514, 452], [478, 452]], '??', 0.5792546775571329), ([[33, 695], [255, 695], [255, 737], [33, 737]], '많은 정령 중 하나', 0.7398180840159362), ([[31, 751], [189, 751], [189, 787], [31, 787]], '주로 주인공올', 0.5808980189122349), ([[33, 781], [243, 781], [243, 819], [33, 819]], '냄다 깨우고 마왕을', 0.4431223202132815), ([[512, 782], [610, 782], [610, 814], [512, 814]], '사실 그냥', 0.9996541589369122), ([[31, 813], [167, 813], [167, 849], [31, 849]], '잡게 만듣다', 0.6666764669224098), ([[526, 810], [594, 810], [594, 842], [526, 842]], '싫없어', 0.9626754709634563), ([[165, 861], [289, 861], [289, 899], [165, 899]], '이제 얘네 일임', 0.9489466679165113)]
[([[213, 1571], [419, 1571], [419, 1611], [213, 1611]], '여기논 사람들이', 0.8139159996610471), ([[211, 1605], [425, 1605], [425, 1647], [211, 1647]], '모여 사는 긋이야', 0.42771626025040077), ([[316, 1685], [522, 1685], [522, 1735], [316, 1735]], '좀 야매갈은데요', 0.7936362432305294), ([[195, 1775], [411, 1775], [411, 1817], [195, 1817]], '배경투시클 할 줄', 0.3336270578912357), ([[213, 1809], [389, 1809], [389, 1852], [213, 1852]], '올라서 그래.', 0.9572025308513493)]
[([[381, 165], [569, 165], [569, 205], [381, 205]], '아 몰라 스컵해', 0.5735138919165363), ([[385, 199], [565, 199], [565, 239], [385, 239]], '다들 야한거나', 0.994991303841434), ([[401, 233], [545, 233], [545, 275], [401, 275]], '보러올켓지', 0.8576206596841001), ([[483, 293], [603, 293], [603, 329], [483, 329]], '이거 그런', 0.8324219869890048), ([[427, 325], [659, 325], [659, 365], [427, 365]], '시간이면 서비스씬', 0.7148795325070925), ([[439, 359], [649, 359], [649, 399], [439, 399]], '두개는 나오는데', 0.6324032215271574), ([[25, 441], [159, 441], [159, 667], [25, 667]], '과', 0.03213180255512782), ([[537, 605], [663, 605], [663, 641], [537, 641]], '죄송합니다_', 0.4613915983215387), ([[104, 1084], [337, 1084], [337, 1123], [104, 1123]], '그래도 이세계인데 ', 0.7184811885303608), ([[149, 1117], [291, 1117], [291, 1155], [149, 1155]], '이런건 한번', 0.9544751495104207), ([[157, 1151], [283, 1151], [283, 1187], [157, 1187]], '타보야지?', 0.9368489695164152), ([[640, 1218], [670, 1218], [670, 1290], [640, 1290]], '틈', 0.9831835153079318), ([[511, 1821], [671, 1821], [671, 1861], [511, 1861]], '~이세계 필수', 0.8377127199699836), ([[511, 1855], [627, 1855], [627, 1895], [511, 1895]], '이동수단', 0.999844491481781), ([[512, 1902], [634, 1902], [634, 1934], [512, 1934]], '909확물로', 0.6071670967592996), ([[514, 1930], [612, 1930], [612, 1962], [514, 1962]], '말이 존나', 0.9862336588900616), ([[514, 1958], [584, 1958], [584, 1990], [514, 1990]], '귀엽다', 0.9997029549868192)]
[([[221, 203], [379, 203], [379, 243], [221, 243]], '뭐 이건 나름', 0.9990578259725644), ([[183, 237], [417, 237], [417, 279], [183, 279]], '괜찬네요 빌림되고', 0.2563797053132363), ([[274, 280], [324, 280], [324, 304], [274, 304]], '승층', 0.09414711882695964), ([[278, 330], [308, 330], [308, 368], [278, 368]], '응', 0.9996290550973299), ([[241, 361], [365, 361], [365, 403], [241, 403]], '나도 좋아', 0.9039151279444029), ([[15, 797], [99, 797], [99, 859], [15, 859]], '덜경', 0.04276438048732111), ([[149, 1289], [241, 1289], [241, 1387], [149, 1387]], '댁', 0.0321388599483472), ([[555.0440559000835, 601.3277621102424], [643.5116295349916, 586.044598763843], [649.9559440999165, 641.6722378897576], [561.4883704650084, 657.955401236157]], '모경', 0.08501831395031216), ([[547.2009989634992, 1451.7617981342985], [638.0755622671993, 1526.9161595210655], [375.79900103650084, 1809.2382018657015], [284.9244377328007, 1734.0838404789345]], '@', 0.6598737467628304)]
[([[419, 117], [569, 117], [569, 159], [419, 159]], '어이 얼라들', 0.8934702811621847), ([[399, 153], [587, 153], [587, 193], [399, 193]], '가진거 동땅 다', 0.6110436424974842), ([[121, 193], [183, 193], [183, 237], [121, 237]], '아약', 0.9129022352388186), ([[412, 186], [573, 186], [573, 230], [412, 230]], '내농으시지?', 0.7144210824735939), ([[503, 647], [563, 647], [563, 683], [503, 683]], '도적', 0.998558460822868), ([[496, 686], [664, 686], [664, 716], [496, 716]], '주로 도검 단점 사용', 0.29035218539229746), ([[492, 722], [652, 722], [652, 752], [492, 752]], '스피드틀 내기 위해', 0.6137529918312916), ([[492, 748], [670, 748], [670, 780], [492, 780]], '옷 노출도가 상당한게', 0.6995569230674406), ([[492, 774], [550, 774], [550, 804], [492, 804]], '포인트', 0.9980038453958686), ([[492, 804], [612, 804], [612, 834], [492, 834]], '(성격이 드럽다', 0.4622350917453892), ([[22.15395010584846, 129.46185031754538], [196.534495800143, 99.07746274390658], [204.84604989415155, 176.53814968245462], [31.465504199857016, 206.92253725609342]], '우다당돈', 0.09117130190134048), ([[172.6712678358369, 182.5754088880901], [242.53553390593274, 166.46446609406726], [251.3287321641631, 210.4245911119099], [181.46446609406726, 227.53553390593274]], '뛰야', 0.7401746149372701)]
[([[291, 235], [431, 235], [431, 271], [291, 271]], '좋다 말앗네', 0.6505007714621808), ([[279, 265], [445, 265], [445, 303], [279, 303]], '중국산 소라카', 0.9751039120345834), ([[301, 297], [419, 297], [419, 337], [301, 337]], '같은 년이', 0.9763505985095872), ([[383, 351], [467, 351], [467, 387], [383, 387]], '박사님', 0.7108987799367059), ([[313, 383], [537, 383], [537, 421], [313, 421]], '이렇때 어떡하조? !', 0.469006820601441), ([[483, 503], [547, 503], [547, 539], [483, 539]], '어어', 0.9999656926376816), ([[324, 1060], [506, 1060], [506, 1114], [324, 1114]], '감사합니다?', 0.6940423772702937), ([[483, 1169], [631, 1169], [631, 1211], [483, 1211]], '뭐라는거야', 0.48932068033214304)]
[([[227, 101], [439, 101], [439, 141], [227, 141]], '말 안하시면 제가', 0.9007737602517352), ([[229, 135], [435, 135], [435, 177], [229, 177]], '알아서 합니다? !', 0.8237888753291195), ([[141, 775], [329, 775], [329, 815], [141, 815]], '던지논 꼬라지.', 0.792836953394555), ([[330.71806521676416, 222.3823891286161], [448.5796450370781, 201.77299618403177], [456.28193478323584, 264.61761087138393], [338.4203549629219, 285.22700381596826]], '던직', 0.509841788013637)]
[([[17, 675], [285, 675], [285, 715], [17, 715]], '장인 고불린의 팬던트', 0.5078335594585522), ([[8, 718], [268, 718], [268, 750], [8, 750]], '금액:적어도 뒤질 때까진', 0.9712016632795548), ([[63, 745], [313, 745], [313, 783], [63, 783]], '명덩거리면서 살수있다', 0.47790546630801595), ([[149, 781], [317, 781], [317, 801], [149, 801]], '나도 존나 그러고 싶다', 0.9580241563617171), ([[55, 1073], [207, 1073], [207, 1113], [55, 1113]], '무려흘 범해', 0.2613788744442354), ([[496, 1088], [584, 1088], [584, 1116], [496, 1116]], '지금 후딱', 0.991287147524101), ([[53, 1107], [205, 1107], [205, 1149], [53, 1149]], '죄송합니다.', 0.9563082580917892), ([[504, 1114], [576, 1114], [576, 1140], [504, 1140]], '%시다!', 0.5266109108924866), ([[11, 1137], [244, 1137], [244, 1189], [11, 1189]], '만수무강하십시오.', 0.9452335742584419), ([[63.41020920691131, 184.6665439379694], [184.22926781769704, 145.17719855452], [206.5897907930887, 229.3334560620306], [85.77073218230296, 268.82280144548]], '멈짓-', 0.6326663994264624)]
[]
[([[64, 207], [245, 207], [245, 249], [64, 249]], '박사님 멀미가', 0.8040131849325749), ([[73, 243], [233, 243], [233, 283], [73, 283]], '심하시네요?', 0.9670959334281486), ([[120, 316], [248, 316], [248, 348], [120, 348]], '어?어, 그래', 0.7909598068487501), ([[143, 345], [231, 345], [231, 381], [143, 381]], '그렇지..', 0.8854771506286856), ([[325, 799], [479, 799], [479, 841], [325, 841]], '이번엔 숲에', 0.9588429955524167), ([[329, 835], [475, 835], [475, 875], [329, 875]], '들어갈거야', 0.9952173600989035), ([[102, 1052], [189, 1052], [189, 1091], [102, 1091]], '박사님', 0.8785421975544029), ([[41, 1084], [249, 1084], [249, 1128], [41, 1128]], '레용 닮으섞어요', 0.5173250236848507), ([[485, 1125], [609, 1125], [609, 1163], [485, 1163]], '팬런트 네', 0.44715598058193373), ([[457, 1157], [639, 1157], [639, 1199], [457, 1199]], '급여에서 깔까', 0.8307843833757002), ([[235, 1465], [361, 1465], [361, 1503], [235, 1503]], '로 10행시', 0.9980251129337321), ([[208, 1494], [373, 1494], [373, 1539], [208, 1539]], '가능함까요?', 0.2659164908252927)]
[([[79, 69], [309, 69], [309, 105], [79, 105]], '저기 오크 보이지?', 0.48396655806766736), ([[91, 101], [297, 101], [297, 143], [91, 143]], '그냥 만화엿으면', 0.8256430137761914), ([[75, 135], [311, 135], [311, 177], [75, 177]], '용사가 이것젯지만', 0.4514711632557128), ([[353, 625], [603, 625], [603, 665], [353, 665]], '이 만화 이름 덕분에', 0.9810534856608617), ([[359, 658], [595, 658], [595, 699], [359, 699]], '용사는 개발길거야', 0.6434026257492527), ([[341, 743], [473, 743], [473, 783], [341, 783]], '(심기불편)', 0.9865190445647464), ([[329, 1263], [541, 1263], [541, 1419], [329, 1419]], '뒤짓', 0.37399165428296993)]
[([[121, 119], [335, 119], [335, 159], [121, 159]], '보통 용사가 죽고', 0.9762102580157226), ([[151, 153], [303, 153], [303, 193], [151, 193]], '남논건 보통', 0.717254849803232), ([[109, 186], [343, 186], [343, 228], [109, 228]], '여기사나 헬러거든', 0.3556206584419889), ([[295, 249], [363, 249], [363, 285], [295, 285]], '아마.', 0.4770109951496124), ([[126, 502], [156, 502], [156, 530], [126, 530]], '더', 0.9994043998914073)]
[([[229, 233], [437, 233], [437, 275], [229, 275]], '강인하고 순수한', 0.9990354834463779), ([[189, 267], [479, 267], [479, 309], [189, 309]], '마음을 타락시컨다는게', 0.32065193997466085), ([[237, 305], [433, 305], [433, 343], [237, 343]], '포인트 아날까?', 0.7113966295862867), ([[536, 726], [560, 726], [560, 756], [536, 756]], '2', 0.7023124305762849)]
[([[123, 283], [275, 283], [275, 321], [123, 321]], '타락 이지락', 0.9685133636867618), ([[85, 315], [309, 315], [309, 357], [85, 357]], '예뿐 단어 좀 쓰면', 0.7289856651751642), ([[527, 309], [617, 309], [617, 351], [527, 351]], '다른거', 0.9996730171392967), ([[147, 353], [251, 353], [251, 391], [147, 391]], '안돼요?', 0.6396396160125732), ([[556, 350], [586, 350], [586, 382], [556, 382]], '뭐', 0.9988447818295372), ([[399, 733], [475, 733], [475, 771], [399, 771]], '극락?', 0.614218533039093), ([[365, 765], [507, 765], [507, 807], [365, 807]], '컬러 실격?', 0.29681738275477537), ([[263, 807], [359, 807], [359, 843], [263, 843]], '대체 왜', 0.8535717381337526), ([[239, 841], [389, 841], [389, 881], [239, 881]], '그렇게 살아', 0.6096088376086737), ([[51, 1047], [263, 1047], [263, 1087], [51, 1087]], '숲 속 21번 동물', 0.41142807301330697), ([[486, 1330], [608, 1330], [608, 1362], [486, 1362]], '에휴  휴일에', 0.5350931746090549), ([[478, 1356], [620, 1356], [620, 1388], [478, 1388]], '경계근무라니.', 0.9955276211233084), ([[568, 1458], [636, 1458], [636, 1490], [568, 1490]], '그것도', 0.9989549517631531), ([[545, 1483], [663, 1483], [663, 1515], [545, 1515]], '혼자. (한숨)', 0.6058971821421814)]
[([[196, 70], [298, 70], [298, 102], [196, 102]], '내가 오는', 0.750274102301339), ([[174, 100], [320, 100], [320, 132], [174, 132]], '소리도 못듣고', 0.37093862527151383), ([[155, 127], [338, 127], [338, 160], [155, 160]], '근무태만 아니야?', 0.9521701231169606), ([[1, 247], [49, 247], [49, 268], [1, 268]], '그', 0.045539867958055424), ([[496, 696], [632, 696], [632, 744], [496, 744]], '리아 콜린', 0.9113138878687933), ([[494, 740], [618, 740], [618, 790], [494, 790]], '(여기사)', 0.9999823003925323), ([[500, 798], [635, 798], [635, 830], [500, 830]], '이세계의 기사', 0.995922935282272), ([[500, 832], [653, 832], [653, 865], [500, 865]], '매일 시간을 짜내', 0.6839042596675246), ([[500, 858], [622, 858], [622, 890], [500, 890]], '남자친구에게', 0.6919554073884417), ([[500, 884], [672, 884], [672, 914], [500, 914]], '점심을 가져다 준다', 0.42978161348232863), ([[500, 908], [648, 908], [648, 940], [500, 940]], '존나 낭만적이야', 0.9586644577178639), ([[45, 941], [247, 941], [247, 981], [45, 981]], '월 그렇게 놀라?', 0.8036586110618886), ([[67, 975], [223, 975], [223, 1017], [67, 1017]], '매일 오는데', 0.8998876869491138), ([[-9.831305140884606, 174.8506084577346], [120.59595947534908, 147.2481223068812], [127.83130514088461, 180.1493915422654], [-3.595959475349077, 207.7518776931188]], '들시구', 0.03441988431725645)]
[([[415, 107], [669, 107], [669, 171], [415, 171]], '박현진직업군인) ', 0.6950535639653643), ([[427, 179], [607, 179], [607, 215], [427, 215]], '현실세계의 군인', 0.9940990889406869), ([[423, 221], [591, 221], [591, 257], [423, 257]], '애인이 이세계에', 0.9054157821956209), ([[426, 252], [568, 252], [568, 284], [426, 284]], '있다고 말해서', 0.9988398820731075), ([[426, 280], [566, 280], [566, 312], [426, 312]], '다들 씹타구로', 0.6876822496452835), ([[424, 305], [543, 305], [543, 344], [424, 344]], '알고있으나', 0.9964316610128287), ([[426, 338], [568, 338], [568, 370], [426, 370]], '원피스 나루토', 0.721299148022702), ([[425, 365], [547, 365], [547, 401], [425, 401]], '밖에 모르다', 0.743593428688367), ([[411, 1031], [485, 1031], [485, 1069], [411, 1069]], '거 참.', 0.6077371950139191), ([[341, 1059], [555, 1059], [555, 1104], [341, 1104]], '안와도 된다니까.', 0.7427048945729521), ([[303, 1099], [607, 1099], [607, 1139], [303, 1139]], '숲 지나는 것도 힘들렌데', 0.3936174782766927), ([[371, 1165], [577, 1165], [577, 1205], [371, 1205]], '무슨~ 오는 길에', 0.6505605459566292), ([[331, 1199], [615, 1199], [615, 1241], [331, 1241]], '헬러도 한명 구햇거든?', 0.560603933786228)]
[([[327, 101], [487, 101], [487, 143], [327, 143]], '오지말라며?', 0.7142349556559553), ([[283, 195], [397, 195], [397, 231], [283, 231]], '여기까지', 0.9998998641967773), ([[235, 227], [445, 227], [445, 269], [235, 269]], '왕는데 미안해서', 0.30515696212928733), ([[245, 265], [439, 265], [439, 303], [245, 303]], '어떻게 안먹나?', 0.7433148123366566), ([[345, 345], [457, 345], [457, 381], [345, 381]], '크 크그래', 0.1539919030176428), ([[352, 378], [445, 378], [445, 417], [352, 417]], '돼지야', 0.9995620072727303)]
[([[139, 81], [231, 81], [231, 121], [139, 121]], '있잡아', 0.9004992222527245), ([[117, 117], [181, 117], [181, 155], [117, 155]], '조금', 0.6820475436626896), ([[55, 148], [263, 148], [263, 192], [55, 192]], '뜯금 없긴한데에', 0.39790075715941775), ([[419, 159], [577, 159], [577, 199], [419, 199]], '우리  만난지', 0.5001121968089325), ([[425, 195], [573, 195], [573, 233], [425, 233]], '딱 5년 되는', 0.9772917965129982), ([[433, 227], [567, 227], [567, 269], [433, 269]], '날이잡아.', 0.9227563939903557), ([[529, 377], [637, 377], [637, 413], [529, 413]], '지금까지', 0.982937753200531), ([[473, 407], [681, 407], [681, 449], [473, 449]], '벼 별 일 안팎잡아.', 0.4383976106993625), ([[470, 441], [687, 441], [687, 482], [470, 482]], '그니까.. 오늘 밤에', 0.7078336499748062), ([[533, 477], [627, 477], [627, 515], [533, 515]], '있지이', 0.5631596224876163), ([[586, 716], [656, 716], [656, 764], [586, 764]], '피4', 0.17474602593169658), ([[520.263428220882, 684.3112561963815], [599.8646414865466, 671.8275331080588], [604.736571779118, 720.6887438036185], [525.1353585134534, 733.1724668919412]], '파락', 0.1435868129721722)]
[([[377, 129], [607, 129], [607, 167], [377, 167]], '아 승 승 그건 이미', 0.3537437506410814), ([[387, 163], [589, 163], [589, 203], [387, 203]], '준비해 뒷지증 승', 0.6648133878723113), ([[355, 197], [629, 197], [629, 239], [355, 239]], '처음이라 조금 떨리네', 0.9693618420285701), ([[453, 235], [529, 235], [529, 271], [453, 271]], '하하 .', 0.8910501599311829), ([[75, 1033], [255, 1033], [255, 1075], [75, 1075]], '그결로 하느거', 0.6034482118132904), ([[127, 1069], [205, 1069], [205, 1109], [127, 1109]], '맞지?', 0.9987506462020833), ([[74, 1164], [110, 1164], [110, 1194], [74, 1194]], '그', 0.9999911785320279), ([[127, 1161], [261, 1161], [261, 1201], [127, 1201]], '길고 국고', 0.698394621945707), ([[39, 1192], [286, 1192], [286, 1234], [39, 1234]], '묵직하고 아름다운.', 0.9458431533665164), ([[526, 1424], [628, 1424], [628, 1448], [526, 1448]], '아니 구 굳이', 0.916199389295356), ([[526, 1442], [630, 1442], [630, 1466], [526, 1466]], '말로 할 필요는', 0.936046865077662), ([[566, 1486], [662, 1486], [662, 1510], [566, 1510]], '나도 처음이구', 0.9644818935114685)]
