2176995
41
[([[59, 114], [470, 114], [470, 661], [59, 661]], '밖', 0.023865058810216055), ([[365, 533], [433, 533], [433, 603], [365, 603]], "0'", 0.601396612779001), ([[62, 574], [472, 574], [472, 1268], [62, 1268]], '싶', 0.01294326550963043), ([[96, 1250], [316, 1250], [316, 1448], [96, 1448]], "0'", 0.3982065067827181), ([[713, 1363], [1599, 1363], [1599, 1431], [713, 1431]], '그 포므912 58001책어즈켜손극<', 0.0001497579662868257), ([[706, 1410], [918, 1410], [918, 1478], [706, 1478]], '또뉴탕?', 0.0018926605116575956), ([[82, 1466], [346, 1466], [346, 1544], [82, 1544]], '익매 0} ?', 0.034943113610206994), ([[116, 1531], [312, 1531], [312, 2222], [116, 2222]], "'", 0.5367428952379214), ([[903, 2159], [1353, 2159], [1353, 2245], [903, 2245]], '현 화 손열 ; 당8', 0.002402697942689676), ([[1029, 2223], [1357, 2223], [1357, 2307], [1029, 2307]], '{타직0]_', 0.0035407450425229236)]
[([[430, 300], [468, 300], [468, 332], [430, 332]], '씨0', 0.01758877672750304), ([[1391, 1251], [1525, 1251], [1525, 1413], [1391, 1413]], '#', 0.39521102664142305)]
[]
[]
[]
[]
[([[1532, 1212], [1562, 1212], [1562, 1258], [1532, 1258]], '응', 0.9985590407359837), ([[610, 1818], [662, 1818], [662, 1850], [610, 1850]], '0후', 0.54703945819772), ([[475.81325548502815, 117.04701911135494], [579.0563369180898, 81.31467383259323], [635.1867445149718, 272.9529808886451], [531.9436630819102, 307.68532616740674]], '몸', 0.009938042170123451), ([[310.3413067386629, 386.1993576285181], [353.6513671456012, 353.03037154206686], [414.6586932613371, 440.8006423714819], [371.3486328543988, 473.96962845793314]], '솜', 0.0012682324647028814)]
[([[712, 122], [780, 122], [780, 172], [712, 172]], '(하악', 0.6496066635567161), ([[1466, 122], [1534, 122], [1534, 172], [1466, 172]], '하악', 0.9896920125025616), ([[977, 171], [1035, 171], [1035, 211], [977, 211]], '하아', 0.9941849062794288), ([[140, 344], [212, 344], [212, 392], [140, 392]], '(하악', 0.7686367106467002), ([[518, 1644], [670, 1644], [670, 1788], [518, 1788]], '&', 0.9157872007553038), ([[1068, 2042], [1214, 2042], [1214, 2188], [1068, 2188]], '76', 0.09419678264999787), ([[304.9764230569124, 849.0477267089623], [438.28749133764995, 883.1054497078896], [411.0235769430876, 977.9522732910377], [277.71250866235005, 943.8945502921104]], '%', 0.08328913301724672), ([[126.84851722201982, 2104.0368686635093], [313.01496804478654, 2142.7828959770204], [277.15148277798016, 2295.9631313364907], [89.98503195521346, 2257.2171040229796]], '49', 0.013952245212686655)]
[([[366, 90], [464, 90], [464, 232], [366, 232]], '%', 0.13367156811406122), ([[1492, 234], [1620, 234], [1620, 334], [1492, 334]], '[', 0.35338723950212625), ([[352, 896], [414, 896], [414, 946], [352, 946]], '흐응', 0.8892530792475828), ([[1428, 1232], [1494, 1232], [1494, 1282], [1428, 1282]], '으옷;', 0.46735135854086396), ([[157, 1533], [245, 1533], [245, 1645], [157, 1645]], '2', 0.9949047071258157), ([[332, 2028], [430, 2028], [430, 2140], [332, 2140]], '2', 0.10807010564315433), ([[982, 2042], [1110, 2042], [1110, 2180], [982, 2180]], '%', 0.20903447492014582), ([[1083, 2107], [1183, 2107], [1183, 2199], [1083, 2199]], '1', 0.2034183435789636), ([[1279.9461302713244, 1648.032697368321], [1454.612550212503, 1698.273316131847], [1409.0538697286756, 1842.967302631679], [1235.387449787497, 1792.726683868153]], '[훨!', 0.007379005230721475)]
[([[195, 333], [285, 333], [285, 419], [195, 419]], '내 .', 0.24724067854730142), ([[879.5289287033844, 1527.1563204896581], [926.5081867837571, 1564.4225002836606], [859.4710712966156, 1647.8436795103419], [812.4918132162429, 1609.5774997163394]], '[1', 0.054699355959102025)]
[([[1153, 107], [1322, 107], [1322, 407], [1153, 407]], '돈', 0.011144394805386038), ([[388, 946], [492, 946], [492, 1078], [388, 1078]], '0 .', 0.2887135323045783), ([[1480, 1192], [1554, 1192], [1554, 1322], [1480, 1322]], '다', 0.1787426824272922), ([[517, 1263], [597, 1263], [597, 1402], [517, 1402]], '%', 0.13776956874260637), ([[1318, 1676], [1382, 1676], [1382, 1728], [1318, 1728]], '흐웃', 0.6142511544689148), ([[164, 1762], [194, 1762], [194, 1808], [164, 1808]], '옷', 0.989829900316952), ([[1446.2898965714264, 1831.0168176570953], [1554.4323473590605, 1811.3979798792514], [1595.7101034285736, 2071.9831823429045], [1488.5676526409395, 2091.602020120749]], '요', 0.02642739145253814), ([[245.45196442154278, 1920.0115567905639], [341.4302676546756, 1905.2291817362145], [381.54803557845725, 2182.988443209436], [285.5697323453244, 2198.7708182637857]], '소', 0.060643225444773075)]
[([[1332, 160], [1508, 160], [1508, 714], [1332, 714]], '뼈', 0.34121668776096215), ([[1329, 687], [1467, 687], [1467, 1019], [1329, 1019]], '#', 0.7448095952377685)]
[([[658, 92], [718, 92], [718, 142], [658, 142]], '""윗', 0.3042801575023998), ([[1320, 66], [1400, 66], [1400, 182], [1320, 182]], '0', 0.6765013318389634), ([[190, 402], [260, 402], [260, 450], [190, 450]], '(하앗', 0.13480073106589827), ([[1127, 333], [1211, 333], [1211, 443], [1127, 443]], '(', 0.42811688044821494), ([[1025, 817], [1243, 817], [1243, 1005], [1025, 1005]], '1미', 0.010305518832488866), ([[1504, 1394], [1570, 1394], [1570, 1448], [1504, 1448]], '흐웃', 0.566094678141917), ([[512, 1706], [542, 1706], [542, 1752], [512, 1752]], '옷', 0.9825997988405675), ([[1390, 2064], [1454, 2064], [1454, 2114], [1390, 2114]], '흐웃', 0.7116930649691384), ([[986.7913421963298, 24.0457169915528], [1140.9738219892522, 55.206906967532476], [1110.2086578036703, 187.9542830084472], [957.0261780107479, 157.79309303246754]], '~형', 0.007831469873104017), ([[655.2366137146308, 256.02243314872504], [750.5143357239382, 240.4840324217641], [781.7633862853692, 451.97756685127496], [686.4856642760618, 468.5159675782359]], '8', 0.2555790819735968)]
[([[140, 1450], [212, 1450], [212, 1498], [140, 1498]], '(하아', 0.9775153435026454), ([[825, 1523], [895, 1523], [895, 1567], [825, 1567]], '하아', 0.9985383231991588), ([[72, 1905], [174, 1905], [174, 2087], [72, 2087]], '{', 0.18711212140825584), ([[123, 2069], [167, 2069], [167, 2117], [123, 2117]], '9', 0.9807803880451047), ([[716, 2110], [784, 2110], [784, 2162], [716, 2162]], '(하옷', 0.34894733321072724), ([[1137, 2057], [1221, 2057], [1221, 2167], [1137, 2167]], '(', 0.7283360044168639), ([[1278, 2114], [1326, 2114], [1326, 2164], [1278, 2164]], '0', 0.9910579256643928)]
[([[1499, 101], [1543, 101], [1543, 143], [1499, 143]], '/~', 0.00520057348453298), ([[877, 235], [913, 235], [913, 287], [877, 287]], '음', 0.9992015764030135), ([[846, 286], [948, 286], [948, 342], [846, 342]], '흐으옷', 0.7185502711249258), ([[1469, 987], [1545, 987], [1545, 1031], [1469, 1031]], '하악!', 0.6065885734148714), ([[235, 1027], [333, 1027], [333, 1069], [235, 1069]], '거기가', 0.999908462625814), ([[1104, 1020], [1172, 1020], [1172, 1068], [1104, 1068]], '하악', 0.9995397874371623), ([[234, 1066], [336, 1066], [336, 1114], [234, 1114]], '아니야', 0.9999677897282875), ([[164, 1190], [246, 1190], [246, 1246], [164, 1246]], '여보', 0.9999273396063612), ([[1326, 1188], [1392, 1188], [1392, 1236], [1326, 1236]], '(하악', 0.8273299648850386), ([[666, 1474], [734, 1474], [734, 1522], [666, 1522]], '하악', 0.9997320408535569), ([[823, 1415], [969, 1415], [969, 1527], [823, 1527]], '(10.', 0.15809570252895355), ([[1369, 1505], [1495, 1505], [1495, 1549], [1369, 1549]], '웬일이래', 0.6804787576372459), ([[1383, 1547], [1479, 1547], [1479, 1589], [1383, 1589]], '어단지', 0.6980023863869641), ([[1181, 1541], [1219, 1541], [1219, 1677], [1181, 1677]], '하', 0.31015290654126204), ([[1347, 1587], [1519, 1587], [1519, 1631], [1347, 1631]], '못찾는거야?', 0.7963997752069301), ([[233, 2039], [359, 2039], [359, 2083], [233, 2083]], '그런거면', 0.999431848526001), ([[233, 2081], [359, 2081], [359, 2125], [233, 2125]], '그렇다고', 0.9980887770652771), ([[249, 2121], [345, 2121], [345, 2165], [249, 2165]], '말하면', 0.9993341428457398), ([[237, 2163], [357, 2163], [357, 2207], [237, 2207]], '되는데 ', 0.541154682636261), ([[432.5737552365372, 85.04071663940059], [596.0578891465552, 3.084842118491604], [726.4262447634628, 309.95928336059944], [563.9421108534448, 391.9151578815084]], '<', 0.3389858405738586), ([[232.39956610455687, 585.1170495109866], [347.7373451203588, 574.1812091415321], [351.60043389544313, 674.8829504890134], [237.26265487964122, 685.8187908584679]], '씨1:', 0.15217306657460133), ([[96.2335635976379, 1896.0326940923635], [215.0, 1963.0], [174.7664364023621, 2030.9673059076365], [57.0, 1963.0]], '[예 @', 0.5109040861277324)]
[([[1350, 198], [1444, 198], [1444, 250], [1350, 250]], '음흐/', 0.21959411247259353), ([[256, 650], [324, 650], [324, 700], [256, 700]], '하음', 0.4049149503484004), ([[544, 1002], [612, 1002], [612, 1050], [544, 1050]], '하악', 0.9985812948413529), ([[723, 1003], [777, 1003], [777, 1047], [723, 1047]], '응으', 0.9361503965071247), ([[723, 1045], [781, 1045], [781, 1087], [723, 1087]], '하앗', 0.16775932712299066), ([[105, 1075], [171, 1075], [171, 1153], [105, 1153]], '요', 0.10227782805760288), ([[1575, 1137], [1625, 1137], [1625, 1181], [1575, 1181]], '1~', 0.01771413999733863), ([[122, 1256], [206, 1256], [206, 1304], [122, 1304]], '(하아위', 0.37504658102989197), ([[1162, 1232], [1242, 1232], [1242, 1280], [1162, 1280]], '(응흐움', 0.7377971410751343), ([[1325, 1183], [1439, 1183], [1439, 1361], [1325, 1361]], '4', 0.42966266142343557), ([[498, 1290], [568, 1290], [568, 1338], [498, 1338]], '하악', 0.9975459975159118), ([[1359, 1623], [1525, 1623], [1525, 1667], [1359, 1667]], '계속 아내틀', 0.29142384066473465), ([[1365, 1665], [1523, 1665], [1523, 1709], [1365, 1709]], '방치하니까', 0.9889669615536433), ([[1363, 1702], [1524, 1702], [1524, 1753], [1363, 1753]], '그런거잖아', 0.7012777403716389), ([[1399, 1747], [1467, 1747], [1467, 1791], [1399, 1791]], '정말', 0.9999955324369808), ([[196, 1862], [284, 1862], [284, 1912], [196, 1912]], '잠다', 0.9961561831100896), ([[167, 1908], [314, 1908], [314, 1964], [167, 1964]], '쨌으니까', 0.20192117989063263), ([[166, 1956], [282, 1956], [282, 2006], [166, 2006]], '책임저', 0.8117310404777527), ([[1020.7717736030015, 361.068785066713], [1128.4401979197596, 378.3535264779008], [1111.2282263969985, 471.931214933287], [1002.5598020802404, 453.6464735220992]], '(', 0.9839871031868483), ([[517.4486522748772, 1131.1740700094597], [611.550883453722, 1124.7352968587256], [613.5513477251228, 1188.8259299905403], [518.449116546278, 1196.2647031412744]], '[04', 0.06201794523935429), ([[304.0147185498715, 1582.0486573537019], [435.48683298050514, 1616.8377223398315], [409.9852814501285, 1702.9513426462981], [278.51316701949486, 1669.1622776601685]], '17.', 0.8268653841077764), ([[1461.0470742199868, 2047.0413535298476], [1582.6437899963653, 2095.223359131383], [1544.9529257800132, 2183.9586464701524], [1423.3562100036347, 2136.776640868617]], '1 4', 0.7058358251401319)]
[([[1176, 100], [1282, 100], [1282, 154], [1176, 154]], '[뛰야?', 0.5432543158531189), ([[1413, 135], [1451, 135], [1451, 175], [1413, 175]], '앗', 0.22703552607481825), ([[1349, 241], [1401, 241], [1401, 285], [1349, 285]], '응?', 0.9994337619093979), ([[209, 735], [321, 735], [321, 777], [209, 777]], '왜 너가', 0.5808060838926343), ([[217, 777], [313, 777], [313, 819], [217, 819]], '여기에', 0.9963804502258229), ([[194, 816], [338, 816], [338, 864], [194, 864]], '있는거야?', 0.33316786483616173), ([[492, 1044], [558, 1044], [558, 1094], [492, 1094]], '00', 0.9692958462599759), ([[848, 1120], [880, 1120], [880, 1160], [848, 1160]], '일', 0.9999363432524575), ([[104, 1168], [174, 1168], [174, 1216], [104, 1216]], '일단', 0.9995785575305487), ([[91, 1211], [185, 1211], [185, 1253], [91, 1253]], '여기로', 0.9999684779805031), ([[79, 1253], [203, 1253], [203, 1297], [79, 1297]], '들어와]', 0.2650805711746216), ([[93, 1595], [159, 1595], [159, 1637], [93, 1637]], '잠이', 0.9927330433303351), ([[83, 1635], [159, 1635], [159, 1677], [83, 1677]], '안와', 0.9816632399240736), ([[867, 1645], [935, 1645], [935, 1687], [867, 1687]], '저기', 0.9999135157622473), ([[708, 1648], [764, 1648], [764, 1718], [708, 1718]], '<', 0.4237319639418189), ([[754, 1980], [926, 1980], [926, 2030], [754, 2030]], '뭐하는 거야', 0.8532563283439646), ([[227, 2037], [297, 2037], [297, 2081], [227, 2081]], '지금', 0.999915875926792), ([[811, 2027], [863, 2027], [863, 2067], [811, 2067]], '너', 0.999816068524698), ([[215, 2079], [311, 2079], [311, 2121], [215, 2121]], '요바이', 0.9538497416582092), ([[724, 2062], [954, 2062], [954, 2110], [724, 2110]], '(여기논 엄마아빠', 0.5167346677521301), ([[190, 2116], [336, 2116], [336, 2164], [190, 2164]], '(하느거야?|', 0.5221716569159897), ([[758, 2104], [920, 2104], [920, 2152], [758, 2152]], '침실이잡아', 0.6024237182819833), ([[223, 2159], [305, 2159], [305, 2203], [223, 2203]], '설마?', 0.9998472089197017), ([[1344.434954853043, 1358.0266655893126], [1394.031562545334, 1372.822198484518], [1324.565045146957, 1591.9733344106874], [1274.968437454666, 1576.177801515482]], '6', 0.19808560576355294)]
[([[519, 103], [645, 103], [645, 147], [519, 147]], '어찌뒷든', 0.13467833399772644), ([[144, 52], [225, 52], [225, 304], [144, 304]], '6', 0.0400165551145415), ([[307, 139], [411, 139], [411, 229], [307, 229]], '안문', 0.043470795301745496), ([[511, 139], [655, 139], [655, 231], [511, 231]], '일핏려철대', 0.009042947467026835), ([[1468, 174], [1564, 174], [1564, 222], [1468, 222]], '그렇게', 0.9042685976044431), ([[519, 227], [647, 227], [647, 271], [519, 271]], '내려가자', 0.9998510479927063), ([[1469, 217], [1563, 217], [1563, 261], [1469, 261]], '말해도', 0.9999473486664132), ([[499, 267], [667, 267], [667, 311], [499, 311]], '아빠 깨니까', 0.9990034969475201), ([[1469, 257], [1565, 257], [1565, 301], [1469, 301]], '곤란해', 0.9507246079825361), ([[316, 368], [418, 368], [418, 494], [316, 494]], '4"', 0.5170029019598135), ([[695, 685], [791, 685], [791, 729], [695, 729]], '엄마는', 0.9621372039992525), ([[931, 683], [997, 683], [997, 725], [931, 725]], '저기', 0.9999719303142794), ([[1539, 667], [1637, 667], [1637, 709], [1539, 709]], '아빠가', 0.9999699233103628), ([[639, 726], [846, 726], [846, 771], [639, 771]], '계속 네 상태가', 0.9814641442300179), ([[1524, 704], [1661, 704], [1661, 753], [1524, 753]], '깊게 자는', 0.5199322648252267), ([[63, 741], [99, 741], [99, 783], [63, 783]], '응', 0.9993835445880563), ([[1525, 749], [1653, 749], [1653, 791], [1525, 791]], '사람이라', 0.9808101058006287), ([[665, 767], [821, 767], [821, 811], [665, 811]], '이상하다고', 0.9999212577879157), ([[1525, 789], [1653, 789], [1653, 831], [1525, 831]], '다행이야', 0.9990460276603699), ([[654, 806], [836, 806], [836, 854], [654, 854]], '생각햇논데.', 0.41169594735350035), ([[1513, 829], [1643, 829], [1643, 873], [1513, 873]], '여기라면', 0.9999551177024841), ([[598, 934], [696, 934], [696, 982], [598, 982]], '그렇게', 0.9420845929864755), ([[574, 976], [720, 976], [720, 1024], [574, 1024]], "'괴로워어?", 0.8106550984397363), ([[1499, 1323], [1569, 1323], [1569, 1365], [1499, 1365]], '잠깐', 0.999960550777704), ([[295, 1347], [389, 1347], [389, 1389], [295, 1389]], '그래도', 0.695271909236908), ([[1471, 1363], [1599, 1363], [1599, 1407], [1471, 1407]], '보여취화', 0.5721442103385925), ([[293, 1386], [391, 1386], [391, 1434], [293, 1434]], '남자는', 0.7452133204355537), ([[295, 1431], [389, 1431], [389, 1475], [295, 1475]], '혼자서', 0.9987797545762779), ([[1425, 1453], [1461, 1453], [1461, 1491], [1425, 1491]], '아', 0.9998660132469581), ([[305, 1471], [381, 1471], [381, 1515], [305, 1515]], '할수', 0.44593353588286855), ([[1391, 1487], [1490, 1487], [1490, 1537], [1391, 1537]], '확실히', 0.999895867721589), ([[275, 1513], [415, 1513], [415, 1557], [275, 1557]], '앗는거지?', 0.12872518090276205), ([[1393, 1531], [1487, 1531], [1487, 1573], [1393, 1573]], '괴로위', 0.780547867160187), ([[1395, 1573], [1491, 1573], [1491, 1615], [1395, 1615]], '보이네', 0.9970666829511772), ([[212, 1880], [278, 1880], [278, 1928], [212, 1928]], '금방', 0.9998967417826695), ([[194, 1934], [292, 1934], [292, 1982], [194, 1982]], '이렇게', 0.6183394772399454), ([[227, 1993], [263, 1993], [263, 2031], [227, 2031]], '돼', 0.20247158567452406)]
[([[1225, 43], [1361, 43], [1361, 85], [1225, 85]], '하긴 그럴', 0.806302524330824), ([[1235, 85], [1337, 85], [1337, 127], [1235, 127]], '나이고', 0.9999506522685799), ([[1021, 111], [1155, 111], [1155, 155], [1021, 155]], '옳은 일은', 0.7005261507563436), ([[1217, 125], [1371, 125], [1371, 167], [1217, 167]], '스트레스도', 0.999829133268821), ([[1013, 153], [1145, 153], [1145, 197], [1013, 197]], '아니지만 ', 0.7393838785400499), ([[1215, 163], [1376, 163], [1376, 213], [1215, 213]], '있는거려나', 0.4557591923602169), ([[1039, 193], [1139, 193], [1139, 237], [1039, 237]], '엄마가', 0.9993347622201303), ([[1025, 233], [1151, 233], [1151, 277], [1025, 277]], '도와줄게', 0.9739612936973572), ([[393, 389], [519, 389], [519, 433], [393, 433]], '사정하면', 0.9999464750289917), ([[407, 431], [503, 431], [503, 475], [407, 475]], '조금은', 0.9998944912306124), ([[377, 469], [534, 469], [534, 519], [377, 519]], '나아지켓지', 0.9624535671288095), ([[451, 523], [465, 523], [465, 547], [451, 547]], '2', 0.9674352312157595), ([[935, 459], [1052, 459], [1052, 634], [935, 634]], '물', 0.06373233631420394), ([[1033, 585], [1077, 585], [1077, 653], [1033, 653]], '담', 0.01542299761655408), ([[1475, 837], [1603, 837], [1603, 881], [1475, 881]], '소리내면', 0.9995054602622986), ([[1476, 879], [1602, 879], [1602, 921], [1476, 921]], '안되니까', 0.9998493790626526), ([[105, 925], [197, 925], [197, 967], [105, 967]], '그대로', 0.9999938745316418), ([[1489, 919], [1587, 919], [1587, 963], [1489, 963]], '그렇게', 0.9055092471249613), ([[81, 965], [223, 965], [223, 1009], [81, 1009]], '들어올다면', 0.4615638708010822), ([[1476, 958], [1604, 958], [1604, 1006], [1476, 1006]], '겪렬한건', 0.2472831755876541), ([[89, 1005], [211, 1005], [211, 1049], [89, 1049]], '아들이랑', 0.5479292869567871), ([[1505, 1001], [1571, 1001], [1571, 1045], [1505, 1045]], '못해', 0.9973034991776449), ([[103, 1047], [197, 1047], [197, 1089], [103, 1089]], '셈스해', 0.2771645811189276), ([[91, 1087], [213, 1087], [213, 1131], [91, 1131]], '버럿켓네', 0.22816342115402222), ([[1437, 1429], [1503, 1429], [1503, 1471], [1437, 1471]], '깜짝', 0.9999380446948334), ([[1423, 1471], [1517, 1471], [1517, 1515], [1423, 1515]], '놀랍어', 0.5334329529647923), ([[437, 1553], [585, 1553], [585, 1687], [437, 1687]], '(교', 0.06107922487689911), ([[131, 1869], [281, 1869], [281, 1913], [131, 1913]], '성장기라면', 0.6375955417357472), ([[1403, 1869], [1495, 1869], [1495, 1911], [1403, 1911]], '그래도', 0.999954506472956), ([[130, 1908], [284, 1908], [284, 1956], [130, 1956]], '쌓여앗는게', 0.2224350462570426), ([[1374, 1908], [1526, 1908], [1526, 1956], [1374, 1956]], '올컷없는데', 0.1310178391815396), ([[161, 1951], [255, 1951], [255, 1993], [161, 1993]], '무리논', 0.4602461965815815), ([[413, 1919], [501, 1919], [501, 1985], [413, 1985]], '하움', 0.7634627586451802), ([[1389, 1951], [1511, 1951], [1511, 1993], [1389, 1993]], '남편보다', 0.9999363422393799), ([[147, 1991], [267, 1991], [267, 2035], [147, 2035]], '아날지도', 0.8690614104270935), ([[1381, 1991], [1515, 1991], [1515, 2035], [1381, 2035]], '더 글지도.', 0.3556938643165975), ([[175, 2033], [239, 2033], [239, 2075], [175, 2075]], '몰라', 0.5459940385611828), ([[1386, 2030], [1514, 2030], [1514, 2078], [1386, 2078]], '이 아이의', 0.825526066356017), ([[1415, 2075], [1481, 2075], [1481, 2115], [1415, 2115]], '자지', 0.9999718460212765), ([[295, 2139], [405, 2139], [405, 2267], [295, 2267]], '97', 0.8437476044608553), ([[942, 2198], [1022, 2198], [1022, 2246], [942, 2246]], '음으옷', 0.15320507184303414), ([[704.3561772200203, 1411.0207469103154], [778.5011204575052, 1393.1133100902243], [821.6438227799797, 1585.9792530896846], [746.4988795424948, 1603.8866899097757]], '', 0.0), ([[1045.0986481080286, 1822.0290456744415], [1143.1427259709324, 1783.0467144601942], [1220.9013518919714, 2004.9709543255585], [1121.8572740290676, 2042.9532855398058]], '>', 0.028572897589640434)]
[([[543, 121], [625, 121], [625, 165], [543, 165]], '아으움', 0.9985221872594302), ([[1406, 124], [1558, 124], [1558, 172], [1406, 172]], '남자애니까', 0.8238754082934316), ([[1433, 167], [1527, 167], [1527, 211], [1433, 211]], '이런건', 0.9931347919218059), ([[1435, 209], [1527, 209], [1527, 251], [1435, 251]], '혼자서', 0.9991808836747196), ([[1411, 247], [1549, 247], [1549, 291], [1411, 291]], '처리 활 수', 0.6152798201085719), ([[1419, 289], [1543, 289], [1543, 333], [1419, 333]], '있저거라', 0.143159419298172), ([[1404, 328], [1558, 328], [1558, 376], [1404, 376]], '생각하지만', 0.9998318037080149), ([[65, 355], [159, 355], [159, 397], [65, 397]], '셈스가', 0.3499194814356693), ([[1288, 370], [1384, 370], [1384, 418], [1288, 418]], '위험올', 0.6447313022198433), ([[77, 395], [143, 395], [143, 437], [77, 437]], '하고', 0.9999012092164145), ([[1289, 413], [1411, 413], [1411, 457], [1289, 457]], '감수하고', 0.9998342990875244), ([[51, 437], [171, 437], [171, 481], [51, 481]], '싶은거네', 0.975972056388855), ([[364, 466], [390, 466], [390, 506], [364, 506]], '음', 0.9991856088003068), ([[1289, 455], [1439, 455], [1439, 499], [1289, 499]], '요바이하러', 0.7920643744584841), ([[73, 481], [153, 481], [153, 523], [73, 523]], '분명', 0.99986133968425), ([[359, 505], [409, 505], [409, 549], [359, 549]], '으흡', 0.7980257824993716), ([[1289, 497], [1411, 497], [1411, 541], [1289, 541]], '윗다는건', 0.15773697197437286), ([[1005, 797], [1125, 797], [1125, 839], [1005, 839]], '이대로는', 0.9733470678329468), ([[1505, 789], [1627, 789], [1627, 833], [1505, 833]], '아까부터', 0.9986652731895447), ([[1019, 837], [1115, 837], [1115, 881], [1019, 881]], '의미가', 0.9998888476202624), ([[1517, 831], [1619, 831], [1619, 873], [1517, 873]], '입 안에', 0.9893526900928725), ([[363, 877], [401, 877], [401, 929], [363, 929]], '대', 0.6876172528150416), ([[1020, 876], [1114, 876], [1114, 924], [1020, 924]], '없젠어', 0.7597794265082896), ([[1492, 868], [1646, 868], [1646, 916], [1492, 916]], '몇번씩이나', 0.8966672435590958), ([[1533, 913], [1599, 913], [1599, 953], [1533, 953]], '싸고', 0.9045738917908818), ([[1511, 953], [1619, 953], [1619, 997], [1511, 997]], '있는데', 0.16921476443407923), ([[1500, 992], [1632, 992], [1632, 1040], [1500, 1040]], '끝이없어', 0.6471517086029053), ([[865, 1079], [1025, 1079], [1025, 1123], [865, 1123]], "'잠깐 자리좀", 0.24400335947274765), ([[897, 1121], [991, 1121], [991, 1163], [897, 1163]], '옳겨쥐', 0.28416245482896557), ([[1233, 1121], [1295, 1121], [1295, 1163], [1233, 1163]], '다시', 0.9999861758616755), ([[881, 1161], [1011, 1161], [1011, 1205], [881, 1205]], '할 얘기가', 0.9642453413589394), ([[1219, 1161], [1311, 1161], [1311, 1205], [1219, 1205]], '이렇게', 0.6234503119389023), ([[875, 1203], [1017, 1203], [1017, 1247], [875, 1247]], '있으니까', 0.7152656316757202), ([[1217, 1203], [1311, 1203], [1311, 1245], [1217, 1245]], '돼서는', 0.7044352355826675), ([[1509, 1525], [1593, 1525], [1593, 1569], [1509, 1569]], '있지', 0.2751581726493652), ([[205, 1597], [299, 1597], [299, 1641], [205, 1641]], '상대는', 0.975216036187437), ([[205, 1639], [303, 1639], [303, 1681], [205, 1681]], '엄마야', 0.9986865806535751), ([[205, 1679], [299, 1679], [299, 1721], [205, 1721]], '그래도', 0.9999750852050034), ([[213, 1721], [295, 1721], [295, 1765], [213, 1765]], '좋아?', 0.9851354967260492), ([[1437, 1707], [1503, 1707], [1503, 1749], [1437, 1749]], '너는', 0.4878034837685861), ([[1423, 1747], [1519, 1747], [1519, 1789], [1423, 1789]], '세스가', 0.333339124917984), ([[1435, 1787], [1503, 1787], [1503, 1827], [1435, 1827]], '하고', 0.9999731104165395), ([[1399, 1823], [1544, 1823], [1544, 1874], [1399, 1874]], '싶은거야?', 0.9930562974990702), ([[1298, 1970], [1328, 1970], [1328, 2010], [1298, 2010]], '응', 0.9997116535174975), ([[188, 2120], [220, 2120], [220, 2160], [188, 2160]], '응', 0.999481268459931), ([[458.41620207866833, 259.0170555452287], [529.4440061362072, 232.0098619353379], [605.5837979213317, 449.9829444547713], [534.5559938637928, 476.99013806466206]], '출', 0.10029378173357273), ([[1391.9035643044513, 1127.0316624670077], [1593.1859872169298, 1174.8980345977332], [1550.0964356955487, 1337.9683375329923], [1348.8140127830702, 1290.1019654022668]], '(711', 0.055738355964422226)]
[([[197, 161], [291, 161], [291, 205], [197, 205]], '아빠랑', 0.9023672181267732), ([[373, 165], [437, 165], [437, 207], [373, 207]], '피임', 0.9938133209648219), ([[160, 200], [328, 200], [328, 248], [160, 248]], "'야한거 할 때", 0.7441343699995278), ([[349, 205], [447, 205], [447, 249], [349, 249]], '해야해', 0.982182937168842), ([[167, 243], [323, 243], [323, 287], [167, 287]], '쓰는 굳들이', 0.27422160759403774), ([[1461, 230], [1567, 230], [1567, 280], [1461, 280]], '알앉어', 0.18936234653581582), ([[211, 285], [277, 285], [277, 329], [211, 329]], '있어', 0.9422335072862129), ([[181, 363], [310, 363], [310, 411], [181, 411]], '있으니까', 0.9167397618293762), ([[166, 404], [324, 404], [324, 452], [166, 452]], '그거 끼우럼', 0.7253090303343365), ([[1398, 851], [1558, 851], [1558, 901], [1398, 901]], '그럼 오늘은', 0.9988961801240025), ([[1429, 895], [1527, 895], [1527, 939], [1429, 939]], '괜찮아', 0.994359016418457), ([[1397, 937], [1559, 937], [1559, 979], [1397, 979]], '대신에 잠깐', 0.9849942335844232), ([[1421, 977], [1535, 977], [1535, 1021], [1421, 1021]], '기다려', 0.9998101816422867), ([[195, 1241], [253, 1241], [253, 1283], [195, 1283]], '하맛', 0.10412505762099282), ([[555, 1261], [611, 1261], [611, 1303], [555, 1303]], '하악', 0.9968502193204953), ([[1481, 1275], [1553, 1275], [1553, 1319], [1481, 1319]], '씨본', 0.932685737311421), ([[1483, 1317], [1549, 1317], [1549, 1359], [1483, 1359]], '적이', 0.9993295937725373), ([[1476, 1356], [1562, 1356], [1562, 1404], [1476, 1404]], '없어', 0.9999809496776212), ([[101, 1571], [155, 1571], [155, 1607], [101, 1607]], '하아', 0.9906126090253021), ([[824, 1624], [950, 1624], [950, 1672], [824, 1672]], '괜찮단다', 0.9449925422668457), ([[839, 1667], [935, 1667], [935, 1711], [839, 1711]], '엄마가', 0.9986233414093904), ([[827, 1703], [941, 1703], [941, 1752], [827, 1752]], '해줄게', 0.912514293299389), ([[1481, 1725], [1525, 1725], [1525, 1775], [1481, 1775]], '미', 0.16710704055233894), ([[605, 1867], [689, 1867], [689, 1907], [605, 1907]], '그래 ', 0.8593108514575145), ([[597, 1905], [691, 1905], [691, 1949], [597, 1949]], '천천히', 0.9997171324921531), ([[611, 1947], [675, 1947], [675, 1989], [611, 1989]], '와쥐', 0.5362269247505598), ([[449, 1997], [541, 1997], [541, 2041], [449, 2041]], '갑자기', 0.9991448919686098), ([[413, 2035], [576, 2035], [576, 2085], [413, 2085]], '확 와버리면', 0.8861294456775344), ([[431, 2079], [559, 2079], [559, 2123], [431, 2123]], '엄마 소리', 0.9975555639511151), ([[807, 2069], [967, 2069], [967, 2113], [807, 2113]], '이게 없으면', 0.9954687361780015), ([[421, 2121], [573, 2121], [573, 2165], [421, 2165]], '내버리니까', 0.9993028100873893), ([[839, 2111], [937, 2111], [937, 2153], [839, 2153]], '아기가', 0.9998046757431196), ([[819, 2151], [959, 2151], [959, 2195], [819, 2195]], '생기니까', 0.9985875403083703)]
[([[1175, 147], [1239, 147], [1239, 191], [1175, 191]], '조용', 0.9999509414208003), ([[375, 207], [433, 207], [433, 247], [375, 247]], '하악', 0.9980428403202827), ([[1173, 187], [1241, 187], [1241, 231], [1173, 231]], '하게', 0.965135884454488), ([[522, 218], [554, 218], [554, 266], [522, 266]], '4', 0.20809375403041486), ([[536, 260], [562, 260], [562, 310], [536, 310]], '문', 0.011880884108468381), ([[1427, 275], [1489, 275], [1489, 315], [1427, 315]], '소리', 0.9999961224921389), ([[1141, 297], [1181, 297], [1181, 339], [1141, 339]], '맛', 0.2057618725931576), ([[1410, 314], [1505, 314], [1505, 359], [1410, 359]], '안나게', 0.9961173939356327), ([[945, 431], [999, 431], [999, 473], [945, 473]], '하악', 0.9897700849569383), ([[1417, 671], [1473, 671], [1473, 715], [1417, 715]], '하악', 0.9829693551766482), ([[175, 877], [243, 877], [243, 917], [175, 917]], '아빠', 0.9992181812107161), ([[173, 919], [239, 919], [239, 957], [173, 957]], '자고', 0.9999860915683209), ([[847, 903], [905, 903], [905, 947], [847, 947]], '하악', 0.9483426666444671), ([[1021, 929], [1107, 929], [1107, 973], [1021, 973]], '천천히', 0.9149336817649812), ([[139, 957], [275, 957], [275, 1001], [139, 1001]], '있으니까', 0.6660707592964172), ([[621, 987], [679, 987], [679, 1029], [621, 1029]], '하옥', 0.14499211318378985), ([[539, 1325], [661, 1325], [661, 1367], [539, 1367]], '서두르지', 0.9546554088592529), ([[1495, 1347], [1551, 1347], [1551, 1389], [1495, 1389]], '하악', 0.5877162128005896), ([[553, 1365], [647, 1365], [647, 1409], [553, 1409]], '않아도', 0.9991234208996911), ([[530, 1404], [662, 1404], [662, 1452], [530, 1452]], '중으니까.', 0.37507585271078037), ([[743, 1403], [801, 1403], [801, 1445], [743, 1445]], '하악', 0.9891353888618589), ([[507, 1581], [609, 1581], [609, 1625], [507, 1625]], '조금 더', 0.9694745540618896), ([[514, 1620], [603, 1620], [603, 1670], [514, 1670]], '아래.', 0.788114611285452), ([[830, 1658], [944, 1658], [944, 1754], [830, 1754]], "'업교", 0.047361931151259515), ([[983, 1607], [1074, 1607], [1074, 1788], [983, 1788]], '', 0.0), ([[1477, 1763], [1513, 1763], [1513, 1805], [1477, 1805]], '앗.', 0.4953508957761473), ([[1286, 1933], [1436, 1933], [1436, 1977], [1286, 1977]], '둘러불으면', 0.704623127888226), ([[1321, 1977], [1406, 1977], [1406, 2019], [1321, 2019]], '안돼', 0.8798083955654665), ([[1329, 2017], [1395, 2017], [1395, 2059], [1329, 2059]], '엄마', 0.9946337069963263), ([[1287, 2057], [1439, 2057], [1439, 2101], [1287, 2101]], '민감하니까', 0.995599708256627), ([[869, 2149], [905, 2149], [905, 2185], [869, 2185]], '2', 0.9995576632527481), ([[557, 2191], [621, 2191], [621, 2233], [557, 2233]], '여기', 0.9999825512493038), ([[1252.2583527229992, 2171.0211726524885], [1382.652556267429, 2290.014565375101], [1309.7416472770008, 2371.9788273475115], [1179.347443732571, 2253.985434624899]], '씨7"', 0.12677135013852003)]
[([[1478, 264], [1558, 264], [1558, 316], [1478, 316]], '당신', 0.9999663669805482), ([[927, 319], [967, 319], [967, 369], [927, 369]], '응', 0.9996002120084455), ([[1414, 317], [1619, 317], [1619, 377], [1414, 377]], '신문 좀 그만', 0.8408848424000684), ([[1460, 380], [1576, 380], [1576, 436], [1460, 436]], '읽어요', 0.9508441726423046), ([[652, 802], [756, 802], [756, 944], [652, 944]], '슈', 0.015388372631389091), ([[736, 1148], [802, 1148], [802, 1202], [736, 1202]], '음?', 0.9976683061112621), ([[588, 1242], [738, 1242], [738, 1294], [588, 1294]], '왜그래?', 0.9998465776443481), ([[588, 1297], [744, 1297], [744, 1354], [588, 1354]], '한그릇더', 0.9834277629852295), ([[589, 1357], [695, 1357], [695, 1411], [589, 1411]], '줄까?', 0.7719118779199199), ([[102, 1918], [192, 1918], [192, 1966], [102, 1966]], '아니', 0.9991989667040618)]
[([[1013, 67], [1117, 67], [1117, 111], [1013, 111]], '(아직 더', 0.4822829966190498), ([[1007, 107], [1127, 107], [1127, 151], [1007, 151]], '안쪽까지', 0.925778865814209), ([[1021, 149], [1115, 149], [1115, 191], [1021, 191]], '넣어도', 0.9907127706472185), ([[1004, 186], [1128, 186], [1128, 234], [1004, 234]], '[찮은데', 0.33991989493370056), ([[1473, 373], [1541, 373], [1541, 411], [1473, 411]], '그래', 0.9999961224921389), ([[1467, 413], [1559, 413], [1559, 453], [1467, 453]], '그대로', 0.9999972469798912), ([[117, 451], [211, 451], [211, 495], [117, 495]], '어쨌든', 0.996566328769186), ([[1453, 453], [1575, 453], [1575, 497], [1453, 497]], '정확하게', 0.9995852112770081), ([[99, 491], [229, 491], [229, 535], [99, 535]], '[천천히 해', 0.6071260801422464), ([[1481, 493], [1545, 493], [1545, 537], [1481, 537]], '십입', 0.2844726302250416), ([[111, 533], [219, 533], [219, 577], [111, 577]], '알아지?', 0.34655556082725525), ([[1451, 535], [1577, 535], [1577, 579], [1451, 579]], '(햇으니까', 0.8053185817606445), ([[123, 983], [203, 983], [203, 1049], [123, 1049]], '[하웃', 0.3425589725751309), ([[253, 1123], [357, 1123], [357, 1161], [253, 1161]], '안되다고', 0.6536445617675781), ([[251, 1157], [341, 1157], [341, 1197], [251, 1197]], '방금 막', 0.7512048688715828), ([[1491, 1149], [1583, 1149], [1583, 1193], [1491, 1193]], '갑자기', 0.9994461128073694), ([[245, 1191], [349, 1191], [349, 1233], [245, 1233]], '말갈햇는데', 0.24038771701714093), ([[1457, 1189], [1615, 1189], [1615, 1233], [1457, 1233]], '세게 박으면', 0.9625984158088297), ([[269, 1231], [341, 1231], [341, 1267], [269, 1267]], '얘가', 0.9993461121322376), ([[1503, 1231], [1569, 1231], [1569, 1273], [1503, 1273]], '안돼', 0.5799701482442697), ([[1481, 1271], [1577, 1271], [1577, 1315], [1481, 1315]], '이런건', 0.9963209453081207), ([[481, 1247], [631, 1247], [631, 1387], [481, 1387]], '{홀 .', 0.038757823407649994), ([[787, 1553], [847, 1553], [847, 1595], [787, 1595]], '하악', 0.9985705097508336), ([[1305, 1567], [1367, 1567], [1367, 1609], [1305, 1609]], '하악', 0.996163592600907), ([[129, 1597], [209, 1597], [209, 1641], [129, 1641]], '으으움', 0.8245957217829277), ([[1463, 1611], [1569, 1611], [1569, 1653], [1463, 1653]], '목소리.', 0.6873037537574833), ([[1475, 1653], [1521, 1653], [1521, 1693], [1475, 1693]], '가', 0.9997275061298438), ([[1465, 1693], [1533, 1693], [1533, 1733], [1465, 1733]], '나와', 0.9989215482580454), ([[697, 1787], [759, 1787], [759, 1829], [697, 1829]], '하악', 0.9959875373604605), ([[841, 2031], [907, 2031], [907, 2075], [841, 2075]], '엄마', 0.9982418336306733), ([[855, 2075], [891, 2075], [891, 2117], [855, 2117]], '입', 0.9999958276792178), ([[763, 2203], [847, 2203], [847, 2301], [763, 2301]], '짐', 0.11786202109596022), ([[699.3201210620629, 23.01155922464812], [946.5295221044883, 220.68748723244738], [837.6798789379371, 356.9884407753519], [590.4704778955117, 159.31251276755262]], '( <"', 0.25790420174598694), ([[809.5433118837508, 887.8582797093769], [1107.5011253799787, 832.1925594489511], [1120.4566881162493, 935.1417202906231], [822.4988746200213, 989.8074405510489]], '씨~', 0.04547694725414781), ([[516.065347992485, 1499.036454303809], [645.6992759317646, 1555.3303665659062], [601.934652007515, 1650.963545696191], [473.30072406823535, 1594.6696334340938]], '@뒤', 0.10338812498102706), ([[1032.1470357815517, 1640.217550282517], [1079.6990699817188, 1604.0306022084062], [1142.8529642184483, 1697.782449717483], [1095.3009300182812, 1733.9693977915938]], '"', 0.8229204201911422), ([[251.7785306083765, 2098.0832734411483], [310.6599829873245, 2066.024231372387], [369.2214693916235, 2188.9167265588517], [310.3400170126755, 2219.975768627613]], '솜', 0.8181957429047202), ([[1091.653098774953, 2142.13080375226], [1138.639516134592, 2113.029274132947], [1191.346901225047, 2206.86919624774], [1143.360483865408, 2235.970725867053]], '\'"', 0.9612315441681278)]
[([[1441, 67], [1549, 67], [1549, 209], [1441, 209]], '알', 0.044818710153210484), ([[841, 237], [885, 237], [885, 295], [841, 295]], '음', 0.6638800414805246), ([[630, 678], [686, 678], [686, 812], [630, 812]], '응', 0.7999440042060577), ([[43, 767], [103, 767], [103, 909], [43, 909]], '혀', 0.5338891522492908), ([[366, 800], [466, 800], [466, 874], [366, 874]], '(무하', 0.25201533729643744), ([[137, 833], [321, 833], [321, 968], [137, 968]], '1', 0.33083161421945206), ([[635, 813], [699, 813], [699, 963], [635, 963]], '음', 0.16009922611846505), ([[200, 1230], [276, 1230], [276, 1278], [200, 1278]], '미안', 0.9998571251731785), ([[929, 1151], [1117, 1151], [1117, 1349], [929, 1349]], "6'", 0.24945324535880176), ([[1362, 1236], [1436, 1236], [1436, 1284], [1362, 1284]], '엄마', 0.9922674212126114), ([[1362, 1284], [1438, 1284], [1438, 1332], [1362, 1332]], '민감', 0.9861678058314207), ([[1334, 1328], [1464, 1328], [1464, 1378], [1334, 1378]], '하니까 .', 0.4822294534075124), ([[1478, 1344], [1586, 1344], [1586, 1396], [1478, 1396]], '갑자기', 0.9988244839779913), ([[1496, 1392], [1568, 1392], [1568, 1442], [1496, 1442]], '넣지', 0.9348713391640749), ([[139, 1419], [175, 1419], [175, 1459], [139, 1459]], '뭐', 0.9999551778093974), ([[117, 1457], [183, 1457], [183, 1501], [117, 1501]], '상관', 0.9999381289870019), ([[1479, 1437], [1583, 1437], [1583, 1485], [1479, 1485]], '말라고', 0.9978666453155768), ([[102, 1496], [198, 1496], [198, 1544], [102, 1544]], '없지만', 0.9990843327021642), ([[1464, 1484], [1606, 1484], [1606, 1536], [1464, 1536]], '말휘잡아', 0.06910334527492523), ([[1146, 1428], [1370, 1428], [1370, 1672], [1146, 1672]], '67', 0.2544020815290124), ([[1452, 1818], [1592, 1818], [1592, 1868], [1452, 1868]], '그것보다', 0.9992988109588623), ([[1484, 1866], [1560, 1866], [1560, 1914], [1484, 1914]], '안에', 0.9941801938921238), ([[237, 1919], [273, 1919], [273, 1963], [237, 1963]], '응', 0.9989768500921095), ([[414, 1898], [520, 1898], [520, 1952], [414, 1952]], '혼자서', 0.9993341428457398), ([[1468, 1910], [1576, 1910], [1576, 1962], [1468, 1962]], '십입한', 0.3779973635066361), ([[408, 1946], [526, 1946], [526, 1998], [408, 1998]], '할 때량', 0.9688635872398005), ([[1470, 1958], [1574, 1958], [1574, 2006], [1470, 2006]], '느낌은', 0.9987745246945243), ([[424, 1994], [512, 1994], [512, 2042], [424, 2042]], '달라?', 0.9998871270081997), ([[1478, 2004], [1562, 2004], [1562, 2054], [1478, 2054]], '알것', 0.9971347123342988), ([[1478, 2050], [1566, 2050], [1566, 2100], [1478, 2100]], '같아?', 0.5451825916950771), ([[1309, 2161], [1345, 2161], [1345, 2207], [1309, 2207]], '응', 0.9995732762764078), ([[1520, 2204], [1570, 2204], [1570, 2274], [1520, 2274]], '교', 0.027266028585561708), ([[1160.1337038363515, 1145.0375941180432], [1272.9204840801629, 1202.7414311241585], [1231.8662961636485, 1279.9624058819568], [1119.0795159198371, 1222.2585688758415]], '해0', 0.006910574869754366)]
[([[230, 78], [304, 78], [304, 132], [230, 132]], '하아', 0.9988640786067157), ([[906, 90], [976, 90], [976, 142], [906, 142]], '(하악', 0.7340954837772662), ([[1030, 86], [1126, 86], [1126, 134], [1030, 134]], '그러면', 0.9998172704934463), ([[1031, 131], [1123, 131], [1123, 173], [1031, 173]], '그대로', 0.9999967652014766), ([[755, 175], [861, 175], [861, 215], [755, 215]], '계속해도', 0.9999138116836548), ([[1035, 171], [1127, 171], [1127, 215], [1035, 215]], '넣없다', 0.8967405737202669), ([[767, 209], [847, 209], [847, 251], [767, 251]], '괜찮으', 0.9846216630367491), ([[1045, 213], [1111, 213], [1111, 257], [1045, 257]], '뻗다', 0.28540480106961497), ([[782, 250], [838, 250], [838, 282], [782, 282]], '니까', 0.9513451316006885), ([[1040, 248], [1113, 248], [1113, 297], [1040, 297]], '해화', 0.9962567630809236), ([[123, 299], [189, 299], [189, 341], [123, 341]], '하아', 0.9996792775488362), ([[145, 585], [235, 585], [235, 627], [145, 627]], '여자의', 0.9997667539729475), ([[145, 625], [237, 625], [237, 669], [145, 669]], '안쪽에', 0.9400624335164409), ([[129, 667], [251, 667], [251, 711], [129, 711]], '사정하면', 0.9997961521148682), ([[145, 707], [237, 707], [237, 751], [145, 751]], '조금은', 0.588021993637085), ([[143, 749], [237, 749], [237, 793], [143, 793]], '기분이', 0.9979604282465889), ([[115, 789], [267, 789], [267, 833], [115, 833]], '나아지켓지', 0.9545984747798313), ([[919, 957], [1011, 957], [1011, 999], [919, 999]], '그대로', 0.999996902852449), ([[919, 997], [1011, 997], [1011, 1041], [919, 1041]], '천천히', 0.9998610425779199), ([[1525, 1013], [1617, 1013], [1617, 1057], [1525, 1057]], '천천히', 0.9998618684687738), ([[933, 1039], [997, 1039], [997, 1083], [933, 1083]], '넣고', 0.7768750170461363), ([[1529, 1057], [1597, 1057], [1597, 1097], [1529, 1097]], '빼고', 0.4367241248628485), ([[265, 1155], [327, 1155], [327, 1197], [265, 1197]], '너무', 0.9999898004778953), ([[221, 1195], [377, 1195], [377, 1239], [221, 1239]], '늘어지는 제', 0.37910811772621833), ([[233, 1235], [361, 1235], [361, 1277], [233, 1277]], '같긴 해도', 0.8338629271041275), ([[251, 1277], [345, 1277], [345, 1319], [251, 1319]], '소리가', 0.999817064021958), ([[233, 1317], [363, 1317], [363, 1361], [233, 1361]], '나지 않게', 0.5942404962660063), ([[1109, 1296], [1206, 1296], [1206, 1346], [1109, 1346]], '멈추고', 0.8256417512893677), ([[249, 1359], [343, 1359], [343, 1399], [249, 1399]], '지그시', 0.9979752217000919), ([[266, 1586], [340, 1586], [340, 1636], [266, 1636]], '(하아', 0.8461133911518095), ([[609, 1583], [683, 1583], [683, 1651], [609, 1651]], '17', 0.9993723225507776), ([[829, 1585], [893, 1585], [893, 1629], [829, 1629]], '하아', 0.9496980814906937), ([[1144, 1616], [1194, 1616], [1194, 1672], [1144, 1672]], '7', 0.03555742830574449), ([[1567, 1639], [1631, 1639], [1631, 1679], [1567, 1679]], '빼고', 0.6079068597650571), ([[130, 1652], [178, 1652], [178, 1728], [130, 1728]], '옷', 0.16380014266872767), ([[668, 1880], [740, 1880], [740, 1930], [668, 1930]], '(하아', 0.8650095540967045), ([[1389, 2109], [1459, 2109], [1459, 2149], [1389, 2149]], '뼈고', 0.5336795594708478), ([[709, 2199], [773, 2199], [773, 2243], [709, 2243]], '넣고', 0.8248380943401874), ([[686, 2236], [782, 2236], [782, 2284], [686, 2284]], '[렇지', 0.19692315314301334), ([[1483, 2229], [1547, 2229], [1547, 2273], [1483, 2273]], '넣고', 0.8459583278164883), ([[398.00254130016924, 992.0355782023697], [768.7918598425898, 1041.5948800274502], [744.9974586998308, 1159.9644217976304], [374.2081401574101, 1110.4051199725498]], '4,48|"', 0.031717797674449565)]
[([[1135, 73], [1193, 73], [1193, 111], [1135, 111]], '하아', 0.9978455434389245), ([[265, 93], [389, 93], [389, 137], [265, 137]], '안에다가', 0.9953753352165222), ([[532, 94], [608, 94], [608, 148], [532, 148]], '{7', 0.07053079235587374), ([[267, 135], [387, 135], [387, 179], [267, 179]], '사정해도', 0.9999479055404663), ([[1493, 137], [1585, 137], [1585, 181], [1493, 181]], '오늘은', 0.7512463927268982), ([[270, 174], [370, 174], [370, 222], [270, 222]], '좋은데.', 0.41993623971939087), ([[1005, 167], [1065, 167], [1065, 207], [1005, 207]], '하아', 0.9975970431312075), ([[1458, 173], [1618, 173], [1618, 223], [1458, 223]], '[엄마의 몸올', 0.4764284934577226), ([[141, 213], [261, 213], [261, 257], [141, 257]], '진전되면', 0.999215841293335), ([[1477, 219], [1599, 219], [1599, 261], [1477, 261]], '마음대로', 0.9999600052833557), ([[169, 255], [233, 255], [233, 299], [169, 299]], '방에', 0.99732708283595), ([[1505, 261], [1571, 261], [1571, 301], [1505, 301]], '새도', 0.8097980564902809), ([[141, 295], [261, 295], [261, 339], [141, 339]], '돌아가람', 0.3049599826335907), ([[1476, 298], [1602, 298], [1602, 346], [1476, 346]], '중으니까', 0.8758923411369324), ([[275, 393], [335, 393], [335, 433], [275, 433]], '하아', 0.9987588324452672), ([[1044, 436], [1110, 436], [1110, 484], [1044, 484]], '활고', 0.3586890814088718), ([[1031, 481], [1123, 481], [1123, 525], [1031, 525]], '싶으면', 0.9984780789748948), ([[1031, 521], [1123, 521], [1123, 565], [1031, 565]], '활아도', 0.14830462330614078), ([[1043, 563], [1109, 563], [1109, 605], [1043, 605]], '되고', 0.9976534805930606), ([[447, 733], [507, 733], [507, 775], [447, 775]], '하아', 0.9981735073526518), ([[1455, 781], [1549, 781], [1549, 823], [1455, 823]], '그리고', 0.9999893320527347), ([[265, 823], [362, 823], [362, 871], [265, 871]], '제대로', 0.9999950445645353), ([[1404, 820], [1598, 820], [1598, 868], [1404, 868]], '이번에 용돈을', 0.44603694079034995), ([[263, 867], [365, 867], [365, 909], [263, 909]], '된 곳에', 0.9408389154879209), ([[1119, 855], [1181, 855], [1181, 925], [1119, 925]], '4', 0.29598480126709603), ([[1413, 863], [1593, 863], [1593, 907], [1413, 907]], '올려출테니까', 0.7608197221692776), ([[281, 907], [345, 907], [345, 949], [281, 949]], '가끔', 0.2906743426357962), ([[139, 993], [247, 993], [247, 1037], [139, 1037]], '있장니?', 0.30211523175239563), ([[125, 1035], [255, 1035], [255, 1077], [125, 1077]], '그런 가게', 0.7827283153179637), ([[143, 1075], [237, 1075], [237, 1119], [143, 1119]], '같은거', 0.8724103675115711), ([[421, 1105], [479, 1105], [479, 1145], [421, 1145]], '하아', 0.9970293511368559), ([[1509, 1253], [1567, 1253], [1567, 1293], [1509, 1293]], '하아', 0.9986359791456612), ([[1296, 1240], [1440, 1240], [1440, 1434], [1296, 1434]], '2', 0.6961995842718949), ([[1481, 1827], [1575, 1827], [1575, 1871], [1481, 1871]], '이런게', 0.9944596793990437), ([[1434, 1866], [1624, 1866], [1624, 1914], [1434, 1914]], '쌓여서 오히려', 0.8698448624194617), ([[143, 1917], [239, 1917], [239, 1959], [143, 1959]], '상대가', 0.9998677185316063), ([[421, 1893], [479, 1893], [479, 1933], [421, 1933]], '하아', 0.9954545438100254), ([[655, 1861], [771, 1861], [771, 1993], [655, 1993]], "'(4", 0.05583580081748703), ([[1481, 1907], [1577, 1907], [1577, 1951], [1481, 1951]], '공부가', 0.999929454180088), ([[131, 1957], [251, 1957], [251, 2001], [131, 2001]], '엄마인건', 0.9944502711296082), ([[760, 1940], [790, 1940], [790, 1984], [760, 1984]], '(', 0.0667357066610954), ([[1467, 1949], [1589, 1949], [1589, 1993], [1467, 1993]], '안되다면', 0.7408292889595032), ([[157, 1999], [221, 1999], [221, 2043], [157, 2043]], '쫓지', 0.8269967290698538), ([[1482, 1988], [1576, 1988], [1576, 2036], [1482, 2036]], '본말이', 0.9912465523797196), ([[142, 2036], [240, 2036], [240, 2084], [142, 2084]], '않단다', 0.9778519820506235), ([[1453, 2031], [1603, 2031], [1603, 2075], [1453, 2075]], '전도줄거니', 0.31982696320310133), ([[1356, 2082], [1456, 2082], [1456, 2126], [1356, 2126]], '숨 돌질', 0.5575426816940308), ([[1375, 2123], [1441, 2123], [1441, 2165], [1375, 2165]], '틈은', 0.8974286707659455), ([[1333, 2163], [1487, 2163], [1487, 2207], [1333, 2207]], '필요하지만', 0.9952638329313952), ([[1197, 2249], [1255, 2249], [1255, 2287], [1197, 2287]], '하아', 0.996866809882429), ([[1213.0095799450278, 419.03507722489275], [1463.657668975823, 471.9229757643402], [1432.9904200549722, 587.9649227751072], [1183.342331024177, 535.0770242356598]], '0~오래', 0.036751918494701385), ([[181.23211235019238, 2169.0226987182514], [281.03246000832024, 2214.1236036934442], [212.76788764980762, 2363.9773012817486], [112.96753999167973, 2318.8763963065558]], '사', 0.37953545446857007), ([[290.1106806202549, 2246.039622946855], [416.8364748768977, 2297.19895530423], [381.8893193797451, 2377.960377053145], [255.16352512310235, 2326.80104469577]], '#4', 0.022827130596914963)]
[([[814, 1278], [884, 1278], [884, 1328], [814, 1328]], '하아', 0.9992386599487848), ([[264, 1300], [336, 1300], [336, 1348], [264, 1348]], '(하아', 0.9943392565663836), ([[1380, 1312], [1598, 1312], [1598, 1360], [1380, 1360]], '용돈은 필요없어', 0.9987172939870742), ([[115, 1383], [183, 1383], [183, 1473], [115, 1473]], '(7', 0.22057028132757658), ([[1443, 1395], [1537, 1395], [1537, 1439], [1443, 1439]], '엄마가', 0.9981748329847502), ([[1413, 1435], [1565, 1435], [1565, 1479], [1413, 1479]], '상대해주면', 0.9492143267339546), ([[1441, 1477], [1537, 1477], [1537, 1521], [1441, 1521]], '되장아', 0.24733783304691315), ([[1146, 1554], [1218, 1554], [1218, 1604], [1146, 1604]], '하아', 0.9993192276998919), ([[110, 1662], [184, 1662], [184, 1714], [110, 1714]], '하아', 0.9991321381443142), ([[1088, 1834], [1160, 1834], [1160, 1886], [1088, 1886]], '하아', 0.9973860426963288), ([[914, 1830], [1040, 1830], [1040, 1966], [914, 1966]], '0/', 0.017639741665690746), ([[217, 1885], [309, 1885], [309, 2027], [217, 2027]], '(', 0.07314603749433957), ([[478, 1968], [552, 1968], [552, 2020], [478, 2020]], '(하아', 0.8106398378348758), ([[267, 2105], [387, 2105], [387, 2149], [267, 2149]], '그럴수는', 0.7112844279975864), ([[295, 2147], [359, 2147], [359, 2189], [295, 2189]], '없어', 0.9999889575435473), ([[257, 2185], [400, 2185], [400, 2233], [257, 2233]], '바보구나 ', 0.7499365101996901), ([[664, 2250], [736, 2250], [736, 2298], [664, 2298]], '하아', 0.99847580463993), ([[901.0946425395748, 1515.0410679353229], [966.5547001962252, 1480.015396467946], [1045.9053574604252, 1644.9589320646771], [979.4452998037748, 1679.984603532054]], "'", 0.2672037439134883), ([[1423.96045745888, 1759.210195802624], [1481.692775986783, 1711.024025790323], [1567.03954254112, 1826.789804197376], [1509.307224013217, 1874.975974209677]], '1', 0.864692376296162)]
[([[1538, 64], [1610, 64], [1610, 114], [1538, 114]], '하아', 0.987631266740015), ([[267, 95], [349, 95], [349, 137], [267, 137]], '00.', 0.007107330566097818), ([[372, 106], [446, 106], [446, 156], [372, 156]], '(하아', 0.5022806748585501), ([[81, 139], [123, 139], [123, 177], [81, 177]], '아', 0.9998681588715641), ([[1042, 206], [1068, 206], [1068, 232], [1042, 232]], '9', 0.5539707009496944), ([[1040, 226], [1090, 226], [1090, 254], [1040, 254]], '터', 0.052827437303193614), ([[366, 408], [444, 408], [444, 456], [366, 456]], '엄마', 0.993693002013732), ([[358, 451], [460, 451], [460, 495], [358, 495]], '엄마앗!', 0.22786833345890045), ([[727, 553], [829, 553], [829, 619], [727, 619]], '음학음', 0.012616601075161837), ([[292, 600], [362, 600], [362, 654], [292, 654]], '하아', 0.99902679944111), ([[1388, 616], [1460, 616], [1460, 666], [1388, 666]], '하아', 0.9990783728637486), ([[373, 797], [473, 797], [473, 841], [373, 841]], '너 정말', 0.9946713850931556), ([[566, 822], [638, 822], [638, 872], [566, 872]], '하아', 0.9993208289610893), ([[1280, 768], [1402, 768], [1402, 881], [1280, 881]], '\'"', 0.09220001204219937), ([[383, 839], [477, 839], [477, 881], [383, 881]], '이러고', 0.9999712998152512), ([[1497, 835], [1563, 835], [1563, 879], [1497, 879]], '다른', 0.999473710727839), ([[379, 879], [481, 879], [481, 923], [379, 923]], '있을 때', 0.3930533503862917), ([[1483, 875], [1575, 875], [1575, 919], [1483, 919]], '여자는', 0.8468615623734069), ([[379, 919], [481, 919], [481, 963], [379, 963]], '그런 말', 0.8894458439039407), ([[1499, 917], [1563, 917], [1563, 959], [1499, 959]], '필요', 0.6606275760188739), ([[375, 961], [489, 961], [489, 1005], [375, 1005]], '하지마', 0.9996856804900273), ([[1483, 957], [1579, 957], [1579, 1001], [1483, 1001]], '없잡아', 0.625340162884789), ([[1485, 999], [1577, 999], [1577, 1041], [1485, 1041]], '엄마가', 0.9992678012643691), ([[81, 1043], [149, 1043], [149, 1085], [81, 1085]], '역시', 0.9995840359488255), ([[438, 1072], [510, 1072], [510, 1122], [438, 1122]], '하아', 0.9983923921751162), ([[1197, 995], [1335, 995], [1335, 1159], [1197, 1159]], '74', 0.12741191030164806), ([[1475, 1039], [1569, 1039], [1569, 1083], [1475, 1083]], '있으면', 0.8101884343925522), ([[89, 1087], [153, 1087], [153, 1127], [89, 1127]], '다시', 0.9999895475975691), ([[229, 1089], [273, 1089], [273, 1151], [229, 1151]], '0', 0.8535108266997327), ([[60, 1124], [182, 1124], [182, 1172], [60, 1172]], '십입햇어', 0.0833507776260376), ([[1410, 1128], [1480, 1128], [1480, 1176], [1410, 1176]], '하아', 0.9993649903555323), ([[89, 1167], [153, 1167], [153, 1211], [89, 1211]], '손통', 0.009069316161644934), ([[59, 1209], [183, 1209], [183, 1253], [59, 1253]], '빼버럿네', 0.20115476846694946), ([[357, 1365], [449, 1365], [449, 1409], [357, 1409]], '지금도', 0.9998587369918823), ([[371, 1409], [435, 1409], [435, 1449], [371, 1449]], '소리', 0.9999994942378553), ([[327, 1444], [480, 1444], [480, 1495], [327, 1495]], '내고싶은거', 0.9378238406857836), ([[912, 1442], [986, 1442], [986, 1492], [912, 1492]], '하아', 0.9992273671315189), ([[371, 1489], [437, 1489], [437, 1533], [371, 1533]], '참고', 0.9995984484450616), ([[1491, 1475], [1583, 1475], [1583, 1519], [1491, 1519]], '엄마도', 0.999442602967445), ([[334, 1528], [476, 1528], [476, 1576], [334, 1576]], '있으니까', 0.7501766085624695), ([[1481, 1517], [1581, 1517], [1581, 1559], [1481, 1559]], '여자고', 0.9999461098159776), ([[41, 1887], [81, 1887], [81, 1929], [41, 1929]], '0', 0.18486966147904482), ([[90, 1986], [164, 1986], [164, 2034], [90, 2034]], '하아', 0.9991644988470892), ([[115, 2133], [175, 2133], [175, 2193], [115, 2193]], '(4', 0.7186423462800937), ([[1036, 2122], [1112, 2122], [1112, 2222], [1036, 2222]], '(', 0.006658908242430039), ([[810, 2254], [884, 2254], [884, 2302], [810, 2302]], '하아', 0.9993723225507776), ([[1417.9745072926244, 92.0527207384572], [1491.8138498842804, 74.40405039463342], [1521.0254927073756, 208.9472792615428], [1447.1861501157196, 226.59594960536657]], '숲', 0.028347536480865188), ([[85.11629720375791, 809.1187479096875], [169.6689765589369, 736.0149250798138], [304.88370279624206, 917.8812520903125], [219.3310234410631, 989.9850749201862]], '식', 0.7309260678148668), ([[666.1447151510638, 1076.0458509048938], [725.4148405505498, 1059.1261047621574], [757.8552848489362, 1184.9541490951062], [699.5851594494502, 1202.8738952378426]], '"', 0.013117531539142357), ([[1353.0470742199868, 1613.0413535298476], [1479.7921940828553, 1665.8719617301413], [1442.9529257800132, 1749.9586464701524], [1316.2078059171447, 1698.1280382698587]], '[숙@', 0.003669575879680705), ([[548.9193872347403, 1993.0343795854217], [693.4407828564141, 2042.8878818358335], [642.0806127652597, 2183.9656204145786], [497.55921714358584, 2133.1121181641665]], '"7', 0.007372317748224407)]
[([[833, 99], [899, 99], [899, 143], [833, 143]], '오욕', 0.9489709946252055), ([[723, 173], [815, 173], [815, 217], [723, 217]], '엄마도', 0.998293253651135), ([[532, 202], [560, 202], [560, 240], [532, 240]], '2', 0.9990515574662737), ([[731, 215], [807, 215], [807, 259], [731, 259]], '갈 것', 0.9107617593178936), ([[171, 183], [261, 183], [261, 317], [171, 317]], '승', 0.019985514381586578), ([[729, 257], [807, 257], [807, 299], [729, 299]], '같아', 0.9986756658386966), ([[1467, 241], [1565, 241], [1565, 285], [1467, 285]], '나용다', 0.34288048148110056), ([[699, 525], [843, 525], [843, 661], [699, 661]], '', 0.0), ([[776, 1262], [880, 1262], [880, 1386], [776, 1386]], "용'", 0.8910238859912476), ([[1323, 1211], [1569, 1211], [1569, 1505], [1323, 1505]], '0', 0.6783086050777598), ([[994, 1420], [1172, 1420], [1172, 1590], [994, 1590]], '(톤', 0.007403768138908811), ([[734, 1778], [766, 1778], [766, 1802], [734, 1802]], '00', 0.15325533287444995), ([[1563, 1759], [1605, 1759], [1605, 1797], [1563, 1797]], '0', 0.9753519326259017), ([[721, 1901], [763, 1901], [763, 1937], [721, 1937]], '@', 0.6373959952327368), ([[835, 1907], [877, 1907], [877, 1947], [835, 1947]], '0', 0.8021745609157485), ([[348, 2090], [424, 2090], [424, 2176], [348, 2176]], '우', 0.13566922958435512), ([[663, 2109], [779, 2109], [779, 2169], [663, 2169]], '애아닭', 0.010802650174958331), ([[1537, 2121], [1581, 2121], [1581, 2169], [1537, 2169]], '입', 0.9038269482339842), ([[397, 2125], [463, 2125], [463, 2211], [397, 2211]], '늘', 0.01047388844259528), ([[146, 2204], [208, 2204], [208, 2254], [146, 2254]], '(0', 0.7664248423094815), ([[188, 2242], [242, 2242], [242, 2300], [188, 2300]], '[5', 0.13492196743639173), ([[68.96722144134154, 614.0296530793428], [208.22305531022786, 646.9680147914258], [163.03277855865846, 823.9703469206572], [23.776944689772144, 790.0319852085742]], '졸', 0.0037637392063928493), ([[245.4561395287659, 1304.0350696328499], [471.2170542631298, 1207.5732407151202], [607.5438604712341, 1591.9649303671501], [381.7829457368702, 1688.4267592848798]], '스', 0.20462455834558657)]
[([[1512, 63], [1586, 63], [1586, 217], [1512, 217]], '응', 0.5718536982968203), ([[1513, 217], [1573, 217], [1573, 291], [1513, 291]], '2', 0.23441798176342932), ([[1508, 298], [1564, 298], [1564, 388], [1508, 388]], '음', 0.1631675413666791), ([[1291, 625], [1427, 625], [1427, 793], [1291, 793]], '14', 0.001151012686904617), ([[189, 829], [225, 829], [225, 889], [189, 889]], '9', 0.45563829312483506), ([[1114, 852], [1212, 852], [1212, 954], [1114, 954]], '흐일', 0.004090194164137493), ([[915, 1107], [1009, 1107], [1009, 1151], [915, 1151]], '천천히', 0.9999277335586639), ([[923, 1151], [1005, 1151], [1005, 1193], [923, 1193]], '빼련 ', 0.28989277117081), ([[1553, 1171], [1617, 1171], [1617, 1213], [1553, 1213]], '씻다', 0.8397799600582401), ([[249, 1249], [309, 1249], [309, 1331], [249, 1331]], '옷', 0.061764020691726707), ([[1314, 1320], [1436, 1320], [1436, 1368], [1314, 1368]], '알고있어', 0.9755889773368835), ([[1310, 1362], [1440, 1362], [1440, 1406], [1310, 1406]], '뱃 속에서', 0.9338935791330608), ([[1286, 1402], [1466, 1402], [1466, 1450], [1286, 1450]], '움질움질하고', 0.6801375964237429), ([[1315, 1445], [1439, 1445], [1439, 1489], [1315, 1489]], '있으니까', 0.5028284192085266), ([[196, 1664], [262, 1664], [262, 1712], [196, 1712]], '하앗', 0.12401399260735298), ([[1246, 1710], [1294, 1710], [1294, 1758], [1246, 1758]], '"웃', 0.4724747868537521), ([[1400, 1669], [1556, 1669], [1556, 1761], [1400, 1761]], '영하0}', 0.049302298575639725), ([[1305, 1931], [1369, 1931], [1369, 1975], [1305, 1975]], '하악', 0.9893843624047056), ([[1491.8588490897112, 2064.2918567229603], [1537.653545915562, 2021.0267398301414], [1618.1411509102888, 2115.7081432770397], [1572.346454084438, 2158.9732601698583]], '(', 0.9306213332579638), ([[215.24635378995504, 2047.0316101004648], [304.86956046110777, 2124.4732723796456], [254.75364621004496, 2183.9683898995354], [165.13043953889223, 2106.5267276203544]], '{', 0.07174924853416886)]
[]
[([[24, 50], [466, 50], [466, 174], [24, 174]], '감사의말씀', 0.9442312095975494), ([[24, 234], [475, 234], [475, 288], [24, 288]], '본 서클의 작품집올 사주서서', 0.8866719043731482), ([[24, 280], [386, 280], [386, 332], [24, 332]], '진심으로 감사드립니다', 0.49314617307900993), ([[46, 373], [328, 373], [328, 427], [46, 427]], '저번 화에 이어서.', 0.8593485645911505), ([[856, 366], [1581, 366], [1581, 422], [856, 422]], '그리고 사연이 짓는 집에는 사연 짓는 사람들이', 0.2668516337509269), ([[24, 418], [714, 418], [714, 474], [24, 474]], '사연이 있는 집에 살앗던 필자에게 집 주인이', 0.41348202484096797), ([[858, 414], [1018, 414], [1018, 464], [858, 464]], '모이는 법.', 0.6063432805393123), ([[24, 466], [436, 466], [436, 520], [24, 520]], '몇번이나 확인시켜던 조건.', 0.2852289557707247), ([[856, 458], [1362, 458], [1362, 514], [856, 514]], '아마 새(류)엿올거라 생각합니다', 0.16133156961792727), ([[30, 513], [574, 513], [574, 567], [30, 567]], "'이 부적들은 절대로 떼면 안되니다'", 0.6994118803077912), ([[856, 508], [1467, 508], [1467, 562], [856, 562]], '그 피틀 서로의 신체에 바르고 활아대는', 0.22782769772557804), ([[24, 559], [791, 559], [791, 614], [24, 614]], '하면 안되다고 말하는 건 해버리논 것이 인지상정.', 0.34181587027887156), ([[858, 554], [1340, 554], [1340, 606], [858, 606]], '노부부의 정사흘 화버로습니다:', 0.19020174638657597), ([[24, 605], [360, 605], [360, 661], [24, 661]], '당연히 떼버려습니다:', 0.7465954230952389), ([[880, 599], [1446, 599], [1446, 654], [880, 654]], '여기에는 사정이 외없지만 말입니다:', 0.7279944199250926), ([[22, 652], [818, 652], [818, 708], [22, 708]], '기본적으로 사야(작가의 팬네임)논 이런 심렁현상울', 0.5376177242784775), ([[24, 700], [370, 700], [370, 752], [24, 752]], '믿지 않기 때문입니다.', 0.5867201118955079), ([[856, 693], [1239, 693], [1239, 746], [856, 746]], '앞으로도 더욱 더 열심히', 0.9659709659894125), ([[24, 745], [590, 745], [590, 800], [24, 800]], '부적올 떼어내자 그 뒤편에는 구멍이', 0.8704115873639089), ([[858, 740], [1340, 740], [1340, 794], [858, 794]], '노력하여 발전해 나가켓습니다:', 0.7053443650144163), ([[24, 794], [277, 794], [277, 848], [24, 848]], '뚫려있없습니다.', 0.340095301106541), ([[856, 786], [1521, 786], [1521, 840], [856, 840]], '따뜻한 눈으로 지켜화주시길 부탁드럽니다:', 0.5015038253589101), ([[24, 838], [560, 838], [560, 892], [24, 892]], '당연히 옆 방울 훔처보는 구멍이조.', 0.6155839408450956), ([[21, 885], [700, 885], [700, 941], [21, 941]], '철거되기 전의 건물에는 종종짓는논 일입니다:', 0.20892859746099685), ([[854, 880], [1124, 880], [1124, 930], [854, 930]], '2018년 9월 15일', 0.9985609049153257), ([[24, 932], [794, 932], [794, 988], [24, 988]], '수리하는 것보다 이러는 편이 더 싸게 먹히니까요', 0.49111104476485223), ([[24, 980], [692, 980], [692, 1034], [24, 1034]], '결론부터 말씀드리면 밤에는 옆방의 정사흘', 0.5022113247136597), ([[24, 1025], [247, 1025], [247, 1079], [24, 1079]], '훔처빛습니다.', 0.08243176960627217)]
[([[678, 170], [860, 170], [860, 222], [678, 222]], '괜찮으려나', 0.9922236911452101), ([[984, 184], [1042, 184], [1042, 234], [984, 234]], '응?', 0.9992298953709428), ([[113, 209], [151, 209], [151, 255], [113, 255]], '뭐', 0.9999920129935482), ([[680, 218], [860, 218], [860, 266], [680, 266]], '스트레스가', 0.9998380898632563), ([[993, 233], [1029, 233], [1029, 273], [993, 273]], '더', 0.999918820121426), ([[1462, 222], [1574, 222], [1574, 274], [1462, 274]], '잘먹없', 0.5601262396496709), ([[46, 252], [220, 252], [220, 306], [46, 306]], '수험생이니', 0.7443338148437643), ([[674, 264], [866, 264], [866, 316], [674, 316]], '많이 쌓인게', 0.5835588899818234), ([[940, 276], [1086, 276], [1086, 330], [940, 330]], '안먹어되', 0.9991281628608704), ([[1464, 268], [1576, 268], [1576, 320], [1464, 320]], '습니다', 0.7765156758060239), ([[64, 300], [206, 300], [206, 352], [64, 352]], '당연하지', 0.9999535083770752), ([[704, 310], [834, 310], [834, 360], [704, 360]], '아날까?', 0.8321200609207153), ([[983, 325], [1041, 325], [1041, 369], [983, 369]], '돼?', 0.5194773275451448), ([[72, 728], [150, 728], [150, 780], [72, 780]], '무슨', 0.9998560294011521), ([[1538, 1482], [1662, 1482], [1662, 1535], [1538, 1535]], '신문 좀', 0.6169367236177882), ([[1524, 1532], [1676, 1532], [1676, 1580], [1524, 1580]], '그만 읽고', 0.6644468878782103), ([[1528, 1578], [1672, 1578], [1672, 1628], [1528, 1628]], '(내려놔요', 0.602851532227114), ([[1103, 1717], [1141, 1717], [1141, 1765], [1103, 1765]], '응', 0.9987380911877928), ([[1414, 2108], [1558, 2108], [1558, 2162], [1414, 2162]], '당연한게', 0.8935502171516418), ([[1396, 2158], [1572, 2158], [1572, 2208], [1396, 2208]], '아니라고요', 0.9999772890511709), ([[1399, 2203], [1559, 2203], [1559, 2255], [1399, 2255]], '정말이지.', 0.6807345504673361)]
[([[88, 94], [1252, 94], [1252, 172], [88, 172]], '소히  6 머타 폐이도  -)대중 @ 대% 진어워스3 .', 8.253048039782619e-05), ([[88, 164], [388, 164], [388, 240], [88, 240]], '근) 국 다화 <', 0.0009339897132022638), ([[44, 1314], [536, 1314], [536, 1390], [44, 1390]], '스0장1#리롬율"니<', 1.931606041779485e-05), ([[39, 1358], [1254, 1358], [1254, 1506], [39, 1506]], '화구0,5`-)6 네<내: 5 마양;', 0.0002984973421250049), ([[812, 1909], [1611, 1909], [1611, 2019], [812, 2019]], '요납음손@ 손되넓중 중통중"훌물30 575.', 9.874601134925675e-05), ([[39, 2035], [1039, 2035], [1039, 2099], [39, 2099]], '^" | 이청피) 5 1 ;비늄? 5 2 <뵈손*}', 0.000421774836518841), ([[41, 2087], [1033, 2087], [1033, 2203], [41, 2203]], '[품모<**3마:?', 0.012244633022346818), ([[37, 2178], [738, 2178], [738, 2301], [37, 2301]], '히표군 #이미완내', 0.002040105787337249)]
[([[84, 92], [1232, 92], [1232, 172], [84, 172]], '소교에 6 "[} 투이골-입면 30-8민3 스3', 9.14233229936024e-06), ([[52, 168], [538, 168], [538, 240], [52, 240]], '최근 줄어든 모자물 수', 0.6256531163927835), ([[54, 234], [362, 234], [362, 306], [54, 306]], '슬퍼저서 번역', 0.7782562322674937), ([[55, 301], [269, 301], [269, 369], [55, 369]], '좋은 서클', 0.6339189022518613), ([[44, 1314], [528, 1314], [528, 1390], [44, 1390]], "'_ ", 0.0003470990475644722), ([[41, 1363], [1217, 1363], [1217, 1501], [41, 1501]], '6 05가다이1(1 금어하다', 2.1149812192307286e-06), ([[814, 1912], [1608, 1912], [1608, 2016], [814, 2016]], '8상7심06507비중 5 <중22물 5$ 57*5', 6.131312225244535e-05), ([[38, 2037], [1037, 2037], [1037, 2099], [38, 2099]], '', 0.0), ([[41, 2087], [1027, 2087], [1027, 2203], [41, 2203]], '"무이_하하다', 2.300631332085546e-06), ([[39, 2183], [735, 2183], [735, 2299], [39, 2299]], '동-@', 0.00025997492040102547)]
[([[783, 69], [849, 69], [849, 111], [783, 111]], '수험', 0.9994767448344246), ([[739, 111], [895, 111], [895, 155], [739, 155]], '때문이라고', 0.9987703072209606), ([[763, 151], [871, 151], [871, 193], [763, 193]], '해도 긴', 0.9954713184465022), ([[752, 193], [882, 193], [882, 237], [752, 237]], '시간동안', 0.9999277591705322), ([[738, 230], [896, 230], [896, 278], [738, 278]], '금욕생활올', 0.6169056974744656), ([[769, 273], [865, 273], [865, 317], [769, 317]], '햇으니', 0.866817153140223), ([[769, 315], [865, 315], [865, 357], [769, 357]], '무리논', 0.5611049768035281), ([[769, 355], [867, 355], [867, 397], [769, 397]], '아니지', 0.9999758422831841), ([[119, 697], [187, 697], [187, 739], [119, 739]], '내가', 0.9973305296192948), ([[78, 734], [226, 734], [226, 782], [78, 782]], '할 수 있는', 0.36945732242687346), ([[69, 777], [235, 777], [235, 821], [69, 821]], '일은 적어도', 0.9911737326748297), ([[83, 817], [219, 817], [219, 861], [83, 861]], '눈치 채지', 0.7474747297154322), ([[88, 856], [216, 856], [216, 904], [88, 904]], '못한적올', 0.9449788928031921), ([[94, 896], [206, 896], [206, 946], [94, 946]], '하는 것', 0.3766889293458206), ([[990, 1340], [1066, 1340], [1066, 1392], [990, 1392]], '역시', 0.9998880598055085), ([[972, 1386], [1084, 1386], [1084, 1440], [972, 1440]], '있구나', 0.32991744248815785), ([[1085, 1641], [1181, 1641], [1181, 1685], [1085, 1685]], '아들은', 0.9993163874684166), ([[1087, 1681], [1183, 1681], [1183, 1725], [1087, 1725]], '방에서', 0.9969652747514814), ([[1473, 1675], [1567, 1675], [1567, 1719], [1473, 1719]], '남편은', 0.9998618684687738), ([[1053, 1718], [1214, 1718], [1214, 1768], [1053, 1768]], '공부하는척', 0.6513023101042604), ([[1471, 1717], [1567, 1717], [1567, 1761], [1471, 1761]], '그렇게', 0.9201960563659668), ([[170, 1750], [277, 1750], [277, 1801], [170, 1801]], '내 몸올', 0.8389523972025648), ([[1085, 1763], [1183, 1763], [1183, 1807], [1085, 1807]], '하면서', 0.9832802738388541), ([[1457, 1757], [1583, 1757], [1583, 1801], [1457, 1801]], '말햇지만', 0.62053382396698), ([[138, 1792], [306, 1792], [306, 1840], [138, 1840]], '체크하는 척', 0.8292587371895462), ([[1087, 1803], [1181, 1803], [1181, 1847], [1087, 1847]], '엄마의', 0.9984146350670987), ([[1435, 1799], [1599, 1799], [1599, 1843], [1435, 1843]], '아들의 수험', 0.9993836056435058), ([[184, 1832], [259, 1832], [259, 1881], [184, 1881]], '하여', 0.7381935538728048), ([[1084, 1842], [1182, 1842], [1182, 1890], [1084, 1890]], '알몸올', 0.6570287307170302), ([[1443, 1839], [1597, 1839], [1597, 1883], [1443, 1883]], '스트레스는', 0.9635489814180485), ([[145, 1877], [301, 1877], [301, 1921], [145, 1921]], '조금이라도', 0.9672098443516278), ([[1050, 1884], [1220, 1884], [1220, 1932], [1050, 1932]], '엿보고 있다', 0.939321750890376), ([[1487, 1881], [1553, 1881], [1553, 1925], [1487, 1925]], '많이', 0.9995994598505917), ([[140, 1916], [306, 1916], [306, 1964], [140, 1964]], '오래 알몸올', 0.6961932109704257), ([[1454, 1921], [1584, 1921], [1584, 1965], [1454, 1965]], '쌓여있다', 0.9910817742347717), ([[139, 1954], [308, 1954], [308, 2004], [139, 2004]], '보여주는 것', 0.831862238543281)]
[([[519, 75], [585, 75], [585, 117], [519, 117]], '문은', 0.9999824669560387), ([[489, 115], [615, 115], [615, 159], [489, 159]], '닫더라도', 0.93195641040802), ([[485, 157], [619, 157], [619, 201], [485, 201]], '옆에 왜는', 0.17795211954028858), ([[486, 196], [616, 196], [616, 244], [486, 244]], '작은창은', 0.998699426651001), ([[489, 237], [615, 237], [615, 281], [489, 281]], '열어둡다', 0.16967688500881195), ([[357, 285], [513, 285], [513, 329], [357, 329]], '환기하려고', 0.9999285615987077), ([[50, 320], [172, 320], [172, 372], [50, 372]], '(이것 화', 0.4765879649287515), ([[371, 327], [499, 327], [499, 371], [371, 371]], '여느거니', 0.995078980922699), ([[54, 366], [170, 366], [170, 420], [54, 420]], '앞잡아', 0.015614984669899686), ([[353, 369], [519, 369], [519, 413], [353, 413]], '대농고 연것', 0.9290245891255928), ([[352, 406], [518, 406], [518, 454], [352, 454]], '같지도 않고', 0.6826368196638339), ([[337, 449], [531, 449], [531, 493], [337, 493]], '엿볼 틈으로도', 0.4581765217525004), ([[876, 440], [930, 440], [930, 504], [876, 504]], '7', 0.32448631240785986), ([[369, 486], [498, 486], [498, 537], [369, 537]], '적당하기', 0.9999126195907593), ([[371, 531], [501, 531], [501, 573], [371, 573]], '때문이다', 0.9995452165603638), ([[647, 733], [717, 733], [717, 773], [647, 773]], '아마', 0.9998079843581187), ([[127, 771], [229, 771], [229, 815], [127, 815]], '천천히', 0.9999149321477225), ([[602, 770], [758, 770], [758, 818], [602, 818]], '보고싶은건', 0.9841394738123813), ([[129, 809], [233, 809], [233, 859], [129, 859]], '가능한', 0.6554816009331714), ([[603, 813], [757, 813], [757, 857], [603, 857]], '여기일테니', 0.9195236013604804), ([[1452, 804], [1580, 804], [1580, 854], [1452, 854]], '자위하는', 0.9342509508132935), ([[117, 853], [245, 853], [245, 897], [117, 897]], '안쪽까지', 0.9836801290512085), ([[629, 851], [730, 851], [730, 901], [629, 901]], '정성껏', 0.9990110428840338), ([[1469, 847], [1567, 847], [1567, 891], [1469, 891]], '소리는', 0.775916384037618), ([[616, 894], [746, 894], [746, 942], [616, 942]], '씻어춘다', 0.6045665144920349), ([[1439, 889], [1593, 889], [1593, 933], [1439, 933]], '사워소리에', 0.9932648096928143), ([[1466, 926], [1567, 926], [1567, 976], [1466, 976]], '문히게', 0.670369809372461), ([[83, 1417], [123, 1417], [123, 1463], [83, 1463]], '엄', 0.872018919081313), ([[78, 1462], [152, 1462], [152, 1510], [78, 1510]], '엄마', 0.9892750403406513), ([[527, 1621], [595, 1621], [595, 1663], [527, 1663]], '이제', 0.9998610025231728), ([[507, 1661], [615, 1661], [615, 1705], [507, 1705]], '슬속 다', 0.6193568736065427), ([[485, 1703], [621, 1703], [621, 1747], [485, 1747]], '[뒷으려나', 0.0635604224301441), ([[1447, 1809], [1541, 1809], [1541, 1853], [1447, 1853]], '도중에', 0.9975853036079223), ([[1431, 1851], [1557, 1851], [1557, 1893], [1431, 1893]], '그만두게', 0.9991259577285226), ([[1429, 1888], [1558, 1888], [1558, 1937], [1429, 1937]], '만드는건', 0.9011403322219849), ([[1417, 1931], [1573, 1931], [1573, 1975], [1417, 1975]], '불쌍하니까', 0.995999800404154), ([[1429, 1968], [1560, 1968], [1560, 2019], [1429, 2019]], '오랫동안', 0.9997301697731018), ([[1410, 2012], [1580, 2012], [1580, 2060], [1410, 2060]], '몸올 씻는다', 0.1646152104201343), ([[234.06527001946083, 1528.054795165417], [336.8336001831083, 1565.3768215836803], [311.9347299805392, 1628.945204834583], [210.16639981689173, 1591.6231784163197]], '11', 0.26673674724463764), ([[550.879009087818, 1846.028578121232], [768.660197757699, 1898.126974925173], [718.120990912182, 2085.971421878768], [500.3398022423009, 2032.873025074827]], '애줄', 0.0008070914805940113)]
[([[451, 109], [493, 109], [493, 155], [451, 155]], '안', 0.999975204621478), ([[1162, 100], [1264, 100], [1264, 154], [1162, 154]], '저기', 0.9999832255955002), ([[403, 153], [514, 153], [514, 207], [403, 207]], '먹어요', 0.9853162846096836), ([[1178, 150], [1252, 150], [1252, 198], [1178, 198]], '야식', 0.9939115986304292), ([[1365, 87], [1543, 87], [1543, 247], [1365, 247]], '구', 0.0245903810392214), ([[113, 195], [211, 195], [211, 245], [113, 245]], '안녕히', 0.9996972426985938), ([[1154, 194], [1284, 194], [1284, 248], [1154, 248]], '먹울래?', 0.48460841178894043), ([[129, 239], [195, 239], [195, 283], [129, 283]], '주무', 0.999994015152757), ([[1548, 174], [1646, 174], [1646, 318], [1548, 318]], '?', 0.40245021394463265), ([[127, 281], [195, 281], [195, 323], [127, 323]], '세요', 0.9999749648637721), ([[345, 375], [419, 375], [419, 419], [345, 419]], '그래', 0.9999937622721186), ([[330, 420], [408, 420], [408, 468], [330, 468]], '그럼', 0.9999206805525138), ([[316, 466], [428, 466], [428, 518], [316, 518]], '엄마랑', 0.976425663371435), ([[316, 514], [424, 514], [424, 562], [316, 562]], '아빠는', 0.8109056369376104), ([[332, 560], [408, 560], [408, 608], [332, 608]], '이제', 0.9998182676262416), ([[324, 606], [418, 606], [418, 656], [324, 656]], '잘게?', 0.9639060838244241), ([[221, 797], [377, 797], [377, 841], [221, 841]], '조금이라도', 0.9997689425760172), ([[1380, 780], [1578, 780], [1578, 828], [1380, 828]], '일단 평범하게', 0.9985644728956762), ([[223, 839], [379, 839], [379, 881], [223, 881]], '스트레스가', 0.9997648374378983), ([[1398, 822], [1558, 822], [1558, 870], [1398, 870]], '대답하는컵', 0.1864478123035027), ([[237, 879], [363, 879], [363, 923], [237, 923]], '풀랍다면', 0.2306178747532172), ([[1429, 865], [1527, 865], [1527, 909], [1429, 909]], '화서는', 0.3620255209442329), ([[238, 918], [362, 918], [362, 966], [238, 966]], '좋플렌데', 0.05150005221366882), ([[1400, 904], [1558, 904], [1558, 952], [1400, 952]], '들켜다는건', 0.3950713544497256), ([[1369, 947], [1589, 947], [1589, 991], [1369, 991]], '눈치 못친건 가', 0.344642270696045), ([[779, 1125], [917, 1125], [917, 1169], [779, 1169]], '저기 당신', 0.9999127879015912), ([[198, 1166], [276, 1166], [276, 1216], [198, 1216]], '잘자', 0.9974688409093373), ([[772, 1162], [903, 1162], [903, 1213], [772, 1213]], '아무것도', 0.955985426902771), ([[1450, 1152], [1636, 1152], [1636, 1196], [1450, 1196]], '수험생이란건', 0.8823162415640668), ([[775, 1207], [901, 1207], [901, 1251], [775, 1251]], '안할거면', 0.7885428667068481), ([[1019, 1189], [1155, 1189], [1155, 1233], [1019, 1233]], '내가 너무', 0.9976677529682619), ([[1475, 1195], [1611, 1195], [1611, 1239], [1475, 1239]], '부모가 더', 0.9987833048817722), ([[770, 1246], [908, 1246], [908, 1294], [770, 1294]], '나 수면제', 0.9706828201546996), ([[1053, 1231], [1121, 1231], [1121, 1273], [1053, 1273]], '신경', 0.9999731947095736), ([[1448, 1234], [1646, 1234], [1646, 1282], [1448, 1282]], '스트레스 발네', 0.4638797682953573), ([[770, 1286], [912, 1286], [912, 1334], [770, 1334]], '먹울건데?', 0.8421388641531656), ([[1019, 1271], [1161, 1271], [1161, 1315], [1019, 1315]], '쓰는걸까?', 0.4452959733913975), ([[783, 1563], [821, 1563], [821, 1611], [783, 1611]], '응', 0.9994722109245799), ([[138, 1918], [215, 1918], [215, 1971], [138, 1971]], '역시', 0.999824926480321), ([[104, 1968], [250, 1968], [250, 2022], [104, 2022]], '아무것도', 0.9106459021568298), ([[132, 2014], [222, 2014], [222, 2064], [132, 2064]], '안 할', 0.6594519019126892), ([[106, 2062], [250, 2062], [250, 2114], [106, 2114]], '생각이네', 0.8705614931873823), ([[1291, 2053], [1387, 2053], [1387, 2097], [1291, 2097]], '그런거', 0.9999674456022034), ([[1285, 2095], [1397, 2095], [1397, 2139], [1285, 2139]], '아니야?', 0.9999691843986511)]
[([[930, 40], [984, 40], [984, 134], [930, 134]], '1', 0.721031937853823), ([[1416, 122], [1494, 122], [1494, 172], [1416, 172]], '잘자', 0.9890051535170936)]
[]
