2180586
8
[([[277, 4255], [797, 4255], [797, 4328], [277, 4328]], '[비/ /-입로피(@~', 0.00022056004080540535), ([[574, 4610], [676, 4610], [676, 4659], [574, 4659]], '물어)', 0.011078379128980551), ([[706, 4611], [798, 4611], [798, 4660], [706, 4660]], '이형', 0.0030057773354485898)]
[([[460, 809], [659, 809], [659, 864], [460, 864]], '#가#갑버#}', 0.0012956080175908925), ([[464, 856], [659, 856], [659, 907], [464, 907]], '또렉릇#러', 0.0027419441566259818), ([[173, 1704], [330, 1704], [330, 1749], [173, 1749]], '주출씨-]', 0.03887825439282689), ([[395, 3219], [648, 3219], [648, 3274], [395, 3274]], '{딴} , #슬주다국', 0.0032665190041048474), ([[384, 3262], [659, 3262], [659, 3317], [384, 3317]], '#슬플릇뷰-하', 0.0005600114433106781), ([[438, 3309], [601, 3309], [601, 3360], [438, 3360]], '#스버', 0.043077097032064665), ([[120, 3336], [365, 3336], [365, 3448], [120, 3448]], '슬홀로', 0.04588005263814788), ([[277, 4197], [798, 4197], [798, 4272], [277, 4272]], '@_밟/한-8-,(@적', 4.914275706783177e-05)]
[([[415, 1191], [616, 1191], [616, 1243], [415, 1243]], '##튜름로교', 0.003212344350040726), ([[502, 2161], [631, 2161], [631, 2213], [502, 2213]], '첫째쫓표로', 0.004131409349691505), ([[429, 2205], [704, 2205], [704, 2257], [429, 2257]], '{주국*3 슬|젊', 0.008555401236678334), ([[181, 3813], [456, 3813], [456, 3868], [181, 3868]], '초요습머-3 되국 ', 0.0007568674290688903), ([[240, 3860], [397, 3860], [397, 3912], [240, 3912]], '슬륭-뷰릎', 0.0025009590205185184), ([[283, 4260], [796, 4260], [796, 4325], [283, 4325]], '[한[@/권용 (@적', 0.0006559723018457713), ([[0, 4604], [228, 4604], [228, 4664], [0, 4664]], '스~ -종형', 0.0007528250086793908)]
[([[430, 182], [642, 182], [642, 230], [430, 230]], '미최#똑싶#록 ; ,', 0.009186291431883053), ([[420, 226], [650, 226], [650, 276], [420, 276]], '5,1국국소#', 0.010346049355795577), ([[458, 272], [614, 272], [614, 320], [458, 320]], '##워숙유탓', 0.13267485371159277), ([[468, 1208], [590, 1208], [590, 1256], [468, 1256]], '# ##교지', 0.12816559848248377), ([[448, 1254], [608, 1254], [608, 1302], [448, 1302]], '#료소-  #', 0.04634590686207479), ([[238, 1427], [470, 1427], [470, 1477], [238, 1477]], '9-빗@못출서', 0.005777308120408258), ([[255, 1473], [451, 1473], [451, 1521], [255, 1521]], '# #나#속*', 0.009026810008135345)]
[([[130, 138], [230, 138], [230, 186], [130, 186]], '퍼소습:', 0.034139301627874374), ([[480, 973], [674, 973], [674, 1024], [480, 1024]], '모또습습표', 0.0744884101353859), ([[477, 1016], [671, 1016], [671, 1068], [477, 1068]], '#트? #습:.', 0.0237867454857665), ([[565, 1878], [666, 1878], [666, 1920], [565, 1920]], '[미][미] ,', 0.16186418769842034), ([[573, 1922], [659, 1922], [659, 1964], [573, 1964]], '#7 ]', 0.03474133834242821), ([[159, 2805], [318, 2805], [318, 2859], [159, 2859]], '귀#주^', 0.011407804675400257), ([[160, 2854], [313, 2854], [313, 2902], [160, 2902]], '#3름금?', 0.003750529786012591), ([[398, 2874], [520, 2874], [520, 3010], [398, 3010]], '표', 0.4701571877163566), ([[283, 4260], [796, 4260], [796, 4325], [283, 4325]], '@한[@표87 (@`', 0.0004267651665600786), ([[0, 4608], [193, 4608], [193, 4663], [0, 4663]], '~:,', 0.00028378762098242534)]
[([[267, 2335], [381, 2335], [381, 2364], [267, 2364]], '에0)', 0.00012101988812353184), ([[468, 2335], [527, 2335], [527, 2364], [468, 2364]], '비로', 0.0012341916921172348), ([[37, 3479], [309, 3479], [309, 3740], [37, 3740]], '# ', 0.02470391324228744), ([[283, 4260], [799, 4260], [799, 4325], [283, 4325]], '@한주@/고8 고(@`', 0.00023118207279612752), ([[302, 4480], [485, 4480], [485, 4667], [302, 4667]], '때택', 0.0058762128883893365), ([[570, 4606], [800, 4606], [800, 4667], [570, 4667]], '물]-형', 0.00020087542361579835)]
[([[147, 1265], [288, 1265], [288, 1316], [147, 1316]], '??', 0.40366841200513287), ([[434, 2135], [672, 2135], [672, 2190], [434, 2190]], '#가빼표소습소', 0.019647734460996016), ([[434, 2182], [672, 2182], [672, 2233], [434, 2233]], '##교지귀3   #}', 0.00900628646991736), ([[406, 2327], [554, 2327], [554, 2366], [406, 2366]], '@: 권백개', 0.0004044440466155964), ([[166, 2548], [333, 2548], [333, 2611], [166, 2611]], "'뜰교@늄숲", 0.0016425218019159402), ([[129, 2595], [363, 2595], [363, 2650], [129, 2650]], '넷되문름다?', 0.017329668046857573), ([[279, 4195], [796, 4195], [796, 4262], [279, 4262]], '@한[/_포8꿈(@적', 0.000155399727871931)]
[([[250, 352], [550, 352], [550, 406], [250, 406]], '3뜻*]#]워친국속', 0.00046657075904399283), ([[268, 402], [530, 402], [530, 458], [268, 458]], '스뷰되뷰-숲@', 0.0009673477727705241), ([[381, 849], [554, 849], [554, 898], [381, 898]], '3대트-', 0.00015680445358157158), ([[516, 1392], [692, 1392], [692, 1446], [516, 1446]], '주미# #출', 0.04306629500782967), ([[147, 1707], [638, 1707], [638, 1749], [147, 1749]], '7거밑 :이고 영8-7-사8 서) ":-흡', 3.625521586830978e-05), ([[301, 1765], [473, 1765], [473, 1805], [301, 1805]], '씨4거감 새7', 0.008461210963960629), ([[177, 1820], [618, 1820], [618, 1868], [177, 1868]], '44꼴흡4185,,(어어', 0.0005269424768546559)]
