2180054
16
[([[79, 989], [827, 989], [827, 1176], [79, 1176]], '되리} 용이기-', 0.0012551773879103897), ([[34, 1151], [1271, 1151], [1271, 1345], [34, 1345]], '해이활용-의뷰부홍', 0.02364890794909836), ([[1158, 1704], [1278, 1704], [1278, 1752], [1158, 1752]], '역식자', 0.9916008114814758), ([[1079, 1743], [1278, 1743], [1278, 1793], [1079, 1793]], '트우|오3-교줄히+@', 9.282311069373744e-06)]
[([[336, 240], [404, 240], [404, 270], [336, 270]], '수컷과', 0.9972900748252869), ([[336, 262], [400, 262], [400, 290], [336, 290]], '암컷의', 0.997739906062759), ([[324, 284], [412, 284], [412, 314], [324, 314]], '교미소리', 0.9999355673789978), ([[316, 328], [422, 328], [422, 360], [316, 360]], '보코불린이', 0.46804854898835613), ([[336, 350], [400, 350], [400, 382], [336, 382]], '움직일', 0.9981676768862503), ([[334, 374], [404, 374], [404, 402], [334, 402]], '때마다', 0.9994537518764426), ([[336, 418], [404, 418], [404, 448], [336, 448]], '암컷의', 0.9961285378679432), ([[326, 440], [410, 440], [410, 468], [326, 468]], '교성만이', 0.9906244277954102), ([[323, 459], [415, 459], [415, 495], [323, 495]], '들려앉다.', 0.27988336775182343)]
[([[479, 45], [559, 45], [559, 87], [479, 87]], '05@', 0.48413261576106875), ([[35, 149], [109, 149], [109, 189], [35, 189]], '안에', 0.9950148091869488), ([[16, 184], [124, 184], [124, 232], [16, 232]], '싸취요', 0.9519502241185983), ([[563, 245], [633, 245], [633, 289], [563, 289]], '전부', 0.9999834784753582), ([[884, 274], [932, 274], [932, 304], [884, 304]], '빨리', 0.9999911491732849), ([[872, 298], [944, 298], [944, 330], [872, 330]], '아기틀', 0.32027457704969625), ([[882, 322], [936, 322], [936, 354], [882, 354]], '갖고', 0.9997811805753406), ([[871, 345], [945, 345], [945, 381], [871, 381]], '싶어요', 0.9999411544162916), ([[745, 727], [845, 727], [845, 759], [745, 759]], '이번에야', 0.9974950551986694), ([[2, 702], [176, 702], [176, 846], [2, 846]], '상', 0.4014247860914679), ([[757, 749], [833, 749], [833, 813], [757, 813]], '알할', 0.059956774167771704), ([[768, 800], [814, 800], [814, 830], [768, 830]], '테니', 0.9640259734619292), ([[1172, 784], [1244, 784], [1244, 866], [1172, 866]], '광', 0.8112504560068068), ([[897, 789], [1141, 789], [1141, 899], [897, 899]], "광: '", 0.34113228966605286)]
[([[433, 38], [485, 38], [485, 204], [433, 204]], '국', 0.07074588637159795), ([[1216, 266], [1248, 266], [1248, 356], [1216, 356]], '료', 0.15229303677779527), ([[104, 490], [128, 490], [128, 520], [104, 520]], '곁', 0.23218924707767283), ([[120, 466], [174, 466], [174, 523], [120, 523]], '잘을', 0.04769571137349022), ([[112, 514], [162, 514], [162, 544], [112, 544]], '맺엇', 0.7154366959321904), ([[100, 540], [174, 540], [174, 572], [100, 572]], '습니다', 0.7319797200173244), ([[794, 630], [820, 630], [820, 684], [794, 684]], '푹', 0.1646338900007871), ([[768, 626], [848, 626], [848, 764], [768, 764]], '책', 0.07687826682900223), ([[1156.7716559418755, 40.429139854688444], [1282.308480837184, 26.20356813041189], [1285.2283440581245, 76.57086014531156], [1159.691519162816, 90.7964318695881]], '하악하악', 0.4917666018009186), ([[661.5854189861726, 268.008597566759], [734.8809945846983, 284.27211985278524], [681.4145810138274, 528.991402433241], [607.1190054153017, 512.7278801472148]], '부', 0.4272682778890591), ([[188.38169993978772, 391.0239292232615], [246.6887907358269, 374.0297071997173], [289.6183000602123, 535.9760707767384], [231.3112092641731, 551.9702928002828]], '불', 0.9615417577868044), ([[820.4972384864693, 501.0707279565747], [919.7365455255991, 446.0169620944978], [1012.5027615135307, 638.9292720434253], [913.2634544744009, 694.9830379055022]], '드', 0.5905003209618407)]
[([[262, 234], [356, 234], [356, 288], [262, 288]], '기분', 0.9999003663039396), ([[201, 276], [419, 276], [419, 336], [201, 336]], '중으섞나요', 0.7048313675069957), ([[230, 320], [390, 320], [390, 424], [230, 424]], '서방님', 0.9971886635729503), ([[894.5017271208776, 60.02072545053072], [935.388791569846, 43.01260982437117], [992.4982728791224, 191.97927454946927], [950.611208430154, 208.98739017562883]], '뚫', 0.014266290149518801)]
[([[20, 82], [96, 82], [96, 114], [20, 114]], '하지만', 0.9999638666918695), ([[828, 96], [892, 96], [892, 122], [828, 122]], '기운이', 0.9990057440236971), ([[1181, 59], [1263, 59], [1263, 123], [1181, 123]], '훌중습', 0.02757671152002184), ([[44, 108], [72, 108], [72, 138], [44, 138]], '긴', 0.95558996022692), ([[806, 118], [908, 118], [908, 148], [806, 148]], '넘치시네요', 0.774401087639382), ([[1184, 114], [1258, 114], [1258, 146], [1184, 146]], '사라제', 0.13500724604390732), ([[20, 132], [94, 132], [94, 164], [20, 164]], '시간이', 0.9997709521993606), ([[838, 140], [882, 140], [882, 170], [838, 170]], '후후', 0.9994497750926958), ([[1181, 137], [1259, 137], [1259, 173], [1181, 173]], '습니다.', 0.8777501583099365), ([[16, 156], [98, 156], [98, 188], [16, 188]], '지난 뒤', 0.9971465799090808), ([[597, 357], [651, 357], [651, 393], [597, 393]], '다들', 0.998793633258496), ([[576, 382], [672, 382], [672, 414], [576, 414]], '여신넘이', 0.9659554958343506), ([[588, 408], [660, 408], [660, 440], [588, 440]], '그녀클', 0.27894308265257617), ([[596, 434], [648, 434], [648, 460], [596, 460]], '데려', 0.9988862405422886), ([[426, 470], [488, 470], [488, 498], [426, 498]], '왕가의', 0.9950142961171226), ([[584, 460], [662, 460], [662, 490], [584, 490]], '차다고', 0.07621427440232822), ([[426, 492], [488, 492], [488, 520], [426, 520]], '헬통이', 0.05230715977894837), ([[598, 484], [650, 484], [650, 514], [598, 514]], '믿고', 0.8594308816684995), ([[436, 516], [478, 516], [478, 540], [436, 540]], '어디', 0.9999597078505775), ([[571, 505], [673, 505], [673, 543], [571, 543]], '있습니다.', 0.688914739589869), ([[432, 536], [481, 536], [481, 565], [432, 565]], '선가', 0.9979525305092334), ([[58, 686], [112, 686], [112, 770], [58, 770]], '표', 0.04572865782454105)]
[([[182, 732], [308, 732], [308, 786], [182, 786]], '용사와', 0.9933946481617303), ([[202, 776], [286, 776], [286, 830], [202, 830]], '함께', 0.9995639765524484), ([[10, 1746], [122, 1746], [122, 1802], [10, 1802]], '디꼴)', 0.0010974716923673143)]
[]
[([[1137, 33], [1201, 33], [1201, 71], [1137, 71]], '재양', 0.9237398322008986), ([[39, 63], [125, 63], [125, 105], [39, 105]], '지금은', 0.9930037326641579), ([[1108, 62], [1225, 62], [1225, 104], [1108, 104]], '가논과의', 0.7064301371574402), ([[41, 97], [127, 97], [127, 135], [41, 135]], '인적이', 0.9996280761821901), ([[1123, 95], [1213, 95], [1213, 137], [1123, 137]], '싸움이', 0.9764588686965959), ([[23, 127], [145, 127], [145, 167], [23, 167]], '드문 곳에', 0.7303457578157411), ([[1118, 128], [1148, 128], [1148, 166], [1118, 166]], '끝', 0.9370238744506878), ([[1181, 129], [1217, 129], [1217, 197], [1181, 197]], "턱'", 0.2703696965898341), ([[1124, 164], [1158, 164], [1158, 196], [1124, 196]], '마', 0.9999651911903698), ([[30, 156], [132, 156], [132, 236], [30, 236]], '뚫@일', 0.01856559629439812), ([[1121, 189], [1213, 189], [1213, 231], [1121, 231]], '세력은', 0.6470205783843994), ([[23, 223], [111, 223], [111, 263], [23, 263]], '뿐이에', 0.9368029195351191), ([[1111, 225], [1225, 225], [1225, 263], [1111, 263]], '급격하게', 0.9968089942683338), ([[1135, 257], [1201, 257], [1201, 295], [1135, 295]], '감소', 0.9999973026027609), ([[1091, 287], [1239, 287], [1239, 329], [1091, 329]], '하여습니다', 0.6809250627279398), ([[593, 633], [659, 633], [659, 677], [593, 677]], '잘도', 0.9996689946994356), ([[595, 665], [661, 665], [661, 707], [595, 707]], '이런', 0.9993353246229656), ([[577, 699], [679, 699], [679, 743], [577, 743]], '곳에서', 0.35462051714706383), ([[562, 810], [654, 810], [654, 865], [562, 865]], '부스럭', 0.7021664486888656), ([[380, 876], [471, 876], [471, 926], [380, 926]], '부스럭', 0.6152833233987242), ([[890, 1248], [946, 1248], [946, 1310], [890, 1310]], '?!', 0.6907742913687186), ([[35, 1287], [207, 1287], [207, 1331], [35, 1331]], '하이락 왕국의', 0.9490989222893111), ([[66, 1319], [181, 1319], [181, 1363], [66, 1363]], '왕녀로서', 0.7231217622756958), ([[35, 1351], [203, 1351], [203, 1395], [35, 1395]], '마물은 퇴차:', 0.4956772827962598), ([[834, 1414], [908, 1414], [908, 1462], [834, 1462]], '저건', 0.9999218606370588), ([[1141.3424040507787, 130.05442430467141], [1174.9701425001454, 124.11942999941867], [1187.6575959492213, 197.94557569532859], [1155.0298574998546, 203.88057000058132]], '불', 0.8974258812314737), ([[97.33156707956985, 193.05624576946215], [131.1493915422654, 188.1686948591154], [140.66843292043015, 259.9437542305379], [107.85060845773462, 265.8313051408846]], '앞', 0.02680549133380339)]
[([[836, 68], [888, 68], [888, 92], [836, 92]], '여기서', 0.9999141750757201), ([[1031, 35], [1049, 35], [1049, 89], [1031, 89]], '탑', 0.4536568490402182), ([[6, 94], [118, 94], [118, 120], [6, 120]], '여직 반 밖어', 0.147741843889196), ([[13, 117], [111, 117], [111, 137], [13, 137]], '안 세논대  ', 0.09928525731159284), ([[966, 106], [1022, 106], [1022, 132], [966, 132]], '그런것', 0.9994470762931278), ([[960, 126], [1028, 126], [1028, 150], [960, 150]], '보다도~', 0.9999480247497559), ([[968, 144], [1022, 144], [1022, 168], [968, 168]], '이번엔', 0.9920194870805235), ([[508, 130], [536, 130], [536, 238], [508, 238]], '#', 0.3271532786104423), ([[956, 164], [1032, 164], [1032, 188], [956, 188]], '어떠세요?', 0.9977121256237542), ([[1219, 355], [1280, 355], [1280, 427], [1219, 427]], '뿐물', 0.04932237678999487), ([[11, 437], [61, 437], [61, 473], [11, 473]], '두근', 0.39055792566680014), ([[348, 430], [398, 430], [398, 456], [348, 456]], '오늘도', 0.9997944898403694), ([[1182, 410], [1280, 410], [1280, 484], [1182, 484]], '(동또다', 0.01094405259937048), ([[354, 468], [392, 468], [392, 494], [354, 494]], '굉장', 0.9989962939601166), ([[346, 486], [398, 486], [398, 510], [346, 510]], '하네요', 0.9625307833598105), ([[841.7639320225002, 323.5278640450004], [872.652272562857, 295.0427285222873], [922.2360679774998, 352.4721359549996], [891.347727437143, 380.9572714777127]], '주', 0.7174282902974802), ([[366.184182983552, 306.08407832104956], [414.9597979746447, 329.43431457505073], [399.815817016448, 361.91592167895044], [351.0402020253553, 338.56568542494927]], '두근', 0.9951174986267144)]
[([[1094, 198], [1212, 198], [1212, 294], [1094, 294]], '뿌앞', 0.008056294886513259), ([[52, 521], [263, 521], [263, 574], [52, 574]], '하이락 왕가의', 0.9710499759934043), ([[106, 562], [214, 562], [214, 610], [106, 610]], '혈통에', 0.34149134287438454), ([[58, 598], [262, 598], [262, 649], [58, 649]], '보코불린 님의', 0.5921958869952226), ([[54, 633], [164, 633], [164, 690], [54, 690]], '우월하', 0.4660495367253782), ([[58, 630], [268, 630], [268, 730], [58, 730]], '후해요올', 0.038557026583683145)]
[([[512, 56], [614, 56], [614, 168], [512, 168]], '초', 0.12001065011850187), ([[1140, 504], [1248, 504], [1248, 552], [1140, 552]], '왕가의', 0.9929114562349984), ([[1163, 543], [1199, 543], [1199, 585], [1163, 585]], '부', 0.9999943971712391), ([[1139, 575], [1223, 575], [1223, 701], [1139, 701]], '옛락', 0.005112554507204765), ([[1126, 684], [1262, 684], [1262, 734], [1126, 734]], '잊어버린', 0.9786521259693963), ([[1173, 721], [1215, 721], [1215, 763], [1173, 763]], '채', 0.9998738805484351), ([[1190.5755342621549, 540.0150330963826], [1234.7776974385279, 534.0506145952622], [1257.4244657378451, 692.9849669036174], [1213.2223025614721, 698.9493854047378]], '흙', 0.03564610663397616)]
[([[705, 73], [793, 73], [793, 163], [705, 163]], '음', 0.9988404299583777), ([[889, 73], [1083, 73], [1083, 176], [889, 176]], '히아', 0.8766979655312078), ([[90, 144], [226, 144], [226, 242], [90, 242]], ',"', 0.01008007600411291), ([[442, 170], [474, 170], [474, 200], [442, 200]], '0', 0.21154531202854798), ([[49, 1509], [155, 1509], [155, 1553], [49, 1553]], '그녀튼', 0.2004231952369243), ([[27, 1540], [174, 1540], [174, 1631], [27, 1631]], '완전에적', 0.016502922400832176), ([[47, 1617], [157, 1617], [157, 1661], [47, 1661]], '암컷이', 0.9821387202976984), ([[32, 1654], [168, 1654], [168, 1702], [32, 1702]], '되어버럿', 0.6503580212593079), ([[41, 1688], [155, 1688], [155, 1736], [41, 1736]], '습니다.', 0.6118913292884827), ([[357.25995562830275, 57.25785357339916], [441.8, 49.4], [444.74004437169725, 101.74214642660084], [360.2, 110.6]], '히아', 0.22986894256208373), ([[1150.055228236317, 989.0406475412757], [1225.5647621513183, 963.111863363743], [1273.944771763683, 1126.9593524587244], [1198.4352378486817, 1151.888136636257]], '빨', 0.01184435107419729)]
[([[40, 426], [190, 426], [190, 580], [40, 580]], '6', 0.28973125262297117), ([[851, 381], [1193, 381], [1193, 617], [851, 617]], '땅', 0.37998585239223814), ([[1079, 1077], [1121, 1077], [1121, 1119], [1079, 1119]], '@', 0.0064885149643326145), ([[950, 1094], [1273, 1094], [1273, 1278], [950, 1278]], "'패양", 0.10188222520586854), ([[1057, 1429], [1249, 1429], [1249, 1543], [1057, 1543]], '기뻐[*', 0.023092586547136307), ([[1055, 1519], [1249, 1519], [1249, 1659], [1055, 1659]], '당직서히', 0.013767859898507595), ([[1149, 1673], [1209, 1673], [1209, 1735], [1149, 1735]], '앗', 0.15129950603665865), ([[-39.14740803426307, 1056.3115551794422], [127.00959233063915, 973.0516843597636], [175.14740803426307, 1075.6884448205578], [7.990407669360847, 1158.9483156402364]], '아', 0.9999120254792757)]
[([[55, 43], [195, 43], [195, 79], [55, 79]], '숲속에 숨겨진', 0.7377228715313292), ([[53, 69], [195, 69], [195, 105], [53, 105]], '보코불린의집', 0.7865924550748493), ([[779, 89], [899, 89], [899, 125], [779, 125]], '아직도 하실', 0.9588847398839564), ([[51, 117], [201, 117], [201, 185], [51, 185]], '실혼분불처럼', 0.025397142442347784), ([[775, 106], [894, 106], [894, 175], [775, 175]], '생8경옷"', 0.0027276507783953133), ([[85, 173], [159, 173], [159, 209], [85, 209]], '못하고', 0.9982442612587493), ([[784, 164], [896, 164], [896, 196], [784, 196]], '없네요99', 0.9489414656749644), ([[65, 199], [187, 199], [187, 235], [65, 235]], '다시금 범할', 0.5649735914034041), ([[43, 223], [205, 223], [205, 261], [43, 261]], '생각이엎습니다', 0.27081227100981775), ([[76, 438], [116, 438], [116, 468], [76, 468]], '97', 0.06501932111544662), ([[465, 619], [601, 619], [601, 757], [465, 757]], '(6', 0.3421060194636212), ([[314.1686948591154, 306.8506084577346], [387.4987801902177, 270.87652476222786], [403.8313051408846, 306.1493915422654], [330.5012198097823, 342.12347523777214]], '안돼', 0.6685240729066981), ([[-3.1898088913156, 517.6634395499741], [102.83081704544459, 445.97683541668493], [137.1898088913156, 509.3365604500259], [29.169182954555414, 581.0231645833151]], '~아양', 0.43147015387826676)]
[([[764, 179], [863, 179], [863, 219], [764, 219]], '흐흐후', 0.01149524550544147), ([[133, 207], [201, 207], [201, 249], [133, 249]], '이제', 0.99997622926019), ([[147, 243], [189, 243], [189, 289], [147, 289]], '못', 0.9959915594928113), ([[98, 280], [238, 280], [238, 330], [98, 330]], '참으시켓', 0.8877279162406921), ([[125, 321], [215, 321], [215, 363], [125, 363]], '어요?', 0.9999205069530143), ([[251, 909], [359, 909], [359, 951], [251, 951]], "'예에", 0.8096742395361419), ([[265, 945], [341, 945], [341, 989], [265, 989]], '거기', 0.9998768491297984), ([[244, 982], [360, 982], [360, 1030], [244, 1030]], '랍니다', 0.2472718700857604)]
