2180980
36
[([[20, 11], [902, 11], [902, 97], [20, 97]], '[죽이기 전에 고불린의장난감이터테나]', 0.18124543078662345), ([[1021, 222], [1362, 222], [1362, 350], [1021, 350]], '시:싫어:.', 0.22004026957762218), ([[1026, 335], [1334, 335], [1334, 443], [1026, 443]], '풀어쥐유', 0.1281653195619583), ([[15, 1826], [115, 1826], [115, 1912], [15, 1912]], '빗', 0.5041351797996221), ([[998, 2072], [1091, 2072], [1091, 2185], [998, 2185]], '부둘', 0.31758405140082674), ([[24, 2834], [113, 2834], [113, 2876], [24, 2876]], '사레7', 0.004289915553569418), ([[446.3947281234448, 408.0367706122474], [483.92144267525094, 401.0856390653284], [500.6052718765552, 499.9632293877526], [464.07855732474906, 506.9143609346716]], '덜', 0.0669717017445004), ([[427.2912904420258, 569.8204194862284], [540.1232578210195, 535.2300703045681], [555.7087095579742, 591.1795805137716], [442.8767421789806, 625.7699296954319]], '우으증', 0.06053434277652259)]
[([[21, 2832], [111, 2832], [111, 2876], [21, 2876]], '꼴7', 0.05130319229108983)]
[([[21, 2834], [113, 2834], [113, 2876], [21, 2876]], '사레7', 0.006128285502022033)]
[([[21, 2832], [111, 2832], [111, 2876], [21, 2876]], '히87', 0.016195560032596)]
[([[21, 2832], [111, 2832], [111, 2876], [21, 2876]], '히87', 0.014702794753026868)]
[([[21, 2832], [111, 2832], [111, 2876], [21, 2876]], '히87', 0.014702794753026868)]
[([[21, 2834], [111, 2834], [111, 2876], [21, 2876]], '사레7', 0.012034266982797725)]
[([[21, 2832], [111, 2832], [111, 2876], [21, 2876]], '꼴7', 0.05130319229108983)]
[([[21, 2832], [111, 2832], [111, 2876], [21, 2876]], '히87', 0.014702794753026868)]
[([[21, 2832], [111, 2832], [111, 2876], [21, 2876]], '히87', 0.016195560032596)]
[([[21, 2832], [111, 2832], [111, 2876], [21, 2876]], '꼴7', 0.05130319229108983)]
[([[1052, 1183], [1159, 1183], [1159, 1271], [1052, 1271]], '음권', 0.05646965285588966), ([[15, 1826], [115, 1826], [115, 1912], [15, 1912]], '빗', 0.3876496356660688), ([[914, 1801], [1059, 1801], [1059, 1899], [914, 1899]], '스옥^', 0.22190842032432556), ([[21, 2834], [111, 2834], [111, 2876], [21, 2876]], '사레7', 0.012388147596213702), ([[1089.0605564022142, 128.02323932472723], [1301.6101285879024, 219.170755434588], [1233.9394435977858, 367.97676067527277], [1021.3898714120976, 276.829244565412]], '아뇨', 0.10880484198674002), ([[1036.8710458403, 271.0335701170385], [1287.7552669636505, 319.23608877575225], [1251.1289541597, 476.9664298829615], [1000.2447330363497, 428.76391122424775]], '아웃', 0.3334029428791178), ([[419.7716559418754, 524.4291398546884], [533.9530829371774, 505.6137086041746], [540.2283440581247, 560.5708601453116], [426.0469170628225, 579.3862913958254]], '잇옛', 0.18295281732327545), ([[1344.2184013837282, 2546.043772315181], [1398.3465592767675, 2563.4817808928724], [1370.7815986162718, 2648.956227684819], [1316.6534407232325, 2632.5182191071276]], '부', 0.9999911785320279), ([[1380.4224957091271, 2574.033463098494], [1419.1165600128822, 2583.0901338020203], [1397.5775042908729, 2669.966536901506], [1357.8834399871178, 2659.9098661979797]], '둘', 0.26854969035917975)]
[([[21, 2832], [111, 2832], [111, 2876], [21, 2876]], '꼴7', 0.05130319229108983)]
[([[21, 2832], [111, 2832], [111, 2876], [21, 2876]], '꼴7', 0.05130319229108983)]
[([[21, 2834], [111, 2834], [111, 2876], [21, 2876]], '사레7', 0.008405325418335993)]
[([[21, 2834], [111, 2834], [111, 2876], [21, 2876]], '사레7', 0.008405325418335993)]
[([[21, 2834], [113, 2834], [113, 2876], [21, 2876]], '꼴레', 0.013543400513074016)]
[([[24, 2834], [113, 2834], [113, 2876], [24, 2876]], '사레7', 0.007503897413815748)]
[([[21, 2834], [111, 2834], [111, 2876], [21, 2876]], '꼴히7', 0.0040961169922498885)]
[([[21, 2834], [113, 2834], [113, 2876], [21, 2876]], '꼴레7', 0.0027148629447946017)]
[([[21, 2834], [111, 2834], [111, 2876], [21, 2876]], '꼴레7', 0.0030378613478821504)]
[([[21, 2832], [111, 2832], [111, 2876], [21, 2876]], '히87', 0.016195560032596)]
[([[1200, 331], [1275, 331], [1275, 417], [1200, 417]], '0', 0.9990385698593265), ([[1052, 1183], [1159, 1183], [1159, 1271], [1052, 1271]], '음권', 0.061000541730511476), ([[15, 1826], [117, 1826], [117, 1912], [15, 1912]], '빗', 0.6179055593936802), ([[21, 2832], [111, 2832], [111, 2876], [21, 2876]], '꼴7', 0.04038220556410192), ([[1034.0022148421433, 18.033222632150867], [1231.2911640156701, 70.44339698051098], [1193.9977851578567, 197.96677736784915], [995.7088359843299, 145.55660301948902]], '아양', 0.9365207433525699), ([[1272.2615671873027, 67.01604530796399], [1592.9929043080278, 203.50887559803388], [1532.7384328126973, 330.98395469203604], [1213.0070956919722, 194.49112440196612]], '싫어:.7', 0.13241854824728164), ([[1024.3630551041606, 115.01268311442898], [1425.9576057695783, 270.8360334615131], [1369.6369448958394, 397.98731688557103], [969.0423942304216, 242.1639665384869]], '보짓물이:', 0.8357265776848224), ([[1004.073395140519, 226.0238657260693], [1245.730834520985, 314.8987893993715], [1188.926604859481, 455.9761342739307], [947.2691654790151, 367.1012106006285]], '아웃다', 0.3825245411644443), ([[419.7716559418754, 524.4291398546884], [532.9368147500429, 505.5900351726508], [540.2283440581247, 560.5708601453116], [426.0631852499571, 579.4099648273492]], '잇옛', 0.14956956406827818), ([[638.828498859336, 1905.1480416731529], [820.8461352963163, 1868.2372898899105], [839.171501140664, 2009.8519583268471], [657.1538647036837, 2045.7627101100895]], '보3?', 0.5526890002113425), ([[1345.226979317476, 2546.0428138572847], [1398.451277363583, 2564.6086932348917], [1368.773020682524, 2649.9571861427153], [1315.548722636417, 2631.3913067651083]], '부', 0.9999724628436901), ([[1381.4290466368775, 2573.0327057408344], [1420.1785362643054, 2584.140348821915], [1396.5709533631225, 2669.9672942591656], [1357.8214637356946, 2659.859651178085]], '들', 0.8766330966891509)]
[([[21, 2834], [113, 2834], [113, 2876], [21, 2876]], '꼴레7', 0.005835964512191856)]
[]
[]
[]
[]
[]
[]
[([[220, 760], [308, 760], [308, 857], [220, 857]], '규', 0.02834247381174415), ([[324, 1172], [375, 1172], [375, 1234], [324, 1234]], '헬', 0.6376821180357553), ([[1048, 1178], [1185, 1178], [1185, 1274], [1048, 1274]], '음랜0', 0.0023294595127339823), ([[15, 1826], [117, 1826], [117, 1912], [15, 1912]], '빗', 0.5555309893782265), ([[21, 2832], [111, 2832], [111, 2876], [21, 2876]], '히87', 0.012937715815688488), ([[1038.9559504388565, 149.01947176135025], [1385.548509205287, 241.10187328833788], [1315.0440495611435, 472.98052823864975], [968.4514907947131, 380.8981267116621]], '항양웃-', 0.04318840056657791), ([[419.7716559418754, 524.4291398546884], [532.9368147500429, 505.5900351726508], [540.2283440581247, 560.5708601453116], [426.0631852499571, 579.4099648273492]], '잇옛', 0.20759422964550728), ([[96.98844887429055, 823.6919142120034], [223.4734517740562, 759.4584421776588], [264.01155112570945, 843.3080857879966], [138.5265482259438, 907.5415578223412]], '코으드', 0.12790684793163207), ([[1174.00496280979, 1932.0496280979], [1292.631963013333, 1971.3120103218605], [1262.99503719021, 2051.9503719021], [1144.368036986667, 2012.6879896781395]], '꼬럿', 0.026814676361771858), ([[542.235372136918, 2565.041886445954], [594.3837591614302, 2583.5261719644454], [564.764627863082, 2669.958113554046], [512.6162408385698, 2651.4738280355546]], '부', 0.9999604229074635), ([[578.4224957091271, 2596.033463098494], [616.1724668919412, 2606.1353585134534], [592.5775042908729, 2691.966536901506], [554.8275331080588, 2680.8646414865466]], '들', 0.9572421678966272)]
[([[967, 247], [1051, 247], [1051, 349], [967, 349]], '너', 0.999498787756611), ([[963, 338], [1441, 338], [1441, 459], [963, 459]], '넣어주세요7', 0.32655482675131026), ([[259, 806], [332, 806], [332, 885], [259, 885]], '방', 0.09739128243924089), ([[324, 1172], [375, 1172], [375, 1239], [324, 1239]], '핵', 0.25210194675793574), ([[1052, 1183], [1159, 1183], [1159, 1271], [1052, 1271]], '음권', 0.029210567359554296), ([[15, 1826], [117, 1826], [117, 1912], [15, 1912]], '빗', 0.5555192610561477), ([[21, 2834], [111, 2834], [111, 2876], [21, 2876]], '사레7', 0.008405325418335993), ([[420.7716559418754, 524.4291398546884], [532.920202343211, 505.5661087813006], [540.2283440581247, 560.5708601453116], [427.07979765678897, 579.4338912186994]], '잇옛', 0.13792975898628626), ([[1173.9950129403812, 1932.050628109775], [1292.626509401539, 1971.2925442308172], [1264.0049870596188, 2050.949371890225], [1145.373490598461, 2012.7074557691828]], '꼬럿', 0.04643657028289985), ([[541.2184013837282, 2566.043772315181], [594.3095139270913, 2582.4383049358794], [566.7815986162718, 2668.956227684819], [512.6904860729087, 2652.5616950641206]], '부', 0.9782162546142379), ([[578.4224957091271, 2596.033463098494], [616.1724668919412, 2606.1353585134534], [592.5775042908729, 2691.966536901506], [554.8275331080588, 2680.8646414865466]], '들', 0.9613521642123146)]
[([[259, 806], [332, 806], [332, 885], [259, 885]], '방', 0.2301031684046615), ([[324, 1172], [375, 1172], [375, 1239], [324, 1239]], '핵', 0.2840304123436823), ([[1052, 1183], [1159, 1183], [1159, 1271], [1052, 1271]], '음권', 0.05220211399080367), ([[15, 1826], [117, 1826], [117, 1912], [15, 1912]], '빗', 0.6270364766828074), ([[21, 2834], [113, 2834], [113, 2876], [21, 2876]], '사레7', 0.009930249780969031), ([[955.301126375466, -18.987785661671747], [1276.8942171371602, 160.94570583909757], [1191.698873624534, 306.98778566167175], [869.1057828628398, 127.05429416090242]], '아아약}', 0.24882222712039948), ([[893.1111650265874, 121.0232520078185], [1059.8890111227197, 219.0605920241853], [983.8888349734126, 345.9767479921815], [817.1109888772804, 246.9394079758147]], "살살'", 0.7869992852210999), ([[1052.4460195460315, 187.0069759774464], [1496.274548021313, 468.3970002240899], [1393.5539804539685, 627.9930240225536], [948.725451978687, 346.6029997759101]], "'넣어주세요", 0.37622179132048555), ([[419.91611386505843, 522.3735074356578], [533.992301766027, 505.6717988226486], [540.0838861349415, 560.6264925643422], [425.0076982339729, 578.3282011773514]], '잇옛', 0.26741758355040246), ([[1068.1051519488256, 1499.011441199082], [1413.8427046647043, 1705.685496772035], [1258.8948480511744, 1959.988558800918], [913.1572953352957, 1753.314503227965]], '별잡', 0.05229092323464071), ([[364.54739466905824, 1890.0971728301336], [772.860325264498, 1810.0618642472316], [802.4526053309418, 2077.9028271698667], [394.13967473550207, 2156.938135752768]], '빗품"', 0.048484330146915805), ([[541.3300583289099, 2567.037519127298], [592.527633132981, 2584.0629277104513], [565.6699416710901, 2667.962480872702], [514.472366867019, 2651.9370722895487]], '부', 0.9999880791065721), ([[578.4224957091271, 2596.033463098494], [616.1724668919412, 2606.1353585134534], [592.5775042908729, 2691.966536901506], [554.8275331080588, 2680.8646414865466]], '들', 0.9683934189379215)]
[([[259, 806], [334, 806], [334, 885], [259, 885]], '병', 0.20340304753008187), ([[324, 1172], [377, 1172], [377, 1241], [324, 1241]], '핵', 0.21838246273613837), ([[1052, 1183], [1159, 1183], [1159, 1271], [1052, 1271]], '음권', 0.0490711462982127), ([[15, 1826], [117, 1826], [117, 1912], [15, 1912]], '빗', 0.4406370094272951), ([[21, 2834], [111, 2834], [111, 2876], [21, 2876]], '사레7', 0.0245610216480798), ([[1047.1080312547508, -19.980099893581578], [1355.8323431763138, 87.4157855861167], [1294.8919687452492, 243.98009989358158], [986.1676568236862, 135.5842144138833]], '하웃]', 0.03957842550332019), ([[1018.1713862837009, 127.01908235631004], [1342.9448110390856, 238.59154099402525], [1287.828613716299, 379.98091764368996], [963.0551889609144, 268.40845900597475]], '아악-', 0.10875254652404061), ([[988.3003885651146, 247.01165695343775], [1489.984893660217, 427.2036093487584], [1422.6996114348854, 588.9883430465622], [921.015106339783, 408.7963906512416]], '아아아양]!', 0.2542203646795063), ([[420.91611386505843, 522.3735074356578], [533.9606076283189, 505.62474120135], [539.0838861349415, 560.6264925643422], [427.03939237168106, 578.37525879865]], '잇옛', 0.09017546464434494), ([[1033.9193135460835, 1462.014601205086], [1455.2739930921502, 1584.4862327782778], [1350.0806864539165, 1911.985398794914], [928.7260069078498, 1789.5137672217222]], '품수', 0.6270717462392137), ([[264.26594265908403, 1895.0358123498331], [754.6909168374733, 1860.6313831169437], [755.734057340916, 2220.964187650167], [265.3090831625267, 2255.3686168830563]], '무짓', 0.3191404708039471), ([[542.337410843551, 2567.0366975919583], [593.6146507097974, 2584.1652902552387], [564.662589156449, 2668.9633024080417], [513.3853492902026, 2650.8347097447613]], '부', 0.9999413498895251), ([[578.4290466368775, 2595.0327057408344], [616.1443462471558, 2605.11244463988], [592.5709533631225, 2691.9672942591656], [554.8556537528442, 2680.88755536012]], '들', 0.9440535774281535)]
[([[398, 1049], [451, 1049], [451, 1108], [398, 1108]], '숲', 0.020644291043778518), ([[410, 1107], [507, 1107], [507, 1185], [410, 1185]], '죽문', 0.03980399363286553), ([[324, 1168], [377, 1168], [377, 1241], [324, 1241]], '핵', 0.4298244266326634), ([[1052, 1183], [1183, 1183], [1183, 1271], [1052, 1271]], '움질', 0.006370531466424152), ([[15, 1824], [117, 1824], [117, 1912], [15, 1912]], '빗', 0.6761294820161687), ([[516, 2572], [620, 2572], [620, 2692], [516, 2692]], '부', 0.6067477435742639), ([[21, 2832], [111, 2832], [111, 2876], [21, 2876]], '히레7', 0.012265195998653089), ([[1108.0664392650674, -19.97819972755784], [1342.6666236476763, 78.36352996703346], [1273.9335607349326, 233.97819972755784], [1038.3333763523237, 134.63647003296654]], '@옷', 0.3252172279901425), ([[419.7716559418754, 524.4291398546884], [532.8961468866099, 504.53189595531796], [540.2283440581247, 560.5708601453116], [427.1038531133901, 579.468104044682]], '잇옛', 0.15776350867267933), ([[1105.1189256533435, 619.323272874711], [1304.1512945227594, 579.8789643817925], [1317.8810743466565, 688.676727125289], [1118.8487054772406, 728.1210356182075]], '체계?', 0.00801629718742668), ([[427.6954548742861, 1037.1731830348588], [462.6358215799268, 1017.0405916765708], [498.3045451257139, 1083.8268169651412], [463.3641784200732, 1104.9594083234292]], '물', 0.3689573516711029), ([[1114.9500453018884, 1245.0119842227139], [1619.4608196089994, 1399.9282662273379], [1493.0499546981116, 1774.9880157772861], [987.5391803910005, 1619.0717337726621]], '부늄', 0.09159575088873523), ([[208.68386052149987, 1826.055912795047], [694.8026863683368, 1720.1870333646707], [750.3161394785002, 2128.944087204953], [264.1973136316632, 2234.8129666353293]], '낙품', 0.1935293774428953), ([[1028.8100935362459, 1944.1083749828128], [1521.8044231068993, 1788.1065433657402], [1609.1899064637541, 2184.8916250171874], [1116.1955768931007, 2340.89345663426]], '부품', 0.8498452724252015), ([[575.8956782975852, 2070.010889687569], [1139.4544505559745, 2227.8993321824255], [997.1043217024148, 2688.989110312431], [433.5455494440255, 2531.1006678175745]], '부품', 0.5772815424562633)]
[([[977, 344], [1562, 344], [1562, 526], [977, 526]], '라득들어오고', 0.18026179773171713), ([[999, 484], [1320, 484], [1320, 728], [999, 728]], '있어엎드', 0.07526024430990219), ([[153, 805], [333, 805], [333, 913], [153, 913]], '부로서/', 0.00432879151776433), ([[398, 1049], [451, 1049], [451, 1108], [398, 1108]], '{', 0.11991124784157225), ([[408, 1105], [507, 1105], [507, 1185], [408, 1185]], '죽물', 0.14278963496805328), ([[324, 1168], [377, 1168], [377, 1241], [324, 1241]], '핵', 0.43564016139089645), ([[1048, 1178], [1187, 1178], [1187, 1274], [1048, 1274]], '용판', 0.028811331023992914), ([[15, 1824], [117, 1824], [117, 1912], [15, 1912]], '빗', 0.5867989681900241), ([[130, 1773], [780, 1773], [780, 2233], [130, 2233]], '부사', 0.07531575320123093), ([[21, 2834], [113, 2834], [113, 2876], [21, 2876]], '사레7', 0.014329823444248473), ([[920.4226202628868, 73.25357215773205], [1448.2631451962552, -37.48574637013789], [1474.5773797371132, 96.74642784226795], [946.7368548037448, 208.4857463701379]], '하위으웃]', 0.16749907147525223), ([[954.7460431327202, 174.35719409724072], [1332.5624645243531, 123.5922269058853], [1339.2539568672798, 248.64280590275928], [960.4375354756468, 299.4077730941147]], '호으으응', 0.846152663230896), ([[975.9642176806275, 277.1387890685809], [1351.8520180656892, 250.24486355436983], [1351.0357823193724, 379.8612109314191], [975.1479819343108, 406.75513644563017]], '뜨거운게', 0.6294361352920532), ([[420.91611386505843, 522.3735074356578], [533.9606076283189, 505.62474120135], [539.0838861349415, 560.6264925643422], [427.03939237168106, 578.37525879865]], '잇옛', 0.2090655972916333), ([[427.7581232486615, 1036.1566806697797], [463.6358215799268, 1017.0405916765708], [498.2418767513385, 1084.8433193302203], [462.3641784200732, 1104.9594083234292]], '물', 0.4245355710780565), ([[442.00746064691054, 2372.0320261189186], [1420.750342252483, 1716.6539805502384], [1638.9925393530893, 2184.9679738810814], [660.249657747517, 2840.3460194497616]], '부스릇  ', 0.22667206365726084)]
