2183300
21
[([[1043, 78], [1595, 78], [1595, 307], [1043, 307]], '난천이', 0.7240296641591568), ([[1076, 307], [1886, 307], [1886, 512], [1076, 512]], '몰려서 그런', 0.6563374759382802), ([[1403, 512], [1768, 512], [1768, 709], [1403, 709]], '그림', 0.6420447523970418), ([[1022.617604175935, 1039.1203438028294], [1124.0923250366002, 942.6218209653048], [1162.382395824065, 997.8796561971706], [1060.9076749633998, 1093.3781790346952]], '+사', 0.012902116324348359)]
[([[338, 304], [620, 304], [620, 499], [338, 499]], '%%', 0.03908814272967517), ([[1483, 455], [1670, 455], [1670, 554], [1483, 554]], '호0', 0.37169519331727513), ([[342, 807], [452, 807], [452, 956], [342, 956]], '0', 0.018827863095793873), ([[1474.1044022837932, 491.02867562717387], [1717.812443114518, 559.7160527133474], [1679.8955977162068, 674.9713243728261], [1436.187556885482, 606.2839472866526]], '수$', 0.027269517435715315), ([[1814.5747226438546, 1188.048422864661], [1948.8652440204094, 1116.0178325050736], [2069.4252773561457, 1376.951577135339], [1935.1347559795906, 1448.9821674949264]], '6', 0.05337311309908643), ([[638.4319172571411, 2424.013454125676], [807.1057404756019, 2581.4543945960327], [738.5680827428589, 2658.986545874324], [569.8942595243981, 2502.5456054039673]], '히 [0', 0.006411453296941965), ([[1324.080735117976, 2398.0183779493987], [1631.7207305946745, 2516.42671002517], [1557.919264882024, 2693.9816220506013], [1249.2792694053255, 2576.57328997483]], '골온월', 0.039107009160806505), ([[802.2563703943445, 2434.019763413676], [949.7440732106413, 2558.335332744876], [873.7436296056555, 2649.980236586324], [726.2559267893587, 2525.664667255124]], '@소', 0.0349079231674177)]
[([[1597, 715], [1901, 715], [1901, 848], [1597, 848]], '아아', 0.9025044145236208), ([[1849, 824], [1945, 824], [1945, 881], [1849, 881]], '@66', 0.09307432533469126), ([[242.70763441146167, 474.224580646877], [550.8232753854331, 349.97988557859304], [608.2923655885384, 499.775419353123], [300.1767246145668, 624.0201144214069]], '@야}', 0.003006194076875131), ([[1244.0202469661444, 2263.030025548153], [1509.5587178200337, 2324.268204212907], [1471.9797530338556, 2457.969974451847], [1207.4412821799663, 2396.731795787093]], '%바륭', 0.0044440180366981516)]
[([[43, 637], [321, 637], [321, 884], [43, 884]], '하', 0.1717942639276382), ([[1444.0336536724292, 985.0259583071811], [1916.7924374968725, 1057.2743500004792], [1883.9663463275708, 1206.974041692819], [1411.2075625031275, 1134.7256499995208]], '피히 _', 0.08871285125490055), ([[167.26000144685895, 1712.762005353378], [626.1047548493375, 1603.5012859923354], [655.739998553141, 1792.237994646622], [195.89524515066245, 1900.4987140076646]], "하@ '", 0.141523078083992)]
[([[1547, 1534], [1735, 1534], [1735, 1708], [1547, 1708]], '@', 0.9907357489461823), ([[1492.0349418839583, 225.02329699793626], [1853.5971451176108, 307.00601662005215], [1806.9650581160417, 471.97670300206374], [1446.4028548823892, 389.99398337994785]], '하아', 0.9365668846789146), ([[-5.955844350385595, 559.1459720611055], [455.3018742801499, 464.1049568660961], [485.9558443503856, 719.8540279388945], [22.698125719850115, 814.8950431339039]], '중@', 0.19606037700368945)]
[([[295, 727], [534, 727], [534, 912], [295, 912]], '주리', 0.14193489517970448), ([[1923, 672], [2268, 672], [2268, 932], [1923, 932]], '대몸든', 0.0070457504291240826), ([[1797, 1518], [2052, 1518], [2052, 1778], [1797, 1778]], '[품종', 0.11186552477237038), ([[2154.7753087076803, 656.037531935191], [2280.6346009366953, 580.0100704940926], [2426.2246912923197, 858.962468064809], [2301.3653990633047, 934.9899295059074]], '틈', 0.2393015904841036), ([[729.1628835042561, 1690.0292341108618], [809.7631578838784, 1660.0242916683699], [876.8371164957439, 1856.9707658891382], [795.2368421161216, 1887.9757083316301]], '흥', 0.06626777397230033)]
[([[219, 670], [683, 670], [683, 1066], [219, 1066]], '초량', 0.09942221146883491), ([[1923, 676], [2271, 676], [2271, 932], [1923, 932]], '뒷류', 0.001135097494210497), ([[1797, 1518], [2055, 1518], [2055, 1778], [1797, 1778]], '[품종', 0.026562146833563127), ([[899.8061770169313, 241.03791334910082], [1143.4965820831376, 145.87291831166104], [1193.1938229830687, 305.96208665089915], [949.5034179168624, 401.12708168833893]], ';름', 0.10380462091663907), ([[2185.00103145979, 619.0226921153734], [2336.129115036183, 572.3909646439744], [2418.99896854021, 882.9773078846266], [2267.870884963817, 929.6090353560256]], '름', 0.056742197411697504), ([[730.1686688158603, 1689.0288309483878], [809.6429774616068, 1659.0172382155088], [876.8313311841397, 1856.9711690516122], [797.3570225383932, 1887.9827617844912]], '흥', 0.06489254340184747)]
[([[540, 852], [659, 852], [659, 969], [540, 969]], '오', 0.673752181251249), ([[596.6449259105999, 2290.034025620938], [798.0385675661851, 2266.93663899841], [817.3550740894001, 2542.965974379062], [615.9614324338149, 2566.06336100159]], '끼', 0.30546211752511354), ([[938.9204087619014, 2567.044905142817], [1180.599403359689, 2605.797651646079], [1157.0795912380986, 2712.955094857183], [915.400596640311, 2673.202348353921]], '906', 0.015449559334104397)]
[([[1709, 519], [1906, 519], [1906, 760], [1709, 760]], '콩', 0.9979410052246784), ([[1790, 1995], [1958, 1995], [1958, 2187], [1790, 2187]], '안', 0.025712116084936065), ([[428.29372701161265, 1501.0124744286375], [533.4157105852596, 1402.0043208490108], [898.7062729883874, 1823.9875255713625], [793.5842894147404, 1922.9956791509892]], '@', 0.06777749243412146)]
[([[1728, 1217], [1858, 1217], [1858, 1325], [1728, 1325]], '쏘', 0.012546722947053779), ([[1854, 1271], [2017, 1271], [2017, 1446], [1854, 1446]], '콩[', 0.2866027263408967)]
[([[1518, 915], [1582, 915], [1582, 995], [1518, 995]], "'세", 0.17901965375415932)]
[([[366, 494], [471, 494], [471, 536], [366, 536]], '000', 0.9989458740451573), ([[999.651818773715, 1018.3117294627456], [1160.4445694460028, 924.8336436351759], [1194.348181226285, 998.6882705372544], [1032.5554305539972, 1093.166356364824]], '소{)', 0.0037094532187012396)]
[([[1517, 916], [1590, 916], [1590, 998], [1517, 998]], "'마", 0.03409673228137352)]
[([[618, 114], [834, 114], [834, 311], [618, 311]], '휴육', 0.018154764116413643), ([[365, 684], [593, 684], [593, 867], [365, 867]], '7욱', 0.007241940709706481), ([[918, 2175], [1232, 2175], [1232, 2346], [918, 2346]], '5 산뱀', 0.0004239637346472591), ([[808, 2520], [942, 2520], [942, 2677], [808, 2677]], '파', 0.3113270480496091), ([[1293.6660257026508, 279.33012851325435], [1461.7464278422678, 216.42262026288674], [1504.3339742973492, 362.66987148674565], [1336.2535721577322, 425.57737973711323]], ' @', 0.10427598849792008), ([[1448.9080146377473, 469.0398005371377], [1637.871667267005, 507.2923869057635], [1608.0919853622527, 635.9601994628623], [1418.128332732995, 597.7076130942364]], '%%', 0.014611507843806828), ([[1108.8904408942155, 1859.0293329006736], [1259.8481756377655, 1825.1479852298485], [1308.1095591057845, 2089.9706670993264], [1157.1518243622345, 2122.8520147701515]], '05', 0.20607729299283542)]
[([[1804, 200], [1914, 200], [1914, 308], [1804, 308]], '0', 0.9999511247884953), ([[1748.6040872666774, 362.0927257401384], [1913.7467711822287, 219.00899593750805], [2156.395912733323, 552.9072742598615], [1991.2532288177713, 695.9910040624919]], '술', 0.7417714516721254), ([[140.2603538202914, 509.00882507021004], [497.68168460227594, 778.5689470815094], [336.7396461797086, 989.99117492979], [-20.681684602275922, 721.4310529184906]], '0무', 0.006688992379972885)]
[([[2718, 221], [2809, 221], [2809, 274], [2718, 274]], '꽉9', 0.29368745397126694), ([[2681, 260], [2727, 260], [2727, 300], [2681, 300]], '간', 0.014564175964002557), ([[2205, 702], [2349, 702], [2349, 810], [2205, 810]], '꽉0', 0.04021778607023678), ([[2654, 811], [2828, 811], [2828, 878], [2654, 878]], '한 짜', 0.23805715143680573), ([[2672, 858], [2723, 858], [2723, 896], [2672, 896]], '66', 0.07308393657730548), ([[1083, 775], [1564, 775], [1564, 1139], [1083, 1139]], '계(', 0.199132015416998), ([[949, 1005], [1152, 1005], [1152, 1199], [949, 1199]], '숫', 0.013138564267337394), ([[2652.286093236459, 245.5144372945836], [2701.84126865782, 218.4489818742043], [2719.713906763541, 252.4855627054164], [2670.15873134218, 279.55101812579574]], '하', 0.9977912000292442), ([[51.86628375771584, 683.1698105709858], [433.778566431079, 590.770042583603], [471.13371624228415, 832.8301894290142], [89.22143356892101, 926.229957416397]], "귀''", 0.0051902624273898875), ([[235.92064811020649, 1604.0102202189023], [780.2797393015336, 1789.7448924969376], [613.0793518897935, 2245.9897797810977], [68.72026069846638, 2060.2551075030624]], '선팩', 0.10540617001709744)]
[([[2177, 675], [2411, 675], [2411, 838], [2177, 838]], '젓물(', 0.004148739429181908), ([[1086, 777], [1564, 777], [1564, 1139], [1086, 1139]], '계(', 0.0760239370834589), ([[949, 1005], [1152, 1005], [1152, 1199], [949, 1199]], '숫', 0.0122088472477771), ([[2638.0668392748016, 215.2277713587291], [2852.5384025440717, 48.55945852091926], [2933.9331607251984, 188.7722286412709], [2719.4615974559283, 356.44054147908076]], "구수숲'", 0.07794886827468872), ([[50.69003908601685, 689.1963283225416], [431.8648761460176, 590.2671163865141], [472.30996091398316, 828.8036716774584], [91.1351238539824, 928.7328836134859]], '제센!', 0.011196574382922016), ([[2688.826696911423, 835.0430779953546], [2844.1298515113185, 868.493516384612], [2811.173303088577, 1002.9569220046454], [2655.8701484886815, 968.506483615388]], '꿈소', 0.05978489652577595), ([[233.93352678031835, 1609.010155966714], [776.2539195336949, 1790.8622768574464], [612.0664732196816, 2245.9898440332863], [69.74608046630507, 2063.1377231425536]], '때팩', 0.06991471784775487)]
[([[2200, 697], [2351, 697], [2351, 812], [2200, 812]], '대어', 0.005352256230129284), ([[2652, 812], [2828, 812], [2828, 880], [2652, 880]], '함짜', 0.24772461567534945), ([[1373, 801], [1536, 801], [1536, 980], [1373, 980]], '(', 0.9954182060140546), ([[2672, 858], [2723, 858], [2723, 896], [2672, 896]], '66', 0.0560854146181652), ([[156, 1825], [390, 1825], [390, 2006], [156, 2006]], '째', 0.4896350562842464), ([[2725.0895536990884, 212.0835899750777], [2814.8076197382043, 229.6263943605131], [2803.9104463009116, 275.9164100249223], [2714.1923802617957, 258.37360563948687]], '끼49', 0.005717918431214361), ([[51.907917269904296, 685.1712554291387], [428.96521939233804, 591.3686471526844], [467.0920827300957, 830.8287445708613], [90.03478060766196, 924.6313528473156]], '지례!', 0.012016584361912178), ([[897.8937787748389, 1033.1421886457445], [1300.0539054577844, 739.5142667716834], [1432.106221225161, 991.8578113542555], [1030.9460945422156, 1284.4857332283166]], '찌?', 0.11746373818682855)]
[([[2187, 673], [2382, 673], [2382, 834], [2187, 834]], '젓좌드', 0.0002187380741816014), ([[1373, 801], [1536, 801], [1536, 978], [1373, 978]], '(', 0.9947717755544296), ([[2657, 833], [2830, 833], [2830, 994], [2657, 994]], '꽃숙', 0.10487282899973586), ([[156, 1825], [393, 1825], [393, 2008], [156, 2008]], '째', 0.419343912379194), ([[2637.9745836623324, 215.24241870645972], [2854.4691849381575, 47.529703026004384], [2938.0254163376676, 190.75758129354028], [2721.5308150618425, 358.47029697399563]], '구수숲!', 0.05527422949671745), ([[50.61047749129088, 690.2059154285853], [427.96577949904696, 592.3692168012726], [467.3895225087091, 827.7940845714147], [90.03422050095305, 924.6307831987274]], '피텔!', 0.02999371183542798), ([[864.3268827818335, 991.9288179472835], [1326.6880785137455, 761.0624886274478], [1451.6731172181665, 1025.0711820527165], [989.3119214862544, 1256.9375113725523]], '찌셈', 0.04269693665906774)]
[([[1525, 592], [1928, 592], [1928, 823], [1525, 823]], '방아', 0.09220704663894704), ([[1174, 2041], [1462, 2041], [1462, 2237], [1174, 2237]], '훨픽', 0.05804495105248118), ([[1395, 2503], [1672, 2503], [1672, 2680], [1395, 2680]], '!뼈', 0.030213295880905492), ([[761, 2647], [858, 2647], [858, 2759], [761, 2759]], '기', 0.15128891087821117), ([[119.78572156620963, 376.1643344936046], [427.2602978463396, 343.98825977189955], [431.21427843379035, 472.8356655063954], [122.73970215366042, 505.01174022810045]], '잡아', 0.06991420546737076), ([[162.866519581685, 961.0306122611723], [495.97615925264995, 1014.522881696868], [459.133480418315, 1187.9693877388277], [126.02384074735002, 1134.4771183031319]], '해@', 0.2169788151356656), ([[364.4220652475509, 2410.256380703203], [833.4465725579718, 2239.085488152369], [922.5779347524491, 2580.743619296797], [452.55342744202824, 2751.914511847631]], '훨씬', 0.01828811677817448)]
[([[1013, 25], [1502, 25], [1502, 411], [1013, 411]], '팩', 0.4362699215671597), ([[2523, 406], [2880, 406], [2880, 721], [2523, 721]], '꾸,', 0.03982914482958641), ([[2397.205264497835, 1255.0121490792023], [2844.9732923507963, 1432.821830037696], [2755.794735502165, 1633.9878509207977], [2308.0267076492037, 1457.178169962304]], '찢위예', 0.0014493397242721741)]
