2185325
41
[([[132, 0], [240, 0], [240, 34], [132, 34]], '년순표습표표', 0.012323736501898039), ([[91, 43], [133, 43], [133, 55], [91, 55]], '터보', 0.0020927722474454154), ([[52, 54], [172, 54], [172, 82], [52, 82]], '~4;', 0.01962450941817271), ([[202, 54], [324, 54], [324, 86], [202, 86]], '', 0.0), ([[21, 447], [99, 447], [99, 461], [21, 461]], '내너4- 00 %0신', 0.0039125215087890425), ([[33, 461], [87, 461], [87, 473], [33, 473]], '초^7 ($', 0.009090636311865581)]
[([[149, 37], [171, 37], [171, 51], [149, 51]], '응히:', 0.5012587026344927), ([[11, 211], [35, 211], [35, 227], [11, 227]], '민가', 0.25877973157282796), ([[177, 273], [209, 273], [209, 293], [177, 293]], '아아', 0.9980386280557296), ([[176, 294], [208, 294], [208, 318], [176, 318]], '아양', 0.8909392978763105)]
[([[265, 53], [295, 53], [295, 71], [265, 71]], '다용은', 0.5510719835645511), ([[265, 71], [297, 71], [297, 87], [265, 87]], '이용의', 0.9627958521744823), ([[255, 87], [305, 87], [305, 103], [255, 103]], '것은 기쁨게', 0.19600573005138475), ([[259, 101], [301, 101], [301, 117], [259, 117]], '배보실까:', 0.38296162486068597), ([[133, 167], [157, 167], [157, 185], [133, 185]], '만저!', 0.369590189646095), ([[134, 222], [160, 222], [160, 270], [134, 270]], ';', 0.06142894336882421), ([[29, 415], [63, 415], [63, 431], [29, 431]], '그리고', 0.9999940810080215), ([[104, 404], [134, 404], [134, 430], [104, 430]], '표', 0.2144095137958324), ([[275, 405], [299, 405], [299, 421], [275, 421]], '싶어', 0.8859261621541467), ([[263, 421], [309, 421], [309, 441], [263, 441]], '뜨듯하고', 0.2993534518034593), ([[33, 433], [59, 433], [59, 453], [33, 453]], '점점', 0.9999728575374494), ([[273, 441], [299, 441], [299, 459], [273, 459]], '기분', 0.9998089958257408), ([[31, 451], [61, 451], [61, 469], [31, 469]], '커저!', 0.4866333494451117), ([[269, 461], [295, 461], [295, 475], [269, 475]], '나바:', 0.3322266580629432)]
[]
[([[151, 173], [175, 173], [175, 187], [151, 187]], '다세:', 0.13821463517541352), ([[249, 271], [307, 271], [307, 289], [249, 289]], '그리고 분로섬', 0.2900798633038548), ([[253, 289], [301, 289], [301, 305], [253, 305]], '너느 스스로', 0.8535796556164971), ([[253, 303], [303, 303], [303, 321], [253, 321]], '허리블 버서', 0.5636115699889676), ([[257, 317], [307, 317], [307, 337], [257, 337]], '봄음 기쁘계', 0.30376896226122824), ([[255, 337], [301, 337], [301, 353], [255, 353]], '하느 거다!', 0.6348383083069055), ([[7, 359], [31, 359], [31, 375], [7, 375]], '싫어', 0.3760199239736532)]
[([[253, 271], [299, 271], [299, 289], [253, 289]], '응아아아', 0.9066491723060608), ([[253, 289], [293, 289], [293, 307], [253, 307]], '아아아!', 0.92305588722229), ([[10, 444], [46, 444], [46, 470], [10, 470]], '아양', 0.7153615010281256)]
[([[140, 40], [176, 40], [176, 66], [140, 66]], '아양', 0.8494193375369339), ([[277, 35], [309, 35], [309, 55], [277, 55]], '싫어!', 0.8552992035038359), ([[281, 143], [311, 143], [311, 157], [281, 157]], "'최리가", 0.13643957674503326), ([[27, 251], [51, 251], [51, 271], [27, 271]], '움직', 0.9987640567577687), ([[197, 267], [225, 267], [225, 281], [197, 281]], '멋대로', 0.7407428594685437), ([[271, 331], [307, 331], [307, 351], [271, 351]], '안 멈취', 0.602056086063385), ([[37, 467], [67, 467], [67, 483], [37, 483]], '십어멋', 0.5889116822667424)]
[([[6, 36], [50, 36], [50, 68], [6, 68]], '아양', 0.6919885115778884), ([[66, 142], [110, 142], [110, 166], [66, 166]], '싫어어', 0.9130890753048659), ([[7, 291], [31, 291], [31, 305], [7, 305]], '이제', 0.9974088688592465), ([[139, 415], [183, 415], [183, 451], [139, 451]], '아양', 0.6416816261189023)]
[([[273, 51], [315, 51], [315, 71], [273, 71]], '안돼애', 0.9623439194888369), ([[144, 160], [180, 160], [180, 184], [144, 184]], '싫어!', 0.7816552387090265), ([[13, 237], [43, 237], [43, 255], [13, 255]], '맛맛', 0.3553320184660817), ([[273, 245], [305, 245], [305, 265], [273, 265]], '아아', 0.9755738467783138), ([[29, 297], [59, 297], [59, 317], [29, 317]], '아아', 0.9992018320183638), ([[28, 318], [60, 318], [60, 342], [28, 342]], '아양', 0.6854296878502796), ([[277, 345], [305, 345], [305, 365], [277, 365]], '싫어', 0.9079989059894862)]
[([[239, 43], [277, 43], [277, 59], [239, 59]], '버티럽은', 0.3124961853027344), ([[17, 117], [83, 117], [83, 131], [17, 131]], '모조조조데 의대', 0.5688033275722004), ([[21, 133], [79, 133], [79, 147], [21, 147]], '먼구소 만아서', 0.42506672122117406), ([[17, 149], [85, 149], [85, 165], [17, 165]], '혼자 지수는에계', 0.1478740052217412), ([[17, 163], [85, 163], [85, 179], [17, 179]], '둘리나여 립있다', 0.20422653540717373)]
[([[267, 65], [312, 65], [312, 91], [267, 91]], '([데}', 0.0013043589424341917), ([[31, 189], [127, 189], [127, 205], [31, 205]], '이 안리 }로 지위버력지', 0.16663978404720045), ([[43, 205], [113, 205], [113, 221], [43, 221]], '그냥 쓸다줄 거리', 0.10365070593200959), ([[263, 209], [305, 209], [305, 223], [263, 223]], '애  슈퍼', 0.5372695777322819), ([[43, 221], [115, 221], [115, 237], [43, 237]], '씀각(나? 버티럽', 0.06993523081258428), ([[265, 223], [303, 223], [303, 239], [265, 239]], '다위가 "', 0.6352796570307315), ([[145, 391], [175, 391], [175, 405], [145, 405]], '못쓰게', 0.3012069866410943), ([[145, 407], [175, 407], [175, 421], [145, 421]], '표에?', 0.15612794228294577), ([[17, 473], [39, 473], [39, 487], [17, 487]], '이양', 0.6103470968009871)]
[([[724, 326], [1264, 326], [1264, 463], [724, 463]], '동인지&(/집', 0.277217003149062), ([[585, 477], [1415, 477], [1415, 616], [585, 616]], '번역 커미선 받습니다', 0.5770283928137975), ([[298, 782], [1694, 782], [1694, 929], [298, 929]], '가격: 장당 700~1000원 선에서 협의', 0.5436840271736237), ([[506, 940], [771, 940], [771, 1077], [506, 1077]], '컬러터', 0.5307831541394821), ([[832, 940], [1491, 940], [1491, 1077], [832, 1077]], '지금 보는 이정도', 0.9832273258374535), ([[555, 1092], [1436, 1092], [1436, 1236], [555, 1236]], '작업 후 오타나 수정 등', 0.9676712866106592), ([[402, 1243], [1587, 1243], [1587, 1389], [402, 1389]], '애프터 테어까지 깔끔하게 해서', 0.6643311987369033), ([[684, 1402], [1313, 1402], [1313, 1541], [684, 1541]], '마무리 해드려오', 0.9993007152527436), ([[255, 1553], [1733, 1553], [1733, 1675], [255, 1675]], '*후타, 스컷, 하드한 마조물  고어 식인 야오이', 0.22829137609854472), ([[158, 1677], [1841, 1677], [1841, 1797], [158, 1797]], '시무라 비스무리갈은 작품은 추가금이 붙을 수 있습니다', 0.4166379108717038), ([[246, 1925], [1756, 1925], [1756, 2046], [246, 2046]], '*해당 작품은 의리자분의 의향으로 배포되니다', 0.42330741283372697), ([[823, 2203], [1169, 2203], [1169, 2339], [823, 2339]], '텔레그램', 0.3472922146320343), ([[499, 2359], [1494, 2359], [1494, 2495], [499, 2495]], '룹++~//+욕서*나,.-..어', 0.00011142185108866497)]
[([[237, 39], [297, 39], [297, 59], [237, 59]], '그런 거라면', 0.62424599913807), ([[225, 57], [307, 57], [307, 77], [225, 77]], '사양 암고 간다! !', 0.4459984397416728), ([[17, 195], [59, 195], [59, 209], [17, 209]], '그만해 !', 0.34403856526672283), ([[249, 303], [283, 303], [283, 319], [249, 319]], '어어"', 0.27847477698134926), ([[242.89059960754955, 282.3358994113243], [282.693273098422, 278.9356569095633], [284.1094003924505, 300.6641005886757], [244.306726901578, 303.0643430904367]], "'싫어어", 0.2756272256374359)]
[([[26, 304], [58, 304], [58, 328], [26, 328]], '싫어', 0.9955744200855258), ([[139, 309], [167, 309], [167, 327], [139, 327]], '빨아!', 0.513542936375777)]
[([[3, 63], [31, 63], [31, 77], [3, 77]], "'비각하", 0.1483243852853775), ([[259, 279], [281, 279], [281, 295], [259, 295]], '으습', 0.22694291687000784), ([[14, 378], [56, 378], [56, 402], [14, 402]], '으움"', 0.1374944517230811)]
[([[4, 62], [48, 62], [48, 88], [4, 88]], '싫어어', 0.7133288623582854), ([[95, 329], [127, 329], [127, 343], [95, 343]], '디반미는', 0.12471002340316772), ([[97, 343], [125, 343], [125, 357], [97, 357]], '비리 것', 0.5966756263526083), ([[91, 357], [113, 357], [113, 369], [91, 369]], '\'마져"', 0.11249369382858276)]
[([[232, 20], [285, 20], [285, 50], [232, 50]], '적당히:', 0.9945208430290222), ([[129, 165], [165, 165], [165, 183], [129, 183]], '까아"', 0.7179354520291594), ([[3, 239], [27, 239], [27, 253], [3, 253]], '스으로', 0.5866173144508899)]
[([[39, 55], [83, 55], [83, 71], [39, 71]], '아직 아직!', 0.5302961195318487), ([[39, 71], [85, 71], [85, 87], [39, 87]], '우리늘 5망', 0.6181216451782534), ([[31, 87], [93, 87], [93, 103], [31, 103]], '전부 활 대가지', 0.26901707504218725), ([[41, 103], [83, 103], [83, 119], [41, 119]], '못 싣다고', 0.8084194613401451)]
[([[77, 309], [115, 309], [115, 325], [77, 325]], '본방으로', 0.8471952676773071), ([[85, 327], [109, 327], [109, 341], [85, 341]], "간다'", 0.14797797238085944)]
[([[6, 18], [68, 18], [68, 48], [6, 48]], '아아아', 0.9982413712681365), ([[10, 48], [62, 48], [62, 78], [10, 78]], '아아!', 0.9313693872848487), ([[18, 268], [72, 268], [72, 294], [18, 294]], '맛 싫어', 0.26798984993673963), ([[206, 270], [240, 270], [240, 298], [206, 298]], '싫어', 0.9809940278899112), ([[28, 294], [64, 294], [64, 318], [28, 318]], '아앗', 0.6421411333658888), ([[208, 294], [250, 294], [250, 320], [208, 320]], '어어!', 0.9754476148848408), ([[9, 465], [35, 465], [35, 481], [9, 481]], '그만', 0.9999971340155042), ([[5, 483], [35, 483], [35, 499], [5, 499]], '해애!', 0.477435251068747), ([[204.3070020560507, 422.24380699057235], [240.6699416710901, 395.037519127298], [291.6929979439493, 467.75619300942765], [255.3300583289099, 495.962480872702]], '교', 0.06143677327097308)]
[([[272, 22], [304, 22], [304, 46], [272, 46]], '싫어', 0.42803736697701866), ([[269, 47], [299, 47], [299, 63], [269, 63]], '아파', 0.9999621523398174), ([[142, 230], [188, 230], [188, 256], [142, 256]], '아아앗(', 0.48806774616241455), ([[268, 326], [318, 326], [318, 354], [268, 354]], '으우움', 0.9762442030583284), ([[18, 446], [54, 446], [54, 472], [18, 472]], '으급!', 0.7904169889228697)]
[([[22, 56], [76, 56], [76, 82], [22, 82]], '으무위', 0.7426459247663896), ([[283, 287], [305, 287], [305, 305], [283, 305]], '으급', 0.9811635187858807), ([[39, 355], [63, 355], [63, 375], [39, 375]], '벼리', 0.03833704759688), ([[8, 454], [44, 454], [44, 480], [8, 480]], '으움!', 0.7033699864403088)]
[([[249, 39], [295, 39], [295, 55], [249, 55]], '힘상 익숙원', 0.10186105125857144), ([[243, 55], [299, 55], [299, 69], [243, 69]], '타운스 빌 그럼', 0.20879187423499201), ([[55, 70], [168, 70], [168, 90], [55, 90]], '이 대전저 모조조조님의', 0.5349770576100239), ([[249, 67], [285, 67], [285, 83], [249, 83]], '더번 최는', 0.14572108545907161), ([[67, 89], [157, 89], [157, 109], [67, 109]], '신병기로 걸즈들은', 0.7832625366740968), ([[53, 109], [171, 109], [171, 129], [53, 129]], '내 마음대로 라는 거다"!', 0.3677702915622151), ([[91, 381], [131, 381], [131, 397], [91, 397]], '이름하여"', 0.554488392950114), ([[73, 388], [243, 388], [243, 432], [73, 432]], '@@-의-@@3-', 0.026537654574519873), ([[99, 414], [218, 414], [218, 456], [99, 456]], '여백-콩', 0.000502432172652334), ([[39, 447], [61, 447], [61, 463], [39, 463]], '라는', 0.6173140086339075), ([[23, 461], [69, 461], [69, 475], [23, 475]], '이야기 리', 0.11300679088569233)]
[([[13, 59], [37, 59], [37, 77], [13, 77]], '으분', 0.24554601412467528), ([[263, 59], [297, 59], [297, 79], [263, 79]], '으우움', 0.970778984065182), ([[257, 305], [291, 305], [291, 317], [257, 317]], '너 너리', 0.2654094487652083), ([[17, 315], [51, 315], [51, 329], [17, 329]], '  나도', 0.5587300658226013), ([[18, 458], [50, 458], [50, 484], [18, 484]], '음!?', 0.8008145049112516)]
[([[26, 140], [72, 140], [72, 166], [26, 166]], '으음:!', 0.06343424320220947), ([[29, 207], [99, 207], [99, 223], [29, 223]], '여기 외논 모두름', 0.26986878907540246), ([[25, 221], [105, 221], [105, 237], [25, 237]], '상녀배 쥐아 하니까-', 0.08606220083867418)]
[]
[([[269, 49], [311, 49], [311, 69], [269, 69]], '버불즈!', 0.2748027443885803), ([[27, 67], [55, 67], [55, 83], [27, 83]], '시장님', 0.6956977248191833), ([[41, 163], [69, 163], [69, 177], [41, 177]], '알걀지', 0.2324244224636932), ([[269, 163], [313, 163], [313, 177], [269, 177]], '압나 나는', 0.15053323192592064), ([[25, 175], [85, 175], [85, 191], [25, 191]], '알안으만 옛다-', 0.09290329155139695), ([[263, 175], [319, 175], [319, 191], [263, 191]], '모조주조한터시', 0.48259435780529514), ([[29, 191], [77, 191], [77, 205], [29, 205]], '모두 앞레서 ', 0.28793272595866953), ([[273, 191], [307, 191], [307, 203], [273, 203]], '거먹으로', 0.23925407230854034), ([[269, 205], [313, 205], [313, 219], [269, 219]], '너클 삼다고', 0.5466681306873952), ([[109, 247], [137, 247], [137, 263], [109, 263]], '오품음', 0.2943046350202438), ([[107, 263], [139, 263], [139, 277], [107, 277]], "마거라'", 0.17869803309440613), ([[159, 337], [197, 337], [197, 351], [159, 351]], '버깥즈는', 0.15833592414855957), ([[167, 351], [201, 351], [201, 367], [167, 367]], '옛이다:', 0.09362415969371796), ([[173, 393], [229, 393], [229, 411], [173, 411]], '~0시.묘서다', 0.0002377532713620605)]
[([[273, 27], [321, 27], [321, 41], [273, 41]], '시민듬하리도', 0.35173170631160383), ([[283, 41], [311, 41], [311, 55], [283, 55]], '보이거', 0.531991080200679), ([[5, 145], [44, 145], [44, 228], [5, 228]], '출', 0.07842326727856008), ([[109, 197], [137, 197], [137, 211], [109, 211]], '가람미', 0.7397618926552829), ([[103, 211], [143, 211], [143, 225], [103, 225]], "크게 벌리'", 0.30023411057986177), ([[61, 341], [83, 341], [83, 357], [61, 357]], '시러', 0.9796461855457371), ([[61, 359], [85, 359], [85, 375], [61, 375]], '어어', 0.9623589329316936)]
[([[279, 49], [305, 49], [305, 65], [279, 65]], '이양', 0.2549513136038499), ([[25, 55], [51, 55], [51, 75], [25, 75]], '그만', 0.9999602978995441), ([[273, 65], [309, 65], [309, 83], [273, 83]], '안대애', 0.194745491120301), ([[59, 101], [257, 101], [257, 143], [59, 143]], '055353 553', 0.2496661988924826), ([[31, 189], [59, 189], [59, 205], [31, 205]], '후우움', 0.2449607910579396), ([[269, 363], [301, 363], [301, 377], [269, 377]], '어떠나', 0.7478173834009638), ([[261, 379], [309, 379], [309, 395], [261, 395]], '오습은 기분', 0.8253771746965375), ([[271, 397], [295, 397], [295, 411], [271, 411]], '둥지""', 0.03190011903643608), ([[17, 413], [67, 413], [67, 429], [17, 429]], '그러 그리면', 0.4823938808664866), ([[21, 427], [61, 427], [61, 441], [21, 441]], '나도 이고', 0.14318653830777786), ([[23, 443], [61, 443], [61, 459], [23, 459]], '싶어젯군', 0.1032305508852005), ([[266.3204595160192, 166.0779759188824], [308.99942346497016, 189.94118777519665], [294.6795404839808, 214.9220240811176], [252.00057653502984, 191.05881222480335]], "'383", 0.42077359557151794)]
[([[15, 13], [47, 13], [47, 25], [15, 25]], '시끄러므', 0.37661677598953247), ([[13, 25], [45, 25], [45, 39], [13, 39]], "'달대답근", 0.1284699646993378), ([[217, 31], [263, 31], [263, 45], [217, 45]], '마서주하나', 0.19235856701570708), ([[132, 166], [300, 166], [300, 214], [132, 214]], '허요국화', 0.009762054309248924), ([[157, 217], [195, 217], [195, 231], [157, 231]], '그래그래', 0.9999375939369202), ([[21, 229], [63, 229], [63, 243], [21, 243]], '다; 마시씨', 0.4115118613197424), ([[151, 231], [201, 231], [201, 249], [151, 249]], '흘리지 말고', 0.7872532428354418), ([[141, 247], [211, 247], [211, 263], [141, 263]], '제디로 다 다서라', 0.4688617645143831), ([[255, 449], [291, 449], [291, 465], [255, 465]], '시장님 *', 0.2409829371975083), ([[39.010050506338835, 120.07035354437184], [136.7102447734995, 145.00685798806944], [119.98994949366117, 203.92964645562816], [22.289755226500493, 178.99314201193056]], '95', 0.1307623181976866)]
[([[34, 64], [60, 64], [60, 90], [34, 90]], '꽉', 0.7250533235353629), ([[29, 199], [59, 199], [59, 213], [29, 213]], '나른 셋', 0.16379351924796576), ([[269, 199], [305, 199], [305, 215], [269, 215]], '심기리고', 0.8844361305236816), ([[27, 213], [53, 213], [53, 227], [27, 227]], '한티는', 0.1850944608449936), ([[273, 215], [303, 215], [303, 229], [273, 229]], '책찮나', 0.13807263543107023), ([[129, 309], [163, 309], [163, 321], [129, 321]], '쥐마개', 0.3105225179238922)]
[([[277, 43], [301, 43], [301, 57], [277, 57]], '싫어 .', 0.3073156476020813), ([[24, 194], [46, 194], [46, 202], [24, 202]], '뵈머디', 0.002493042313202436), ([[25, 321], [59, 321], [59, 337], [25, 337]], '인대개!', 0.21410511434078217), ([[265, 329], [289, 329], [289, 347], [265, 347]], '십어,', 0.17461164728363454), ([[29, 457], [51, 457], [51, 471], [29, 471]], '오지', 0.9767354346027571), ([[25, 473], [55, 473], [55, 487], [25, 487]], '마아"!', 0.3833097219467163)]
[([[97, 55], [119, 55], [119, 71], [97, 71]], '아양', 0.42543227317066906), ([[251, 281], [281, 281], [281, 297], [251, 297]], '그만쇄', 0.26525795459747314), ([[259, 335], [285, 335], [285, 349], [259, 349]], '이제', 0.9992867812533134), ([[255, 353], [287, 353], [287, 369], [255, 369]], '싫어 -', 0.21945229172706604), ([[23, 419], [63, 419], [63, 439], [23, 439]], '살려쥐 ', 0.5066878795623779)]
[([[173, 33], [195, 33], [195, 51], [173, 51]], '우선', 0.9883601005055869), ([[13, 35], [75, 35], [75, 77], [13, 77]], '싫어', 0.11333345439317297), ([[171, 51], [199, 51], [199, 67], [171, 67]], '물드섬', 0.20541989105161754), ([[161, 67], [201, 67], [201, 81], [161, 81]], '너부리다;', 0.28377120847913423), ([[3, 223], [51, 223], [51, 239], [3, 239]], '그치만 과언', 0.6426537207428329), ([[169, 227], [199, 227], [199, 245], [169, 245]], '벗어', 0.9934225944330972), ([[7, 239], [35, 239], [35, 255], [7, 255]], '저창활', 0.8585113147668099), ([[7, 255], [39, 255], [39, 269], [7, 269]], '잇몸까:', 0.11613314598798752), ([[241, 317], [287, 317], [287, 331], [241, 331]], '뭐각는 거마', 0.10064256713640907), ([[245, 331], [279, 331], [279, 343], [245, 343]], '모고고고', 0.08190833777189255), ([[245, 343], [291, 343], [291, 359], [245, 359]], '따위의 말끔', 0.3013616673157986), ([[245, 359], [277, 359], [277, 371], [245, 371]], '벌문리.', 0.0414290726184845), ([[5, 391], [53, 391], [53, 405], [5, 405]], '아~ 하이하', 0.2125019151795929), ([[249, 391], [281, 391], [281, 405], [249, 405]], '뭐 뒤아', 0.29137375950813293), ([[7, 407], [49, 407], [49, 421], [7, 421]], '비하마!', 0.15464533865451813), ([[251, 405], [279, 405], [279, 417], [251, 417]], '디게7', 0.22538149494529386), ([[243, 419], [287, 419], [287, 433], [243, 433]], '손미 멋머로', 0.5389493463322922), ([[247, 433], [277, 433], [277, 447], [247, 447]], '움직다 .', 0.504906330330546)]
[([[13, 41], [47, 41], [47, 61], [13, 61]], '아아', 0.9999543131218969), ([[272, 38], [312, 38], [312, 64], [272, 64]], '안돼!', 0.6460896807097576), ([[12, 64], [48, 64], [48, 88], [12, 88]], '아아-', 0.5027475765953379), ([[83, 231], [131, 231], [131, 251], [83, 251]], '싫어어어', 0.911858856678009), ([[79, 249], [135, 249], [135, 269], [79, 269]], '어어어어어', 0.9982121527721), ([[155, 255], [179, 255], [179, 271], [155, 271]], '아파', 0.9553021420387035), ([[17, 345], [57, 345], [57, 381], [17, 381]], '&', 0.013938029955615827), ([[153, 423], [179, 423], [179, 441], [153, 441]], '그만', 0.999968895767484), ([[151, 445], [181, 445], [181, 459], [151, 459]], '해애!', 0.4890828370873116)]
[([[257, 47], [309, 47], [309, 63], [257, 63]], '모두 앞려서', 0.29188417357052643), ([[251, 63], [313, 63], [313, 79], [251, 79]], '기세 존계 몸음', 0.13228524943837114), ([[265, 79], [299, 79], [299, 93], [265, 93]], '바라고 -', 0.9649241994027824), ([[19, 431], [43, 431], [43, 445], [19, 445]], '고드머', 0.22833548486232758)]
[([[165, 39], [217, 39], [217, 53], [165, 53]], '오 왜? 왜?', 0.18746276760132027), ([[151, 53], [231, 53], [231, 71], [151, 71]], '봄이 말올 안 들어!', 0.1493367703006483), ([[101, 107], [131, 107], [131, 127], [101, 127]], '싫어!', 0.9638747166743421), ([[25, 233], [63, 233], [63, 253], [25, 253]], '아앗!!', 0.7517325282096863), ([[153, 243], [185, 243], [185, 263], [153, 263]], '멈칙!', 0.2688608177110568), ([[32, 424], [126, 424], [126, 448], [32, 448]], '보지 마~~~!!', 0.6703637027478178)]
[([[15, 43], [59, 43], [59, 59], [15, 59]], '너는 아직', 0.4525419175836154), ([[233, 41], [275, 41], [275, 57], [233, 57]], '보지 다!?', 0.8933599551175003), ([[17, 59], [57, 59], [57, 75], [17, 75]], '보여존게', 0.6247288584709167), ([[233, 57], [273, 57], [273, 71], [233, 71]], '마니마니', 0.680001437664032), ([[17, 75], [57, 75], [57, 91], [17, 91]], '남있깝마', 0.05151049792766571), ([[245, 71], [275, 71], [275, 87], [245, 87]], '모르네', 0.3707211911678314), ([[235, 87], [273, 87], [273, 105], [235, 105]], '불로섬%!', 0.07471620875673822), ([[1, 131], [63, 131], [63, 147], [1, 147]], '만뼈 이것만은', 0.21360053866859918), ([[7, 145], [47, 145], [47, 161], [7, 161]], '절대로:', 0.36698942126251266), ([[21, 161], [43, 161], [43, 175], [21, 175]], '마니', 0.8997362118578796), ([[3, 285], [37, 285], [37, 299], [3, 299]], '싫어에!', 0.4613054394721985), ([[5, 443], [35, 443], [35, 457], [5, 457]], '임주지', 0.22259817112843205), ([[3, 457], [37, 457], [37, 473], [3, 473]], '않아-!!', 0.3909974630194802)]
[([[33, 115], [67, 115], [67, 129], [33, 129]], '미거디기', 0.6159389615058899), ([[33, 129], [65, 129], [65, 143], [33, 143]], '그래서논', 0.4677508771419525), ([[25, 141], [73, 141], [73, 155], [25, 155]], '덮디 단더단', 0.15719044898705883), ([[21, 155], [77, 155], [77, 169], [21, 169]], '보민다고 불로섬', 0.2417608149381709), ([[51, 237], [73, 237], [73, 253], [51, 253]], '지위', 0.962057046816536), ([[91, 253], [123, 253], [123, 267], [91, 267]], '도조조조', 0.8025380969047546), ([[177, 253], [205, 253], [205, 265], [177, 265]], "하지 마 '", 0.36377535319717275), ([[227, 247], [261, 247], [261, 261], [227, 261]], '기운이료', 0.07509835064411163), ([[25, 271], [63, 271], [63, 291], [25, 291]], '아양!!', 0.20519909262657166)]
[([[274, 46], [310, 46], [310, 70], [274, 70]], '보면', 0.9913233367071137), ([[254, 68], [324, 68], [324, 94], [254, 94]], '안 돼~~!', 0.7188267907240046), ([[13, 285], [41, 285], [41, 301], [13, 301]], '싫어어', 0.4643692242839778), ([[225, 285], [293, 285], [293, 303], [225, 303]], '안되다고 말해도', 0.37858002787710127), ([[231, 303], [289, 303], [289, 317], [231, 317]], '잔뜩 보이니까', 0.48641571723926896), ([[249, 317], [271, 317], [271, 333], [249, 333]], '말야', 0.24267583327171016), ([[141, 437], [175, 437], [175, 453], [141, 453]], '아아', 0.9987595065496564)]
[([[36, 36], [66, 36], [66, 60], [36, 60]], '싫어', 0.4940674059343925), ([[275, 39], [301, 39], [301, 55], [275, 55]], '이앗', 0.29643957291952033), ([[119, 169], [169, 169], [169, 185], [119, 185]], '뒤논 스스로', 0.7022673667541941), ([[129, 185], [159, 185], [159, 199], [129, 199]], '하라고', 0.5639832793129503), ([[129, 201], [161, 201], [161, 217], [129, 217]], '로섬:', 0.365116348647885), ([[291, 231], [321, 231], [321, 245], [291, 245]], '느끼게', 0.3575436453632502), ([[29, 239], [69, 239], [69, 257], [29, 257]], '손음 서서', 0.552384787206986), ([[39, 257], [61, 257], [61, 271], [39, 271]], '말아', 0.474154181663645)]
