2186200
17
[([[649, 8], [987, 8], [987, 107], [649, 107]], '역식하실싶없', 0.024504008836742527)]
[]
[]
[]
[]
[]
[]
[]
[]
[([[60, 66], [280, 66], [280, 122], [60, 122]], '매존하다교안 ?', 0.008189027128508915), ([[667, 10], [1000, 10], [1000, 135], [667, 135]], '터물 ~', 0.0017213191604241729), ([[94, 106], [238, 106], [238, 160], [94, 160]], '죄송하치만', 0.3914563790066871), ([[712, 108], [958, 108], [958, 160], [712, 160]], '테사가이런골로손', 0.03212285002487309), ([[37, 145], [303, 145], [303, 207], [37, 207]], '콤말픽흘화지는자', 0.00768360234051436), ([[683, 141], [991, 141], [991, 251], [683, 251]], '주특질텔', 0.0003243170212954283), ([[98, 190], [242, 190], [242, 242], [98, 242]], '모르닮인', 0.027785867377469076), ([[673, 227], [1000, 227], [1000, 289], [673, 289]], '갖고언지않껍고생각하', 0.06492528774468886), ([[695, 269], [977, 269], [977, 331], [695, 331]], '지금플어줌신다편]}', 0.0206473042495185)]
[([[58, 22], [270, 22], [270, 78], [58, 78]], '흔들리지않아요', 0.9631529039692727), ([[732, 26], [942, 26], [942, 76], [732, 76]], '뭐   뭐조이건  "', 0.26982411360593334), ([[64, 66], [292, 66], [292, 120], [64, 120]], '당신들의 생각대로', 0.9902238736779735), ([[685, 65], [958, 65], [958, 119], [685, 119]], '머리가 어절어질해요', 0.46186873384203414), ([[48, 108], [304, 108], [304, 162], [48, 162]], '되지않을 "겁니다 "', 0.3009648423484576), ([[680, 108], [986, 108], [986, 160], [680, 160]], '이런거에 -저눈 절대로:"', 0.35558038572486267), ([[106, 152], [220, 152], [220, 202], [106, 202]], '절 ; 대로', 0.36182511160446507), ([[80, 190], [242, 190], [242, 242], [80, 242]], '저논 지지않', 0.24156734342593672), ([[239, 205], [265, 205], [265, 225], [239, 225]], '대', 0.004875470425881601), ([[727, 423], [843, 423], [843, 483], [727, 483]], '떼뻗', 0.07160864243356752), ([[178, 446], [294, 446], [294, 524], [178, 524]], '혜객', 0.04120648756460434), ([[53, 769], [137, 769], [137, 853], [53, 853]], '폐', 0.18345673788667227), ([[650, 802], [732, 802], [732, 880], [650, 880]], '예', 0.15179689838572674), ([[70.89726085197618, 405.0678129010071], [181.28767441106612, 427.4908045286477], [164.10273914802383, 503.9321870989929], [53.71232558893387, 481.5091954713523]], '찌대', 0.020379566909883608)]
[([[87, 26], [276, 26], [276, 90], [87, 90]], '당신의지워', 0.03559421459448796), ([[725, 25], [765, 25], [765, 67], [725, 67]], '엔', 0.16036527954208513), ([[784, 22], [947, 22], [947, 82], [784, 82]], '@유지', 0.025791232538180348), ([[108, 73], [210, 73], [210, 121], [108, 121]], '제몸.', 0.12655030433081496), ([[707, 65], [924, 65], [924, 120], [707, 120]], '자지자치이또', 0.09025699667163438), ([[46, 114], [286, 114], [286, 166], [46, 166]], '피격찌격배틀렉요', 0.023924385620664658), ([[672, 101], [995, 101], [995, 166], [672, 166]], '이간기진동한짓지나나', 0.0007761982166837072), ([[58, 156], [286, 156], [286, 208], [58, 208]], '애태유지말교요)', 0.538146160408854), ([[671, 147], [991, 147], [991, 207], [671, 207]], '승분화1안음수 없데요', 0.014152070817447076), ([[88, 196], [232, 196], [232, 244], [88, 244]], '자지미쇼', 0.05985691770911217), ([[745, 189], [894, 189], [894, 243], [745, 243]], '리리러진표', 0.004248188536350018), ([[5, 235], [309, 235], [309, 295], [5, 295]], '된워켓치 함고싶어:(', 0.01043908924579985), ([[695, 229], [975, 229], [975, 291], [695, 291]], '마라- 플리송워0', 0.005372747526594579), ([[263, 449], [391, 449], [391, 535], [263, 535]], '얇향', 0.07831690870029995), ([[584, 454], [640, 454], [640, 518], [584, 518]], '@', 0.21910032238645627), ([[665, 428], [721, 428], [721, 557], [665, 557]], '@', 0.7197213678161951), ([[284, 510], [402, 510], [402, 590], [284, 590]], '탓업', 0.004335005532124938), ([[605, 509], [649, 509], [649, 561], [605, 561]], '딱', 0.9711257399428384), ([[666, 546], [694, 546], [694, 574], [666, 574]], '어', 0.10890018568046855)]
[([[38, 20], [312, 20], [312, 123], [38, 123]], '평균하렉이증물', 0.0034657835154101803), ([[679, 15], [989, 15], [989, 129], [679, 129]], '이로-다 "', 0.0027431667361039356), ([[748, 106], [922, 106], [922, 158], [748, 158]], '힘율까요요', 0.1025608519380685), ([[41, 151], [105, 151], [105, 195], [41, 195]], '허가튼', 0.09785522199248131), ([[86, 103], [353, 103], [353, 207], [86, 207]], '그달패미_한도', 0.0006362668071839794), ([[696, 144], [977, 144], [977, 204], [696, 204]], '이내 기죽어센인되호', 0.04794489361013841), ([[18, 190], [316, 190], [316, 246], [18, 246]], '여런싶냄새니는 자지', 0.12282140398274236), ([[691, 187], [985, 187], [985, 249], [691, 249]], '일부러절세한개[', 0.034070504338663515), ([[61, 231], [221, 231], [221, 291], [61, 291]], '너무멋있어:', 0.2983364219411532), ([[736, 230], [934, 230], [934, 284], [736, 284]], "'시켜주청는데5", 0.1661347051593379), ([[190, 642], [270, 642], [270, 750], [190, 750]], '뵙', 0.0605811014253641), ([[717, 574], [821, 574], [821, 751], [717, 751]], '려', 0.02255506542638841), ([[818, 656], [850, 656], [850, 686], [818, 686]], '0', 0.9976701018231893), ([[868.363509357869, 477.0155909005269], [966.7010758562077, 496.52653683555747], [924.636490642131, 706.984409099473], [826.2989241437923, 687.4734631644425]], '별', 0.11347138757348407), ([[20.983856062756413, 518.030396248032], [235.29884017737177, 580.1680429562659], [190.01614393724358, 718.969603751968], [-23.298840177371776, 656.8319570437341]], '교부', 0.011411211448773054), ([[70.0041067935323, 676.0451747288553], [213.39319818348488, 712.3970246297253], [185.9958932064677, 807.9548252711447], [42.606801816515116, 771.6029753702747]], '탤번드', 0.048648743917143744)]
[([[107, 31], [251, 31], [251, 123], [107, 123]], '략증', 0.001778705591784256), ([[746, 34], [830, 34], [830, 84], [746, 84]], "'", 0.0328674042691981), ([[121, 115], [223, 115], [223, 179], [121, 179]], '무런근', 0.015301581952012774), ([[110, 194], [270, 194], [270, 298], [110, 298]], '입퓨어월', 0.010568772442638874), ([[716, 242], [812, 242], [812, 292], [716, 292]], "'마히씨'", 0.44172801112792826), ([[738, 154], [810, 154], [810, 254], [738, 254]], '[지지', 0.06175575960838767), ([[801, 0], [998, 0], [998, 450], [801, 450]], '꾸', 0.04723492351230707), ([[114, 284], [288, 284], [288, 340], [114, 340]], "'정액냄새나터", 0.22050064570180836), ([[68, 318], [196, 318], [196, 494], [68, 494]], '혈', 0.010082518117365602), ([[121, 481], [161, 481], [161, 521], [121, 521]], '0', 0.9946783245070812), ([[657, 1019], [747, 1019], [747, 1165], [657, 1165]], '별', 0.14128559740333912), ([[711.8555211561317, 73.07306501782735], [779.9596288234912, 56.500553122281445], [803.1444788438683, 168.92693498217267], [735.0403711765088, 185.49944687771855]], '지', 0.028052103291202002), ([[34.076685730064256, 90.0266631301117], [250.6631319836295, 164.7340703523496], [200.92331426993573, 294.9733368698883], [-15.663131983629523, 220.2659296476504]], '눈 !', 0.026723941788077354), ([[20.295837122372312, 240.01550267785154], [140.38248292660484, 276.7554865634146], [70.70416287762768, 498.98449732214846], [-47.38248292660484, 462.2445134365854]], '6', 0.7513685038952111), ([[198.90957265789928, 991.0425300211106], [295.18441769533257, 949.0501915883054], [371.0904273421007, 1146.9574699788893], [274.81558230466743, 1188.9498084116944]], '털', 0.14882651245443768)]
[([[76, 66], [224, 66], [224, 118], [76, 118]], '단드취맨', 0.04981009289622307), ([[27, 102], [274, 102], [274, 166], [27, 166]], '아둘켓가 청 올', 0.005216890974943), ([[764, 104], [953, 104], [953, 165], [764, 165]], '짓치의미동이', 0.21599929027819137), ([[42, 143], [259, 143], [259, 206], [42, 206]], '마지국정하든', 0.08415971753788266), ([[796, 148], [920, 148], [920, 200], [796, 200]], '랑해처다', 0.11473338305950165), ([[16, 192], [281, 192], [281, 246], [16, 246]], '매련래관장이라 해도', 0.23366607921776245), ([[732, 186], [987, 186], [987, 246], [732, 246]], "'사정할리눈전가요", 0.07216333306390688), ([[66, 228], [227, 228], [227, 288], [66, 288]], '[정하파로', 0.06510068141181312), ([[718, 230], [1000, 230], [1000, 286], [718, 286]], '저; 저갈은자지밥', 0.204604639552511), ([[56, 274], [206, 274], [206, 326], [56, 326]], '때배활순" ', 0.20133622312026053), ([[782, 272], [936, 272], [936, 324], [782, 324]], '정액음진뜩', 0.15581040240931548), ([[754, 314], [934, 314], [934, 370], [754, 370]], '따주신다마 ', 0.07669432114996876), ([[185, 663], [275, 663], [275, 751], [185, 751]], '[', 0.09885066906898388), ([[865.3613960003644, 455.0145724079795], [975.4577905471376, 468.15173598559585], [946.6386039996356, 701.9854275920205], [836.5422094528624, 688.8482640144042]], '팀', 0.07428226069259836), ([[-13.114960931561475, 528.024875133023], [167.0201758420097, 486.3213856093047], [226.11496093156148, 801.975124866977], [45.97982415799029, 843.6786143906953]], '자', 0.6430110596848273), ([[741.298321645805, 568.0189504473924], [839.5269718582766, 591.1872149249991], [794.701678354195, 778.9810495526076], [696.4730281417234, 755.8127850750009]], '주', 0.3906852775222127)]
[([[0, 20], [212, 20], [212, 148], [0, 148]], '끝하', 0.019907703382639145), ([[124, 40], [194, 40], [194, 92], [124, 92]], '이게', 0.45911493597788866), ([[760, 38], [850, 38], [850, 88], [760, 88]], '우호오', 0.7556522981253818), ([[71, 195], [227, 195], [227, 257], [71, 257]], '어교마서도', 0.11395197261766161), ([[103, 115], [217, 115], [217, 223], [103, 223]], '올', 0.15787812801136525), ([[740, 204], [874, 204], [874, 256], [740, 256]], "'뭐 원가요", 0.7231846682549791), ([[822, 0], [1000, 0], [1000, 324], [822, 324]], '본', 0.042160145493941314), ([[11, 245], [236, 245], [236, 311], [11, 311]], '신전현사정이', 0.032771323633885845), ([[716, 246], [868, 246], [868, 300], [716, 300]], "'이정액양은", 0.7442496260921111), ([[96, 287], [220, 287], [220, 339], [96, 339]], '가라앉지', 0.8871816992759705), ([[714, 288], [864, 288], [864, 338], [714, 338]], '게다가 진해', 0.979140857278164), ([[968, 298], [998, 298], [998, 328], [968, 328]], '0', 0.999307037281497), ([[112, 328], [178, 328], [178, 380], [112, 380]], '않맛', 0.32432110220601995), ([[730, 328], [858, 328], [858, 384], [730, 384]], '엄청진햇', 0.4510351554970042), ([[152, 372], [242, 372], [242, 424], [152, 424]], '꿀쩍', 0.2681486016837134), ([[856, 336], [978, 336], [978, 584], [856, 584]], '헬', 0.03877542359533326), ([[958, 534], [988, 534], [988, 572], [958, 572]], '0', 0.9668344069369859), ([[909, 589], [949, 589], [949, 635], [909, 635]], '0', 0.9557858608686729), ([[0, 768], [200, 768], [200, 1060], [0, 1060]], '닭', 0.62845350904405), ([[860, 784], [988, 784], [988, 1024], [860, 1024]], '복', 0.4130766424661694), ([[781, 888], [916, 888], [916, 1194], [781, 1194]], '봄', 0.013358648560199748), ([[-36.862400981530314, 187.87151734986816], [75.82092988873758, 86.28714637419232], [146.8624009815303, 187.12848265013184], [34.17907011126242, 288.71285362580767]], '@>', 0.22701411113202977), ([[66.11068062025494, 364.0396229468554], [139.6894281658939, 355.7054790436134], [153.88931937974505, 495.9603770531446], [80.3105718341061, 505.2945209563866]], '립', 0.003971875171584538), ([[-13.669214620736252, 451.0172363577167], [75.42979750872442, 426.0788669581942], [135.66921462073626, 670.9827636422833], [45.57020249127559, 695.9211330418058]], '품', 0.39150056077028594), ([[-1.6570462221065432, 980.0113641811209], [141.670421523877, 963.8658796810666], [174.65704622210654, 1306.988635818879], [29.329578476122997, 1323.1341203189334]], '국', 0.21194194019804602)]
[([[20, 38], [198, 38], [198, 92], [20, 92]], '데0퍼어요', 0.10140570429278575), ([[775, 41], [839, 41], [839, 83], [775, 83]], '사뇨', 0.6475347027446693), ([[0, 75], [226, 75], [226, 183], [0, 183]], '@@@움', 0.09101346880197525), ([[701, 73], [881, 73], [881, 181], [701, 181]], '생', 0.13267567742799713), ([[834, 0], [1000, 0], [1000, 266], [834, 266]], '경', 0.2191865692578796), ([[53, 163], [172, 163], [172, 213], [53, 213]], '마시고도', 0.6618066430091858), ([[2, 199], [225, 199], [225, 261], [2, 261]], '이길수되울리가', 0.027897468560112774), ([[719, 220], [865, 220], [865, 270], [719, 270]], '겨; 겨루기', 0.11720705214872613), ([[40, 246], [158, 246], [158, 300], [40, 300]], '없집아요', 0.3539811074733734), ([[46, 288], [174, 288], [174, 336], [46, 336]], '진대가로', 0.8013954162597656), ([[710, 252], [872, 252], [872, 367], [710, 367]], '어럽심다', 0.005257266107946634), ([[6, 326], [220, 326], [220, 382], [6, 382]], '지지봉사 오나흘', 0.17527056637305094), ([[4, 366], [220, 366], [220, 470], [4, 470]], '도론래스스올', 0.0007529521164841665), ([[846, 260], [974, 260], [974, 526], [846, 526]], '힘', 0.24368622210605295), ([[196, 612], [272, 612], [272, 698], [196, 698]], '힘', 0.9252121567570271), ([[688, 650], [762, 650], [762, 722], [688, 722]], '일', 0.3000833429471186), ([[709, 723], [745, 723], [745, 759], [709, 759]], '6', 0.7865161366353881), ([[610, 698], [688, 698], [688, 814], [610, 814]], '입', 0.47755742468871176), ([[666, 794], [698, 794], [698, 828], [666, 828]], '0', 0.8919460989258745), ([[303.48667989874764, 674.0188466229677], [357.91656858478177, 663.0602664295096], [389.51332010125236, 823.9811533770323], [335.08343141521823, 835.9397335704904]], '{', 0.14117747312172302), ([[221.4457792105735, 692.0192206322586], [276.40971801578524, 666.0104986921873], [355.5542207894265, 851.9807793677414], [299.59028198421476, 876.9895013078127]], "'", 0.4585113920158257)]
