2194213
55
[([[2461, 218], [2794, 218], [2794, 350], [2461, 350]], '구- 18', 0.08918816847076247), ([[1777, 1440], [1809, 1440], [1809, 1449], [1777, 1449]], '0 -', 0.5737418749622323), ([[24, 1585], [1329, 1585], [1329, 1900], [24, 1900]], '숨입터때 오-쇼타', 0.007681728349167815), ([[440, 1887], [1163, 1887], [1163, 2079], [440, 2079]], '뜻매 떼먹기0', 0.0063356191575465555), ([[2356, 1875], [2862, 1875], [2862, 2071], [2356, 2071]], '[지막 편', 0.1402886528443883), ([[1209.8388163846316, 426.11711073861085], [1508.9700064251595, 382.96011234353216], [1520.1611836153684, 557.8828892613891], [1221.0299935748405, 600.0398876564678]], '씨|', 0.01996580457691028)]
[([[1359, 560], [1404, 560], [1404, 569], [1359, 569]], '과음]', 0.0004404070671695516), ([[1257, 838], [1319, 838], [1319, 920], [1257, 920]], '학', 0.14837297395989513)]
[([[1033, 237], [1198, 237], [1198, 316], [1033, 316]], '불말이', 0.321674080565944), ([[1005, 314], [1228, 314], [1228, 398], [1005, 398]], '아까보다', 0.9997475147247314), ([[1013, 399], [1216, 399], [1216, 478], [1013, 478]], '가져위 ..', 0.28811383040905836), ([[1002, 1105], [1106, 1105], [1106, 1236], [1002, 1236]], '', 0.0), ([[2024, 1309], [2470, 1309], [2470, 1393], [2024, 1393]], '그리고 민수한테서', 0.9315556479780394), ([[2019, 1391], [2481, 1391], [2481, 1472], [2019, 1472]], '따무기 살냄새가 나', 0.9766863458797747)]
[([[818, 223], [947, 223], [947, 308], [818, 308]], '혹시.', 0.7265328981493517), ([[1051, 390], [1162, 390], [1162, 469], [1051, 469]], '너희', 0.9997431667663471), ([[948, 466], [1269, 466], [1269, 555], [948, 555]], '식스한 거야?', 0.29338217800116595)]
[([[418, 348], [666, 348], [666, 432], [418, 432]], '큰일 낫다.', 0.9063780655832523), ([[355, 429], [749, 429], [749, 513], [355, 513]], '화내기 시작해어', 0.22462813905626658), ([[789, 535], [1015, 535], [1015, 619], [789, 619]], '따무기가', 0.99671471118927), ([[734, 617], [1068, 617], [1068, 696], [734, 696]], '폭주하게 되면', 0.8317939222171029), ([[751, 697], [1053, 697], [1053, 781], [751, 781]], '큰일인데..! !', 0.6634144215024703)]
[([[1472, 997], [1617, 997], [1617, 1074], [1472, 1074]], '의응', 0.5054573632751415), ([[1616, 1146], [1781, 1146], [1781, 1225], [1616, 1225]], '미안해', 0.9907916153115226), ([[1555, 1222], [1843, 1222], [1843, 1309], [1555, 1309]], '어쩌다 보니', 0.9756259904637336), ([[2574, 1375], [2744, 1375], [2744, 1448], [2574, 1448]], '그래도', 0.9999081185024654), ([[2559, 1452], [2733, 1452], [2733, 1531], [2559, 1531]], '누나랑.', 0.9247051477432251)]
[([[1634, 1033], [1898, 1033], [1898, 1347], [1634, 1347]], '[', 0.7731183834848707), ([[1827, 1494], [2209, 1494], [2209, 1759], [1827, 1759]], '@', 0.1909416570137603), ([[485.9641561020698, 519.0124782358982], [799.2387606523532, 462.79079491235507], [880.0358438979301, 1019.9875217641018], [566.7612393476468, 1076.209205087645]], '코', 0.9816008276016532)]
[([[545, 344], [826, 344], [826, 716], [545, 716]], '오', 0.9999884367323411), ([[1430, 361], [1699, 361], [1699, 619], [1430, 619]], '9', 0.29743569957078364), ([[1590, 726], [1953, 726], [1953, 1092], [1590, 1092]], '오', 0.9999983310706426), ([[2102, 1004], [2375, 1004], [2375, 1313], [2102, 1313]], '오', 0.9999988079074598), ([[1902, 1735], [2222, 1735], [2222, 1837], [1902, 1837]], '따, 따무기', 0.9097871255235009), ([[1080, 1816], [1185, 1816], [1185, 1896], [1080, 1896]], '불끈', 0.9243032099844768), ([[1947, 1841], [2179, 1841], [2179, 1940], [1947, 1940]], '누나 .?', 0.9400408822571731), ([[1390, 1887], [1527, 1887], [1527, 1987], [1390, 1987]], '불끔', 0.10956418771132757), ([[193.99529195901735, 150.01261996889036], [500.0865683493093, 213.64097109219804], [407.0047080409827, 627.9873800311096], [100.91343165069068, 563.359028907802]], '고', 0.4585491701029163)]
[([[328, 312], [612, 312], [612, 420], [328, 420]], '누나라고', 0.8344946688130529), ([[327, 417], [615, 417], [615, 525], [327, 525]], '부르지마', 0.9776801466941833), ([[302, 525], [640, 525], [640, 629], [302, 629]], '걸레녀석! !', 0.6994866310339862), ([[1470, 543], [1706, 543], [1706, 667], [1470, 667]], '버력기', 0.36212373132199543), ([[1878, 2126], [2052, 2126], [2052, 2234], [1878, 2234]], '깜짝', 0.999929194028732)]
[([[229, 279], [606, 279], [606, 391], [229, 391]], '동정은 내가', 0.9991354631420722), ([[167, 388], [665, 388], [665, 491], [167, 491]], '먼저 가져가려고', 0.8959173515902915), ([[286, 491], [545, 491], [545, 595], [286, 595]], '햇는데..', 0.47482475290403736), ([[1081, 1061], [1202, 1061], [1202, 1225], [1081, 1225]], '@', 0.8809789181918326), ([[1261.9421394540648, 1709.0561108682089], [1391.500918071359, 1740.8802955586582], [1369.0578605459352, 1822.9438891317911], [1238.499081928641, 1791.1197044413418]], '까악', 0.3411115993228802)]
[([[240, 310], [675, 310], [675, 418], [240, 418]], '다른 여자한테', 0.47780731236785107), ([[318, 417], [595, 417], [595, 521], [318, 521]], '신나선! !', 0.6187592344861361), ([[756, 720], [1001, 720], [1001, 859], [756, 859]], '버레', 0.11645483120119532), ([[1816, 799], [2181, 799], [2181, 903], [1816, 903]], '불알을 텅텅', 0.2211872393488173), ([[1765, 905], [2237, 905], [2237, 1009], [1765, 1009]], '비워버리다니! !', 0.7991326241135263), ([[1217, 2650], [1570, 2650], [1570, 2758], [1217, 2758]], '끄아아악? !', 0.8338628068766823), ([[1246.9950874933647, 1746.056278690947], [1381.5255292925783, 1773.1163650922163], [1362.0049125066353, 1852.943721309053], [1228.4744707074217, 1824.8836349077837]], '과학', 0.17649033045928944)]
[([[1026, 303], [1318, 303], [1318, 392], [1026, 392]], '심부름 겨우', 0.9869479606127771), ([[1064, 389], [1242, 389], [1242, 475], [1064, 475]], '다(어.', 0.2575642764568329), ([[1338, 582], [1627, 582], [1627, 666], [1338, 666]], '이제 민수량', 0.7811430328046011), ([[1304, 665], [1651, 665], [1651, 749], [1304, 749]], '놀 수 있깊다~', 0.3259639198235783)]
[([[295, 268], [662, 268], [662, 370], [295, 370]], '아무나 하고', 0.9683239748925422), ([[307, 374], [656, 374], [656, 476], [307, 476]], '식스해대는', 0.39671999257284324), ([[277, 478], [653, 478], [653, 581], [277, 581]], '걸레 자지는.', 0.4078019823909644), ([[1330, 1701], [1479, 1701], [1479, 1776], [1330, 1776]], '찌격', 0.28607275307989644), ([[1921.3768986616567, 2230.024302869206], [2047.8131557336408, 2317.281105738599], [2008.6231013383433, 2373.975697130794], [1882.1868442663592, 2287.718894261401]], '와약"', 0.03432698999322535)]
[([[1713, 975], [2325, 975], [2325, 1380], [1713, 1380]], '파', 0.6352063252868199), ([[2016.9632224804106, 2228.033626198323], [2241.440819565826, 2285.807018824797], [2204.0367775195896, 2413.966373801677], [1978.559180434174, 2357.192981175203]], '오위', 0.139940888371314)]
[([[2104, 1897], [2316, 1897], [2316, 1999], [2104, 1999]], '따무기', 0.9974071741853332), ([[2064, 2001], [2365, 2001], [2365, 2106], [2064, 2106]], '보지 보다', 0.9287528997706894), ([[2073, 2107], [2350, 2107], [2350, 2208], [2073, 2208]], '부드러워', 0.6914422512054443), ([[855, 2531], [1355, 2531], [1355, 2636], [855, 2636]], '하지만 안쪽에선', 0.8600781952416745), ([[873, 2632], [1334, 2632], [1334, 2746], [873, 2746]], '귀두릎 꽉 잡고', 0.3487334774129341), ([[812, 2740], [1406, 2740], [1406, 2848], [812, 2848]], '빨아들이는 것 같아', 0.7738393158792705)]
[([[313, 286], [611, 286], [611, 388], [313, 388]], '내 보지에', 0.9939691325991525), ([[226, 390], [701, 390], [701, 494], [226, 494]], '넣고 있으면서:.', 0.6537578425307878), ([[1785, 793], [2154, 793], [2154, 896], [1785, 896]], '다른 보지틀', 0.543399716921661), ([[1740, 894], [2200, 894], [2200, 1005], [1740, 1005]], '생각하는거야?', 0.5691837312058086), ([[1429, 2594], [1568, 2594], [1568, 2742], [1429, 2742]], '희', 0.20921494547680197)]
[([[311, 446], [613, 446], [613, 550], [311, 550]], '그냥 강간', 0.9996613019978364), ([[318, 552], [602, 552], [602, 653], [318, 653]], '해버리고', 0.9999035000801086), ([[244, 655], [678, 655], [678, 759], [244, 759]], '끝내려 햇는데', 0.7904900842937785), ([[1737, 996], [2058, 996], [2058, 1104], [1737, 1104]], '안되켓네..', 0.7400853727068009), ([[680, 1873], [714, 1873], [714, 1891], [680, 1891]], '99', 0.011460416034508387), ([[566, 2028], [606, 2028], [606, 2046], [566, 2046]], '99', 0.8408775768582935)]
[([[298, 318], [662, 318], [662, 422], [298, 422]], '이렇게 되면', 0.8391555170339613), ([[264, 421], [696, 421], [696, 525], [264, 525]], '질내 사정까지', 0.8928284272508696), ([[236, 526], [729, 526], [729, 634], [236, 634]], '받아 버밀꺼야!!', 0.5253622920470674), ([[1755, 1674], [2134, 1674], [2134, 2069], [1755, 2069]], '땅', 0.742638961839944), ([[1973, 2232], [2232, 2232], [2232, 2344], [1973, 2344]], '오욕 0', 0.3419364094734192), ([[1460, 2617], [1622, 2617], [1622, 2756], [1460, 2756]], '욕"', 0.42161166153211643), ([[1714.2783606419137, 607.0322291390947], [2120.520409835069, 566.5833676327941], [2136.721639358086, 965.9677708609053], [1730.4795901649306, 1006.4166323672059]], '파', 0.999862437211064), ([[261.13062109352796, 1095.0089988174016], [802.8074286480032, 1344.9826737944102], [646.869378906472, 1661.9910011825984], [105.19257135199678, 1412.0173262055898]], '파양', 0.9794045672754629), ([[386.75814253416064, 2392.0321509093005], [573.1505149336637, 2377.923547201274], [583.2418574658393, 2632.9678490906995], [396.8494850663364, 2647.076452798726]], '땅', 0.4698753923762844)]
[([[2003, 649], [2298, 649], [2298, 750], [2003, 750]], '나도 재미', 0.9983170204423691), ([[2010, 754], [2289, 754], [2289, 856], [2010, 856]], '좀 볼까~', 0.4666425353673647), ([[265, 1689], [340, 1689], [340, 1751], [265, 1751]], '최', 0.08938750642102278), ([[421, 1704], [743, 1704], [743, 1916], [421, 1916]], '쓰컷', 0.43280038225446743), ([[1376, 1737], [1616, 1737], [1616, 1898], [1376, 1898]], '쓰텅', 0.16393813685079428), ([[157, 2110], [430, 2110], [430, 2285], [157, 2285]], '소컷', 0.050624193189616556), ([[2133.142252312904, 1157.0785772922675], [2401.797304730912, 1127.7925880690084], [2409.857747687096, 1318.9214227077325], [2141.202695269088, 1348.2074119309916]], '쓰컷', 0.0967799536553004), ([[151.80678573846754, 1175.0158223402264], [720.0732423042765, 1263.6155291995067], [643.1932142615325, 1641.9841776597736], [74.92675769572347, 1552.3844708004933]], '쓰컷', 0.3805475911135217), ([[2082.055919713828, 1743.0131096978075], [2499.3173689801624, 1903.2211413763305], [2387.944080286172, 2170.9868903021925], [1970.6826310198373, 2010.7788586236695]], '쓰컷', 0.2083611067571781), ([[669.8962246959699, 2389.016925088617], [1122.9043581090668, 2492.8965087180536], [1042.1037753040303, 2786.983074911383], [590.0956418909332, 2683.1034912819464]], '쓰컷', 0.006241073968510085), ([[2099.9632224804104, 2431.033626198323], [2296.1040184511453, 2482.720925589891], [2256.0367775195896, 2616.966373801677], [2059.8959815488547, 2565.279074410109]], '우움', 0.15222918844871394)]
[([[194, 423], [466, 423], [466, 527], [194, 527]], '사정해! !', 0.6621503146610074), ([[293, 619], [595, 619], [595, 721], [293, 721]], '내 보지에', 0.9886215203116978), ([[234, 722], [645, 722], [645, 830], [234, 830]], '사정하라구! !', 0.549566741549518), ([[1987, 685], [2145, 685], [2145, 786], [1987, 786]], '으응', 0.9956774631843198), ([[2107, 910], [2321, 910], [2321, 1013], [2107, 1013]], '이렇게', 0.5460049633658594), ([[2030, 1015], [2397, 1015], [2397, 1117], [2030, 1117]], '비비는 것도', 0.7403281242319486), ([[2030, 1117], [2395, 1117], [2395, 1220], [2030, 1220]], '나쁘지 양네', 0.5895415398166031), ([[440, 1701], [767, 1701], [767, 1913], [440, 1913]], '쓰컷', 0.17278801088719448), ([[0, 2077], [455, 2077], [455, 2306], [0, 2306]], '쓰컷 .', 0.19726613097735476), ([[154.0227275529369, 1192.0136463951412], [584.9378561377702, 1338.4430191789384], [479.9772724470631, 1619.9863536048588], [49.06214386222986, 1473.5569808210616]], '쓰컷', 0.1920668995412002), ([[1401.818053031755, 1734.0437159286926], [1616.8120722334531, 1767.9499986652093], [1590.181946968245, 1900.9562840713074], [1374.1879277665469, 1867.0500013347907]], '쓰철', 0.029363758213868794), ([[2095.0862230959237, 1783.0126537628505], [2508.5735770151146, 1953.7120816533904], [2394.9137769040763, 2209.9873462371493], [1981.4264229848857, 2039.2879183466096]], '쓰컷', 0.3043099055105013), ([[1207.16331580224, 1916.0233528600952], [1322.2544554150616, 1947.0834868370787], [1271.83668419776, 2124.976647139905], [1156.7455445849384, 2092.9165131629215]], '고', 0.059667438267215545), ([[664.9430804202765, 2390.0159619111514], [1139.2781650964073, 2500.1573191591624], [1059.0569195797236, 2790.9840380888486], [584.7218349035928, 2680.8426808408376]], '쓰컷', 0.11113334829874891)]
[([[397, 67], [896, 67], [896, 655], [397, 655]], '부', 0.09311739691097021), ([[120, 611], [376, 611], [376, 750], [120, 750]], '부웃하', 0.0936594675087611), ([[79, 1013], [163, 1013], [163, 1066], [79, 1066]], '#옷', 0.3326936749834869), ([[573, 967], [713, 967], [713, 1077], [573, 1077]], "'부딪", 0.20180810346757044), ([[545, 1139], [700, 1139], [700, 1265], [545, 1265]], '북/', 0.057522845981043895), ([[1950, 874], [2341, 874], [2341, 1500], [1950, 1500]], '웃', 0.802658083083859), ([[479.8719580218869, 1039.057992812303], [645.370556725386, 1066.3323640849244], [626.1280419781131, 1157.942007187697], [460.629443274614, 1131.6676359150756]], "'#옷 ;", 0.10725102898467966), ([[118.95315215481958, 1048.054945470786], [244.4941108430878, 1080.859640259594], [221.04684784518042, 1162.945054529214], [95.50588915691219, 1130.140359740406]], '빗류', 0.3579697861276827)]
[([[833, 707], [928, 707], [928, 760], [833, 760]], '하아', 0.978846461716787), ([[1481, 776], [1579, 776], [1579, 825], [1481, 825]], '하아', 0.7034577695630216), ([[982, 833], [1090, 833], [1090, 890], [982, 890]], '하아', 0.9985966299506782), ([[401, 1084], [619, 1084], [619, 1188], [401, 1188]], '진짜로', 0.9990934853779331), ([[358, 1188], [659, 1188], [659, 1297], [358, 1297]], '질내 사정', 0.8962979826769364), ([[347, 1297], [671, 1297], [671, 1400], [347, 1400]], '해버로어 .', 0.8084802609412945), ([[2154, 1274], [2336, 1274], [2336, 1378], [2154, 1378]], '(으응', 0.43263068743201594), ([[262, 1691], [340, 1691], [340, 1753], [262, 1753]], '에', 0.18083329897794798), ([[455, 1764], [535, 1764], [535, 1817], [455, 1817]], '움질', 0.9063612729578432), ([[503, 2012], [532, 2012], [532, 2028], [503, 2028]], '여', 0.2121542164587007), ([[533, 2032], [616, 2032], [616, 2089], [533, 2089]], '움질', 0.92109799529044), ([[1021, 2272], [1100, 2272], [1100, 2333], [1021, 2333]], '움질', 0.7686349705436718), ([[1171, 2495], [1280, 2495], [1280, 2559], [1171, 2559]], "'움질-", 0.6028522253036499), ([[1566.9266873708002, 826.0967805394006], [1649.5424526814297, 839.7019098637974], [1639.0733126291998, 892.9032194605994], [1556.4575473185703, 878.2980901362026]], "'한아", 0.9934027623693102), ([[1419.9973506193548, 907.0843686541932], [1519.746957711327, 926.2759126866019], [1508.0026493806452, 977.9156313458068], [1408.253042288673, 959.7240873133981]], '하아', 0.9999358530991852)]
[([[2101, 496], [2165, 496], [2165, 569], [2101, 569]], '괜', 0.6613959300486307), ([[2248, 495], [2449, 495], [2449, 573], [2248, 573]], '그래도..', 0.48662832594220323), ([[2198, 573], [2401, 573], [2401, 657], [2198, 657]], '렇다면 .', 0.5325871375437157), ([[2281, 1113], [2639, 1113], [2639, 1197], [2281, 1197]], '그럼 있다가 .', 0.8165578931775705), ([[2137, 1383], [2430, 1383], [2430, 1467], [2137, 1467]], '알앗.. 헤헤.', 0.17399832503496904)]
[([[356, 250], [633, 250], [633, 352], [356, 352]], '어린아이', 0.9997159838676453), ([[379, 356], [611, 356], [611, 455], [379, 455]], '첫 번째', 0.9803549640865616), ([[325, 460], [633, 460], [633, 561], [325, 561]], '질내 사정', 0.9197974412715006), ([[893, 803], [987, 803], [987, 856], [893, 856]], '하일', 0.14355835831705369), ([[1891, 790], [2190, 790], [2190, 892], [1891, 892]], '보지 안에', 0.5365219944852435), ([[970, 882], [1072, 882], [1072, 935], [970, 935]], '하아', 0.999967884252485), ([[1775, 893], [2200, 893], [2200, 1001], [1775, 1001]], '들어와버로어', 0.48397431277912895), ([[1467.8669156380993, 754.1079613181162], [1572.7086671113266, 767.153078287512], [1564.1330843619007, 817.8920386818838], [1459.2913328886734, 803.846921712488]], '하반', 0.9214975326004375), ([[1519.8918944820552, 838.1243357210427], [1597.6917155840856, 849.2714732058632], [1590.1081055179448, 891.8756642789573], [1512.3082844159144, 880.7285267941368]], '하자', 0.143142350088757), ([[1418.9805585009542, 909.0872393055339], [1520.60870148353, 922.8686934362586], [1511.0194414990458, 978.9127606944661], [1409.39129851647, 965.1313065637414]], '하아', 0.9945332203014269)]
[([[1938, 286], [2244, 286], [2244, 390], [1938, 390]], '질내 사정', 0.8289865267337776), ([[1816, 579], [2123, 579], [2123, 683], [1816, 683]], '아까 내가', 0.9854259256032747), ([[1685, 678], [2188, 678], [2188, 791], [1685, 791]], '먼저 해버로는데', 0.29354175595672155), ([[532, 1103], [656, 1103], [656, 1200], [532, 1200]], '뭐?', 0.9999959539049404), ([[590, 2037], [619, 2037], [619, 2055], [590, 2055]], '9', 0.7242032505043348)]
[([[1935, 254], [2371, 254], [2371, 362], [1935, 362]], '나는 안되다고', 0.852731198959437), ([[2023, 363], [2285, 363], [2285, 464], [2023, 464]], '햇는데~', 0.6189736127853394), ([[1801, 552], [2231, 552], [2231, 656], [1801, 656]], '민수가 억지로', 0.5628387379685255), ([[1866, 658], [2163, 658], [2163, 761], [1866, 761]], '질내 사정', 0.9897463809873562), ([[1840, 760], [2189, 760], [2189, 868], [1840, 868]], '해버로어애', 0.2632974447293216), ([[590, 2037], [619, 2037], [619, 2055], [590, 2055]], '9', 0.7969170440956077)]
[([[293, 444], [653, 444], [653, 548], [293, 548]], '이 이 걸레', 0.8600870181605684), ([[317, 546], [625, 546], [625, 654], [317, 654]], '자식이!! !', 0.9527910200142045)]
[([[230, 509], [703, 509], [703, 613], [230, 613]], '망가트질 거야 .', 0.48742892728835496), ([[2023, 1454], [2094, 1454], [2094, 1504], [2023, 1504]], '으응', 0.999631319278215), ([[440, 1701], [767, 1701], [767, 1913], [440, 1913]], '쓰컷', 0.14892950593053467), ([[0, 2077], [451, 2077], [451, 2306], [0, 2306]], '쓰컷 .', 0.21915797473552198), ([[155.01724157486515, 1193.0138000651996], [582.9247340030583, 1338.3911427691164], [477.9827584251348, 1618.9861999348004], [50.07526599694166, 1473.6088572308836]], '쓰컷', 0.10969364597719837), ([[1400.809281202854, 1736.0443681182435], [1615.7527072796768, 1767.8066464722112], [1590.190718797146, 1901.9556318817565], [1374.2472927203232, 1869.1933535277888]], '쓰청', 0.17848008377640542), ([[2094.088745414062, 1784.0125839890482], [2509.5181541646452, 1952.3813124553528], [2395.911254585938, 2211.987416010952], [1981.4818458353548, 2043.6186875446472]], '쓰컷', 0.2873926813695014), ([[665.9334224094001, 2391.0162550283244], [1138.2786206383773, 2500.158717400281], [1059.0665775905998, 2788.9837449716756], [586.7213793616227, 2679.841282599719]], '쓰컷', 0.14554364402389056)]
[([[1821, 257], [2096, 257], [2096, 359], [1821, 359]], '망가트려', 0.9601901173591614), ([[402, 67], [896, 67], [896, 653], [402, 653]], '부', 0.12478568664232004), ([[1778, 361], [2138, 361], [2138, 464], [1778, 464]], '버질 거야!!', 0.33699684791058376), ([[120, 611], [385, 611], [385, 751], [120, 751]], '볶웃하', 0.054510857362828645), ([[79, 1013], [163, 1013], [163, 1066], [79, 1066]], '부옷', 0.27857218025946284), ([[573, 967], [713, 967], [713, 1077], [573, 1077]], "'부딪", 0.07283366105843969), ([[464, 1042], [645, 1042], [645, 1250], [464, 1250]], "'북", 0.255465658411965), ([[614, 1167], [700, 1167], [700, 1262], [614, 1262]], '/', 0.036260248087718105), ([[1952, 877], [2342, 877], [2342, 1504], [1952, 1504]], '웃', 0.7628583317478501), ([[1200, 1569], [1299, 1569], [1299, 1679], [1200, 1679]], '11', 0.3879495964231593), ([[119.95315215481958, 1048.054945470786], [244.4941108430878, 1080.859640259594], [220.04684784518042, 1162.945054529214], [95.50588915691219, 1130.140359740406]], '빗류', 0.17495436414080417)]
[([[247, 1390], [591, 1390], [591, 1618], [247, 1618]], "쑤컷'", 0.14175805759040427), ([[2019, 1852], [2172, 1852], [2172, 1956], [2019, 1956]], '이런', 0.9995709720428377), ([[2219, 1852], [2363, 1852], [2363, 1954], [2219, 1954]], '너무', 0.9999673784950978), ([[1967, 1958], [2420, 1958], [2420, 2062], [1967, 2062]], '도발해버로나?', 0.8506602020672462), ([[0, 2077], [453, 2077], [453, 2306], [0, 2306]], '쓰컷" ', 0.18715378642082214), ([[151.03868096859907, 449.0102693304365], [715.0332253250978, 653.7223350206439], [574.961319031401, 1006.9897306695635], [9.966774674902247, 802.2776649793561]], '4경', 0.02445640493848372), ([[2052.017751196068, 534.0141913839442], [2469.1256076108766, 681.3387911913171], [2366.982248803932, 947.9858086160558], [1948.8743923891234, 801.6612088086829]], '쓰컷', 0.10479874218174277), ([[600.8221455973625, 1032.0365441175352], [852.6166537023543, 1073.882871904249], [819.1778544026375, 1230.9634558824648], [567.3833462976457, 1189.117128095751]], '쓰컷', 0.22515388617765048), ([[752.8825263321031, 2429.0173478937204], [1229.8243771108273, 2525.674761135599], [1156.1174736678968, 2822.9826521062796], [679.1756228891726, 2726.325238864401]], '쑤컷', 0.1552169662304752)]
[([[249, 1390], [593, 1390], [593, 1618], [249, 1618]], "쑤 컷'", 0.039062920957803726), ([[2048, 1855], [2327, 1855], [2327, 1952], [2048, 1952]], '뭐 어때~', 0.6262698264083695), ([[1938, 1958], [2440, 1958], [2440, 2062], [1938, 2062]], '재미있으면 돼지', 0.5043091970189499), ([[0, 2077], [453, 2077], [453, 2306], [0, 2306]], '쓰컷" ', 0.14673453569412231), ([[2116, 2192], [2336, 2192], [2336, 2294], [2116, 2294]], '있다가', 0.9996026120540453), ([[2082, 2296], [2368, 2296], [2368, 2399], [2082, 2399]], '사진이나', 0.9910076856613159), ([[2049, 2396], [2337, 2396], [2337, 2504], [2049, 2504]], '찍어두자', 0.965812623500824), ([[151.03868096859907, 449.0102693304365], [715.0759818810905, 655.9276341995162], [574.961319031401, 1006.9897306695635], [9.924018118909558, 801.0723658004838]], '4경', 0.027338465270009354), ([[2052.0261876390855, 534.0139486040856], [2472.124418137125, 682.3336499507965], [2367.9738123609145, 950.9860513959144], [1947.8755818628754, 803.6663500492035]], '쓰컷', 0.08466821653053762), ([[600.7998696740628, 1034.0379408501933], [851.4856502949751, 1072.566828821974], [820.2001303259372, 1229.9620591498067], [569.5143497050249, 1192.433171178026]], '쓰컷', 0.2248956699645719), ([[750.8859826848216, 2428.017240719735], [1229.863037148713, 2525.7813783484025], [1155.1140173151784, 2822.982759280265], [677.1369628512871, 2725.2186216515975]], '쓰컷', 0.16094870537218384)]
[([[1972, 555], [2426, 555], [2426, 941], [1972, 941]], '속량', 0.16621461587067485), ([[710, 1153], [992, 1153], [992, 1342], [710, 1342]], '속행', 0.03841959978414761), ([[343, 1393], [682, 1393], [682, 1616], [343, 1616]], '썰행', 0.4066941176445143), ([[2008, 1699], [2332, 1699], [2332, 1909], [2008, 1909]], '쏟행', 0.03962979300215217), ([[96, 2069], [549, 2069], [549, 2303], [96, 2303]], '썰렁영 ', 0.17732971906661987), ([[249.01310274265214, 449.01058780758945], [807.7616932245404, 645.3985463415562], [668.9868972573479, 1006.9894121924106], [110.23830677545956, 810.6014536584438]], '살월', 0.025943571519471884), ([[1923.889984659482, 2104.0246548383448], [2244.318860142083, 2168.987189024839], [2193.110015340518, 2378.9753451616552], [1871.681139857917, 2313.012810975161]], '쓰행', 0.3188205411525176), ([[748.8649179511189, 2430.0178990504683], [1223.5495331154846, 2517.9451607542255], [1153.135082048881, 2818.9821009495317], [678.4504668845155, 2730.0548392457745]], '썰행', 0.08908219688140756)]
[]
[([[448, 297], [857, 297], [857, 385], [448, 385]], '쓰컷이 방 쪽에서', 0.2500303079846245), ([[470, 382], [841, 382], [841, 466], [470, 466]], '나는 소리인가?', 0.9438810651571814)]
[([[2177, 1666], [2521, 1666], [2521, 1787], [2177, 1787]], '일주일 뒤', 0.9870134706267123)]
[([[861, 179], [1249, 179], [1249, 263], [861, 263]], '민수 엄마~ 이제', 0.9561736117343986), ([[921, 264], [1189, 264], [1189, 345], [921, 345]], '가능 거야?', 0.7181895920444715), ([[2346, 355], [2605, 355], [2605, 439], [2346, 439]], '아니에요~', 0.9979854191607643), ([[1127, 454], [1381, 454], [1381, 538], [1127, 538]], '좀 더 있다', 0.9853703747789182), ([[1082, 535], [1424, 535], [1424, 619], [1082, 619]], '가도 괜찮은데', 0.7431369928361519), ([[2477, 557], [2765, 557], [2765, 643], [2477, 643]], '일도 끝나고', 0.44309025782355865), ([[2480, 642], [2766, 642], [2766, 723], [2480, 723]], '민수 아빠가', 0.9986782447528785), ([[2457, 723], [2784, 723], [2784, 804], [2457, 804]], '기다리니까요', 0.996404683643425)]
[([[1686, 788], [1853, 788], [1853, 867], [1686, 867]], '여기에', 0.9972274666264026), ([[1604, 866], [1903, 866], [1903, 951], [1604, 951]], '온 지도 벌써', 0.9621604304307665), ([[1592, 947], [1919, 947], [1919, 1033], [1592, 1033]], '일주일째구나', 0.9914012192531613)]
[([[2450, 446], [2517, 446], [2517, 496], [2450, 496]], '움질', 0.9343072387549409), ([[812, 708], [1033, 708], [1033, 794], [812, 794]], '여러가지', 0.9997979402542114), ([[753, 789], [1091, 789], [1091, 875], [753, 875]], '일들이 있없지', 0.7704829474530666), ([[2070, 1425], [2422, 1425], [2422, 1506], [2070, 1506]], '여기 오기 전엔', 0.7022055421096839), ([[2058, 1502], [2430, 1502], [2430, 1588], [2058, 1588]], '상상도 못햇던 .', 0.23393420654720953), ([[316.540235122517, 473.9862116102653], [401.370506954324, 428.03616248545006], [424.459764877483, 473.0137883897347], [339.629493045676, 518.9638375145499]], "'", 0.15758279417355325), ([[1958.024835732059, 694.2844414890011], [2043.9497474683058, 679.0502525316941], [2051.9751642679407, 741.7155585109989], [1966.0502525316942, 756.9497474683059]], '움질', 0.713314858328001)]
[([[2203, 824], [2361, 824], [2361, 903], [2203, 903]], '민수! !', 0.5919586486153459)]
[([[1830, 273], [1943, 273], [1943, 350], [1830, 350]], '이제', 0.9994350261053473), ([[1750, 349], [2025, 349], [2025, 436], [1750, 436]], '가능 거야?', 0.807269572279368), ([[414, 869], [487, 869], [487, 960], [414, 960]], "'", 0.2315533631787936), ([[1386, 905], [1558, 905], [1558, 984], [1386, 984]], '잘 가~', 0.4647846846070556), ([[2471, 1573], [2640, 1573], [2640, 1660], [2471, 1660]], '나중에', 0.9719989116670417), ([[2425, 1655], [2691, 1655], [2691, 1739], [2425, 1739]], '또 올거지?', 0.8715443569336002)]
[([[777, 561], [982, 561], [982, 640], [777, 640]], '그 글쎄', 0.9640643471874144), ([[751, 638], [1042, 638], [1042, 724], [751, 724]], '집이 머니까', 0.570738715969934), ([[1028, 762], [1316, 762], [1316, 846], [1028, 846]], '앞으로 다시', 0.8889869390430527), ([[978, 843], [1370, 843], [1370, 929], [978, 929]], '만나긴 힘들지도', 0.9622295397042346), ([[2433, 1542], [2582, 1542], [2582, 1619], [2433, 1619]], '어머~', 0.9982535505218827), ([[2468, 1740], [2811, 1740], [2811, 1830], [2468, 1830]], '그건 곤란한데', 0.9192242303637094)]
[([[981, 750], [1086, 750], [1086, 829], [981, 829]], '뭐?', 0.9999895475975691), ([[439, 864], [519, 864], [519, 962], [439, 962]], '1 !', 0.08662726730108261)]
[([[981, 750], [1086, 750], [1086, 829], [981, 829]], '뭐?', 0.9999895475975691), ([[434, 861], [546, 861], [546, 969], [434, 969]], '1 /', 0.6203358173370361)]
[([[240, 1426], [475, 1426], [475, 1510], [240, 1510]], '이이건?', 0.9496472477912903), ([[2261, 1660], [2518, 1660], [2518, 1744], [2261, 1744]], '기념사진~', 0.998847049198056), ([[2247, 1741], [2583, 1741], [2583, 1825], [2247, 1825]], '민수와 우리의', 0.7321131283482363), ([[2193, 1822], [2592, 1822], [2592, 1908], [2193, 1908]], '소중한 추억이야', 0.49842180174153644)]
[([[409, 627], [733, 627], [733, 711], [409, 711]], '그래서 있지~', 0.8768996118072057), ([[427, 708], [713, 708], [713, 792], [427, 792]], '내가 그렇계', 0.6147160963381874), ([[436, 789], [704, 789], [704, 873], [436, 873]], '햇다니까! !', 0.8679294338378618), ([[1455, 1845], [1827, 1845], [1827, 1930], [1455, 1930]], '진짜 개웃겨~ 국', 0.7058608485647498)]
[([[1299, 743], [1378, 743], [1378, 831], [1299, 831]], '(', 0.46992581184491655), ([[198, 1326], [485, 1326], [485, 1407], [198, 1407]], '어째서 이런', 0.9966868164730152), ([[124, 1407], [557, 1407], [557, 1488], [124, 1488]], '사진올 찍은 거야!', 0.6511670957652637), ([[2297, 1705], [2641, 1705], [2641, 1792], [2297, 1792]], '글쎄우 민수랑', 0.2204784969308458), ([[2270, 1788], [2673, 1788], [2673, 1872], [2270, 1872]], '더 친하게 지내고', 0.6598943310524683), ([[2308, 1869], [2630, 1869], [2630, 1955], [2308, 1955]], '싶어서 활까?', 0.6200039506681825)]
[([[273, 390], [492, 390], [492, 469], [273, 469]], '친해지고', 0.9925928115844727), ([[1773, 408], [2127, 408], [2127, 489], [1773, 489]], '우리 집 근처로', 0.9701688098048028), ([[267, 467], [502, 467], [502, 551], [267, 551]], '싶다니 .?', 0.6126740645883673), ([[1816, 489], [2037, 489], [2037, 568], [1816, 568]], '이사 와~', 0.9992012417287551), ([[434, 859], [564, 859], [564, 976], [434, 976]], '1 /', 0.8276773691177368), ([[2241, 1454], [2420, 1454], [2420, 1533], [2241, 1533]], '너희 집', 0.9992362709538823), ([[2199, 1535], [2467, 1535], [2467, 1616], [2199, 1616]], '돈 많찮아~', 0.26744327601165346), ([[2448, 1692], [2631, 1692], [2631, 1767], [2448, 1767]], '그 정도', 0.7047781970888273), ([[2380, 1768], [2702, 1768], [2702, 1852], [2380, 1852]], '여유는 있지?', 0.42568583418204825)]
[([[1584, 534], [1952, 534], [1952, 613], [1584, 613]], '안 그럼 이 사진', 0.64198283224454), ([[1600, 615], [1941, 615], [1941, 696], [1600, 696]], '전부 인터넷에', 0.9963367227789026), ([[1599, 694], [1944, 694], [1944, 778], [1599, 778]], '뿌려 버밀거야', 0.45656946531726683), ([[450, 861], [578, 861], [578, 972], [450, 972]], "' /1", 0.2860162854194641), ([[297, 1208], [348, 1208], [348, 1270], [297, 1270]], '덜', 0.9959202976608736)]
[([[706, 420], [943, 420], [943, 504], [706, 504]], '우리 임신', 0.9581030840089586), ([[715, 501], [938, 501], [938, 585], [715, 585]], '햇볕지도', 0.2293613851070404), ([[675, 585], [933, 585], [933, 665], [675, 665]], '모르는데~', 0.5322785480431996), ([[1897, 1244], [2120, 1244], [2120, 1332], [1897, 1332]], '근처에서', 0.9815444350242615), ([[1856, 1327], [2162, 1327], [2162, 1413], [1856, 1413]], '돌화쥐야지.', 0.35636498534812994), ([[2118, 1544], [2332, 1544], [2332, 1623], [2118, 1623]], '안 그래?', 0.9971790477878754), ([[447.39298524798323, 864.1080908350762], [557.6562143770038, 850.7597412691332], [565.6070147520168, 961.8919091649238], [455.3437856229961, 974.2402587308668]], "'1", 0.19463870614852188)]
[([[1096, 345], [1502, 345], [1502, 446], [1096, 446]], '그럼 민수야~', 0.9718916366332682), ([[1695, 1796], [1735, 1796], [1735, 1814], [1695, 1814]], '스그', 0.037770372483582844), ([[1882, 2080], [2174, 2080], [2174, 2181], [1882, 2181]], '또 만나"', 0.20683461249235474), ([[1251.5340151904197, 943.2040911425179], [1512.4977436258607, 904.7050374164642], [1522.4659848095803, 1032.7959088574821], [1261.5022563741393, 1071.2949625835358]], '@내피', 0.0012388112658466444)]
[([[1695, 1796], [1749, 1796], [1749, 1816], [1695, 1816]], '수스 @', 0.09600960856262515), ([[2482, 2158], [2687, 2158], [2687, 2399], [2482, 2399]], '끝', 0.9511927939659159), ([[1246.872167983868, 918.126211064491], [1546.9681102350464, 881.0022164460568], [1555.127832016132, 1037.873788935509], [1255.0318897649536, 1075.9977835539432]], '씨비내염', 0.0007489558192901313), ([[1261.3902892391502, 2083.2073760108956], [1284.9566738804288, 2086.7088383842174], [1282.6097107608498, 2097.7926239891044], [1260.0433261195712, 2094.2911616157826]], '65', 0.13624907256569715)]
[([[602, 355], [947, 355], [947, 439], [602, 439]], '원가 분위기가', 0.9275143135350613), ([[650, 436], [902, 436], [902, 522], [650, 522]], '달라켓네?', 0.13819774270383373), ([[2658, 791], [2799, 791], [2799, 889], [2658, 889]], '움질', 0.9039829652467387), ([[1004, 1105], [1108, 1105], [1108, 1232], [1004, 1232]], '', 0.0), ([[1404.1474774367166, 754.1438555949868], [1533.6073525703107, 738.638571788841], [1540.8525225632834, 841.8561444050132], [1411.3926474296893, 857.361428211159]], '움질', 0.6029907213580928)]
[([[1096, 437], [1306, 437], [1306, 516], [1096, 516]], '어, 어??', 0.3010180688661556), ([[1302, 625], [1541, 625], [1541, 714], [1302, 714]], '같이 얘기', 0.9553251301717778), ([[1290, 711], [1558, 711], [1558, 791], [1290, 791]], '하다 보니 .', 0.7156565005699315), ([[2246, 1740], [2535, 1740], [2535, 1821], [2246, 1821]], '심부름은다', 0.9874825470120822), ([[2257, 1823], [2526, 1823], [2526, 1902], [2257, 1902]], '끝난 거야?', 0.561130653701596), ([[1377.286093236459, 1080.7152330911474], [1600.6742907949692, 1041.0243915744593], [1610.713906763541, 1124.2847669088526], [1386.3257092050308, 1163.9756084255407]], '수고 햇어', 0.46097129327476566)]
[([[425, 434], [513, 434], [513, 549], [425, 549]], '콩', 0.9997738727625496), ([[1181, 411], [1291, 411], [1291, 544], [1181, 544]], '콩', 0.9999442108306198), ([[680, 700], [757, 700], [757, 804], [680, 804]], '콩', 0.5576459735614812), ([[1359, 660], [1432, 660], [1432, 759], [1359, 759]], '콩', 0.9991050577648117), ([[1154, 859], [1246, 859], [1246, 983], [1154, 983]], '콩', 0.973037656336956)]
[([[990, 210], [1189, 210], [1189, 291], [990, 291]], '민수 너', 0.9984978540621744), ([[836, 287], [1276, 287], [1276, 373], [836, 373]], '4컷이량 뭐 햇어?', 0.14022531606376032), ([[2200, 528], [2506, 528], [2506, 612], [2200, 612]], '아 아무것도', 0.9957541619407073), ([[2222, 609], [2488, 609], [2488, 693], [2222, 693]], '안 햇는데?', 0.6589930686406656)]
