2194801
114
[([[173, 755], [269, 755], [269, 799], [173, 799]], '정주현_', 0.5690750893700446), ([[673, 761], [767, 761], [767, 797], [673, 797]], '최한성', 0.8449845715237737), ([[116, 810], [222, 810], [222, 836], [116, 836]], '신장 : 181<검', 0.08515998421188016), ([[252, 812], [332, 812], [332, 838], [252, 838]], '국가 : 한국', 0.9992736053433531), ([[554, 810], [592, 810], [592, 834], [554, 834]], '신장', 0.9999329028764958), ([[598, 808], [656, 808], [656, 832], [598, 832]], '156<검', 0.02474410437280736), ([[667, 811], [739, 811], [739, 831], [667, 831]], '국가 : 한국', 0.9922267737836602), ([[123, 841], [163, 841], [163, 861], [123, 861]], '나이', 0.9999914863472156), ([[174, 838], [214, 838], [214, 862], [174, 862]], '21세', 0.9979205892783688), ([[252, 844], [340, 844], [340, 872], [252, 872]], '겁 크기 : 러', 0.130063946181135), ([[464, 824], [524, 824], [524, 880], [464, 880]], '듭', 0.05208058723634523), ([[561, 839], [597, 839], [597, 859], [561, 859]], '나이', 0.999988873250124), ([[606, 838], [648, 838], [648, 862], [606, 862]], '20세', 0.9995439072465052), ([[123, 869], [161, 869], [161, 889], [123, 889]], '무게', 0.9593347735194193), ([[172, 868], [214, 868], [214, 892], [172, 892]], '68*9', 0.3506462275981903), ([[563, 869], [597, 869], [597, 889], [563, 889]], '무게', 0.7228694189837173), ([[606, 868], [648, 868], [648, 892], [606, 892]], '4169', 0.22021901607513428)]
[([[883, 527], [1017, 527], [1017, 587], [883, 587]], '이젠 널', 0.7927321251917053), ([[825, 611], [1087, 611], [1087, 679], [825, 679]], '끝날 시간이야', 0.6759812550929393)]
[([[1240, 246], [1490, 246], [1490, 468], [1240, 468]], '꽃', 0.029145963227406924), ([[1056.7268173614714, 13.024569662111311], [1347.1796557541145, 57.28459690287619], [1294.2731826385286, 337.97543033788867], [1003.8203442458855, 293.71540309712384]], '( ', 0.013858975020281002), ([[187.9268851210818, 413.01645494726637], [462.41903674038684, 462.0427680738707], [394.0731148789182, 808.9835450527337], [119.58096325961314, 759.9572319261292]], '새', 0.03382557832061739)]
[([[1185, 135], [1451, 135], [1451, 173], [1185, 173]], "속금#: ') {3 나", 0.014945285937059398), ([[52, 152], [314, 152], [314, 204], [52, 204]], '#름< 한 #* ()', 0.06321998902122676), ([[1187, 173], [1451, 173], [1451, 211], [1187, 211]], '지) > 7 논 (다채홀 5 *', 0.011825600848124002), ([[1184, 213], [1448, 213], [1448, 249], [1184, 249]], '도0총7 :-단7로', 0.05059302381677165), ([[1185, 251], [1389, 251], [1389, 287], [1185, 287]], '단< 8()5 5 !', 0.07057630458170625), ([[787, 707], [825, 707], [825, 749], [787, 749]], '턱', 0.013703549042259289), ([[846.1098497881025, 681.056828347199], [945.7678647551813, 711.2122621401408], [925.8901502118975, 772.943171652801], [826.2321352448187, 742.7877378598592]], ';장', 0.03331312572245905)]
[([[652, 100], [997, 100], [997, 162], [652, 162]], '#솜& 국 내  5 !', 0.16910736677697186)]
[([[778, 256], [878, 256], [878, 380], [778, 380]], '5', 0.5959508006103675), ([[1323, 285], [1415, 285], [1415, 387], [1323, 387]], '셋', 0.08070193672223525), ([[1237, 589], [1257, 589], [1257, 611], [1237, 611]], '>', 0.06907264774093225), ([[1173.9432770421101, 23.027936095879618], [1311.4916405444435, -22.69285267066195], [1392.0567229578899, 251.97206390412038], [1254.5083594555565, 298.692852670662]], '쥐', 0.37795292017568727), ([[1366.2666855696395, 46.02692374709664], [1445.2524809489985, 35.54371279643003], [1463.7333144303605, 201.97307625290335], [1384.7475190510015, 211.45628720356999]], '(', 0.8739192945274823), ([[770.6604413532108, 471.049914133024], [882.6711747178781, 404.01251756086805], [1006.3395586467892, 640.950085866976], [894.3288252821219, 707.987482439132]], '%', 0.0832993168030507), ([[1195.5611569566013, 562.8295040435816], [1221.6684329204302, 539.0562457694622], [1259.4388430433987, 582.1704959564184], [1233.3315670795698, 605.9437542305378]], '=', 0.9999349127870261)]
[([[32, 8], [248, 8], [248, 278], [32, 278]], '>', 0.16525670046949958), ([[514, 156], [598, 156], [598, 212], [514, 212]], '0', 0.38212091291734396), ([[691, 29], [895, 29], [895, 261], [691, 261]], '겪', 0.00817364640398588), ([[976.2524050748067, 77.0199748988843], [1054.4359255927839, 10.0067884716354], [1273.7475949251934, 291.9800251011157], [1195.5640744072161, 358.9932115283646]], '모', 0.13351982903463977)]
[([[112.84955251672895, 252.04418271747628], [261.41640786499875, 287.2917960675006], [228.15044748327105, 411.9558172825237], [80.58359213500127, 377.7082039324994]], '#', 0.02140646395866619), ([[176.65181877371504, 413.3117294627456], [276.50955873692277, 386.8834866314748], [293.34818122628496, 467.6882705372544], [193.49044126307726, 494.1165133685252]], '78', 0.025045949299622873), ([[108.79031815816914, 544.0564042924099], [274.7970697925579, 567.5383936145565], [254.20968184183084, 676.9435957075901], [89.20293020744207, 653.4616063854435]], '(추', 0.021928730624274105), ([[202.3253636439011, 724.1005182443794], [394.44692803400386, 711.9397370648138], [394.67463635609886, 834.8994817556206], [202.5530719659961, 847.0602629351862]], '9', 0.01859911067028097)]
[([[1059, 69], [1415, 69], [1415, 133], [1059, 133]], '국단 (- - *" !', 0.13362866553300762), ([[1250, 312], [1450, 312], [1450, 440], [1250, 440]], '떼사', 0.01910578056396862), ([[930.2429671440989, 155.01433260421143], [1142.8288456454611, 322.3890843812026], [1034.7570328559011, 458.9856673957886], [822.1711543545389, 290.6109156187974]], "세'5", 0.03701299531287777)]
[([[9, 269], [356, 269], [356, 321], [9, 321]], '7(7 + 나-= 7*', 0.023406134227620782), ([[782, 126], [934, 126], [934, 330], [782, 330]], '8', 0.025627734443986805), ([[18, 320], [360, 320], [360, 372], [18, 372]], '~지) > 7 태롯0+-', 0.07307809886560794), ([[14, 370], [364, 370], [364, 420], [14, 420]], '8 (- 톤( ) #즘 (- 7]', 0.025427837482572106), ([[15, 421], [264, 421], [264, 472], [15, 472]], '초( 한 7 오+-', 0.030360431283123313), ([[414, 434], [584, 434], [584, 604], [414, 604]], '씨', 0.25322769078924523), ([[989, 717], [1035, 717], [1035, 761], [989, 761]], '아', 0.9634852921308834), ([[634, 792], [714, 792], [714, 864], [634, 864]], '@애', 0.07616316774093504), ([[1053, 725], [1318, 725], [1318, 913], [1053, 913]], '"옷', 0.9146648412441094), ([[800.8373632820476, 9.048359384571686], [959.2785632046431, 33.27416283057764], [936.1626367179524, 156.95164061542832], [777.7214367953569, 132.72583716942236]], '46!', 0.11903348715294863), ([[696.2264990188738, 837.8397485283108], [755.988325492273, 817.9912706810971], [768.7735009811262, 861.1602514716892], [709.011674507727, 881.0087293189029]], '00', 0.3714287311959705)]
[([[121, 148], [490, 148], [490, 204], [121, 204]], '논 > #름( #단스', 0.021245268055871885), ([[1105, 753], [1427, 753], [1427, 797], [1105, 797]], '군 > 한화쉬 ! *단', 0.018188707779048345), ([[1105, 801], [1281, 801], [1281, 843], [1105, 843]], '해*<부 !', 0.01995791837878791), ([[739.6097143038745, 456.01908589952006], [884.5442907153274, 331.9134833945208], [903.3902856961255, 361.98091410047994], [757.4557092846726, 486.0865166054792]], '소5소5555555드', 0.030338741621654595), ([[559.4421259126165, 612.0390939795767], [671.4652330466324, 519.8499799959696], [687.5578740873835, 548.9609060204233], [576.5347669533676, 641.1500200040304]], '15555555', 0.2572269853221033)]
[([[709.2101029455116, -10.984395478555527], [1312.9690052821127, 116.88697347607896], [1266.7898970544884, 281.98439547855554], [663.0309947178872, 153.11302652392104]], '_{', 0.34418050751299917), ([[1217.8709031195572, 333.0639474521028], [1287.7014431463374, 308.1458084441299], [1330.1290968804428, 440.9360525478972], [1260.2985568536626, 466.8541915558701]], '원', 0.10673520855766583), ([[1380.5272967086428, 319.0079825758277], [1487.2708933437211, 349.7043228048608], [1402.4727032913572, 642.9920174241722], [1295.7291066562789, 611.2956771951392]], '화', 0.024884525161246396)]
[([[802, 16], [930, 16], [930, 150], [802, 150]], '@', 0.9999823571029651), ([[398, 492], [542, 492], [542, 971], [398, 971]], '4', 0.07348812428296014), ([[642, 770], [838, 770], [838, 964], [642, 964]], ' 2', 0.15201300775334575)]
[([[586, 26], [924, 26], [924, 74], [586, 74]], '스컷=0##하7*7시/"', 0.0035263716233428144), ([[584, 74], [920, 74], [920, 122], [584, 122]], "%@꾸(-('3180한", 0.034344596079056926), ([[590, 122], [888, 122], [888, 172], [590, 172]], '호  속1다 #표<당 ', 0.00903030105123827)]
[([[1055, 275], [1413, 275], [1413, 325], [1055, 325]], '찾+-:+"화0 총 >', 0.009115870241583349), ([[1054, 328], [1174, 328], [1174, 378], [1054, 378]], "')내 !", 0.13381412353995517)]
[([[163.5568331034316, 251.04342951696447], [693.4596220040269, -50.46656358544965], [764.4431668965684, 132.95657048303553], [235.54037799597316, 435.46656358544965]], '밥0스9', 0.001355771441012621)]
[([[1185, 39], [1399, 39], [1399, 103], [1185, 103]], '화" !', 0.08434196561574936), ([[1080.4849133742932, 227.80926611059186], [1461.8498770694393, 169.6539347703966], [1471.5150866257068, 279.19073388940814], [1090.1501229305607, 337.3460652296034]], '1사사_', 0.004593794699758291)]
[([[20, 24], [290, 24], [290, 104], [20, 104]], '호  !', 0.12358329823541855), ([[963, 183], [1031, 183], [1031, 295], [963, 295]], '8', 0.7195038474675499)]
[]
[]
[]
[([[122, 172], [552, 172], [552, 272], [122, 272]], '아직 안 끝낫어~', 0.5045321354786052), ([[1113, 538], [1337, 538], [1337, 840], [1113, 840]], '7', 0.18895653492769782), ([[255, 872], [383, 872], [383, 1022], [255, 1022]], '깨', 0.01785133617111101), ([[354, 1072], [452, 1072], [452, 1192], [354, 1192]], '9 ', 0.081420755993161), ([[743, 1271], [857, 1271], [857, 1405], [743, 1405]], '귀 !', 0.2179859381722648)]
[]
[]
[([[125, 755], [297, 755], [297, 919], [125, 919]], '{', 0.0772328053082596)]
[([[192, 214], [544, 214], [544, 286], [192, 286]], '어머 어머 어떡해', 0.844436602251665)]
[([[679, 143], [847, 143], [847, 233], [679, 233]], '잡앉다', 0.9529601643487907), ([[863, 153], [925, 153], [925, 219], [863, 219]], '"!', 0.2592306012201211), ([[174, 484], [202, 484], [202, 510], [174, 510]], '시0', 0.9251640378801156)]
[([[348, 1824], [446, 1824], [446, 1926], [348, 1926]], '9', 0.6040074802747917), ([[499, 1833], [701, 1833], [701, 1945], [499, 1945]], '?=', 0.2178770982837211), ([[1925, 1843], [2151, 1843], [2151, 1931], [1925, 1931]], '느', 0.1860813539528161), ([[337, 2039], [683, 2039], [683, 2107], [337, 2107]], '북통 : 218~,', 0.06605285534314186), ([[708, 2046], [768, 2046], [768, 2096], [708, 2096]], '[', 0.004984404609198245), ([[775, 2031], [975, 2031], [975, 2117], [775, 2117]], ': 넘*', 0.03551481986123666), ([[1659, 2047], [1963, 2047], [1963, 2115], [1659, 2115]], '북통 : 140<0', 0.03470703728724246), ([[2093, 2037], [2247, 2037], [2247, 2121], [2093, 2121]], '타*', 0.03378329954527161), ([[334, 2124], [596, 2124], [596, 2196], [334, 2196]], '#빠 : 28', 0.11074664109317181), ([[686, 2126], [1028, 2126], [1028, 2198], [686, 2198]], '7030+지 : 거', 0.13636687250640991), ([[1095, 2030], [1520, 2030], [1520, 2306], [1095, 2306]], '비문', 0.3146065530380228), ([[1663, 2135], [1923, 2135], [1923, 2201], [1663, 2201]], '## : 20', 0.20927625777241576), ([[334, 2212], [663, 2212], [663, 2285], [334, 2285]], '돌물 : 15069', 0.2176499797606096), ([[1656, 2214], [1982, 2214], [1982, 2295], [1656, 2295]], '토물 : 35혼9', 0.10926067965743641)]
[([[855, 1333], [995, 1333], [995, 1475], [855, 1475]], '@', 0.9955557006387359), ([[1136, 1384], [1276, 1384], [1276, 1488], [1136, 1488]], '0}', 0.15450161571079085), ([[1454.756503204768, 1359.2312153828864], [1573.2831306132673, 1333.7564565586097], [1587.243496795232, 1428.7687846171136], [1467.7168693867327, 1453.2435434413903]], '딸가', 0.026490628827165446)]
[([[281, 644], [385, 644], [385, 710], [281, 710]], '=,', 0.0006523047914922643), ([[1733, 871], [1775, 871], [1775, 909], [1733, 909]], '내빠', 0.056759992747488344), ([[1642, 898], [1684, 898], [1684, 924], [1642, 924]], '(0빠', 0.17404747817108007), ([[0, 1168], [188, 1168], [188, 1338], [0, 1338]], '리', 0.1037645845919366), ([[314, 1163], [578, 1163], [578, 1357], [314, 1357]], '딴애', 0.007562900349659552), ([[0, 1328], [210, 1328], [210, 1500], [0, 1500]], '가', 0.02266566379525159), ([[2014, 1294], [2222, 1294], [2222, 1444], [2014, 1444]], '오략', 0.13574878433378568), ([[305.95136234400405, 570.0789914704267], [397.41949039377266, 587.2089172200989], [384.04863765599595, 649.9210085295733], [292.58050960622734, 632.7910827799011]], '헤:', 0.0009873386333568391)]
[([[421, 699], [481, 699], [481, 769], [421, 769]], '소', 0.0929545906309528), ([[153, 813], [591, 813], [591, 982], [153, 982]], '774', 0.030320661142468452), ([[158, 978], [329, 978], [329, 1052], [158, 1052]], '나느', 0.01927850566899278), ([[251, 1058], [546, 1058], [546, 1107], [251, 1107]], "' 7", 0.012665905910965402)]
[([[1748, 856], [2054, 856], [2054, 1086], [1748, 1086]], '쿠', 0.01804999105395866), ([[445, 947], [883, 947], [883, 1277], [445, 1277]], '#3', 0.10720873506266988)]
[([[348.194099619248, -32.97499613010747], [804.9791031438444, 46.263195018035034], [778.8059003807521, 153.97499613010746], [321.0208968561556, 73.73680498196497]], '#피이오1', 0.011732625211315496)]
[([[0, 0], [244, 0], [244, 83], [0, 83]], '2', 0.062048181851025674)]
[([[454.2343007468459, 20.036727767197753], [756.991474180883, 72.63075696854007], [740.765699253154, 139.96327223280224], [438.0085258191171, 87.36924303145993]], '닐<', 0.0026673921308765693)]
[([[69, 524], [280, 524], [280, 615], [69, 615]], "'", 0.03585058184398804), ([[67, 567], [577, 567], [577, 681], [67, 681]], '차0 >다', 0.005754069054634481), ([[1267, 1115], [1561, 1115], [1561, 1347], [1267, 1347]], '우/', 0.014290356418950425)]
[([[435, 329], [895, 329], [895, 465], [435, 465]], '**?', 0.1590390503473248)]
[]
[([[1021, 387], [1203, 387], [1203, 543], [1021, 543]], '히', 0.03314927942182444), ([[1257, 737], [1431, 737], [1431, 899], [1257, 899]], '템', 0.019829671308564167), ([[232, 1112], [436, 1112], [436, 1286], [232, 1286]], '닮드', 0.16115090158518605)]
[([[1732, 267], [2352, 267], [2352, 371], [1732, 371]], ':소:다@하 *', 0.004118490591888907), ([[1439.3343597645298, 887.018475761535], [1528.6739683373617, 877.5762547010158], [1546.6656402354702, 1090.981524238465], [1457.3260316626383, 1099.4237452989842]], '육', 0.11273093339697482)]
[([[878.9704390450212, -11.973482526589674], [1199.3673998668403, 58.00962702817609], [1156.029560954979, 221.97348252658966], [834.6326001331596, 151.99037297182392]], "'알놈", 0.05948492248908867), ([[50.856866562661715, 1090.0210838481325], [277.9117229268129, 1049.3798871959798], [331.1431334373383, 1422.9789161518675], [105.08827707318713, 1464.6201128040202]], '0', 0.2530999920539365)]
[([[2144, 192], [2386, 192], [2386, 266], [2144, 266]], '#(니펼', 0.000577900733333081), ([[37, 829], [103, 829], [103, 865], [37, 865]], '00', 0.5653130111294341), ([[50, 914], [106, 914], [106, 980], [50, 980]], '@', 0.03471641654733326)]
[([[1683, 283], [1967, 283], [1967, 395], [1683, 395]], '17< *', 0.19811486266268244)]
[([[633.8651368309256, 48.13458096431252], [867.9775668512749, 11.018981895075045], [881.1348631690744, 160.8654190356875], [647.0224331487251, 197.98101810492494]], '험심', 0.0009441848551190528)]
[([[680, 346], [1036, 346], [1036, 594], [680, 594]], '효 #=', 0.010411914661010775), ([[1016, 384], [1140, 384], [1140, 594], [1016, 594]], '옷', 0.03196961646825347)]
[([[639, 1377], [761, 1377], [761, 1469], [639, 1469]], ';', 0.09838076080213032), ([[768.4257255601344, 1052.0275458253984], [810.7791914037192, 1074.3724209827192], [760.5742744398656, 1167.9724541746016], [718.2208085962808, 1144.6275790172808]], '형', 0.049527012298346884), ([[1365.2720052199188, 1385.1504297535369], [1485.5396232056405, 1373.4308233455806], [1489.7279947800812, 1461.8495702464631], [1369.4603767943595, 1474.5691766544194]], '유가', 0.09859974303479857)]
[([[2044.3505205348222, 1290.061923113136], [2252.28896321929, 1273.1807837210815], [2256.6494794651776, 1466.938076886864], [2048.71103678071, 1483.8192162789185]], '또', 0.012327354261603196), ([[862.7011313366655, 1338.2378062229918], [1260.4915023281865, 1256.3228533075544], [1283.2988686633346, 1452.7621937770082], [885.5084976718135, 1533.6771466924456]], '@} ', 0.015601053801301078)]
[]
[([[715.0105123546202, -12.962288154474919], [812.2623610607471, -31.281379327576616], [841.9894876453798, 143.96228815447492], [744.7376389392529, 163.28137932757662]], '대', 0.3928813790992116)]
[]
[]
[([[557.41146499727, 423.74636949372086], [687.4912014352839, 388.76587584928177], [703.58853500273, 463.25363050627914], [573.5087985647161, 498.23412415071823]], '올릇?', 0.04206539750509475)]
[([[763, 319], [861, 319], [861, 409], [763, 409]], '워0', 0.08398458369439321)]
[([[664, 1084], [690, 1084], [690, 1122], [664, 1122]], '9', 0.1573843875535239)]
[([[627, 471], [760, 471], [760, 538], [627, 538]], '아~0', 0.7566908258034524), ([[775, 1313], [917, 1313], [917, 1447], [775, 1447]], '스', 0.8037275172543765), ([[855, 1421], [971, 1421], [971, 1537], [855, 1537]], '스', 0.11369038492257122), ([[508.11856668372894, 896.0102240687186], [956.8468991907686, 1122.5923290000649], [807.881433316271, 1402.9897759312814], [359.1531008092314, 1176.4076709999351]], '( ?', 0.004608412509128268)]
[([[166, 146], [234, 146], [234, 202], [166, 202]], '933', 0.12761698947741948)]
[]
[([[1524, 416], [1646, 416], [1646, 512], [1524, 512]], '양@', 0.700129899491211), ([[628, 556], [774, 556], [774, 702], [628, 702]], '', 0.0), ([[1577.1269855232026, 272.0238350746087], [1793.8997010585408, 364.2112836309142], [1737.8730144767974, 486.9761649253913], [1522.1002989414592, 394.7887163690858]], '하@', 0.27415100235741097), ([[1549.9449102749804, 863.0783246022444], [1805.600454313497, 811.7062235245719], [1836.0550897250196, 1047.9216753977555], [1581.399545686503, 1099.293776475428]], '팩?', 0.12792665195177413)]
[([[91, 173], [664, 173], [664, 297], [91, 297]], '871-1+쥐0 50', 0.06097655655651184), ([[963.5551262292632, 1104.0058219578555], [1379.906489084294, 1395.001366404652], [1292.4448737707369, 1519.9941780421445], [876.0935109157061, 1228.998633595348]], '323359 .', 0.02368525897510178)]
[([[740, 204], [800, 204], [800, 232], [740, 232]], '하아', 0.9910541270395309), ([[499.1911248646676, 222.06586167447233], [593.9507426671042, 250.2998949763691], [579.8088751353324, 292.93413832552767], [485.0492573328957, 265.7001050236309]], '다홍`?', 0.00022604776313528419)]
[([[1574, 718], [1832, 718], [1832, 838], [1574, 838]], "77('", 0.2838975489139557), ([[1382, 932], [1502, 932], [1502, 1036], [1382, 1036]], '70', 0.283175552962667), ([[896, 1060], [1016, 1060], [1016, 1156], [896, 1156]], '%', 0.5935269780764862)]
[([[52, 172], [492, 172], [492, 244], [52, 244]], '다0)다 (- 저 ? [', 0.05008300589806324), ([[1230, 444], [1258, 444], [1258, 474], [1230, 474]], '0', 0.9965471084679081), ([[1147, 446], [1273, 446], [1273, 539], [1147, 539]], '작% ', 0.1171071403953826), ([[628, 686], [712, 686], [712, 760], [628, 760]], '7', 0.09303862124472406), ([[505.90767448131146, 436.0598377799343], [655.4217032750431, 461.6486558820316], [637.0923255186885, 546.9401622200658], [487.57829672495683, 521.3513441179683]], '420', 0.03156221705616952)]
[([[1703, 187], [1899, 187], [1899, 299], [1703, 299]], '#} 한', 0.1695028658802045), ([[904, 796], [1054, 796], [1054, 870], [904, 870]], ' %', 0.7414284944534302), ([[1333.8200063599809, 465.9120101759695], [1441.7418453146277, 441.32373790214257], [1451.1799936400191, 492.0879898240305], [1343.2581546853723, 517.6762620978575]], '하아 -', 0.9388549885082833)]
[([[910, 424], [974, 424], [974, 480], [910, 480]], '아디', 0.011504475037467585), ([[806, 450], [874, 450], [874, 506], [806, 506]], "0'", 0.1102480269729137), ([[648, 740], [750, 740], [750, 844], [648, 844]], '#', 0.09453957479806618)]
[([[1362, 280], [1452, 280], [1452, 360], [1362, 360]], '@대', 0.6464810436452341), ([[1558, 224], [2103, 224], [2103, 397], [1558, 397]], '# #7 _(1', 0.0413714869476724), ([[675, 641], [939, 641], [939, 893], [675, 893]], '_', 0.06784325619266784), ([[649, 889], [827, 889], [827, 1051], [649, 1051]], '%', 0.009992847529937343), ([[1486.451538124019, 989.806152496076], [1879.2186629136315, 789.4140097912098], [1961.548461875981, 1002.193847503924], [1568.7813370863685, 1202.5859902087902]], '패로', 0.022940976978354427)]
[([[994, 66], [1184, 66], [1184, 170], [994, 170]], '9909', 0.19367220997810364), ([[90, 140], [414, 140], [414, 238], [90, 238]], '당청* ?', 0.025280837757697013), ([[1068, 244], [1172, 244], [1172, 318], [1068, 318]], '원어', 0.016363657546215857), ([[1424, 331], [2025, 331], [2025, 443], [1424, 443]], '-*(금 끈" > ?', 0.02504409755595144), ([[603, 605], [759, 605], [759, 739], [603, 739]], '40', 0.04931946588089037), ([[1113, 685], [1377, 685], [1377, 823], [1113, 823]], '&  소', 0.09807486832141876), ([[476.4221029027534, 557.0098253409509], [607.040058253106, 577.6028701894978], [556.5778970972466, 884.9901746590491], [426.959941746894, 864.3971298105022]], '터', 0.011741757185990187), ([[555.9279264720443, 782.1207191192486], [719.0656967769305, 711.3007253334863], [758.0720735279557, 810.8792808807514], [594.9343032230695, 881.6992746665137]], '뱃5!', 0.000439300506617726)]
[([[288, 1104], [424, 1104], [424, 1176], [288, 1176]], '#껴', 0.01332529325451266), ([[1142, 1110], [1292, 1110], [1292, 1166], [1142, 1166]], '느오 )', 0.0722944363951683), ([[174, 1228], [450, 1228], [450, 1276], [174, 1276]], '북통 : 2310검 벼', 0.044149710239263354), ([[484, 1226], [588, 1226], [588, 1282], [484, 1282]], '타', 0.03826177455767166), ([[905, 1229], [1111, 1229], [1111, 1273], [905, 1273]], '통통 : 140찮,', 0.02395360325633188), ([[1136, 1226], [1314, 1226], [1314, 1280], [1136, 1280]], '벼 : 타*', 0.05394667056585371), ([[172, 1280], [334, 1280], [334, 1335], [172, 1335]], '쇼# : 25', 0.2839375505044533), ([[398, 1286], [620, 1286], [620, 1336], [398, 1336]], '7070+지 :거', 0.20434610068985823), ([[646, 1224], [874, 1224], [874, 1374], [646, 1374]], '비/', 0.10707015384306998), ([[902, 1284], [1012, 1284], [1012, 1332], [902, 1332]], '## :', 0.19950865951529353), ([[1025, 1287], [1081, 1287], [1081, 1327], [1025, 1327]], '20', 0.6662079266105004), ([[175, 1337], [403, 1337], [403, 1401], [175, 1401]], '훌륭 : 16169', 0.10497414167368928), ([[904, 1338], [1120, 1338], [1120, 1390], [904, 1390]], '토물 : 35*9', 0.12514363951461258)]
[([[1130, 204], [1344, 204], [1344, 284], [1130, 284]], "'서3어거?", 0.0015225957300198521), ([[173.18789204271778, 189.20793578368642], [286.5942782824095, 180.47059673531467], [288.81210795728225, 247.79206421631358], [174.40572171759047, 257.52940326468536]], '9.+', 0.037616099699333425)]
[([[114.2856181454226, 75.0695538357408], [677.2350373940351, -74.28477067172702], [756.7143818545774, 375.9304461642592], [193.76496260596494, 526.284770671727]], '슈  #', 0.0018066514749079943)]
[([[131, 67], [537, 67], [537, 399], [131, 399]], '7개', 0.023640811916130156), ([[1206.995042451617, -32.74839074718042], [1420.0776399617996, 131.075917689419], [1160.004957548383, 466.7483907471804], [946.9223600382003, 302.924082310581]], '야', 0.7224674133160534)]
[([[242.09220616226523, -39.9757447656405], [422.8147753977147, 51.497335754758744], [354.9077938377348, 180.9757447656405], [174.1852246022853, 88.50266424524125]], '6', 0.9962040514738)]
[([[401, 653], [495, 653], [495, 743], [401, 743]], '언8', 0.23006231831347362), ([[516, 734], [594, 734], [594, 820], [516, 820]], '@"', 0.06546643233053222)]
[([[138, 472], [364, 472], [364, 522], [138, 522]], '*스 < <', 0.49361081378097144)]
[([[854, 170], [1374, 170], [1374, 222], [854, 222]], '쭉( #임_국 / 5 #(} 8산 * (1', 0.00221175455428325), ([[291, 355], [395, 355], [395, 417], [291, 417]], '넘다드', 0.012071465966978622)]
[]
[([[452, 229], [613, 229], [613, 307], [452, 307]], '8 3?1', 0.2661685791193267), ([[260, 372], [504, 372], [504, 588], [260, 588]], '7', 0.008104489942553583)]
[([[921, 40], [1181, 40], [1181, 82], [921, 82]], '57676661756807', 0.0788577559722441), ([[321, 547], [641, 547], [641, 597], [321, 597]], "'~디니*(:< 1 손", 0.017405783198035235), ([[900, 574], [1038, 574], [1038, 674], [900, 674]], '[머줄', 0.0035058451420756165)]
[([[1062, 181], [1404, 181], [1404, 417], [1062, 417]], '%1@', 0.02482701293328535), ([[279.09312379627744, 365.031670286767], [377.0606690527128, 353.02545914287674], [394.90687620372256, 533.968329713233], [295.9393309472872, 544.9745408571233]], '$', 0.020570462111607846)]
[([[14, 0], [110, 0], [110, 24], [14, 24]], '론?', 0.0003930677237590685), ([[4, 370], [120, 370], [120, 466], [4, 466]], '영', 0.06011139636052931), ([[404, 492], [436, 492], [436, 530], [404, 530]], '낮', 0.12062730450765358), ([[-26.697056274847714, 215.120606076066], [191.24284862405705, 75.4322863855049], [234.6970562748477, 168.879393923934], [14.757151375942957, 308.5677136144951]], '"리0', 0.08438010780895717), ([[445.30056284535164, 468.1825890886176], [550.2469504755443, 458.0024396195646], [553.6994371546483, 529.8174109113824], [447.7530495244558, 539.9975603804354]], '&0', 0.006976362611745359), ([[240.30225062474568, 546.2090024989827], [323.31479621655706, 538.4444603858083], [325.6977493752543, 599.7909975010173], [242.68520378344292, 607.5555396141917]], '없 ', 0.012605898231857541)]
[([[1006, 166], [1328, 166], [1328, 216], [1006, 216]], "-교'5 벼# * 0.}", 0.00345658756378755), ([[228, 418], [292, 418], [292, 466], [228, 466]], '~', 0.6309933874533478), ([[317, 409], [355, 409], [355, 455], [317, 455]], '벼', 0.009480783160839223), ([[287, 439], [407, 439], [407, 531], [287, 531]], '9', 0.07676908173162023), ([[392, 750], [508, 750], [508, 850], [392, 850]], '8"', 0.013564564756760981)]
[([[1283, 41], [1497, 41], [1497, 85], [1283, 85]], '8 8 화 -(', 0.3340067947250407), ([[306, 119], [811, 119], [811, 187], [306, 187]], '##필속트죽 [ <( 한 (+@', 0.004545076432994134)]
[([[633, 507], [829, 507], [829, 619], [633, 619]], '밟공', 0.004286093432038472), ([[601, 635], [757, 635], [757, 771], [601, 771]], '((?', 0.011604280598906818)]
[([[1132, 106], [1402, 106], [1402, 180], [1132, 180]], '화 -(!!', 0.2013007007074998), ([[445, 223], [563, 223], [563, 263], [445, 263]], '화 -이', 0.11510966718196869), ([[1131, 190], [1450, 190], [1450, 269], [1131, 269]], '화 -"(!!!!', 0.15674990922657628)]
[([[531, 19], [1119, 19], [1119, 83], [531, 83]], '#_이끗 #해_다 똑림임다히하%', 0.00013874388393902574), ([[13, 171], [269, 171], [269, 231], [13, 231]], '8 > 7화대 ?', 0.03717405136464512)]
[([[958, 220], [1084, 220], [1084, 270], [958, 270]], '끈용어03', 0.010530907466527663), ([[1033, 277], [1191, 277], [1191, 313], [1033, 313]], '.표 < < 6_', 0.07555855440916201), ([[279, 403], [391, 403], [391, 489], [279, 489]], '%%%', 0.00899048064564027), ([[301, 595], [417, 595], [417, 713], [301, 713]], '@"', 0.033654231622349616), ([[456, 600], [576, 600], [576, 702], [456, 702]], '옛', 0.03430308796948389), ([[2, 754], [102, 754], [102, 872], [2, 872]], '@', 0.0517031857496173), ([[442, 776], [520, 776], [520, 864], [442, 864]], '없', 0.0473458314358608), ([[1055, 799], [1121, 799], [1121, 863], [1055, 863]], '수', 0.016169335346777558), ([[320.2272685141362, 2.04996755884855], [378.9883154708973, 48.62573028306892], [345.7727314858638, 90.95003244115145], [287.0116845291027, 44.37426971693108]], '21', 0.00567148325043522), ([[374.6367387126508, 32.008251678317606], [605.1664938655607, 210.44453017522568], [562.3632612873492, 267.9917483216824], [332.8335061344393, 89.5554698247743]], '7중+" ? ##0#못`', 0.028995032482583553), ([[814.2802656784306, 69.38855792470427], [908.5259198801151, 59.111114349938326], [910.7197343215694, 97.61144207529573], [817.4740801198849, 107.88888565006168]], '아~', 0.6694359045701209), ([[362.3225418717343, 163.0383684712617], [522.9960845444114, 215.78327405261163], [505.6774581282657, 262.96163152873834], [345.00391545558864, 210.21672594738837]], '*스<<', 0.4180179238319397), ([[304.65644663138795, 231.01478092410025], [605.9252549987086, 322.23034215711596], [594.343553368612, 354.98521907589975], [292.0747450012914, 263.76965784288404]], '속터: 5 토 < 3 3 > 논 호 31 5.', 0.031288145063648486), ([[964.5006631638032, 636.4002652655213], [1051.67254736057, 592.040772207377], [1078.4993368361968, 645.5997347344787], [991.32745263943, 689.959227792623]], '원빛', 0.0781398581727444)]
[([[52, 414], [154, 414], [154, 648], [52, 648]], '7', 0.033668938527107395), ([[1425, 483], [1500, 483], [1500, 589], [1425, 589]], '굽', 0.006728925510871342), ([[69, 687], [153, 687], [153, 813], [69, 813]], '0', 0.37291774008807366), ([[843, 691], [953, 691], [953, 801], [843, 801]], ')', 0.15045847572924576), ([[124.16869485911539, 81.85060845773462], [271.66085717590795, 53.38813004941366], [277.8313051408846, 87.14939154226538], [130.33914282409205, 115.61186995058634]], "#< * ('디", 0.1652827920271165), ([[67.90111548841048, 126.1539042094367], [376.8023447241213, 62.75815677360348], [381.0988845115895, 98.8460957905633], [72.1976552758787, 162.24184322639653]], '#-;훈 ? 논 듯! 5 & < 43', 0.009086205920563056), ([[139.1686948591154, 147.8506084577346], [294.6423500565139, 114.34673472612134], [301.8313051408846, 147.1493915422654], [146.35764994348608, 181.65326527387865]], '허( 37 5 !', 0.1388530866631103), ([[71.06974444611618, 763.0227867007701], [288.7206829927235, 859.7540751262617], [219.93025555388382, 1004.9772132992299], [3.279317007276507, 909.2459248737383]], ')시', 0.030974291770367975)]
[([[0, 6], [156, 6], [156, 242], [0, 242]], '3', 0.7519370004634224), ([[632, 0], [1034, 0], [1034, 171], [632, 171]], '보인', 0.0780410083628425), ([[950.6308050270757, 50.039087973824564], [1100.69737981994, -33.9898658059344], [1249.3691949729243, 272.96091202617544], [1099.30262018006, 357.9898658059344]], "'_", 0.06637015795194737)]
[([[955, 277], [1085, 277], [1085, 393], [955, 393]], '%%', 0.03463031750854489), ([[438, 670], [462, 670], [462, 720], [438, 720]], '8', 0.3800262729920707)]
[([[955, 277], [1079, 277], [1079, 391], [955, 391]], '%%', 0.03483601806130088), ([[875, 703], [917, 703], [917, 759], [875, 759]], '저', 0.9953071230015418)]
[([[435, 55], [815, 55], [815, 93], [435, 93]], '8 *+- ( <#7 5340 0 0 볼/ ', 0.01015355258330769), ([[132, 202], [442, 202], [442, 230], [132, 230]], '8 5 <31 ? #포0 훌붕#*{; ( ?', 0.008964740657909314), ([[11, 521], [49, 521], [49, 537], [11, 537]], '59', 0.1493409244394108), ([[15, 535], [47, 535], [47, 547], [15, 547]], '차{', 0.01693292042702335)]
[([[59, 75], [589, 75], [589, 111], [59, 111]], "잦+ 5 차(} 3 - 9+'<총 3 9 높( 3 0+-병 ?", 0.0033985596335057524), ([[1111, 173], [1447, 173], [1447, 209], [1111, 209]], '콩( ##첫[ 7 5 #(} 버단 *5 ( 1', 0.018544283187840738), ([[609, 691], [669, 691], [669, 773], [609, 773]], '4', 0.09656714163031044), ([[966.9699482330199, 82.30082916896569], [1104.135633803281, 68.63043061623087], [1107.03005176698, 128.6991708310343], [969.864366196719, 142.36956938376912]], '아~0', 0.8542638329328943)]
[([[41, 63], [207, 63], [207, 127], [41, 127]], '0 ? {', 0.16811196463985353), ([[758, 108], [900, 108], [900, 204], [758, 204]], '떼해', 0.23359127443408345), ([[32, 196], [229, 196], [229, 263], [32, 263]], '8 ? 년', 0.11970446717184659), ([[807, 169], [891, 169], [891, 255], [807, 255]], '(0', 0.0006889190166591125), ([[993, 891], [1033, 891], [1033, 931], [993, 931]], '0', 0.06532788923261368), ([[1139.3332719689847, 782.8665071193602], [1323.933598100389, 724.5559105795887], [1350.6667280310153, 833.1334928806398], [1166.066401899611, 891.4440894204113]], '~ 스느', 0.0022752180229872465)]
[([[1161, 452], [1229, 452], [1229, 633], [1161, 633]], '@', 0.9996301277822148)]
[([[399, 19], [465, 19], [465, 89], [399, 89]], '0*', 0.4814979074352848), ([[411.0061162653264, 238.05504638793744], [507.6445103054267, 273.49551570590444], [479.9938837346736, 345.9449536120626], [383.3554896945733, 309.50448429409556]], '계', 0.4790431522395444)]
[([[432, 881], [659, 881], [659, 985], [432, 985]], '0!', 0.10397891459415315)]
[([[1067, 59], [1197, 59], [1197, 103], [1067, 103]], '답 2 (1', 0.053326943122232184), ([[912, 108], [1440, 108], [1440, 158], [912, 158]], '+*( ( 1구#   긋 (17 5 7 (1', 0.020534471147294876), ([[654, 150], [726, 150], [726, 202], [654, 202]], '00', 0.3578402387443212), ([[896, 362], [922, 362], [922, 398], [896, 398]], '이', 0.08372252741744379)]
[([[1015, 165], [1053, 165], [1053, 209], [1015, 209]], '애', 0.1900439412038688), ([[158, 206], [508, 206], [508, 278], [158, 278]], '듯:  $ (1 (10', 0.10319151436956732), ([[635, 425], [677, 425], [677, 467], [635, 467]], '수', 0.04424387185965295), ([[730, 474], [756, 474], [756, 498], [730, 498]], '0', 0.8499661628229696), ([[671, 481], [725, 481], [725, 523], [671, 523]], '~', 0.47729524447106897), ([[556, 478], [660, 478], [660, 574], [556, 574]], '새', 0.04673532435278105), ([[518, 568], [580, 568], [580, 624], [518, 624]], '0$', 0.559045275286099), ([[1063, 569], [1111, 569], [1111, 607], [1063, 607]], '노', 0.10007216427808974), ([[435, 795], [473, 795], [473, 859], [435, 859]], '(', 0.011424733145790678), ([[503, 787], [541, 787], [541, 907], [503, 907]], '{', 0.9825478057819623), ([[596.2891314594269, 276.0854389836506], [620.4631306408209, 264.0359638987467], [646.7108685405731, 322.9145610163494], [623.5368693591791, 333.9640361012533]], '8', 0.8879196703660774), ([[1101.0735178907757, 442.10877514125855], [1127.5356715840055, 426.0360302783587], [1164.9264821092243, 491.89122485874145], [1138.4643284159945, 507.9639697216413]], '{', 0.2364042392589747), ([[1182.5121428798432, 475.0238573744001], [1289.7434164902525, 550.4188611699158], [1264.4878571201568, 586.9761426255999], [1157.2565835097475, 512.5811388300842]], '거>', 0.010501740000004865), ([[1293.0, 560.0], [1378.9358516258474, 526.2832417790665], [1392.0, 560.0], [1306.0641483741526, 593.7167582209335]], '@산', 0.07289366449710451), ([[507.70451325793874, 635.0109289821731], [543.5614427637265, 640.317351972343], [524.2954867420613, 777.9890710178269], [487.4385572362734, 772.682648027657]], '{', 0.9889258885625942), ([[1086.4726280845491, 799.0467172734745], [1108.5160030704405, 796.0447096874764], [1118.5273719154509, 860.9532827265255], [1096.4839969295595, 864.9552903125236]], '?', 0.37536869731310674)]
[([[795, 223], [855, 223], [855, 259], [795, 259]], '아@0', 0.12024259791904274)]
[([[1317, 463], [1341, 463], [1341, 483], [1317, 483]], '>', 0.1233399219660356), ([[1292, 466], [1324, 466], [1324, 498], [1292, 498]], '>', 0.041366353462425565), ([[1327.2562854188427, 452.5587995863798], [1360.84, 421.12], [1378.7437145811573, 443.4412004136202], [1345.16, 474.88]], "'", 0.17860511890160158)]
[([[990, 124], [1362, 124], [1362, 178], [990, 178]], '4+엇) < < +-단', 0.27412198090010526), ([[986, 178], [1383, 178], [1383, 240], [986, 240]], '+*소디- 소* 도 9손', 0.003999425042693234), ([[990, 240], [1160, 240], [1160, 292], [990, 292]], '화 3 0) ?', 0.17367125887567345), ([[456, 332], [508, 332], [508, 358], [456, 358]], '빨', 0.002736217346240244), ([[986, 296], [1382, 296], [1382, 352], [986, 352]], '7(7  03##2 나 즈', 0.021296691278313726), ([[992, 353], [1384, 353], [1384, 409], [992, 409]], '\' > 7 3 3 뜻가" *', 0.0273200703785977), ([[994, 412], [1144, 412], [1144, 468], [994, 468]], "' :화 .", 0.09857404725953423), ([[992, 470], [1382, 470], [1382, 526], [992, 526]], '0국초화 < #주엇 (', 0.06414153649043887), ([[990, 528], [1244, 528], [1244, 580], [990, 580]], "(< +-단0' !", 0.36979952643891406)]
[([[11, 15], [197, 15], [197, 53], [11, 53]], '+7화/ ?', 0.013268783207857026), ([[740, 32], [972, 32], [972, 64], [740, 64]], '못+-((갇 5+-7 5', 0.07177004351473039), ([[13, 53], [283, 53], [283, 93], [13, 93]], "근*(규트크(/' !", 0.007147650915786684), ([[404, 54], [634, 54], [634, 84], [404, 84]], '~지) >7 7 ^ - >', 0.2807932763649581), ([[738, 65], [791, 65], [791, 97], [738, 97]], '가 ?', 0.05758199960244534), ([[403, 85], [633, 85], [633, 121], [403, 121]], '7 =7 <록 :가 -', 0.1177835722654109), ([[401, 119], [637, 119], [637, 155], [401, 155]], '+-논촌못화 5013', 0.012345347120589975), ([[400, 154], [504, 154], [504, 186], [400, 186]], '늦노다 !', 0.02755718959974838)]
[([[1258, 344], [1496, 344], [1496, 380], [1258, 380]], '##{단 소{ 듯(다 _ 0)', 0.05037325552788366), ([[1259, 381], [1493, 381], [1493, 413], [1259, 413]], '푹0국논+ " 7 즈7', 0.0198230581083815), ([[1264, 416], [1464, 416], [1464, 448], [1264, 448]], '(+(4"97 !', 0.14984220346904356), ([[1306, 492], [1470, 492], [1470, 520], [1306, 520]], "2 > 디1+8' 중난", 0.01695787784222939), ([[1308, 520], [1346, 520], [1346, 544], [1308, 544]], '쇼 !', 0.27959683537483215), ([[1307, 545], [1489, 545], [1489, 571], [1307, 571]], '느)(++-+-70 내', 0.08000652466875477), ([[1306, 572], [1486, 572], [1486, 598], [1306, 598]], '지) > 7 가-+', 0.1205055805602259), ([[1306, 600], [1386, 600], [1386, 626], [1306, 626]], '+-17+2 !', 0.15145570236921918)]
[([[702, 498], [732, 498], [732, 534], [702, 534]], '옛', 0.11741921151442458), ([[1197, 657], [1461, 657], [1461, 701], [1197, 701]], '#0 틈듯가 솜(  3', 0.04353512754563437), ([[1201, 703], [1241, 703], [1241, 741], [1201, 741]], '호', 0.24467302690576176)]
[]
[([[1189, 100], [1403, 100], [1403, 132], [1189, 132]], '~지) >거 7 ^ - >', 0.04032210402093614), ([[1188, 132], [1404, 132], [1404, 164], [1188, 164]], '4 >기치하나지) >', 0.11462781405814457), ([[1188, 164], [1402, 164], [1402, 192], [1188, 192]], '7 가-}-타오0', 0.12775645570224042), ([[1184, 191], [1321, 191], [1321, 229], [1184, 229]], '표춧 ( 높소', 0.02922428182471898), ([[418, 370], [490, 370], [490, 570], [418, 570]], '평', 0.005396652598792573)]
[([[79, 91], [367, 91], [367, 129], [79, 129]], '~지) > 7 7 ^ ->', 0.12005022506020316), ([[73, 131], [277, 131], [277, 173], [73, 173]], '(스년로(+-', 0.1035682739030051), ([[511, 211], [697, 211], [697, 403], [511, 403]], '>', 0.05806006369969219), ([[1144, 656], [1440, 656], [1440, 698], [1144, 698]], '속_ *7+-5/" - 0)', 0.157691415823963), ([[1145, 701], [1439, 701], [1439, 745], [1145, 745]], '7((\' 국1*5+"', 0.004091815514323221), ([[1145, 743], [1441, 743], [1441, 787], [1145, 787]], '7 지촌 (+*1}*(:" +*', 0.011699022613991566), ([[1147, 787], [1371, 787], [1371, 829], [1147, 829]], '5+* ( )콤표+- !', 0.08400041733038159), ([[598.325748447295, 443.10826304417185], [745.724970298876, 431.37301021873907], [749.674251552705, 545.8917369558282], [602.275029701124, 558.6269897812609]], '[', 0.18915114035266445)]
[([[58, 86], [314, 86], [314, 262], [58, 262]], '야)', 0.11375441155421863), ([[1166, 42], [1466, 42], [1466, 282], [1166, 282]], '4', 0.7944715131719846), ([[213, 283], [347, 283], [347, 415], [213, 415]], '0', 0.8842536312138272), ([[53, 719], [537, 719], [537, 1000], [53, 1000]], '솟 `', 0.02015531979583882), ([[515.9230769230769, 31.615384615384617], [629.7214976192082, 2.4085364175919928], [644.0769230769231, 70.38461538461539], [530.2785023807918, 99.59146358240801]], '아', 0.9983680951017995)]
[([[724, 44], [900, 44], [900, 94], [724, 94]], '1-+ (*', 0.013989263726598613), ([[63, 93], [331, 93], [331, 131], [63, 131]], '느거 )(-주4+-50+', 0.056469314325849174), ([[61, 133], [331, 133], [331, 171], [61, 171]], '7 >-단7로난 * (', 0.06086664100185187), ([[62, 171], [138, 171], [138, 209], [62, 209]], '감 50', 0.06691942165839572), ([[686, 229], [932, 229], [932, 265], [686, 265]], '<03[속각변 <(', 0.012375640704563729), ([[688, 268], [748, 268], [748, 300], [688, 300]], '초화', 0.21107374570544277)]
[([[237, 121], [602, 121], [602, 175], [237, 175]], "8 > {화 /' ? 그뜻-'", 0.03895961633086363), ([[236, 178], [394, 178], [394, 226], [236, 226]], '@화+ ?', 0.0894330152134091), ([[737, 163], [857, 163], [857, 277], [737, 277]], '꼴0', 0.26475109264402485)]
[([[307, 41], [451, 41], [451, 105], [307, 105]], '@(0', 0.2128565300408744), ([[294, 242], [374, 242], [374, 290], [294, 290]], '@0', 0.4233425776049434), ([[1066, 300], [1390, 300], [1390, 348], [1066, 348]], '6 ?#< 화강 !', 0.10946638151353123), ([[408, 568], [462, 568], [462, 622], [408, 622]], '험', 0.01993344000573516), ([[569, 811], [643, 811], [643, 873], [569, 873]], '(', 0.3971394548029963), ([[215.15395010584845, 154.46185031754538], [354.6540814333091, 120.94003298037923], [368.8460498941515, 201.53814968245462], [229.34591856669093, 235.05996701962076]], '8아9', 0.1682984502226778)]
[([[422, 56], [492, 56], [492, 106], [422, 106]], '8', 0.5034361984161393), ([[252, 138], [326, 138], [326, 230], [252, 230]], '아', 0.9802939307290934), ([[823.9611170019083, 84.17447861106783], [947.6741796968734, 58.774656321843764], [962.0388829980917, 165.82552138893217], [838.3258203031266, 190.22534367815624]], '양 ', 0.4065987194526208), ([[305.0861424129282, 155.75505634327078], [379.32036005750405, 99.46683370902882], [409.9138575870718, 148.24494365672922], [335.67963994249595, 203.5331662909712]], '소4', 0.13103705923499936), ([[319.34314575050763, 272.34314575050763], [414.4705249501832, 211.7919866419272], [450.65685424949237, 273.65685424949237], [355.5294750498168, 334.2080133580728]], '05', 0.1030621268878113), ([[748.3463949601736, 800.019435330917], [831.1626095780706, 841.9134093517102], [755.6536050398264, 989.980564669083], [672.8373904219294, 947.0865906482898]], '@', 0.01340655332911922), ([[954.6409190320384, 866.1559518377649], [995.6029922357712, 838.030376865865], [1046.3590809679617, 920.8440481622351], [1006.3970077642288, 948.969623134135]], '%', 0.01739457482203144)]
[([[295, 5], [407, 5], [407, 167], [295, 167]], '{', 0.07025495916583058), ([[1013, 255], [1151, 255], [1151, 387], [1013, 387]], '것', 0.02255937136617181), ([[314.47823744397186, 129.01703289276932], [378.3632150253139, 151.06401443800212], [328.52176255602814, 297.9829671072307], [264.6367849746861, 276.9359855619979]], '기', 0.5492523765456134)]
[([[158, 128], [214, 128], [214, 182], [158, 182]], '야', 0.8725335158466265), ([[900, 58], [978, 58], [978, 176], [900, 176]], '품', 0.21377850086077288), ([[834.1261625228516, 12.038252760507781], [938.9696214134924, 73.2211233270709], [894.8738374771484, 145.9617472394922], [791.0303785865076, 84.7788766729291]], '(', 0.15632378137662162), ([[236.5098937119894, 121.03013906711425], [271.59912459681584, 131.9595146225928], [247.4901062880106, 209.96986093288575], [213.40087540318416, 200.0404853774072]], '0', 0.0249103700240616)]
[([[42, 122], [104, 122], [104, 154], [42, 154]], '* * ,', 0.0844298661647221), ([[121, 119], [285, 119], [285, 157], [121, 157]], '고::50 01 !', 0.025162047664111772), ([[660, 56], [902, 56], [902, 204], [660, 204]], '주)', 0.008067635674824438), ([[44, 158], [204, 158], [204, 190], [44, 190]], '{ ? 논*0 !', 0.1251990880809806), ([[817, 213], [909, 213], [909, 329], [817, 329]], '흙', 0.023175395815670186), ([[761, 687], [929, 687], [929, 803], [761, 803]], '넷6태', 0.003093181954849071)]
