2194285
77
[([[244, 14], [306, 14], [306, 44], [244, 44]], '[사', 0.037438842801910656), ([[189, 35], [359, 35], [359, 73], [189, 73]], '[도 모자이락', 0.07808390699810265), ([[226, 62], [332, 62], [332, 94], [226, 94]], '[에디선]', 0.7487211715899622), ([[226, 87], [322, 87], [322, 117], [226, 117]], '[|+;어7', 0.002539092448135367), ([[254, 132], [312, 132], [312, 162], [254, 162]], '802', 0.11384885989539177), ([[250, 154], [344, 154], [344, 186], [250, 186]], '여레인제', 0.5795270800590515), ([[933, 999], [1101, 999], [1101, 1041], [933, 1041]], '누드 버전은', 0.9804432217882841), ([[855, 1044], [1173, 1044], [1173, 1089], [855, 1089]], '에디선에만 존재합니다', 0.7251740929769025)]
[]
[]
[]
[]
[]
[]
[]
[]
[]
[]
[([[1548, 743], [1741, 743], [1741, 793], [1548, 793]], '모험가의 저주', 0.9495358582904527), ([[1451, 871], [1835, 871], [1835, 924], [1451, 924]], '상대의 뇌와 정신올 지배해서', 0.9038197435707648), ([[1364, 936], [1925, 936], [1925, 989], [1364, 989]], '자신올 따르는 인형[도구]으로 만드는 저주', 0.6691209994197677), ([[1404, 1067], [1876, 1067], [1876, 1120], [1404, 1120]], '이상하게 여러 아라드의 모험가들은', 0.890526794506355), ([[1312, 1132], [1975, 1132], [1975, 1185], [1312, 1185]], '자신이 누군가의 지배당하다는 생각올 못하고있다.', 0.6516134694598102)]
[]
[]
[]
[]
[]
[]
[]
[]
[]
[]
[([[1188, 144], [1322, 144], [1322, 195], [1188, 195]], '절어 역시', 0.94946424900317), ([[1116, 207], [1405, 207], [1405, 260], [1116, 260]], '여성 거너들은 의외로', 0.7087854799583866), ([[1076, 272], [1448, 272], [1448, 325], [1076, 325]], '근 빵당이틀 가지고있다는결', 0.1471820113298651), ([[1166, 338], [1358, 338], [1358, 391], [1166, 391]], '본인들은 알까', 0.979256200905104), ([[1278, 610], [1603, 610], [1603, 661], [1278, 661]], '정작 평소에 엄청 만지고', 0.9152998740854742), ([[1348, 675], [1540, 675], [1540, 726], [1348, 726]], '있다는건 눈치', 0.7507703092435876), ([[1343, 738], [1556, 738], [1556, 791], [1343, 791]], '못채고 잇켓지?', 0.19929592113565267)]
[]
[]
[]
[]
[]
[]
[]
[]
[]
[]
[([[945, 407], [1232, 407], [1232, 458], [945, 458]], '어디 몰래 다른남자루', 0.6102629531064225), ([[983, 473], [1203, 473], [1203, 526], [983, 526]], '만나는건 아난지', 0.5049898905774269), ([[1010, 538], [1185, 538], [1185, 589], [1010, 589]], '확인해올까?', 0.2964133333352881), ([[1332, 1485], [1552, 1485], [1552, 1536], [1332, 1536]], '음. 오늘도 어제', 0.8584474484220471), ([[1314, 1550], [1574, 1550], [1574, 1601], [1314, 1601]], '사용한 모양 그대로', 0.6681446962572862), ([[1357, 1615], [1542, 1615], [1542, 1666], [1357, 1666]], '유지되어있네', 0.5408081525793156), ([[795.1737300606554, 1578.0085349357223], [1168.87657339126, 1876.8601123313967], [955.8262699393446, 2141.9914650642777], [581.1234266087399, 1843.1398876686033]], '~판', 0.04546122669617728)]
[]
[]
[]
[]
[]
[]
[]
[]
[]
[]
[([[621, 387], [939, 387], [939, 438], [621, 438]], '오늘밤도 내 러브돌마냥', 0.5602460845034225), ([[711, 452], [838, 452], [838, 503], [711, 503]], '다뒤불까', 0.06412767618894577), ([[941, 567], [1009, 567], [1009, 616], [941, 616]], '아차', 0.999553778333113), ([[827, 628], [1129, 628], [1129, 685], [827, 685]], '피임약은 먹고있던가?', 0.22962429690567104), ([[2208, 685], [2226, 685], [2226, 721], [2208, 721]], '%', 0.21130807785722538), ([[2446, 1069], [2582, 1069], [2582, 1120], [2446, 1120]], '먹고 있지', 0.946793761517027), ([[2441, 1134], [2578, 1134], [2578, 1185], [2441, 1185]], '않습니다.', 0.8869607711176934), ([[2392, 1710], [2506, 1710], [2506, 1759], [2392, 1759]], '그런가..', 0.7109298313014834), ([[1019, 1683], [1154, 1683], [1154, 1878], [1019, 1878]], '례', 0.032320154186039396), ([[2315, 1773], [2605, 1773], [2605, 1826], [2315, 1826]], '그럼 인벤토리에 항상', 0.733315745628296), ([[2264, 1838], [2665, 1838], [2665, 1891], [2264, 1891]], '넣어물테니 알아서 챙겨먹으럼', 0.4951080393746642), ([[2286, 1902], [2646, 1902], [2646, 1957], [2286, 1957]], '괜히 귀찮아 지기 싫으니까', 0.7049601167984934), ([[1563.4056150272663, 1844.0110442334658], [1681.3038522447682, 1825.3448232094063], [1727.5943849727337, 2144.988955766534], [1609.6961477552318, 2164.6551767905935]], '쭉', 0.027906963407380525)]
[]
[]
[]
[]
[]
[]
[]
[]
[]
[]
[([[1064, 439], [1286, 439], [1286, 492], [1064, 492]], '노머만의 매력은', 0.22599678438646217), ([[1078, 504], [1273, 504], [1273, 555], [1078, 555]], '역시 따뜻함이', 0.8006930981578676), ([[1040, 568], [1318, 568], [1318, 623], [1040, 623]], '그대로 전해오는거지', 0.7390484668638171), ([[2156, 1373], [2346, 1373], [2346, 1423], [2156, 1423]], '여성 거너들의', 0.9965427456881117), ([[2122, 1440], [2382, 1440], [2382, 1491], [2122, 1491]], '어른 보지맛은 역시', 0.6312887177449622), ([[2120, 1503], [2393, 1503], [2393, 1556], [2120, 1556]], '빠져나올수없다니까', 0.9542150926169712), ([[1006, 1834], [1176, 1834], [1176, 1999], [1006, 1999]], '모', 0.03696524155036607), ([[1171.147924013692, 1907.0259538245518], [1276.3062259856915, 1896.044539151818], [1293.852075986308, 2098.974046175448], [1188.6937740143085, 2109.9554608481817]], '봇', 0.3607814399515554)]
[]
[]
[]
[]
[]
[]
[]
[]
[]
[]
[([[1116, 374], [1243, 374], [1243, 427], [1116, 427]], '안되켓다', 0.7618504762649536), ([[2469, 426], [2523, 426], [2523, 466], [2469, 466]], '세스', 0.02023576898922764), ([[1116, 441], [1243, 441], [1243, 490], [1116, 490]], '임신해라', 0.9982138276100159), ([[1131, 510], [1233, 510], [1233, 554], [1131, 554]], '사년아!', 0.439090758562088), ([[743, 772], [930, 772], [930, 975], [743, 975]], '전', 0.03023693215649903), ([[881, 852], [1082, 852], [1082, 1213], [881, 1213]], '북', 0.18644854434821756), ([[2243, 1087], [2407, 1087], [2407, 1138], [2243, 1138]], '이대로 평생', 0.9986535880160202), ([[2234, 1152], [2420, 1152], [2420, 1203], [2234, 1203]], '맛화줄데니까', 0.3682925676395975), ([[1587, 1544], [1758, 1544], [1758, 1670], [1587, 1670]], '내', 0.7299296589215523), ([[667, 1670], [984, 1670], [984, 2006], [667, 2006]], '@봇', 0.19884826142158876), ([[1786.1061691628688, 1396.1164976195737], [1971.7545511850585, 1219.0079084727058], [2265.893830837131, 1591.8835023804263], [2080.2454488149415, 1767.9920915272942]], '축', 0.14232958207139745)]
[]
[]
[]
[]
[]
[]
[]
[]
[([[1219, 470], [1253, 470], [1253, 503], [1219, 503]], '흐릇', 0.03655581634177485), ([[1334, 475], [1383, 475], [1383, 501], [1334, 501]], '440', 0.1572473535364086), ([[563, 1510], [890, 1510], [890, 1777], [563, 1777]], '꿀씬', 0.09630277782571915), ([[1904, 1463], [2195, 1463], [2195, 1792], [1904, 1792]], '균팅', 0.010937312895172966), ([[860.4022682722097, 259.01788014590124], [1015.679968981658, 374.4903784121627], [962.5977317277903, 445.98211985409876], [807.320031018342, 330.5096215878373]], '차222욕', 0.08837264681908727), ([[2478.4145714558117, 365.0286288492801], [2597.9582988919524, 429.29383124243526], [2570.5854285441883, 478.9713711507199], [2451.0417011080476, 414.70616875756474]], '+으웃', 0.13149873433099843)]
[([[983, 531], [1117, 531], [1117, 584], [983, 584]], '벌써 안에', 0.9622732522830557), ([[974, 599], [1133, 599], [1133, 649], [974, 649]], '싸버려잡아', 0.35817022709534535), ([[2322, 1080], [2422, 1080], [2422, 1129], [2322, 1129]], '하여간', 0.9999740528257897), ([[2232, 1145], [2510, 1145], [2510, 1196], [2232, 1196]], '이년이 서규버스인지', 0.776468748368264), ([[2295, 1208], [2449, 1208], [2449, 1259], [2295, 1259]], '레인저인지', 0.9645233032272656), ([[2241, 1274], [2494, 1274], [2494, 1327], [2241, 1327]], '전혀 모르켓다니까', 0.7803723072628174), ([[2435, 1800], [2769, 1800], [2769, 1851], [2435, 1851]], '이후 3발 더 빼고 뻗없다.', 0.9125246556436095), ([[2317.400778482288, 702.045137983101], [2395.995966216042, 740.8204060127622], [2378.599221517712, 775.954862016899], [2299.004033783958, 737.1795939872378]], '6+04', 0.2755318582057953), ([[2390.921006168152, 2060.731420971717], [2681.438982901361, 1917.1021703067577], [2736.078993831848, 2061.268579028283], [2444.561017098639, 2204.8978296932423]], '의터', 0.003800934445583119)]
