2197145
10
[([[126, 153], [522, 153], [522, 262], [126, 262]], '그날밤; 나는', 0.9017303026591983), ([[129, 244], [752, 244], [752, 343], [129, 343]], '이어롭과 처음 만낫다', 0.37845361920383513), ([[131, 612], [750, 612], [750, 710], [131, 710]], '달빛 아래에세바라붙', 0.2846944078828532), ([[127, 691], [815, 691], [815, 793], [127, 793]], '그녀움정말아름다워다', 0.23822451122340957), ([[131, 921], [984, 921], [984, 1025], [131, 1025]], '터칠듯이 부표 가슴} 달빛 아래', 0.4457890914266561), ([[131, 1004], [1217, 1004], [1217, 1106], [131, 1106]], '어스름하게빛나는 빗꽃 빛깔의 젖꼭지', 0.3225392073590691), ([[954, 1650], [1650, 1650], [1650, 1751], [954, 1751]], '거대한 엉덩이 아래 쪽에 ', 0.8005244890144847), ([[957, 1735], [1925, 1735], [1925, 1832], [957, 1832]], '수컷올 유록하는 비밀의 골짜기', 0.5893635516593193), ([[1220, 2107], [1913, 2107], [1913, 2206], [1220, 2206]], '그야말로 넘이 나간 채로', 0.7430780388549111), ([[1222, 2190], [1574, 2190], [1574, 2287], [1222, 2287]], '보고있없다', 0.9767327471703828)]
[]
[([[138, 163], [833, 163], [833, 260], [138, 260]], '정신올 차려보니어느새', 0.7754029000832195), ([[139, 245], [777, 245], [777, 345], [139, 345]], '나는 홀딱 벗고있없다', 0.5336460512931595), ([[138, 439], [831, 439], [831, 539], [138, 539]], '내가 벗은 건지이어롭이', 0.8558038818297555), ([[140, 523], [1054, 523], [1054, 622], [140, 622]], '날 벗권 건지 기억이나지 않듣다', 0.1675196948226797), ([[138, 1400], [755, 1400], [755, 1497], [138, 1497]], '하지만 서로의 마음이', 0.645909441610669), ([[140, 1481], [694, 1481], [694, 1578], [140, 1578]], '통한 것은 확실햇다', 0.4255463617558442), ([[138, 1821], [1103, 1821], [1103, 1925], [138, 1925]], '내자지논 터칠듯이 부풀어 올랍고', 0.22124860937117882), ([[138, 1906], [1245, 1906], [1245, 2006], [138, 2006]], '이에 화답하듯 그녀눈내 위로 올라랗다', 0.2910349481258085), ([[968, 2114], [1848, 2114], [1848, 2218], [968, 2218]], '축측해진 이어롬의 갈라진 틈이', 0.31025168224599586), ([[968, 2201], [1792, 2201], [1792, 2298], [968, 2298]], '나의 단단해진 그것에 당있다', 0.6113781185835919)]
[([[92, 273], [849, 273], [849, 374], [92, 374]], '이옥고내 자지가 이어홍의', 0.13020158453439606), ([[93, 356], [777, 356], [777, 455], [93, 455]], '보지루 가르미 들어갖다', 0.16093338607343088), ([[90, 687], [705, 687], [705, 784], [90, 784]], '따듯한 근녀므체온이', 0.20309716228423483), ([[88, 768], [572, 768], [572, 865], [88, 865]], '그대로느껴적다', 0.679410020024429), ([[93, 1105], [1324, 1105], [1324, 1207], [93, 1207]], '질칙질적한 동물속울 꾸준히 오가려 짜횟한', 0.11333424915606433), ([[88, 1186], [901, 1186], [901, 1288], [88, 1288]], '쾌감이 온몸으로퍼저나갚다', 0.2982689353817417), ([[964, 1757], [1900, 1757], [1900, 1859], [964, 1859]], '이어롬의 허버지가 톤실해서인가', 0.14116807755552477), ([[961, 1841], [1646, 1841], [1646, 1938], [961, 1938]], '조임이 예사롭지 않앉다', 0.7456359526244951), ([[806, 2257], [1643, 2257], [1643, 2354], [806, 2354]], '나는 오씩한 느낌과 함께 슬술', 0.5714812595551167), ([[808, 2338], [1898, 2338], [1898, 2438], [808, 2438]], '한계점에 도달햇다는 것을 몸소 느껴다', 0.41928576987623806)]
[([[129, 148], [750, 148], [750, 252], [129, 252]], '&앗, 잠깐만 이어롬:? ', 0.20697406662844448), ([[136, 371], [1031, 371], [1031, 473], [136, 473]], '순간 빼야할 거 같아서비명처럼', 0.7970594081307613), ([[133, 452], [841, 452], [841, 561], [133, 561]], '외처지만; 소용이없없다', 0.8195201593146819), ([[133, 691], [890, 691], [890, 791], [133, 791]], '따곤한 하안액체가 근녀의', 0.4676956574189912), ([[135, 774], [944, 774], [944, 872], [135, 872]], '몸속으로그대로발사되없다', 0.3121628912374078), ([[133, 1107], [1157, 1107], [1157, 1209], [133, 1209]], '동시에이어롭운환희에 찬 표정으로', 0.5081289782478919), ([[133, 1189], [896, 1189], [896, 1288], [133, 1288]], '가슴에서하안 것올 불없다', 0.23116151554674935), ([[858, 2020], [1855, 2020], [1855, 2125], [858, 2125]], "모유라니. . 설마; 임신한 건가.. ?'", 0.3463853325868304), ([[1155, 2338], [1720, 2338], [1720, 2435], [1155, 2435]], '믿을 수 없는 광경에', 0.5754949797826929), ([[1153, 2422], [1853, 2422], [1853, 2519], [1153, 2519]], '순간 나는 패벽에 빠져다', 0.34580310087118143)]
[([[183, 356], [1144, 356], [1144, 453], [183, 453]], '어찌나 많은 양의 정액올 이어롭의', 0.35092099653023545), ([[185, 437], [1074, 437], [1074, 539], [185, 539]], '몸 안에 주입랫논지역류하없다', 0.1820531385793186), ([[180, 1145], [1335, 1145], [1335, 1245], [180, 1245]], '하지만 이어롭은 아직도 부족한듯 욕정에', 0.5952845803709312), ([[181, 1229], [1007, 1229], [1007, 1326], [181, 1326]], '가득찬 얼굴로 날 바라보앉다', 0.7577278978315984), ([[183, 1494], [1081, 1494], [1081, 1592], [183, 1592]], '그렇게 나는 정신올 잃올 때까지', 0.48722410152470014), ([[180, 1576], [1025, 1576], [1025, 1675], [180, 1675]], '그날 밤 이어롬의 상대름 햇다', 0.24726998591712746), ([[879, 1912], [1898, 1912], [1898, 2012], [879, 2012]], '다음날 정신올 차린 나는 아무일도', 0.5017505836957002), ([[883, 1996], [1844, 1996], [1844, 2093], [883, 2093]], '없없다는 듯이 들판에서 눈올 덧다', 0.3625561956645079), ([[1137, 2242], [1758, 2242], [1758, 2339], [1137, 2339]], '과연 그건 굽이없올까', 0.5708615792860361), ([[1137, 2325], [1898, 2325], [1898, 2422], [1137, 2422]], '정말 있,터 일이없런 걸까', 0.09362994356314393)]
[]
[]
[]
[]
