2197195
30
[([[12, 208], [513, 208], [513, 317], [12, 317]], '임. 해4( @', 6.225941389415194e-05), ([[43, 299], [510, 299], [510, 403], [43, 403]], '3 간입$', 0.0021383607253340877)]
[([[23, 170], [345, 170], [345, 207], [23, 207]], '시들 기미가 보이지  양}', 0.40827903295252715), ([[21, 219], [235, 219], [235, 255], [21, 255]], '에이미의 자지는', 0.7128744378210111), ([[23, 267], [373, 267], [373, 305], [23, 305]], '고무릎 씌우고 다음 쾌략올', 0.12629479795409831), ([[23, 315], [153, 315], [153, 351], [23, 351]], '기다린다 .', 0.9580097952362054)]
[([[21, 171], [307, 171], [307, 207], [21, 207]], '"아앗 아아앗 으이익"', 0.6930211953821857), ([[21, 217], [333, 217], [333, 258], [21, 258]], '유방 사이가   벌어지면서', 0.9687943015251187), ([[21, 267], [181, 267], [181, 303], [21, 303]], '프거워진다 .', 0.9240458902734097), ([[901, 699], [1268, 699], [1268, 742], [901, 742]], '예센스린문의 거대한" \'유방에', 0.16458819835376934), ([[939, 748], [1268, 748], [1268, 791], [939, 791]], '예이미닥  계롭 깨운고0', 0.08089570736961867), ([[884, 794], [1265, 794], [1265, 838], [884, 838]], '렵럽학게 웬대-로 움빛인다.', 0.005531307588147414)]
[([[23, 169], [359, 169], [359, 209], [23, 209]], '백탁액과   쾌감과 항울갑감이', 0.05511364590466609), ([[21, 219], [303, 219], [303, 255], [21, 255]], '체외로  뽑어겨나앉다 .', 0.6863139139255808)]
[([[529, 271], [881, 271], [881, 313], [529, 313]], '고계없이 교문롭 교원하화0', 0.012269512489830698), ([[489, 319], [881, 319], [881, 360], [489, 360]], '예세무클액  산타문데에 망)뵙', 0.0009184622137918773), ([[539, 365], [881, 365], [881, 407], [539, 407]], '예핸미닥 판품만한 울탕이', 0.030448185226916676), ([[515, 415], [881, 415], [881, 457], [515, 457]], '구멍움 문리제 ^해가질', 0.017325371192314705), ([[637, 463], [881, 463], [881, 503], [637, 503]], '예@미닥 @쪽으콩', 0.061313757056506615), ([[627, 513], [881, 513], [881, 551], [627, 551]], '미끄레데 품예컨다.', 0.04980276313758172)]
[([[21, 171], [211, 171], [211, 207], [21, 207]], '자지률 장찰한', 0.20507748201598297), ([[21, 217], [389, 217], [389, 255], [21, 255]], '다름 어시스런르가- 추가되어', 0.2610431232728882), ([[23, 265], [345, 265], [345, 305], [23, 305]], '동시에  십입올 반복하다 .', 0.13550054289692956), ([[21, 359], [198, 359], [198, 402], [21, 402]], '[개의  유방에', 0.27135485402837556), ([[23, 411], [293, 411], [293, 447], [23, 447]], '산소 결쨌이 된 뇌에', 0.06542538431670193), ([[23, 454], [333, 454], [333, 499], [23, 499]], '사정의 쾌감이 가사없예', 0.2224270917421731), ([[23, 507], [153, 507], [153, 543], [23, 543]], '계속되다 .', 0.8231297566757476)]
[([[999, 507], [1267, 507], [1267, 549], [999, 549]], '새 고무와 새 하이합', 0.7329502308402408), ([[903, 559], [1265, 559], [1265, 597], [903, 597]], '발른은 자지기둥올   짓누르고', 0.2540316138662663), ([[873, 605], [1265, 605], [1265, 645], [873, 645]], '보족한 급은 귀두록   엘러꼬다 .', 0.2515111416288168)]
[([[898, 170], [1267, 170], [1267, 214], [898, 214]], '\'@@@@이이이이이이이이앗"', 0.015034732175245289), ([[832, 220], [1267, 220], [1267, 261], [832, 261]], '예세스린문의 메중예 의해 짓물관', 0.0053762398486421475), ([[1053, 271], [1265, 271], [1265, 309], [1053, 309]], '오물가 탤레계미', 0.022789339556511707), ([[861, 319], [1267, 319], [1267, 357], [861, 357]], '예_-이 예이미의 비명과 한께', 0.04187940732752681), ([[969, 365], [1265, 365], [1265, 405], [969, 405]], '괴문 안으로 방출되다 .', 0.2292776362911769)]
[([[20, 166], [263, 166], [263, 210], [20, 210]], '제요속으콩 망된', 0.008111257058033672), ([[23, 219], [207, 219], [207, 255], [23, 255]], '팔품이  현센해', 0.007448018992022604), ([[21, 267], [399, 267], [399, 303], [21, 303]], '예이미의 단멩으로 다가관다 .', 0.02794886220494137)]
[([[917, 653], [1267, 653], [1267, 693], [917, 693]], '판의 붐습이 품에갑 떼마다', 0.051030725643546805), ([[913, 699], [1271, 699], [1271, 743], [913, 743]], '손개탑 완0 반계0 팔페가', 0.010336239228909992), ([[1009, 747], [1265, 747], [1265, 789], [1009, 789]], '면립예음 팬러멘다.', 0.018788747086156056), ([[911, 797], [1267, 797], [1267, 837], [911, 837]], '팬례질 떼 마다 )립예예예', 0.0026751726175648924), ([[983, 843], [1265, 843], [1265, 885], [983, 885]], '탑한 @@ 멍례렉으료', 0.016271781020151727), ([[1063, 891], [1265, 891], [1265, 933], [1063, 933]], '뽑예제 나용다.', 0.23918547981559196)]
[([[1043, 459], [1255, 459], [1255, 500], [1043, 500]], '한쪽   뽑인거야 -', 0.2727235376185939), ([[163, 504], [751, 504], [751, 549], [163, 549]], '떠옛 계젯만  현의한 \'내용이 아내이이이앗이@ @"', 0.01127044550820647), ([[1043, 509], [1267, 509], [1267, 549], [1043, 549]], '조금   실망인데-"', 0.5876926454805984), ([[161, 555], [581, 555], [581, 597], [161, 597]], "관약금예예 운치집  소리가 '닮다 .", 0.03945498947376819), ([[929, 553], [1265, 553], [1265, 598], [929, 598]], '얻핏 참가자의   소원이라늄', 0.06294261158470758), ([[1079, 605], [1267, 605], [1267, 645], [1079, 645]], '이름의 모받이', 0.15969872314716424), ([[927, 651], [1265, 651], [1265, 693], [927, 693]], '깥불피스템올  강행세력다 .', 0.0457218648258193), ([[986.1758366163078, 458.11542815707753], [1037.8240182124684, 467.9876161125113], [1030.8241633836922, 498.88457184292247], [979.1759817875316, 489.0123838874887]], '"에', 0.06052884499391917)]
[([[22, 174], [156, 174], [156, 206], [22, 206]], '그런 그가', 0.6758052260259411), ([[915, 173], [1269, 173], [1269, 212], [915, 212]], '자창 지하 아이돌 에이미양', 0.5314217428054346), ([[23, 219], [153, 219], [153, 255], [23, 255]], '한 행사에', 0.6191344909523651), ([[161, 219], [413, 219], [413, 255], [161, 255]], '계스트로   등장하다 .', 0.3844303873996985), ([[1161, 223], [1269, 223], [1269, 259], [1161, 259]], '본인 알', 0.7271967514553686), ([[1083, 273], [1265, 273], [1265, 309], [1083, 309]], '자비 ([제작 ,', 0.35379390214416695), ([[1023, 319], [1265, 319], [1265, 357], [1023, 357]], '자체 이멘트 개최,', 0.7264381674695203), ([[1077, 363], [1265, 363], [1265, 405], [1077, 405]], '공동컵영화 품', 0.031240849328543433), ([[983, 413], [1265, 413], [1265, 453], [983, 453]], '열씬히 활몽 중이라고', 0.03243023892164057)]
[([[23, 123], [289, 123], [289, 161], [23, 161]], '소원이라는   부주 농이', 0.18194730085457042), ([[23, 167], [264, 167], [264, 211], [23, 211]], '더 많은 요청으로0', 0.48510562923683814), ([[25, 219], [209, 219], [209, 257], [25, 257]], '선물로  들어온', 0.8037146318017184), ([[23, 267], [345, 267], [345, 305], [23, 305]], '장어률 대접밤 되없다 .', 0.5234398976434737), ([[23, 313], [359, 313], [359, 351], [23, 351]], '싱싱한 창어가 당장이라로', 0.33860884391190643), ([[23, 363], [277, 363], [277, 401], [23, 401]], '먹혀지길  바라는 듯', 0.7249218005503565), ([[23, 411], [233, 411], [233, 447], [23, 447]], '스스로 에의미의', 0.8953082905586043), ([[243, 411], [329, 411], [329, 449], [243, 449]], '뱃속음', 0.27993740308005705), ([[23, 459], [143, 459], [143, 495], [23, 495]], '파고듣다', 0.8975961804389954)]
[([[23, 123], [265, 123], [265, 161], [23, 161]], '장어의   미공미곤한', 0.45365786860424046), ([[23, 168], [346, 168], [346, 211], [23, 211]], '표피와   장점막이 합겨계;', 0.24019901517718467), ([[21, 219], [249, 219], [249, 255], [21, 255]], '아무런 저향 없이', 0.32121636965976347), ([[21, 267], [247, 267], [247, 303], [21, 303]], '체내로   챔입하다 .', 0.35834585118095263), ([[23, 361], [249, 361], [249, 401], [23, 401]], '직장을 통과하여 ,', 0.530485669858315), ([[23, 411], [303, 411], [303, 449], [23, 449]], '장내률   잔뜩   벌리면세', 0.7817005672537378), ([[24, 462], [144, 462], [144, 494], [24, 494]], '나아간다', 0.8552971482276917)]
[([[21, 171], [417, 171], [417, 209], [21, 209]], '위와  식도출 푹고 나온 장어가', 0.1691229740960971), ([[23, 219], [311, 219], [311, 257], [23, 257]], '입에서 얼굴올 내민다 .', 0.5162810252054801), ([[23, 265], [415, 265], [415, 305], [23, 305]], '관통한 장어늄 몸올  뒤출증서 ,', 0.11484961421054399), ([[21, 315], [261, 315], [261, 353], [21, 353]], '체내에서 에이미률', 0.4238599489098392), ([[23, 363], [221, 363], [221, 399], [23, 399]], '능욕하고  있다 .', 0.45866244008335466)]
[([[19, 71], [359, 71], [359, 113], [19, 113]], '문속당한 예이미의  제내롭', 0.21592679568587816), ([[21, 123], [441, 123], [441, 161], [21, 161]], '@멘에늄 수못물로 가득 채옮다 .', 0.09508302269289698), ([[21, 171], [387, 171], [387, 209], [21, 209]], '마법데 업런 수로록기로분터', 0.0153589667595052), ([[23, 219], [277, 219], [277, 257], [23, 257]], '세세히 돌려나용다 .', 0.26147489407583563)]
[([[23, 75], [359, 75], [359, 113], [23, 113]], '장내롭 한계까제 체원디니', 0.047813872655786654), ([[21, 123], [345, 123], [345, 161], [21, 161]], '압력이   전립선움   짓물리', 0.13533226758137915), ([[955, 173], [1269, 173], [1269, 213], [955, 213]], '숨릇활-톱 훨폐련 연어', 0.00013430176440553906), ([[21, 219], [303, 219], [303, 257], [21, 257]], '모문가 하안 체액으로', 0.6947849708277085), ([[981, 219], [1267, 219], [1267, 261], [981, 261]], '때관움 @료늄 소리와', 0.04010447792177458), ([[21, 267], [207, 267], [207, 305], [21, 305]], '분들어오롭다 .', 0.1800388092653841), ([[1023, 269], [1265, 269], [1265, 309], [1023, 309]], '[가 안페 테센다', 0.00842469511554825)]
[([[1049, 317], [1267, 317], [1267, 357], [1049, 357]], '데율 @문움 물', 0.008245627942160596), ([[899, 363], [1269, 363], [1269, 405], [899, 405]], '한층 댐 "품에 오르움 @올', 0.04333753706231856), ([[995, 411], [1265, 411], [1265, 453], [995, 453]], '청기록 뒤덮음 교문.', 0.005818425331228063), ([[842, 456], [1266, 456], [1266, 504], [842, 504]], "'입예예 문이 흉렉워제움 모습음", 0.007825903988298856), ([[981, 507], [1265, 507], [1265, 549], [981, 549]], '@체 엔간청숨?없다', 0.06064233362367405)]
[([[23, 315], [183, 315], [183, 351], [23, 351]], '물의   무게가', 0.6058835366797459), ([[1068, 322], [1268, 322], [1268, 354], [1068, 354]], '의자 위에 앉아', 0.8381652905647633), ([[23, 361], [376, 361], [376, 400], [23, 400]], '항문올   어지로   열려고 한다', 0.4681583526751427), ([[1039, 367], [1265, 367], [1265, 405], [1039, 405]], '큰 배률 끌어안은', 0.3484929276079537), ([[1149, 415], [1265, 415], [1265, 451], [1149, 451]], '에이미는', 0.4198262393474579), ([[941, 463], [1263, 463], [1263, 501], [941, 501]], '손이랑 목올 고정당해다 .', 0.5220934468325822)]
[([[23, 315], [251, 315], [251, 351], [23, 351]], '바닥에 물이 고여', 0.7485426827068207), ([[1064, 317], [1265, 317], [1265, 357], [1064, 357]], '한계에 달하자 ,', 0.6488047271560453), ([[23, 363], [221, 363], [221, 401], [23, 401]], '응덩이가 되고 ,', 0.6349680714082222), ([[863, 367], [1265, 367], [1265, 405], [863, 405]], '멈추지   못하고  쏟아져나온 물이', 0.7055651701107827), ([[21, 411], [137, 411], [137, 447], [21, 447]], '에이미의', 0.9968379735946655), ([[147, 411], [401, 411], [401, 447], [147, 447]], '배가 겨우 원상태로', 0.7799676489275704), ([[873, 415], [1263, 415], [1263, 451], [873, 451]], '의자루   적시고 바닥에 흐른다 .', 0.4648505825289463), ([[23, 459], [151, 459], [151, 495], [23, 495]], '돌아온다 .', 0.9010753509025561)]
[([[1025, 607], [1265, 607], [1265, 643], [1025, 643]], '@멘트의  마지막은', 0.7530428934264807), ([[966, 650], [1255, 650], [1255, 694], [966, 694]], '잡가드에 위한 분카켓', 0.030371111265633), ([[915, 699], [1269, 699], [1269, 741], [915, 741]], '예제 사뒷의 더려움 액체가', 0.0566344391543999), ([[971, 749], [1265, 749], [1265, 787], [971, 787]], '업굴올 향해   발사린다 .', 0.1754734251920382)]
[([[901, 175], [1265, 175], [1265, 213], [901, 213]], '합가자 분카테의  다음차례는', 0.08168146952040856), ([[1093, 223], [1257, 223], [1257, 259], [1093, 259]], '빛프 부카켓 .', 0.15458781610038905), ([[915, 267], [1265, 267], [1265, 309], [915, 309]], '@멘료 중예 사정한 정액올', 0.04534932035304023), ([[943, 317], [1265, 317], [1265, 357], [943, 357]], '자신의  얻물에 추가한다 .', 0.08805310209890425)]
[([[21, 73], [239, 73], [239, 112], [21, 112]], '전기   마사지기가', 0.43580220897153676), ([[827, 79], [947, 79], [947, 115], [827, 115]], '화려하게', 0.9994673132896423), ([[23, 123], [291, 123], [291, 161], [23, 161]], '모무의 주목올  곧다 .', 0.38477052404702555), ([[759, 127], [945, 127], [945, 163], [759, 163]], '포츠률 취하고', 0.41485082953189856), ([[786, 176], [946, 176], [946, 208], [786, 208]], '그 하반신에', 0.9970143078262521), ([[827, 225], [947, 225], [947, 261], [827, 261]], '야무지게', 0.9089596271514893), ([[826, 270], [945, 270], [945, 310], [826, 310]], '끼여있는', 0.36642566323280334)]
[([[1011, 221], [1269, 221], [1269, 261], [1011, 261]], '자기 자신움 포함한', 0.4247149253100678), ([[1107, 269], [1265, 269], [1265, 307], [1107, 307]], '모름 욕정올', 0.4203260093011451), ([[1093, 317], [1265, 317], [1265, 355], [1093, 355]], '한 몸에 답고', 0.9056283719943417), ([[1093, 367], [1265, 367], [1265, 403], [1093, 403]], '예멘트 종료 ', 0.283136718968425)]
[([[23, 121], [359, 121], [359, 161], [23, 161]], '큰 소리로  신음올  내면서 ,', 0.46780451412305596), ([[1023, 123], [1265, 123], [1265, 159], [1023, 159]], '어시스런트   여성이', 0.7509973261325957), ([[21, 171], [137, 171], [137, 207], [21, 207]], '에이미의', 0.9861850738525391), ([[145, 171], [399, 171], [399, 207], [145, 207]], '표정이   녹아내린다 .', 0.857049046442535), ([[1025, 171], [1265, 171], [1265, 209], [1025, 209]], '대문부출   벌렁더니', 0.1955133262365259), ([[1053, 217], [1269, 217], [1269, 256], [1053, 256]], '전기   마사지기가', 0.8873225992272572), ([[1011, 267], [1265, 267], [1265, 303], [1011, 303]], '진동하기  시작하다 .', 0.5651336817045364)]
[([[21, 75], [235, 75], [235, 111], [21, 111]], '진동하는   전마률', 0.5344626343209817), ([[23, 123], [317, 123], [317, 161], [23, 161]], '넣없다 뻗다   반복하다 .', 0.3386600349708294), ([[1135, 607], [1267, 607], [1267, 643], [1135, 643]], '아히이앗진', 0.20823046759183506), ([[1011, 653], [1267, 653], [1267, 693], [1011, 693]], '또계 비영움 지르미', 0.015364871244873008), ([[931, 700], [1265, 700], [1265, 741], [931, 741]], '몸올 뒤롭어패늄 에이미롬', 0.16721326426474603), ([[1050, 749], [1266, 749], [1266, 790], [1050, 790]], '아랑국하지  압고', 0.312499696514633)]
[([[21, 171], [139, 171], [139, 209], [21, 209]], '이따음심', 0.03433430939912796), ([[983, 173], [1267, 173], [1267, 213], [983, 213]], '부드럽계 품덤 상문에', 0.17813242135973362), ([[21, 219], [207, 219], [207, 257], [21, 257]], '예@미의   몸이', 0.29465250019909955), ([[215, 219], [373, 219], [373, 255], [215, 255]], '그 진동과늄', 0.6370080456648468), ([[1011, 221], [1265, 221], [1265, 261], [1011, 261]], '깊숙이   박히  진마늄', 0.09054949650565079), ([[23, 265], [290, 265], [290, 303], [23, 303]], '별기로   떨리곧 한다 .', 0.17889311789661447), ([[873, 266], [1265, 266], [1265, 310], [873, 310]], '아직도  복부출 자극하고  있다 .', 0.4269904894714835)]
[([[91, 171], [281, 171], [281, 209], [91, 209]], '@제 못 버터"', 0.7825972348835356), ([[21, 216], [402, 216], [402, 259], [21, 259]], '예이미야   신음소리롬   내뱉자 ,', 0.11285567466509996), ([[23, 267], [331, 267], [331, 305], [23, 305]], '움렉이런   전마가 그대로', 0.24700777621254721), ([[21, 315], [249, 315], [249, 351], [21, 351]], '탑상예서   날편다 .', 0.383803488646289), ([[25.113515585644127, 162.09946857683417], [91.92012235649514, 180.2046128552039], [80.88648441435588, 213.90053142316583], [15.079877643504851, 195.7953871447961]], '떠@0', 0.35289086208084486)]
[([[886, 75], [1266, 75], [1266, 119], [886, 119]], '무방비로   평구분 에이미에계 ,', 0.17199577435598135), ([[943, 124], [1265, 124], [1265, 165], [943, 165]], '손가락과  유사접막소재로', 0.6744250009671189), ([[1011, 175], [1265, 175], [1265, 213], [1011, 213]], '마사지가 실시된다 .', 0.33993722252694386), ([[1037, 219], [1267, 219], [1267, 263], [1037, 263]], '손가락음 앞뒤로 0', 0.32471051999850437), ([[1053, 271], [1265, 271], [1265, 309], [1053, 309]], '소재는 웨아래로', 0.08400012111493585), ([[915, 316], [1265, 316], [1265, 357], [915, 357]], '움렉이면 점점 흥분시키다.', 0.15167377166841425)]
[([[1022, 28], [1267, 28], [1267, 69], [1022, 69]], '"하아하야 용으웃"', 0.3442119946984741), ([[861, 75], [1267, 75], [1267, 117], [861, 117]], '거칠계 뽑어저 나오는 숨소리와', 0.5168702541660489), ([[887, 121], [1265, 121], [1265, 166], [887, 166]], '동시에 봄은 소재의 끝부분이', 0.7201469546795469), ([[968, 173], [1265, 173], [1265, 214], [968, 214]], '하양계 분품어 오른다 .', 0.3229089901955573), ([[23, 651], [235, 651], [235, 687], [23, 687]], '내장올 자극하는', 0.42654035247494054), ([[23, 697], [359, 697], [359, 737], [23, 737]], '손가락의 움빛임에 말주어', 0.12874327095743), ([[21, 747], [373, 747], [373, 783], [21, 783]], "예이미의 제제가 '경련하다 .", 0.14804404265556323)]
