2197176
33
[([[673, 695], [701, 695], [701, 713], [673, 713]], '(|@', 0.05675996377343534), ([[674, 714], [700, 714], [700, 762], [674, 762]], '쌀', 0.00554659299586846), ([[646, 756], [702, 756], [702, 806], [646, 806]], '% %', 0.13584508001804352)]
[([[43, 715], [226, 715], [226, 748], [43, 748]], '"하아하아 자1', 0.7514008687468885), ([[237, 715], [653, 715], [653, 751], [237, 751]], '사정한다고! 이 쪽을 쳐다보라고', 0.4300565716265597), ([[661, 715], [915, 715], [915, 751], [661, 751]], '압쾌지야?   으으웃1 |', 0.10552774210022801), ([[924, 718], [996, 718], [996, 748], [924, 748]], '간다 |', 0.8869932684476917), ([[1008, 718], [1094, 718], [1094, 750], [1008, 750]], '간다 | "', 0.9322712141182542), ([[57, 761], [393, 761], [393, 802], [57, 802]], '#릇 부릇 부릇 부릇 부꽃', 0.1015774958069374), ([[43, 811], [164, 811], [164, 844], [43, 844]], '"아아아:', 0.6474459347991278), ([[58, 862], [186, 862], [186, 894], [58, 894]], '부룻 부꽃', 0.02054903143561429)]
[([[57, 715], [227, 715], [227, 751], [57, 751]], '응릇 으으음"', 0.17587038597795318), ([[44, 764], [282, 764], [282, 796], [44, 796]], '"하아 하아 미안해', 0.948997696322768), ([[292, 766], [360, 766], [360, 796], [292, 796]], '마마 ,', 0.6190092420297375), ([[373, 763], [667, 763], [667, 799], [373, 799]], '잠깐 단독화게   과해어"', 0.47093359658915057), ([[59, 811], [283, 811], [283, 847], [59, 847]], '으으음 으웃 으응', 0.576672639473243), ([[114, 862], [186, 862], [186, 894], [114, 894]], '마마 .', 0.6062505498718551), ([[195, 859], [585, 859], [585, 895], [195, 895]], '입안에 액든 거 늘 하면  대로', 0.17476794024417905), ([[594, 862], [668, 862], [668, 894], [594, 894]], '해퀴"', 0.23312820971212495), ([[45.12997781415139, 857.1289267866996], [102.81502935045133, 864.9628839235179], [97.87002218584861, 895.8710732133004], [40.18497064954867, 888.0371160764821]], '""자,', 0.9897860884666443)]
[([[88, 764], [116, 764], [116, 798], [88, 798]], '웃', 0.9665491247322997)]
[([[43, 710], [461, 710], [461, 754], [43, 754]], '변추 쁘추 구추 구추구로 나추웃', 0.06205785455895487), ([[43, 761], [515, 761], [515, 801], [43, 801]], '구추 구추 구추 구추 구추 구추 구추', 0.7093809979250995), ([[41, 809], [405, 809], [405, 849], [41, 849]], '주루릇   주브 주브  주부 |주뉴', 0.4165295812659842)]
[([[43, 713], [695, 713], [695, 755], [43, 755]], '구추   뉴루   뉴륙우우   누류우   뉴봇   뉴루   뉴루   뉴;유', 0.1048549363605649), ([[45, 761], [773, 761], [773, 802], [45, 802]], '너류   나추  뉴루뉴루   뉴릇   뉴루뉴루뉴루   눈슬뉴루뉴류뉴루', 0.04434586243912386), ([[41, 807], [679, 807], [679, 849], [41, 849]], '구추 구추 구추 구추구추구 추구 추구추군숲  쿠칙움', 0.05189010719119068)]
[([[45, 715], [349, 715], [349, 751], [45, 751]], '"하아 하야 하야 마마의', 0.268461901573617), ([[357, 714], [929, 714], [929, 752], [357, 752]], '침이량 내   정액이   섞이고 파뜻해서   경장해햇', 0.16966641246739447), ([[57, 763], [145, 763], [145, 801], [57, 801]], '물~틱', 0.2658151873895135), ([[58, 814], [90, 814], [90, 844], [58, 844]], '새', 0.4614301218427954), ([[99, 809], [297, 809], [297, 847], [99, 847]], '업마  제고오오"', 0.2804217156342971), ([[58, 862], [88, 862], [88, 892], [58, 892]], '곡', 0.060897364385434694), ([[99, 859], [419, 859], [419, 897], [99, 897]], '날부터   의붕 아들은 더욱', 0.19972552820871417), ([[429, 859], [603, 859], [603, 897], [429, 897]], '심해적습니다 ,', 0.49058905249630497)]
[([[614, 0], [764, 0], [764, 90], [614, 90]], "1'", 0.35144579858075753), ([[43, 715], [351, 715], [351, 751], [43, 751]], '"마마 예기라면_팬찮아"', 0.35203673604551544), ([[57, 759], [365, 759], [365, 797], [57, 797]], '한내에 흥움 웃가게예세', 0.03711307872392723), ([[375, 761], [567, 761], [567, 797], [375, 797]], '속옷 차림9 퀴', 0.1593196871525426), ([[605, 761], [695, 761], [695, 797], [605, 797]], '것부터', 0.9976052565703387), ([[55, 801], [323, 801], [323, 843], [55, 843]], '[바핸예세  돌아다내늄', 0.1083375563268189), ([[331, 803], [573, 803], [573, 843], [331, 843]], '것원 시작해습내때', 0.1774497006873971), ([[55, 847], [817, 847], [817, 889], [55, 889]], '@립이   함0곰 해로 0   협웬도 / 잇고 방조 카메라로  @습 네다 .', 0.03166684672698016), ([[53, 891], [603, 891], [603, 933], [53, 933]], '기분 몸음  겪보다   %끄렉움이 더 켓습네다 ,', 0.03328969118482662)]
[([[41, 713], [241, 713], [241, 755], [41, 755]], '뭐유우운우우음', 0.06467150751860648), ([[45, 759], [571, 759], [571, 802], [45, 802]], '오늘음 제례의 가로수_길을 둘이세 산씹 .', 0.09208637048118898), ([[43, 808], [985, 808], [985, 849], [43, 849]], '하의   (종이냐 다름임는   미니스커트인데 0   속용음  입게 해주제   않앗습니다', 0.03845238783985004), ([[42, 858], [391, 858], [391, 897], [42, 897]], '바람이   분늄 바깥에심장이', 0.24242348008016482), ([[400, 862], [460, 862], [460, 894], [400, 894]], '터질', 0.902342714243723), ([[469, 859], [657, 859], [657, 897], [469, 897]], '것   깜약습내다 _', 0.20997213070118065)]
[([[43, 715], [315, 715], [315, 753], [43, 753]], '배 차량올 고른 다음 ,', 0.4965938363965326), ([[331, 715], [391, 715], [391, 751], [331, 751]], '저는', 0.17246546090006887), ([[399, 715], [783, 715], [783, 751], [399, 751]], '의자  옆에 조그려 안약습나다 .', 0.2448345804678483), ([[43, 763], [459, 763], [459, 799], [43, 799]], '곱러년 내 가슴으로 의봇 아들의', 0.2525282891311166), ([[469, 763], [935, 763], [935, 799], [469, 799]], '프거움   자지률 꾸육하고   비벼덥니다 ,', 0.09606282975087214), ([[43, 810], [349, 810], [349, 847], [43, 847]], '다음  역에   도착하기까지', 0.9503824141932039), ([[359, 811], [561, 811], [561, 847], [359, 847]], '10분 동안 나는', 0.4387821014229853), ([[570, 814], [630, 814], [630, 844], [570, 844]], '그제', 0.9319839594790056), ([[639, 811], [979, 811], [979, 849], [639, 849]], '마냥 비버대고   향아습니다 .', 0.17217121313718903)]
[([[0, 136], [236, 136], [236, 298], [0, 298]], '나몹', 0.006752786022552148), ([[43, 713], [625, 713], [625, 754], [43, 754]], '근처 육교에서   웃올_빼앗기고 ,  아랗에  달리는', 0.169366973757785), ([[634, 716], [722, 716], [722, 748], [634, 748]], '차에서', 0.9246353217193191), ([[731, 714], [913, 714], [913, 752], [731, 752]], '보이게 나체률', 0.29318373747158205), ([[922, 718], [1034, 718], [1034, 750], [922, 750]], '드러내고', 0.9388904571533203), ([[1045, 715], [1133, 715], [1133, 751], [1045, 751]], '잇는데', 0.34474846951196375), ([[43, 763], [445, 763], [445, 801], [43, 801]], '누군가가 계단을 올라워습내다 .', 0.34323443441472967), ([[43, 809], [145, 809], [145, 849], [43, 849]], '넷 웃울', 0.023634528481068926), ([[153, 809], [377, 809], [377, 849], [153, 849]], '가지고  옛는 의부', 0.08114891975783853), ([[385, 811], [847, 811], [847, 849], [385, 849]], '아들올   향해 미친듯이   달려가습니다', 0.3777389085689833), ([[44, 859], [405, 859], [405, 895], [44, 895]], '올라오면   여학생들이 쳐다본', 0.40562848414101005), ([[413, 859], [593, 859], [593, 897], [413, 897]], '것 갈습니다 ,)', 0.6817618315927931)]
[([[45, 715], [269, 715], [269, 751], [45, 751]], "#당신   몸조심해요'", 0.6072253111425677), ([[57, 760], [409, 760], [409, 799], [57, 799]], '결혼하자마자   {달 출잡이라', 0.14750764035441033), ([[416, 764], [506, 764], [506, 796], [416, 796]], '미안해', 0.9929666019211445), ([[45, 811], [217, 811], [217, 847], [45, 847]], '#다녀오 파파', 0.2911706076605734), ([[234, 810], [463, 810], [463, 848], [234, 848]], '프라랑  새 엄마량', 0.21615451121133475), ([[472, 814], [502, 814], [502, 846], [472, 846]], '집', 0.9766417484983414), ([[511, 807], [724, 807], [724, 850], [511, 850]], '잘) 보과__율제"', 0.08431815228716272), ([[57, 859], [187, 859], [187, 895], [57, 895]], '다녀월게"', 0.6869692162589286)]
[([[41, 713], [520, 713], [520, 753], [41, 753]], '장원   팀불에세 입율 꾸육   막음습내다 ', 0.048771785548590615), ([[43, 762], [1153, 762], [1153, 801], [43, 801]], '@람 안 오는 데출 고름   캠에0   의붕 아들음 한세간 틈 세간이   냄제  계속  박아딪습내다 .', 0.053356916173077674), ([[43, 809], [856, 809], [856, 849], [43, 849]], '액주에   봉통해제 관데로 0   내 몸을 흥롭어대면세   계속해없습내다 .', 0.011715298269629217), ([[43, 857], [255, 857], [255, 897], [43, 897]], '가꾸만 사어싫에', 0.01852822561291798), ([[263, 855], [451, 855], [451, 897], [263, 897]], '뺨 입습합내다', 0.22378497656509147)]
[([[322, 220], [400, 220], [400, 304], [322, 304]], '(0', 0.9671411273318188), ([[399, 237], [457, 237], [457, 277], [399, 277]], '04', 0.8946484678505148), ([[388, 273], [491, 273], [491, 323], [388, 323]], "4'30", 0.4719095230102539), ([[685, 417], [721, 417], [721, 485], [685, 485]], '5', 0.039347350145718885), ([[468, 680], [500, 680], [500, 708], [468, 708]], '8', 0.9617943834485096), ([[43, 711], [849, 711], [849, 753], [43, 753]], '오늘 @침 ` 사소한 일로  의분아들과?말다"올 하고 밝없습내다', 0.04065853796700583), ([[43, 759], [543, 759], [543, 801], [43, 801]], '화가 짓 의붕 아들은 내 손음 묶어; 온', 0.16117243605704712), ([[553, 759], [941, 759], [941, 802], [553, 802]], '몸에 음란한  낙세로노럽히고 0', 0.0473600381469152), ([[43, 807], [407, 807], [407, 849], [43, 849]], '캠계렉에  방제하고  값습 내요', 0.19469650112019504), ([[43, 859], [529, 859], [529, 897], [43, 897]], '자실익  용세롭   반고   싶음 마음 하나로', 0.06973964976162347), ([[537, 859], [761, 859], [761, 897], [537, 897]], '마냥 버앗습내다 ,', 0.2022949939015267), ([[838.6050456218989, 54.00600096047337], [1240.0720968643413, 314.17667362726087], [1178.3949543781011, 408.9939990395266], [777.9279031356587, 148.8233263727391]], '뜻조 퍼', 0.020977620035409927), ([[479.3315670795699, 193.05624576946215], [544.9774368022078, 230.57574007443117], [527.6684329204302, 259.9437542305379], [462.0225631977923, 223.42425992556883]], "'구", 0.4372145110113612), ([[727.5017271208776, 216.02072545053073], [836.517046192435, 307.6415680398751], [803.4982728791224, 347.97927454946927], [694.482953807565, 256.3584319601249]], '쥐 ~ *보', 0.03617109410034235), ([[528.6780682444492, 336.1259548711355], [569.5672341203114, 301.0230203201704], [651.3219317555508, 401.8740451288645], [610.4327658796886, 437.9769796798296]], '총', 0.04276949372592065), ([[663.9266873708001, 354.0967805394006], [702.5854285441882, 330.0286288492801], [754.0733126291999, 420.9032194605994], [715.4145714558118, 443.9713711507199]], '7', 0.01345708476726859), ([[510.2747574101838, 352.03767113776456], [563.5252307372555, 347.47135467929064], [570.7252425898162, 461.96232886223544], [517.4747692627445, 466.52864532070936]], '오', 0.05548397859385634), ([[484.43431457505073, 628.0402020253554], [541.848051949052, 676.9079852577015], [517.5656854249493, 705.9597979746446], [460.151948050948, 658.0920147422985]], '(00안', 0.003653146093711257)]
[([[43, 713], [391, 713], [391, 751], [43, 751]], '야외   노출이  동네에   소문이', 0.34004790690614334), ([[402, 718], [460, 718], [460, 750], [402, 750]], '나서', 0.9997311979828536), ([[469, 715], [777, 715], [777, 751], [469, 751]], '밖에  나가기 힘들어지자', 0.4816695016534501), ([[41, 755], [487, 755], [487, 797], [41, 797]], '의붕 아들음 제률   만화방에   데리고', 0.7300837821023802), ([[497, 759], [617, 759], [617, 797], [497, 797]], '앞습니다 ,', 0.32948319837021506), ([[43, 801], [823, 801], [823, 841], [43, 841]], '부끄리움   모습으로  구속튼  저듭 거기서   하룻밤을   보내습니다 ,', 0.05283741974266944), ([[41, 845], [133, 845], [133, 885], [41, 885]], '@@늄', 0.4410994706394214), ([[141, 847], [557, 847], [557, 883], [141, 883]], '옆 방에세   웬가루  조사하고  _음', 0.05248408576492664), ([[565, 845], [763, 845], [763, 885], [565, 885]], '탓 갇습내다만 ,', 0.2675634286998847), ([[41, 891], [391, 891], [391, 929], [41, 929]], '제목관 베퀴길 공프에  떨혜', 0.0030884561997476054), ([[399, 891], [721, 891], [721, 929], [399, 929]], '제눈 그렇제  =없습내다 .', 0.06648392208991181)]
[([[41, 713], [476, 713], [476, 751], [41, 751]], '"마마 허로`내-엉덩이률_범해쥐요', 0.1676801130340887), ([[57, 759], [417, 759], [417, 804], [57, 804]], '제가 혀률   집어넣고 ,   손으로', 0.35257434377004526), ([[427, 761], [925, 761], [925, 800], [427, 800]], '자지률   딸쳐주자 의부 아들은 쾌감으로', 0.2121386167842055), ([[935, 763], [1183, 763], [1183, 799], [935, 799]], '비명올   질로습니다 ,', 0.7237452369493681), ([[57, 811], [335, 811], [335, 847], [57, 847]], '으으응히이이이이이이', 0.87508710933927), ([[345, 811], [970, 811], [970, 847], [345, 847]], "오오오오오오오오오 간다간다간다간다깎다 | | 1/11'", 0.13299586697359847), ([[58, 862], [88, 862], [88, 892], [58, 892]], '그', 0.9999949932161059), ([[99, 859], [647, 859], [647, 897], [99, 897]], '날부터 우리의   주종관계는   역전되워습니다 .', 0.5158033627599286)]
[([[41, 713], [569, 713], [569, 752], [41, 752]], '"마마 빨리  빨리 내 엉덩이 찌꺼께 결해쥐', 0.2366642952204219), ([[44, 764], [88, 764], [88, 794], [44, 794]], '"왜', 0.7443180271198586), ([[97, 762], [571, 762], [571, 799], [97, 799]], '그렇게 조급해하니? 오늘은  강렬하게', 0.3083285247660216), ([[619, 763], [1095, 763], [1095, 799], [619, 799]], "떠내야   활실히  중비하제  양으면 안돼'", 0.14108008135227743), ([[57, 811], [199, 811], [199, 847], [57, 847]], '수위우우육', 0.4192534262575176), ([[41, 857], [421, 857], [421, 897], [41, 897]], '"제일 큰 구스코도 여유흉네"', 0.3718954053137473)]
[([[55, 715], [309, 715], [309, 751], [55, 751]], '\'하우우우 차가워요"', 0.658467450743238), ([[43, 763], [241, 763], [241, 799], [43, 799]], '"참으럼 오늘은', 0.76620678575257), ([[249, 763], [377, 763], [377, 799], [249, 799]], '직장 깊은', 0.9479900816788712), ([[385, 763], [569, 763], [569, 799], [385, 799]], '데까지 로선이', 0.339210572211612), ([[579, 762], [755, 762], [755, 800], [579, 800]], '배게 할/거야 .', 0.2950784855913899), ([[43, 811], [461, 811], [461, 847], [43, 847]], '"아앗 앗 배가   점점 무거워겨오"', 0.49932084174130575)]
[([[43, 711], [385, 711], [385, 754], [43, 754]], '"3병단_향여세 서  5006의데', 0.019163250035026905), ([[405, 713], [809, 713], [809, 753], [405, 753]], '이   정도만   넣어도  충분합까나?"', 0.38610525993134326), ([[41, 761], [187, 761], [187, 799], [41, 799]], '"마마} 낱질', 0.3758759953386054), ([[238, 761], [323, 761], [323, 799], [238, 799]], '같아요', 0.43928230764847287), ([[349, 763], [503, 763], [503, 799], [349, 799]], '으응  빨리오', 0.20197497713824733), ([[523, 763], [777, 763], [777, 799], [523, 799]], '떼늄 안돼| 나와버려', 0.4160558482202696), ([[787, 762], [1039, 762], [1039, 799], [787, 799]], '나아-내려   나와버려"', 0.1640643937578838), ([[57, 811], [285, 811], [285, 847], [57, 847]], '바퀴 마음 다음에', 0.4029168867164839), ([[303, 811], [885, 811], [885, 849], [303, 849]], '센립센율 | 꾸육#-움   불렉주예세   창액관 | 올 예렌올', 0.0038494323296203435), ([[895, 811], [1025, 811], [1025, 847], [895, 847]], '섞어 줄게', 0.7775532775032732)]
[([[105, 706], [316, 706], [316, 783], [105, 783]], '쑤부울 ', 0.09632349792877869), ([[71, 809], [1116, 809], [1116, 888], [71, 888]], '"응개에이이이이에이이이이이에이 ( 싸!(', 0.007783692562693738)]
[([[43, 713], [723, 713], [723, 753], [43, 753]], '구칙 구꽃 구꽃 무꽃 |구밟구꽃 구칙 구퍼 구꽃 구푹', 0.0049708094848849), ([[42, 762], [175, 762], [175, 800], [42, 800]], '"여기잖야', 0.35313383508188195), ([[193, 762], [529, 762], [529, 802], [193, 802]], '여기 만계주면   느껴버리분', 0.14752201070204735), ([[537, 763], [845, 763], [845, 801], [537, 801]], '거제? 자지 팔예세  질질', 0.13570962393896172), ([[853, 763], [1025, 763], [1025, 801], [853, 801]], '새고 읽다 고', 0.06528306398264683), ([[43, 811], [517, 811], [517, 849], [43, 849]], '"이이이이이   좀다 좁다 좁다 좀디어"', 0.0729532569745196)]
[([[40, 713], [643, 713], [643, 753], [40, 753]], '"장\' 안이   막혀  엔으면 깊숙히   넣기가  어렵닫다 ', 0.21745485569192563), ([[57, 763], [145, 763], [145, 799], [57, 799]], '로선도', 0.8024161618482015), ([[153, 761], [339, 761], [339, 799], [153, 799]], '뼈게   해야하과', 0.33574292476070206), ([[357, 763], [419, 763], [419, 799], [357, 799]], '전부', 0.9991723362509692), ([[428, 766], [546, 766], [546, 798], [428, 798]], '뱉어내럽 _', 0.29979344475536895), ([[57, 809], [627, 809], [627, 849], [57, 849]], '부릇   #륙 분류분류부류부류뷰류   #륙우우워 |', 0.018188906503882007), ([[57, 859], [269, 859], [269, 895], [57, 895]], '"마치 분수 간네"', 0.2805843217768351)]
[([[43, 713], [365, 713], [365, 753], [43, 753]], '"하아 하아 응우웃 으웃"', 0.3614777484535692), ([[55, 763], [173, 763], [173, 799], [55, 799]], '찌격제적', 0.10177456217818631), ([[55, 809], [247, 809], [247, 848], [55, 848]], "'파파 가버력네 .", 0.3370938730350084), ([[262, 809], [777, 809], [777, 847], [262, 847]], '앞으로 한 달 동안 나량 단 둘이라고요"', 0.7695694021440043), ([[59, 857], [338, 857], [338, 898], [59, 898]], '으웅 역시 안 돼 우리', 0.14585262229130386), ([[373, 859], [491, 859], [491, 895], [373, 895]], '가족인데', 0.6569201946258545)]
[([[43, 713], [541, 713], [541, 753], [43, 753]], '"맨 속로   때꼼해력의네 0   @계 진심으로', 0.0087835862928271), ([[554, 718], [612, 718], [612, 748], [554, 748]], '갈게', 0.9333012621693926), ([[41, 758], [819, 758], [819, 800], [41, 800]], '"메게 뵙@? 그 울통불록안 게 없야? 및 속이   뜯겨저버려엇"', 0.004645731803780145), ([[42, 809], [145, 809], [145, 848], [42, 848]], '"마?[', 0.029902052134275436), ([[177, 809], [353, 809], [353, 849], [177, 849]], '멘분되-갑이~', 0.008190388945039373), ([[371, 811], [489, 811], [489, 849], [371, 849]], '제메있움', 0.1916055977344513), ([[497, 811], [749, 811], [749, 847], [497, 847]], '몇   같야(예 사버로어', 0.03387001282655777), ([[55, 859], [407, 859], [407, 897], [55, 897]], '강페이   때뜻-습해제{다?"', 0.0008446127997101058)]
[([[43, 715], [223, 715], [223, 753], [43, 753]], '"추부 팬-제"', 0.0474143813173725), ([[40, 762], [677, 762], [677, 803], [40, 803]], '@아아아아아아아아아아아아아아아아아아아아아 !', 0.23999053370245155), ([[688, 768], [790, 768], [790, 796], [688, 796]], '1111111', 0.0621057613300658), ([[40, 810], [871, 810], [871, 852], [40, 852]], '"평량-해 빼가 불-훌해계에~ 끊데 말@야 @ "장갑 한짝이라고-', 0.0065338664294611335), ([[51, 861], [363, 861], [363, 897], [51, 897]], '활등  당연한 렌기?   폐행"', 0.02551028865618602)]
[([[43, 715], [283, 715], [283, 751], [43, 751]], '움질 {   음질 !  움질 |', 0.038929288902440164), ([[41, 759], [791, 759], [791, 799], [41, 799]], '"마마의 출령출령   팔푹 더불) 피스트 ~ 양 손의로   전립 선율', 0.1472613160321612), ([[799, 763], [1081, 763], [1081, 801], [799, 801]], '꽉 움켜주고  웬으내짜', 0.05868100709908259), ([[57, 809], [597, 809], [597, 849], [57, 849]], '탤령이   와로   형액움 자지에 |보내지지 압울', 0.05972695004238051), ([[606, 814], [692, 814], [692, 844], [606, 844]], '거에요', 0.9974688894587623), ([[43, 859], [199, 859], [199, 897], [43, 897]], '움질@   움질{', 0.019682130628070643)]
[([[40, 716], [363, 716], [363, 755], [40, 755]], '"에@ 제요 통아닥에 "', 0.022976269656805208), ([[55, 765], [121, 765], [121, 801], [55, 801]], '플렉?', 0.01011615757282101), ([[41, 811], [861, 811], [861, 851], [41, 851]], ' 8 @? @몸8  문습 농담이기? 에이@   _에@람하 (   문숨   @에냐@', 0.0016426708219553464), ([[53, 859], [132, 859], [132, 901], [53, 901]], '당신 0', 0.40672624885265374), ([[141, 859], [611, 859], [611, 899], [141, 899]], '(옛마 @줌예제  쏟올   렌렌가0   @에냐@', 0.01262682994995906)]
[([[45, 715], [171, 715], [171, 751], [45, 751]], '"뒷구명을', 0.6910977431544183), ([[181, 713], [637, 713], [637, 753], [181, 753]], "괴롭행당면서 (   무습  소질' 하느거야|", 0.19894519453420184), ([[55, 763], [363, 763], [363, 801], [55, 801]], '주루루류류류우우우우우', 0.5030469216303821), ([[57, 811], [338, 811], [338, 847], [57, 847]], '응기이이이이이이이잇드', 0.26501491229279256), ([[57, 859], [199, 859], [199, 895], [57, 895]], '즈부우우운', 0.8197205006277318)]
[([[43, 715], [393, 715], [393, 751], [43, 751]], '"하아 하야 하아 하아아아"', 0.7838604966811451), ([[43, 761], [379, 761], [379, 803], [43, 803]], '"하룻종일   넣고. _없률나 .', 0.0315973755174574), ([[387, 763], [711, 763], [711, 799], [387, 799]], '마마가   변대라서 나 기뻐', 0.4508204273547673), ([[43, 811], [145, 811], [145, 849], [43, 849]], '"너무해', 0.8840630054473877), ([[153, 811], [309, 811], [309, 849], [153, 849]], '네가 (업계로', 0.19993514886957156), ([[317, 810], [501, 810], [501, 850], [317, 850]], '넣제  한계워니', 0.17724854721885885), ([[43, 859], [735, 859], [735, 897], [43, 897]], '"너무향  권 에느 좁일까나? 분별없눈\' 예스관 @돼계씨\'', 0.014296778734300224)]
[([[43, 713], [363, 713], [363, 751], [43, 751]], '"아줌마  대낮부리 / 남자출', 0.18024594675621028), ([[373, 715], [941, 715], [941, 751], [373, 751]], '집에 끌어들이다니   남편으로-는 -모자관거야?"', 0.35340778547259044), ([[57, 763], [543, 763], [543, 799], [57, 799]], '땅광광광   땅땅광적 땅땅광광   땅광광광', 0.07176297533812544), ([[45, 811], [591, 811], [591, 849], [45, 849]], '"그치마안 6 사람 센혀   버티지   못하다\'아', 0.08816603683535447), ([[605, 810], [997, 810], [997, 850], [605, 850]], '딱딱한 자지라면 누구튼 좋아"', 0.3609330785568177), ([[57, 859], [545, 859], [545, 895], [57, 895]], '땅광광광   땅광광광 땅땅광교 땅교적땅', 0.008273564997550461)]
[([[43, 713], [639, 713], [639, 753], [43, 753]], '"신혼  직후부터 바람을 피닐 엄마큼   바로 잡고 ,', 0.15590319398846594), ([[647, 715], [1025, 715], [1025, 751], [647, 751]], '커기다가   뒷처리까지 하는  나', 0.6358091125296575), ([[56, 764], [88, 764], [88, 796], [56, 796]], '이', 0.46064028403692703), ([[99, 763], [571, 763], [571, 799], [99, 799]], "얼마나 가족생각을   지극히   하는 결까  '", 0.1668204011213259), ([[41, 811], [147, 811], [147, 847], [41, 847]], '"떼안해', 0.3633972406387329), ([[167, 810], [571, 810], [571, 847], [167, 847]], '이런 여자가 마마가  되어버려세', 0.38613214556694575), ([[580, 812], [670, 812], [670, 844], [580, 844]], '미안해 _', 0.6451741687059329), ([[688, 814], [870, 814], [870, 846], [688, 846]], '그리니까   빨리', 0.2797176627015488), ([[879, 811], [1161, 811], [1161, 847], [879, 847]], '쥐   향짝향짝하게 폐셈', 0.055585549149837765), ([[58, 862], [188, 862], [188, 892], [58, 892]], '떼에   네에', 0.3589330073291137), ([[207, 859], [503, 859], [503, 897], [207, 897]], '제대록   빨기다 하세요"', 0.1940281113092459)]
[([[45, 715], [611, 715], [611, 753], [45, 753]], '응웃 응크웃 주움 주움 레롯레로레로  부추웃', 0.06650435393470215), ([[43, 759], [409, 759], [409, 799], [43, 799]], '"오늘은 오후에 외출할 꺼야', 0.6348707238028798), ([[43, 811], [487, 811], [487, 849], [43, 849]], '추움 주움   누추우   누추/-누주우웃', 0.0528445387247464), ([[43, 856], [216, 856], [216, 896], [43, 896]], '"듣고 잇어?"', 0.44636410986474423)]
[([[43, 715], [407, 715], [407, 753], [43, 753]], '구별 구몇 구몇 구몇 구보로', 0.1612153936408729), ([[43, 763], [337, 763], [337, 799], [43, 799]], '"발정나서 ! 폐까제   맞이', 0.17035366308554403), ([[345, 761], [679, 761], [679, 800], [345, 800]], '칸렌기& @   예로바보 년가', 0.052820769866241554), ([[55, 811], [667, 811], [667, 849], [55, 849]], '그렇계 각고 싶으면 깊술한_골패제  *넣어컨제0', 0.018726456955598915), ([[41, 857], [723, 857], [723, 897], [41, 897]], '구몇 구몇 꿈몇 균풍 규별 구몇 }빛 국낮 구몇 규끝', 0.0010512373179720348)]
