2204760
42
[([[76, 1074], [212, 1074], [212, 1164], [76, 1164]], '딸짝', 0.0043725437802995554), ([[812, 1338], [946, 1338], [946, 1434], [812, 1434]], '딸걀', 0.2861336633264734), ([[374, 1426], [428, 1426], [428, 1478], [374, 1478]], '09', 0.6637828006334613), ([[370, 1473], [431, 1473], [431, 1500], [370, 1500]], '50.;', 0.0050347610376775265)]
[([[623, 79], [665, 79], [665, 95], [623, 95]], '~?', 0.5684130714615402), ([[139, 193], [199, 193], [199, 237], [139, 237]], '아.', 0.4627064279695607), ([[130, 240], [182, 240], [182, 292], [130, 292]], '웃', 0.65928636853846), ([[1210, 421], [1417, 421], [1417, 482], [1210, 482]], '하나타 군이', 0.5888715974505759), ([[1214, 474], [1406, 474], [1406, 530], [1214, 530]], '들어오는게', 0.8072939364797792), ([[1226, 522], [1402, 522], [1402, 574], [1226, 574]], '느껴저-~', 0.8200014610986683), ([[436, 1712], [694, 1712], [694, 1908], [436, 1908]], '품품', 0.05814334406700709), ([[936.7940155284576, 50.060753731730024], [1072.7490034881555, 72.6653093799525], [1052.2059844715425, 172.93924626826998], [916.2509965118446, 150.3346906200475]], '@', 0.15098357284483743)]
[([[104, 86], [340, 86], [340, 143], [104, 143]], '으옷; 나나미.', 0.22492989774014246), ([[121, 139], [309, 139], [309, 199], [121, 199]], '움직일게-', 0.9350146876024968), ([[1214, 328], [1372, 328], [1372, 382], [1214, 382]], '건강하네<', 0.27298825966642604), ([[11, 819], [293, 819], [293, 1053], [11, 1053]], '떠', 0.06034723569859346), ([[1250, 1138], [1492, 1138], [1492, 1360], [1250, 1360]], '찌', 0.20490616986976207), ([[234, 1744], [486, 1744], [486, 1962], [234, 1962]], '찌', 0.05189142641592448)]
[([[195, 41], [245, 41], [245, 85], [195, 85]], '아', 0.9997577813928729), ([[186, 88], [238, 88], [238, 140], [186, 140]], '웃', 0.8457907996987366), ([[106, 560], [382, 560], [382, 616], [106, 616]], '아&, 히나타 군,', 0.24681621927043598), ([[126, 610], [374, 610], [374, 666], [126, 666]], '엄청 기분종아', 0.5839877474756734), ([[158, 662], [304, 662], [304, 714], [158, 714]], '보이네-', 0.9361413917344131), ([[973, 675], [1241, 675], [1241, 879], [973, 879]], '때계', 0.13432912189043306), ([[1136, 910], [1198, 910], [1198, 962], [1136, 962]], '응', 0.9997565894447149), ([[1224, 910], [1400, 910], [1400, 966], [1224, 966]], '기분좋아;', 0.5243669014074146), ([[1124, 964], [1392, 964], [1392, 1018], [1124, 1018]], '나나미의 안쪽', 0.9841448978541298), ([[1207, 1313], [1501, 1313], [1501, 1519], [1207, 1519]], '젓계', 0.040218641163224114), ([[664, 1808], [938, 1808], [938, 2028], [664, 2028]], '뼈', 0.09401016003218743)]
[([[97, 19], [351, 19], [351, 227], [97, 227]], '달', 0.006226232033274215), ([[57, 479], [335, 479], [335, 539], [57, 539]], '나나미는 기분:', 0.5229462253115923), ([[1002, 388], [1254, 388], [1254, 588], [1002, 588]], '겪', 0.014910668748539857), ([[87, 535], [331, 535], [331, 595], [87, 595]], '종지않아.?', 0.6841747803361549), ([[1220, 894], [1500, 894], [1500, 1114], [1220, 1114]], '뼈떼', 0.03715398098948824), ([[911, 1553], [1216, 1553], [1216, 1613], [911, 1613]], '에헤헤, 히나타군', 0.19585741358895692), ([[915, 1605], [1205, 1605], [1205, 1665], [915, 1665]], '표정이 귀여워서', 0.806414652958499), ([[80, 1565], [329, 1565], [329, 1754], [80, 1754]], '째겨', 0.038453295751577646), ([[926, 1658], [1200, 1658], [1200, 1714], [926, 1714]], '나도 좋아해-~', 0.606717445117359), ([[717, 1769], [985, 1769], [985, 1977], [717, 1977]], '뼈제', 0.019788304922203653)]
[([[1100, 104], [1382, 104], [1382, 304], [1100, 304]], '대혀', 0.05758063310813733), ([[97, 295], [309, 295], [309, 355], [97, 355]], '욕 나나미.', 0.9761651579820331), ([[93, 351], [295, 351], [295, 411], [93, 411]], '나나미-잇', 0.9001181581315111), ([[18, 474], [305, 474], [305, 693], [18, 693]], '데계', 0.010795808012730623), ([[282, 826], [306, 826], [306, 852], [282, 852]], '1', 0.8195425514519492), ([[1198, 856], [1474, 856], [1474, 1074], [1198, 1074]], '떼째', 0.025851713268692282), ([[750, 1204], [1023, 1204], [1023, 1423], [750, 1423]], '저완', 0.015415841007379964), ([[845, 1769], [909, 1769], [909, 1831], [845, 1831]], '맛:', 0.2739383392685681), ([[945, 1767], [1155, 1767], [1155, 1835], [945, 1835]], '하나타 군', 0.6635482772997705), ([[844, 1825], [1156, 1825], [1156, 1898], [844, 1898]], '너무 흥분햇어.', 0.3555038190109225), ([[851, 1891], [1145, 1891], [1145, 1957], [851, 1957]], '조금 천천히..', 0.739488599802104)]
[([[101, 355], [207, 355], [207, 443], [101, 443]], '으옷', 0.6394429424821457), ([[1038, 523], [1269, 523], [1269, 656], [1038, 656]], ')나나미', 0.30791351199150085), ([[520, 677], [663, 677], [663, 779], [520, 779]], '음질', 0.8442609406939381), ([[650, 1280], [702, 1280], [702, 1330], [650, 1330]], '옛.', 0.6019222994909696), ([[620, 1326], [758, 1326], [758, 1378], [620, 1378]], '벌써...?', 0.44966014862942233), ([[1145.095511646343, 218.04556529879753], [1268.7684166060612, 258.9714857105381], [1240.904488353657, 334.9544347012025], [1117.2315833939388, 294.0285142894619]], '@껍로', 0.012845146897208008)]
[([[943, 127], [1217, 127], [1217, 189], [943, 189]], '욕. 미 미안 .', 0.8612631310579622), ([[965, 185], [1207, 185], [1207, 245], [965, 245]], '또내 멋대로', 0.9898960837990282), ([[935, 241], [1247, 241], [1247, 303], [935, 303]], '먼저 가버로어..', 0.49442049935365695), ([[219, 349], [279, 349], [279, 417], [219, 417]], '([', 0.8667165968547392), ([[258, 330], [360, 330], [360, 440], [258, 440]], '물', 0.8024114984749673), ([[999, 1687], [1281, 1687], [1281, 1753], [999, 1753]], '자지도 작은데', 0.8794610307577486), ([[945, 1749], [1327, 1749], [1327, 1811], [945, 1811]], '조루고... 맨날 혼자', 0.7641890547775485), ([[933, 1807], [1345, 1807], [1345, 1871], [933, 1871]], '먼저 가버려서 미안 ..', 0.8383387720969339), ([[935, 1865], [1320, 1865], [1320, 1929], [935, 1929]], '수술이라도 받월게..', 0.29776891044802717)]
[([[205, 150], [365, 150], [365, 216], [205, 216]], '안아쥐.', 0.7719714641571045), ([[1021, 177], [1131, 177], [1131, 239], [1021, 239]], '응..?', 0.43927669525146484), ([[1176, 338], [1417, 338], [1417, 405], [1176, 405]], '안아달라고.', 0.707175063886942), ([[1245, 401], [1361, 401], [1361, 461], [1245, 461]], '어서:', 0.6647400831045847), ([[106, 628], [290, 628], [290, 748], [106, 748]], '손옥딩', 0.012312120391083033)]
[([[241, 189], [679, 189], [679, 253], [241, 253]], '자지 크기가 작다느니', 0.9919169411088653), ([[219, 249], [659, 249], [659, 313], [219, 313]], '조루라느니; 그런결로', 0.7028006060555159), ([[211, 307], [665, 307], [665, 375], [211, 375]], '매번 자학하지 말아쥐.', 0.8532508266818933), ([[816, 498], [1309, 498], [1309, 570], [816, 570]], '난히나타 군을 좋아해서', 0.5826873008336494), ([[839, 558], [1284, 558], [1284, 631], [839, 631]], '사귀논거지 하나타 군', 0.2816796210253511), ([[893, 622], [1230, 622], [1230, 688], [893, 688]], '자지름 좋아해서', 0.6727717734634491), ([[851, 679], [1265, 679], [1265, 752], [851, 752]], '사귀논게 아니잖아?', 0.26563201894925803), ([[991, 1217], [1327, 1217], [1327, 1285], [991, 1285]], '그런거 의식하고', 0.9550313776975826), ([[979, 1279], [1329, 1279], [1329, 1343], [979, 1343]], '자신감 없는 모습', 0.7204872558754015), ([[981, 1341], [1337, 1341], [1337, 1405], [981, 1405]], '보이논게 더 싫어', 0.5447287536668566), ([[1206, 1652], [1258, 1652], [1258, 1704], [1206, 1704]], '응', 0.9996104619841049), ([[983, 1725], [1017, 1725], [1017, 1745], [983, 1745]], '00', 0.9997460325376363), ([[1168, 1704], [1296, 1704], [1296, 1758], [1168, 1758]], '미안해.', 0.5794477462768555)]
[([[819, 111], [1203, 111], [1203, 171], [819, 171]], '세스도 결국 게임이랑', 0.339431286759125), ([[823, 165], [1205, 165], [1205, 225], [823, 225]], '비슷하다고.. 생각해.', 0.6127073900608572), ([[745, 215], [1287, 215], [1287, 277], [745, 277]], '게임에서 부족한건 아이템이량', 0.41731643330705154), ([[812, 272], [1218, 272], [1218, 328], [812, 328]], '장비로 메꾸면 되장아?', 0.4776060991602183), ([[183, 419], [661, 419], [661, 481], [183, 481]], '성인용품이나 의약품 중에', 0.9522090815078318), ([[203, 473], [641, 473], [641, 535], [203, 535]], '성생활에 도움되는 것들', 0.8275258582585128), ([[225, 529], [621, 529], [621, 591], [225, 591]], '많다고 하니까 다음에', 0.9654508790117338), ([[283, 585], [561, 585], [561, 645], [283, 645]], '같이 알아보자', 0.855051247628262), ([[973, 1377], [1319, 1377], [1319, 1441], [973, 1441]], '그리고 전희도 좀', 0.8021684417119748), ([[957, 1435], [1341, 1435], [1341, 1501], [957, 1501]], '오랫동안 같이 하면', 0.8174921773179793), ([[979, 1496], [1285, 1496], [1285, 1560], [979, 1560]], '더 종을거 같구.', 0.3073602827895717), ([[1246, 1712], [1330, 1712], [1330, 1762], [1246, 1762]], '으응', 0.9985822216866613)]
[([[264, 120], [435, 120], [435, 197], [264, 197]], '나나미;', 0.6235998270754146), ([[256, 186], [428, 186], [428, 258], [256, 258]], '나용어', 0.2576086456117928), ([[1054, 426], [1306, 426], [1306, 498], [1054, 498]], '응 어서와', 0.9978320385397268), ([[30, 1080], [168, 1080], [168, 1176], [30, 1176]], '딸@', 0.027852380991757998), ([[583, 1341], [607, 1341], [607, 1353], [583, 1353]], '9', 0.06561195595537672), ([[816, 1334], [950, 1334], [950, 1436], [816, 1436]], '딸각', 0.32945958993022145), ([[372, 1424], [428, 1424], [428, 1478], [372, 1478]], '09', 0.6795172003642904), ([[373.28204184138224, 1471.133308787594], [430.9570995699735, 1479.5879790379004], [426.71795815861776, 1500.866691212406], [370.0429004300265, 1492.4120209620996]], '-0;];', 0.009556797966352433)]
[([[257, 95], [591, 95], [591, 163], [257, 163]], '어라; 내가 너무', 0.9752473884620648), ([[299, 159], [547, 159], [547, 227], [299, 227]], '가르치듯이', 0.9896860886814823), ([[281, 218], [560, 218], [560, 292], [281, 292]], '말한걸까나?', 0.8645742279205343), ([[909, 311], [1117, 311], [1117, 374], [909, 374]], '아; 아니야', 0.6822779748227719), ([[873, 365], [1179, 365], [1179, 427], [873, 427]], '내가 너무 멋대로', 0.8579885578446301), ([[926, 420], [1130, 420], [1130, 476], [926, 476]], '엿으니까 .', 0.3720682717237269), ([[984, 1366], [1348, 1366], [1348, 1438], [984, 1438]], '같이 행복해지자;', 0.7808748061788954), ([[1054, 1430], [1272, 1430], [1272, 1494], [1054, 1494]], '히나타 군.', 0.6377233179100444), ([[1348, 1686], [1404, 1686], [1404, 1750], [1348, 1750]], '응', 0.9998334715560055), ([[667, 1723], [777, 1723], [777, 1787], [667, 1787]], '@표', 0.02585100534192339)]
[([[298, 107], [815, 107], [815, 167], [298, 167]], '사실은 너무 자존심이 상쾌다:', 0.8560027862190387), ([[329, 159], [777, 159], [777, 221], [329, 221]], '여자친구름 보내버리지도', 0.8082826593400524), ([[363, 211], [741, 211], [741, 271], [363, 271]], '못하는 나의 세스에의', 0.30646086165910535), ([[359, 260], [755, 260], [755, 324], [359, 324]], '재능없음이 비참햇고-', 0.7587968587256191), ([[783, 355], [1171, 355], [1171, 417], [783, 417]], '그런 것도 괜찮다면서', 0.8649725090233407), ([[723, 409], [1231, 409], [1231, 469], [723, 469]], '위로해주는 나나미의 태도가', 0.9648835641159912), ([[727, 463], [1227, 463], [1227, 523], [727, 523]], '오히려 나름 더 화나게 햇다:', 0.5306567458525938), ([[589, 803], [945, 803], [945, 863], [589, 863]], '한번 더 오기틀 부려', 0.2350090512784579), ([[599, 855], [939, 855], [939, 917], [599, 917]], '필사적으로 허리블', 0.2616683655539245), ([[568, 906], [969, 906], [969, 972], [568, 972]], '흔들어횟지만, 또나만', 0.22332433631189846), ([[615, 963], [921, 963], [921, 1023], [615, 1023]], '먼저 가버길 뿐...', 0.25301076060846367), ([[1000, 1428], [1314, 1428], [1314, 1484], [1000, 1484]], '기진맥진해진 나는', 0.9346883887436093), ([[998, 1478], [1316, 1478], [1316, 1532], [998, 1532]], '비참한 기분 그대로', 0.8711645878667995), ([[982, 1528], [1338, 1528], [1338, 1582], [982, 1582]], '나나미의 품에 안겨서', 0.7778240598596303), ([[976, 1576], [1324, 1576], [1324, 1632], [976, 1632]], '잠들 수 밖에 없없다:.', 0.42197891992373265)]
[([[194, 238], [340, 238], [340, 342], [194, 342]], '찢-', 0.11255385955539546), ([[1214, 566], [1406, 566], [1406, 695], [1214, 695]], '때', 0.07051019576337936)]
[([[1177, 229], [1405, 229], [1405, 291], [1177, 291]], '우으으음~', 0.997800753686098), ([[1025, 407], [1129, 407], [1129, 467], [1025, 467]], '부르르', 0.7729770411091552), ([[307, 563], [389, 563], [389, 623], [307, 623]], '유', 0.04584284406519146), ([[1110, 594], [1280, 594], [1280, 650], [1110, 650]], '종은 아침,', 0.6433660110535395), ([[1112, 644], [1242, 644], [1242, 694], [1112, 694]], '나나미:', 0.592032790184021), ([[1220, 772], [1268, 772], [1268, 824], [1220, 824]], '응', 0.24548427712823528), ([[1296, 778], [1322, 778], [1322, 816], [1296, 816]], '?', 0.9919207627114623), ([[372, 842], [452, 842], [452, 898], [372, 898]], '부엌', 0.33576565614843334), ([[261, 1093], [554, 1093], [554, 1148], [261, 1148]], '에헤해, 좋은아침.', 0.28275649118401197), ([[292, 1144], [494, 1144], [494, 1196], [292, 1196]], '하나타 군...', 0.3570819510794053), ([[60, 1309], [380, 1309], [380, 1364], [60, 1364]], '이렇게 부족한 나도', 0.888105375234607), ([[26, 1358], [418, 1358], [418, 1414], [26, 1414]], '잇는 그대로 사랑해주는', 0.5742484036770261), ([[83, 1407], [358, 1407], [358, 1461], [83, 1461]], '상낭한 나나미.', 0.5954590147221627), ([[882, 1950], [1024, 1950], [1024, 2004], [882, 2004]], '@물교', 0.00489151760072671), ([[1088, 1936], [1418, 1936], [1418, 1990], [1088, 1990]], '그녀의 미소홀 보니,', 0.5663817976717528), ([[1092, 1981], [1411, 1981], [1411, 2042], [1092, 2042]], '열등감만 가득한 내', 0.8110377562793524), ([[1056, 2034], [1448, 2034], [1448, 2088], [1056, 2088]], '내면이 너무 부끄럽다 ..', 0.5937497741297242), ([[245.23076923076923, 15.153846153846153], [299.97840692470777, 24.706902677821077], [295.7692307692308, 42.84615384615385], [242.02159307529226, 33.29309732217892]], '99', 0.34320943547707733)]
[([[60, 40], [370, 40], [370, 96], [60, 96]], '결국 성인용품점과', 0.8907612072601064), ([[62, 90], [374, 90], [374, 146], [62, 146]], '약국에서 여러가지', 0.99447990878895), ([[56, 138], [378, 138], [378, 194], [56, 194]], '용품들올 구매햇다:', 0.4864303602424791), ([[1166, 460], [1438, 460], [1438, 514], [1166, 514]], '나나미의 바니걸', 0.42057033705069774), ([[1142, 508], [1460, 508], [1460, 564], [1142, 564]], '복장울 포함해 여러', 0.8324395128747135), ([[1148, 558], [1454, 558], [1454, 608], [1148, 608]], '코스프레 의상도...', 0.8785807682432445)]
[([[41, 79], [309, 79], [309, 123], [41, 123]], '*히나타와 나나미', 0.6622295137691101), ([[36, 120], [314, 120], [314, 168], [36, 168]], '커풀이 준비한 여러', 0.5233455968370635), ([[92, 162], [258, 162], [258, 210], [92, 210]], '성인용품들', 0.9910694099286079), ([[1110, 154], [1142, 154], [1142, 188], [1110, 188]], '3.', 0.9992666393287208), ([[1143, 142], [1424, 142], [1424, 196], [1143, 196]], '실리혼으로 된 덜도', 0.3365745055821333), ([[1142, 188], [1390, 188], [1390, 238], [1142, 238]], '관듬올 착용하다.', 0.1518469527462657), ([[616, 246], [892, 246], [892, 294], [616, 294]], '2. 조루방지용 마비', 0.9778433376767023), ([[618, 288], [888, 288], [888, 336], [618, 336]], '크림이 발라저릿는', 0.3690849699003262), ([[86, 316], [392, 316], [392, 368], [86, 368]], '1. 비아그라류 알약올', 0.6849110860476824), ([[629, 330], [876, 330], [876, 375], [629, 375]], '근동올 착용하다.', 0.2759290743462269), ([[116, 360], [356, 360], [356, 408], [116, 408]], '복용해서 자지틀', 0.4182316604003481), ([[96, 404], [378, 404], [378, 452], [96, 452]], '최대한 발기시권다.', 0.7165042530964756), ([[1319, 447], [1415, 447], [1415, 537], [1319, 537]], '꾸육', 0.2852073036719664), ([[299, 651], [417, 651], [417, 735], [299, 735]], '빨짝]', 0.18610029843408787), ([[824, 730], [906, 730], [906, 806], [824, 806]], '#!', 0.9894120085909378), ([[106, 1157], [546, 1157], [546, 1212], [106, 1212]], '4. 나나미의 통증올 방지하기', 0.9242857451966001), ([[108, 1200], [551, 1200], [551, 1255], [108, 1255]], '위해 온도록 따뜻하게 데펴문', 0.6105860751290695), ([[164, 1248], [496, 1248], [496, 1298], [164, 1298]], '러브질올 덜도 존동에', 0.22983143545721815), ([[160, 1294], [502, 1294], [502, 1342], [160, 1342]], '골고루 잘 펴발라준다.', 0.8198333411083525), ([[860, 1330], [968, 1330], [968, 1426], [860, 1426]], '꿀', 0.2111062486424231), ([[1139, 1491], [1239, 1491], [1239, 1583], [1139, 1583]], '끓평', 0.03874176823146055), ([[1225.3917712629843, 1202.0465132093975], [1285.9484219109904, 1243.3597153657854], [1263.6082287370157, 1274.9534867906025], [1204.0515780890096, 1232.6402846342146]], '3434', 0.4103182852268219)]
[([[220, 150], [362, 150], [362, 252], [220, 252]], '@질', 0.07573279429985122), ([[56, 300], [280, 300], [280, 356], [56, 356]], '그럼 넣울게,', 0.3939099772474022), ([[88, 354], [234, 354], [234, 408], [88, 408]], '나나미.', 0.9600649476051331), ([[195, 617], [293, 617], [293, 677], [195, 677]], '으응', 0.9542301437481261), ([[1160, 1283], [1399, 1283], [1399, 1339], [1160, 1339]], '조 조금 두근', 0.7044823126713033), ([[1154, 1338], [1380, 1338], [1380, 1394], [1154, 1394]], '두근할지도 .', 0.8072342781106124), ([[986, 1792], [1159, 1792], [1159, 1915], [986, 1915]], '꼭욕.', 0.024580995170965937), ([[743.5700664196077, 85.09713948117607], [795.9955795027141, 93.90607740540433], [793.4299335803923, 107.90286051882393], [741.0044204972859, 99.09392259459567]], '>', 0.5248303820076785), ([[1106.8833494318526, 424.0568244321561], [1231.915534970598, 449.2374202109727], [1211.1166505681474, 543.9431755678439], [1085.084465029402, 519.7625797890273]], '올질', 0.046112605166003004)]
[([[22, 92], [310, 92], [310, 402], [22, 402]], '푸', 0.12709205858857686), ([[1235, 115], [1463, 115], [1463, 473], [1235, 473]], '움', 0.9882686525566555), ([[1074, 676], [1404, 676], [1404, 870], [1074, 870]], '히식?', 0.05851708508824027), ([[48, 842], [244, 842], [244, 1005], [48, 1005]], '빨필', 0.012282647057442685), ([[1226, 1160], [1412, 1160], [1412, 1306], [1226, 1306]], '@직', 0.0049057373035496215)]
[([[96, 404], [235, 404], [235, 460], [96, 460]], '우와아.', 0.8033299446105957), ([[257, 401], [383, 401], [383, 463], [257, 463]], '뱃속이', 0.7747759184688298), ([[127, 457], [347, 457], [347, 517], [127, 517]], '꽉 찬 기분...', 0.6084720112968655), ([[1137, 601], [1391, 601], [1391, 663], [1137, 663]], '아프진 않아 .', 0.933572735915299), ([[1169, 659], [1375, 659], [1375, 719], [1169, 719]], '나나미 ?', 0.7987578992445904), ([[456, 844], [482, 844], [482, 886], [456, 886]], '2', 0.6985824506644036), ([[891, 859], [1161, 859], [1161, 919], [891, 919]], '아프진 않은데..', 0.7748228261104796), ([[873, 913], [1181, 913], [1181, 975], [873, 975]], '느낌이 이상해애.', 0.9378438391822694)]
[([[1100, 104], [1352, 104], [1352, 304], [1100, 304]], '뼈', 0.49830761984182814), ([[222, 264], [391, 264], [391, 376], [222, 376]], "'우와", 0.5319987961234308), ([[1, 462], [287, 462], [287, 679], [1, 679]], '뼈', 0.05914972104975291), ([[1040, 672], [1380, 672], [1380, 728], [1040, 728]], '이런 표정은 처음 화.', 0.8532629718028897), ([[1074, 724], [1372, 724], [1372, 778], [1074, 778]], '이 이게 나나미가', 0.9848176626078908), ([[1050, 772], [1392, 772], [1392, 824], [1050, 824]], '느끼는 표정이구나  .', 0.4161292045893579), ([[338, 797], [447, 797], [447, 866], [338, 866]], '파르로', 0.17285850766691568), ([[425, 853], [463, 853], [463, 873], [425, 873]], '00)', 0.09946711049472004), ([[1184, 1088], [1466, 1088], [1466, 1318], [1184, 1318]], '찌', 0.06752601612814235), ([[54, 1590], [308, 1590], [308, 1784], [54, 1784]], '때', 0.8008377317935675), ([[711, 1811], [981, 1811], [981, 2021], [711, 2021]], '뼈계', 0.02258850594288678), ([[369.88582797093767, 893.2145699273442], [389.57724338216303, 880.0560587509685], [419.11417202906233, 923.7854300726558], [399.42275661783697, 936.9439412490315]], '통', 0.9750198417924736)]
[([[493, 119], [643, 119], [643, 181], [493, 181]], '나나미;', 0.6781899929046631), ([[507, 175], [675, 175], [675, 237], [507, 237]], '하자-~', 0.36899757910318565), ([[117, 435], [279, 435], [279, 479], [117, 479]], '아. 보스', 0.5513174825828936), ([[48, 477], [363, 477], [363, 538], [48, 538]], '타임어택 중이니까', 0.6902177053511737), ([[675, 437], [833, 437], [833, 529], [675, 529]], '스옥-', 0.12805992996971835), ([[106, 532], [288, 532], [288, 584], [106, 584]], '좀 기다려.', 0.9301298608766151), ([[372, 1424], [428, 1424], [428, 1478], [372, 1478]], '09', 0.7016974327840673), ([[370, 1473], [431, 1473], [431, 1500], [370, 1500]], '요6;', 0.046282376870939154)]
[([[1156, 238], [1236, 238], [1236, 320], [1156, 320]], '제', 0.04383036317955202), ([[66, 381], [340, 381], [340, 508], [66, 508]], "'간다앗-]", 0.2346717700099056), ([[886, 741], [1286, 741], [1286, 913], [886, 913]], '음오오웬드', 0.008748993409093124), ([[1112, 1026], [1504, 1026], [1504, 1283], [1112, 1283]], '@골 ', 0.003788530646178258), ([[19, 1345], [149, 1345], [149, 1448], [19, 1448]], '문', 0.017432037709001813), ([[876.5857864376269, 21.585786437626904], [926.7647058823529, 15.058823529411764], [928.4142135623731, 34.41421356237309], [878.2352941176471, 40.94117647058823]], '(39', 0.01482723474992274), ([[433.95709998109203, 807.0495498014666], [554.094078191436, 838.6285488147324], [527.042900018908, 933.9504501985334], [406.905921808564, 902.3714511852676]], '올', 0.2404316734546228)]
[([[42, 204], [128, 204], [128, 254], [42, 254]], '으옥', 0.15694100780795156), ([[984, 186], [1136, 186], [1136, 284], [984, 284]], '아앗', 0.7503733269100433), ([[1153, 208], [1304, 208], [1304, 264], [1153, 264]], '이1거 -', 0.3529074906492797), ([[958, 302], [1068, 302], [1068, 356], [958, 356]], '01거', 0.8725289010119096), ([[1075, 297], [1333, 297], [1333, 381], [1075, 381]], '옆청나-!', 0.789740372881135), ([[980, 414], [1232, 414], [1232, 590], [980, 590]], '떼', 0.08020360488495726), ([[1217, 659], [1449, 659], [1449, 839], [1217, 839]], '틈계', 0.021445662768164696), ([[0, 842], [245, 842], [245, 1052], [0, 1052]], "빼계'", 0.037493675521505704), ([[44, 1265], [295, 1265], [295, 1349], [44, 1349]], '히나타 군', 0.3579618477582), ([[13, 1371], [276, 1371], [276, 1452], [13, 1452]], '하나타군-', 0.63845299158414), ([[1213, 1653], [1453, 1653], [1453, 1837], [1213, 1837]], '짧계', 0.08430056861438158)]
[([[1157, 370], [1447, 370], [1447, 538], [1157, 538]], '히맛]', 0.02349705322591569), ([[61, 1306], [307, 1306], [307, 1486], [61, 1486]], '음원', 0.12628240324359294), ([[143.35552993962062, 850.0752763418647], [318.07643150518487, 840.6304026302305], [318.6444700603794, 994.9247236581353], [143.9235684948151, 1005.3695973697695]], '@', 0.06117245076936251)]
[([[845, 67], [983, 67], [983, 129], [845, 129]], '후우우', 0.9981828836037784), ([[170, 160], [336, 160], [336, 210], [170, 210]], '하악   하악;', 0.5026143449000133), ([[143, 219], [267, 219], [267, 279], [143, 279]], '하아앗;', 0.3712436258792877), ([[279, 225], [361, 225], [361, 267], [279, 267]], '하0', 0.42691646131027067), ([[187, 287], [305, 287], [305, 329], [187, 329]], '하040', 0.24828800559043884), ([[739, 327], [851, 327], [851, 443], [739, 443]], '부들', 0.9830013939255021), ([[80, 1000], [214, 1000], [214, 1120], [80, 1120]], '부들', 0.5648287033439207), ([[1165, 1119], [1271, 1119], [1271, 1207], [1165, 1207]], '지씨', 0.002453196828411092), ([[1304, 1556], [1402, 1556], [1402, 1630], [1304, 1630]], '물륭', 0.05018898029076587), ([[1130, 1866], [1314, 1866], [1314, 1920], [1130, 1920]], '이거 절어..', 0.5144477495631127), ([[1090, 1916], [1372, 1916], [1372, 1968], [1090, 1968]], '내 진짜 자지로도', 0.8539321802167337), ([[1072, 1964], [1390, 1964], [1390, 2018], [1072, 2018]], '이월 수 있,으면..', 0.161456643532252)]
[([[191, 83], [411, 83], [411, 145], [191, 145]], '하나타 군-', 0.7804698700026256), ([[183, 139], [465, 139], [465, 201], [183, 201]], '오늘 정말 기분', 0.7867134133288908), ([[201, 195], [441, 195], [441, 259], [201, 259]], '좋앉어어-~', 0.2593901979324797), ([[1077, 281], [1323, 281], [1323, 343], [1077, 343]], '있지, 안아주다', 0.36268582154127754), ([[1095, 337], [1305, 337], [1305, 399], [1095, 399]], '안아주어-', 0.47404488254431504), ([[239, 541], [349, 541], [349, 603], [239, 603]], '8505', 0.16297683119773865), ([[1106, 588], [1210, 588], [1210, 644], [1106, 644]], '3608', 0.026928745210170746), ([[845, 1055], [957, 1055], [957, 1115], [845, 1115]], '5505', 0.03139495104551315)]
[([[438, 609], [513, 609], [513, 647], [438, 647]], '350', 0.3239211196142203), ([[1043, 593], [1119, 593], [1119, 635], [1043, 635]], '805', 0.2967031999845634), ([[793, 783], [865, 783], [865, 823], [793, 823]], '305', 0.018015326572831163), ([[515, 977], [591, 977], [591, 1017], [515, 1017]], '800', 0.05966114977762521), ([[1150, 1912], [1382, 1912], [1382, 1966], [1150, 1966]], '탈진할때까지', 0.8785990317335184), ([[1108, 1962], [1378, 1962], [1378, 2016], [1108, 2016]], '행복순애세스함', 0.4255875991744397), ([[198.4034500137281, 237.09104004392995], [218.407908508224, 229.04203916052478], [234.5965499862719, 272.9089599560701], [214.592091491776, 280.9579608394752]], '뿐', 0.008651316250407604)]
[([[282, 111], [534, 111], [534, 173], [282, 173]], '히나타 군-~', 0.4285214422721741), ([[271, 167], [549, 167], [549, 229], [271, 229]], '한번 더, 하자?', 0.9317623415191109), ([[267, 223], [515, 223], [515, 285], [267, 285]], '할수 잇지-?', 0.4722621793022813), ([[1098, 392], [1200, 392], [1200, 464], [1098, 464]], '올플', 0.06400915635405473), ([[1092, 1146], [1194, 1146], [1194, 1202], [1092, 1202]], '응? !', 0.9995909803463849), ([[1056, 1202], [1230, 1202], [1230, 1258], [1056, 1258]], '무 물론!', 0.875725195721281), ([[1032, 1896], [1442, 1896], [1442, 1952], [1032, 1952]], '야한 쾌감에 눈올 떠버린', 0.7974456165270499), ([[1050, 1946], [1426, 1946], [1426, 2000], [1050, 2000]], '나나미. 히나타는 과연', 0.5704552580684485), ([[1038, 1988], [1440, 1988], [1440, 2052], [1038, 2052]], '감당할 수 있을 것인가?', 0.4605203939627181)]
[([[192, 60], [352, 60], [352, 112], [192, 112]], '주말내내', 0.9967462754497138), ([[128, 108], [370, 108], [370, 162], [128, 162]], '셋스하는 커풀', 0.1708241312478536), ([[683, 287], [997, 287], [997, 351], [683, 351]], '나나미~ 저녁에', 0.9984102030208021), ([[683, 345], [991, 345], [991, 409], [683, 409]], '뭐 시켜먹올까?', 0.9273765414973206), ([[1099, 491], [1171, 491], [1171, 551], [1099, 551]], '움', 0.4684274585815871), ([[1195, 489], [1363, 489], [1363, 551], [1195, 551]], '피자 ..?', 0.6142480354501637), ([[1065, 549], [1401, 549], [1401, 611], [1065, 611]], '히나타 군 맘대로', 0.4536198420016833), ([[1167, 607], [1297, 607], [1297, 667], [1167, 667]], '시켜~', 0.9993944288608554), ([[79, 1075], [213, 1075], [213, 1163], [79, 1163]], '딸짝', 0.0017808652201111669), ([[810, 1340], [946, 1340], [946, 1436], [810, 1436]], '딸짝', 0.033126883907279976), ([[373.34801863336116, 1468.1092540367474], [431.9718771152689, 1479.665783539785], [426.65198136663884, 1500.8907459632526], [369.0281228847311, 1490.334216460215]], "':현];;", 0.0019582467125538205)]
[([[100, 110], [182, 110], [182, 164], [100, 164]], '앗-', 0.30929497327630967), ([[162, 228], [216, 228], [216, 284], [162, 284]], '웃', 0.9762415929924515), ([[1100, 104], [1382, 104], [1382, 302], [1100, 302]], '대적', 0.505313107090326), ([[25, 365], [324, 365], [324, 593], [25, 593]], '계지', 0.029996191125059905), ([[199, 635], [259, 635], [259, 703], [199, 703]], '응', 0.9882169588029713), ([[16, 732], [147, 732], [147, 835], [16, 835]], '맨질', 0.017676459209514123), ([[590, 746], [751, 746], [751, 823], [590, 823]], '거기-', 0.9999156892198018), ([[1162, 804], [1443, 804], [1443, 1029], [1162, 1029]], '대권', 0.18831373009814031), ([[890, 1452], [1165, 1452], [1165, 1669], [890, 1669]], '속계', 0.006494632534170686), ([[135, 1657], [247, 1657], [247, 1743], [135, 1743]], '{질', 0.045277177440575786)]
[([[1124, 88], [1228, 88], [1228, 136], [1124, 136]], '하아.', 0.9960803164045402), ([[1242, 88], [1346, 88], [1346, 136], [1242, 136]], '하아.', 0.9981949939530605), ([[246, 92], [378, 92], [378, 190], [246, 190]], '음질', 0.18977666095980758), ([[1070, 136], [1422, 136], [1422, 190], [1070, 190]], '아연보충제 먹으니까', 0.9635383186907036), ([[1048, 185], [1397, 185], [1397, 240], [1048, 240]], '정액도 많이 나오네...', 0.6779017883199611), ([[1097, 1649], [1253, 1649], [1253, 1781], [1097, 1781]], '훌평', 0.038727390806929024)]
[([[409, 77], [593, 77], [593, 137], [409, 137]], '못 참켓어', 0.15732744573393107), ([[426, 132], [618, 132], [618, 188], [426, 188]], '처, 천천히', 0.7642278015916221), ([[379, 185], [665, 185], [665, 241], [379, 241]], '움직일테니까..', 0.44659452571103814), ([[39, 569], [357, 569], [357, 641], [39, 641]], '우으-!', 0.6389709711074829), ([[371, 1421], [431, 1421], [431, 1481], [371, 1481]], '09', 0.9363079064994533), ([[370, 1473], [431, 1473], [431, 1500], [370, 1500]], '요.;;', 0.04440546780824661), ([[1269, 1515], [1357, 1515], [1357, 1599], [1269, 1599]], '꾸움', 0.05072587908998223), ([[1336, 1562], [1372, 1562], [1372, 1588], [1336, 1588]], '2.', 0.13299628962062204)]
[([[970, 72], [1428, 72], [1428, 128], [970, 128]], '히나타가 자존심 상한다고', 0.7765058272252883), ([[940, 119], [1399, 119], [1399, 182], [940, 182]], '성인용품과 의약품올 전혀', 0.9214745939387514), ([[986, 174], [1354, 174], [1354, 230], [986, 230]], '쓰지않다가 권태기가', 0.9692427903596325), ([[965, 222], [1385, 222], [1385, 283], [965, 283]], '찾아온 평행우주의 경우', 0.9762951113282489), ([[89, 701], [237, 701], [237, 761], [89, 761]], '으욕-!', 0.49084215616975335), ([[538, 678], [698, 678], [698, 802], [538, 802]], '1 /', 0.6203815937042236), ([[69, 761], [255, 761], [255, 823], [69, 823]], '간다맛 !', 0.7506588091722769), ([[77, 1075], [213, 1075], [213, 1165], [77, 1165]], '닮짝', 0.005854396502848385), ([[812, 1338], [946, 1338], [946, 1436], [812, 1436]], '딸걀', 0.24984712838341014), ([[370, 1473], [431, 1473], [431, 1499], [370, 1499]], '-0 ;', 0.03759096562862396)]
[([[146, 120], [425, 120], [425, 176], [146, 176]], '끝나으면 떨어저.', 0.30133885278956046), ([[94, 168], [450, 168], [450, 223], [94, 223]], '땀이 질척거려서 기분', 0.7263646634907092), ([[110, 218], [430, 218], [430, 272], [110, 272]], '나쁘다고.. 생각해.', 0.8147313729484347), ([[522, 292], [694, 292], [694, 344], [522, 344]], '웃; 저기.', 0.39938823854212196), ([[543, 341], [673, 341], [673, 395], [543, 395]], '나나미;', 0.5329666137695312), ([[858, 370], [952, 370], [952, 420], [858, 420]], '하다', 0.47985360952991857), ([[510, 390], [692, 390], [692, 444], [510, 444]], '한번만 더 .', 0.7337757932439315), ([[1380, 530], [1474, 530], [1474, 584], [1380, 584]], '젯0', 0.0301176635876819), ([[538, 676], [698, 676], [698, 802], [538, 802]], '1 [', 0.5533705353736877), ([[1093, 923], [1201, 923], [1201, 983], [1093, 983]], '하아', 0.9999608879486127), ([[1234, 924], [1292, 924], [1292, 978], [1234, 978]], '씨', 0.9996399011598989), ([[1095, 981], [1325, 981], [1325, 1043], [1095, 1043]], '떨어지라고', 0.9995521139215274), ([[1294, 1138], [1420, 1138], [1420, 1192], [1294, 1192]], '욕 미', 0.9710460305213928), ([[1304, 1190], [1398, 1190], [1398, 1246], [1304, 1246]], '미안', 0.9987015340592621), ([[371, 1421], [431, 1421], [431, 1481], [371, 1481]], '09', 0.8747277239546972), ([[1269, 1517], [1393, 1517], [1393, 1601], [1269, 1601]], '품움하;', 0.0014412773307412863), ([[142, 1882], [459, 1882], [459, 1938], [142, 1938]], '애정이 식엇올때는', 0.37161014953523885), ([[98, 1930], [461, 1930], [461, 1987], [98, 1987]], '떡정으로 관계틀 지속', 0.3242174928101912), ([[1078, 1944], [1442, 1944], [1442, 1998], [1078, 1998]], '상낭한 나나미는 아직', 0.4685302673905575), ([[136, 1976], [418, 1976], [418, 2038], [136, 2038]], '해야하는데 그게', 0.43050822104506636), ([[1098, 1994], [1425, 1994], [1425, 2048], [1098, 2048]], '사귀어주고 있지만,', 0.9451689003119376), ([[139, 2030], [418, 2030], [418, 2084], [139, 2084]], '불가능한 히나타', 0.7496522786282813), ([[1086, 2042], [1436, 2042], [1436, 2096], [1086, 2096]], '차이논건 시간문제..', 0.6542113907830317), ([[373.2307692307692, 1472.1538461538462], [430.97552593065814, 1481.6880748530539], [427.7692307692308, 1499.8461538461538], [370.02447406934186, 1491.3119251469461]], '5080', 0.013272917829453945)]
[([[362, 63], [1167, 63], [1167, 153], [362, 153]], '성기능에 열등감이 심합히나타와', 0.2777209630397755), ([[357, 137], [1173, 137], [1173, 223], [357, 223]], '그런기로 잇습 그대로 사랑해중습', 0.02736787274866614), ([[383, 209], [1143, 209], [1143, 295], [383, 295]], '상방화 나나미블그려렉습내다', 0.06700001789608041), ([[325, 364], [1211, 364], [1211, 451], [325, 451]], '사실저눈이렇게 참한 마나미로 곁뭄', 0.06947256535624992), ([[241, 433], [1297, 433], [1297, 524], [241, 524]], '[료당하거나 타락하눈게 보고싶습내타만', 0.04882543138715508), ([[353, 595], [1171, 595], [1171, 681], [353, 681]], '리몸음상망화 숨애만 즐기늄컷로', 0.062128344074285344), ([[505, 669], [1021, 669], [1021, 753], [505, 753]], '마쁘지늄안켓지요6', 0.0924723956016678)]
[([[55, 183], [235, 183], [235, 249], [55, 249]], '나나미 .', 0.4730667121604944), ([[910, 92], [1142, 92], [1142, 284], [910, 284]], '짧계', 0.0358292696428579), ([[1013, 413], [1077, 413], [1077, 481], [1013, 481]], '옷;', 0.6762977663186754), ([[943, 483], [1111, 483], [1111, 547], [943, 547]], '나나미-', 0.9972580388721862), ([[88, 884], [236, 884], [236, 934], [88, 934]], '아-안돼 ', 0.21898986099262605), ([[52, 927], [255, 927], [255, 988], [52, 988]], '빗나갖잡아', 0.14558916655107657), ([[153, 1063], [257, 1063], [257, 1149], [153, 1149]], ';교', 0.007164737279457502), ([[370, 1473], [431, 1473], [431, 1500], [370, 1500]], '도>] ;', 0.0012053925520358858), ([[371, 1421], [431, 1421], [431, 1481], [371, 1481]], '09', 0.9343324418161467), ([[842, 1412], [954, 1412], [954, 1516], [842, 1516]], '올질', 0.09442233890847457), ([[1189.3385576790395, 359.0658267558969], [1417.5971161860452, 341.9383512105085], [1421.6614423209605, 526.934173244103], [1193.4028838139548, 544.0616487894915]], '찌계', 0.0174512971086965), ([[1168.248233999346, 1613.080927192937], [1403.886455902701, 1594.1935004909612], [1406.751766000654, 1758.919072807063], [1171.113544097299, 1778.8064995090388]], '혜계', 0.04550569497632598)]
[([[1073, 39], [1320, 39], [1320, 123], [1073, 123]], '앗, 아앗-', 0.20639761617895142), ([[1068, 122], [1326, 122], [1326, 200], [1068, 200]], '나나미..!', 0.2944209858267882), ([[374, 1424], [428, 1424], [428, 1478], [374, 1478]], '09', 0.7735904066980872), ([[373.34801863336116, 1468.1092540367474], [431.97712919791405, 1479.698404020657], [427.65198136663884, 1500.8907459632526], [369.02287080208595, 1489.301595979343]], '5"8 :', 0.013463862050545406)]
[([[269, 103], [583, 103], [583, 171], [269, 171]], '내 신기록 강신', 0.9252381958926746), ([[248, 164], [558, 164], [558, 236], [248, 236]], '직전이엎논데.', 0.3799808576228527), ([[225, 227], [578, 227], [578, 301], [225, 301]], '하나타군 때문에', 0.6872046044390833), ([[245, 293], [559, 293], [559, 361], [245, 361]], '실패햇잖아 !', 0.3991168294035353), ([[861, 309], [1049, 309], [1049, 371], [861, 371]], '미 미안:', 0.667617835444432), ([[1037, 464], [1384, 464], [1384, 537], [1037, 537]], '참울수가 없없어.', 0.2807146012898403), ([[1039, 529], [1423, 529], [1423, 595], [1039, 595]], '나나미량 하느거.', 0.5635469123375257), ([[793, 1817], [1051, 1817], [1051, 1883], [793, 1883]], '몇분 정도는', 0.9660557061049151), ([[776, 1878], [1054, 1878], [1054, 1950], [776, 1950]], '참으라구. 또', 0.9194521670110988), ([[725, 1943], [1109, 1943], [1109, 2011], [725, 2011]], '이러면 화날거야?', 0.6792493380501845), ([[1251, 1983], [1345, 1983], [1345, 2043], [1251, 2043]], '으응', 0.9993581638430884), ([[466.2204747022687, 450.14489568383914], [635.0859023179495, 434.7994855803183], [637.7795252977313, 532.8551043161609], [468.91409768205057, 548.2005144196817]], '백우-', 0.4905274510383606)]
[([[128, 60], [328, 60], [328, 114], [128, 114]], '그치만 나도', 0.9613424199892369), ([[74, 108], [385, 108], [385, 164], [74, 164]], '하나타군이랑 하고', 0.49533444932408327), ([[120, 157], [329, 157], [329, 211], [120, 211]], '싶엇으니까.', 0.6556124526842017), ([[1114, 220], [1374, 220], [1374, 274], [1114, 274]], '있지, 잔뜩 같이', 0.6543440671643096), ([[1094, 270], [1360, 270], [1360, 324], [1094, 324]], '기분 좋아지자-`', 0.5610094065124623), ([[1242, 494], [1400, 494], [1400, 546], [1242, 546]], '아 으응', 0.7161743398455663), ([[1235, 543], [1411, 543], [1411, 597], [1235, 597]], '힘날게.. !', 0.173614478667165)]
[([[158, 62], [296, 62], [296, 112], [158, 112]], '그럼, 또', 0.8011895742148063), ([[134, 110], [282, 110], [282, 164], [134, 164]], '넣는다 ..', 0.4117935984426399), ([[980.8956847392516, 1798.0611626532639], [1143.4568659930487, 1822.7492023148895], [1127.1043152607485, 1907.9388373467361], [964.5431340069513, 1884.2507976851105]], '문질 ', 0.17254639710889266)]
