2205922
13
[([[0, 4], [185, 4], [185, 79], [0, 79]], '")쪽베)', 0.00045965028785626213), ([[21, 103], [161, 103], [161, 189], [21, 189]], '(늑맘', 0.0022684879638574795), ([[178, 0], [900, 0], [900, 186], [178, 186]], '~국헌 ---', 0.0008208743633811517), ([[2, 191], [899, 191], [899, 277], [2, 277]], '사.:-레잠한_어,--어어', 3.159397340399754e-05)]
[([[316, 40], [514, 40], [514, 66], [316, 66]], '그녀가 느낌 수 있는 자극은', 0.3000217436749778), ([[272, 64], [560, 64], [560, 88], [272, 88]], '두구멍의거대한 두바이브 외엔 없없다', 0.8611207892025903), ([[302, 86], [530, 86], [530, 110], [302, 110]], '그녀분 아마도 이것의 배터리가', 0.355688578978322), ([[371, 109], [461, 109], [461, 129], [371, 129]], '다할때까지', 0.8464861774964615), ([[310, 128], [522, 128], [522, 152], [310, 152]], '오르가증올 견너야할 것이다', 0.4553360403890364), ([[474, 622], [614, 622], [614, 654], [474, 654]], '6-5', 0.21664080011888928)]
[([[85, 63], [267, 63], [267, 89], [85, 89]], '몇 주동안의감각 차단과', 0.6915674560210754), ([[88, 86], [264, 86], [264, 112], [88, 112]], '끊임없는 자극이있은후', 0.6704994591340229), ([[62, 106], [287, 106], [287, 132], [62, 132]], '곳곳하게 버티던 그녀의 미음은', 0.4442702625333872), ([[72, 130], [280, 130], [280, 154], [72, 154]], '어느순간 흘러내리고 있없다', 0.5908961776439091), ([[78, 150], [272, 150], [272, 176], [78, 176]], '이제 우리논 어떤 방식이든', 0.24987322636064213), ([[70, 172], [284, 172], [284, 198], [70, 198]], '그녀의 마음올 바꿀 수퍼켓지', 0.21052558734690915), ([[180, 774], [322, 774], [322, 806], [180, 806]], '[555', 0.3240887522697449)]
[([[82, 52], [254, 52], [254, 78], [82, 78]], '우리논 그녀름간호사로', 0.5079554487839142), ([[88, 74], [250, 74], [250, 98], [88, 98]], '계속 유지시길 것이다', 0.9692077401535154), ([[70, 96], [270, 96], [270, 120], [70, 120]], '다만 보통간호사가아니라', 0.9346777811640007), ([[60, 118], [274, 118], [274, 142], [60, 142]], '성에 대한 새로운인식올 지난', 0.7688804372814817), ([[108, 139], [228, 139], [228, 163], [108, 163]], '간호사말이다  ', 0.6269824939458208), ([[46, 160], [290, 160], [290, 186], [46, 186]], '그녀는 자신의 성흘올 어제하려하는', 0.337513218528265), ([[92, 182], [246, 182], [246, 208], [92, 208]], '환지들올 개방시키고', 0.9261013891484952), ([[62, 204], [272, 204], [272, 228], [62, 228]], '창녀가 되게금 만드는 역할울', 0.36918469525703523), ([[114, 224], [222, 224], [222, 250], [114, 250]], '수행할 것이다', 0.8193437098781837), ([[116, 248], [208, 248], [208, 272], [116, 272]], '이여자처럼.', 0.8470010813642059), ([[681, 695], [823, 695], [823, 731], [681, 731]], '8111', 0.1622982770204544), ([[367, 837], [507, 837], [507, 873], [367, 873]], '875정1', 0.006065913434884808)]
[([[66, 40], [172, 40], [172, 64], [66, 64]], '이제 그녀는  ', 0.375026329365494), ([[627, 123], [804, 123], [804, 161], [627, 161]], '변태 간호사가', 0.6492131624107219), ([[669, 157], [761, 157], [761, 197], [669, 197]], '되없다', 0.8037596362802424), ([[616, 1008], [674, 1008], [674, 1032], [616, 1032]], '기록 끝', 0.9831799864768982), ([[592, 1092], [748, 1092], [748, 1118], [592, 1118]], '라텍스정신병원에서', 0.9566696463437037), ([[564, 1114], [776, 1114], [776, 1140], [564, 1140]], '간호사가 새롭게 채용 되없다', 0.7541027772078884), ([[566, 1136], [766, 1136], [766, 1162], [566, 1162]], '또다음직원올 채용하켓지', 0.5766940242991584)]
[([[54, 15], [217, 15], [217, 42], [54, 42]], '버지니아팅커 박사의', 0.5068057657102587), ([[84, 40], [186, 40], [186, 64], [84, 64]], '기록으로부터', 0.9994939318689436), ([[574, 144], [692, 144], [692, 168], [574, 168]], '사건번호 1569', 0.9354495879301582), ([[585, 165], [677, 165], [677, 189], [585, 189]], '변태간호사', 0.8951437259531959), ([[68, 1068], [226, 1068], [226, 1094], [68, 1094]], '나는 새로운발명품올', 0.8707153047690321), ([[94, 1090], [200, 1090], [200, 1114], [94, 1114]], '실험하기위해', 0.9989818187376924), ([[52, 1112], [244, 1112], [244, 1136], [52, 1136]], '메트로베이로오고 있없다', 0.5506076893938002)]
[([[66, 16], [170, 16], [170, 40], [66, 40]], '나는곧거기에서', 0.9372678399543279), ([[83, 37], [155, 37], [155, 55], [83, 55]], '한간호사가', 0.20991715065202127), ([[522, 29], [576, 29], [576, 55], [522, 55]], '15', 0.0018538647709729786), ([[75, 51], [164, 51], [164, 77], [75, 77]], '우리의실험에', 0.8064290880617926), ([[54, 70], [182, 70], [182, 94], [54, 94]], '동참하지 안는 모습올', 0.3227994711995737), ([[649, 79], [777, 79], [777, 99], [649, 99]], '그녀논보안 카메라에', 0.3835766785781341), ([[91, 91], [149, 91], [149, 111], [91, 111]], '발견있다', 0.30743205547332764), ([[671, 97], [755, 97], [755, 117], [671, 117]], '녹화된 영상들', 0.7585806910462426), ([[633, 115], [775, 115], [775, 135], [633, 135]], '데이터 디스로로 복사한', 0.7129512554619616), ([[647, 133], [773, 133], [773, 153], [647, 153]], '자신에 지갑에 넘없다', 0.6069501006784187), ([[649, 151], [777, 151], [777, 171], [649, 171]], '분명 비밀들 대중에게', 0.5313031811385339), ([[663, 169], [757, 169], [757, 189], [663, 189]], '폭로할 셈이켓지', 0.6867086352636131), ([[227, 1049], [311, 1049], [311, 1069], [227, 1069]], '무리의실험들', 0.6630151464914043), ([[169, 1067], [301, 1067], [301, 1087], [169, 1087]], '망치논것올가만 볼수', 0.1297623510156546), ([[313, 1067], [371, 1067], [371, 1087], [313, 1087]], '없없기에', 0.8991833925247192), ([[193, 1085], [349, 1085], [349, 1105], [193, 1105]], '나는즉각 함정들 발동하다', 0.23012222261875379)]
[([[712, 36], [740, 36], [740, 68], [712, 68]], '음', 0.9995751832189512), ([[85, 163], [139, 163], [139, 183], [85, 183]], '그녀가', 0.9986783230504309), ([[72, 184], [146, 184], [146, 208], [72, 208]], '이실험올', 0.6448892325383953), ([[65, 203], [154, 203], [154, 229], [65, 229]], '버터준다면', 0.9349998932503014), ([[48, 226], [170, 226], [170, 250], [48, 250]], '새로운간호사로', 0.9741096476664456), ([[46, 248], [174, 248], [174, 272], [46, 272]], '싸먹올 수 퍼켓지', 0.03348327015682028), ([[398, 356], [490, 356], [490, 388], [398, 388]], '으울! ! ! !', 0.464346443376664), ([[750, 1102], [786, 1102], [786, 1128], [750, 1128]], '400)', 0.33505985140800476), ([[668, 1114], [704, 1114], [704, 1138], [668, 1138]], '1버', 0.024219251833743016), ([[696.3358994113244, 1110.5038491169864], [755.6525801522212, 1104.5986369007132], [757.6641005886756, 1130.4961508830136], [697.3474198477788, 1135.4013630992868]], '[#,태', 0.002687297062948346)]
[([[646, 100], [812, 100], [812, 124], [646, 124]], '그럼히번 시작해불까?', 0.3162106293739279), ([[258, 116], [388, 116], [388, 142], [258, 142]], '무서워할 것 없어', 0.8351356731749406), ([[622, 120], [839, 120], [839, 146], [622, 146]], '이램은 너의 열올렉어갈거야', 0.2891887678091361), ([[242, 138], [402, 138], [402, 164], [242, 164]], '너는 이번 실험으로서', 0.3925663733429948), ([[711, 143], [747, 143], [747, 163], [711, 163]], '어때', 0.9997281636500451), ([[259, 159], [381, 159], [381, 183], [259, 183]], '새로운간호사로', 0.9604110195575479), ([[678, 164], [778, 164], [778, 188], [678, 188]], '신나지않아?', 0.9976305517160396), ([[257, 181], [385, 181], [385, 205], [257, 205]], '태어날거니까 ', 0.9671251303541394), ([[139, 861], [385, 861], [385, 897], [139, 897]], '":: "::[헌3', 0.0034286367069312576), ([[580, 870], [822, 870], [822, 900], [580, 900]], '"보? "플? 험3', 0.00016156608391008676), ([[839, 889], [897, 889], [897, 907], [839, 907]], '7투 앙', 0.0025014241691678762)]
[([[94, 132], [262, 132], [262, 156], [94, 156]], '피부가 조금따끔하지?', 0.676274013146934), ([[64, 154], [296, 154], [296, 180], [64, 180]], '아마몸의 열기와 실험실의빛이', 0.5128345990577048), ([[128, 176], [234, 176], [234, 200], [128, 200]], '투명하 캠에서', 0.31941297405818236), ([[100, 196], [260, 196], [260, 222], [100, 222]], '화학반응음 일으켜서', 0.3546369522575095), ([[147, 221], [217, 221], [217, 241], [147, 241]], '그럴거야', 0.4949908989578379), ([[128, 654], [226, 654], [226, 678], [128, 678]], '와우 세상에!', 0.9424976321708282), ([[66, 676], [286, 676], [286, 700], [66, 700]], '너의가슴이 매우 커지고 있네!', 0.36161924120496786), ([[70, 697], [283, 697], [283, 722], [70, 722]], '아; 도망치려고애쓰진말아쥐', 0.7420261734144457), ([[36, 740], [320, 740], [320, 766], [36, 766]], '이투명램은 매우얇으면서도 튼튼해서', 0.628287583011552), ([[92, 760], [268, 760], [268, 788], [92, 788]], '탈출할방법은 없율거야', 0.48531227421298595), ([[62, 784], [294, 784], [294, 808], [62, 808]], '그냥너스 이순간을 기다리면 돼', 0.23524096212999504)]
[([[631, 143], [741, 143], [741, 167], [631, 167]], '하하하하하하!', 0.9133600164536314), ([[612, 166], [762, 166], [762, 190], [612, 190]], '설마 후회하는 거야?', 0.6409827192200538), ([[560, 188], [814, 188], [814, 212], [560, 212]], '애초에 그런 짓율하지말있어야지!', 0.41223310286283577), ([[646, 210], [722, 210], [722, 234], [646, 234]], '이거이거', 0.9961344599723816), ([[583, 229], [792, 229], [792, 256], [583, 256]], '아무래도실험은 대성공인것', 0.9777706662131164), ([[650, 252], [722, 252], [722, 278], [650, 278]], '같은데! ?', 0.7130786360095688), ([[139, 661], [255, 661], [255, 703], [139, 703]], '서워-!', 0.04804160073399544), ([[592, 750], [750, 750], [750, 774], [592, 774]], '예상외로 너무 커워어', 0.4801168056528377), ([[592, 772], [751, 772], [751, 796], [592, 796]], '이건간호사가아니라', 0.9812852360253744), ([[606, 792], [736, 792], [736, 818], [606, 818]], '그냥창녀아난가?', 0.38824122689802765), ([[593, 836], [745, 836], [745, 860], [593, 860]], '너의생각은 어떻니?', 0.9739396689622871), ([[667.3598156003355, 736.2317787204026], [692.9723873019805, 739.7666270475247], [691.6401843996645, 749.7682212795974], [666.0276126980195, 746.2333729524753]], '~', 0.5474501472963347)]
[([[620, 132], [678, 132], [678, 156], [620, 156]], '하하하!', 0.7433609962463379), ([[550, 154], [750, 154], [750, 178], [550, 178]], '이젠 창녀와 다름 바없구나!', 0.40784975663636513), ([[550, 173], [753, 173], [753, 199], [550, 199]], '설마  이게 끝인 출일있어?', 0.4255132796447494), ([[584, 196], [724, 196], [724, 222], [584, 222]], '그렇다면 실망이야', 0.8386964493268446), ([[588, 218], [716, 218], [716, 242], [588, 242]], '이젠 몸이아니라', 0.3590192554781612), ([[576, 240], [724, 240], [724, 264], [576, 264]], '너의마음 차례거든!', 0.5803814128729283)]
[([[776, 640], [866, 640], [866, 664], [776, 664]], '다음단계는', 0.4581861823933651), ([[756, 662], [886, 662], [886, 686], [756, 686]], '감각 차단이린다!', 0.36379776470802694), ([[692, 684], [950, 684], [950, 708], [692, 708]], '캠이 얼굴올 뒤집어손 것율알켓지?', 0.13597162344311203), ([[720, 704], [922, 704], [922, 730], [720, 730]], '너느 이제불수도들올 수도', 0.6187321852999756), ([[724, 726], [922, 726], [922, 752], [724, 752]], '맡을 수도 말할 수도 없단다', 0.4102804231796863)]
