2209796
38
[([[872, 98], [920, 98], [920, 326], [872, 326]], '통', 0.018288742115552203), ([[246, 164], [366, 164], [366, 678], [246, 678]], '"', 0.02982605270380767), ([[773, 87], [881, 87], [881, 594], [773, 594]], '"', 0.15433726657455882), ([[318, 654], [2027, 654], [2027, 850], [318, 850]], '무춧키와 [밀의 새해 첫째스', 0.485717338229479), ([[2014, 443], [2230, 443], [2230, 914], [2014, 914]], '7', 0.002370841491725395), ([[1900, 858], [1956, 858], [1956, 1244], [1900, 1244]], '7', 0.018282257868238228), ([[681, 1603], [989, 1603], [989, 1689], [681, 1689]], '역 - 키소우', 0.34163320407505837), ([[682, 1682], [978, 1682], [978, 1760], [682, 1760]], '식 - 크듯미', 0.20693172418010633), ([[756.8308305084913, 1168.4894881356634], [987.0235250192314, 1023.425148596943], [1053.1691694915087, 1161.5105118643366], [822.9764749807686, 1306.574851403057]], '<료중유', 0.006930301897227764), ([[320.400119964012, 1179.0605878236588], [344.8379886224904, 1176.1194141101894], [351.599880035988, 1233.9394121763412], [327.1620113775096, 1236.8805858898106]], '5', 0.863345170957075), ([[329.41044309612664, 1254.1283544769012], [567.8375394737508, 1185.450351456002], [591.5895569038734, 1275.8716455230988], [353.16246052624916, 1344.549648543998]], '못{도)!', 6.161281688672721e-05), ([[415.5339183338988, 1617.627134667119], [623.1285552739563, 1564.6175733187454], [635.4660816661012, 1618.372865332881], [427.8714447260437, 1672.3824266812546]], '45350', 0.014801974679771498), ([[447.5006631638032, 1660.4002652655213], [632.8809823502717, 1610.2034164574195], [648.4993368361968, 1669.5997347344787], [463.1190176497283, 1719.7965835425805]], '톤 표합', 0.010466706939041615), ([[235.25097310286003, 1663.0564224788761], [277.6703399615613, 1656.287255108452], [287.74902689713997, 1738.9435775211239], [246.3296600384387, 1744.712744891548]], '8', 0.01306083976289335), ([[311.1537115632518, 1696.0448886945671], [506.95949751218, 1740.1960103523052], [487.8462884367482, 1805.9551113054329], [293.04050248782, 1761.8039896476948]], "'교:-템", 0.005305933046419373)]
[([[683, 71], [1017, 71], [1017, 137], [683, 137]], '장난센 거에 대한', 0.19455162564780154), ([[730, 126], [973, 126], [973, 193], [730, 193]], '벌이라기보단', 0.9362896504864858), ([[769, 179], [935, 179], [935, 243], [769, 243]], '진심으로', 0.9885191917419434), ([[737, 231], [969, 231], [969, 293], [737, 293]], '임신시키려고', 0.845285299146872), ([[721, 277], [984, 277], [984, 398], [721, 398]], '평씨', 0.0023208650483177527), ([[1174, 226], [1278, 226], [1278, 402], [1174, 402]], '표', 0.33844544796926357), ([[761, 390], [941, 390], [941, 442], [761, 442]], '이래서야', 0.9864209294319153), ([[134, 432], [490, 432], [490, 504], [134, 504]], '입잡야 선생님?', 0.1000533780711985), ([[699, 439], [1005, 439], [1005, 503], [699, 503]], '선생님과 학생이', 0.5352844198586769), ([[230, 488], [393, 488], [393, 567], [230, 567]], '책임은', 0.9998716415174861), ([[693, 489], [1011, 489], [1011, 557], [693, 557]], '관계로 남울 순년', 0.2297418941329481), ([[106, 556], [414, 556], [414, 628], [106, 628]], '저주는 거젯지', 0.4894570991540986), ([[709, 545], [997, 545], [997, 607], [709, 607]], '왜놈 거나군: 3', 0.021789831765931505), ([[1241, 563], [1309, 563], [1309, 631], [1241, 631]], ':', 0.12029579021405912), ([[1880, 668], [2248, 668], [2248, 740], [1880, 740]], '이거6 위험해;', 0.2571456269420158), ([[1906, 732], [2218, 732], [2218, 804], [1906, 804]], '선생님의 자지', 0.8110278853503468), ([[1746, 826], [1782, 826], [1782, 856], [1746, 856]], '아', 0.08518860022796648), ([[1826, 792], [2250, 792], [2250, 868], [1826, 868]], '너문 흉약하관아-0', 0.03816852193996322), ([[1352.6606482485367, 470.0115292534907], [1391.751924513376, 474.31697101232197], [1375.3393517514633, 626.9884707465093], [1336.248075486624, 622.683028987678]], '춤', 0.024264892943899108), ([[1650.7639320225003, 906.5278640450005], [1702.2724664963982, 858.1646273136868], [1731.2360679774997, 895.4721359549995], [1679.7275335036018, 943.8353726863132]], '@', 0.357685046110646), ([[1819.1333231433516, 925.0197768394007], [1957.767061341476, 992.0632414169798], [1865.8666768566484, 1181.9802231605993], [1727.232938658524, 1114.93675858302]], '댁"', 0.07273451943727754)]
[]
[]
[([[1108.8854453891295, 1491.7014787124697], [1287.7955469254482, 1619.2417890549343], [1018.1145546108704, 1987.2985212875303], [839.2044530745518, 1859.7582109450657]], '틀', 0.6116737313608702)]
[([[1257.580122568887, 1480.424122924976], [1353.8981722833516, 1546.6220940426379], [1198.419877431113, 1769.575877075024], [1101.1018277166484, 1703.3779059573621]], '틀', 0.8882083827153942)]
[([[1250.8024938717492, 1476.34476357885], [1354.52159018736, 1542.7410788125924], [1197.1975061282508, 1780.65523642115], [1094.47840981264, 1714.2589211874076]], '틀', 0.7774939724050824)]
[([[1252.1054341010617, 1478.3025006568096], [1351.6883345693057, 1542.293974111387], [1201.8945658989383, 1770.6974993431904], [1102.3116654306943, 1706.706025888613]], '틀', 0.7984991659865783)]
[([[1227.4424632077703, 1479.0129589670632], [1315.7596644958871, 1516.7982759178637], [1229.5575367922297, 1717.9870410329368], [1141.2403355041129, 1680.2017240821363]], '출', 0.4431476264960601)]
[]
[]
[([[1187, 11], [1343, 11], [1343, 53], [1187, 53]], '역 - 키조우', 0.9299263696918888), ([[1187, 53], [1341, 53], [1341, 93], [1187, 93]], '식- =춧미', 0.144128141619167), ([[669, 194], [857, 194], [857, 250], [669, 250]], '자자0', 0.6687637231162562), ([[604, 242], [924, 242], [924, 321], [604, 321]], '엄청 기대해세', 0.43932960405205657), ([[655, 313], [873, 313], [873, 377], [655, 377]], '내 보제로', 0.33035997219555857), ([[663, 377], [871, 377], [871, 445], [663, 445]], '이뤄메다', 0.17633017897605896), ([[594, 434], [930, 434], [930, 510], [594, 510]], '젖어버럿눈걸0', 0.3338550192689304), ([[172, 526], [482, 526], [482, 600], [172, 600]], '선생님의 올해', 0.8073422700076106), ([[201, 587], [453, 587], [453, 655], [201, 655]], '첫 . 번 . 째', 0.7100034026182648), ([[193, 651], [465, 651], [465, 719], [193, 719]], '나한테 주0', 0.41196103255996613), ([[1903, 655], [2263, 655], [2263, 723], [1903, 723]], '새해가 시작되고', 0.7729967871171298), ([[1866, 710], [2303, 710], [2303, 790], [1866, 790]], '겪운 만날 순 있다고', 0.3039019697323957), ([[1866, 774], [2290, 774], [2290, 852], [1866, 852]], '생각햇습데 선생님', 0.34702450280789415), ([[1854, 838], [2310, 838], [2310, 914], [1854, 914]], '그냥잘 생각이없지?', 0.32474472527988646), ([[1710, 940], [2028, 940], [2028, 1019], [1710, 1019]], '어림 없다군~?', 0.2902618448997471), ([[877, 1151], [1067, 1151], [1067, 1249], [877, 1249]], '숙진;', 0.0742629912485786)]
[([[670, 194], [858, 194], [858, 250], [670, 250]], '자자0', 0.677420779531696), ([[606, 246], [924, 246], [924, 320], [606, 320]], '엄청 기대해서', 0.5606902147140684), ([[655, 314], [872, 314], [872, 376], [655, 376]], '내 보제요', 0.20934000793065796), ([[663, 377], [871, 377], [871, 445], [663, 445]], '이뤄다', 0.6167443781099372), ([[594, 434], [932, 434], [932, 510], [594, 510]], '젖어버럿눈걸0', 0.2818998676195211), ([[171, 523], [482, 523], [482, 598], [171, 598]], '선생님의 올해', 0.99606001397068), ([[201, 587], [453, 587], [453, 655], [201, 655]], '첫 . 번 . 째', 0.689767639016284), ([[191, 651], [465, 651], [465, 719], [191, 719]], '나한데 주0', 0.17199361560915333), ([[1903, 657], [2263, 657], [2263, 723], [1903, 723]], '새해가 시작되고', 0.9961047362156815), ([[1866, 710], [2303, 710], [2303, 788], [1866, 788]], '겨운 만날 수 있다고', 0.5002445878891271), ([[1866, 774], [2292, 774], [2292, 852], [1866, 852]], '생각햇습데 선생님', 0.4445538840761677), ([[1854, 838], [2310, 838], [2310, 914], [1854, 914]], '그냥잘 생각이없지?', 0.34956661353879004), ([[1710, 942], [2028, 942], [2028, 1019], [1710, 1019]], '어림 없다군?', 0.16545346077782846), ([[884.0758553927899, 1164.1868625032284], [1063.7287556981696, 1149.1205713488494], [1064.92414460721, 1234.8131374967716], [885.2712443018304, 1248.8794286511506]], '늑진4', 0.1415528223425405)]
[([[701, 55], [909, 55], [909, 123], [701, 123]], '이렇게나', 0.32764843106269836), ([[652, 114], [954, 114], [954, 190], [652, 190]], '보지름 점서문', 0.22611789636693808), ([[606, 169], [1000, 169], [1000, 254], [606, 254]], '학생울 앞에 틈고', 0.24250819347039618), ([[588, 240], [1021, 240], [1021, 316], [588, 316]], '덮치지 양놈 건약고', 0.04548084471074776), ([[712, 302], [894, 302], [894, 374], [712, 374]], '선생님?', 0.9488611817359924), ([[253, 383], [501, 383], [501, 443], [253, 443]], '이거 반  ?', 0.4790906816248675), ([[254, 436], [504, 436], [504, 516], [254, 516]], '쓸쓸하니까', 0.9899832908013573), ([[323, 505], [427, 505], [427, 571], [323, 571]], '점점', 0.9999763135533013), ([[260, 562], [496, 562], [496, 638], [260, 638]], '흘러넘치고', 0.7731566773306335), ([[1425, 547], [1487, 547], [1487, 609], [1425, 609]], '한', 0.16672615516478118), ([[2089, 545], [2255, 545], [2255, 611], [2089, 611]], '잠깐:', 0.8040715883582046), ([[251, 633], [413, 633], [413, 699], [251, 699]], '있잡아:', 0.45969510078430176), ([[1684, 666], [1738, 666], [1738, 722], [1684, 722]], '양', 0.48879809025351406), ([[122, 730], [326, 730], [326, 802], [122, 802]], '좋아하는', 0.9160068035125732), ([[1950, 710], [2164, 710], [2164, 784], [1950, 784]], '월 그렇게', 0.34308764942192715), ([[45, 795], [399, 795], [399, 863], [45, 863]], '선생님의 자지가', 0.9985488155439682), ([[1952, 768], [2164, 768], [2164, 844], [1952, 844]], '졸고 언드', 0.08521405471548861), ([[63, 857], [385, 857], [385, 923], [63, 923]], '갖고 싶어~라고', 0.9928037699490542), ([[1977, 839], [2139, 839], [2139, 905], [1977, 905]], '건데63', 0.4282989799976349), ([[61, 921], [387, 921], [387, 989], [61, 989]], '움질거린다고0', 0.3652555932202784), ([[882.5501419640424, 1231.0168881217644], [929.9138575870718, 1239.7550563432708], [906.4498580359576, 1375.9831118782356], [859.0861424129282, 1367.2449436567292]], '꽃', 0.33605567554110394), ([[1069.4616397706227, 1286.0242014539122], [1113.4465195489297, 1275.0166380443413], [1146.5383602293773, 1408.9757985460878], [1103.5534804510703, 1420.9833619556587]], '곁', 0.027232644313654797)]
[([[762, 78], [962, 78], [962, 152], [762, 152]], '선생님로', 0.8422291278839111), ([[741, 143], [985, 143], [985, 211], [741, 211]], '기대되눈제', 0.2866063869643482), ([[338, 188], [546, 188], [546, 262], [338, 262]], '그렇베나', 0.15917262434959412), ([[672, 198], [1054, 198], [1054, 277], [672, 277]], '엄청 딱딱하데 ', 0.29428407826071545), ([[385, 255], [497, 255], [497, 319], [385, 319]], '나량', 0.15728502839178643), ([[310, 308], [571, 308], [571, 385], [310, 385]], '하고 싶다고', 0.9019724053551006), ([[334, 374], [546, 374], [546, 448], [334, 448]], '생각해준', 0.844816267490387), ([[140, 410], [298, 410], [298, 482], [140, 482]], '좋아0', 0.6356842123595224), ([[339, 439], [544, 439], [544, 511], [339, 511]], '거구나)', 0.20272223190033312), ([[114, 472], [316, 472], [316, 544], [114, 544]], '선생님과', 0.9916290640830994), ([[137, 535], [293, 535], [293, 603], [137, 603]], '학생의', 0.9980919189958033), ([[143, 603], [287, 603], [287, 669], [143, 669]], '비밀의', 0.9987153447092879), ([[1984, 599], [2180, 599], [2180, 678], [1984, 678]], '쿠후우어', 0.09734506905078888), ([[71, 661], [361, 661], [361, 727], [71, 727]], '새해 첫 셈스', 0.4184839119620162), ([[1684, 666], [1740, 666], [1740, 726], [1684, 726]], '양', 0.25778703651369383), ([[2006, 670], [2164, 670], [2164, 742], [2006, 742]], '그렇계', 0.568356713663873), ([[137, 729], [294, 729], [294, 786], [137, 786]], '하자%', 0.2523062229156494), ([[1957, 734], [2215, 734], [2215, 796], [1957, 796]], '나외이지)', 0.03750331935095707), ([[555.3671633597229, 1258.014310249876], [660.610631147398, 1243.4736057015389], [691.6328366402771, 1506.985689750124], [586.389368852602, 1521.5263942984611]], '쁨', 0.00550886081470825)]
[([[748, 204], [966, 204], [966, 278], [748, 278]], '학생한테', 0.23869619027747022), ([[712, 268], [1004, 268], [1004, 342], [712, 342]], '넣어버리다내', 0.2646977141988589), ([[718, 332], [976, 332], [976, 404], [718, 404]], '범죄찮아(', 0.12864879124882728), ([[158, 422], [470, 422], [470, 494], [158, 494]], '선생님 자지논', 0.6674637072689227), ([[174, 482], [454, 482], [454, 556], [174, 556]], '유혹에 약한', 0.8162857030925904), ([[157, 551], [471, 551], [471, 617], [157, 617]], '허접 자지네0', 0.2172906886217605), ([[1425, 547], [1489, 547], [1489, 613], [1425, 613]], '한', 0.9858163494275374), ([[214, 606], [366, 606], [366, 682], [214, 682]], '구후후', 0.9894991363558396), ([[1686, 666], [1740, 666], [1740, 726], [1686, 726]], '양', 0.273656078833838), ([[1676, 720], [1730, 720], [1730, 784], [1676, 784]], '9', 0.3019677931529827), ([[1968, 722], [2168, 722], [2168, 794], [1968, 794]], '선생님써', 0.14985819160938263), ([[1920, 784], [2172, 784], [2172, 858], [1920, 858]], '들어용다이(', 0.1801729302100165), ([[802.4328548988251, 1147.0123771830943], [900.6296658072511, 1169.4744026454712], [846.5671451011749, 1401.9876228169057], [748.3703341927489, 1379.5255973545288]], '#', 0.05167633376226832), ([[1010.5409873072629, 1213.0131791463746], [1073.5877353837377, 1240.2748612871542], [1003.4590126927371, 1402.9868208536254], [940.4122646162624, 1376.7251387128458]], '출', 0.28510912791620413)]
[([[768, 56], [1008, 56], [1008, 176], [768, 176]], '^그', 0.0889155633170275), ([[772, 172], [933, 172], [933, 249], [772, 249]], '갑자기', 0.9783809874428149), ([[727, 241], [935, 241], [935, 307], [727, 307]], '격하게666 ', 0.26620308341151766), ([[2130, 500], [2178, 500], [2178, 564], [2130, 564]], '0', 0.8712643330445644), ([[1686, 666], [1742, 666], [1742, 722], [1686, 722]], '양', 0.3310509270389197), ([[1979, 667], [2181, 667], [2181, 735], [1979, 735]], '선생님:', 0.9264318943023682), ([[2044, 738], [2144, 738], [2144, 786], [2044, 786]], '왜: ', 0.7599055371041545), ([[357, 707], [517, 707], [517, 893], [357, 893]], '4', 0.06327975096727201), ([[1954, 790], [2210, 790], [2210, 862], [1954, 862]], '그러움데이6', 0.012391792506477841), ([[40.81209696451337, 394.08879266351454], [364.13208111722344, 129.40169172484502], [479.1879030354866, 324.91120733648546], [155.8679188827766, 589.598308275155]], '[용 ', 0.006828904540029649), ([[154.0986035205051, 500.05653914448584], [552.8088428783308, 457.788089772654], [561.9013964794949, 731.9434608555141], [163.19115712166916, 775.211910227346]], '쩌비', 0.0005303931609191111), ([[1272.4385954246034, 530.017526793654], [1339.667125143525, 558.9543865223968], [1276.5614045753966, 707.982473206346], [1208.332874856475, 678.0456134776032]], '향', 0.6795186256972876), ([[808.4401749825663, 884.0120595955381], [911.1230294347564, 902.1251459011353], [868.5598250174337, 1141.987940404462], [765.8769705652436, 1123.8748540988647]], '#', 0.022255017708446623), ([[142.20381888020066, 1130.0158538930361], [283.9811984858021, 1095.400253608359], [352.79618111979937, 1420.9841461069639], [211.01880151419792, 1454.599746391641]], '%', 0.00787289786356471), ([[1611.6688462616175, 1309.0697325690148], [2117.3139478172634, 932.5674671953028], [2270.3311537383825, 1219.9302674309852], [1763.6860521827366, 1597.4325328046973]], '중평 ', 0.0054671970699667815), ([[993.4319172571411, 1200.0134541256764], [1079.5984032073827, 1235.6293690630114], [998.5680827428589, 1434.9865458743236], [911.4015967926172, 1399.3706309369886]], '틀', 0.2683916278778362), ([[1219.7841490668895, 1509.8740322939796], [1427.004441565994, 1384.1461588280872], [1488.2158509331105, 1511.1259677060204], [1280.995558434006, 1636.8538411719128]], '숫돈', 0.024554796216717127), ([[1659.4782797639243, 1590.3826238111394], [2074.3097971216866, 1430.9619589864626], [2145.521720236076, 1629.6173761888606], [1730.6902028783136, 1789.0380410135374]], '{:;', 0.2600547055557206)]
[([[904, 54], [1166, 54], [1166, 130], [904, 130]], '엄청 굶여운', 0.1305050788937143), ([[823, 112], [1244, 112], [1244, 193], [823, 193]], '무춧기 땅의 보체가', 0.055234093336438354), ([[930, 184], [1140, 184], [1140, 256], [930, 256]], '그럼베나', 0.039425935596227646), ([[812, 242], [1250, 242], [1250, 322], [812, 322]], '기분 좁음 건나군0', 0.09568130474321382), ([[638, 376], [712, 376], [712, 424], [638, 424]], '어:', 0.9279455594076705), ([[750, 368], [962, 368], [962, 440], [750, 440]], '4 말야?', 0.18249691737541757), ([[601, 431], [995, 431], [995, 499], [601, 499]], '내가 자제 따아에', 0.13933638141758278), ([[697, 488], [896, 488], [896, 562], [697, 562]], '전버리면', 0.5816266536712646), ([[581, 549], [1010, 549], [1010, 630], [581, 630]], '선생님이 젊율 때의', 0.16818676516632966), ([[2072, 520], [2192, 520], [2192, 650], [2072, 650]], '옳', 0.151037981387109), ([[639, 615], [958, 615], [958, 693], [639, 693]], '얼굴을 졸필 숨', 0.0925486515985339), ([[1970, 632], [2180, 632], [2180, 706], [1970, 706]], '그렇게나=', 0.4283369837141361), ([[723, 683], [879, 683], [879, 749], [723, 749]], '없집6', 0.07575297411529101), ([[1686, 666], [1740, 666], [1740, 724], [1686, 724]], '양', 0.21497426856346014), ([[1996, 690], [2151, 690], [2151, 769], [1996, 769]], '열심히', 0.999682996408458), ([[357, 709], [519, 709], [519, 893], [357, 893]], '', 0.0), ([[1902, 754], [2202, 754], [2202, 834], [1902, 834]], '달라분늄거 -', 0.03840831469859351), ([[1930, 817], [2223, 817], [2223, 898], [1930, 898]], '짐승 같관야', 0.21115296321553773), ([[1972, 882], [2176, 882], [2176, 956], [1972, 956]], '선생님', 0.9502472581253717), ([[38.64063881169921, 389.103282453371], [364.25379942133424, 129.45713955985616], [479.3593611883008, 328.896717546629], [153.74620057866576, 588.5428604401438]], '[표', 0.03328205381651562), ([[488.40581360015784, 317.01766848265186], [560.0601048104984, 306.2145021501325], [587.5941863998421, 504.98233151734814], [515.9398951895016, 515.7854978498675]], '용', 0.8367368840194764), ([[154.0986035205051, 500.05653914448584], [552.6427365992483, 455.58589867517884], [563.9013964794949, 731.9434608555141], [165.3572634007516, 776.4141013248211]], '[', 0.07844992631140713), ([[1273.4385954246034, 531.017526793654], [1340.849135819839, 562.1613924158751], [1272.5614045753966, 708.982473206346], [1205.150864180161, 677.8386075841249]], '향', 0.47063016925272905), ([[807.4377560210737, 884.0121640868018], [910.0848485577404, 902.1002329880918], [868.5622439789263, 1140.9878359131983], [765.9151514422596, 1123.8997670119084]], '#', 0.00907338915123962), ([[140.18101538648796, 1136.0167754303059], [280.7907763867797, 1100.362535438977], [352.81898461351204, 1419.9832245696941], [212.20922361322025, 1455.637464561023]], '{', 0.0044028709912269925), ([[1620.9105052258344, 1318.0606898843519], [2131.0521729426987, 947.8532657884185], [2270.089494774166, 1217.9393101156481], [1759.9478270573013, 1588.1467342115816]], '>5>', 0.025574689167896864), ([[1033.1289085014434, 1208.5897360781569], [1117.7613488938996, 1276.4618891130667], [972.8710914985566, 1451.4102639218431], [888.2386511061005, 1384.5381108869333]], '틀', 0.8950639250690671), ([[1220.0577491783342, 1506.1443729458358], [1429.2228382423013, 1384.2746609790158], [1489.9422508216658, 1510.8556270541642], [1279.7771617576987, 1633.7253390209842]], '<또', 0.010235440669814352), ([[1656.519201987024, 1591.663441390917], [2074.2552732254094, 1428.9097941991677], [2146.480798012976, 1627.336558609083], [1729.7447267745906, 1790.0902058008323]], '8목물', 0.0016471755715736103)]
[([[889, 123], [989, 123], [989, 165], [889, 165]], '시컷어', 0.12991221193666722), ([[856, 160], [1022, 160], [1022, 212], [856, 212]], '싫다고용이이 ', 0.08467631774131704), ([[567, 245], [641, 245], [641, 313], [567, 313]], '예', 0.38849949191632405), ([[644, 310], [884, 310], [884, 358], [644, 358]], '선생님의 언제야', 0.5761652420149802), ([[644, 348], [884, 348], [884, 398], [644, 398]], '나에게 저중기만', 0.4336909199057397), ([[636, 390], [892, 390], [892, 438], [636, 438]], '하면 되움 거라켓', 0.13006316329698112), ([[2107, 453], [2181, 453], [2181, 495], [2107, 495]], '잠:', 0.6484702831344207), ([[2053, 488], [2263, 488], [2263, 538], [2053, 538]], '안돼안돼안되', 0.31455025331264336), ([[564, 524], [770, 524], [770, 574], [564, 574]], '내가 선생님이', 0.5060922054021961), ([[578, 566], [756, 566], [756, 614], [578, 614]], '자지에 지면', 0.44871193897461), ([[538, 606], [794, 606], [794, 654], [538, 654]], '안되다구우우%', 0.46273018070086336), ([[1985, 659], [2089, 659], [2089, 695], [1985, 695]], '어째서', 0.9997793486592725), ([[1757, 677], [1795, 677], [1795, 717], [1757, 717]], '양', 0.03420173816301997), ([[1930, 694], [2146, 694], [2146, 742], [1930, 742]], '내가 느끼는 곳', 0.4588848424226466), ([[21, 647], [179, 647], [179, 877], [21, 877]], '댐', 0.03836926464807622), ([[1962, 732], [2112, 732], [2112, 828], [1962, 828]], "'알-빗든", 0.04583587353743588), ([[817, 887], [953, 887], [953, 1083], [817, 1083]], '척', 0.018568676727106714), ([[31, 993], [405, 993], [405, 1405], [31, 1405]], '1,', 0.019078064440799545), ([[520, 1148], [720, 1148], [720, 1390], [520, 1390]], ')', 0.0026975594374936684), ([[45.20424732816174, 301.00811907992556], [302.8848915055096, 205.04557555280198], [522.7957526718383, 868.9918809200744], [266.1151084944904, 964.954424447198]], '도', 0.0143403624116068), ([[1960.5632605721682, 444.21086857389423], [1998.4431032852742, 472.70678540114875], [1933.4367394278318, 553.7891314261058], [1896.5568967147258, 525.2932145988513]], '향', 0.38176890162516486), ([[1828.0970966215455, 638.0194193243091], [1924.584292852927, 598.5139069512626], [1939.9029033784545, 637.9805806756909], [1844.415707147073, 676.4860930487374]], '여우앞', 0.023641513544141006), ([[1762.4497265149012, 695.038030907289], [1794.2397684861721, 711.6539607513927], [1760.5502734850988, 774.961969092711], [1729.7602315138279, 758.3460392486073]], '압', 0.0954121391462337), ([[1195.3406807365247, 1284.419837988617], [2225.631533149771, 823.7820115478578], [2424.659319263475, 1390.580162011383], [1394.3684668502292, 1852.2179884521422]], '중> 증수', 0.0036145635626699713), ([[1296.9200924467468, 1137.2166538506267], [1449.924888042187, 1227.2446721455283], [1248.0799075532532, 1569.7833461493733], [1095.075111957813, 1479.7553278544717]], '_', 0.005677214026409638), ([[1007.2982169604281, 1206.0246553660854], [1083.5319846969242, 1243.4220666980198], [994.7017830395719, 1424.9753446339146], [918.468015303076, 1387.5779333019802]], '틀', 0.5927521043035178)]
[([[1992, 554], [2212, 554], [2212, 632], [1992, 632]], '선생님의', 0.9931265115737915), ([[1990, 622], [2215, 622], [2215, 709], [1990, 709]], '질픽질퍽', 0.22246888279914856), ([[1968, 694], [2238, 694], [2238, 772], [1968, 772]], '피스문으로', 0.2501352145804026), ([[1966, 766], [2242, 766], [2242, 842], [1966, 842]], '가버로어엇', 0.33644863840928285), ([[1998, 850], [2208, 850], [2208, 904], [1998, 904]], '~~', 0.22145817114546004), ([[1690, 1056], [1742, 1056], [1742, 1106], [1690, 1106]], '(', 0.2435580404053903), ([[667, 1387], [753, 1387], [753, 1527], [667, 1527]], '0', 0.020272004755498507), ([[663.3813607470983, 102.00617342962039], [882.4484786244768, 52.320837072573624], [1006.6186392529017, 664.9938265703796], [786.5515213755232, 713.6791629274263]], '별', 0.01957013770205429), ([[-5.407713696864738, 111.01679610136748], [441.5882673238803, 72.49403852948015], [464.40771369686473, 647.9832038986325], [16.41173267611972, 686.5059614705199]], '(', 0.10987068994446592), ([[1066.5353860064754, 392.01079913921933], [1138.5962864314097, 382.12822864786176], [1170.4646139935246, 626.9892008607807], [1097.4037135685903, 636.8717713521382]], '#', 0.0064597934363641585), ([[1980.1370142686694, 493.46032711047206], [2030.5548020216172, 452.31454335616667], [2050.8629857313304, 481.53967288952794], [2000.4451979783828, 523.6854566438333]], '<우', 0.9703766984290894), ([[1352.5058170275524, 544.0203860333845], [1400.8264232137935, 559.378475858665], [1363.4941829724476, 676.9796139666155], [1316.1735767862065, 661.621524141335]], '합', 0.006028176226560655), ([[1824.1165159458544, 642.8233031891709], [1945.3801283917928, 594.8994542715132], [1963.8834840541456, 643.1766968108291], [1842.6198716082072, 691.1005457284868]], '?우,', 0.0062486671905182985), ([[149.95256516915407, 661.015676649746], [360.58131515172903, 527.0048278659132], [662.0474348308459, 1064.984323350254], [451.41868484827097, 1198.995172134087]], '물', 0.040718929470418885), ([[1796.4497265149012, 729.038030907289], [1829.3537744652026, 747.8200465976183], [1795.5502734850988, 808.961969092711], [1762.6462255347974, 791.1799534023817]], '암', 0.06749440734034806), ([[509.2836935188573, 1313.01222010252], [657.2143872362049, 1275.247464860993], [741.7163064811426, 1647.98777989748], [593.7856127637951, 1684.752535139007]], '(', 0.11898527361290068), ([[1106.6702776885622, 1475.3503051362427], [1361.457287669911, 1331.0941985940992], [1415.3297223114378, 1459.6496948637573], [1161.542712330089, 1603.9058014059008]], '또', 0.021945816710942978)]
[([[683, 71], [1017, 71], [1017, 137], [683, 137]], '장난센 거에 대한', 0.17007895172481768), ([[730, 126], [973, 126], [973, 193], [730, 193]], '벌이라기보단', 0.8858571013563739), ([[769, 179], [933, 179], [933, 243], [769, 243]], '진심으로', 0.9919540882110596), ([[737, 231], [971, 231], [971, 293], [737, 293]], '임신시키려고', 0.8051787986106419), ([[721, 276], [984, 276], [984, 398], [721, 398]], ')내로내', 0.0025567421689629555), ([[1174, 226], [1278, 226], [1278, 402], [1174, 402]], '표', 0.27436545711658766), ([[761, 390], [941, 390], [941, 442], [761, 442]], '이래서야', 0.9876551628112793), ([[134, 432], [490, 432], [490, 504], [134, 504]], '입잡야 선생님?', 0.13497325619597522), ([[698, 439], [1005, 439], [1005, 503], [698, 503]], '선생님과 학생이', 0.7188427590090086), ([[232, 492], [392, 492], [392, 566], [232, 566]], '책임은', 0.9972888364075789), ([[693, 489], [1011, 489], [1011, 557], [693, 557]], '관계로 남울 순년', 0.286879329587251), ([[1341, 474], [1392, 474], [1392, 625], [1341, 625]], '춤', 0.01757382074421643), ([[109, 559], [413, 559], [413, 627], [109, 627]], '저주는 거젯지', 0.3871180222455892), ([[709, 545], [997, 545], [997, 609], [709, 609]], '공 거나군  3', 0.09314745192060511), ([[1245, 565], [1305, 565], [1305, 625], [1245, 625]], '하', 0.024351271248177264), ([[1880, 668], [2248, 668], [2248, 740], [1880, 740]], '이거; 위험해; ', 0.287463724959801), ([[1906, 732], [2218, 732], [2218, 804], [1906, 804]], '선생님의 자지', 0.8903260709298448), ([[1746, 826], [1782, 826], [1782, 856], [1746, 856]], '야', 0.06086284755658178), ([[1826, 792], [2250, 792], [2250, 868], [1826, 868]], '너문 흉약하관아-(', 0.032206288469058826), ([[1646.9578792406196, 897.8283947090533], [1720.7084468562136, 846.6460934237637], [1746.0421207593804, 891.1716052909467], [1672.2915531437864, 942.3539065762363]], '예야', 0.4638061965966334), ([[1826.171386283701, 929.01908235631], [1959.1966539295315, 1000.1470768826514], [1861.828613716299, 1181.98091764369], [1728.8033460704685, 1111.8529231173486]], '댁"', 0.0883025060077572)]
[]
[([[701, 55], [909, 55], [909, 123], [701, 123]], '이뤄게나', 0.2368231862783432), ([[652, 114], [954, 114], [954, 190], [652, 190]], '보지름 점서문', 0.2898262814744377), ([[606, 169], [1000, 169], [1000, 254], [606, 254]], '학생울 앞에 틈고', 0.32808062741657806), ([[588, 240], [1021, 240], [1021, 316], [588, 316]], '덮치지 안놈 건약고', 0.04202116808832413), ([[712, 302], [894, 302], [894, 374], [712, 374]], '선생님?', 0.6130431560110969), ([[253, 383], [501, 383], [501, 443], [253, 443]], '이거반  ?', 0.7374805552401322), ([[254, 436], [504, 436], [504, 516], [254, 516]], '쓸쓸하니까', 0.9935993894714968), ([[323, 505], [427, 505], [427, 573], [323, 573]], '점점', 0.9999743748122707), ([[260, 562], [496, 562], [496, 640], [260, 640]], '흘러넘치고', 0.6868831205320817), ([[1425, 547], [1489, 547], [1489, 609], [1425, 609]], '한', 0.2074831068325631), ([[2089, 545], [2255, 545], [2255, 611], [2089, 611]], '잠깐:', 0.8521111402777364), ([[251, 633], [413, 633], [413, 699], [251, 699]], '있잡아:', 0.4206181466579437), ([[1684, 666], [1738, 666], [1738, 724], [1684, 724]], '양', 0.20667438895828472), ([[122, 729], [325, 729], [325, 801], [122, 801]], '좋아하는', 0.9027887582778931), ([[1950, 710], [2164, 710], [2164, 784], [1950, 784]], '월 그렇게', 0.32140792902908144), ([[45, 795], [399, 795], [399, 863], [45, 863]], '선생님의 자지가', 0.9985155317157725), ([[1952, 768], [2164, 768], [2164, 846], [1952, 846]], '졸고 언밑', 0.024109918048280735), ([[63, 857], [387, 857], [387, 925], [63, 925]], '갖고 싶어~라고', 0.9872280968464167), ([[1977, 839], [2139, 839], [2139, 905], [1977, 905]], '건데63', 0.3693268597126007), ([[61, 921], [387, 921], [387, 989], [61, 989]], '움질거린다고0', 0.3699225341767365), ([[882.5501419640424, 1231.0168881217644], [929.9479271215914, 1239.7741291935424], [905.4498580359576, 1375.9831118782356], [858.0520728784086, 1367.2258708064576]], '꽃', 0.05690039734324892), ([[1069.4616397706227, 1286.0242014539122], [1113.4432301130919, 1274.0163934732598], [1147.5383602293773, 1408.9757985460878], [1103.5567698869081, 1420.9836065267402]], '헌', 0.014166026455516345)]
[]
[([[1126.2865544153842, 1517.9580893070388], [1285.5786224980957, 1640.4946179943481], [1021.7134455846159, 1969.0419106929612], [862.4213775019042, 1846.5053820056519]], '틀', 0.07113202142762987)]
[([[1259.1180477440382, 1480.5110232700017], [1358.9008198081056, 1550.3469713002764], [1195.8819522559618, 1774.4889767299983], [1097.0991801918944, 1705.6530286997236]], '틀', 0.9538468517161078)]
[([[1249.3638056148195, 1477.2504371282741], [1348.38878559675, 1536.8577912928213], [1203.6361943851805, 1770.7495628717259], [1104.61121440325, 1711.1422087071787]], '틀', 0.8876969333414451)]
[([[1259.2584864595012, 1480.4741239015932], [1359.9487162843204, 1550.4282930201855], [1198.7415135404988, 1773.5258760984068], [1098.0512837156796, 1703.5717069798145]], '틀', 0.9069198146328894)]
[([[1228.4424632077703, 1478.0129589670632], [1315.7055643821107, 1515.740874816972], [1229.5575367922297, 1716.9870410329368], [1142.2944356178893, 1680.259125183028]], '출', 0.2645007998774105)]
[]
[]
[([[529, 60], [557, 60], [557, 191], [529, 191]], '물', 0.3905131002943705), ([[148, 99], [225, 99], [225, 412], [148, 412]], '"', 0.0269589756852453), ([[471, 55], [537, 55], [537, 365], [471, 365]], '"', 0.36219921220812523), ([[1222, 268], [1355, 268], [1355, 479], [1222, 479]], '뼈', 0.04017262924440956), ([[0, 464], [656, 464], [656, 538], [0, 538]], '무춧키와 비밀의 새해 첫 셋스', 0.45823732972421544), ([[1026, 474], [1106, 474], [1106, 522], [1026, 522]], '역자', 0.9993121484488666), ([[1138, 474], [1252, 474], [1252, 524], [1138, 524]], '키조우', 0.9854884905752597), ([[1288, 476], [1320, 476], [1320, 548], [1288, 548]], '8', 0.10042021733002926), ([[1026, 520], [1106, 520], [1106, 568], [1026, 568]], '식자', 0.9997507526367695), ([[1145, 527], [1249, 527], [1249, 563], [1145, 563]], '구춧[', 0.028688480490398537), ([[1029, 565], [1145, 565], [1145, 607], [1029, 607]], '시.049', 0.27320798033210036), ([[410, 586], [1242, 586], [1242, 658], [410, 658]], '4"#산카30#도1: (6 2022.05.02', 0.011720124976765495), ([[0, 656], [241, 656], [241, 737], [0, 737]], '식자 후기', 0.9987210910147325), ([[1153, 653], [1189, 653], [1189, 757], [1153, 757]], '몇', 0.14005609886456583), ([[6, 734], [106, 734], [106, 786], [6, 786]], '몰?루', 0.7595327859057306), ([[260, 982], [286, 982], [286, 1032], [260, 1032]], '{', 0.05568425560309098), ([[201, 979], [264, 979], [264, 1183], [201, 1183]], '{', 0.04118684597752975), ([[502, 966], [600, 966], [600, 1236], [502, 1236]], '{', 0.01056822841921079), ([[83, 1126], [145, 1126], [145, 1291], [83, 1291]], '#', 0.03167024721500433), ([[142, 1132], [174, 1132], [174, 1388], [142, 1388]], "'", 0.7634499492496936), ([[502, 1172], [598, 1172], [598, 1328], [502, 1328]], "'", 0.7104869044965767), ([[88, 1284], [118, 1284], [118, 1392], [88, 1392]], '@', 0.32541341553964287), ([[1114, 1668], [1162, 1668], [1162, 1716], [1114, 1716]], '소', 0.9257500136161667), ([[1221, 1695], [1263, 1695], [1263, 1743], [1221, 1743]], '봄', 0.05556104927052474), ([[1027, 1749], [1367, 1749], [1367, 1785], [1027, 1785]], '[주리|나+히 -^도3|;] 벤감+도나|; +0', 6.449860445425937e-06), ([[1027, 1783], [1385, 1783], [1385, 1819], [1027, 1819]], '읽<+-릇 마아 베<서-리;<형 ([감.', 2.068167538050108e-06), ([[1027, 1818], [1131, 1818], [1131, 1850], [1027, 1850]], '4~}플~)', 0.0003523383485401432), ([[1124.093946021359, 1182.1039678918432], [1151.6082287370157, 1171.0465132093975], [1174.906053978641, 1232.8960321081568], [1147.3917712629843, 1243.9534867906025]], '8', 0.7488693210238786), ([[1145.2732720600368, 1248.6005992660405], [1363.1944223308074, 1191.2683821948451], [1381.7267279399632, 1274.3994007339595], [1163.8055776691926, 1330.7316178051549]], '롭도나전:', 0.0001461903893729152), ([[1213.6334368540006, 1588.3167184270003], [1406.217040665142, 1537.0364739416946], [1419.3665631459994, 1588.6832815729997], [1226.782959334858, 1638.9635260583054]], '스5357', 0.03730196721304107), ([[1243.0, 1631.0], [1414.7869901597262, 1578.061631696853], [1431.0, 1631.0], [1259.2130098402738, 1683.938368303147]], '톤 하분', 0.03402079320455646), ([[1049.25097310286, 1626.0564224788761], [1088.9005622272316, 1623.3752985804033], [1093.74902689714, 1701.9435775211239], [1055.0994377727684, 1705.6247014195967]], '쇼', 0.08691275865898263)]
[([[762, 80], [962, 80], [962, 152], [762, 152]], '선생님로', 0.899712175382748), ([[741, 145], [985, 145], [985, 211], [741, 211]], '기대되논제', 0.36854777484938384), ([[338, 190], [546, 190], [546, 262], [338, 262]], '그훨계나', 0.09050898998975754), ([[672, 198], [1054, 198], [1054, 277], [672, 277]], '엄청 딱딱하데 ', 0.3233458249237972), ([[385, 255], [497, 255], [497, 319], [385, 319]], '나량', 0.14787361683518593), ([[310, 308], [571, 308], [571, 385], [310, 385]], '하고 싶다고', 0.8970937811006244), ([[333, 373], [546, 373], [546, 449], [333, 449]], '생각해준', 0.7940091490745544), ([[140, 410], [298, 410], [298, 482], [140, 482]], '좋아0', 0.5813389973727539), ([[343, 443], [543, 443], [543, 509], [343, 509]], '거구나니', 0.2682344317436218), ([[114, 472], [316, 472], [316, 544], [114, 544]], '선생님과', 0.995327353477478), ([[137, 535], [293, 535], [293, 603], [137, 603]], '학생의', 0.9988928172590595), ([[1425, 547], [1489, 547], [1489, 609], [1425, 609]], '한', 0.15048312269276298), ([[143, 603], [287, 603], [287, 669], [143, 669]], '비밀의', 0.9987263549035271), ([[1984, 599], [2180, 599], [2180, 678], [1984, 678]], '쿠후우0', 0.08599496632814407), ([[71, 661], [361, 661], [361, 727], [71, 727]], '새해 첫 셈스', 0.348488881096951), ([[1684, 666], [1738, 666], [1738, 724], [1684, 724]], '양', 0.1171924670774196), ([[2006, 670], [2164, 670], [2164, 742], [2006, 742]], '그렇계', 0.6060268136884635), ([[138, 730], [294, 730], [294, 784], [138, 784]], '하자0', 0.05039343832127288), ([[1956, 734], [2215, 734], [2215, 798], [1956, 798]], '나용야지)', 0.08705379572315766), ([[553.3787012014564, 1266.0148551104376], [651.9921387299107, 1250.3490274752899], [686.6212987985436, 1500.9851448895624], [589.0078612700893, 1516.6509725247101]], '뿐', 0.004863451082886883)]
[([[746, 204], [966, 204], [966, 278], [746, 278]], '학생한테', 0.21273359656333923), ([[712, 268], [1004, 268], [1004, 342], [712, 342]], '넣어버리다내', 0.2675312807385459), ([[721, 335], [985, 335], [985, 403], [721, 403]], '범죄관아(', 0.07376390504065468), ([[158, 422], [470, 422], [470, 494], [158, 494]], '선생님 자지논', 0.7108603451014328), ([[174, 482], [452, 482], [452, 556], [174, 556]], '유혹에 약한', 0.862355069856798), ([[157, 551], [471, 551], [471, 617], [157, 617]], '허접 자지네<', 0.1489999674911414), ([[1425, 547], [1489, 547], [1489, 615], [1425, 615]], '한', 0.9915449094226894), ([[214, 606], [368, 606], [368, 682], [214, 682]], '구후후', 0.9834976869660246), ([[1686, 666], [1738, 666], [1738, 724], [1686, 724]], '양', 0.3629884638223224), ([[1676, 720], [1730, 720], [1730, 784], [1676, 784]], '9', 0.17625126861325757), ([[1968, 722], [2168, 722], [2168, 794], [1968, 794]], '선생님써', 0.1715324968099594), ([[1920, 784], [2170, 784], [2170, 858], [1920, 858]], '들어온다이(', 0.11003263250590407), ([[803.4377560210737, 1146.0121640868017], [902.7379581581346, 1169.5537564865183], [847.5622439789263, 1402.9878359131983], [747.2620418418654, 1379.4462435134817]], '#', 0.07337762869579567), ([[996.4030548573301, 1204.0162093748722], [1076.013710467097, 1236.4647200085506], [1004.5969451426699, 1409.9837906251278], [925.9862895329029, 1377.5352799914494]], '돌', 0.1457352829419314)]
[([[779, 57], [1009, 57], [1009, 171], [779, 171]], '^그', 0.12336427835324931), ([[772, 172], [933, 172], [933, 249], [772, 249]], '갑자기', 0.9789909454899437), ([[727, 243], [935, 243], [935, 309], [727, 309]], '격하게666 ', 0.206947142056081), ([[2130, 500], [2180, 500], [2180, 568], [2130, 568]], '0', 0.9209397529994909), ([[1979, 667], [2181, 667], [2181, 735], [1979, 735]], '선생님:', 0.91155606508255), ([[2044, 736], [2144, 736], [2144, 786], [2044, 786]], '왜: ', 0.6133189338777917), ([[357, 707], [519, 707], [519, 893], [357, 893]], '5', 0.05833734610861541), ([[1954, 790], [2210, 790], [2210, 862], [1954, 862]], '그러움데이6', 0.010855983469062691), ([[1825, 1107], [2261, 1107], [2261, 1311], [1825, 1311]], '올국', 0.001321331993605721), ([[1727, 1289], [1939, 1289], [1939, 1571], [1727, 1571]], '아', 0.013042952840330635), ([[38.73906136986508, 392.09483030139444], [366.3787563317053, 129.51482276266563], [480.26093863013494, 326.90516969860556], [152.62124366829474, 589.4851772373344]], '[논용', 0.0014447070278716615), ([[614.4871464448379, 466.4665807565786], [683.6977493752544, 401.20900249898267], [723.5128535551621, 453.5334192434214], [654.3022506247456, 518.7909975010173]], '오@대', 0.0018752566000581029), ([[155.12089529755295, 499.05522005840015], [552.8154835344594, 457.79624349406845], [561.8791047024471, 732.9447799415999], [164.18451646554055, 774.2037565059316]], '1', 0.021071219252905005), ([[1274.4350784462906, 529.01774729602], [1341.853259685495, 560.1662334908596], [1273.5649215537094, 705.98225270398], [1207.146740314505, 674.8337665091404]], '향', 0.4511177958016219), ([[802.3892283525809, 884.0133292741014], [907.4516032281473, 900.1478436843643], [870.6107716474191, 1140.9866707258986], [765.5483967718527, 1125.8521563156357]], '#', 0.03251506940465476), ([[140.22837415846757, 1122.01489070431], [281.830207188393, 1087.3701881594861], [351.77162584153245, 1420.98510929569], [210.16979281160704, 1454.6298118405139]], '{', 0.014473791813127912), ([[991.4278588239114, 1202.014889419099], [1076.0302353849534, 1235.4823328311074], [1002.5721411760886, 1415.985110580901], [918.9697646150466, 1382.5176671688926]], '출', 0.41615685217650267), ([[1220.4429703068224, 1508.9960198284207], [1426.0116834980236, 1385.1503455809361], [1486.5570296931776, 1512.0039801715793], [1280.9883165019764, 1635.8496544190639]], '숫돈', 0.009675466902517563), ([[1675.8905927463518, 1574.9921262180685], [2064.5798176957287, 1429.8440607177579], [2128.109407253648, 1640.0078737819315], [1739.4201823042715, 1784.1559392822421]], '신51', 0.013991377850496388)]
[([[904, 54], [1166, 54], [1166, 130], [904, 130]], '엄청 굶여움운', 0.11904617476032779), ([[823, 112], [1244, 112], [1244, 193], [823, 193]], '무춧기 땅의 보체가', 0.06311246268409633), ([[930, 184], [1140, 184], [1140, 256], [930, 256]], '근럼베나', 0.03502519428730011), ([[812, 242], [1252, 242], [1252, 322], [812, 322]], '기분 동음 건나군0', 0.08253281060638515), ([[639, 379], [709, 379], [709, 423], [639, 423]], '어:', 0.9878255184175646), ([[750, 368], [962, 368], [962, 440], [750, 440]], '4 말야?', 0.17326050796282103), ([[601, 431], [995, 431], [995, 499], [601, 499]], '내가 자지 따아에', 0.10495455208100332), ([[697, 488], [896, 488], [896, 562], [697, 562]], '전버리면', 0.530495285987854), ([[581, 549], [1010, 549], [1010, 630], [581, 630]], '선생님이 젊율 때의', 0.16633764986834298), ([[2072, 520], [2192, 520], [2192, 650], [2072, 650]], '옳', 0.14527598685685295), ([[639, 615], [958, 615], [958, 693], [639, 693]], '얼굴을 졸필 숨', 0.11428058992759006), ([[1970, 632], [2180, 632], [2180, 706], [1970, 706]], '그렇게나=', 0.4405531097280553), ([[723, 683], [879, 683], [879, 749], [723, 749]], '없집6', 0.06703181897294723), ([[1686, 666], [1742, 666], [1742, 724], [1686, 724]], '얘', 0.6302834768661256), ([[1996, 690], [2151, 690], [2151, 769], [1996, 769]], '열심히', 0.9997280065193519), ([[357, 709], [519, 709], [519, 893], [357, 893]], '', 0.0), ([[1902, 754], [2202, 754], [2202, 834], [1902, 834]], '달라분늄거;', 0.053369206964639794), ([[1932, 817], [2223, 817], [2223, 898], [1932, 898]], '짐승 같잡야', 0.08040509701868707), ([[1972, 882], [2176, 882], [2176, 956], [1972, 956]], '선생님', 0.9363739264767622), ([[1834, 1114], [2264, 1114], [2264, 1310], [1834, 1310]], '솜부', 0.00657324681976017), ([[1724, 1284], [1945, 1284], [1945, 1579], [1724, 1579]], '로', 0.017173904771262904), ([[39.72003692947312, 391.09643576778285], [364.20426973491834, 129.43448881648922], [479.2799630705269, 326.90356423221715], [154.79573026508166, 588.5655111835108]], '[부', 0.05952662727572445), ([[488.40226827220965, 317.01788014590124], [560.1200028451693, 306.2273039576341], [587.5977317277903, 503.98211985409876], [514.8799971548307, 514.7726960423659]], '용', 0.8596194113204412), ([[154.0986035205051, 500.05653914448584], [552.6427365992483, 455.58589867517884], [563.9013964794949, 731.9434608555141], [165.3572634007516, 776.4141013248211]], '[', 0.08445930834932724), ([[1273.42425861101, 531.0184343317546], [1340.9139915163764, 562.2383404030197], [1274.57574138899, 704.9815656682454], [1207.0860084836236, 673.7616595969803]], '향', 0.9466310869462156), ([[807.4377560210737, 884.0121640868018], [909.0848485577404, 902.1002329880918], [866.5622439789263, 1140.9878359131983], [764.9151514422596, 1123.8997670119084]], '#', 0.011404932904270026), ([[139.23427829956344, 1120.0146636186057], [282.9337841077648, 1086.3906822506876], [352.7657217004366, 1420.9853363813943], [209.06621589223522, 1454.6093177493124]], '{', 0.07072987503825434), ([[988.420965130375, 1200.0139781987618], [1078.7129483074384, 1235.7486648479226], [1001.579034869625, 1430.9860218012382], [910.2870516925617, 1395.2513351520774]], '틀', 0.26266442454260996), ([[1219.9403557437306, 1510.8210672311918], [1424.9382230137094, 1385.1081097260087], [1487.0596442562694, 1511.1789327688082], [1281.0617769862906, 1636.8918902739913]], '숫또', 0.015507301958684253), ([[1666.577794898144, 1580.366692347216], [2063.652672805618, 1430.9111775423994], [2130.422205101856, 1638.633307652784], [1733.347327194382, 1788.0888224576006]], '35또', 0.0194091354624668)]
[([[889, 123], [989, 123], [989, 165], [889, 165]], '시컷어', 0.17826357614794902), ([[856, 160], [1022, 160], [1022, 212], [856, 212]], '싫다고용이이 ', 0.08750586538198474), ([[567, 245], [641, 245], [641, 313], [567, 313]], '예', 0.49845371654422266), ([[644, 310], [884, 310], [884, 358], [644, 358]], '선생님의 언제야', 0.6266711777790758), ([[644, 348], [884, 348], [884, 398], [644, 398]], '나에게 저중기만', 0.4226677662038284), ([[636, 390], [892, 390], [892, 438], [636, 438]], '하면 되움 거라켓', 0.1256936095339634), ([[2107, 453], [2181, 453], [2181, 495], [2107, 495]], '잠:', 0.5829701315969266), ([[2053, 488], [2263, 488], [2263, 538], [2053, 538]], '안돼안돼안되', 0.34918963313974605), ([[564, 524], [770, 524], [770, 574], [564, 574]], '내가 선생님이', 0.48299808422071505), ([[579, 569], [755, 569], [755, 613], [579, 613]], '자지에 지면', 0.5770050599336215), ([[1401, 567], [1437, 567], [1437, 605], [1401, 605]], '&', 0.11452005062336923), ([[538, 606], [794, 606], [794, 654], [538, 654]], '안되다구우우%', 0.4119821206087252), ([[1985, 659], [2089, 659], [2089, 695], [1985, 695]], '어째서', 0.9998088739908667), ([[1757, 677], [1795, 677], [1795, 717], [1757, 717]], '양', 0.03729364914049982), ([[1930, 694], [2146, 694], [2146, 742], [1930, 742]], '내가 느끼는 곳', 0.4337756016701933), ([[21, 647], [179, 647], [179, 877], [21, 877]], '행', 0.03891935318788087), ([[1962, 732], [2114, 732], [2114, 828], [1962, 828]], "'원히든", 0.008236468769609928), ([[36, 994], [404, 994], [404, 1404], [36, 1404]], ')', 0.08369476283573452), ([[520, 1146], [720, 1146], [720, 1390], [520, 1390]], ')', 0.006342402789297152), ([[1554, 1071], [2352, 1071], [2352, 1581], [1554, 1581]], '실질', 0.05174864463128418), ([[40.197700683842086, 301.00825323472554], [296.3068458642959, 201.02190161273933], [526.8022993161579, 864.9917467652745], [270.6931541357041, 964.9780983872606]], '센', 0.06523770142032337), ([[1960.5632605721682, 444.21086857389423], [1998.4431032852742, 472.70678540114875], [1933.4367394278318, 553.7891314261058], [1896.5568967147258, 525.2932145988513]], '향', 0.3307171862002747), ([[1828.0970966215455, 638.0194193243091], [1924.584292852927, 598.5139069512626], [1939.9029033784545, 637.9805806756909], [1844.415707147073, 676.4860930487374]], '여우앞', 0.027827986717488373), ([[1762.4497265149012, 695.038030907289], [1794.2397684861721, 711.6539607513927], [1760.5502734850988, 774.961969092711], [1729.7602315138279, 758.3460392486073]], '압', 0.08858163718062784), ([[811.7790062702563, 938.057466464717], [906.3121180132123, 907.4290066316717], [950.2209937297437, 1069.942533535283], [855.6878819867877, 1099.5709933683283]], '꽃', 0.19854770308307934), ([[1299.5300382448713, 1141.2886657740758], [1444.9928137131794, 1226.661269023551], [1242.4699617551287, 1564.7113342259242], [1097.0071862868206, 1479.338730976449]], '_', 0.005468644389701238), ([[1001.4716385210551, 1207.01396804794], [1075.0445350037055, 1236.9024985676951], [1001.5283614789449, 1415.98603195206], [927.9554649962945, 1385.0975014323049]], '돌', 0.3174105270822771), ([[1561.9838998567855, 1208.013954786988], [1818.215475046088, 1351.135606788853], [1549.0161001432145, 1827.986045213012], [1293.784524953912, 1684.864393211147]], '푹', 0.13617086656228494), ([[2032.2941678448788, 1460.0131150272407], [2176.3032367549827, 1510.4933050596528], [2083.7058321551212, 1766.9868849727593], [1940.696763245017, 1716.5066949403472]], '콩', 0.01961658449372572)]
[([[1992, 480], [2024, 480], [2024, 512], [1992, 512]], '_', 0.027885295810680333), ([[1992, 554], [2212, 554], [2212, 632], [1992, 632]], '선생님의', 0.9918215870857239), ([[1992, 626], [2214, 626], [2214, 706], [1992, 706]], '질떡질퍽', 0.25568822026252747), ([[1968, 694], [2238, 694], [2238, 772], [1968, 772]], '피스문으로', 0.29328041769532937), ([[1966, 766], [2242, 766], [2242, 842], [1966, 842]], '가버려어엇', 0.425804288333136), ([[1998, 850], [2209, 850], [2209, 904], [1998, 904]], '~쇼', 0.11776796557407412), ([[500, 1292], [768, 1292], [768, 1540], [500, 1540]], '{#', 0.013223177003245611), ([[662.3788822244543, 102.00622300027146], [881.4055765724048, 52.3146468968552], [1005.6211177755457, 662.9937769997285], [786.5944234275952, 712.6853531031448]], '뿐', 0.039855334665972464), ([[-8.417859636513914, 112.01703912102118], [435.6624908267202, 66.86588056152405], [466.4178596365139, 645.9829608789788], [21.337509173279805, 690.134119438476]], '(', 0.27504530603451727), ([[1064.5353860064754, 391.01079913921933], [1138.6304296533863, 381.13381030258597], [1170.4646139935246, 625.9892008607807], [1096.3695703466137, 636.866189697414]], '$', 0.014145139933772699), ([[1352.5098405633285, 544.0200548726061], [1400.8314348175838, 559.3826298352194], [1363.4901594366715, 677.9799451273939], [1315.1685651824162, 662.6173701647806]], '7', 0.03218739582653374), ([[1823.1165159458544, 642.8233031891709], [1946.4017084491315, 594.9226279629098], [1964.8834840541456, 643.1766968108291], [1842.5982915508685, 691.0773720370902]], '?우+', 0.02676761873431453), ([[153.98002522678655, 664.0148652787786], [365.5755800482157, 531.0047330684835], [665.0199747732134, 1076.9851347212214], [453.4244199517843, 1208.9952669315167]], '3', 0.0530070827512239), ([[1796.4497265149012, 729.038030907289], [1829.3537744652026, 747.8200465976183], [1795.5502734850988, 808.961969092711], [1762.6462255347974, 791.1799534023817]], '알', 0.05537559443636675), ([[1749.5021047216244, 982.1899819505427], [1794.9923017660271, 1011.6717988226486], [1719.4978952783756, 1121.8100180494573], [1674.0076982339729, 1092.3282011773513]], '~', 0.018419420807195053), ([[1105.3886960463722, 1473.3880018133125], [1360.985719911297, 1329.2418970111019], [1415.6113039536278, 1460.6119981866875], [1161.014280088703, 1604.7581029888981]], '와도', 0.019565724353483516)]
