2217182
22
[([[352, 680], [875, 680], [875, 896], [352, 896]], '놀부의', 0.34299319982528687), ([[466, 888], [1374, 888], [1374, 1106], [466, 1106]], '배밀 암력진', 0.07136503284327785), ([[1105, 1153], [1321, 1153], [1321, 1267], [1105, 1267]], '명쓰;', 0.0017046499278247967), ([[1009, 1242], [1448, 1242], [1448, 1364], [1009, 1364]], '제맥어만분드', 2.960489862156577e-05)]
[([[1041, 69], [1355, 69], [1355, 134], [1041, 134]], '몸도 무거운데', 0.8823716676942499), ([[107, 99], [409, 99], [409, 185], [107, 185]], '미-월 흙', 0.025493364765284784), ([[494, 124], [616, 124], [616, 200], [494, 200]], '아니', 0.9999947737947846), ([[635, 129], [801, 129], [801, 197], [635, 197]], '여보..', 0.6663492926128018), ([[973, 139], [1429, 139], [1429, 203], [973, 203]], '또 형님께 가능거요?', 0.6137718439103736), ([[122, 822], [458, 822], [458, 898], [122, 898]], '우리 애들올', 0.628713756709718), ([[985, 857], [1382, 857], [1382, 941], [985, 941]], '정말 당신밖에', 0.7478679927970385), ([[76, 910], [488, 910], [488, 988], [76, 988]], '먹일 수 있으면', 0.886992545711026), ([[914, 946], [1454, 946], [1454, 1024], [914, 1024]], '없구려.. 그럼 올 때', 0.9125886756451013), ([[40, 998], [520, 998], [520, 1076], [40, 1076]], '제가 어떤 일이튼', 0.6388196261304517), ([[922, 1034], [1446, 1034], [1446, 1112], [922, 1112]], '형님께 김치도 좀..', 0.7878109416548588), ([[129, 1085], [481, 1085], [481, 1163], [129, 1163]], '못하켓어요0', 0.8966803392391766), ([[1128, 2052], [1488, 2052], [1488, 2148], [1128, 2148]], '감히어:늘-1', 2.45416563804903e-05), ([[1106.7864056378821, 1270.3592169136464], [1264.278576547271, 1253.904927054162], [1267.2135943621179, 1313.6407830863536], [1109.721423452729, 1330.095072945838]], '어디가?', 0.9999575614929199), ([[1014.5097478983938, 1283.1880168037358], [1102.8, 1276.4], [1104.4902521016063, 1333.8119831962642], [1017.2, 1340.6]], '엄마', 0.9982198443830838), ([[171.2682698535109, 1307.1681762529056], [304.5179772312442, 1298.0522713948221], [304.7317301464891, 1375.8318237470944], [172.48202276875585, 1384.9477286051779]], '얇 표', 0.03178160773149316), ([[1206.2111456180003, 1979.161300899001], [1381.7128084024014, 1967.092152229027], [1382.7888543819997, 2053.8386991009993], [1206.2871915975986, 2065.907847770973]], '명*차', 0.00212637101112464)]
[([[101, 1977], [259, 1977], [259, 2061], [101, 2061]], '[릇젊', 0.00024077191055434343), ([[37, 2043], [347, 2043], [347, 2127], [37, 2127]], '물히미8데', 7.736558759089897e-05)]
[([[101, 1977], [257, 1977], [257, 2061], [101, 2061]], '[역', 0.0004870224226657105), ([[37, 2043], [345, 2043], [345, 2127], [37, 2127]], '물히미8데-', 0.00016169404453948735)]
[([[101, 1977], [257, 1977], [257, 2061], [101, 2061]], '[역', 0.0006019248733738733), ([[37, 2043], [345, 2043], [345, 2127], [37, 2127]], '물히미8데-', 0.00012942182936786007)]
[([[101, 1977], [257, 1977], [257, 2061], [101, 2061]], '[역', 0.0006342624407624313), ([[37, 2043], [345, 2043], [345, 2127], [37, 2127]], '감히미8데', 0.00011602451584235281)]
[([[101, 1977], [257, 1977], [257, 2061], [101, 2061]], '[커복', 0.0005995302054237815), ([[37, 2043], [347, 2043], [347, 2129], [37, 2129]], '물리어묘', 0.0004756237321998924)]
[([[101, 1977], [257, 1977], [257, 2061], [101, 2061]], '[커복', 0.0007533938009547356), ([[37, 2043], [347, 2043], [347, 2129], [37, 2129]], '물리어묘논', 9.05339013012278e-05)]
[([[101, 1977], [257, 1977], [257, 2061], [101, 2061]], '[커복', 0.0004272635702401728), ([[36, 2041], [347, 2041], [347, 2129], [36, 2129]], '물리미만데=', 8.276582305990712e-06)]
[([[101, 1977], [257, 1977], [257, 2061], [101, 2061]], '[커복', 0.0006032289085623012), ([[36, 2041], [347, 2041], [347, 2129], [36, 2129]], '물깔미만데-', 9.685056937665082e-06)]
[([[101, 1977], [257, 1977], [257, 2061], [101, 2061]], '[커복', 0.0005166701349455148), ([[37, 2043], [347, 2043], [347, 2129], [37, 2129]], '물리어묘', 0.0005853378097526729)]
[([[130, 37], [638, 37], [638, 111], [130, 111]], '자식들은 내광겨지고', 0.29929831820908775), ([[1152, 44], [1440, 44], [1440, 100], [1152, 100]], '아주버님도 참.', 0.6810963453238137), ([[47, 117], [727, 117], [727, 185], [47, 185]], '혼자만 얻어먹으려고 오다니', 0.9098674676182232), ([[1126, 104], [1472, 104], [1472, 160], [1126, 160]], '어절 수 없잡아요.', 0.9028378659494787), ([[106, 190], [664, 190], [664, 264], [106, 264]], '엄마실격이구만 제수씨', 0.9212979674975905), ([[596, 608], [775, 608], [775, 731], [596, 731]], '주용', 0.7661788418204436), ([[1039, 717], [1144, 717], [1144, 786], [1039, 786]], '끈로', 0.00941600376643747), ([[889, 997], [1031, 997], [1031, 1057], [889, 1057]], '애들은', 0.9795641657943617), ([[801, 1059], [1173, 1059], [1173, 1123], [801, 1123]], '모유먹이면 돼요 0', 0.663179041625247), ([[1350, 1276], [1376, 1276], [1376, 1308], [1350, 1308]], '0', 0.9963104249527852), ([[1350, 1300], [1436, 1300], [1436, 1376], [1350, 1376]], '용통', 0.9277324262949812), ([[263, 1811], [305, 1811], [305, 1855], [263, 1855]], '()', 0.5907056410312789), ([[73, 2019], [197, 2019], [197, 2083], [73, 2083]], '[릇0', 0.0024385450087170495), ([[19, 2066], [264, 2066], [264, 2134], [19, 2134]], '벤하응콤논', 0.00019900057151202074), ([[1201.0846084768857, 646.55922593382], [1334.9236384939286, 611.5710374774425], [1346.9153915231143, 660.44077406618], [1213.0763615060714, 696.4289625225575]], '하아 0', 0.8146131038665771), ([[1322.2645563374508, 895.1905035185284], [1463.8743430752777, 883.9081291218586], [1465.7354436625492, 955.8094964814716], [1324.1256569247223, 967.0918708781414]], '화아0', 0.04533294919111442), ([[764.0061162653263, 1261.0550463879374], [863.5459576125511, 1294.1774818894328], [836.9938837346737, 1368.9449536120626], [737.4540423874489, 1335.8225181105672]], '움필', 0.390907429610539), ([[797.5149287499273, 1513.0597149997093], [847.9987257086951, 1535.9286169389752], [838.4850712500727, 1556.9402850002907], [788.0012742913049, 1534.0713830610248]], '099', 0.7456688294321363), ([[366.26537655636673, 1896.9857635894566], [444.5997347344787, 1843.5006631638032], [479.73462344363327, 1898.0142364105434], [401.4002652655213, 1951.4993368361968]], '만체', 0.607015914258262), ([[979.2557915924648, 1932.046332739718], [1037.8571223611036, 1985.698417253088], [1004.7442084075352, 2023.953667260282], [945.1428776388963, 1970.301582746912]], '%', 0.11905899323905089)]
[([[101, 1977], [257, 1977], [257, 2061], [101, 2061]], '[복', 0.0028267135102189515), ([[36, 2041], [347, 2041], [347, 2129], [36, 2129]], '물리미만데=', 7.597354429484111e-06)]
[([[101, 1977], [257, 1977], [257, 2061], [101, 2061]], '[;커복', 0.00046253998880274594), ([[37, 2043], [347, 2043], [347, 2129], [37, 2129]], '물리어묘', 0.0006932373507879674)]
[([[101, 1977], [257, 1977], [257, 2061], [101, 2061]], '[커복', 0.0005444102346106581), ([[36, 2041], [347, 2041], [347, 2129], [36, 2129]], '감리미8흥-', 1.5420346238413982e-05)]
[([[660, 56], [710, 56], [710, 110], [660, 110]], '이', 0.9780350985829642), ([[713, 54], [1013, 54], [1013, 139], [713, 139]], '고짓덩어리가', 0.5284804143290983), ([[673, 116], [984, 116], [984, 200], [673, 200]], '이리 커층구만', 0.32634452435838945), ([[860, 352], [938, 352], [938, 430], [860, 430]], '양', 0.9863771045360501), ([[1285, 971], [1409, 971], [1409, 1035], [1285, 1035]], '[', 0.9489423300948516), ([[1229, 1015], [1476, 1015], [1476, 1089], [1229, 1089]], '[]데러논-', 0.004608293900180722), ([[95, 1051], [381, 1051], [381, 1137], [95, 1137]], '조카라고', 0.999923825263977), ([[73, 1149], [405, 1149], [405, 1235], [73, 1235]], '해야할지.[', 0.5376780738102791), ([[144, 1210], [369, 1210], [369, 1336], [144, 1336]], '헤햇0', 0.06114961835854761), ([[314, 1364], [364, 1364], [364, 1412], [314, 1412]], '{', 0.13253012476699055), ([[1118, 1374], [1473, 1374], [1473, 1453], [1118, 1453]], '규구구 편의상', 0.42789890940946984), ([[337, 1413], [353, 1413], [353, 1455], [337, 1455]], '8', 0.998832209304684), ([[235, 1471], [335, 1471], [335, 1563], [235, 1563]], '삶@', 0.08164296393594178), ([[1110, 1446], [1470, 1446], [1470, 1532], [1110, 1532]], '조카라 하자구', 0.9993730685102403), ([[976, 1626], [1076, 1626], [1076, 1722], [976, 1722]], '쇼 !', 0.0396600104868412), ([[471, 1711], [531, 1711], [531, 1773], [471, 1773]], "걸'", 0.057788827516311786), ([[508, 1990], [648, 1990], [648, 2090], [508, 2090]], '엘너@', 0.0027933677433647024), ([[890, 2010], [1016, 2010], [1016, 2082], [890, 2082]], ')째(', 0.0031513113455569567), ([[187.26455633745076, 94.19050351852837], [310.4725281567466, 81.29825784840105], [313.73544366254924, 154.80949648147163], [191.52747184325338, 167.70174215159895]], '모두', 0.972900448905346), ([[-1.8121079572822254, 118.20793578368642], [179.18134088449415, 103.47461447488469], [180.81210795728222, 176.79206421631358], [-0.18134088449416108, 191.52538552511533]], '조카들', 0.99968753870091), ([[49.23697498069517, 196.43462244015504], [286.21647817781445, 168.32719639056222], [290.76302501930485, 244.56537755984496], [52.78352182218557, 272.6728036094378]], '먹이느라', 0.9974403381347656), ([[1243.0165201930918, 524.034586741904], [1353.0219558240833, 511.36132728278835], [1368.9834798069082, 693.965413258096], [1259.9780441759167, 706.6386727172116]], '육', 0.9927352766499666), ([[622.3313292672195, 699.1560451162637], [741.3331175707979, 692.7822048053938], [741.6686707327805, 769.8439548837363], [622.6668824292021, 777.2177951946062]], '비비점', 0.06335044832030019), ([[406.82759300860204, 1237.182798750752], [535.2041370764109, 1210.9157481769116], [551.172406991398, 1321.817201249248], [422.79586292358914, 1349.0842518230884]], '출령', 0.21649789422375218)]
[([[55, 17], [319, 17], [319, 81], [55, 81]], '아까운 젖이', 0.9977308249247688), ([[1282, 0], [1495, 0], [1495, 73], [1282, 73]], '[', 0.0041009247353179235), ([[55, 87], [321, 87], [321, 151], [55, 151]], '질질 새잡아', 0.9559907831499485), ([[1227, 53], [1500, 53], [1500, 137], [1227, 137]], '감히응레4-/', 9.117030949035665e-06), ([[63, 253], [127, 253], [127, 323], [63, 323]], '썩3', 0.008934066963414693), ([[215, 487], [313, 487], [313, 553], [215, 553]], '술론', 0.06489208323133867), ([[210, 637], [417, 637], [417, 799], [210, 799]], '교육', 0.09237672130949162), ([[1122, 702], [1364, 702], [1364, 778], [1122, 778]], '애들한터', 0.6864542365074158), ([[1055, 786], [1455, 786], [1455, 862], [1055, 862]], '먹여야되논데 ..', 0.6326931025408495), ([[119, 1327], [227, 1327], [227, 1451], [119, 1451]], '색', 0.00284976777846091), ([[571, 1371], [631, 1371], [631, 1447], [571, 1447]], '생', 0.005264878623920721), ([[1203, 1562], [1378, 1562], [1378, 1671], [1203, 1671]], '젖올', 0.4684488185223706), ([[1125, 1669], [1500, 1669], [1500, 1785], [1125, 1785]], '더 내라고', 0.7500437528825687), ([[554, 1898], [706, 1898], [706, 2054], [554, 2054]], '@', 0.012188034691980099), ([[976.8690916982868, 309.20509690697895], [1277.2493567397012, 228.33765571771607], [1314.1309083017134, 432.79490309302105], [1014.7506432602988, 513.6623442822839]], '주움', 0.11425047771025756), ([[-13.54558441227157, 771.180909114099], [196.34595417462393, 723.9012437415576], [218.54558441227158, 876.819090885901], [7.654045825376063, 924.0987562584424]], '주요', 0.014795294618426222), ([[299.2696491545933, 1007.0222461353302], [434.8711648346116, 1112.2463051948869], [369.7303508454067, 1194.97775386467], [235.12883516538838, 1089.7536948051131]], '에애', 0.0078066851802405975), ([[1350.3009308349235, 1098.1453988425565], [1487.1696786326477, 1089.2331680240134], [1487.6990691650765, 1175.8546011574435], [1351.8303213673523, 1184.7668319759866]], '먹고', 0.9880668412275224), ([[1195.3009308349235, 1120.1453988425565], [1328.781977889298, 1106.7198073174086], [1332.6990691650765, 1197.8546011574435], [1199.218022110702, 1211.2801926825914]], '먼저', 0.9998937073027052), ([[970.8757035566896, 1153.228236360772], [1176.7056283872014, 1129.079427433321], [1181.1242964433104, 1218.771763639228], [975.2943716127986, 1242.920572566679]], '어른이', 0.9864919781684875), ([[1217.516246497323, 1214.3133613395596], [1488.1274603073755, 1183.9147254269408], [1491.483753502677, 1272.6866386604404], [1221.8725396926245, 1303.0852745730592]], '먹느거지', 0.5111455917358398), ([[992.96045745888, 1246.210195802624], [1201.8287238919927, 1225.3038702702165], [1204.03954254112, 1313.789804197376], [996.1712761080072, 1334.6961297297835]], '애들이', 0.5945911447222623), ([[1069.1538461538462, 1333.7692307692307], [1415.3319613751707, 1289.406325433164], [1420.8461538461538, 1376.2307692307693], [1074.6680386248293, 1420.593674566836]], '장유유서도', 0.9968672241971962), ([[1264.7108159108866, 1398.2408347811668], [1497.8756835115682, 1376.1553250697968], [1499.2891840891134, 1466.7591652188332], [1266.1243164884318, 1489.8446749302032]], '말인가!', 0.77341677784544), ([[1044.96045745888, 1431.210195802624], [1253.8287238919927, 1410.3038702702165], [1257.03954254112, 1498.789804197376], [1048.1712761080073, 1519.6961297297835]], '모른단', 0.9400640034491444), ([[87.51260315235277, 1720.8663840980587], [325.39185577769695, 1645.8657553465257], [345.48739684764723, 1722.1336159019413], [107.60814422230308, 1797.1342446534743]], '부족하면', 0.9999364018440247), ([[2.1132466948843214, 1843.0437916183316], [474.9724838175214, 1681.823937047965], [490.8867533051157, 1759.9562083816684], [18.027516182478603, 1921.176062952035]], '또 임신시켜출테니', 0.8038166554190351)]
[([[592, 100], [682, 100], [682, 150], [592, 150]], '하아:', 0.9195782063516531), ([[739, 57], [829, 57], [829, 155], [739, 155]], '양', 0.9889760347414835), ([[1376, 94], [1472, 94], [1472, 190], [1376, 190]], '맛', 0.27324290659875317), ([[927, 105], [1103, 105], [1103, 215], [927, 215]], '아혹', 0.9180652262356827), ([[1458, 168], [1488, 168], [1488, 204], [1458, 204]], '0', 0.9999586348043046), ([[751, 448], [958, 448], [958, 569], [751, 569]], '하잇', 0.46234245166957805), ([[66, 950], [162, 950], [162, 1068], [66, 1068]], '뼈', 0.0068357535514316226), ([[498, 1258], [608, 1258], [608, 1358], [498, 1358]], '엉!', 0.28655680948037277), ([[574, 1344], [602, 1344], [602, 1378], [574, 1378]], '데', 0.18095401951563872), ([[49, 1341], [135, 1341], [135, 1441], [49, 1441]], '앗', 0.36343181167245575), ([[46, 1444], [74, 1444], [74, 1476], [46, 1476]], '0', 0.9444417523596371), ([[650, 1384], [784, 1384], [784, 1506], [650, 1506]], '하$', 0.003520777772449258), ([[364, 1706], [436, 1706], [436, 1790], [364, 1790]], '()', 0.9925740719391107), ([[134, 1836], [206, 1836], [206, 1934], [134, 1934]], '세', 0.6359402963571483), ([[75, 2029], [201, 2029], [201, 2093], [75, 2093]], '믿쓰근', 0.00011497615413767745), ([[19, 2079], [269, 2079], [269, 2147], [19, 2147]], '예하어묘분', 3.368509455748445e-05), ([[817, 2119], [853, 2119], [853, 2157], [817, 2157]], '0', 0.9998382395362206), ([[148.32891769892464, 102.14061442365536], [284.13733471206734, 93.18761806280904], [284.6710823010754, 180.85938557634464], [148.86266528793266, 189.81238193719096]], '아양', 0.8975085389146663), ([[265.93098527849406, 301.448167612687], [357.98769670852806, 283.98366531021594], [365.06901472150594, 332.551832387313], [272.01230329147194, 349.01633468978406]], '하안 =', 0.1336747202233277), ([[930.0660838501253, 706.4916431653636], [1054.2653125246638, 673.5388964589405], [1070.9339161498747, 752.5083568346364], [945.7346874753363, 785.4611035410595]], '하아_', 0.4660775591742428), ([[427.9445678927591, 1577.117740667004], [799.080614136555, 1545.9121171502534], [801.0554321072409, 1699.882259332996], [428.919385863445, 1732.0878828497466]], '빵 생장', 0.05794123596396167), ([[723.851451120269, 2001.0550916507966], [891.9739508483989, 2023.1448581094962], [873.148548879731, 2128.944908349203], [705.0260491516011, 2105.8551418905035]], '하룻', 0.39427662679135567)]
[([[845, 35], [887, 35], [887, 73], [845, 73]], '야', 0.7058393007959332), ([[904, 46], [932, 46], [932, 78], [904, 78]], '0', 0.999760642071351), ([[45, 109], [105, 109], [105, 177], [45, 177]], '이', 0.9143807993874056), ([[937, 71], [1447, 71], [1447, 155], [937, 155]], '박일 때마다 이불에', 0.5225679733799786), ([[944, 158], [1436, 158], [1436, 235], [944, 235]], '모유클 뿌려대는군', 0.3785287634902281), ([[1140, 376], [1176, 376], [1176, 408], [1140, 408]], '7', 0.9672995751608404), ([[303, 382], [424, 382], [424, 458], [303, 458]], '아양', 0.7677470912969045), ([[1180, 652], [1254, 652], [1254, 730], [1180, 730]], '꽃', 0.062196110935195614), ([[356, 930], [524, 930], [524, 1080], [356, 1080]], '셈', 0.0050412891634445955), ([[834, 995], [984, 995], [984, 1170], [834, 1170]], '상', 0.9248356353075451), ([[1164, 1040], [1314, 1040], [1314, 1224], [1164, 1224]], '상', 0.835327638979436), ([[56, 1218], [128, 1218], [128, 1296], [56, 1296]], '뭐', 0.5489229432198748), ([[1253, 1259], [1406, 1259], [1406, 1345], [1253, 1345]], '[*0', 0.006220509628610949), ([[1200, 1326], [1482, 1326], [1482, 1402], [1200, 1402]], '물하어묘분-', 0.0002197927391904863), ([[1034, 1552], [1450, 1552], [1450, 1630], [1034, 1630]], '자기 입구멍에', 0.9707566390172322), ([[1044, 1640], [1465, 1640], [1465, 1728], [1044, 1728]], '들어갈 밥이량', 0.5703534849902379), ([[1111, 1736], [1373, 1736], [1373, 1816], [1111, 1816]], '뒷구멍에', 0.94064861536026), ([[793, 1779], [925, 1779], [925, 1917], [793, 1917]], '생', 0.25196208574642753), ([[1112, 1828], [1374, 1828], [1374, 1906], [1112, 1906]], '들어오는', 0.9293348305035952), ([[1045, 1918], [1439, 1918], [1439, 1998], [1045, 1998]], '자지생각뿐인', 0.537210084282421), ([[1078, 2008], [1429, 2008], [1429, 2092], [1078, 2092]], '암돼지니까', 0.8906344055687092), ([[116.15384615384615, 90.76923076923077], [405.16077978310955, 49.98999828361996], [411.84615384615387, 133.23076923076923], [121.83922021689042, 174.01000171638003]], '발칙한년 .', 0.6005734098304712), ([[113.63663603001844, 181.58258088405162], [364.98349657148935, 144.607188901166], [371.36336396998155, 228.41741911594838], [120.01650342851066, 264.392811098834]], '애들한터', 0.45243754982948303), ([[45.42507074287456, 282.85504244572473], [485.46349856067997, 217.7685614670849], [495.57492925712546, 299.14495755427527], [56.53650143932005, 364.2314385329151]], '먹여야한다더니', 0.9547070293675266), ([[1203.8853729282278, 369.0893121550115], [1306.5516345932683, 385.53502856886934], [1295.1146270717722, 444.9106878449885], [1192.4483654067317, 428.46497143113066]], '기분', 0.9989299749745468), ([[1309.0748539593628, 381.06140469522154], [1453.8548229365497, 409.58176077174835], [1438.9251460406372, 469.93859530477846], [1295.1451770634503, 442.41823922825165]], '좋아서', 0.9988066609996077), ([[1150.1626818219506, 424.0502591221897], [1391.9781668100425, 462.447561794205], [1378.8373181780494, 520.9497408778103], [1138.0218331899575, 482.552438205795]], '죄송해요오.', 0.99829043812596), ([[183.2285772529677, 559.1314675948837], [333.5553735085641, 548.7408790400056], [334.7714227470323, 649.8685324051163], [185.44462649143586, 661.2591209599944]], '속 $', 0.10536541789770126), ([[170.7000105999682, 1193.520016959949], [503.1992326464055, 1141.0790155933353], [512.2999894000318, 1226.479983040051], [179.8007673535945, 1278.9209844066647]], '용서해주지', 0.9997829640067966), ([[263.8619705569882, 1270.896335225374], [530.8842590685742, 1224.4097994812366], [540.1380294430119, 1311.103664774626], [273.1157409314257, 1357.5902005187634]], '남편이나', 0.9997120499610901), ([[56.32356136213905, 1308.3648209037005], [253.6269797009766, 1279.9428050028757], [260.67643863786094, 1363.6351790962995], [62.37302029902342, 1392.0571949971243]], '네년은', 0.9993118454019367), ([[464.03883864861814, 1325.1941932430907], [596.8291055505075, 1309.7786571964718], [601.9611613513819, 1394.8058067569093], [469.1708944494925, 1411.2213428035282]], '없고', 0.971062752164247), ([[249.45506700720355, 1364.3292546273735], [451.5706778151506, 1334.8479633358365], [458.5449329927964, 1421.6707453726265], [256.4293221848494, 1452.1520366641635]], '생각은', 0.9996906357200763), ([[39.51624649732296, 1403.3133613395596], [240.61311609160768, 1374.9192292718044], [246.48375350267705, 1461.6866386604404], [45.38688390839231, 1490.0807707281956]], '자식들', 0.99983034703267), ([[-13.871832634470952, 1726.5332351503755], [85.32812615447082, 1699.0324987069928], [100.87183263447095, 1767.4667648496245], [-0.3281261544708185, 1794.9675012930072]], '헤녕드', 0.029743667683824533), ([[99.53846153846153, 1775.6923076923076], [217.94565105402822, 1739.2435783476951], [236.46153846153845, 1816.3076923076924], [118.05434894597178, 1852.7564216523049]], '혜빛', 0.1021011961427316)]
[([[830, 100], [950, 100], [950, 176], [830, 176]], '혜빛-', 0.024416287262575276), ([[1175, 53], [1448, 53], [1448, 161], [1175, 161]], '맞아요오', 0.9377499787896696), ([[1222, 154], [1390, 154], [1390, 243], [1222, 243]], '꿀꿀!', 0.8093555744270101), ([[89, 202], [337, 202], [337, 316], [89, 316]], '울어보%', 0.08060672134160995), ([[1119, 463], [1203, 463], [1203, 563], [1119, 563]], '더', 0.9985583259958872), ([[0, 1007], [113, 1007], [113, 1099], [0, 1099]], '사썩', 0.0010092295100557129), ([[733, 1113], [799, 1113], [799, 1185], [733, 1185]], '새', 0.04846060715435052), ([[898, 1186], [1060, 1186], [1060, 1260], [898, 1260]], '오욕!', 0.6902296293368781), ([[478, 1270], [600, 1270], [600, 1368], [478, 1368]], '꿀!', 0.9939757162444193), ([[36, 2036], [315, 2036], [315, 2126], [36, 2126]], '[히미묘빼옛', 0.0002340240582813209), ([[84.14592140802175, 26.17338346251529], [297.9898986883727, 10.620305767203046], [298.85407859197824, 98.82661653748471], [85.01010131162731, 114.37969423279695]], '맞으면', 0.9973779335710814), ([[59.71081591088655, 126.24083478116681], [341.1915577978622, 103.86089989818625], [341.28918408911346, 194.7591652188332], [59.808442202137826, 218.13910010181377]], '돼지처럼', 0.9976649284362793), ([[1229.993100556443, 446.15584356123566], [1422.483264946124, 422.3122723728423], [1429.006899443557, 535.8441564387643], [1236.516735053876, 558.6877276271578]], '크게', 0.9972158199377206), ([[1075.8973045497544, 600.3481400189196], [1494.9475603587773, 550.6745253023024], [1499.1026954502456, 671.6518599810804], [1080.0524396412227, 721.3254746976976]], '울지못해!', 0.533783596903897), ([[1252.693424244699, 826.0078375100252], [1299.7610888742151, 838.6730507578272], [1242.306575755301, 1052.9921624899748], [1195.2389111257849, 1040.3269492421728]], "'", 0.44454954026807414), ([[-19.39549875050866, 1185.4180049979655], [266.89056858246806, 1133.609845821255], [278.39549875050864, 1252.5819950020345], [-7.89056858246806, 1304.390154178745]], '꿀꾸울다', 0.09419536590576172), ([[1041.1378329888003, 1923.2580814384014], [1436.444288784944, 1874.117956589999], [1441.8621670111997, 2009.7419185615986], [1046.555711215056, 2059.882043410001]], '오고곡!', 0.9972508549690247), ([[95.14703578155168, 1988.217550282517], [233.85502099108078, 1975.8758410297562], [235.8529642184483, 2045.782449717483], [97.14497900891921, 2058.1241589702436]], '[*', 0.03676860031799348)]
[([[991, 31], [1310, 31], [1310, 130], [991, 130]], '아주버님', 0.9966780543327332), ([[0, 112], [263, 112], [263, 268], [0, 268]], '(하룻', 0.03920459878479963), ([[1011, 148], [1267, 148], [1267, 240], [1011, 240]], '자지로', 0.9992113700932057), ([[607, 185], [939, 185], [939, 437], [607, 437]], "'장상", 0.4229405095219272), ([[536, 502], [634, 502], [634, 582], [536, 582]], '젓;', 0.007938953642621106), ([[182, 740], [244, 740], [244, 788], [182, 788]], '아0', 0.2212355588746008), ([[11, 959], [159, 959], [159, 1093], [11, 1093]], '앗!', 0.12327864840868061), ([[1214, 1175], [1461, 1175], [1461, 1316], [1214, 1316]], '하맛', 0.28537322676520793), ([[153, 1375], [305, 1375], [305, 1507], [153, 1507]], '양', 0.9738452051863078), ([[445, 1605], [569, 1605], [569, 1721], [445, 1721]], '떼', 0.017527674322886933), ([[0, 1685], [293, 1685], [293, 1820], [0, 1820]], '씨받이', 0.9982394446083507), ([[648, 1706], [818, 1706], [818, 1858], [648, 1858]], '가 ', 0.07256860288591173), ([[45, 1826], [241, 1826], [241, 1943], [45, 1943]], '교배', 0.9997868278957208), ([[1159, 1812], [1395, 1812], [1395, 1961], [1159, 1961]], '당해', 0.9999469796762668), ([[89, 2015], [223, 2015], [223, 2081], [89, 2081]], '[차', 0.03920257588862953), ([[1070, 1969], [1435, 1969], [1435, 2130], [1070, 2130]], '버려엇', 0.9062658773874928), ([[14, 2068], [300, 2068], [300, 2142], [14, 2142]], '[귀8논', 0.0009444362367503345), ([[330.19161113964105, 1157.1496668378463], [517.5015679098827, 1143.457418719235], [517.808388860359, 1238.8503331621537], [330.49843209011726, 1252.542581280765]], '아양', 0.9290506068198264)]
[([[820, 25], [1472, 25], [1472, 208], [820, 208]], '으랫 자궁으로', 0.6498150025726885), ([[817, 178], [1477, 178], [1477, 314], [817, 314]], '전부 받아내라고', 0.9974926085868363), ([[355, 377], [513, 377], [513, 539], [355, 539]], ',', 0.0063039262600784185), ([[412, 1084], [438, 1084], [438, 1136], [412, 1136]], '!', 0.9977651222135506), ([[41, 1359], [151, 1359], [151, 1481], [41, 1481]], '들', 0.9950085140717988), ([[33, 2035], [347, 2035], [347, 2123], [33, 2123]], '[]@묘논', 0.024036654006897872), ([[1233.9881603519013, 919.0366128562395], [1405.3390344458428, 968.7490989128632], [1368.0118396480987, 1084.9633871437604], [1196.6609655541572, 1035.2509010871368]], '꿀력', 0.6263200191418061), ([[746.415027867683, 1018.1976811399395], [917.9353432909073, 970.2054737779138], [948.584972132317, 1116.8023188600605], [777.0646567090927, 1165.7945262220862]], "골럭'", 0.08332495142627114), ([[64.62296942084966, 1111.531205204634], [425.265221339067, 1069.0471237231652], [429.37703057915036, 1163.468794795366], [69.73477866093297, 1205.9528762768348]], '응기이앗..:', 0.14259253845026784), ([[122.4115995669363, 1184.2107573583114], [446.9683020926301, 1142.1970174517032], [453.58840043306367, 1276.7892426416886], [129.03169790736987, 1319.8029825482968]], '아기씨', 0.9998481036331393), ([[141.20870111694387, 1335.4556745794698], [628.7517136897178, 1270.8042802503185], [635.7912988830561, 1407.5443254205302], [149.24828631028223, 1472.1957197496815]], '어온다앗!', 0.8061365068604937), ([[95.00039988003999, 1972.201959412196], [256.47327165632413, 1956.6892874830082], [258.99960011996, 2040.798040587804], [97.52672834367587, 2056.3107125169918]], '[@커제', 0.003969861660152674)]
