2220099
62
[([[235, 145], [509, 145], [509, 213], [235, 213]], '히. 히후미!!', 0.3266377510385418), ([[269, 223], [479, 223], [479, 285], [269, 285]], '도와취빛!!', 0.33548409132094187), ([[103, 296], [641, 296], [641, 365], [103, 365]], '자지가 터저버릿 것 같아]', 0.20951366245495107), ([[1133, 447], [1456, 447], [1456, 513], [1133, 513]], '서 . 선생님 !??', 0.5638643568523363), ([[1105, 516], [1480, 516], [1480, 588], [1105, 588]], '갑자기 원가요 !?', 0.858583531027022), ([[1100, 2165], [1551, 2165], [1551, 2228], [1100, 2228]], '[리.욕서어,-아김/명어영]어명', 1.2710196867939352e-07)]
[([[196, 210], [280, 210], [280, 264], [196, 264]], '웃  .!', 0.493312651395533), ([[1278, 374], [1388, 374], [1388, 430], [1278, 430]], '응.9', 0.5702650005830188)]
[([[142, 164], [326, 164], [326, 218], [142, 218]], '자! 잘보럼', 0.788086459866533), ([[1254, 196], [1378, 196], [1378, 246], [1254, 246]], '이대로', 0.9998562937072829), ([[95, 221], [374, 221], [374, 281], [95, 281]], '히후미가 열심히', 0.8372792070380121), ([[1214, 256], [1418, 256], [1418, 312], [1214, 312]], '아기방까지', 0.9973476316138533), ([[116, 284], [354, 284], [354, 336], [116, 336]], '폐로페로해서', 0.933997312148309), ([[77, 342], [395, 342], [395, 399], [77, 399]], '미끌미끌해진 덕에', 0.7102780733483186), ([[1211, 313], [1426, 313], [1426, 378], [1211, 378]], '주육 넣어도', 0.6249097439691829), ([[28, 404], [448, 404], [448, 460], [28, 460]], '귀두가 쉽계 들어갖단다!', 0.3749891649762951), ([[1217, 379], [1421, 379], [1421, 439], [1217, 439]], '괜찮켓니?', 0.5713407712236783), ([[1060, 486], [1092, 486], [1092, 522], [1060, 522]], '6', 0.21569913215404668), ([[143.27982082519213, 1238.0780290771136], [242.62466212926356, 1141.0102712703876], [450.72017917480787, 1385.9219709228864], [351.3753378707364, 1482.9897287296124]], '둘', 0.15981649894800753)]
[([[87, 167], [419, 167], [419, 227], [87, 227]], '네 . 잘 모르켓지만', 0.554763971900218), ([[1286, 204], [1392, 204], [1392, 260], [1286, 260]], '크흡', 0.9604912184191458), ([[152, 232], [358, 232], [358, 288], [152, 288]], '선생님께서', 0.7972713638808833), ([[1177, 267], [1511, 267], [1511, 329], [1177, 329]], '고맙구나 히후미!', 0.36391737919868666), ([[100, 296], [408, 296], [408, 352], [100, 352]], '나아질 수 있다면', 0.7754561452853828), ([[154, 356], [333, 356], [333, 418], [154, 418]], '해주세요', 0.9999746084213257), ([[1213, 331], [1475, 331], [1475, 394], [1213, 394]], '그럼단숨에..!', 0.600103447177917), ([[593, 1555], [667, 1555], [667, 1617], [593, 1617]], '안', 0.017798285567153016), ([[632, 1608], [686, 1608], [686, 1682], [632, 1682]], '육', 0.9886782585822971), ([[871.077056563362, 1568.0474486646115], [930.5316145267899, 1532.0157144972509], [1013.922943436638, 1682.9525513353885], [955.4683854732101, 1718.9842855027491]], '콩', 0.03851786097712662)]
[([[190, 196], [366, 196], [366, 250], [190, 250]], '오옷.!!!', 0.4693684474407374), ([[548, 1520], [662, 1520], [662, 1618], [548, 1618]], '요', 0.035837226471102435), ([[893, 1493], [1053, 1493], [1053, 1633], [893, 1633]], '움;', 0.45355762780302245)]
[([[1215, 157], [1435, 157], [1435, 217], [1215, 217]], '훌륭하구나!', 0.8019562723725583), ([[206, 220], [292, 220], [292, 274], [206, 274]], '웃  !', 0.5573442578315735), ([[1139, 219], [1511, 219], [1511, 279], [1139, 279]], '안쪽이 미끌미골하게', 0.6532771593924684), ([[145, 283], [353, 283], [353, 343], [145, 343]], '웃!! 웃.!', 0.5943762057758071), ([[1182, 283], [1467, 283], [1467, 339], [1182, 339]], '조여와서 선생님', 0.6203208141667075), ([[1199, 343], [1451, 343], [1451, 403], [1199, 403]], '기분 중단다 .!', 0.40365194515524855), ([[517, 1763], [729, 1763], [729, 1896], [517, 1896]], '유', 0.0763014364011605), ([[887.9714880870245, 1462.0407498965076], [1058.47842851957, 1508.3546163875415], [1026.0285119129755, 1613.9592501034924], [855.52157148043, 1567.6453836124585]], '%%%', 0.015477361753124926), ([[500.1354220598544, 1500.1344122129954], [692.5870953238344, 1480.4559021345133], [696.8645779401456, 1594.8655877870046], [504.41290467616557, 1614.5440978654867]], '/사', 0.04946070946316129), ([[908.3468638921903, 1730.105538359084], [1099.7970718949482, 1717.759610611623], [1099.6531361078098, 1833.894461640916], [908.2029281050519, 1846.240389388377]], '전격', 0.054333940662584464)]
[([[105, 127], [369, 127], [369, 187], [105, 187]], '히후미! 선생님', 0.8903494535641769), ([[31, 191], [453, 191], [453, 251], [31, 251]], '바로 싸버려도 괜찮지!?', 0.7333999144850181), ([[51, 253], [433, 253], [433, 313], [51, 313]], '이대로 기분 좋아제도', 0.7475750349277844), ([[1287, 301], [1371, 301], [1371, 345], [1287, 345]], '네 !', 0.7323002193119404), ([[139, 317], [347, 317], [347, 377], [139, 377]], '괜찮켓지!?', 0.8078511829581407), ([[1233, 361], [1429, 361], [1429, 421], [1233, 421]], '괜찮아요', 0.9942196011543274), ([[500, 1492], [710, 1492], [710, 1642], [500, 1642]], '{제텔', 0.007808773554416807), ([[473, 1738], [697, 1738], [697, 1871], [473, 1871]], '((7', 0.008799557211295038), ([[881, 1691], [1101, 1691], [1101, 1825], [881, 1825]], '찌붕', 0.298686846873203), ([[835.2686610972654, 1504.250769925233], [1063.743120732372, 1460.6673093126938], [1077.7313389027347, 1587.749230074767], [850.2568792676279, 1630.3326906873062]], '#기벽', 0.0006015711428363648)]
[([[200, 252], [316, 252], [316, 308], [200, 308]], '옷..!', 0.30556637048721313), ([[1177, 255], [1451, 255], [1451, 317], [1177, 317]], '느오오오옷!', 0.8017370206859682), ([[426, 732], [620, 732], [620, 902], [426, 902]], '뜻플', 0.08716494670869397), ([[156.91756870515997, 1075.0266447147471], [484.00082299421445, 1140.4451976715027], [439.08243129484003, 1321.9733552852529], [111.99917700578553, 1256.5548023284973]], '심다', 0.0031652184696977282)]
[([[69, 137], [419, 137], [419, 197], [69, 197]], '옷 .! 옷..!! 히후미.!', 0.34912107417941857), ([[65, 203], [419, 203], [419, 265], [65, 265]], '안쪽에 선생님 정액', 0.9923427459394921), ([[133, 269], [351, 269], [351, 329], [133, 329]], '들어오는게', 0.639048296658323), ([[140, 336], [346, 336], [346, 390], [140, 390]], '느껴지니!?', 0.4961969980086017), ([[1234, 364], [1446, 364], [1446, 416], [1234, 416]], '네 네에.9', 0.3757661609091482), ([[206, 1302], [304, 1302], [304, 1358], [206, 1358]], '후우.', 0.8614010017750994), ([[172, 1368], [352, 1368], [352, 1422], [172, 1422]], '그래 그럼', 0.9990030423526335), ([[129, 1429], [393, 1429], [393, 1491], [129, 1491]], '어떤 기분인지', 0.9980533792029538), ([[170, 1498], [356, 1498], [356, 1554], [170, 1554]], '말해주럼!', 0.5121687889589398), ([[549, 1515], [657, 1515], [657, 1625], [549, 1625]], '$', 0.021358282934802242), ([[890, 1592], [990, 1592], [990, 1708], [890, 1708]], '뜻', 0.007298146775610803), ([[1212, 1788], [1310, 1788], [1310, 1838], [1212, 1838]], '그게', 0.9990117152050826), ([[1087, 1851], [1445, 1851], [1445, 1913], [1087, 1913]], '따뜻한게 광충광충', 0.5451945535357589), ([[1181, 1917], [1355, 1917], [1355, 1977], [1181, 1977]], '들어오는', 0.9436968564987183), ([[1147, 1983], [1367, 1983], [1367, 2043], [1147, 2043]], '기분이에요', 0.776822319350277)]
[([[90, 154], [368, 154], [368, 210], [90, 210]], '크옥 . 광충광충', 0.3387706019315827), ([[58, 214], [395, 214], [395, 275], [58, 275]], '이라니정말 훌륭한', 0.9685353953746273), ([[112, 277], [347, 277], [347, 333], [112, 333]], '표현이구나  !', 0.6599762958626996), ([[1187, 339], [1427, 339], [1427, 399], [1187, 399]], '감사합니다 .', 0.668313064707639), ([[873, 529], [955, 529], [955, 593], [873, 593]], "'@", 0.8168856989542713), ([[613, 1653], [697, 1653], [697, 1749], [613, 1749]], '똑', 0.03410445132557527), ([[622, 1752], [702, 1752], [702, 1918], [622, 1918]], '유', 0.38740934366331103), ([[926.7196312006711, 573.4635574408053], [967.5662216949966, 565.7562357127969], [971.2803687993289, 588.5364425591947], [930.4337783050034, 595.2437642872031]], '@@0', 0.13347901339697635)]
[([[180, 256], [310, 256], [310, 312], [180, 312]], '옷사9', 0.5695135821381463), ([[564, 1392], [688, 1392], [688, 1526], [564, 1526]], '뼈', 0.7105165469867281)]
[([[197, 141], [567, 141], [567, 205], [197, 205]], '크옥 .! 극비임무릎', 0.4744717860576392), ([[267, 211], [497, 211], [497, 275], [267, 275]], '수행하던중', 0.8339511638592532), ([[263, 280], [499, 280], [499, 346], [263, 346]], '적의 숨격에', 0.4514099506138378), ([[119, 351], [643, 351], [643, 415], [119, 415]], '자지가 이렇게 돼버려다고', 0.7492189120617272), ([[760, 632], [790, 632], [790, 660], [760, 660]], '9', 0.14906989160337858), ([[1070, 614], [1453, 614], [1453, 677], [1070, 677]], '이대로 두면 선생님', 0.9751850888286429), ([[1011, 682], [1515, 682], [1515, 745], [1011, 745]], '정말 죽어버질지도 올라]!', 0.3391538940695131), ([[1054, 749], [1470, 749], [1470, 816], [1054, 816]], '히후미가 빨리 빨아서', 0.8775717022850683), ([[1091, 821], [1437, 821], [1437, 885], [1091, 885]], '진정시켜 쥐야해]', 0.5362515598504664), ([[892, 941], [1058, 941], [1058, 1075], [892, 1075]], '[문지', 0.16046804612828483), ([[662, 1316], [826, 1316], [826, 1462], [662, 1462]], '@', 0.7853056669909542), ([[356, 1914], [422, 1914], [422, 1968], [356, 1968]], '에', 0.999781501308977), ([[267, 1987], [531, 1987], [531, 2051], [267, 2051]], '에에에 !?!?', 0.8530087671676647)]
[([[198, 72], [292, 72], [292, 128], [198, 128]], '후우.', 0.8028633740038916), ([[124, 136], [380, 136], [380, 192], [124, 192]], '정말 고맙구나', 0.9562950355210552), ([[125, 195], [377, 195], [377, 257], [125, 257]], '히후미 덕분에', 0.8266609613421563), ([[144, 258], [358, 258], [358, 318], [144, 318]], '선생님 한결', 0.9991994986114897), ([[1279, 273], [1337, 273], [1337, 313], [1279, 313]], '네.', 0.9454221703472434), ([[118, 324], [388, 324], [388, 380], [118, 380]], '진정되없단다?', 0.3680031369809647), ([[1136, 330], [1432, 330], [1432, 386], [1136, 386]], '정말 다행이에요', 0.9982234043278562), ([[1445, 333], [1485, 333], [1485, 375], [1445, 375]], '0', 0.9713970101447558), ([[894, 515], [986, 515], [986, 584], [894, 584]], '술', 0.028314163314411056), ([[814, 1644], [896, 1644], [896, 1724], [814, 1724]], '다', 0.07097863544922589), ([[812, 1720], [916, 1720], [916, 1822], [812, 1822]], '특', 0.7455183012025692)]
[([[454, 28], [792, 28], [792, 196], [454, 196]], '만델,', 0.020507202270221386), ([[127, 851], [395, 851], [395, 911], [127, 911]], '저기. 선생님 .', 0.8239975048810317), ([[901, 714], [1238, 714], [1238, 914], [901, 914]], '"반족', 0.2625193862255443), ([[101, 917], [427, 917], [427, 979], [101, 979]], '갑자기 가슴은 왜', 0.8398753374809647), ([[105, 985], [427, 985], [427, 1045], [105, 1045]], '만지논 건가요 ?', 0.8140037453012948), ([[1253, 1527], [1387, 1527], [1387, 1639], [1253, 1639]], "'이", 0.8423120322262241)]
[([[209, 829], [261, 829], [261, 873], [209, 873]], '아', 0.9999507671693983), ([[73, 889], [417, 889], [417, 949], [73, 949]], '선생님도 히후미틀', 0.6111546606587618), ([[25, 955], [465, 955], [465, 1015], [25, 1015]], '기분쫓게 해주고 싶어서', 0.6072934745275409), ([[159, 1021], [335, 1021], [335, 1081], [159, 1081]], '그렇단다', 0.711166501045227), ([[1290, 1538], [1368, 1538], [1368, 1620], [1290, 1620]], '0', 0.980183458817411), ([[1122, 1766], [1300, 1766], [1300, 1822], [1122, 1822]], '혹시별로', 0.9994427561759949), ([[1059, 1829], [1363, 1829], [1363, 1891], [1059, 1891]], '기분쫓지않니 ?', 0.6270128185405981), ([[1127, 1895], [1295, 1895], [1295, 1955], [1127, 1955]], '(시무록)', 0.6132203697637505)]
[([[146, 872], [202, 872], [202, 920], [146, 920]], '아', 0.9998449147276212), ([[218, 870], [396, 870], [396, 926], [218, 926]], '아니에요', 0.9992056488990784), ([[109, 933], [465, 933], [465, 996], [109, 996]], '정말 기분 좋아요 !', 0.5747469594044544), ([[107, 999], [471, 999], [471, 1061], [107, 1061]], '감사합니다 선생님:', 0.5525297049637737), ([[1296, 1538], [1368, 1538], [1368, 1618], [1296, 1618]], '0', 0.9888590289684238), ([[1226, 1724], [1326, 1724], [1326, 1776], [1226, 1776]], '역시!', 0.4275237804480799), ([[1085, 1783], [1463, 1783], [1463, 1843], [1085, 1843]], '히후미 젖꼭지가 점점', 0.9049199355380568), ([[1104, 1845], [1444, 1845], [1444, 1907], [1104, 1907]], '빠빠해지논거 보고', 0.20925810687978194), ([[1047, 1909], [1501, 1909], [1501, 1969], [1047, 1969]], '어느정도 눈치없단다0', 0.27067125658591984)]
[([[480, 336], [664, 336], [664, 460], [480, 460]], '유>', 0.025781822088172597), ([[981, 353], [1129, 353], [1129, 491], [981, 491]], '봄_', 0.1723151558039816), ([[173, 739], [319, 739], [319, 799], [173, 799]], '히후미!', 0.8674556016921997), ([[135, 805], [357, 805], [357, 865], [135, 865]], '그럼 한번더', 0.8288104291476299), ([[51, 871], [443, 871], [443, 931], [51, 931]], '넣어서 선생님도 같이', 0.8812583094444953), ([[111, 937], [377, 937], [377, 997], [111, 997]], '기분 좋아저도', 0.8225226320548882), ([[145, 1001], [347, 1001], [347, 1063], [145, 1063]], '괜찮켓지?', 0.6734317495564527), ([[1282, 1532], [1378, 1532], [1378, 1636], [1282, 1636]], '0', 0.3728536810162133), ([[1112, 1798], [1210, 1798], [1210, 1848], [1112, 1848]], '네 ?', 0.8099264136956902), ([[1098, 1862], [1196, 1862], [1196, 1916], [1098, 1916]], '네에', 0.9989003130248053)]
[([[344, 184], [562, 184], [562, 382], [344, 382]], '공', 0.021739692078548423), ([[1037, 123], [1247, 123], [1247, 361], [1037, 361]], '퍽', 0.48323260324471357), ([[208, 767], [341, 767], [341, 843], [208, 843]], '웃사!', 0.6713285280676269), ([[1285, 1535], [1375, 1535], [1375, 1629], [1285, 1629]], '0', 0.8102073587548695), ([[1090, 1780], [1190, 1780], [1190, 1834], [1090, 1834]], '아이', 0.6241100358358782)]
[([[955, 0], [1269, 0], [1269, 207], [955, 207]], '{문', 0.005921077329671912), ([[278, 354], [598, 354], [598, 570], [278, 570]], '오든', 0.01756824125181915), ([[111, 765], [397, 765], [397, 827], [111, 827]], '어떻니 히후미?', 0.8539865145996158), ([[101, 833], [405, 833], [405, 893], [101, 893]], '이번엔 정액으로', 0.9963808673211635), ([[127, 897], [381, 897], [381, 959], [127, 959]], '미끌미끌해서', 0.4461601214784046), ([[111, 961], [399, 961], [399, 1025], [111, 1025]], '훨씬 기분쫓지?', 0.8489655583293915), ([[610, 1296], [746, 1296], [746, 1398], [610, 1398]], '@?', 0.781122485790929), ([[1293, 1430], [1443, 1430], [1443, 1527], [1293, 1527]], '[@', 0.4757803236195956), ([[1155, 1723], [1239, 1723], [1239, 1767], [1155, 1767]], '네 !', 0.9581034183502197), ([[1055, 1781], [1279, 1781], [1279, 1843], [1055, 1843]], '기분좋아요', 0.9648613465211489), ([[298.05380628796934, 65.19816653097288], [653.3813879748303, -5.486561906891756], [674.9461937120307, 182.80183346902712], [319.6186120251697, 253.48656190689175]], '효텔 ', 0.014008093722773418), ([[989.4269419879445, 374.1582301023498], [1343.1719653152425, 315.91184020571745], [1357.5730580120555, 496.8417698976502], [1004.8280346847575, 554.0881597942825]], '모중데', 0.011083624338270476)]
[([[293, 0], [678, 0], [678, 219], [293, 219]], '무안', 0.2774175797555551), ([[917, 0], [1318, 0], [1318, 224], [917, 224]], '[준', 0.15653961701778524), ([[204, 336], [570, 336], [570, 560], [204, 560]], '@듯', 0.10061859104382731), ([[220, 708], [369, 708], [369, 769], [220, 769]], '자 그럼', 0.8590380181284268), ([[123, 775], [467, 775], [467, 837], [123, 837]], '키스하자 히후미!', 0.5141314551478275), ([[184, 841], [405, 841], [405, 909], [184, 909]], '선생님이량', 0.5737338182866507), ([[183, 913], [407, 913], [407, 975], [183, 975]], '키스하면서', 0.9996682861481746), ([[145, 981], [447, 981], [447, 1041], [145, 1041]], '같이 가버리자]', 0.24096011773162077), ([[1288, 1540], [1366, 1540], [1366, 1618], [1288, 1618]], '0', 0.9826026348651453), ([[1056, 1672], [1112, 1672], [1112, 1726], [1056, 1726]], '그.', 0.5888790777882479), ([[1129, 1669], [1227, 1669], [1227, 1729], [1129, 1729]], '그건', 0.999492758219429), ([[1050, 1739], [1232, 1739], [1232, 1799], [1050, 1799]], '안돼요 !', 0.3646530151681916), ([[979, 1807], [1303, 1807], [1303, 1867], [979, 1867]], '키스하면 아기가', 0.9986206030878783), ([[1011, 1875], [1273, 1875], [1273, 1937], [1011, 1937]], '생겨버려요 !', 0.6674279579171588), ([[1309, 2056], [1480, 2056], [1480, 2116], [1309, 2116]], '뭐  뒷.!?', 0.157601850085764), ([[1013.1362307475484, 380.07563819484574], [1415.0506612447296, 351.7318597963504], [1414.8637692524517, 548.9243618051543], [1011.9493387552706, 578.2681402036496]], '꾸임', 0.01870374923066635)]
[([[242, 55], [434, 55], [434, 299], [242, 299]], '밖', 0.19377037352266147), ([[348, 246], [516, 246], [516, 440], [348, 440]], '옷', 0.48080384315918323), ([[1105, 0], [1274, 0], [1274, 604], [1105, 604]], '못', 0.05722068013681558), ([[200, 500], [310, 500], [310, 554], [200, 554]], '옷 !!', 0.5403429269790649), ([[125, 565], [385, 565], [385, 621], [125, 621]], '오오오오옷!', 0.23489958878225223), ([[1378, 1408], [1494, 1408], [1494, 1504], [1378, 1504]], '@', 0.07336899089983717)]
[([[1013, 287], [1362, 287], [1362, 471], [1013, 471]], '표웃', 0.05165646111033076), ([[205, 705], [319, 705], [319, 767], [205, 767]], '옷. !', 0.20010199437978213), ([[185, 781], [339, 781], [339, 843], [185, 843]], '옷. !!!!', 0.3432241531496601), ([[336.91222320256384, 232.0269086917894], [632.8150502655543, 296.87724193570733], [585.0877767974362, 477.9730913082106], [290.1849497344457, 414.12275806429267]], '잔월', 0.07023577080004699), ([[756.3847043755746, 1405.0316324430744], [806.089621930621, 1418.6096705744803], [779.6152956244254, 1513.9683675569256], [729.910378069379, 1500.3903294255197]], '1', 0.46718315724206505)]
[([[1115, 217], [1259, 217], [1259, 279], [1115, 279]], '오옷]', 0.4247635006904602), ([[1033, 287], [1341, 287], [1341, 351], [1033, 351]], '그거야 히후미!', 0.6769140005922262), ([[991, 359], [1381, 359], [1381, 427], [991, 427]], '그대로 사탕빨듯이', 0.7436561451235487), ([[1041, 435], [1333, 435], [1333, 499], [1041, 499]], '혀름 물려취]!', 0.1595744677016878), ([[877, 893], [1011, 893], [1011, 1055], [877, 1055]], '품', 0.45343438638843736)]
[([[454, 55], [638, 55], [638, 413], [454, 413]], '흙', 0.1863233543804519), ([[107, 819], [395, 819], [395, 881], [107, 881]], '하아.하아.0', 0.36103886838514315), ([[1255, 1527], [1383, 1527], [1383, 1637], [1255, 1637]], "'이=", 0.1697614940816245)]
[([[237, 791], [339, 791], [339, 851], [237, 851]], '후우', 0.9948027064012587), ([[111, 857], [475, 857], [475, 917], [111, 917]], '무리한 부탁올 해서', 0.6078682233460729), ([[97, 923], [489, 923], [489, 983], [97, 983]], '미안하구나 키스하면', 0.849930584984421), ([[101, 989], [487, 989], [487, 1049], [101, 1049]], '아기가 생겨버리논길', 0.27957416679496944), ([[139, 1053], [451, 1053], [451, 1115], [139, 1115]], '순간 깜빠쾌단다', 0.21919622196262326), ([[1311, 1451], [1427, 1451], [1427, 1537], [1311, 1537]], '@', 0.8749225530597329), ([[983, 1687], [1288, 1687], [1288, 1747], [983, 1747]], '다음부런 이렇게', 0.6592185773712218), ([[1005, 1753], [1267, 1753], [1267, 1813], [1005, 1813]], '보지에 정액만', 0.9978450388337042), ([[951, 1817], [1323, 1817], [1323, 1879], [951, 1879]], '싸죽테니안심하럼?', 0.3382513194342875), ([[1286, 1946], [1380, 1946], [1380, 1994], [1286, 1994]], '네에', 0.9988048403756461), ([[1147, 2003], [1495, 2003], [1495, 2063], [1147, 2063]], '감사합나다 선생님 .', 0.702598129505912), ([[80, 2172], [528, 2172], [528, 2228], [80, 2228]], '[3+욕@@마기</명어커칭톤명', 1.2539903190096094e-05), ([[566.325494672668, 277.01422374223256], [768.6483802501043, 435.6641049854429], [681.674505327332, 545.9857762577674], [479.35161974989575, 387.3358950145571]], '%@', 0.033786170753374), ([[657.7437825857835, 1350.065934564943], [783.4293375595577, 1369.0646046409022], [765.2562174142165, 1468.934065435057], [639.5706624404423, 1450.9353953590978]], '술', 0.009254134047233187)]
[([[1100, 2165], [1551, 2165], [1551, 2228], [1100, 2228]], '[리.욕~어,-아김/ 어영]어명', 9.098981001568907e-08)]
[([[760, 632], [792, 632], [792, 660], [760, 660]], '9', 0.2601819507290202)]
[]
[]
[([[272, 42], [446, 42], [446, 190], [272, 190]], '[', 0.02513902680992519), ([[262, 516], [386, 516], [386, 702], [262, 702]], '(1', 0.4222512851501038)]
[]
[]
[]
[([[292, 144], [364, 144], [364, 198], [292, 198]], '옷', 0.9995126126161189), ([[163, 211], [520, 211], [520, 277], [163, 277]], '히후미 잘하잡아!', 0.43115858991603584), ([[131, 285], [555, 285], [555, 349], [131, 349]], '그렇게 하면되다고.!', 0.6234348288790734), ([[1080, 801], [1510, 801], [1510, 873], [1080, 873]], '극 .! 히후미의 상낭한', 0.39921966149511623), ([[1123, 877], [1465, 877], [1465, 941], [1123, 941]], '귀두펼라 만으로', 0.6364314284401528), ([[886, 940], [1064, 940], [1064, 1057], [886, 1057]], '용기', 0.08153340021996507), ([[1113, 949], [1475, 949], [1475, 1015], [1113, 1015]], '정액 올라온다.!!!', 0.4913242186985385), ([[811.198627240068, 142.0855860207149], [1126.2974627030821, 119.23308086233723], [1125.8013727599318, 284.9144139792851], [811.7025372969177, 307.76691913766274]], '데로', 0.330958294241211), ([[1312.0090090548122, 353.094595075527], [1571.8041105888444, 318.1714032347611], [1583.9909909451878, 499.905404924473], [1324.1958894111556, 534.8285967652389]], '레로', 0.03397936957936161), ([[571.1394789811619, 1229.115831849295], [760.5351292462149, 1207.411423814084], [766.8605210188381, 1338.884168150705], [577.4648707537851, 1359.588576185916]], '3몸', 0.050836844470504815)]
[]
[]
[]
[]
[]
[]
[]
[]
[]
[]
[([[272, 42], [448, 42], [448, 194], [272, 194]], '[', 0.020476111243745487), ([[1173, 537], [1321, 537], [1321, 597], [1173, 597]], '옷. !!!', 0.2581372443644581), ([[1075, 609], [1421, 609], [1421, 671], [1075, 671]], '느오오오오옷]', 0.4376525650210781), ([[290.22782928376586, 498.01988810505776], [406.0465315541641, 521.8614541464702], [363.77217071623414, 721.9801118949423], [247.9534684458359, 697.1385458535298]], '(1', 0.7991532316887785), ([[882.8643097171984, 844.0339722772123], [1137.6648435962368, 889.0033364579612], [1102.1356902828018, 1048.9660277227877], [847.3351564037633, 1003.9966635420388]], '%다', 0.013458398892700025), ([[556.9907883923246, 1161.0268217757032], [816.3460456194036, 1233.0580762722639], [768.0092116076754, 1386.9731782242968], [508.65395438059636, 1315.9419237277361]], '[한', 0.017378394647538205)]
[]
[]
[([[1256, 1532], [1378, 1532], [1378, 1636], [1256, 1636]], "'0", 0.49032965397010697)]
[([[1258, 1532], [1378, 1532], [1378, 1636], [1258, 1636]], "'0", 0.31597524391090576)]
[([[1251, 1527], [1383, 1527], [1383, 1637], [1251, 1637]], "'이=", 0.1614674349505385)]
[([[1255, 1527], [1387, 1527], [1387, 1639], [1255, 1639]], "'이", 0.8638936493220506)]
[([[1253, 1527], [1385, 1527], [1385, 1637], [1253, 1637]], "'이", 0.7442464567627277)]
[([[1255, 1527], [1385, 1527], [1385, 1637], [1255, 1637]], "'이", 0.7850420340913667)]
[([[1255, 1527], [1387, 1527], [1387, 1637], [1255, 1637]], "'이", 0.48959799580453095)]
[([[1257, 1527], [1387, 1527], [1387, 1639], [1257, 1639]], "'이", 0.8712226132398264)]
[([[1169, 369], [1393, 369], [1393, 431], [1169, 431]], '허억..허억..', 0.3197006992172993), ([[1129, 439], [1440, 439], [1440, 503], [1129, 503]], '히후미 마서취]', 0.37190072020695103), ([[1142, 512], [1426, 512], [1426, 574], [1142, 574]], '선생님 아기줌', 0.3845264080813325), ([[1050, 580], [1521, 580], [1521, 648], [1050, 648]], '남림없이 전부 마서쥐!', 0.2133225112455694), ([[938.3139362928646, 907.0147156237447], [1127.6175037925998, 1063.5224181838341], [1038.6860637071354, 1171.9852843762553], [849.3824962074001, 1015.477581816166]], '9)', 0.0006963632240334578), ([[561.9127277988578, 1262.1367312713194], [646.666088715395, 1180.0138708305224], [806.0872722011422, 1369.8632687286806], [721.333911284605, 1451.9861291694776]], '응', 0.17674166742499242)]
[([[1266, 1534], [1376, 1534], [1376, 1630], [1266, 1630]], '0', 0.9437299855577841)]
[([[1253, 1523], [1387, 1523], [1387, 1639], [1253, 1639]], "'이", 0.7685874439525106)]
[([[1257, 1527], [1387, 1527], [1387, 1639], [1257, 1639]], "'이", 0.8714441223512716), ([[80, 2172], [528, 2172], [528, 2228], [80, 2228]], '[3+욕@@,_기</명어커칭쳐명', 4.105170486689086e-06)]
[([[287, 199], [429, 199], [429, 261], [287, 261]], '푸차  !', 0.18705224426831246), ([[1239, 543], [1335, 543], [1335, 603], [1239, 603]], '웃  :!', 0.13278737010635186), ([[1181, 611], [1389, 611], [1389, 675], [1181, 675]], '히후미.!?', 0.7168087965455714), ([[778, 634], [930, 634], [930, 824], [778, 824]], '퍽', 0.25286531194570117), ([[846, 780], [968, 780], [968, 950], [846, 950]], '햇', 0.45933632514483236)]
[([[255, 138], [476, 138], [476, 198], [255, 198]], '서 선생님.', 0.5144057825314755), ([[149, 207], [584, 207], [584, 271], [149, 271]], '재성해요.. 끈적거리고', 0.7194118247006246), ([[176, 276], [557, 276], [557, 339], [176, 339]], '이상한 냄새가 나서', 0.8024061466907828), ([[172, 346], [543, 346], [543, 411], [172, 411]], '더이상 못먹젯어요', 0.5417626759164792), ([[1235, 655], [1363, 655], [1363, 715], [1235, 715]], '젠장]!', 0.40117084980010986), ([[1061, 725], [1535, 725], [1535, 787], [1061, 787]], '잘하다가 마지막에 와서', 0.9933495509237252), ([[1065, 793], [1530, 793], [1530, 859], [1065, 859]], '이런 터무니없는 실수틀', 0.42033626305204386), ([[1171, 868], [1425, 868], [1425, 924], [1171, 924]], '저지르다니!', 0.401609947291242), ([[534, 1181], [705, 1181], [705, 1283], [534, 1283]], "'7", 0.19080233789297177)]
[([[184, 92], [320, 92], [320, 148], [184, 148]], '히후미!', 0.6520044207572937), ([[100, 154], [402, 154], [402, 210], [100, 210]], '어절 수 없이남은', 0.7834030207134693), ([[128, 216], [376, 216], [376, 272], [128, 272]], '정액은 보지로', 0.9550523116535888), ([[120, 276], [378, 276], [378, 332], [120, 332]], '받아쥐야켓다!', 0.6340916416396963), ([[1302, 290], [1396, 290], [1396, 338], [1302, 338]], '네 ?', 0.9089724397343082), ([[137, 335], [367, 335], [367, 391], [137, 391]], '가능하켓지?', 0.92038057861593), ([[1309, 355], [1363, 355], [1363, 397], [1309, 397]], '네.', 0.7243632709403863), ([[596, 1556], [674, 1556], [674, 1640], [596, 1640]], '*', 0.2123731088802039), ([[892, 1586], [970, 1586], [970, 1680], [892, 1680]], '못', 0.25369413353418224)]
