2226678
117
[([[252, 14], [308, 14], [308, 44], [252, 44]], '너어2', 0.0006482423206269743), ([[197, 35], [367, 35], [367, 73], [197, 73]], '[뇌모자이칼', 0.08712994687063379), ([[234, 62], [340, 62], [340, 94], [234, 94]], '[[에디선]', 0.4560351728612414), ([[234, 87], [328, 87], [328, 117], [234, 117]], '[회+;어7', 0.0028553849912268865), ([[262, 132], [320, 132], [320, 160], [262, 160]], '2021', 0.9257773160934448), ([[220, 154], [364, 154], [364, 186], [220, 186]], '전문토끼 리분', 0.6741689544527469), ([[939, 997], [1111, 997], [1111, 1041], [939, 1041]], '눈드버전은', 0.3719972612664367), ([[859, 1045], [1181, 1045], [1181, 1089], [859, 1089]], '에디선에만 존재합내다', 0.6487310877387461)]
[]
[]
[]
[]
[]
[]
[]
[]
[]
[]
[]
[]
[]
[]
[]
[]
[]
[]
[]
[]
[]
[]
[]
[]
[]
[]
[]
[]
[([[461, 130], [677, 130], [677, 360], [461, 360]], '짧', 0.11822990313650283), ([[80, 1165], [272, 1165], [272, 1337], [80, 1337]], '물', 0.09565382844432069), ([[1854, 1611], [2069, 1611], [2069, 1799], [1854, 1799]], '경', 0.023106222774559093), ([[1176, 2449], [1980, 2449], [1980, 2511], [1176, 2511]], '"야식   탑 원데 자크한테 개털리나', 0.12246489164327468), ([[1177, 2536], [1603, 2536], [1603, 2591], [1177, 2591]], '"미분   응~0/6/0~', 0.15736221350987178), ([[1176, 2618], [1863, 2618], [1863, 2678], [1176, 2678]], '오야:  정글이 경을 안오잡아', 0.03270375195239204), ([[1176, 2701], [1940, 2701], [1940, 2763], [1176, 2763]], '폭리분): 슬킬로 5번 따인거 다빛다 .', 0.1134617051729982), ([[1175, 2781], [2088, 2781], [2088, 2846], [1175, 2846]], '"야스오): 지논 0/4/001면서 자신만만하네', 0.3585137306988963), ([[2106, 2797], [2200, 2797], [2200, 2830], [2106, 2830]], '터크', 0.07310366229847338), ([[1662.5637432776334, 233.2280745822515], [1794.7851402592232, 105.0118574197126], [1999.4362567223666, 359.7719254177485], [1867.2148597407768, 487.9881425802874]], '섯', 0.006849423340542282), ([[634.7463247343202, 283.022460087533], [942.2806178182143, 336.8259180093629], [881.2536752656798, 631.977539912467], [573.7193821817857, 578.1740819906371]], "'낱", 0.028408216771479988)]
[]
[]
[]
[]
[]
[]
[]
[]
[]
[]
[([[722, 705], [1245, 705], [1245, 820], [722, 820]], '아군이 체)', 0.1362257703708932), ([[1279, 703], [1816, 703], [1816, 824], [1279, 824]], '당햇살쓸내다 .', 0.09774041231421962), ([[2067, 919], [2275, 919], [2275, 1089], [2067, 1089]], '용', 0.29710896415346966), ([[137, 1203], [340, 1203], [340, 1399], [137, 1399]], '명', 0.25738016109029616), ([[639, 2257], [694, 2257], [694, 2305], [639, 2305]], '야', 0.3843761334309228), ([[732, 2345], [900, 2345], [900, 2457], [732, 2457]], '활앗', 0.2889803014011305), ([[1176, 2449], [2043, 2449], [2043, 2511], [1176, 2511]], '(야스오): 자크한테 발리논 리분 철보네', 0.3639543106930995), ([[2058, 2460], [2151, 2460], [2151, 2500], [2058, 2500]], '크크', 0.1590218649324027), ([[1177, 2536], [1990, 2536], [1990, 2593], [1177, 2593]], '(리분): 지논 미드 티모한데 털리면서', 0.7225051246271874), ([[1177, 2619], [1374, 2619], [1374, 2674], [1177, 2674]], '(야스오)', 0.9632976263716575), ([[1399, 2616], [1942, 2616], [1942, 2678], [1399, 2678]], '니가 말 걸어서 죽은거임', 0.9371317236409304), ([[594.5303715923887, 88.10534763094874], [752.7471745634082, -46.99037306023838], [975.4696284076113, 262.89465236905124], [817.2528254365918, 398.99037306023837]], '중', 0.19286345945516903), ([[1695.960339805259, 151.0235096962249], [1835.6003176055024, 70.00783570925687], [2013.039660194741, 417.9764903037751], [1873.3996823944976, 498.9921642907431]], '출', 0.2714282347120047), ([[1434.918613864915, 1822.0177228799034], [1751.627611276189, 1924.7138522101247], [1658.081386135085, 2192.9822771200966], [1341.372388723811, 2089.2861477898755]], '합;', 0.02637115866802577), ([[1990.0183487959791, 2106.1651391638125], [2267.731564511273, 2020.0564843740194], [2318.9816512040206, 2249.8348608361875], [2041.2684354887272, 2335.9435156259806]], '쭉움', 0.3159690182426902), ([[883.9452963731759, 2318.4960631090344], [1084.1027126696022, 2252.7188027682487], [1113.054703626824, 2360.5039368909656], [912.897287330398, 2427.2811972317513]], '안떼', 0.8556722149235972), ([[683.8306954218134, 2318.2381293981603], [839.9128500139217, 2293.885524989242], [849.1693045781866, 2382.7618706018397], [692.0871499860783, 2408.114475010758]], '진짜', 0.8155942189907109)]
[]
[]
[]
[]
[]
[]
[]
[]
[]
[]
[([[386, 2065], [703, 2065], [703, 2320], [386, 2320]], '세', 0.6947458448472652), ([[1612, 2069], [1949, 2069], [1949, 2410], [1612, 2410]], "'뼈", 0.3864530829456626), ([[1176, 2449], [1429, 2449], [1429, 2509], [1176, 2509]], '(리분): 하 .', 0.6661259768850495), ([[1448, 2449], [2144, 2449], [2144, 2511], [1448, 2511]], '타워도 터젓는데 자크는 라인을', 0.18447752029523704), ([[1179, 2533], [1658, 2533], [1658, 2597], [1179, 2597]], '벗어날 생각을 안하네', 0.5651570227160145), ([[1176, 2616], [1679, 2616], [1679, 2678], [1176, 2678]], '(마스터 이): 곧감 구드', 0.35306752898345733), ([[1176, 2701], [1665, 2701], [1665, 2763], [1176, 2763]], '{리분): 꺼저 너때문에', 0.3221556803616308), ([[1678, 2701], [2093, 2701], [2093, 2763], [1678, 2763]], '더 답없어젊으니까', 0.5297647981367953), ([[1517.3486328543988, 885.0303715420669], [1569.4816146413077, 866.0165877010392], [1616.6513671456012, 1005.9696284579331], [1564.5183853586923, 1024.983412298961]], '흙', 0.5431839189657381), ([[992.2647608449926, 890.0300823089092], [1082.731282501308, 973.8171793746731], [1031.7352391550075, 1029.9699176910908], [941.268717498692, 947.1828206253269]], '채식', 0.003950650037559557), ([[812.1617263557151, 1461.0135170271678], [1099.99989626287, 1640.926553965359], [981.8382736442849, 1822.9864829728322], [694.0001037371301, 1642.073446034641]], '씨넷', 0.0013374306325069012)]
[]
[]
[]
[]
[]
[]
[]
[]
[]
[]
[([[723, 381], [1816, 381], [1816, 505], [723, 505]], '@줌이 셋체 당행숙내네다? .', 0.04429428148344904), ([[1986, 2202], [2227, 2202], [2227, 2418], [1986, 2418]], '제야', 0.09838060180523119), ([[1176, 2449], [2057, 2449], [2057, 2513], [1176, 2513]], '(야스오): 정글 왜 안오나고 {없는놓아', 0.317719258805377), ([[1176, 2533], [1733, 2533], [1733, 2597], [1176, 2597]], '(마스터 이): 용 먹어야함', 0.5956381622858147), ([[1521.3719130657264, 885.0282350295643], [1571.4816146413077, 868.0165877010392], [1615.6280869342736, 1009.9717649704357], [1564.5183853586923, 1026.983412298961]], '흙', 0.09727240149130978), ([[989.2525906813163, 891.0310881757961], [1082.8385619739188, 970.3029961010076], [1033.7474093186836, 1028.9689118242038], [940.1614380260811, 949.6970038989924]], '젊대', 0.005916717891346878), ([[1492.6494191675508, 1697.0228073595079], [1771.0102284336367, 1609.5451580442834], [1891.3505808324492, 2072.9771926404924], [1612.9897715663633, 2161.4548419557163]], '엄:', 0.06906990270574305), ([[424.7336135876954, 2272.017064103499], [831.721640711564, 2338.361033417106], [754.2663864123047, 2736.982935896501], [347.27835928843604, 2671.638966582894]], '뼈우', 0.016648637562138375)]
[]
[]
[]
[]
[]
[]
[]
[]
[]
[]
[([[721, 134], [1819, 134], [1819, 257], [721, 257]], '@줌이 체째 당햇습내다.', 0.0491641916109378), ([[591, 450], [987, 450], [987, 567], [591, 567]], '빨량텔이', 0.019182803109288216), ([[1020, 446], [2086, 446], [2086, 570], [1020, 570]], '플래@흘 체즉 햇습내@', 0.027962275509790645), ([[1147, 2393], [1395, 2393], [1395, 2455], [1147, 2455]], '(켜이틀린 |', 0.30158763551380635), ([[1435, 2391], [2266, 2391], [2266, 2456], [1435, 2456]], '자크 2코 뛰냐 사람임? ($차이 2배네', 0.4023407324598375), ([[1147, 2476], [1422, 2476], [1422, 2538], [1147, 2538]], "(리분) '어절", 0.7709877039786679), ([[1147, 2560], [1607, 2560], [1607, 2621], [1147, 2621]], '(테이틀린) 인성수준', 0.3592955722974181), ([[1621, 2571], [1710, 2571], [1710, 2608], [1621, 2608]], '크크', 0.13758946298763441), ([[1149, 2643], [1804, 2643], [1804, 2707], [1149, 2707]], '(마스터 이): -추이제 경간다', 0.2675925724828968), ([[1149, 2726], [2113, 2726], [2113, 2790], [1149, 2790]], '(게이틀린): 타위 다 밀로는데 경 의미있음?', 0.33894217598388954), ([[653.5143699175418, 837.0526158373391], [791.2773977136837, 770.1238542912321], [894.4856300824582, 1019.9473841626609], [756.7226022863163, 1086.8761457087678]], '올', 0.21126930974333735), ([[1607.2032539939405, 912.0211750860814], [1788.996092101289, 1022.657623468007], [1721.7967460060595, 1129.9788249139185], [1540.003907898711, 1018.342376531993]], '쾌자 0', 0.03563303500413895), ([[535.3277726837724, 1972.009825785016], [680.4580764529494, 1892.0045620619383], [915.6722273162276, 2359.990174214984], [769.5419235470506, 2439.995437938062]], '#', 0.10923405641748563), ([[1435.398421468696, 2085.0583741211353], [1559.682900574826, 1993.0106014906069], [1734.601578531304, 2265.9416258788647], [1610.317099425174, 2358.989398509393]], '올', 0.5138727013803965)]
[]
[]
[]
[]
[]
[]
[]
[]
[]
[]
[([[1549, 775], [1616, 775], [1616, 848], [1549, 848]], '못', 0.0405850824633911), ([[813, 804], [937, 804], [937, 952], [813, 952]], '뜻', 0.04464595221296919), ([[2091, 1814], [2217, 1814], [2217, 1940], [2091, 1940]], ':', 0.02712714581232789), ([[479, 2297], [567, 2297], [567, 2398], [479, 2398]], '김', 0.9005652532062101), ([[1899, 2464], [2031, 2464], [2031, 2541], [1899, 2541]], '항복', 0.9492457707848673), ([[1755, 2729], [1815, 2729], [1815, 2785], [1755, 2785]], '예', 0.9996574218468055), ([[2074, 2726], [2225, 2726], [2225, 2790], [2074, 2790]], '아니요', 0.9626498818397522), ([[724.0967224956457, 637.0511579616823], [779.5286433380592, 606.0174855953073], [848.9032775043543, 740.9488420383177], [793.4713566619408, 772.9825144046927]], '쪽', 0.03355347824521204), ([[1505.120938695087, 962.0554156911875], [1611.9478041869365, 1001.1467608893236], [1589.879061304913, 1054.9445843088124], [1484.0521958130635, 1016.8532391106764]], '여;', 0.0032198202892795708), ([[1679.9877658634102, 2204.0222850994114], [2069.4402373181942, 2290.956613330002], [2018.0122341365898, 2476.9777149005886], [1628.5597626818055, 2390.043386669998]], '혜에레', 0.0009142508030905723)]
[]
[]
[]
[]
[]
[]
[]
[]
[]
[]
[([[630, 1217], [863, 1217], [863, 1273], [630, 1273]], '패배 이후 .', 0.7075763068495031), ([[675, 1334], [960, 1334], [960, 1390], [675, 1390]], '리분: 팀차이', 0.970737011570096), ([[672, 1412], [1078, 1412], [1078, 1476], [672, 1476]], '자크: 리분 개못합', 0.6903692178563755), ([[1092, 1425], [1330, 1425], [1330, 1463], [1092, 1463]], '크크크크크', 0.17799303050837711), ([[675, 1501], [850, 1501], [850, 1554], [675, 1554]], '야스오:', 0.9789032742096831), ([[864, 1512], [956, 1512], [956, 1545], [864, 1545]], '9즈', 0.36966208282428975), ([[675, 1582], [825, 1582], [825, 1637], [675, 1637]], '마스터', 0.9999817612606994), ([[839, 1584], [919, 1584], [919, 1635], [839, 1635]], '이:', 0.9997083562660432), ([[929, 1595], [1023, 1595], [1023, 1628], [929, 1628]], '9저', 0.1759777612716182), ([[1043, 1594], [1186, 1594], [1186, 1632], [1043, 1632]], '트춧9', 0.05096825749063411), ([[676, 1664], [1642, 1664], [1642, 1726], [676, 1726]], '리분: ? 길각 나온거 일부로 계속 놔준건데?', 0.7281944936587665)]
[]
[]
[]
[]
[]
[]
[]
[]
[]
[]
[([[1629, 43], [1827, 43], [1827, 164], [1629, 164]], '탑차이', 0.9681682863353295), ([[1684, 791], [1746, 791], [1746, 860], [1684, 860]], '옷', 0.27576699833619855), ([[1627, 2482], [2312, 2482], [2312, 2584], [1627, 2584]], '다음판에 또 만냐서', 0.08571455971535034), ([[1625, 2615], [2244, 2615], [2244, 2717], [1625, 2717]], '영혼-지 @럿다.', 0.07069551959794568), ([[1712.5433118837507, 149.8582797093769], [1878.052660185726, 96.10310931093194], [1904.4566881162493, 197.1417202906231], [1737.947339814274, 250.89689068906807]], '인정?', 0.9905143222793709), ([[485.0725499096816, 426.0358938348923], [688.8196515230705, 481.9273596855279], [657.9274500903184, 578.9641061651078], [454.1803484769294, 523.0726403144721]], '하다평', 0.004468721893881645), ([[1673.2173561659579, 604.0255493391539], [1807.9897194690502, 695.5033844006903], [1748.7826438340421, 780.9744506608461], [1615.0102805309498, 689.4966155993097]], '없어', 0.0007624011477800723), ([[733.3225418717343, 792.0383684712617], [774.4465195489297, 769.0166380443413], [839.6774581282657, 891.9616315287383], [799.5534804510703, 914.9833619556587]], '릇', 0.2780660969387192), ([[660.9545654265863, 2178.0911327777676], [789.7206491326858, 2074.0112926673214], [968.0454345734137, 2335.9088672222324], [840.2793508673142, 2438.9887073326786]], '품', 0.9975463915795082), ([[2000.4042899712304, 2751.2427368475214], [2284.9880783197045, 2707.769095616686], [2293.5957100287696, 2831.7572631524786], [2009.0119216802955, 2874.230904383314]], '존죄', 0.0031124987916411407)]
[]
[]
[]
[]
[]
[]
[]
[]
[]
[]
