2231860
91
[([[21, 211], [63, 211], [63, 293], [21, 293]], ':', 0.09123139062126029), ([[51, 16], [154, 16], [154, 408], [51, 408]], "'", 0.2750591229132624), ([[12, 294], [64, 294], [64, 418], [12, 418]], '팬', 0.08647161181871699), ([[501, 399], [523, 399], [523, 411], [501, 411]], "'", 0.07706347547173564), ([[245.760766234843, 332.01435974919707], [263.62523669076097, 334.10024236268777], [254.239233765157, 418.98564025080293], [236.374763309239, 416.89975763731223]], '{', 0.4537842818496216)]
[([[197, 413], [253, 413], [253, 451], [197, 451]], '야 -', 0.365893691778183), ([[175, 449], [273, 449], [273, 493], [175, 493]], '귀이타!', 0.3223320543766022), ([[195, 491], [253, 491], [253, 533], [195, 533]], '빨리', 0.9999910648798075), ([[195, 531], [253, 531], [253, 573], [195, 573]], '교실', 0.9999539759516374), ([[177, 573], [277, 573], [277, 613], [177, 613]], '가자고~', 0.9886954426765442), ([[1075, 873], [1149, 873], [1149, 917], [1075, 917]], '우옷!', 0.06388792091205672), ([[1067, 915], [1159, 915], [1159, 957], [1067, 957]], '너 원데', 0.98241940689572), ([[103, 957], [159, 957], [159, 995], [103, 995]], '어!?', 0.9005051265856766), ([[1069, 953], [1153, 953], [1153, 997], [1069, 997]], '선생님', 0.9996210563327818), ([[81, 995], [181, 995], [181, 1037], [81, 1037]], '그쨌어?', 0.18243655991082863), ([[617, 997], [655, 997], [655, 1035], [617, 1035]], '아', 0.9999933242909265), ([[1067, 993], [1155, 993], [1155, 1035], [1067, 1035]], '겨안고', 0.6818781495094299), ([[577, 1035], [701, 1035], [701, 1079], [577, 1079]], '아니라고!', 0.9422228400012077), ([[1075, 1033], [1149, 1033], [1149, 1077], [1075, 1077]], '있냐]', 0.42200817005016006), ([[581, 1075], [699, 1075], [699, 1117], [581, 1117]], '이 사람은', 0.9432683424199426), ([[607, 1115], [667, 1115], [667, 1157], [607, 1157]], '우리', 0.9917021361614231), ([[582, 1154], [694, 1154], [694, 1198], [582, 1198]], '엄마니까', 0.9978832602500916), ([[589, 1195], [687, 1195], [687, 1239], [589, 1239]], '괜찮아!', 0.8333801031112671)]
[([[942, 248], [1073, 248], [1073, 315], [942, 315]], '흐~응:', 0.6274250149726868)]
[([[152, 390], [324, 390], [324, 464], [152, 464]], '괜찮네!', 0.5520303249359131)]
[([[968, 368], [1044, 368], [1044, 420], [968, 420]], '뭐지', 0.6504219981013362), ([[942, 416], [1072, 416], [1072, 464], [942, 464]], '이 아이?', 0.7209259086666571), ([[952, 460], [1060, 460], [1060, 514], [952, 514]], '사람흘', 0.2911447579888728), ([[942, 508], [1074, 508], [1074, 560], [942, 560]], '뚫어저라', 0.5710684061050415), ([[920, 556], [1090, 556], [1090, 606], [920, 606]], '쳐다 보고:', 0.7558580900031912)]
[([[274, 188], [340, 188], [340, 236], [274, 236]], '와~', 0.9991693024150733), ([[244, 234], [372, 234], [372, 288], [244, 288]], '좋계다~', 0.40490901470184326), ([[248, 282], [364, 282], [364, 334], [248, 334]], '선생님,', 0.777946412563324), ([[266, 328], [344, 328], [344, 376], [266, 376]], '나도', 0.99996965440393), ([[228, 373], [388, 373], [388, 425], [228, 425]], '허그해쥐 ~', 0.4829154696520373), ([[495, 713], [545, 713], [545, 757], [495, 757]], '그,', 0.6665440086068306), ([[695, 699], [739, 699], [739, 743], [695, 743]], '아', 0.9992725980324089), ([[471, 755], [543, 755], [543, 799], [471, 799]], '그치', 0.9999171403013263), ([[678, 744], [766, 744], [766, 794], [678, 794]], '안돼!', 0.9227062625164029), ([[684, 790], [756, 790], [756, 838], [684, 838]], '우리', 0.9061102654514566), ([[1146, 830], [1194, 830], [1194, 858], [1146, 858]], '미규', 0.4689740240980792), ([[98, 844], [162, 844], [162, 894], [98, 894]], '셋~', 0.3093610184510872), ([[645, 836], [799, 836], [799, 890], [645, 890]], '엄마니까!', 0.7357744828372659), ([[676, 884], [754, 884], [754, 932], [676, 932]], '그치', 0.9995612794997427), ([[676, 930], [770, 930], [770, 982], [676, 982]], '엄마?', 0.9970285687167525), ([[906, 1036], [958, 1036], [958, 1106], [906, 1106]], '또', 0.022206228002731088), ([[621, 1229], [663, 1229], [663, 1275], [621, 1275]], '아', 0.9664723612368107), ([[604, 1274], [690, 1274], [690, 1328], [604, 1328]], '맞다!', 0.47827749678203946), ([[1004, 1280], [1108, 1280], [1108, 1328], [1004, 1328]], '그보다', 0.9996736365418216), ([[194, 1316], [284, 1316], [284, 1366], [194, 1366]], '오위!', 0.5070448635600605), ([[612, 1320], [680, 1320], [680, 1374], [612, 1374]], '얼른', 0.999821639196304), ([[1020, 1326], [1088, 1326], [1088, 1378], [1020, 1378]], '너희', 0.9996803732641233), ([[188, 1364], [294, 1364], [294, 1416], [188, 1416]], '타카기', 0.950555211073118), ([[602, 1368], [680, 1368], [680, 1418], [602, 1418]], '가자,', 0.8498473880603309), ([[988, 1374], [1122, 1374], [1122, 1424], [988, 1424]], '서두르지', 0.8806663751602173), ([[184, 1410], [290, 1410], [290, 1464], [184, 1464]], '선생님 ', 0.6813312469403058), ([[592, 1414], [698, 1414], [698, 1466], [592, 1466]], '코우토', 0.9968721923219033), ([[1004, 1420], [1110, 1420], [1110, 1474], [1004, 1474]], '않으면', 0.7866447746311358), ([[170, 1458], [308, 1458], [308, 1506], [170, 1506]], '또보자~', 0.9999078512191772), ([[446, 1434], [680, 1434], [680, 1532], [446, 1532]], '{못 서훈;', 0.04329047888996851), ([[1004, 1466], [1110, 1466], [1110, 1520], [1004, 1520]], '수업에', 0.9940683639150555), ([[976, 1512], [1138, 1512], [1138, 1568], [976, 1568]], '늦올 거야!', 0.7290442699176048)]
[]
[([[270, 698], [346, 698], [346, 750], [270, 750]], '후우;', 0.559773257518348)]
[]
[([[377, 877], [435, 877], [435, 915], [377, 915]], '어!?', 0.922501593837001), ([[1082, 898], [1132, 898], [1132, 930], [1082, 930]], '저 ', 0.7467283885662481), ([[373, 915], [435, 915], [435, 955], [373, 955]], '개가', 0.9980898495460054), ([[1037, 933], [1179, 933], [1179, 977], [1037, 977]], '코우토 군은', 0.9487848792084393), ([[373, 955], [435, 955], [435, 997], [373, 997]], '무슨', 0.9998857839510703), ([[1065, 977], [1151, 977], [1151, 1015], [1065, 1015]], '토구다', 0.9733991263448525), ([[139, 993], [181, 993], [181, 1035], [139, 1035]], '앗,', 0.3034319477701939), ([[349, 993], [461, 993], [461, 1037], [349, 1037]], '문제라도', 0.9999451041221619), ([[127, 1035], [187, 1035], [187, 1071], [127, 1071]], '아뇨', 0.9999951952626506), ([[1051, 1013], [1161, 1013], [1161, 1057], [1051, 1057]], '선생님네', 0.8623769879341125), ([[1041, 1055], [1175, 1055], [1175, 1095], [1041, 1095]], '반 아이조?', 0.9248424437757812), ([[111, 1071], [203, 1071], [203, 1113], [111, 1113]], '그런 건', 0.9986437403609614), ([[93, 1113], [219, 1113], [219, 1153], [93, 1153]], '아니구요" ', 0.553198776496443)]
[([[997, 229], [1095, 229], [1095, 273], [997, 273]], '개, 철이', 0.9586365127032132), ([[973, 271], [1115, 271], [1115, 313], [973, 313]], '들기도 전에', 0.9646753122626538), ([[989, 311], [1099, 311], [1099, 353], [989, 353]], '부모넘이', 0.40517169693659005), ([[959, 349], [1129, 349], [1129, 393], [959, 393]], '이혼하신 뒤로', 0.712149235649025), ([[1030, 394], [1062, 394], [1062, 430], [1030, 430]], '쭉', 0.9999083301572718), ([[989, 431], [1101, 431], [1101, 473], [989, 473]], '아버님과', 0.991389811038971), ([[509, 451], [619, 451], [619, 495], [509, 495]], '아버님도', 0.9988878965377808), ([[969, 471], [1121, 471], [1121, 513], [969, 513]], '단 둘이 살고', 0.7428761133703566), ([[507, 491], [625, 491], [625, 533], [507, 533]], '일 때문에', 0.997747461931588), ([[981, 513], [1107, 513], [1107, 555], [981, 555]], '있는데요"', 0.5891931702168722), ([[478, 528], [651, 528], [651, 577], [478, 577]], '집흘 비우시는', 0.5281749104099387), ([[127, 571], [243, 571], [243, 613], [127, 613]], '그 탓인지', 0.9294354526053606), ([[535, 571], [593, 571], [593, 613], [535, 613]], '일이', 0.9973147856223106), ([[76, 608], [292, 608], [292, 656], [76, 656]], '등교 거부름 해서,', 0.6495989777974666), ([[497, 613], [637, 613], [637, 655], [497, 655]], '많나 화요"', 0.7022829061109133), ([[115, 651], [251, 651], [251, 693], [115, 693]], '아버님과도', 0.6423591142017921), ([[121, 691], [245, 691], [245, 733], [121, 733]], '몇 번 정도', 0.9933122194073588), ([[129, 731], [239, 731], [239, 773], [129, 773]], '이야기틀', 0.6449311971664429), ([[101, 771], [263, 771], [263, 815], [101, 815]], '나뉘 볶는데 ', 0.22252171309231572), ([[113, 811], [255, 811], [255, 853], [113, 853]], '솔직히 저도', 0.9998915011413697), ([[127, 851], [241, 851], [241, 893], [127, 893]], '어찌해야', 0.7639585685064301), ([[133, 891], [239, 891], [239, 933], [133, 933]], '좋율지 ', 0.0886608436703682)]
[([[1046, 158], [1126, 158], [1126, 212], [1046, 212]], '저논', 0.4841662050029505), ([[239, 221], [341, 221], [341, 263], [239, 263]], '여기가', 0.9998496177638163), ([[1030, 212], [1146, 212], [1146, 266], [1030, 266]], '타카기', 0.8787300414959466), ([[215, 267], [365, 267], [365, 329], [215, 329]], '긁리토리스', 0.11627554674347186), ([[1030, 264], [1144, 264], [1144, 320], [1030, 320]], '유미코', 0.5838000333236015), ([[233, 329], [311, 329], [311, 373], [233, 373]], '인데-', 0.9945426904503604), ([[1044, 316], [1130, 316], [1130, 370], [1044, 370]], '라고', 0.9999930036303156), ([[1027, 369], [1149, 369], [1149, 429], [1027, 429]], '합니다', 0.7326602376224775), ([[74, 1304], [190, 1304], [190, 1360], [74, 1360]], '올해로', 0.999950308143286), ([[84, 1360], [178, 1360], [178, 1410], [84, 1410]], '37세', 0.9560075402259827), ([[76, 1412], [192, 1412], [192, 1468], [76, 1468]], '입니다', 0.9803294904382965), ([[451.25097310286003, 933.0564224788761], [490.70710678118655, 921.0502525316941], [515.74902689714, 1008.9435775211239], [476.29289321881345, 1021.9497474683059]], '$', 0.5675904063159045)]
[([[884.6003944774135, 537.0088757418041], [949.3419582220965, 518.0064987588626], [1021.3996055225865, 779.9911242581959], [955.6580417779035, 798.9935012411374]], '주', 0.28220534737045355), ([[957.5176948604782, 805.0194162699289], [1004.3938853444095, 791.0129427649755], [1046.482305139522, 940.9805837300711], [998.6061146555905, 954.9870572350245]], '"', 0.393863298562124)]
[([[963, 419], [1075, 419], [1075, 463], [963, 463]], '굉장하다', 0.997769832611084), ([[961, 463], [1079, 463], [1079, 501], [961, 501]], '코우토 군', 0.9977957151046093), ([[935, 499], [1101, 499], [1101, 541], [935, 541]], '[해트트럭이야 ', 0.820126409292617)]
[([[814, 388], [932, 388], [932, 438], [814, 438]], '어-이!', 0.9702244997024536), ([[820, 434], [928, 434], [928, 488], [820, 488]], '유미코', 0.9887782809804783), ([[808, 480], [940, 480], [940, 532], [808, 532]], '선생님-', 0.9935809969902039), ([[681, 611], [723, 611], [723, 653], [681, 653]], '엇,', 0.975218094022568), ([[663, 649], [737, 649], [737, 693], [663, 693]], '엄마?', 0.9781102010640752), ([[671, 691], [727, 691], [727, 731], [671, 731]], '어디', 0.9999822983695145), ([[663, 731], [737, 731], [737, 773], [663, 773]], '어디?', 0.999984651925843)]
[([[824, 416], [896, 416], [896, 466], [824, 466]], '이예', 0.9991276717172591), ([[814, 460], [896, 460], [896, 512], [814, 512]], '-잇!', 0.40555322633733354)]
[([[995, 575], [1113, 575], [1113, 617], [995, 617]], '코우토 군,', 0.9672977439777941), ([[971, 613], [1139, 613], [1139, 657], [971, 657]], '계속 아버님과', 0.9975062552551662), ([[985, 653], [1125, 653], [1125, 697], [985, 697]], '단 둘이서만', 0.986921399680511), ([[999, 693], [1109, 693], [1109, 735], [999, 735]], '살아외서', 0.6380510926246643), ([[1001, 733], [1109, 733], [1109, 775], [1001, 775]], '어머니가', 0.9995200634002686), ([[975, 775], [1137, 775], [1137, 817], [975, 817]], '그리운 걸까  ', 0.547460963265944)]
[([[833, 359], [951, 359], [951, 401], [833, 401]], '나네 엄마', 0.9505895355390069), ([[835, 399], [951, 399], [951, 441], [835, 441]], '미인이네.', 0.9805499000138835), ([[849, 439], [935, 439], [935, 481], [849, 481]], '가슴도', 0.9915042112269401), ([[839, 479], [947, 479], [947, 521], [839, 521]], '엉덩이도', 0.9977380037307739), ([[856, 524], [912, 524], [912, 556], [856, 556]], '크고', 0.9941835598823884), ([[757, 667], [799, 667], [799, 709], [757, 709]], '어,', 0.7223201459881126), ([[727, 705], [827, 705], [827, 749], [727, 749]], '뭐라고?', 0.44842872624610586)]
[([[865, 367], [923, 367], [923, 407], [865, 407]], '나네', 0.9566263466035687), ([[839, 405], [947, 405], [947, 449], [839, 449]], '엄마한테', 0.6203058362007141), ([[847, 449], [941, 449], [941, 489], [847, 489]], '숲 소고', 0.522854357784991), ([[839, 487], [947, 487], [947, 529], [839, 529]], '싶어적어', 0.27462587693366064), ([[694, 578], [732, 578], [732, 608], [694, 608]], '어?', 0.9999592020944016), ([[690, 612], [736, 612], [736, 644], [690, 644]], '무슨', 0.999882243736071), ([[674, 644], [754, 644], [754, 676], [674, 676]], '소리야?', 0.9913063626997607), ([[679, 677], [747, 677], [747, 713], [679, 713]], '엄마는', 0.9648988768184195), ([[688, 710], [738, 710], [738, 742], [688, 742]], '축구', 0.9994548319030335), ([[675, 743], [751, 743], [751, 779], [675, 779]], '같은 거', 0.835203120653408), ([[659, 777], [769, 777], [769, 813], [659, 813]], '안 하는데?', 0.5468057210036531)]
[([[173, 243], [283, 243], [283, 379], [173, 379]], "(:'", 0.40698358888560365), ([[968, 334], [1120, 334], [1120, 386], [968, 386]], '코우토 군,', 0.8636624382753013), ([[982, 380], [1110, 380], [1110, 434], [982, 434]], '어서 와!', 0.8775268221406475), ([[312, 1106], [384, 1106], [384, 1156], [312, 1156]], '어!?', 0.9432793474120704), ([[310, 1154], [386, 1154], [386, 1204], [310, 1204]], '진짜', 0.9999160445100361), ([[278, 1202], [416, 1202], [416, 1250], [278, 1250]], '해도 돼?', 0.9125075966381517)]
[([[153, 333], [243, 333], [243, 395], [153, 395]], '우춧', 0.12935913963054077), ([[990, 520], [1116, 520], [1116, 568], [990, 568]], '와아', 0.9991722519777134), ([[1003, 573], [1113, 573], [1113, 633], [1003, 633]], '야호!', 0.47963966199101143), ([[1134, 678], [1184, 678], [1184, 710], [1134, 710]], "'9", 0.20070203277903126), ([[86.53523270301622, 811.0090037378184], [176.4186377772192, 801.2462690475488], [204.46476729698378, 1092.9909962621816], [114.58136222278081, 1101.7537309524512]], '쇄', 0.004668456037830504), ([[211.35289989173407, 1343.052689339578], [243.60822873701576, 1335.0465132093975], [262.64710010826593, 1411.947310660422], [230.39177126298424, 1420.9534867906025]], ';', 0.8354036897874408)]
[([[1040, 290], [1184, 290], [1184, 342], [1040, 342]], '뭐가 원지', 0.7355273345464076), ([[1031, 337], [1193, 337], [1193, 387], [1031, 387]], '모르켓지만', 0.2601014621206953), ([[1066, 384], [1160, 384], [1160, 432], [1066, 432]], '력키!!', 0.19037243723869324), ([[116, 904], [220, 904], [220, 952], [116, 952]], '우하-', 0.6188106536865234), ([[132, 950], [208, 950], [208, 1002], [132, 1002]], '가슴', 0.9935622546488533), ([[91, 998], [245, 998], [245, 1048], [91, 1048]], '존나 커어!', 0.7950954888130198), ([[118, 1044], [218, 1044], [218, 1096], [118, 1096]], '엉덩이', 0.9986728179867502), ([[94, 1089], [245, 1089], [245, 1141], [94, 1141]], '부드러워~', 0.9994197321537239), ([[289.3075142975482, 1037.0199973475837], [366.48153953522876, 999.0096655728036], [472.6924857024518, 1233.9800026524163], [395.51846046477124, 1271.9903344271963]], '통', 0.3658926918645058)]
[([[994, 242], [1146, 242], [1146, 298], [994, 298]], '이제부터', 0.9999080896377563), ([[987, 292], [1156, 292], [1156, 354], [987, 354]], '이 아이와', 0.9964959821918424), ([[993, 346], [1147, 346], [1147, 406], [993, 406]], '질내사정', 0.963087797164917), ([[164, 384], [274, 384], [274, 440], [164, 440]], '괜찮아', 0.9969896979025555), ([[1012, 402], [1128, 402], [1128, 458], [1012, 458]], '셈스틀', 0.03905235828245548), ([[154, 438], [286, 438], [286, 494], [154, 494]], '괜찮아~', 0.9991137981414795), ([[1007, 452], [1130, 452], [1130, 514], [1007, 514]], '해버길', 0.2883726052189809), ([[996, 508], [1142, 508], [1142, 564], [996, 564]], '겁니다"', 0.5824423432350159), ([[67, 569], [129, 569], [129, 633], [67, 633]], '10', 0.20610881946359266), ([[792, 646], [866, 646], [866, 700], [792, 700]], '싫엇', 0.9147922941022611), ([[780, 700], [878, 700], [878, 752], [780, 752]], '직으면', 0.31238965570115523), ([[772, 754], [884, 754], [884, 804], [772, 804]], '안돼애', 0.9564582495529895), ([[77.26137254812608, 642.2193529376917], [116.6170575060797, 605.0272501812993], [193.73862745187392, 694.7806470623083], [154.3829424939203, 731.9727498187007]], '둘', 0.025743321565460997), ([[304.6631341591397, 695.1124915389242], [351.5699763999033, 655.0203304013542], [442.3368658408603, 769.8875084610758], [394.4300236000967, 810.9796695986458]], "'3", 0.08712512208911735)]
[([[978, 186], [1054, 186], [1054, 238], [978, 238]], '아응', 0.42863594659837373), ([[927, 239], [1105, 239], [1105, 299], [927, 299]], '그렇제 하면', 0.5854754457029848), ([[965, 297], [1069, 297], [1069, 341], [965, 341]], '브라가', 0.4145764281456477), ([[147, 321], [283, 321], [283, 365], [147, 365]], '테이타에컨', 0.08541944908202725), ([[155, 363], [283, 363], [283, 405], [155, 405]], '비밀이야"', 0.7052779914438045), ([[931, 343], [1079, 343], [1079, 403], [931, 403]], '비물어제:', 0.5537023311211741), ([[1108, 646], [1166, 646], [1166, 670], [1108, 670]], '73 `', 0.5309934616088867), ([[1104, 678], [1184, 678], [1184, 706], [1104, 706]], '닦감3', 0.0001427421432452666), ([[993, 733], [1095, 733], [1095, 795], [993, 795]], '으응!', 0.8824653754175604), ([[110, 1122], [246, 1122], [246, 1172], [110, 1172]], '그 아이의', 0.7738382399529978), ([[142, 1170], [216, 1170], [216, 1222], [142, 1222]], '살짝', 0.999764070094511), ([[116, 1216], [242, 1216], [242, 1270], [116, 1270]], '열정적인', 0.9993067979812622), ([[128, 1264], [226, 1264], [226, 1312], [128, 1312]], '포용도', 0.9998474842161326), ([[78, 1308], [278, 1308], [278, 1362], [78, 1362]], '어머니에 대한', 0.9918703667303486), ([[128, 1356], [226, 1356], [226, 1406], [128, 1406]], '그리움', 0.9999629031393806), ([[94, 1404], [260, 1404], [260, 1452], [94, 1452]], '때문이라고,', 0.9595741215910937), ([[88, 1450], [266, 1450], [266, 1500], [88, 1500]], '그 때의 저논', 0.5996034128190879), ([[128, 1498], [228, 1498], [228, 1548], [128, 1548]], '그렇게', 0.9390838877485072), ([[84, 1542], [274, 1542], [274, 1596], [84, 1596]], '생각햇습니다', 0.846909299119981), ([[110.69301150808171, 603.0052371867943], [174.27679208208278, 587.0042573323101], [255.30698849191828, 913.9947628132057], [190.72320791791722, 929.9957426676899]], '5', 0.0930609485421039)]
[([[932, 196], [1020, 196], [1020, 252], [932, 252]], '몇 주', 0.9861710071563721), ([[936, 250], [1010, 250], [1010, 300], [936, 300]], '뒤"', 0.6602094179231596)]
[([[937, 295], [1021, 295], [1021, 335], [937, 335]], '토쿠다', 0.6767049833873006), ([[920, 330], [1032, 330], [1032, 379], [920, 379]], '선생님께', 0.8747248788385383), ([[891, 373], [1063, 373], [1063, 417], [891, 417]], '이번 신체 축정', 0.6945431846773273), ([[937, 413], [1019, 413], [1019, 457], [937, 457]], '일정올', 0.9517645939819223), ([[883, 453], [1069, 453], [1069, 495], [883, 495]], '상담드려야 돼"', 0.41022970394111286), ([[937, 497], [1021, 497], [1021, 535], [937, 535]], '바쁘다', 0.9999180292612594), ([[939, 537], [1007, 537], [1007, 575], [939, 575]], '바빠', 0.998577166169858), ([[395, 915], [479, 915], [479, 959], [395, 959]], '지금은', 0.9996703330622826), ([[627, 909], [673, 909], [673, 949], [627, 949]], '응?', 0.9993533600091855), ([[409, 955], [465, 955], [465, 997], [409, 997]], '분명', 0.9999126728467339), ([[605, 947], [689, 947], [689, 989], [605, 989]], '이야기', 0.9998077039871588), ([[381, 995], [495, 995], [495, 1039], [381, 1039]], '수업 중일', 0.9989962761194242), ([[607, 986], [692, 986], [692, 1030], [607, 1030]], '소리가', 0.9973144990333629), ([[401, 1039], [459, 1039], [459, 1077], [401, 1077]], '팀데', 0.11175069876762316), ([[587, 1027], [709, 1027], [709, 1069], [587, 1069]], '들리는걸?', 0.13220515600790564), ([[603, 1067], [691, 1067], [691, 1109], [603, 1109]], '체육관', 0.9972002219081442), ([[587, 1107], [711, 1107], [711, 1149], [587, 1149]], '뒤쪽인가?', 0.9981074785324899), ([[413.7852563716509, 1144.005768512707], [447.26491106406735, 1149.205266807798], [418.2147436283491, 1337.994231487293], [385.73508893593265, 1333.794733192202]], '}', 0.3127833601013208)]
[([[1101, 267], [1159, 267], [1159, 309], [1101, 309]], '저건', 0.9990235971954818), ([[1065, 309], [1197, 309], [1197, 349], [1065, 349]], '코우토 군?', 0.9792544934367082), ([[1071, 347], [1189, 347], [1189, 391], [1071, 391]], '함께 있는', 0.4481234798873755), ([[103, 373], [187, 373], [187, 415], [103, 415]], '말다툼', 0.9921634544824025), ([[1087, 387], [1173, 387], [1173, 429], [1087, 429]], '사람은', 0.9862994308433437), ([[97, 413], [195, 413], [195, 455], [97, 455]], '중인가?', 0.6862623774041342), ([[1085, 427], [1177, 427], [1177, 471], [1085, 471]], '같은 반', 0.9816856528443519), ([[1065, 467], [1183, 467], [1183, 509], [1065, 509]], '아이일까', 0.9902411103248596), ([[976, 906], [1088, 906], [1088, 984], [976, 984]], '맛!?', 0.23302614261121807)]
[([[229, 253], [289, 253], [289, 289], [229, 289]], '그야', 0.999996375372952), ([[951, 261], [1033, 261], [1033, 305], [951, 305]], '오늘은', 0.9997189907108683), ([[197, 293], [317, 293], [317, 333], [197, 333]], '코우토 군,', 0.902570793951016), ([[938, 302], [1045, 302], [1045, 344], [938, 344]], '허그하러', 0.991089403629303), ([[197, 329], [315, 329], [315, 373], [197, 373]], '얼굴은 꽤', 0.9965558170261464), ([[911, 341], [1075, 341], [1075, 385], [911, 385]], '오지 암문구나', 0.42378642389124205), ([[203, 369], [311, 369], [311, 411], [203, 411]], '반반하고', 0.9999104738235474), ([[923, 381], [1061, 381], [1061, 425], [923, 425]], '싶엇더니만 ,', 0.3824226581790938), ([[206, 414], [310, 414], [310, 446], [206, 446]], '스포츠도', 0.9996010661125183), ([[937, 421], [1045, 421], [1045, 463], [937, 463]], '학교에서', 0.9958270192146301), ([[197, 449], [317, 449], [317, 493], [197, 493]], '잘 하니까', 0.9496896669889091), ([[935, 461], [1051, 461], [1051, 505], [935, 505]], '그런 짓율', 0.4454699164456384), ([[217, 491], [301, 491], [301, 533], [217, 533]], '인기야', 0.9998661355729755), ([[903, 501], [1081, 501], [1081, 545], [903, 545]], '하고 있엇구나!', 0.8798594872384887), ([[211, 529], [303, 529], [303, 573], [211, 573]], '맘울 것', 0.7173477018710963), ([[961, 543], [1019, 543], [1019, 583], [961, 583]], '아직', 0.9998491176164772), ([[207, 573], [309, 573], [309, 611], [207, 611]], '같지만 ', 0.7080492973327637), ([[921, 581], [1063, 581], [1063, 623], [921, 623]], '어린애면서!', 0.9394486765328386), ([[371, 945], [449, 945], [449, 989], [371, 989]], '엇 맛,', 0.44247410916871527), ([[619, 963], [679, 963], [679, 1003], [619, 1003]], '내가', 0.9998261908211705), ([[367, 985], [453, 985], [453, 1027], [367, 1027]], '코우토', 0.974861068333779), ([[589, 1003], [705, 1003], [705, 1045], [589, 1045]], '하고 있는', 0.6445916870823251), ([[1093, 991], [1155, 991], [1155, 1029], [1093, 1029]], '아아;', 0.45754804208794764), ([[95, 1043], [205, 1043], [205, 1087], [95, 1087]], '선생님-', 0.5640703136529428), ([[381, 1029], [443, 1029], [443, 1067], [381, 1067]], '군?', 0.5181943828553741), ([[619, 1043], [675, 1043], [675, 1085], [619, 1085]], '짓이', 0.9811555553717631), ([[1088, 1025], [1163, 1025], [1163, 1073], [1088, 1073]], '진짜!', 0.8898835131040069), ([[109, 1087], [189, 1087], [189, 1127], [109, 1127]], '안녕', 0.9991516893655333), ([[617, 1083], [675, 1083], [675, 1123], [617, 1123]], '바보', 0.9999557460958712), ([[1075, 1071], [1173, 1071], [1173, 1111], [1075, 1111]], '뛰냐구  ', 0.5051667841002121), ([[213, 1100], [412, 1100], [412, 1208], [213, 1208]], "'지올", 0.3128851614168906), ([[601, 1123], [695, 1123], [695, 1167], [601, 1167]], '같잡아!', 0.4903477430343628), ([[168.17115132592434, 1281.0430527288738], [217.51505822398371, 1251.0165975282523], [294.82884867407563, 1392.9569472711262], [244.48494177601629, 1421.9834024717477]], '적', 0.10639114435623132)]
[([[1011, 177], [1065, 177], [1065, 217], [1011, 217]], '역시', 0.9995391131785653), ([[981, 217], [1097, 217], [1097, 259], [981, 259]], '이 아이만', 0.999540608576028), ([[981, 257], [1097, 257], [1097, 299], [981, 299]], '특별 취급', 0.9845502574390452), ([[961, 297], [1113, 297], [1113, 341], [961, 341]], '할 수는 없어.', 0.40360769968636345), ([[995, 336], [1079, 336], [1079, 379], [995, 379]], '여기서', 0.9998809328080586), ([[995, 377], [1079, 377], [1079, 419], [995, 419]], '제대로', 0.9999974534563641), ([[996, 414], [1080, 414], [1080, 462], [996, 462]], '구분올', 0.9034592509269714), ([[951, 457], [1127, 457], [1127, 501], [951, 501]], '지어 놓아야지!', 0.9214760688787329), ([[1108, 646], [1166, 646], [1166, 670], [1108, 670]], '73 `', 0.23111671158055194), ([[1104, 678], [1186, 678], [1186, 710], [1104, 710]], '4물9', 0.04160536054072091), ([[106, 880], [258, 880], [258, 960], [106, 960]], '혜젯~', 0.17791793860110044), ([[1067, 1203], [1085, 1203], [1085, 1231], [1067, 1231]], '9', 0.16188440218133682), ([[958.6124288340843, 769.0083489507571], [1027.2478306008097, 760.086924279931], [1058.3875711659157, 1018.9916510492429], [989.7521693991904, 1027.913075720069]], '"', 0.09294623145257219)]
[([[991, 266], [1085, 266], [1085, 310], [991, 310]], '알켓니,', 0.316925048828125), ([[971, 309], [1105, 309], [1105, 351], [971, 351]], '코우토 군?', 0.564128744004358), ([[145, 339], [241, 339], [241, 381], [145, 381]], '선생님,', 0.8131282329559326), ([[1007, 349], [1065, 349], [1065, 389], [1007, 389]], '역시', 0.9996172437801325), ([[127, 376], [260, 376], [260, 424], [127, 424]], '눈 감아 화', 0.8294931002451612), ([[977, 389], [1095, 389], [1095, 431], [977, 431]], '이런 짓은', 0.9973526523933824), ([[995, 433], [1079, 433], [1079, 469], [995, 469]], '그다지', 0.9999364743196092), ([[958, 466], [1114, 466], [1114, 514], [958, 514]], '줄지 않은 것', 0.3424018106505248), ([[999, 511], [1073, 511], [1073, 551], [999, 551]], '같아', 0.9956758636352266), ([[1129, 885], [1177, 885], [1177, 925], [1129, 925]], '어?', 0.9999424278903505), ([[155, 923], [197, 923], [197, 961], [155, 961]], '이,', 0.884955906589064), ([[1127, 925], [1177, 925], [1177, 965], [1127, 965]], '왜?', 0.9989283738968094), ([[125, 957], [225, 957], [225, 1001], [125, 1001]], '이렇게?', 0.7381232976913452), ([[921, 939], [1035, 939], [1035, 983], [921, 983]], '뒷으나까', 0.3499624729156494), ([[949, 979], [1007, 979], [1007, 1023], [949, 1023]], '얼른', 0.9996223008386304)]
[([[1007, 283], [1151, 283], [1151, 373], [1007, 373]], '응으움', 0.2705300005217528), ([[1042, 364], [1116, 364], [1116, 442], [1042, 442]], '!?', 0.9588897509226364), ([[117, 453], [177, 453], [177, 489], [117, 489]], '아니', 0.9999320599561957), ([[117, 495], [183, 495], [183, 539], [117, 539]], '잠깐', 0.999946558214353), ([[147, 543], [183, 543], [183, 581], [147, 581]], '!2', 0.3988008813632546), ([[967, 1073], [1039, 1073], [1039, 1137], [967, 1137]], '앗', 0.3540053159112091), ([[1091, 1079], [1111, 1079], [1111, 1127], [1091, 1127]], '1', 0.9391512257485637), ([[363.30973151003735, 602.0265096304857], [423.5076650059955, 579.0143293938801], [484.69026848996265, 749.9734903695143], [424.4923349940045, 773.9856706061199]], '용', 0.005176661483005995), ([[364.64321250190034, 1099.0079600425674], [419.30865033661297, 1081.005956281724], [497.35678749809966, 1338.9920399574326], [443.69134966338703, 1355.994043718276]], "'", 0.5850045802994295)]
[([[1091, 311], [1165, 311], [1165, 353], [1091, 353]], '엇 앗,', 0.32045871019363403), ([[1097, 361], [1157, 361], [1157, 397], [1097, 397]], '아니', 0.999945883875399), ([[127, 387], [225, 387], [225, 449], [127, 449]], '흐으응', 0.7190405045553429), ([[1085, 403], [1173, 403], [1173, 443], [1085, 443]], '허까지', 0.47426181988677335), ([[1064, 446], [1193, 446], [1193, 496], [1064, 496]], '넣는 거야?', 0.5775137524233558), ([[105, 507], [201, 507], [201, 571], [105, 571]], '응으움', 0.33049110983418656), ([[194, 1034], [250, 1034], [250, 1098], [194, 1098]], '"', 0.16448132025213003), ([[213, 1099], [275, 1099], [275, 1189], [213, 1189]], '%"', 0.036223424318908445), ([[308.241527258976, 601.0360362192483], [365.72428596834015, 582.0328543482584], [408.758472741024, 721.9639637807517], [351.27571403165985, 740.9671456517416]], '움', 0.3284418685823063), ([[884.436464432426, 630.0265229837155], [930.4465195489297, 616.0166380443413], [968.563535567574, 747.9734770162845], [922.5534804510703, 761.9833619556587]], '국', 0.3129846031993253)]
[([[1038, 360], [1132, 360], [1132, 410], [1038, 410]], '이애', 0.9949489885719324), ([[1019, 413], [1119, 413], [1119, 475], [1019, 475]], '잘해:', 0.27564753035989664), ([[95, 471], [213, 471], [213, 535], [95, 535]], '크흐원', 0.1658853101724004), ([[910, 1100], [1002, 1100], [1002, 1152], [910, 1152]], '안돼-', 0.41241999933308665), ([[904, 1158], [1052, 1158], [1052, 1212], [904, 1212]], '느껴버려', 0.8757585883140564), ([[282.5550418025401, 354.0141562998795], [335.86824314212447, 344.05405486300435], [366.4449581974599, 524.9858437001205], [312.13175685787553, 533.9459451369956]], '3', 0.004706593653588165), ([[203.72334895911303, 1023.0047849183667], [264.25224045530695, 1009.0039775667707], [337.276651040887, 1327.9952150816332], [276.74775954469305, 1341.9960224332294]], '{', 0.36605819977700094)]
[([[941, 169], [1067, 169], [1067, 229], [941, 229]], '몇 개월', 0.9996433884255997), ([[966, 226], [1042, 226], [1042, 280], [966, 280]], '전 ', 0.38034149016740826)]
[([[1060, 328], [1134, 328], [1134, 376], [1060, 376]], '프합!', 0.854136605080069), ([[122, 386], [270, 386], [270, 434], [122, 434]], '안되:  잡니', 0.4924499401007986), ([[1068, 384], [1130, 384], [1130, 416], [1068, 416]], '하아', 0.9999962067857412), ([[165, 437], [229, 437], [229, 473], [165, 473]], '애가', 0.4438775767713166), ([[1049, 429], [1127, 429], [1127, 465], [1049, 465]], '하아:', 0.7410697328250829), ([[140, 478], [252, 478], [252, 526], [140, 526]], '이런 짓울', 0.43294178893324053), ([[149, 531], [235, 531], [235, 571], [149, 571]], '하면:', 0.7131734922071009), ([[959, 615], [1027, 615], [1027, 657], [959, 657]], '어때,', 0.808120608329773), ([[949, 653], [1033, 653], [1033, 695], [949, 695]], '유미코', 0.999473641020906), ([[943, 693], [1041, 693], [1041, 737], [943, 737]], '선생님?', 0.9997171759605408), ([[944, 1024], [1072, 1024], [1072, 1100], [944, 1100]], '아양', 0.7642087103622769), ([[354, 1066], [432, 1066], [432, 1156], [354, 1156]], '71', 0.7811953299795733), ([[362, 1150], [434, 1150], [434, 1270], [362, 1270]], '매', 0.07256104226991411)]
[([[1027, 417], [1121, 417], [1121, 461], [1027, 461]], '선생님,', 0.5134682059288025), ([[157, 457], [217, 457], [217, 499], [157, 499]], '앗!?', 0.3996576149900511), ([[999, 457], [1147, 457], [1147, 499], [999, 499]], '아직도 내가', 0.9957066154279038), ([[153, 497], [221, 497], [221, 541], [153, 541]], '무슨,', 0.5424781060594164), ([[1025, 497], [1119, 497], [1119, 539], [1025, 539]], '애인 것', 0.9838611889261746), ([[119, 537], [253, 537], [253, 581], [119, 581]], '거짓말이지', 0.9998922024198581), ([[1037, 537], [1113, 537], [1113, 579], [1037, 579]], '같아?', 0.9945621538220861), ([[1013, 579], [1137, 579], [1137, 619], [1013, 619]], '자 화보', 0.6067683100700378), ([[928, 992], [1034, 992], [1034, 1046], [928, 1046]], '굉장해:', 0.9706341028213501), ([[928, 1038], [1030, 1038], [1030, 1090], [928, 1090]], '이렇게 ', 0.23582595586776733), ([[944, 1084], [1042, 1084], [1042, 1136], [944, 1136]], '훌륭한', 0.8491163705890346), ([[940, 1130], [1038, 1130], [1038, 1182], [940, 1182]], '어른의', 0.9991265176846625), ([[942, 1178], [1044, 1178], [1044, 1234], [942, 1234]], '모양올', 0.44444152010653504), ([[892, 1226], [1080, 1226], [1080, 1278], [892, 1278]], '하고 있다니', 0.8872673457356374), ([[301.3620382217369, 1098.025477771711], [354.47818538223225, 1077.014304116721], [413.6379617782631, 1238.974522228289], [360.52181461776775, 1259.985695883279]], '"', 0.29365009643152007), ([[276.1411165784699, 1234.0369523102506], [338.5147804774894, 1195.0132587367052], [438.8588834215301, 1369.9630476897494], [376.4852195225106, 1408.9867412632948]], '2', 0.011267164771489924)]
[([[1081, 485], [1147, 485], [1147, 523], [1081, 523]], '하아', 0.9999784208817571), ([[554, 496], [668, 496], [668, 544], [554, 544]], '뒷으니까', 0.10691434144973755), ([[80, 520], [158, 520], [158, 568], [80, 568]], '하악', 0.9996197723084448), ([[575, 547], [627, 547], [627, 583], [575, 583]], '자 ', 0.853612852788076), ([[848, 534], [916, 534], [916, 582], [848, 582]], '역시', 0.999759181401456), ([[1065, 531], [1153, 531], [1153, 569], [1065, 569]], '하아  .', 0.47704430945935966), ([[313, 549], [355, 549], [355, 595], [313, 595]], '앗', 0.5679949853520192), ([[60, 574], [142, 574], [142, 622], [60, 622]], '하악', 0.9980001986208217), ([[294, 598], [372, 598], [372, 652], [294, 652]], '아응', 0.6973791765916841), ([[551, 589], [669, 589], [669, 633], [551, 633]], '점심시간', 0.9247430252711399), ([[822, 588], [906, 588], [906, 638], [822, 638]], '안돼', 0.5009656324065517), ([[580, 632], [640, 632], [640, 682], [580, 682]], '끝나', 0.9971457455499818), ([[555, 683], [665, 683], [665, 725], [555, 725]], '버린다고', 0.9640993475914001), ([[396.5630812614258, 720.0191263802539], [436.7838377210035, 714.0618223576777], [455.4369187385742, 843.9808736197461], [415.2161622789965, 849.9381776423223]], ':', 0.05752389076258724)]
[([[963, 269], [1166, 269], [1166, 335], [963, 335]], '아아--', 0.9304860830307007), ([[1037, 343], [1159, 343], [1159, 403], [1037, 403]], '~잇]!', 0.2331601083278656), ([[958, 396], [1006, 396], [1006, 464], [958, 464]], '들', 0.9803819822447544), ([[932, 464], [1171, 464], [1171, 543], [932, 543]], '어갖다아  ', 0.5648258538278146), ([[84.4717639736717, 1057.0126906523712], [158.38039518121957, 1017.0065792627543], [297.52823602632833, 1286.9873093476288], [224.61960481878043, 1327.9934207372457]], '죽', 0.03383067599432721)]
[([[741, 495], [823, 495], [823, 535], [741, 535]], '엄마-', 0.9975555806734012), ([[379, 545], [441, 545], [441, 587], [379, 587]], '옛?', 0.9670624968549243), ([[721, 533], [841, 533], [841, 575], [721, 575]], '코우토 군', 0.9959276348054831), ([[387, 589], [429, 589], [429, 627], [387, 627]], '귀,', 0.10609204276610289), ([[745, 573], [819, 573], [819, 617], [745, 617]], '있어?', 0.9823363937516065), ([[357, 625], [461, 625], [461, 667], [357, 667]], '테이타?', 0.5366976261138916), ([[189, 727], [307, 727], [307, 771], [189, 771]], '큰일낫다!', 0.9581904058563702), ([[175, 769], [321, 769], [321, 811], [175, 811]], '문 잠그는 걸', 0.6961459396845658), ([[175, 807], [323, 807], [323, 851], [175, 851]], '잊어 버릇어!', 0.28768128103737234)]
[([[189, 517], [299, 517], [299, 561], [189, 561]], '선생넘이', 0.9193587303161621), ([[731, 519], [771, 519], [771, 559], [731, 559]], '무', 0.9999901056534419), ([[159, 557], [327, 557], [327, 601], [159, 601]], '급식 시간인데', 0.998789744848294), ([[719, 557], [779, 557], [779, 599], [719, 599]], '무슨', 0.9998379913583474), ([[173, 599], [315, 599], [315, 639], [173, 639]], '코우토 군이', 0.9637889081982606), ([[701, 595], [799, 595], [799, 639], [701, 639]], '일이니?', 0.9077464938163757), ([[147, 637], [343, 637], [343, 681], [147, 681]], '보이지 않으나까', 0.4144588875609049), ([[155, 677], [335, 677], [335, 721], [155, 721]], '불러 오라길래,', 0.9900486039357026), ([[185, 719], [303, 719], [303, 761], [185, 761]], '여기 있냐', 0.9092127379474553), ([[193, 759], [297, 759], [297, 801], [193, 801]], '싶어서', 0.9999304177282589)]
[([[183, 387], [255, 387], [255, 427], [183, 427]], '오위!', 0.6613535083097877), ([[843, 399], [943, 399], [943, 439], [843, 439]], '그, 그래', 0.8660216085596227), ([[153, 425], [281, 425], [281, 469], [153, 469]], '테이타나?', 0.4941654021470361), ([[848, 436], [937, 436], [937, 484], [848, 484]], '여기논', 0.4037298663023688), ([[823, 479], [943, 479], [943, 523], [823, 523]], '안 앞는데-', 0.11831544143478029), ([[1007, 1017], [1043, 1017], [1043, 1057], [1007, 1057]], '맛,', 0.2161700713389768), ([[967, 1055], [1089, 1055], [1089, 1097], [967, 1097]], '코우토 군', 0.9885674954713556), ([[277, 1081], [361, 1081], [361, 1123], [277, 1123]], "'둘이서", 0.9447109699249268), ([[965, 1095], [1089, 1095], [1089, 1139], [965, 1139]], '있없구나!', 0.5870380229229579), ([[271, 1123], [353, 1123], [353, 1163], [271, 1163]], '뭐 해?', 0.9998696511205462)]
[([[1072, 716], [1104, 716], [1104, 752], [1072, 752]], '그', 0.9999928474554167), ([[1051, 755], [1109, 755], [1109, 791], [1051, 791]], '그게', 0.9993747666193608), ([[1053, 793], [1111, 793], [1111, 835], [1053, 835]], '으음', 0.9946247859466874)]
[([[735, 381], [847, 381], [847, 419], [735, 419]], '그, 그래!', 0.9752769532122443), ([[717, 419], [861, 419], [861, 459], [717, 459]], '코우토 군이', 0.9807140561171542), ([[729, 457], [849, 457], [849, 501], [729, 501]], '몸이 조금', 0.957805546801062), ([[713, 497], [865, 497], [865, 541], [713, 541]], '쫓지 암은 것', 0.38543585705711964), ([[751, 541], [831, 541], [831, 581], [751, 581]], '같아', 0.9930429328072704)]
[([[783, 389], [897, 389], [897, 431], [783, 431]], '그햇구나', 0.14807003736495972), ([[634, 440], [666, 440], [666, 488], [634, 488]], '0', 0.9671953480594766), ([[163, 467], [233, 467], [233, 509], [163, 509]], '어어!', 0.9794674591690692), ([[775, 469], [901, 469], [901, 511], [775, 511]], '코우토 군', 0.9838147992618521), ([[167, 509], [229, 509], [229, 549], [167, 549]], '완전', 0.9999337457970041), ([[627, 509], [695, 509], [695, 577], [627, 577]], "'", 0.738658985576194), ([[788, 506], [892, 506], [892, 554], [788, 554]], '괜찮아?', 0.9973969459533691), ([[147, 547], [249, 547], [249, 591], [147, 591]], '멀정해 ~', 0.33810672466511554), ([[311, 727], [375, 727], [375, 789], [311, 789]], '%', 0.11333004141842995)]
[([[466, 766], [731, 766], [731, 881], [466, 881]], '양호실', 0.9910576449236741)]
[([[139, 431], [221, 431], [221, 469], [139, 469]], '네-에', 0.8371649384498596), ([[889, 449], [949, 449], [949, 491], [889, 491]], '무슨', 0.7125663949282807), ([[861, 489], [957, 489], [957, 531], [861, 531]], '소리지?', 0.9999037981033325), ([[649, 563], [693, 563], [693, 603], [649, 603]], '아;', 0.9689950782493698), ([[607, 601], [735, 601], [735, 643], [607, 643]], '코우토 군,', 0.3388775623206412), ([[599, 639], [741, 639], [741, 683], [599, 683]], '전혀 괜찮지', 0.994869173770144), ([[623, 679], [719, 679], [719, 723], [623, 723]], '않장니!', 0.6810359954833984), ([[627, 721], [711, 721], [711, 763], [627, 763]], '암전히', 0.8771155169248175), ([[615, 759], [725, 759], [725, 803], [615, 803]], '있어야지', 0.9877268075942993)]
[([[733, 323], [819, 323], [819, 365], [733, 365]], '아무튼', 0.9998351647107915), ([[705, 363], [849, 363], [849, 405], [705, 405]], '코우토 군은', 0.9057501160313425), ([[705, 403], [847, 403], [847, 445], [705, 445]], '여기서 잠시', 0.9995048501885718), ([[687, 443], [867, 443], [867, 485], [687, 485]], '쉬고 갈 거니까', 0.8770032470537925), ([[733, 483], [821, 483], [821, 525], [733, 525]], '토쿠다', 0.5196222342169988), ([[174, 508], [200, 508], [200, 546], [174, 546]], '응', 0.9992884471632948), ([[707, 523], [843, 523], [843, 567], [707, 567]], '선생님에게', 0.545447097333966), ([[139, 545], [237, 545], [237, 589], [139, 589]], '알앉어!', 0.33860868215560913), ([[733, 563], [817, 563], [817, 605], [733, 605]], '그렇게', 0.845922795302173), ([[717, 603], [837, 603], [837, 645], [717, 645]], '전해출 수', 0.8176194839655162), ([[727, 641], [829, 641], [829, 685], [727, 685]], '잇율까?', 0.0979815199971199)]
[([[716, 426], [794, 426], [794, 480], [716, 480]], '아응', 0.4844616385618211), ([[584.6117098626423, 519.0107775275621], [641.1045438423959, 512.0876933733937], [664.3882901373577, 712.9892224724379], [607.8954561576041, 719.9123066266063]], ';', 0.2445577615617367)]
[([[842, 404], [904, 404], [904, 458], [842, 458]], '으옷;', 0.7333682400794731), ([[113, 449], [205, 449], [205, 489], [113, 489]], '어? 맛!', 0.4962446866239196), ([[641, 469], [745, 469], [745, 509], [641, 509]], '왜 그래,', 0.9938538770865802), ([[816, 454], [914, 454], [914, 504], [816, 504]], '잠깐 ', 0.5620464158473476), ([[83, 487], [233, 487], [233, 531], [83, 531]], '아; 아무것도', 0.6565786826602802), ([[655, 505], [729, 505], [729, 549], [655, 549]], '엄마?', 0.9818931979276833), ([[820, 502], [902, 502], [902, 550], [820, 550]], '안돼-', 0.5245617589937033), ([[115, 527], [203, 527], [203, 567], [115, 567]], '아니야', 0.9999434944657334), ([[651, 545], [733, 545], [733, 589], [651, 589]], '얼굴이', 0.9950393318766892), ([[643, 587], [743, 587], [743, 629], [643, 629]], '빨간데?', 0.8929049372673035), ([[543.1514718625762, 284.060303038033], [586.067784802084, 272.0957781531824], [609.8485281374238, 365.939696961967], [566.932215197916, 377.9042218468176]], '"', 0.21398389164691256), ([[272.5725177000725, 584.0152478010156], [319.9675607235976, 577.0785283715827], [340.4274822999275, 735.9847521989844], [293.0324392764024, 741.9214716284173]], '@', 0.8207872159233744)]
[([[99, 417], [141, 417], [141, 457], [99, 457]], '쾌,', 0.22091599533569806), ([[236, 320], [308, 320], [308, 516], [236, 516]], '턱', 0.008471503297247607), ([[639, 383], [723, 383], [723, 493], [639, 493]], '@', 0.4808894824688572), ([[819, 419], [887, 419], [887, 461], [819, 461]], '엄마', 0.98784266859445), ([[74, 452], [164, 452], [164, 500], [74, 500]], '괜찮아', 0.9987566330215342), ([[789, 457], [913, 457], [913, 501], [789, 501]], '좀 이상해.', 0.9981989132057618), ([[821, 497], [881, 497], [881, 541], [821, 541]], '정말', 0.9999013736880343), ([[87, 535], [147, 535], [147, 577], [87, 577]], '정말', 0.9999942680334141), ([[799, 541], [909, 541], [909, 579], [799, 579]], '왜 그래?', 0.8472440081476565), ([[59, 575], [177, 575], [177, 617], [59, 617]], '아무 일도', 0.9996868655755546), ([[248, 600], [274, 600], [274, 630], [248, 630]], '그', 0.9979969766647834), ([[50, 612], [186, 612], [186, 660], [50, 660]], '아니니까"', 0.9578530500745207), ([[228, 638], [292, 638], [292, 670], [228, 670]], '그만 ', 0.7638571154840093), ([[230, 678], [300, 678], [300, 708], [230, 708]], '\'"\'버러', 0.5625887091860529), ([[574.5927778982441, 517.0138351041888], [618.5498240505169, 509.0252453177161], [647.4072221017559, 675.9861648958112], [602.4501759494831, 683.9747546822839]], '%', 0.10281755737202047), ([[345.48725364631224, 698.0263603692285], [382.3987261114145, 684.0159236073193], [426.51274635368776, 804.9736396307715], [390.6012738885855, 818.9840763926807]], '국', 0.24253429978680074)]
[([[692, 409], [875, 409], [875, 510], [692, 510]], '[응오오쫓[', 0.07038968189352657), ([[125, 575], [165, 575], [165, 619], [125, 619]], '어', 0.999935270403288), ([[98, 618], [204, 618], [204, 670], [98, 670]], '엄마:?', 0.5683282017707825), ([[537, 703], [599, 703], [599, 765], [537, 765]], '9', 0.2581988974725711), ([[580.453412353454, 510.0135883044261], [662.0269904675524, 526.7980770540048], [618.546587646546, 732.9864116955739], [537.9730095324476, 716.2019229459952]], '"', 0.11840318866873734)]
[([[908, 342], [994, 342], [994, 398], [908, 398]], '응으흐', 0.40359590057994804), ([[169, 403], [213, 403], [213, 443], [169, 443]], '어;', 0.575502166768286), ([[586, 408], [674, 408], [674, 458], [586, 458]], '아햇', 0.15717414614229278), ([[914, 394], [990, 394], [990, 442], [914, 442]], '아앗', 0.8251325736118894), ([[164, 434], [220, 434], [220, 486], [164, 486]], '얼른', 0.9984675475574429), ([[741, 435], [857, 435], [857, 477], [741, 477]], '잠끄아안', 0.7765607833862305), ([[918, 434], [986, 434], [986, 488], [918, 488]], '하우', 0.25732317344330424), ([[150, 474], [228, 474], [228, 524], [150, 524]], '교실로', 0.9999763928855457), ([[767, 475], [831, 475], [831, 517], [767, 517]], '이젯', 0.6723258339056635), ([[900, 482], [1004, 482], [1004, 536], [900, 536]], '아으웃', 0.09247153989010193), ([[142, 514], [240, 514], [240, 566], [142, 566]], '도 돌아', 0.9694727387836445), ([[735, 515], [861, 515], [861, 557], [735, 557]], '지, 진짜로', 0.6231264165116671), ([[47, 559], [85, 559], [85, 595], [47, 595]], '그,', 0.9631789662454767), ([[143, 561], [239, 561], [239, 599], [143, 599]], '가세요', 0.9997898098356592), ([[716, 550], [884, 550], [884, 600], [716, 600]], '괜찮으니까아', 0.6458254736043011), ([[19, 597], [103, 597], [103, 635], [19, 635]], '그치만:', 0.8066187500953674), ([[286, 624], [334, 624], [334, 702], [286, 702]], '@', 0.6579438463387852), ([[253, 709], [317, 709], [317, 799], [253, 799]], '회', 0.16932568243458324), ([[589.5216686331361, 539.0163620437859], [648.351964914764, 546.8547309895993], [628.4783313668639, 698.9836379562141], [569.648035085236, 691.1452690104007]], '텔', 0.046568747004841704), ([[488.4380115389096, 611.0197638525166], [553.1476074507491, 619.1591409578555], [531.5619884610904, 768.9802361474834], [467.85239254925096, 759.8408590421445]], '택', 0.3443607279223251), ([[129.5436016756919, 668.0130293246082], [194.16244586046955, 681.1681595116206], [158.4563983243081, 858.9869706753918], [93.83755413953044, 845.8318404883794]], '북', 0.07568918874363817)]
[([[650, 457], [844, 457], [844, 548], [650, 548]], '빨리 가을', 0.9058758514266269), ([[120, 506], [195, 506], [195, 628], [120, 628]], '넷', 0.7250819487313152), ([[675.0625747279902, 398.0630529871277], [848.883237730279, 424.72679995740504], [836.9374252720098, 485.9369470128723], [662.116762269721, 459.27320004259496]], '뒷으니까', 0.3414289951324463), ([[638.0868184120003, 519.0598199312022], [845.9170417879452, 546.9255080717755], [833.9131815879997, 608.9401800687978], [626.0829582120548, 581.0744919282245]], '가세요옷!', 0.6244180150113199), ([[511.4327330995129, 621.0161025514275], [590.4325127815728, 634.6042984284785], [559.5672669004871, 816.9838974485725], [480.56748721842723, 804.3957015715215]], '동', 0.6607203719636381)]
[([[982, 408], [1014, 408], [1014, 444], [982, 444]], '그', 0.9999947547981378), ([[963, 447], [1021, 447], [1021, 483], [963, 483]], '그게', 0.9907090285477115), ([[963, 483], [1021, 483], [1021, 527], [963, 527]], '으음', 0.9903706056106871), ([[160, 634], [267, 634], [267, 690], [160, 690]], '위유-', 0.8048352003097534), ([[178, 682], [249, 682], [249, 737], [178, 737]], '경치', 0.999867998622348), ([[152, 730], [278, 730], [278, 784], [152, 784]], '좋은데~', 0.7105531692504883), ([[959.1933541266034, 801.0296161218063], [1028.501760285428, 759.0114497491268], [1136.8066458733965, 958.9703838781937], [1067.498239714572, 999.9885502508732]], '둑', 0.006540275444572252), ([[121.63592578566093, 900.0073669058249], [190.0249223594996, 913.9501552810008], [139.36407421433907, 1164.992633094175], [70.97507764050037, 1152.0498447189993]], '육', 0.1122864941175159)]
[([[973, 311], [1085, 311], [1085, 351], [973, 351]], '그, 그래!', 0.971039968259209), ([[957, 351], [1099, 351], [1099, 391], [957, 391]], '코우토 군이', 0.9869222141588658), ([[967, 389], [1087, 389], [1087, 433], [967, 433]], '몸이 조금', 0.9629024344929386), ([[951, 429], [1103, 429], [1103, 473], [951, 473]], '쫓지 암은 것', 0.49560293846594716), ([[989, 473], [1063, 473], [1063, 513], [989, 513]], '같아', 0.9958142695100028), ([[136, 598], [230, 598], [230, 648], [136, 648]], '오옷~', 0.9940958722378713), ([[114, 644], [254, 644], [254, 698], [114, 698]], '매끈매끈', 0.7596378326416016), ([[104, 692], [264, 692], [264, 742], [104, 742]], '행글렉글~', 0.0451197131512), ([[923.4688359959604, 697.0141167240542], [991.4045269048212, 667.0081854509166], [1087.5311640040397, 904.9858832759458], [1019.5954730951788, 933.9918145490834]], '통', 0.6591768993940015), ([[122.69603713591424, 908.0057766745444], [181.97112541083283, 917.5721864729179], [137.30396286408575, 1186.9942233254556], [78.02887458916717, 1177.427813527082]], '탑', 0.0032684642653799806)]
[([[1050, 144], [1130, 144], [1130, 198], [1050, 198]], '저논', 0.6934575464108423), ([[989, 193], [1193, 193], [1193, 255], [989, 255]], '이 학교에서', 0.9961490650877232), ([[1003, 247], [1183, 247], [1183, 311], [1003, 311]], '양호 교사,', 0.8845629313227914), ([[1030, 300], [1152, 300], [1152, 362], [1030, 362]], '이론바', 0.3976377714808013), ([[975, 353], [1209, 353], [1209, 415], [975, 415]], '보건 선생님올', 0.9083393551744547), ([[971, 407], [1211, 407], [1211, 469], [971, 469]], '하고 있습니다', 0.9691577432325724), ([[153, 1123], [271, 1123], [271, 1183], [153, 1183]], '교직은', 0.9978496502959866), ([[134, 1178], [288, 1178], [288, 1234], [134, 1234]], '이래저래', 0.9981997013092041), ([[106, 1232], [318, 1232], [318, 1288], [106, 1288]], '20년 가까이', 0.9967680801911846), ([[90, 1280], [333, 1280], [333, 1345], [90, 1345]], '해빛습니다만,', 0.25327911791602076), ([[77, 1334], [347, 1334], [347, 1399], [77, 1399]], '심신의 보살필올', 0.5236597703541203), ([[112, 1392], [310, 1392], [310, 1448], [112, 1448]], '필요로 하는', 0.7055043783178827), ([[133, 1443], [289, 1443], [289, 1503], [133, 1503]], '아이들은', 0.9969345331192017), ([[91, 1497], [331, 1497], [331, 1557], [91, 1557]], '늘기만 합니다', 0.7442961815556268)]
[([[901, 235], [1015, 235], [1015, 279], [901, 279]], '그햇구나', 0.32905590534210205), ([[184, 258], [270, 258], [270, 310], [184, 310]], '어어!', 0.9701995321147496), ([[190, 306], [266, 306], [266, 358], [190, 358]], '완전', 0.9999261595199223), ([[893, 315], [1017, 315], [1017, 359], [893, 359]], '코우토 군,', 0.7706379596883354), ([[165, 349], [291, 349], [291, 401], [165, 401]], '멀정해 ~', 0.6777794926156734), ([[907, 355], [1009, 355], [1009, 399], [907, 399]], '괜찮아?', 0.9987130761146545), ([[234.3451128009066, 622.6497087131844], [348.5800068403881, 714.1982805958007], [163.6548871990934, 936.3502912868156], [49.41999315961193, 844.8017194041993]], '(', 0.06418679109004533), ([[1008.5260617673069, 693.0093627128667], [1098.0201839353413, 673.0434442778001], [1159.473938232693, 969.9906372871333], [1070.9798160646587, 989.9565557221999]], '{', 0.35983274972324253)]
[([[981, 249], [1021, 249], [1021, 289], [981, 289]], '아', 0.9999372968966469), ([[939, 289], [1063, 289], [1063, 331], [939, 331]], '코우토 군', 0.9968539774184354), ([[931, 329], [1073, 329], [1073, 373], [931, 373]], '전혀 괜찮지', 0.6554290628815488), ([[955, 369], [1053, 369], [1053, 413], [955, 413]], '않관니!', 0.3541225492954254), ([[959, 409], [1043, 409], [1043, 451], [959, 451]], '암전히', 0.9554142256677626), ([[949, 449], [1057, 449], [1057, 493], [949, 493]], '있어야지', 0.9992358088493347), ([[125, 531], [265, 531], [265, 595], [125, 595]], '네-에', 0.9911540916138596), ([[1085, 1311], [1101, 1311], [1101, 1351], [1085, 1351]], '1', 0.19695770140341384), ([[932.3883137659961, 698.0267769323555], [981.7510353030312, 686.0404061919103], [1013.6116862340039, 825.9732230676445], [965.2489646969688, 838.9595938080897]], '5', 0.1478750620862037), ([[989.6521714976526, 823.0086471028166], [1043.3027467578834, 808.0065498928933], [1106.3478285023475, 1037.9913528971833], [1052.6972532421166, 1052.9934501071068]], "'", 0.28466755047933034)]
[([[1005, 201], [1093, 201], [1093, 243], [1005, 243]], '아무튼', 0.9998801069150949), ([[976, 238], [1122, 238], [1122, 286], [976, 286]], '코우토 군은', 0.9743277068519334), ([[979, 281], [1119, 281], [1119, 323], [979, 323]], '여기서 잠시', 0.9973515050885299), ([[959, 321], [1141, 321], [1141, 363], [959, 363]], '쉬고 갈 거니까', 0.9190923983829496), ([[1007, 363], [1093, 363], [1093, 403], [1007, 403]], '토구다', 0.7957099914687874), ([[981, 401], [1117, 401], [1117, 445], [981, 445]], '선생님에제', 0.3934810341062619), ([[1007, 441], [1091, 441], [1091, 485], [1007, 485]], '그렇제', 0.4811690749351182), ([[116, 456], [222, 456], [222, 508], [116, 508]], '동고가', 0.6876381001994514), ([[989, 479], [1109, 479], [1109, 523], [989, 523]], '전해줄 수', 0.687725334973434), ([[100, 502], [239, 502], [239, 556], [100, 556]], '실묵실륙', 0.2189781814813614), ([[998, 518], [1102, 518], [1102, 566], [998, 566]], '있율까?', 0.08082782477140427), ([[122, 550], [220, 550], [220, 598], [122, 598]], '거려; ', 0.2106077079027327), ([[998, 704], [1022, 704], [1022, 740], [998, 740]], '응', 0.9994843670998677), ([[963, 741], [1059, 741], [1059, 783], [963, 783]], '알앞어!', 0.27232250571250916), ([[1085, 1313], [1101, 1313], [1101, 1351], [1085, 1351]], ';', 0.6405184460165856), ([[286.4278593924353, 625.1129262926145], [368.35426541485685, 661.819854511817], [249.5721406075647, 923.8870737073855], [166.64573458514317, 886.180145488183]], '도', 0.007947157324285359), ([[692.3729298231972, 1097.0494578861421], [725.0075287765126, 1092.1289683849782], [736.6270701768028, 1167.9505421138579], [703.9924712234874, 1172.8710316150218]], '5', 0.7021434061371679), ([[724.3824924789055, 1147.0479518649956], [753.7844645405528, 1142.0776772972363], [766.6175075210945, 1218.9520481350044], [737.2155354594472, 1224.9223227027637]], '5', 0.9566597918841957)]
[([[241, 259], [339, 259], [339, 327], [241, 327]], '아응', 0.7765959449700833), ([[1018, 310], [1108, 310], [1108, 362], [1018, 362]], '혜햇!', 0.2696294387915205), ([[986, 358], [1144, 358], [1144, 410], [986, 410]], '넣어야지 ', 0.7936245477121637), ([[146, 434], [174, 434], [174, 474], [146, 474]], '2', 0.9237454855028773), ([[864.5711905655934, 781.0070741374791], [960.9093691405567, 767.1409833391083], [1005.4288094344066, 1109.992925862521], [908.0906308594433, 1122.8590166608917]], '죽', 0.07245325160031157)]
[([[1011, 223], [1081, 223], [1081, 285], [1011, 285]], '으옷,', 0.4462466045700426), ([[980, 278], [1104, 278], [1104, 334], [980, 334]], '잠깐:', 0.7776753162896471), ([[175, 347], [265, 347], [265, 387], [175, 387]], '어? 맛!', 0.5371474154280736), ([[982, 334], [1074, 334], [1074, 386], [982, 386]], '안돼-', 0.24257389490193382), ([[145, 385], [295, 385], [295, 427], [145, 427]], '아; 아무것도', 0.8090326812850033), ([[177, 425], [265, 425], [265, 465], [177, 465]], '아니야', 0.9998313188552856), ([[943, 539], [1043, 539], [1043, 581], [943, 581]], '왜 그래,', 0.9889913993186765), ([[955, 579], [1031, 579], [1031, 621], [955, 621]], '엄마?', 0.9918102786966178), ([[951, 619], [1035, 619], [1035, 661], [951, 661]], '얼굴이', 0.9971307345681641), ([[943, 659], [1045, 659], [1045, 701], [943, 701]], '빨간데?', 0.9836222529411316), ([[81, 766], [233, 766], [233, 820], [81, 820]], '후육후육!', 0.7939217033769109), ([[290, 720], [400, 720], [400, 818], [290, 818]], '제', 0.37582202471952897), ([[94, 816], [218, 816], [218, 864], [94, 864]], '조인다~', 0.9633738994598389), ([[263, 815], [387, 815], [387, 923], [263, 923]], '7', 0.9830131925955499), ([[1003, 727], [1141, 727], [1141, 942], [1003, 942]], '유', 0.17751899816795813), ([[1084, 910], [1136, 910], [1136, 970], [1084, 970]], '내', 0.13670802709475538), ([[953, 978], [1074, 978], [1074, 1165], [953, 1165]], '기', 0.03260892833765183), ([[1024, 1146], [1074, 1146], [1074, 1218], [1024, 1218]], '7', 0.0581248262320353)]
[([[115, 237], [157, 237], [157, 277], [115, 277]], '쾌,', 0.24827807001681093), ([[1099, 233], [1167, 233], [1167, 275], [1099, 275]], '엄마;', 0.4964535512319987), ([[91, 275], [179, 275], [179, 317], [91, 317]], '괜찮아', 0.9994328993009538), ([[308, 274], [332, 274], [332, 306], [308, 306]], '그', 0.9967465679835783), ([[931, 245], [991, 245], [991, 307], [931, 307]], '앗;', 0.4708473689295215), ([[1069, 273], [1193, 273], [1193, 315], [1069, 315]], '좀 이상해.', 0.998166317945868), ([[279, 313], [353, 313], [353, 351], [279, 351]], '그만 ', 0.6339805555780108), ([[913, 295], [1007, 295], [1007, 357], [913, 357]], '아응', 0.4877526619202877), ([[1101, 313], [1161, 313], [1161, 355], [1101, 355]], '정말', 0.9999943523269706), ([[103, 355], [163, 355], [163, 397], [103, 397]], '정말', 0.9999941837398596), ([[264, 346], [384, 346], [384, 396], [264, 396]], '둘버러!', 0.4461155831813812), ([[1079, 355], [1187, 355], [1187, 393], [1079, 393]], '왜 그래?', 0.981437268084319), ([[73, 395], [193, 395], [193, 437], [73, 437]], '아무 일도', 0.9997619553740865), ([[67, 435], [197, 435], [197, 479], [67, 479]], '아니니까 "', 0.587233404843936), ([[913, 453], [977, 453], [977, 555], [913, 555]], '0', 0.6749384475104172), ([[1002, 810], [1130, 810], [1130, 862], [1002, 862]], '테이타~', 0.5975425839424133), ([[994, 858], [1140, 858], [1140, 912], [994, 912]], '나네 엄마', 0.8467604586448398), ([[994, 904], [1138, 904], [1138, 958], [994, 958]], '거기 상태', 0.9996946041646936), ([[1018, 950], [1116, 950], [1116, 1004], [1018, 1004]], '좋다~', 0.9434676170349121), ([[238, 1248], [342, 1248], [342, 1364], [238, 1364]], '7', 0.2029916948968813), ([[947, 1096], [1056, 1096], [1056, 1391], [947, 1391]], '?', 0.15509873666275098)]
[([[202, 266], [254, 266], [254, 318], [202, 318]], '어,', 0.997685995734455), ([[916, 249], [1098, 249], [1098, 348], [916, 348]], '[응오오롯다', 0.10417795391942682), ([[176, 312], [282, 312], [282, 362], [176, 362]], '엄마!?', 0.819827139377594), ([[133, 455], [238, 455], [238, 734], [133, 734]], '버', 0.015490044147693782), ([[978, 682], [1052, 682], [1052, 736], [978, 736]], '방글', 0.964238301431488), ([[970, 728], [1040, 728], [1040, 780], [970, 780]], '방글', 0.98278266425834), ([[159, 721], [269, 721], [269, 883], [159, 883]], '시', 0.3819535068259938), ([[781, 779], [891, 779], [891, 993], [781, 993]], '국', 0.0030801748215374958)]
[([[1100, 194], [1172, 194], [1172, 242], [1100, 242]], '용으흐', 0.18779093774712488), ([[255, 225], [295, 225], [295, 265], [255, 265]], '어', 0.9999716283903268), ([[1105, 239], [1169, 239], [1169, 281], [1105, 281]], '아앗', 0.8802594442467931), ([[246, 256], [302, 256], [302, 304], [246, 304]], '얼른', 0.9939182459383218), ([[775, 249], [851, 249], [851, 293], [775, 293]], '아햇', 0.46297764887293247), ([[925, 275], [1043, 275], [1043, 319], [925, 319]], '잠끄아안', 0.7056871652603149), ([[1107, 277], [1167, 277], [1167, 321], [1107, 321]], '하유', 0.33875186833580595), ([[234, 296], [312, 296], [312, 344], [234, 344]], '교실로', 0.9999840324975037), ([[953, 315], [1017, 315], [1017, 359], [953, 359]], '이젯', 0.858303411833137), ([[1093, 317], [1181, 317], [1181, 361], [1093, 361]], '아으옛', 0.10313298340089465), ([[226, 336], [324, 336], [324, 386], [226, 386]], '도 돌아', 0.9426789043998299), ([[921, 355], [1047, 355], [1047, 397], [921, 397]], '지, 진짜로', 0.5346514417503289), ([[131, 377], [167, 377], [167, 413], [131, 413]], '그', 0.9999864101871623), ([[227, 383], [323, 383], [323, 419], [227, 419]], '가세요', 0.9998551236961406), ([[101, 413], [187, 413], [187, 453], [101, 453]], '그치만:', 0.9795945286750793), ([[902, 390], [1070, 390], [1070, 442], [902, 442]], '괜찮으니까아', 0.6486435174572873), ([[862, 586], [960, 586], [960, 730], [862, 730]], '("', 0.0834137679219038), ([[1044, 676], [1118, 676], [1118, 724], [1044, 724]], '흐라', 0.9962081340847443), ([[1020, 722], [1142, 722], [1142, 778], [1020, 778]], '흐라맛!', 0.3475342094898224), ([[868, 730], [964, 730], [964, 872], [868, 872]], '중', 0.02386912427834731), ([[1022, 768], [1134, 768], [1134, 822], [1022, 822]], '유미코,', 0.9201598167419434), ([[1028, 816], [1132, 816], [1132, 868], [1028, 868]], '동고로', 0.7985973084971286), ([[1036, 864], [1126, 864], [1126, 912], [1036, 912]], '느껴!', 0.7731852299942632), ([[106, 890], [184, 890], [184, 940], [106, 940]], '가라', 0.9999513628832553), ([[897, 863], [985, 863], [985, 977], [897, 977]], '7', 0.045499174095553485), ([[81, 935], [204, 935], [204, 989], [81, 989]], '가라맛!', 0.560775637626648)]
[([[946, 281], [1109, 281], [1109, 354], [946, 354]], '뒷으니까', 0.41930505633354187), ([[936, 335], [1104, 335], [1104, 410], [936, 410]], '빨리 가을', 0.6154408639359914), ([[92, 716], [241, 716], [241, 780], [92, 780]], '우오옷', 0.8669004735294056), ([[133, 773], [197, 773], [197, 833], [133, 833]], '싸', 0.5965651471092883), ([[115, 825], [221, 825], [221, 885], [115, 885]], '산다!', 0.39327974274326294), ([[175.29072266128932, 292.04207035483034], [221.67114670147498, 284.2374251673276], [236.70927733871068, 387.95792964516966], [189.32885329852502, 395.7625748326724]], '넷', 0.9815958670919969), ([[924.0876568944764, 389.0697698140963], [1104.927914266858, 412.07272849456973], [1094.9123431055236, 465.9302301859037], [914.0720857331421, 441.92727150543027]], '가세요옷!!', 0.5467357443528126), ([[964.6222525975326, 578.0054893551188], [1063.8858978392188, 588.9530915872696], [1023.3777474024674, 947.9945106448812], [923.1141021607812, 936.0469084127304]], '닭', 0.1081387754716765), ([[93.4829154450953, 1009.0063670708694], [239.42501414327967, 965.0043013219847], [376.51708455490467, 1456.9936329291306], [230.57498585672033, 1500.9956986780153]], '*', 0.1479895042742818)]
[([[976, 294], [1066, 294], [1066, 348], [976, 348]], '하악', 0.999693269016627), ([[976, 346], [1066, 346], [1066, 400], [976, 400]], '하악', 0.9996810475506287), ([[124, 602], [202, 602], [202, 652], [124, 652]], '후우:', 0.6446621895679743), ([[136, 650], [210, 650], [210, 700], [136, 700]], '안에', 0.9935911970031994), ([[92, 696], [248, 696], [248, 748], [92, 748]], '싸버력어', 0.4682750701904297), ([[451, 1236], [559, 1236], [559, 1421], [451, 1421]], '%', 0.08471906409571162), ([[526, 1410], [552, 1410], [552, 1450], [526, 1450]], '8', 0.6681850154311775), ([[902.5292943651915, 614.0085244792841], [996.756471661533, 598.1192078154241], [1045.4707056348086, 915.9914755207159], [951.243528338467, 931.8807921845759]], '~', 0.015019284888768747)]
[([[1023, 99], [1175, 99], [1175, 161], [1023, 161]], '아이들올', 0.9255767464637756), ([[1039, 152], [1161, 152], [1161, 214], [1039, 214]], '위해서', 0.9999879555445207), ([[1037, 206], [1162, 206], [1162, 268], [1037, 268]], '상담사', 0.9995046103825546), ([[1039, 261], [1161, 261], [1161, 321], [1039, 321]], '자격증', 0.9998493424673067), ([[1017, 313], [1183, 313], [1183, 375], [1017, 375]], '같은 것도', 0.5514192658779299), ([[1023, 365], [1177, 365], [1177, 427], [1023, 427]], '취득랫습', 0.16584031283855438), ([[573, 409], [651, 409], [651, 469], [573, 469]], '결국', 0.7031149142275596), ([[1026, 422], [1174, 422], [1174, 476], [1026, 476]], '나다만 ', 0.8205089569091797), ([[111, 796], [187, 796], [187, 849], [111, 849]], '학생', 0.9999187418430754), ([[93, 837], [206, 837], [206, 888], [93, 888]], '한 사람', 0.9722151808539345), ([[62, 878], [236, 878], [236, 928], [62, 928]], '한 사람에게', 0.651056265780862), ([[82, 920], [214, 920], [214, 970], [82, 970]], '가족저럼', 0.9698532223701477), ([[50, 954], [246, 954], [246, 1011], [50, 1011]], '다가가는 컷 ', 0.12297757865103645), ([[52, 998], [246, 998], [246, 1048], [52, 1048]], '그게 무엇보다', 0.9944543054217404), ([[69, 1043], [137, 1043], [137, 1087], [69, 1087]], '아이', 0.9998535006978184), ([[157, 1041], [229, 1041], [229, 1085], [157, 1085]], '에게', 0.5933801145315674), ([[98, 1038], [174, 1038], [174, 1132], [98, 1132]], "'오들", 0.05931914166980664), ([[157, 1079], [197, 1079], [197, 1123], [157, 1123]], '-이', 0.8522701122136922), ([[66, 1118], [234, 1118], [234, 1172], [66, 1172]], '된다는 것올', 0.3493000433535771), ([[98, 1160], [200, 1160], [200, 1208], [98, 1208]], '나날이', 0.9803474748142884), ([[86, 1200], [214, 1200], [214, 1250], [86, 1250]], '통감하고', 0.7065978343207259), ([[84, 1236], [214, 1236], [214, 1290], [84, 1290]], '있습니다', 0.5875596404075623)]
[([[938, 210], [1046, 210], [1046, 260], [938, 260]], '다음 날', 0.9997709684876024)]
[([[1001, 235], [1063, 235], [1063, 279], [1001, 279]], '정말', 0.9999906434124514), ([[992, 272], [1088, 272], [1088, 320], [992, 320]], '못 말린', 0.6464168412377451), ([[999, 317], [1085, 317], [1085, 357], [999, 357]], '다니까', 0.9993629782191216), ([[1108, 646], [1166, 646], [1166, 670], [1108, 670]], '75 `', 0.21719479248316667), ([[1102, 675], [1189, 675], [1189, 712], [1102, 712]], '483', 0.02980582463522627), ([[144.56182475830843, 530.0096044894324], [216.35290770691236, 519.0919406170241], [250.43817524169157, 777.9903955105676], [179.64709229308764, 787.9080593829759]], '3', 0.04612982232642082)]
[([[1004, 324], [1086, 324], [1086, 376], [1004, 376]], '저기,', 0.915241300675511), ([[992, 371], [1096, 371], [1096, 423], [992, 423]], '선생님', 0.9998608361052206), ([[992, 420], [1096, 420], [1096, 470], [992, 470]], '오늘도', 0.9998768721685336), ([[108, 476], [186, 476], [186, 528], [108, 528]], '안돼,', 0.9432013615963973), ([[982, 464], [1108, 464], [1108, 516], [982, 516]], '괜찮조?', 0.8142358660697937), ([[76, 524], [224, 524], [224, 574], [76, 574]], '코우토 군', 0.7925819975281492), ([[76, 568], [222, 568], [222, 622], [76, 622]], '그런 짓은', 0.9969187985950057), ([[112, 616], [184, 616], [184, 666], [112, 666]], '이제', 0.9477543231029676), ([[1108, 646], [1166, 646], [1166, 670], [1108, 670]], '73`', 0.3533988924423268), ([[62, 664], [238, 664], [238, 714], [62, 714]], '그만 하자 ', 0.958896020800632), ([[1102, 678], [1188, 678], [1188, 708], [1102, 708]], '음기', 0.10302429536998875), ([[141, 988], [205, 988], [205, 1135], [141, 1135]], '국', 0.013720746867503186), ([[947.6668196069515, 704.0050470294008], [1029.8673475842356, 692.0342483993061], [1081.3331803930485, 1055.9949529705991], [1000.1326524157644, 1067.965751600694]], '"', 0.003878122720507804)]
[([[156, 130], [273, 130], [273, 367], [156, 367]], '쥐', 0.4953847288903148), ([[459, 223], [597, 223], [597, 331], [459, 331]], '양앗앗', 0.2277688942092301), ([[179, 347], [243, 347], [243, 419], [179, 419]], '"', 0.7075513478306483), ([[1082, 666], [1172, 666], [1172, 714], [1082, 714]], '아앗', 0.9118103420902604), ([[1056, 710], [1194, 710], [1194, 762], [1056, 762]], '그마아입', 0.4984932541847229), ([[814, 1288], [870, 1288], [870, 1336], [814, 1336]], '자,', 0.45976494436341), ([[1019, 1273], [1085, 1273], [1085, 1389], [1019, 1389]], '유', 0.09360747284189586), ([[784, 1332], [898, 1332], [898, 1386], [784, 1386]], '선생님.', 0.9926005005836487), ([[790, 1382], [896, 1382], [896, 1432], [790, 1432]], '손으로', 0.9994731592762959), ([[770, 1426], [916, 1426], [916, 1478], [770, 1478]], '다리 잡고', 0.9767680936247036), ([[794, 1474], [892, 1474], [892, 1526], [794, 1526]], '있어 ', 0.3109177779403151), ([[645.7234053683178, 311.0127779778322], [674.0714123987998, 314.19784449544676], [661.2765946316822, 424.9872220221678], [632.9285876012002, 421.80215550455324]], '[', 0.049636241877586196), ([[72.4492455679053, 401.01083742479454], [181.30451053366127, 436.53930768404945], [103.5507544320947, 682.9891625752055], [-6.304510533661265, 647.4606923159505]], '"', 0.0054870182023437075), ([[819.6476678682911, 908.01035376095], [867.0869745325651, 921.8550424457247], [822.3523321317089, 1089.98964623905], [773.9130254674349, 1077.1449575542752]], '?', 0.16414625384929682), ([[946.4780193260012, 1205.7390096630006], [1108.953826556699, 1118.8491030693472], [1162.5219806739988, 1223.2609903369994], [1000.0461734433011, 1309.1508969306528]], '학', 0.02072273949402703)]
[([[1032, 310], [1064, 310], [1064, 356], [1032, 356]], '얼', 0.964658700536436), ([[994, 354], [1134, 354], [1134, 408], [994, 408]], '애들하고', 0.9817103743553162), ([[1026, 400], [1100, 400], [1100, 454], [1026, 454]], '놀러', 0.9769576203636925), ([[1010, 448], [1118, 448], [1118, 498], [1010, 498]], '가세요', 0.9998467959750744), ([[1110, 646], [1166, 646], [1166, 670], [1110, 670]], ')', 0.3686899178340788), ([[1104, 680], [1184, 680], [1184, 708], [1104, 708]], '스")', 0.004633041882034445), ([[1030.2557915924647, 264.04633273971797], [1074.8955161539802, 251.06720547988047], [1102.7442084075353, 355.95366726028203], [1057.1044838460198, 368.9327945201195]], '꿀', 0.018000144311353106)]
[([[126, 324], [204, 324], [204, 378], [126, 378]], '정말:', 0.8790613011941231), ([[128, 372], [212, 372], [212, 422], [128, 422]], '변태:', 0.5067324381333294), ([[1014, 368], [1118, 368], [1118, 418], [1014, 418]], '유미코', 0.9907241126788093), ([[996, 416], [1130, 416], [1130, 468], [996, 468]], '선생님의', 0.6203351619889894), ([[1022, 464], [1102, 464], [1102, 514], [1022, 514]], '가슴;', 0.5241264652321137), ([[1014, 508], [1116, 508], [1116, 560], [1014, 560]], '엄청-', 0.9688082279284917), ([[984, 554], [1148, 554], [1148, 606], [984, 606]], '부드러워:', 0.35645046492706467), ([[821.4712122108942, 410.02000118380437], [871.8178887329718, 399.04794576973984], [902.5287877891058, 555.9799988161957], [852.1821112670282, 565.9520542302602]], '""', 0.36143549062688274), ([[851.1911248646676, 542.0658616744723], [889.5521576303743, 528.0305813266319], [919.8088751353324, 612.9341383255277], [881.4478423696257, 627.9694186733681]], '5', 0.5322301630536117), ([[957.6611521195653, 806.0047850326089], [1044.302933729514, 785.0038243112431], [1136.3388478804347, 1183.9952149673911], [1049.697066270486, 1204.996175688757]], '{', 0.005840550742072459), ([[88.66556458148055, 831.0069934973853], [146.65660075632243, 823.0269908160848], [181.33443541851943, 1085.9930065026147], [124.34339924367757, 1093.9730091839153]], '5', 0.14998498066243204)]
[([[889, 217], [931, 217], [931, 267], [889, 267]], '맛', 0.32287216148009534), ([[850, 262], [978, 262], [978, 314], [850, 314]], '이, 이거', 0.95842975063859), ([[838, 307], [976, 307], [976, 359], [838, 359]], '굉장햇: ', 0.35334185910205673), ([[148, 842], [236, 842], [236, 892], [148, 892]], '하악!', 0.7582859491333048), ([[138, 885], [233, 885], [233, 941], [138, 941]], '안쪽:', 0.44205980509621895), ([[156, 936], [230, 936], [230, 986], [156, 986]], '당고', 0.9938769318686543), ([[140, 982], [248, 982], [248, 1036], [140, 1036]], '있어어', 0.9983639904264147), ([[134, 1028], [254, 1028], [254, 1084], [134, 1084]], '어어섯!', 0.42450815439224243), ([[639, 1019], [765, 1019], [765, 1108], [639, 1108]], '해0혼', 0.0030556613554397387), ([[1025, 904], [1152, 904], [1152, 1163], [1025, 1163]], '14', 0.1406768220097192), ([[340, 1067], [486, 1067], [486, 1163], [340, 1163]], "+#,'", 0.002779041649773717), ([[383.42972823222937, 373.0824182061789], [464.6092529236561, 298.01237807806], [630.5702717677707, 497.9175817938211], [549.3907470763439, 573.98762192194]], "'올", 0.6776527993647805)]
[([[850, 296], [992, 296], [992, 350], [850, 350]], '테이타가', 0.4537917673587799), ([[826, 344], [1014, 344], [1014, 396], [826, 396]], '전에 그쨌지', 0.3267503643276868), ([[818, 392], [1026, 392], [1026, 444], [818, 444]], '소우마 군처럼', 0.664228157593719), ([[743, 434], [1102, 434], [1102, 490], [743, 490]], '축구름 잘 하고 싶다고""', 0.4450555607318969), ([[832, 484], [1010, 484], [1010, 538], [832, 538]], '그치만 평생', 0.9993507074002737), ([[778, 530], [1064, 530], [1064, 586], [778, 586]], '이런 짓율 하다가는', 0.5622821180760444), ([[816, 578], [1026, 578], [1026, 632], [816, 632]], '소우마 군처럼', 0.7829516938474538), ([[798, 622], [1040, 622], [1040, 678], [798, 678]], '되지 못할 거야 ', 0.5475186510875172), ([[458, 764], [737, 764], [737, 885], [458, 885]], '양호실', 0.9843511266235644)]
[([[388, 188], [466, 188], [466, 236], [388, 236]], '그래.', 0.7377129293306182), ([[372, 234], [488, 234], [488, 284], [372, 284]], '장하다,', 0.9345986843109131), ([[374, 282], [482, 282], [482, 330], [374, 330]], '귀이타', 0.2996520752664078), ([[1056, 352], [1176, 352], [1176, 406], [1056, 406]], '알앉어"', 0.500584602355957), ([[134, 384], [268, 384], [268, 436], [134, 436]], '멋진데 -', 0.6709894107914224), ([[1043, 393], [1196, 393], [1196, 453], [1043, 453]], '나 이제는', 0.8518802457105735), ([[140, 432], [262, 432], [262, 482], [140, 482]], '테이타!', 0.3425392210483551), ([[1067, 446], [1175, 446], [1175, 500], [1067, 500]], '엄마랑', 0.8354477004782798), ([[1044, 488], [1194, 488], [1194, 545], [1044, 545]], '꺼안는 거', 0.5278582528392005), ([[1052, 538], [1190, 538], [1190, 592], [1052, 592]], '그만둘래', 0.9961056113243103)]
[([[266, 228], [320, 228], [320, 282], [266, 282]], '응!', 0.9336122085514323), ([[228, 278], [360, 278], [360, 326], [228, 326]], '"소우마', 0.9526764750480652), ([[1096, 264], [1168, 264], [1168, 312], [1096, 312]], '그럼', 0.9987063369752356), ([[256, 322], [330, 322], [330, 374], [256, 374]], '군은', 0.9914185152673156), ([[1081, 309], [1185, 309], [1185, 361], [1081, 361]], '밖에서', 0.9980242811305797), ([[242, 370], [344, 370], [344, 418], [242, 418]], '안 가?', 0.8851244705343735), ([[1096, 358], [1170, 358], [1170, 406], [1096, 406]], '놀고', 0.9686822283502287), ([[1082, 404], [1186, 404], [1186, 452], [1082, 452]], '오세요', 0.9964885711669922), ([[1033, 1027], [1079, 1027], [1079, 1069], [1033, 1069]], '소', 0.9999654296048135), ([[966, 1066], [1148, 1066], [1148, 1122], [966, 1122]], '소우마 군은', 0.9335903317974447), ([[966, 1114], [1148, 1114], [1148, 1168], [966, 1168]], '잠깐 엄마랑', 0.810035453833892), ([[966, 1162], [1146, 1162], [1146, 1212], [966, 1212]], '나물 얘기가', 0.8189509254278252), ([[134, 1184], [218, 1184], [218, 1234], [134, 1234]], '오우!', 0.9160177888675458), ([[992, 1207], [1122, 1207], [1122, 1259], [992, 1259]], '있어서 ', 0.7499159574508667), ([[140, 1230], [212, 1230], [212, 1282], [140, 1282]], '먼저', 0.9998427115846402), ([[100, 1278], [250, 1278], [250, 1332], [100, 1332]], '나가 있어,', 0.933782335746485), ([[116, 1326], [236, 1326], [236, 1376], [116, 1376]], '귀이타!', 0.6742343306541443), ([[938.4975691933033, 1423.02107340031], [984.5928295955181, 1412.029359073711], [1014.5024308066967, 1553.97892659969], [969.4071704044819, 1564.970640926289]], '국', 0.9356881968799691), ([[420.3816999397877, 1528.0239292232616], [482.2502686412644, 1514.0983021872087], [516.6183000602123, 1672.9760707767384], [454.7497313587356, 1687.9016978127913]], '뭐', 0.02006001333288432)]
[([[996, 298], [1112, 298], [1112, 354], [996, 354]], '그런데', 0.9999606319090059), ([[1016, 352], [1102, 352], [1102, 408], [1016, 408]], '살짝', 0.9996126924338912), ([[951, 403], [1157, 403], [1157, 465], [951, 465]], '곤란하게도,', 0.9732995566153158), ([[970, 458], [1136, 458], [1136, 512], [970, 512]], '내가 너무', 0.9991722435118368), ([[993, 508], [1113, 508], [1113, 571], [993, 571]], '응석올', 0.5257173273948231), ([[994, 566], [1114, 566], [1114, 622], [994, 622]], '받아준', 0.9702870673111096), ([[979, 617], [1129, 617], [1129, 677], [979, 677]], '탓인지"', 0.9799750447273254), ([[176, 694], [272, 694], [272, 746], [176, 746]], '엄마~', 0.43839390090603025), ([[470, 774], [720, 774], [720, 874], [470, 874]], '양호실', 0.9373862777030879), ([[730.1264929534973, 987.2553746325904], [774.6453874739251, 951.0298152816083], [836.8735070465027, 1036.7446253674095], [792.3546125260749, 1072.9701847183917]], '톤', 0.0758093534495794)]
[([[169, 243], [304, 243], [304, 332], [169, 332]], '하악', 0.974452484479735), ([[1017, 209], [1202, 209], [1202, 296], [1017, 296]], '흐의으9', 0.1882183849811554), ([[983, 279], [1079, 279], [1079, 367], [983, 367]], '응으', 0.21011038711133695), ([[125, 386], [303, 386], [303, 483], [125, 483]], '아앗]!', 0.5949006676673889), ([[1054, 280], [1198, 280], [1198, 454], [1054, 454]], "'용음", 0.12629438684924646), ([[44, 626], [144, 626], [144, 764], [44, 764]], '#', 0.48663554117058894), ([[1051, 1087], [1159, 1087], [1159, 1373], [1051, 1373]], "술'", 0.013345320018756086), ([[181.78525321317667, 159.0672789185902], [319.96801453994794, 178.34825988135765], [303.2147467868233, 270.9327210814098], [165.03198546005208, 250.65174011864235]], '곳으옷', 0.34669664278135304), ([[143.00772212328633, 311.0617769862907], [317.7943695313107, 337.19783363437904], [303.9922778767137, 406.9382230137093], [129.2056304686893, 380.80216636562096]], '아아아', 0.9991213563770913), ([[1020.3798263270539, 354.03861061643164], [1063.8673117218166, 359.9038403974048], [1052.620173672946, 443.96138938356836], [1009.1326882781833, 438.0961596025952]], '움', 0.7698393034478137), ([[65.8492070888625, 791.095242533175], [112.65745816216968, 768.0309434810015], [156.1507929111375, 864.904757466825], [109.34254183783032, 887.9690565189985]], '>', 0.21075338901335172), ([[1106.2070349929113, 905.026228392961], [1197.2564793424808, 935.3634045424533], [1149.7929650070887, 1079.973771607039], [1058.7435206575192, 1049.6365954575467]], '#', 0.023687924553720485)]
[([[938, 352], [1016, 352], [1016, 408], [938, 408]], '여름', 0.9999894633041312), ([[935, 401], [1019, 401], [1019, 463], [935, 463]], '방학', 0.9998449874103634)]
[([[972, 206], [1048, 206], [1048, 256], [972, 256]], '하나', 0.9175000677206059), ([[989, 303], [1031, 303], [1031, 353], [989, 353]], '둘', 0.999896767419628), ([[72, 330], [122, 330], [122, 398], [72, 398]], '@', 0.13177690141696985), ([[987, 393], [1029, 393], [1029, 449], [987, 449]], '셋', 0.99935101074934), ([[163, 429], [249, 429], [249, 533], [163, 533]], '떼', 0.03567399253812753), ([[991, 489], [1027, 489], [1027, 537], [991, 537]], '넷', 0.9996710094239916), ([[212, 842], [284, 842], [284, 894], [212, 894]], '다섯', 0.8030391795728177), ([[212, 936], [282, 936], [282, 988], [212, 988]], '여섯', 0.9846186575211471), ([[212, 1028], [286, 1028], [286, 1082], [212, 1082]], '일급', 0.9980820146300163), ([[212, 1122], [282, 1122], [282, 1172], [212, 1172]], '여럿', 0.3709931267951572), ([[215, 1215], [299, 1215], [299, 1323], [215, 1323]], '@', 0.3801376123599063), ([[483.7751056896261, 383.20806015501836], [673.6996520735817, 355.9348213291196], [681.2248943103739, 459.79193984498164], [492.3003479264184, 488.0651786708804]], '개{-월', 0.02708690681428624), ([[789.1303028434654, 917.0421192876934], [858.6293248735499, 910.7642243254061], [868.8696971565346, 1037.9578807123066], [799.3706751264501, 1045.235775674594]], '냉', 0.010954903370226143)]
[([[457, 1159], [733, 1159], [733, 1273], [457, 1273]], '양호실', 0.9348913431167603)]
[([[1100, 292], [1172, 292], [1172, 342], [1100, 342]], '입고', 0.9999926664562352), ([[1061, 337], [1212, 337], [1212, 392], [1061, 392]], '와분구나,', 0.09693788662118874), ([[110, 365], [216, 365], [216, 413], [110, 413]], '진-짜', 0.992400586605072), ([[1082, 388], [1188, 388], [1188, 438], [1082, 438]], '유미코', 0.9959940551089493), ([[88, 412], [238, 412], [238, 466], [88, 466]], '잘 어울려', 0.996259925859857), ([[990, 744], [1086, 744], [1086, 792], [990, 792]], '아아 ', 0.665788181931133), ([[972, 790], [1106, 790], [1106, 840], [972, 840]], '부끄러워', 0.9982323050498962), ([[1046, 998], [1122, 998], [1122, 1094], [1046, 1094]], '7', 0.6657554940425747), ([[92.60049906444887, 894.0099812889772], [155.47653695620525, 887.137440708207], [175.39950093555115, 1109.9900187110227], [112.52346304379475, 1115.8625592917929]], '륙', 0.04234224989909863)]
[([[993, 189], [1061, 189], [1061, 227], [993, 227]], '아아;', 0.7344491701339336), ([[991, 225], [1061, 225], [1061, 267], [991, 267]], '중앗!', 0.17171782409687938), ([[627, 249], [691, 249], [691, 313], [627, 313]], '응%', 0.18083568173680428), ([[995, 265], [1055, 265], [1055, 305], [995, 305]], '되게', 0.9997102105694561), ([[985, 305], [1067, 305], [1067, 349], [985, 349]], '능숙해', 0.9672951569601103), ([[136, 304], [190, 304], [190, 454], [136, 454]], "'", 0.16626004675114192), ([[975, 345], [1077, 345], [1077, 389], [975, 389]], '|잖아?', 0.1903984099626541), ([[438, 376], [488, 376], [488, 494], [438, 494]], '""', 0.7346731744915576), ([[166, 822], [302, 822], [302, 872], [166, 872]], '변너구나', 0.9532520174980164), ([[1023, 809], [1135, 809], [1135, 853], [1023, 853]], '맛있다는', 0.9793843626976013), ([[1023, 849], [1133, 849], [1133, 893], [1023, 893]], '표정으로', 0.9964574575424194), ([[153, 870], [289, 870], [289, 920], [153, 920]], '유미코는-', 0.55717902970097), ([[1049, 891], [1107, 891], [1107, 933], [1049, 933]], '입에', 0.9972692189370292), ([[1001, 929], [1157, 929], [1157, 973], [1001, 973]], '수서넣기논"', 0.15343137509489121), ([[230.313838852293, 1017.0214216366883], [309.56318093578824, 996.1116362403717], [356.68616114770697, 1198.9785783633117], [277.43681906421176, 1219.8883637596284]], '총', 0.015068946968915198), ([[924.4422105348266, 1019.0155685733968], [1000.6350657386121, 1034.7388842084424], [961.5577894651734, 1217.9844314266031], [886.3649342613879, 1202.2611157915576]], '용', 0.5988850957621707)]
[([[184, 192], [258, 192], [258, 246], [184, 246]], '큰일', 0.9999316384961238), ([[1010, 174], [1068, 174], [1068, 224], [1010, 224]], '야!', 0.9423146060960151), ([[178, 240], [266, 240], [266, 294], [178, 294]], '낫다!', 0.8622099395813668), ([[962, 220], [1112, 220], [1112, 274], [962, 274]], '누가 물에', 0.9950419125897134), ([[973, 263], [1102, 263], [1102, 324], [973, 324]], '빠져어!', 0.5006283521652222), ([[871, 441], [1009, 441], [1009, 557], [871, 557]], '찢', 0.024296875444495214), ([[975, 657], [1017, 657], [1017, 699], [975, 699]], '엇,', 0.9768796778555456), ([[961, 697], [1029, 697], [1029, 737], [961, 737]], '아니,', 0.7351966500282288), ([[234, 716], [326, 716], [326, 764], [234, 764]], '괜찮아', 0.99667598690548), ([[951, 735], [1033, 735], [1033, 779], [951, 779]], '그쪽은', 0.9787932251122495), ([[234, 756], [326, 756], [326, 804], [234, 804]], '괜찮아', 0.9968641431199428), ([[953, 775], [1013, 775], [1013, 817], [953, 817]], '안돼', 0.9230044626432488), ([[1068, 1158], [1116, 1158], [1116, 1206], [1068, 1206]], '거,', 0.9469942898134219), ([[624, 1182], [760, 1182], [760, 1238], [624, 1238]], '싫@아양!', 0.136374620567583), ([[1022, 1200], [1132, 1200], [1132, 1256], [1022, 1256]], '거짓말:', 0.9887616634368896), ([[650, 1228], [744, 1228], [744, 1280], [650, 1280]], '히, 힘', 0.8756616956828407), ([[634, 1272], [760, 1272], [760, 1328], [634, 1328]], '엄청 세!', 0.47322010792610725), ([[237.37216262819206, 1186.0219255831464], [303.79550135031536, 1174.1809198381568], [332.62783737180797, 1346.9780744168536], [266.20449864968464, 1358.8190801618432]], '?', 0.06171137111211067)]
[([[1001, 163], [1131, 163], [1131, 223], [1001, 223]], '아아응', 0.5815398693084717), ([[1014, 220], [1118, 220], [1118, 276], [1014, 276]], '아양!', 0.37582664900251717), ([[1014, 274], [1118, 274], [1118, 328], [1014, 328]], '하악', 0.9987541137182745), ([[1017, 323], [1115, 323], [1115, 383], [1017, 383]], '시곡', 0.0500987290780506), ([[93, 585], [233, 585], [233, 701], [93, 701]], '아둘]', 0.07418149743937358), ([[1069, 499], [1181, 499], [1181, 783], [1069, 783]], '조', 0.01127111307071349), ([[122, 696], [202, 696], [202, 744], [122, 744]], '느껴', 0.9813242161453505), ([[95, 747], [233, 747], [233, 807], [95, 807]], '버러옛', 0.3057331730355391), ([[1062, 994], [1134, 994], [1134, 1046], [1062, 1046]], '인공', 0.9995002592519326), ([[180, 1056], [254, 1056], [254, 1106], [180, 1106]], '저논', 0.42983908247913677), ([[556, 1026], [630, 1026], [630, 1080], [556, 1080]], '빨리', 0.9999833098887841), ([[1052, 1036], [1126, 1036], [1126, 1092], [1052, 1092]], '호흡', 0.999327065459232), ([[537, 1073], [647, 1073], [647, 1125], [537, 1125]], '구급차', 0.9996387436130524), ([[166, 1102], [270, 1102], [270, 1152], [166, 1152]], '타카기', 0.8981945536075868), ([[546, 1120], [634, 1120], [634, 1170], [546, 1170]], '불러!', 0.8342598710552132), ([[166, 1148], [270, 1148], [270, 1202], [166, 1202]], '선생님', 0.9998608361052206), ([[178, 1194], [256, 1194], [256, 1248], [178, 1248]], '불러', 0.9990048893995297), ([[158, 1242], [278, 1242], [278, 1294], [158, 1294]], '올게요', 0.9630460022884332)]
[([[609, 167], [685, 167], [685, 209], [609, 209]], '아앗!', 0.7898823543888044), ([[599, 207], [695, 207], [695, 249], [599, 249]], '시러엇', 0.1715102345401289), ([[615, 247], [681, 247], [681, 289], [615, 289]], '아앗', 0.8587646667193966), ([[615, 287], [673, 287], [673, 327], [615, 327]], '소리', 0.9999592020944016), ([[95, 325], [183, 325], [183, 391], [95, 391]], '아응', 0.8415043567390653), ([[607, 325], [687, 325], [687, 369], [607, 369]], '목소리', 0.9982518990964793), ([[583, 365], [711, 365], [711, 409], [583, 409]], '나와버럿', 0.5468912124633789), ([[89, 387], [193, 387], [193, 451], [89, 451]], '아양', 0.8215674323839443), ([[67, 451], [211, 451], [211, 511], [67, 511]], '아아양', 0.7237433527212537), ([[1089, 561], [1157, 561], [1157, 599], [1089, 599]], '좀더', 0.9719453881501641), ([[1093, 601], [1153, 601], [1153, 637], [1093, 637]], '소리', 0.9999932565108979), ([[1075, 637], [1165, 637], [1165, 681], [1075, 681]], '질러화,', 0.7817307114601135), ([[1073, 677], [1171, 677], [1171, 721], [1073, 721]], '유미코!', 0.898230254650116), ([[568, 898], [704, 898], [704, 1020], [568, 1020]], '@움)', 0.04762408072434964), ([[832, 922], [996, 922], [996, 1026], [832, 1026]], '@>왜', 0.00689825791885492), ([[811, 1195], [873, 1195], [873, 1233], [811, 1233]], '하아', 0.9998957302890484), ([[811, 1235], [873, 1235], [873, 1273], [811, 1273]], '하아', 0.9999028107506899)]
[([[1067, 149], [1109, 149], [1109, 195], [1067, 195]], '이', 0.9836613486614318), ([[207, 181], [251, 181], [251, 223], [207, 223]], '그,', 0.9477715500891797), ([[184, 222], [256, 222], [256, 270], [184, 270]], '그건', 0.9940757223814172), ([[1019, 191], [1167, 191], [1167, 259], [1019, 259]], '이렇계?', 0.7946827411651611), ([[1027, 719], [1095, 719], [1095, 763], [1027, 763]], '그래', 0.9999938465656626), ([[1022, 766], [1108, 766], [1108, 816], [1022, 816]], '그래,', 0.9708248458994655), ([[1041, 815], [1083, 815], [1083, 857], [1041, 857]], '그', 0.9998774566047928), ([[996, 856], [1116, 856], [1116, 908], [996, 908]], '상태로"', 0.4401385226687476), ([[52, 902], [226, 902], [226, 958], [52, 958]], '괜찮으니까', 0.9676452555279274), ([[102, 952], [176, 952], [176, 1004], [102, 1004]], '빨리', 0.9999844899949775), ([[78, 998], [198, 998], [198, 1048], [78, 1048]], '하라고!', 0.9840033054351807)]
[([[974, 178], [1092, 178], [1092, 234], [974, 234]], '아들의', 0.9997360588155272), ([[977, 231], [1093, 231], [1093, 291], [977, 291]], '어리광', 0.9055071417190359), ([[977, 283], [1091, 283], [1091, 345], [977, 345]], '부리논', 0.8407361848612088), ([[119, 331], [207, 331], [207, 373], [119, 373]], '이제는', 0.8831939697265625), ([[974, 336], [1092, 336], [1092, 398], [974, 398]], '버릇이', 0.9836003526992884), ([[83, 371], [245, 371], [245, 413], [83, 413]], '다 컷으면서 "', 0.4434288886009011), ([[81, 409], [249, 409], [249, 453], [81, 453]], '못 말리켓네:', 0.49602981143073904), ([[973, 389], [1093, 389], [1093, 451], [973, 451]], '좀처럼', 0.64208853220657), ([[956, 446], [1110, 446], [1110, 500], [956, 500]], '사라지지', 0.9999169111251831), ([[957, 497], [1113, 497], [1113, 557], [957, 557]], '앉습니다', 0.922653317451477), ([[1109, 649], [1163, 649], [1163, 669], [1109, 669]], '75 `', 0.5569881471958468), ([[1104, 680], [1184, 680], [1184, 706], [1104, 706]], '예-)', 0.02491111916369718), ([[122.4825593892336, 935.0133962122086], [191.5232994845021, 917.0137015040847], [247.51744061076639, 1147.9866037877914], [178.4767005154979, 1165.9862984959152]], '#', 0.5780747314856036)]
[([[969, 213], [1188, 213], [1188, 315], [969, 315]], '아헤에', 0.4453018220552646), ([[265, 273], [351, 273], [351, 427], [265, 427]], '9', 0.007836489139783576), ([[947, 373], [1166, 373], [1166, 472], [947, 472]], '에에에', 0.9927469154980656), ([[996, 468], [1098, 468], [1098, 542], [996, 542]], '~!', 0.9306274187270491), ([[87, 966], [229, 966], [229, 1020], [87, 1020]], '하하하하', 0.982824444770813), ([[98, 1014], [218, 1014], [218, 1066], [98, 1066]], '하하하!', 0.8451711535453796), ([[1025, 1017], [1089, 1017], [1089, 1101], [1025, 1101]], '(=', 0.5606842070560013), ([[106, 1060], [210, 1060], [210, 1110], [106, 1110]], '절어 -', 0.6837252378463745), ([[106, 1106], [212, 1106], [212, 1160], [106, 1160]], '진짜로', 0.9881099256009807), ([[68, 1154], [246, 1154], [246, 1206], [68, 1206]], '하고 있어-', 0.981595993419416), ([[122, 1200], [196, 1200], [196, 1254], [122, 1254]], '변태', 0.6924422358672265), ([[104, 1248], [210, 1248], [210, 1298], [104, 1298]], '유미코', 0.5346811758864289), ([[102, 1296], [214, 1296], [214, 1344], [102, 1344]], '최고~!', 0.9994001388549805), ([[383, 1562], [458, 1562], [458, 1701], [383, 1701]], '문', 0.244026477443132), ([[103.54253702221233, 69.00805143083018], [197.38444716437073, 42.00568584426991], [287.45746297778766, 378.99194856916984], [192.61555283562927, 405.9943141557301]], '다', 0.0027163635492233468), ([[971.0061162653263, 288.0550463879374], [1177.8168582126211, 319.19361929302397], [1161.9938837346735, 395.9449536120626], [955.1831417873789, 364.80638070697603]], '에에에', 0.9947715774281527), ([[961.3989875117179, 1235.3441865161033], [1035.1595562782709, 1276.0185421366114], [893.6010124882821, 1525.6558134838967], [819.840443721729, 1485.9814578633886]], '8', 0.017588809259629024), ([[290.83069542181346, 1517.2381293981605], [347.7124704998791, 1469.0254130016926], [430.16930457818654, 1581.7618706018395], [373.2875295001209, 1628.9745869983074]], '봄', 0.20108914571466485)]
[([[1044, 420], [1124, 420], [1124, 516], [1044, 516]], '앗', 0.45857564798041395), ([[72, 460], [172, 460], [172, 612], [72, 612]], '세', 0.026221033670311478), ([[539, 1193], [671, 1193], [671, 1257], [539, 1257]], '아아-', 0.23131545183597504), ([[566, 1252], [644, 1252], [644, 1324], [566, 1324]], '나,', 0.7710759807815676), ([[519, 1309], [691, 1309], [691, 1375], [519, 1375]], '이제눈"', 0.5017548203468323), ([[122.35782228653518, 586.0187610997516], [209.04578151623903, 597.8104120953167], [183.64217771346483, 778.9812389002484], [96.95421848376097, 768.1895879046833]], '셋', 0.2920128001997888)]
