2232789
118
[([[124, 24], [152, 24], [152, 96], [124, 96]], '국', 0.2596484666472776), ([[368, 12], [400, 12], [400, 90], [368, 90]], '엷', 0.03097856986988834), ([[190, 74], [220, 74], [220, 128], [190, 128]], '#', 0.8550700199801078), ([[93, 227], [445, 227], [445, 295], [93, 295]], '소름끌  사3', 0.006714069506007359), ([[91, 286], [426, 286], [426, 360], [91, 360]], '{문로스요하다히', 0.0015139672433866211), ([[415, 319], [435, 319], [435, 341], [415, 341]], '0', 0.9993698397929087), ([[109, 343], [401, 343], [401, 403], [109, 403]], '소조락숨렉요금', 0.00093259300075071)]
[]
[([[108, 292], [354, 292], [354, 370], [108, 370]], '부모님은', 0.7239941869296336), ([[136, 368], [326, 368], [326, 444], [136, 444]], '나에게', 0.9492549955067733), ([[11, 445], [401, 445], [401, 529], [11, 529]], '관심이 없다냥', 0.8423984641803913), ([[47, 523], [365, 523], [365, 607], [47, 607]], '쓸쓸하다냥', 0.9899112336992549), ([[1224, 736], [1450, 736], [1450, 808], [1224, 808]], '부모님께', 0.9639105796813965), ([[1281, 811], [1395, 811], [1395, 879], [1281, 879]], '보여', 0.9500582547796874), ([[1254, 880], [1424, 880], [1424, 952], [1254, 952]], '드리고', 0.9999932551025371), ([[1276, 952], [1400, 952], [1400, 1024], [1276, 1024]], '싶은', 0.9999093011867617), ([[1252, 1024], [1424, 1024], [1424, 1098], [1252, 1098]], '꼴인데', 0.9523263536751981), ([[1315, 1109], [1359, 1109], [1359, 1149], [1315, 1149]], '구', 0.11518792524614074)]
[([[195, 337], [347, 337], [347, 421], [195, 421]], '좀더', 0.36420323221812495), ([[130, 421], [414, 421], [414, 507], [130, 507]], '귀여운 곳', 0.9920421431114719), ([[162, 508], [386, 508], [386, 588], [162, 588]], '보여쥐', 0.687386155128479), ([[1185, 681], [1458, 681], [1458, 765], [1185, 765]], '가없어라!', 0.9030952901521418), ([[1258, 760], [1386, 760], [1386, 840], [1258, 840]], '망할', 0.9664855967525612), ([[1228, 840], [1414, 840], [1414, 916], [1228, 916]], '애새끼', 0.9941483446464401), ([[1228, 916], [1410, 916], [1410, 992], [1228, 992]], '지만국', 0.26148661850313304)]
[]
[([[1724, 218], [1836, 218], [1836, 294], [1724, 294]], '에~', 0.9998003983605066), ([[397, 286], [535, 286], [535, 370], [397, 370]], '몸이', 0.6486634638466602), ([[1670, 302], [1888, 302], [1888, 378], [1670, 378]], '그 포즈', 0.9359965373533496), ([[324, 368], [607, 368], [607, 454], [324, 454]], '유연한 게', 0.9490332165913525), ([[1629, 381], [1929, 381], [1929, 467], [1629, 467]], '할 수 있는', 0.24426810318513587), ([[395, 455], [535, 455], [535, 541], [395, 541]], '장점', 0.9999748805706943), ([[1677, 465], [1879, 465], [1879, 551], [1677, 551]], '사람이', 0.9943252956219376), ([[333, 537], [603, 537], [603, 623], [333, 623]], '이니까요', 0.9997791051864624), ([[1707, 551], [1853, 551], [1853, 635], [1707, 635]], '진짜', 0.9998988490620094), ([[1679, 635], [1883, 635], [1883, 721], [1679, 721]], '있구나', 0.6280603912744931)]
[([[430, 236], [534, 236], [534, 316], [430, 316]], '네!', 0.8934755989125207), ([[1700, 240], [1894, 240], [1894, 320], [1700, 320]], '보지도', 0.9999244299666415), ([[405, 323], [555, 323], [555, 413], [405, 413]], '잔뜩', 0.999915960218413), ([[1663, 323], [1931, 323], [1931, 407], [1663, 407]], '땅구멍도', 0.45803266763687134), ([[299, 408], [656, 408], [656, 504], [299, 504]], '화주석으면', 0.2191187181630249), ([[1657, 407], [1937, 407], [1937, 493], [1657, 493]], '다 보이고', 0.940574460489736), ([[325, 503], [639, 503], [639, 593], [325, 593]], '중계어요!', 0.24041730178594906), ([[1677, 491], [1919, 491], [1919, 575], [1677, 575]], '있다고?', 0.9997074007987976), ([[195, 1293], [335, 1293], [335, 1381], [195, 1381]], '그럼', 0.9998493704864015), ([[193, 1383], [341, 1383], [341, 1467], [193, 1467]], '그냥', 0.996590475434564), ([[127, 1473], [413, 1473], [413, 1563], [127, 1563]], '변태찮아', 0.48206992359639855), ([[238, 1580], [292, 1580], [292, 1628], [238, 1628]], '구', 0.073047575077684)]
[([[1680, 335], [1866, 335], [1866, 413], [1680, 413]], '절대로', 0.9999971093289124), ([[1680, 414], [1868, 414], [1868, 492], [1680, 492]], '사람들', 0.9845059334967718), ([[1680, 494], [1866, 494], [1866, 570], [1680, 570]], '앞에서', 0.8586284471312591), ([[1650, 570], [1896, 570], [1896, 648], [1650, 648]], '알몸으로', 0.8781691193580627), ([[1706, 646], [1835, 646], [1835, 727], [1706, 727]], '하면', 0.999967631373782), ([[442, 732], [628, 732], [628, 806], [442, 806]], '보지도', 0.9999242923170057), ([[1682, 727], [1866, 727], [1866, 803], [1682, 803]], '안되는', 0.8113132583866816), ([[410, 808], [656, 808], [656, 886], [410, 886]], '동구멍도', 0.5211086413397755), ([[1711, 807], [1837, 807], [1837, 875], [1711, 875]], '포즈', 0.972556015427129), ([[386, 886], [682, 886], [682, 962], [386, 962]], '다 보여요~', 0.9992921309991167), ([[1680, 882], [1862, 882], [1862, 960], [1680, 960]], '잡아크', 0.05875308933590059), ([[158, 1554], [350, 1554], [350, 1634], [158, 1634]], '변태 =', 0.4194207787513733), ([[156, 1638], [350, 1638], [350, 1718], [156, 1718]], '웃겨구', 0.4178297786853043)]
[([[1877, 286], [2143, 286], [2143, 370], [1877, 370]], '나용다 -', 0.4503205925678552), ([[1901, 371], [2129, 371], [2129, 457], [1901, 457]], '브릿지!', 0.5216748118400574), ([[78, 429], [220, 429], [220, 515], [78, 515]], '후우', 0.9974722943882014), ([[1879, 455], [2145, 455], [2145, 541], [1879, 541]], '알몸으로', 0.9036113023757935), ([[77, 505], [222, 505], [222, 598], [77, 598]], '후우', 0.9880167050157951), ([[1881, 539], [2147, 539], [2147, 625], [1881, 625]], '브릿지논', 0.3121645152568817), ([[1849, 623], [2181, 623], [2181, 711], [1849, 711]], '반칙이잡아', 0.3121043667742397), ([[1928, 720], [2090, 720], [2090, 772], [1928, 772]], '~크구', 0.20631460845470428)]
[([[139, 321], [317, 321], [317, 387], [139, 387]], '오오크', 0.5374501601000559), ([[78, 392], [381, 392], [381, 472], [78, 472]], '보통사람은', 0.995778981327745), ([[1896, 414], [2076, 414], [2076, 488], [1896, 488]], '어때요', 0.9996953844852945), ([[134, 472], [320, 472], [320, 548], [134, 548]], '함부로', 0.9998677873559022), ([[1920, 488], [2046, 488], [2046, 562], [1920, 562]], '저의', 0.9999272553144591), ([[67, 547], [393, 547], [393, 633], [67, 633]], '못 따라하는', 0.884009772138286), ([[1870, 558], [2102, 558], [2102, 634], [1870, 634]], '브릿지는', 0.18101589381694794), ([[134, 628], [322, 628], [322, 704], [134, 704]], '포즈트', 0.10765455622837751), ([[106, 706], [350, 706], [350, 782], [106, 782]], '알몸으로', 0.967346727848053), ([[98, 784], [358, 784], [358, 862], [98, 862]], '하는 건..', 0.6396353478020388), ([[162, 860], [292, 860], [292, 938], [162, 938]], '엄청', 0.9894423440282679), ([[76, 940], [378, 940], [378, 1020], [76, 1020]], '야하구만 크', 0.30917121584414176)]
[([[176, 300], [282, 300], [282, 374], [176, 374]], '하~', 0.9997039733710719), ([[1874, 322], [2064, 322], [2064, 398], [1874, 398]], '우우우', 0.9980641206533644), ([[135, 375], [317, 375], [317, 451], [135, 451]], '안돼터', 0.20935160524664057), ([[1930, 396], [2059, 396], [2059, 477], [1930, 477]], '이제', 0.9999146115527259), ([[1874, 476], [2118, 476], [2118, 554], [1874, 554]], '그만해도', 0.9999591112136841), ([[1883, 548], [2112, 548], [2112, 634], [1883, 634]], '훨까요?', 0.5570566058158875), ([[2139, 677], [2183, 677], [2183, 725], [2139, 725]], '7', 0.9870759927309827), ([[2171, 915], [2211, 915], [2211, 963], [2171, 963]], '라', 0.0992451455923069), ([[2222, 1012], [2246, 1012], [2246, 1040], [2222, 1040]], '8', 0.24639192223634954), ([[154, 1072], [184, 1072], [184, 1104], [154, 1104]], '5', 0.9890900835035978), ([[132, 1134], [156, 1134], [156, 1170], [132, 1170]], '$', 0.12526281395209082), ([[181, 1423], [323, 1423], [323, 1509], [181, 1509]], '내가', 0.9998549336294775), ([[148, 1506], [350, 1506], [350, 1592], [148, 1592]], '좋다고', 0.9477798111706845), ([[874, 1578], [904, 1578], [904, 1608], [874, 1608]], '2', 0.7488379605832485), ([[76, 1591], [423, 1591], [423, 1679], [76, 1679]], '말할 때까지', 0.9477613097804494), ([[150, 1676], [346, 1676], [346, 1756], [150, 1756]], '그대로', 0.9997420310974121), ([[852, 1714], [1018, 1714], [1018, 1794], [852, 1794]], '4"로', 0.6792884796229923), ([[169, 1759], [333, 1759], [333, 1843], [169, 1843]], '있어!', 0.8996419274573603), ([[912, 1782], [962, 1782], [962, 1832], [912, 1832]], '7', 0.9155624780442508), ([[1655.1423139959816, 1245.05274336745], [1810.9278928500187, 1279.9978519776703], [1793.8576860040184, 1339.94725663255], [1638.0721071499813, 1305.0021480223297]], '서7', 0.42029056095845296), ([[795.1725097715042, 1455.0490820806353], [842.5538141069868, 1434.0219422519656], [891.8274902284958, 1552.9509179193647], [844.4461858930132, 1573.9780577480344]], '3', 0.9963518336143729)]
[([[100, 206], [284, 206], [284, 284], [100, 284]], '그러면', 0.999944802140741), ([[104, 284], [284, 284], [284, 360], [104, 360]], '도둑질', 0.9746421972689939), ([[1911, 280], [2121, 280], [2121, 366], [1911, 366]], '우우우', 0.9964176668383241), ([[94, 362], [292, 362], [292, 440], [94, 440]], '한 거에', 0.8842632185645279), ([[1944, 365], [2086, 365], [2086, 443], [1944, 443]], '이제', 0.47772748966716744), ([[100, 440], [286, 440], [286, 518], [100, 518]], '대해서', 0.9999801094525486), ([[1941, 443], [2145, 443], [2145, 533], [1941, 533]], '용서해', 0.9999375755185645), ([[98, 518], [286, 518], [286, 594], [98, 594]], '제대로', 0.9999907773866326), ([[1914, 532], [2120, 532], [2120, 612], [1914, 612]], '주세요', 0.9999473486664132), ([[60, 596], [330, 596], [330, 674], [60, 674]], '사과해화!', 0.6475016606287826), ([[154, 1072], [186, 1072], [186, 1104], [154, 1104]], '53', 0.39059556015333813), ([[132, 1134], [156, 1134], [156, 1170], [132, 1170]], '3', 0.24640168587232925), ([[1644, 1260], [1804, 1260], [1804, 1332], [1644, 1332]], '+ 7', 0.16362512080256744), ([[852, 1736], [924, 1736], [924, 1790], [852, 1790]], '+', 0.7398937735396807), ([[944, 1714], [1018, 1714], [1018, 1796], [944, 1796]], '로', 0.3911712438832673), ([[914, 1782], [962, 1782], [962, 1832], [914, 1832]], '7', 0.6702382897011638), ([[796.1914939927781, 1454.0468483378913], [844.5538141069868, 1434.0219422519656], [888.8085060072219, 1553.9531516621087], [839.4461858930132, 1573.9780577480344]], '3', 0.9996418081659932)]
[([[1091, 313], [1355, 313], [1355, 397], [1091, 397]], '만약 네가', 0.9995491261704522), ([[1097, 392], [1341, 392], [1341, 470], [1097, 470]], '훈쳐다면', 0.4389110505580902), ([[1097, 470], [1341, 470], [1341, 546], [1097, 546]], '알몸으로', 0.9542670249938965), ([[998, 548], [1440, 548], [1440, 626], [998, 626]], '괜티 뒤집어쓰고', 0.9158578670968601), ([[1097, 625], [1345, 625], [1345, 709], [1097, 709]], '천박하게', 0.9969069957733154), ([[1120, 704], [1322, 704], [1322, 782], [1120, 782]], '춤 취화', 0.9032640666591982), ([[248, 1484], [434, 1484], [434, 1564], [248, 1564]], '훔치지', 0.9961727698133701), ([[219, 1559], [465, 1559], [465, 1643], [219, 1643]], '않있다면', 0.45335108041763306), ([[248, 1640], [434, 1640], [434, 1718], [248, 1718]], '암전히', 0.851154082856601), ([[248, 1718], [434, 1718], [434, 1794], [248, 1794]], '집으로', 0.9985074615316655), ([[220, 1796], [464, 1796], [464, 1874], [220, 1874]], '돌아가고', 0.9999935626983643)]
[([[149, 241], [354, 241], [354, 330], [149, 330]], '그리고', 0.8885924220085144), ([[342, 296], [366, 296], [366, 326], [342, 326]], '9', 0.9476861450798459), ([[157, 327], [363, 327], [363, 415], [157, 415]], '가게름', 0.2975811652694241), ([[1975, 365], [2125, 365], [2125, 451], [1975, 451]], '죄송', 0.9933716114738744), ([[126, 409], [393, 409], [393, 499], [126, 499]], '바보취급', 0.6869211786812889), ([[150, 495], [370, 495], [370, 581], [150, 581]], '한 것도', 0.9976841825281492), ([[1929, 451], [2176, 451], [2176, 547], [1929, 547]], '합니다!', 0.9631376266479492), ([[189, 581], [331, 581], [331, 665], [189, 665]], '죄송', 0.9871421620491638), ([[1866, 538], [2237, 538], [2237, 637], [1866, 637]], '돈도 안내고', 0.9931539596192879), ([[147, 663], [377, 663], [377, 749], [147, 749]], '합니다!', 0.9612724781036377), ([[1939, 628], [2158, 628], [2158, 726], [1939, 726]], '상품올', 0.9684067672632805), ([[1873, 723], [2225, 723], [2225, 815], [1873, 815]], '가져가려고', 0.7911978643681584), ([[1958, 810], [2143, 810], [2143, 908], [1958, 908]], '해서!', 0.9521179449464704), ([[176, 1028], [210, 1028], [210, 1060], [176, 1060]], '$', 0.5930201313305794), ([[154, 1072], [186, 1072], [186, 1104], [154, 1104]], '53', 0.5366620517706174), ([[132, 1134], [156, 1134], [156, 1170], [132, 1170]], '8', 0.13468120074691114), ([[1642, 1260], [1804, 1260], [1804, 1332], [1642, 1332]], '+ 7', 0.1979223110425364), ([[874, 1578], [904, 1578], [904, 1606], [874, 1606]], '', 0.0), ([[186, 1634], [318, 1634], [318, 1714], [186, 1714]], '그래', 0.9999948580883536), ([[186, 1714], [316, 1714], [316, 1792], [186, 1792]], '그래', 0.9999978083645809), ([[854, 1736], [924, 1736], [924, 1790], [854, 1790]], '+', 0.6830202760652391), ([[944, 1714], [1018, 1714], [1018, 1796], [944, 1796]], '로', 0.418758584476123), ([[914, 1782], [962, 1782], [962, 1832], [914, 1832]], '7', 0.7880645571668907), ([[795.1725097715042, 1455.0490820806353], [843.5538141069868, 1434.0219422519656], [890.8274902284958, 1552.9509179193647], [841.4461858930132, 1573.9780577480344]], '3', 0.9992547232235758)]
[([[1972, 276], [2128, 276], [2128, 372], [1972, 372]], '저의', 0.9997472968492641), ([[66, 357], [293, 357], [293, 456], [66, 456]], '그렇네', 0.9934292367523997), ([[336, 370], [410, 370], [410, 458], [336, 458]], '(', 0.660976209880463), ([[1900, 369], [2204, 369], [2204, 467], [1900, 467]], '꼴사나운', 0.9956762790679932), ([[98, 454], [257, 454], [257, 552], [98, 552]], '슬슬', 0.44359393748018183), ([[1974, 468], [2128, 468], [2128, 564], [1974, 564]], '알몸', 0.7609239489747834), ([[63, 551], [289, 551], [289, 647], [63, 647]], '용서해', 0.9996289708693539), ([[1940, 564], [2164, 564], [2164, 660], [1940, 660]], '브릿지', 0.38389057709523267), ([[69, 649], [293, 649], [293, 741], [69, 741]], '줄까.', 0.6397028244468389), ([[1937, 662], [2165, 662], [2165, 754], [1937, 754]], '사죄로', 0.9449631501490828), ([[1972, 754], [2128, 754], [2128, 852], [1972, 852]], '부디', 0.9854421015339722), ([[1935, 849], [2162, 849], [2162, 949], [1935, 949]], '용서해', 0.999872123287824), ([[1925, 949], [2185, 949], [2185, 1041], [1925, 1041]], '주세요', 0.9998211934528075), ([[2222, 1012], [2246, 1012], [2246, 1040], [2222, 1040]], '콩', 0.2549832778115082), ([[154, 1072], [184, 1072], [184, 1104], [154, 1104]], '5', 0.9851957627814869), ([[132, 1134], [156, 1134], [156, 1170], [132, 1170]], '8', 0.15490959517059366), ([[874, 1578], [902, 1578], [902, 1604], [874, 1604]], '구', 0.004868368704152248), ([[854, 1736], [924, 1736], [924, 1790], [854, 1790]], '+', 0.6575191332798482), ([[944, 1714], [1018, 1714], [1018, 1796], [944, 1796]], '로', 0.28779027197742835), ([[912, 1782], [962, 1782], [962, 1832], [912, 1832]], '7', 0.8937633526943642), ([[1654.1098497881023, 1246.0568283471991], [1809.919617764726, 1278.9422240359654], [1794.8901502118977, 1337.9431716528009], [1639.080382235274, 1305.0577759640346]], '서 7', 0.3332090377807617), ([[796.2006652916285, 1453.0457880371682], [844.5494803420056, 1433.0215996565296], [888.7993347083715, 1553.9542119628318], [840.4505196579944, 1573.9784003434704]], '3', 0.999270333881114)]
[([[230, 354], [370, 354], [370, 434], [230, 434]], '우와_', 0.9415626301945431), ([[1846, 338], [2152, 338], [2152, 438], [1846, 438]], '마지막은', 0.9983552694320679), ([[227, 435], [429, 435], [429, 519], [227, 519]], '진짜로', 0.9995779738722402), ([[1920, 436], [2080, 436], [2080, 532], [1920, 532]], '제가', 0.9995195597372), ([[178, 515], [477, 515], [477, 605], [178, 605]], '할 수 잇는', 0.3138243283588183), ([[1886, 532], [2116, 532], [2116, 628], [1886, 628]], '아겨든', 0.18428029217122874), ([[229, 601], [427, 601], [427, 689], [229, 689]], '녀석이', 0.9970701916721004), ([[1838, 624], [2158, 624], [2158, 725], [1838, 725]], '필살 오의', 0.9994669672080242), ([[197, 685], [461, 685], [461, 769], [197, 769]], '있없네.', 0.4736059308052063), ([[1850, 720], [2156, 720], [2156, 818], [1850, 818]], '입니다~!', 0.7590874263394269)]
[([[1910, 320], [2064, 320], [2064, 420], [1910, 420]], '이거', 0.9999770721913955), ([[1899, 417], [2075, 417], [2075, 509], [1899, 509]], '활수', 0.7622030867335138), ([[168, 502], [332, 502], [332, 580], [168, 580]], '에해~', 0.6695482134819031), ([[1864, 512], [2108, 512], [2108, 608], [1864, 608]], '앞는 거', 0.10201567430527625), ([[186, 578], [314, 578], [314, 654], [186, 654]], '저네', 0.29515685054198615), ([[1870, 605], [2102, 605], [2102, 705], [1870, 705]], '반에서', 0.9883230835722971), ([[1862, 704], [2114, 704], [2114, 800], [1862, 800]], '저 밖에', 0.6830547459795046), ([[1858, 794], [2121, 794], [2121, 897], [1858, 897]], '없어요', 0.9924601912498474), ([[139, 1353], [349, 1353], [349, 1421], [139, 1421]], '알몸으로', 0.8474112153053284), ([[122, 1418], [366, 1418], [366, 1490], [122, 1490]], '(하느거야?', 0.9352208105879315)]
[([[126, 322], [368, 322], [368, 398], [126, 398]], '그렇지국', 0.5216187238693237), ([[2011, 539], [2156, 539], [2156, 628], [2011, 628]], '알몸', 0.5570349143941217), ([[1984, 628], [2186, 628], [2186, 708], [1984, 708]], '으로는', 0.9870988491462364), ([[1975, 709], [2195, 709], [2195, 793], [1975, 793]], '안 하조', 0.9955787456998966), ([[2058, 808], [2112, 808], [2112, 856], [2058, 856]], '크', 0.3860289992725576)]
[([[240, 651], [380, 651], [380, 729], [240, 729]], '좀더', 0.43662235058658655), ([[216, 725], [403, 725], [403, 809], [216, 809]], '귀엽게', 0.9796846218964459), ([[243, 805], [378, 805], [378, 890], [243, 890]], '해화', 0.8367264374716981), ([[286, 896], [340, 896], [340, 944], [286, 944]], '터', 0.17715757695871392), ([[1485, 1459], [1689, 1459], [1689, 1547], [1485, 1547]], '화아약', 0.6406572370906057)]
[([[1791, 285], [2119, 285], [2119, 373], [1791, 373]], '맛하하하구', 0.10992311377779423), ([[1855, 369], [2055, 369], [2055, 455], [1855, 455]], '위험해', 0.9998514760155216), ([[212, 154], [303, 154], [303, 787], [212, 787]], '7', 0.002907996842228547), ([[1868, 468], [2048, 468], [2048, 522], [1868, 522]], '규구크', 0.2020655670095626), ([[1055, 1201], [1265, 1201], [1265, 1315], [1055, 1315]], '1"', 0.43907956666517683), ([[230, 1398], [458, 1398], [458, 1494], [230, 1494]], '기뻐해', 0.9997479652181023), ([[232, 1495], [458, 1495], [458, 1591], [232, 1591]], '주서서', 0.9998414965210524), ([[267, 1593], [425, 1593], [425, 1681], [267, 1681]], '저도', 0.9999865973284802), ([[195, 1689], [496, 1689], [496, 1777], [195, 1777]], '기뻐요 .', 0.3330035448649348)]
[([[323, 199], [467, 199], [467, 287], [323, 287]], '이제', 0.9996562676090622), ([[291, 289], [499, 289], [499, 379], [291, 379]], '도둑질', 0.99120729937812), ([[278, 374], [506, 374], [506, 471], [278, 471]], '같은 거', 0.6505598220171067), ([[1938, 396], [2138, 396], [2138, 492], [1938, 492]], '좋아~', 0.9962825597294556), ([[319, 469], [467, 469], [467, 559], [319, 559]], '하면', 0.9999532173186753), ([[1877, 495], [2195, 495], [2195, 585], [1877, 585]], '이 정도로', 0.9640329770828089), ([[289, 559], [505, 559], [505, 647], [289, 647]], '안되다', 0.16248528231879028), ([[1884, 588], [2184, 588], [2184, 684], [1884, 684]], '해둘까구', 0.581244945526123), ([[368, 664], [424, 664], [424, 712], [368, 712]], '구', 0.05658767020503408), ([[1057, 1199], [1265, 1199], [1265, 1315], [1057, 1315]], '1"1', 0.19371614245540425), ([[342, 1208], [427, 1208], [427, 1731], [342, 1731]], '{', 0.017661356360499703), ([[718.0810338981511, 332.4349272089219], [957.8289166762622, 484.77380400011214], [513.9189661018489, 1157.5650727910781], [274.17108332373783, 1006.2261959998879]], '출', 0.6363601703778841), ([[1474.581119326292, 443.00283014562143], [1675.334032330917, 349.00179969091914], [2067.418880673708, 1244.9971698543786], [1866.665967669083, 1338.9982003090809]], ' ', 0.008551739451339524)]
[([[1100, 410], [1238, 410], [1238, 795], [1100, 795]], '각', 0.1916606115896835), ([[1108, 860], [1230, 860], [1230, 1114], [1108, 1114]], '리', 0.9527730092086131), ([[1121, 1231], [1211, 1231], [1211, 1339], [1121, 1339]], '.', 0.11817582353410572), ([[1111, 1343], [1219, 1343], [1219, 1467], [1111, 1467]], '꼴', 0.15765364339871724), ([[1113, 1465], [1221, 1465], [1221, 1583], [1113, 1583]], '[', 0.10965135850079832)]
[([[987, 533], [1107, 533], [1107, 601], [987, 601]], '하아', 0.9999415849676986), ([[1224, 180], [1311, 180], [1311, 667], [1224, 667]], '1', 0.09457047632794513), ([[322, 698], [442, 698], [442, 770], [322, 770]], '후육', 0.8081016741871111), ([[289, 1209], [439, 1209], [439, 1347], [289, 1347]], '실륙', 0.32953123204270196), ([[1124, 1216], [1296, 1216], [1296, 1360], [1124, 1360]], '실묵', 0.4042301200723497), ([[100, 1397], [287, 1397], [287, 1469], [100, 1469]], '원데 그', 0.680506099200077), ([[56, 1472], [332, 1472], [332, 1544], [56, 1544]], '출은구 구 구', 0.11289709256562172), ([[79, 1538], [308, 1538], [308, 1617], [79, 1617]], '개명청해', 0.18597523868083954), ([[82, 1616], [306, 1616], [306, 1690], [82, 1690]], '보이네구', 0.30246480957928734), ([[80, 1686], [306, 1686], [306, 1762], [80, 1762]], '하하하구', 0.4898424744606018)]
[([[1188, 342], [1343, 342], [1343, 441], [1188, 441]], '역시', 0.9999126728467339), ([[1154, 440], [1378, 440], [1378, 536], [1154, 536]], '도둑질', 0.9703977730878833), ([[1182, 532], [1345, 532], [1345, 633], [1182, 633]], '햇볕', 0.1573075606599345), ([[1149, 631], [1383, 631], [1383, 727], [1149, 727]], '거찮아', 0.44056418476014586), ([[253, 697], [337, 697], [337, 759], [253, 759]], '네!', 0.9101049327535015), ([[168, 762], [422, 762], [422, 838], [168, 838]], '햇습니다!', 0.813632026973725), ([[261, 1211], [449, 1211], [449, 1355], [261, 1355]], '실륙', 0.17630936935763092), ([[1124, 1216], [1296, 1216], [1296, 1360], [1124, 1360]], '실묵', 0.3659595748350841), ([[210, 1534], [444, 1534], [444, 1608], [210, 1608]], '웃기지마', 0.9992422461509705), ([[194, 1604], [458, 1604], [458, 1678], [194, 1678]], '바보 녀석!', 0.9438054962694731)]
[([[1154, 464], [1446, 464], [1446, 538], [1154, 538]], '그 바보간고', 0.311966835294872), ([[1186, 534], [1416, 534], [1416, 610], [1186, 610]], '꼴사나운', 0.9992840886116028), ([[1238, 606], [1363, 606], [1363, 683], [1238, 683]], '춤은', 0.49032924348974966), ([[1184, 680], [1412, 680], [1412, 754], [1184, 754]], '빠짐없이', 0.70588618516922), ([[1210, 752], [1386, 752], [1386, 826], [1210, 826]], '기록해', 0.9998323429275144), ([[1158, 824], [1438, 824], [1438, 898], [1158, 898]], '줄테니까크', 0.4777104911538087), ([[261, 1215], [435, 1215], [435, 1353], [261, 1353]], '실륙', 0.2897251650673304), ([[1124, 1216], [1296, 1216], [1296, 1360], [1124, 1360]], '실묵', 0.5361232680909926), ([[44, 1460], [284, 1460], [284, 1532], [44, 1532]], '그 팬티도', 0.82440104030403), ([[73, 1529], [250, 1529], [250, 1605], [73, 1605]], '치우고', 0.9892359118680547), ([[12, 1602], [310, 1602], [310, 1676], [12, 1676]], '웃는 얼굴로', 0.9387207206827323), ([[46, 1674], [276, 1674], [276, 1750], [46, 1750]], '자기소개', 0.7880067940383128), ([[66, 1746], [252, 1746], [252, 1818], [66, 1818]], '해 화크', 0.6201780108584539), ([[1414, 2034], [1456, 2034], [1456, 2060], [1414, 2060]], '버:', 0.009966465495615568), ([[1342.2562854188427, 1585.5587995863798], [1407.692346084923, 1578.6766434497836], [1409.7437145811573, 1604.4412004136202], [1343.307653915077, 1610.3233565502164]], '비0톤', 0.0013077562478205351)]
[([[1160, 230], [1338, 230], [1338, 302], [1160, 302]], '오오바', 0.9205498695373535), ([[1164, 298], [1330, 298], [1330, 372], [1164, 372]], '0학교', 0.9883104396007287), ([[1140, 370], [1352, 370], [1352, 446], [1140, 446]], '4학년에', 0.995621919631958), ([[1133, 444], [1363, 444], [1363, 518], [1133, 518]], '오기와라', 0.9936493635177612), ([[1160, 518], [1338, 518], [1338, 592], [1160, 592]], '마이카', 0.9925555632731283), ([[1160, 586], [1338, 586], [1338, 662], [1160, 662]], '입니다', 0.9873105350206212), ([[1124, 1216], [1296, 1216], [1296, 1360], [1124, 1360]], '실묵', 0.3625418889381008), ([[109, 1331], [269, 1331], [269, 1399], [109, 1399]], '거짓말', 0.9999434944657334), ([[103, 1397], [275, 1397], [275, 1463], [103, 1463]], '한 벌로', 0.7450294969767519), ([[85, 1463], [295, 1463], [295, 1531], [85, 1531]], '알몸으로', 0.855319082736969), ([[77, 1529], [301, 1529], [301, 1597], [77, 1597]], '충올 추고', 0.18105317806607255), ([[66, 1592], [314, 1592], [314, 1664], [66, 1664]], '있습니다~', 0.9697578751013831), ([[1414, 2032], [1456, 2032], [1456, 2060], [1414, 2060]], '화.^', 0.003307491582291058), ([[328.0116340551049, 1219.040772066769], [457.6274213714178, 1270.0330028224657], [418.9883659448951, 1363.959227933231], [289.3725786285822, 1312.9669971775343]], '납표', 0.009474696502304591), ([[1341.2562854188427, 1585.5587995863798], [1407.692346084923, 1578.6766434497836], [1409.7437145811573, 1604.4412004136202], [1343.307653915077, 1610.3233565502164]], '화0버톤', 0.0005980649148114026)]
[([[92, 180], [332, 180], [332, 258], [92, 258]], '저 건방진', 0.996473992308616), ([[98, 254], [328, 254], [328, 330], [98, 330]], '꼬멩이가', 0.7219780683517456), ([[125, 325], [302, 325], [302, 401], [125, 401]], '영문도', 0.9975857852305233), ([[100, 398], [326, 398], [326, 472], [100, 472]], '모른채로', 0.9760633707046509), ([[1228, 372], [1340, 372], [1340, 444], [1228, 444]], '엄청', 0.9969607965214196), ([[1177, 440], [1387, 440], [1387, 512], [1177, 512]], '야하네터', 0.3028000593185425), ([[98, 470], [326, 470], [326, 544], [98, 544]], '알몸으로', 0.9207300543785095), ([[1229, 509], [1339, 509], [1339, 575], [1229, 575]], '어떤', 0.9999655240519858), ([[124, 542], [300, 542], [300, 614], [124, 614]], '춤추고', 0.9474940494061403), ([[1181, 573], [1391, 573], [1391, 641], [1181, 641]], '남자에게', 0.969910204410553), ([[98, 614], [330, 614], [330, 688], [98, 688]], '있으니까', 0.8512933850288391), ([[1233, 641], [1343, 641], [1343, 705], [1233, 705]], '받은', 0.998564527410647), ([[1175, 705], [1353, 705], [1353, 771], [1175, 771]], '최면 업_', 0.6482321264068212), ([[1175, 771], [1397, 771], [1397, 839], [1175, 839]], '이 녀석은', 0.9790650431298374), ([[1197, 839], [1373, 839], [1373, 903], [1197, 903]], '꽤 쓸만', 0.9939195513546992), ([[1201, 901], [1366, 901], [1366, 973], [1201, 973]], '하다고', 0.9999191992822634), ([[71, 1452], [332, 1452], [332, 1525], [71, 1525]], '재망으니까', 0.34510190213125563), ([[143, 1523], [259, 1523], [259, 1585], [143, 1585]], '좀더', 0.4914457798308616), ([[99, 1583], [303, 1583], [303, 1651], [99, 1651]], '여러가지', 0.999958872795105), ([[76, 1649], [324, 1649], [324, 1713], [76, 1713]], '시켜불까구', 0.4175483009667521)]
[([[468, 266], [646, 266], [646, 338], [468, 338]], '게다가', 0.999951684644557), ([[1500, 308], [1724, 308], [1724, 380], [1500, 380]], '이게 무슨', 0.9936058604284529), ([[494, 338], [614, 338], [614, 410], [494, 410]], '몸이', 0.9028419460797953), ([[1935, 347], [2189, 347], [2189, 415], [1935, 415]], '우하~ 이건', 0.9948248089181895), ([[1509, 375], [1717, 375], [1717, 443], [1509, 443]], '일이야?!', 0.9948148836598595), ([[442, 408], [670, 408], [670, 484], [442, 484]], '움직이지', 0.992700457572937), ([[1525, 441], [1699, 441], [1699, 507], [1525, 507]], '왜 벗고', 0.7918851784409283), ([[1907, 413], [2215, 413], [2215, 481], [1907, 481]], '절경이구만 터', 0.1691584566986882), ([[439, 483], [675, 483], [675, 551], [439, 551]], '암 . 아', 0.24193513229440336), ([[1497, 507], [1729, 507], [1729, 575], [1497, 575]], '있드건데!', 0.1712206281909293), ([[1901, 479], [2223, 479], [2223, 547], [1901, 547]], '알몸 미소녀의', 0.8852830860289836), ([[1925, 545], [2199, 545], [2199, 613], [1925, 613]], '다리 벌리고', 0.7457086955865615), ([[36, 630], [268, 630], [268, 702], [36, 702]], '어째서야!', 0.9495022281858003), ([[1901, 611], [2225, 611], [2225, 679], [1901, 679]], '서릿든 모습올', 0.197762025089799), ([[1923, 677], [2199, 677], [2199, 745], [1923, 745]], '바로 믿에서', 0.9350596975918064), ([[1894, 742], [2228, 742], [2228, 814], [1894, 814]], '볼 수 있다니크', 0.44997794526429075)]
[([[1907, 293], [2115, 293], [2115, 361], [1907, 361]], '시끄러워', 0.5993881259099472), ([[1931, 357], [2091, 357], [2091, 425], [1931, 425]], '최면술', 0.9938701694637944), ([[1427, 395], [1569, 395], [1569, 457], [1427, 457]], '거짓말', 0.9999726763203935), ([[619, 439], [782, 439], [782, 511], [619, 511]], '실제로', 0.9999924291971442), ([[1437, 453], [1561, 453], [1561, 515], [1437, 515]], '이지?', 0.9997365405771123), ([[1954, 420], [2069, 420], [2069, 493], [1954, 493]], '이야', 0.9998205434356684), ([[645, 509], [755, 509], [755, 575], [645, 575]], '몸이', 0.8767175122882397), ([[1421, 509], [1573, 509], [1573, 569], [1421, 569]], '그런 거', 0.9566813048965516), ([[180, 588], [404, 588], [404, 660], [180, 660]], '이제 너는', 0.5811863694389946), ([[596, 572], [806, 572], [806, 646], [596, 646]], '움직이지', 0.9956364035606384), ([[206, 652], [380, 652], [380, 724], [206, 724]], '내 허락', 0.9995938060191514), ([[621, 637], [786, 637], [786, 711], [621, 711]], '않점아', 0.12224885022032028), ([[1753, 649], [1843, 649], [1843, 715], [1753, 715]], '하?', 0.9999211020112331), ([[213, 721], [373, 721], [373, 787], [213, 787]], '없이는', 0.8835718689119264), ([[1741, 715], [1855, 715], [1855, 783], [1741, 783]], '뛰야', 0.5041995657194236), ([[187, 785], [399, 785], [399, 853], [187, 853]], '엉덩이도', 0.9963634014129639), ([[1731, 785], [1867, 785], [1867, 847], [1731, 847]], '그게?', 0.9997692316144794), ([[132, 850], [454, 850], [454, 922], [132, 922]], '못 움직인다고', 0.9727941835108037), ([[273, 933], [315, 933], [315, 969], [273, 969]], '구', 0.11738747411417538)]
[([[385, 301], [562, 301], [562, 375], [385, 375]], '한번 좀', 0.9969615761159839), ([[419, 371], [530, 371], [530, 436], [419, 436]], '보고', 0.9999996628252286), ([[1512, 354], [1776, 354], [1776, 434], [1512, 434]], '내 얼굴올', 0.38107664117273243), ([[688, 396], [812, 396], [812, 472], [688, 472]], '뒷?!', 0.850805662985875), ([[2074, 392], [2203, 392], [2203, 471], [2074, 471]], '좋아', 0.9815768040464434), ([[352, 434], [598, 434], [598, 506], [352, 506]], '싶엇거튼~', 0.4821544546447258), ([[1550, 432], [1738, 432], [1738, 512], [1550, 512]], '향해서', 0.9993548575060343), ([[2059, 467], [2229, 467], [2229, 535], [2059, 535]], '그대로', 0.9999976599328428), ([[1550, 510], [1734, 510], [1734, 588], [1550, 588]], '엉덩이', 0.9972955788583316), ([[2030, 538], [2258, 538], [2258, 612], [2030, 612]], '알몸으로', 0.9541688561439514), ([[1520, 588], [1766, 588], [1766, 666], [1520, 666]], '내리도록', 0.9998407959938049), ([[2020, 610], [2270, 610], [2270, 684], [2020, 684]], '스뤄트다!', 0.25340711530496535), ([[1578, 666], [1702, 666], [1702, 740], [1578, 740]], '해크', 0.42926697467189107), ([[59, 842], [288, 842], [288, 941], [59, 941]], '자; 빨리', 0.6735182184607479), ([[108, 928], [234, 928], [234, 1002], [108, 1002]], '해크', 0.37924859089424856)]
[([[1220, 428], [1343, 428], [1343, 503], [1220, 503]], '저논', 0.8191441274614134), ([[1196, 500], [1364, 500], [1364, 572], [1196, 572]], '편의점', 0.9998859167098999), ([[1196, 568], [1368, 568], [1368, 640], [1196, 640]], '점장을', 0.5258918002676771), ([[1170, 638], [1394, 638], [1394, 710], [1170, 710]], '하고있든', 0.16036202013492584), ([[1200, 708], [1362, 708], [1362, 780], [1200, 780]], '거라는', 0.6217228040207572), ([[1144, 776], [1422, 776], [1422, 850], [1144, 850]], '사람입니다', 0.8812416977447749), ([[138, 1398], [370, 1398], [370, 1472], [138, 1472]], '제 편의점', 0.6997900038006517), ([[143, 1466], [366, 1466], [366, 1544], [143, 1544]], '근처에는', 0.5930347442626953), ([[168, 1536], [344, 1536], [344, 1608], [168, 1608]], '학교가', 0.9997186465962565), ([[112, 1608], [400, 1608], [400, 1682], [112, 1682]], '많이 있어서', 0.9944219757111117), ([[86, 1678], [424, 1678], [424, 1752], [86, 1752]], '종종 아이들이', 0.9977947965383425), ([[86, 1746], [428, 1746], [428, 1820], [86, 1820]], '쇼규올 올니다', 0.08901805813067239)]
[([[1497, 279], [1657, 279], [1657, 347], [1497, 347]], '으구구', 0.9718833134567563), ([[732, 304], [918, 304], [918, 384], [732, 384]], '싫어어', 0.7388676122127346), ([[2049, 311], [2201, 311], [2201, 377], [2049, 377]], '오호~', 0.9992301574966814), ([[2034, 380], [2212, 380], [2212, 454], [2034, 454]], '귀여운', 0.9974088942250423), ([[2008, 452], [2238, 452], [2238, 526], [2008, 526]], '엉덩이가', 0.9980537295341492), ([[2030, 524], [2216, 524], [2216, 598], [2030, 598]], '눈 앞에', 0.9717334926970594), ([[2072, 606], [2174, 606], [2174, 654], [2072, 654]], '크크', 0.11119382334159453), ([[174, 1500], [258, 1500], [258, 1572], [174, 1572]], '자;', 0.4567026538066079), ([[131, 1567], [297, 1567], [297, 1635], [131, 1635]], '스퀴트', 0.12501825392246246), ([[127, 1634], [295, 1634], [295, 1706], [127, 1706]], '해야지', 0.9946842309038988), ([[193, 1715], [235, 1715], [235, 1757], [193, 1757]], '커', 0.013814900663629504)]
[([[1540, 346], [1730, 346], [1730, 424], [1540, 424]], '구호는', 0.8770836646554361), ([[2022, 360], [2110, 360], [2110, 414], [2022, 414]], '아~', 0.9999915706407035), ([[533, 387], [599, 387], [599, 459], [533, 459]], '극', 0.9968829640822605), ([[1526, 426], [1752, 426], [1752, 504], [1526, 504]], '[보지]다', 0.7006575734580618), ([[1962, 417], [2163, 417], [2163, 486], [1962, 486]], '재싶다 크', 0.056156451819031894), ([[1540, 504], [1728, 504], [1728, 578], [1540, 578]], '제대로', 0.9999923603716989), ([[1987, 483], [2141, 483], [2141, 547], [1987, 547]], '그러게', 0.999078001534521), ([[1963, 545], [2165, 545], [2165, 613], [1963, 613]], '건방지게', 0.9991791248321533), ([[1540, 580], [1724, 580], [1724, 656], [1540, 656]], '해라크', 0.6595373482839888), ([[2011, 611], [2115, 611], [2115, 673], [2011, 673]], '물지', 0.3952098239515073), ([[1938, 670], [2190, 670], [2190, 742], [1938, 742]], '말앉어야지', 0.5467714714459897), ([[2045, 749], [2087, 749], [2087, 785], [2045, 785]], '크', 0.35522077903829086)]
[([[487, 401], [755, 401], [755, 489], [487, 489]], '맛하하하', 0.4933471977710724), ([[1532, 223], [1608, 223], [1608, 582], [1532, 582]], '%', 0.029012426642655242), ([[2077, 225], [2143, 225], [2143, 415], [2077, 415]], '결', 0.2990950834632855), ([[2077, 419], [2143, 419], [2143, 489], [2077, 489]], '수', 0.9999783040269818), ([[519, 487], [723, 487], [723, 571], [519, 571]], '진짜로', 0.9993577479283231), ([[485, 569], [749, 569], [749, 655], [485, 655]], '재방네크', 0.1005885899066925), ([[2079, 491], [2143, 491], [2143, 677], [2079, 677]], '옆', 0.11443944254365679), ([[118, 1430], [304, 1430], [304, 1510], [118, 1510]], '여기서', 0.9999671703013475), ([[116, 1506], [302, 1506], [302, 1586], [116, 1586]], '이러면', 0.999928077682917), ([[86, 1584], [332, 1584], [332, 1662], [86, 1662]], '곤란한데', 0.9011738896369934), ([[185, 1677], [235, 1677], [235, 1721], [185, 1721]], '크', 0.4121784898467382)]
[([[2079, 275], [2211, 275], [2211, 359], [2079, 359]], '착한', 0.9952251575277498), ([[205, 333], [411, 333], [411, 397], [205, 397]], '안 보인다', 0.9723795740732876), ([[191, 393], [425, 393], [425, 457], [191, 457]], '안 보인다~', 0.9765209634560126), ([[1566, 359], [1722, 359], [1722, 431], [1566, 431]], '와아~', 0.9956184105319936), ([[2050, 354], [2234, 354], [2234, 432], [2050, 432]], '어린이', 0.9999253935141638), ([[1556, 432], [1730, 432], [1730, 508], [1556, 508]], '기다려', 0.9998803822127392), ([[2030, 429], [2257, 429], [2257, 514], [2030, 514]], '여러분~', 0.9998417151487877), ([[1546, 502], [1742, 502], [1742, 576], [1546, 576]], '기다려!', 0.9293803572654724), ([[2032, 510], [2258, 510], [2258, 588], [2032, 588]], '갑니다~', 0.7517896327742424)]
[([[1765, 277], [1919, 277], [1919, 343], [1765, 343]], '까궁~', 0.292905156375328), ([[192, 314], [434, 314], [434, 394], [192, 394]], '맛하하크', 0.16791731119155884), ([[164, 392], [464, 392], [464, 470], [164, 470]], '이상해터 국', 0.12026673927029519), ([[1179, 515], [1265, 515], [1265, 655], [1179, 655]], "'/", 0.10924457215921374)]
[([[1894, 228], [2074, 228], [2074, 304], [1894, 304]], '다음구', 0.711892091722091), ([[1894, 306], [2080, 306], [2080, 382], [1894, 382]], '다음은', 0.9997769398378397), ([[1892, 382], [2080, 382], [2080, 460], [1892, 460]], '이상한', 0.9438487656448665), ([[1894, 462], [2078, 462], [2078, 538], [1894, 538]], '얼굴로', 0.999828970553778), ([[1892, 538], [2074, 538], [2074, 614], [1892, 614]], '해쥐크', 0.2653824241842692)]
[([[1766, 260], [1942, 260], [1942, 334], [1766, 334]], '다음은', 0.9998096310521872), ([[360, 346], [526, 346], [526, 398], [360, 398]], '안 보인다', 0.4558579524275557), ([[1738, 330], [1968, 330], [1968, 406], [1738, 406]], '재미있는', 0.3094169852737579), ([[348, 396], [538, 396], [538, 444], [348, 444]], '안 보인다~', 0.8145120089266917), ([[1764, 402], [1940, 402], [1940, 476], [1764, 476]], '얼굴로', 0.9998446624281975), ([[1694, 474], [2014, 474], [2014, 550], [1694, 550]], '웃겨보켓어~', 0.3769273945051114)]
[([[290, 278], [470, 278], [470, 356], [290, 356]], '아잇크', 0.10157411145650462), ([[316, 356], [442, 356], [442, 432], [316, 432]], '하구', 0.30126379562649613), ([[1682, 336], [1868, 336], [1868, 412], [1682, 412]], '에베베', 0.6840014561331091), ([[227, 429], [532, 429], [532, 519], [227, 519]], '절어구 국크', 0.05576646354478574), ([[1692, 414], [1860, 414], [1860, 488], [1692, 488]], '까궁~', 0.3431583461297565), ([[290, 512], [472, 512], [472, 586], [290, 586]], '얼크 크', 0.36884209513664246)]
[([[1682, 341], [1842, 341], [1842, 432], [1682, 432]], '역시,', 0.9882328583148541), ([[2049, 333], [2117, 333], [2117, 397], [2049, 397]], '아', 0.9998302531757872), ([[422, 378], [668, 378], [668, 458], [422, 458]], '아무것도', 0.6957554000117853), ([[2020, 406], [2204, 406], [2204, 482], [2020, 482]], '정말로', 0.9999850648780977), ([[416, 458], [674, 458], [674, 534], [416, 534]], '모른 채로', 0.914827287527317), ([[1598, 426], [1918, 426], [1918, 506], [1598, 506]], '의식 없는게', 0.40337522892297917), ([[1604, 502], [1908, 502], [1908, 582], [1604, 582]], '재미있어크', 0.5951284469604979), ([[2018, 484], [2206, 484], [2206, 560], [2018, 560]], '재핑네', 0.1322796415171822), ([[444, 536], [644, 536], [644, 616], [444, 616]], '이런 짓', 0.9988585128343668), ([[2088, 572], [2138, 572], [2138, 620], [2088, 620]], '터', 0.0865192577856968), ([[442, 612], [644, 612], [644, 690], [442, 690]], '하느 거', 0.5738987850591761), ([[74, 716], [202, 716], [202, 792], [74, 792]], '다음', 0.9999769878982656), ([[482, 692], [608, 692], [608, 770], [482, 770]], '보면', 0.9992904894030195), ([[42, 792], [234, 792], [234, 868], [42, 868]], '가볼까', 0.938180148601532), ([[386, 768], [702, 768], [702, 846], [386, 846]], '못 참켓네크', 0.46407537031416135), ([[113, 883], [159, 883], [159, 925], [113, 925]], '크', 0.09969134562040072)]
[([[324, 278], [570, 278], [570, 354], [324, 354]], '엉덩이로', 0.9968183636665344), ([[1566, 262], [1794, 262], [1794, 336], [1566, 336]], '지금부터', 0.9998956322669983), ([[286, 354], [604, 354], [604, 434], [286, 434]], '울리는 드럭', 0.3876007025890607), ([[1604, 334], [1760, 334], [1760, 408], [1604, 408]], '저의~', 0.7497084140777588), ([[286, 434], [604, 434], [604, 512], [286, 512]], '엉덩이 드럼', 0.5404111892217025), ([[1596, 406], [1770, 406], [1770, 478], [1596, 478]], '특기틀', 0.37549811403336353), ([[2088, 402], [2184, 402], [2184, 482], [2088, 482]], '옷', 0.5823443041963436), ([[324, 508], [573, 508], [573, 593], [324, 593]], '입니다~!', 0.8737294510098842), ([[1624, 478], [1740, 478], [1740, 550], [1624, 550]], '보여', 0.9998716231131011), ([[2035, 485], [2237, 485], [2237, 569], [2035, 569]], '아가씨', 0.9999027501802803), ([[1495, 549], [1871, 549], [1871, 623], [1495, 623]], '드리켓습니다~', 0.373567031753275), ([[2030, 570], [2240, 570], [2240, 650], [2030, 650]], '월 보여', 0.8776171594177429), ([[2019, 652], [2259, 652], [2259, 738], [2019, 738]], '줄거야?', 0.9996558427810669), ([[84, 1000], [314, 1000], [314, 1074], [84, 1074]], '기다리고', 0.999971330165863), ([[138, 1072], [262, 1072], [262, 1144], [138, 1144]], '있엇', 0.10604101148756157), ([[102, 1146], [298, 1146], [298, 1218], [102, 1218]], '습니다!', 0.8069539070129395)]
[([[1098, 340], [1322, 340], [1322, 414], [1098, 414]], '아이들이', 0.9995867609977722), ([[1042, 410], [1382, 410], [1382, 484], [1042, 484]], '많아서 그런지', 0.9998721710039178), ([[1070, 480], [1360, 480], [1360, 554], [1070, 554]], '도난 피해가', 0.9631897893487171), ([[1042, 544], [1383, 544], [1383, 623], [1042, 623]], '끊이질 양사고', 0.6390258558347476), ([[1124, 620], [1298, 620], [1298, 692], [1124, 692]], '재고가', 0.997710113706756), ([[1042, 688], [1382, 688], [1382, 762], [1042, 762]], '맞지 않느것이', 0.27180690572408367), ([[1042, 756], [1384, 756], [1384, 832], [1042, 832]], '많이 있습니다', 0.9705793033322273), ([[190, 1350], [426, 1350], [426, 1424], [190, 1424]], '너무 많은', 0.9705384337937297), ([[220, 1420], [392, 1420], [392, 1494], [220, 1494]], '피해에', 0.9994225074451621), ([[188, 1490], [424, 1490], [424, 1562], [188, 1562]], '가게 안의', 0.8532504949754086), ([[170, 1560], [444, 1560], [444, 1632], [170, 1632]], '아이들에게', 0.9718639069975068), ([[221, 1633], [393, 1633], [393, 1701], [221, 1701]], '시선올', 0.8761612333835009), ([[193, 1696], [418, 1696], [418, 1773], [193, 1773]], '집중하고', 0.5435398583881291), ([[194, 1768], [416, 1768], [416, 1842], [194, 1842]], '있으더니', 0.9756848216056824)]
[([[429, 367], [633, 367], [633, 451], [429, 451]], '시~작!', 0.9620307683944702), ([[1842, 416], [2118, 416], [2118, 514], [1842, 514]], '갑니다~', 0.9684613943099976), ([[1816, 514], [2142, 514], [2142, 610], [1816, 610]], '337박자!', 0.9901655262840375)]
[([[399, 243], [509, 243], [509, 333], [399, 333]], '셋!', 0.8323841613832884), ([[1477, 227], [1585, 227], [1585, 315], [1477, 315]], '둘!', 0.41883733629087583), ([[1984, 314], [2129, 314], [2129, 392], [1984, 392]], '하나!', 0.9621037904608257), ([[105, 399], [479, 399], [479, 831], [105, 831]], '쌀', 0.23543953309591448), ([[55, 799], [451, 799], [451, 1149], [55, 1149]], '딱', 0.1994765209939766), ([[475, 1239], [875, 1239], [875, 1691], [475, 1691]], '쌀', 0.12192545348853301), ([[1654, 1240], [2064, 1240], [2064, 1670], [1654, 1670]], '?', 0.0061108158831336135), ([[508, 1684], [900, 1684], [900, 2004], [508, 2004]], '딱', 0.14769647222864535), ([[1674, 1683], [2079, 1683], [2079, 2010], [1674, 2010]], '싹', 0.01789169913708122)]
[([[1838, 242], [1990, 242], [1990, 318], [1838, 318]], '하나!', 0.9885025753320984), ([[245, 349], [349, 349], [349, 433], [245, 433]], '셋!', 0.9153577646293556), ([[853, 403], [955, 403], [955, 487], [853, 487]], '둘!', 0.9951945177434424), ([[1329, 135], [1755, 135], [1755, 559], [1329, 559]], "'간", 0.00913850988901607), ([[1476, 536], [1866, 536], [1866, 824], [1476, 824]], '8', 0.037539955196621344), ([[351, 1195], [751, 1195], [751, 1671], [351, 1671]], '살', 0.5674219341239315), ([[1725, 1083], [2127, 1083], [2127, 1507], [1725, 1507]], "''", 0.05001156215419163), ([[1825.7980700354508, 1462.0190131202423], [2206.1405396756754, 1531.4068660520886], [2135.2019299645494, 1853.9809868797577], [1754.8594603243246, 1784.5931339479114]], '따', 0.10051235623016996), ([[358.8683355464512, 1629.0152487733394], [771.8558539540186, 1732.8083997017302], [672.1316644535488, 2083.9847512266606], [259.14414604598136, 1979.1916002982698]], '[사', 0.06700382031056115)]
[([[653, 279], [759, 279], [759, 365], [653, 365]], '셋!', 0.9318179932327316), ([[1533, 305], [1631, 305], [1631, 389], [1533, 389]], '둘!', 0.9936035648869027), ([[1960, 274], [2060, 274], [2060, 354], [1960, 354]], '둘!', 0.9947847792728375), ([[190, 546], [290, 546], [290, 626], [190, 626]], '넷!', 0.8870820411568716), ([[540, 1400], [884, 1400], [884, 1826], [540, 1826]], '쌀', 0.8343676047117157), ([[160.7313730135877, 757.0160967353554], [529.4407395598114, 692.830378713915], [602.2686269864123, 1250.9839032646446], [233.55926044018858, 1316.169621286085]], '3', 0.010008090283975035), ([[1834.9773165129436, 976.0130756560935], [2276.1325527394993, 1122.9207441632643], [2158.0226834870564, 1446.9869243439066], [1716.8674472605007, 1300.0792558367357]], ',선', 0.014686200908092962), ([[38.9938066748001, 1161.0107717131648], [473.32553515300776, 1358.566341524175], [302.0061933251999, 1721.9892282868352], [-131.32553515300776, 1524.433658475825]], '[쪽', 0.07119965250766107), ([[2037.258950258078, 1406.0583588453592], [2302.510551411749, 1379.741865198411], [2311.7410497419223, 1606.9416411546408], [2045.489448588251, 1633.258134801589]], '뼈', 0.3565370460492865), ([[1441.1357267012859, 1466.0084890954502], [1739.6563772602215, 1370.3650897068637], [1935.8642732987141, 2062.99151090455], [1637.3436227397785, 2159.6349102931363]], '쌀', 0.5635921887221826), ([[484.19087627084457, 1687.010561173346], [768.7839381390855, 1929.3463507764216], [595.8091237291554, 2131.989438826654], [311.21606186091446, 1889.6536492235784]], '[', 0.43214037284900897)]
[([[323, 249], [533, 249], [533, 337], [323, 337]], '푸흐호', 0.13626782725472714), ([[384, 336], [520, 336], [520, 414], [384, 414]], '최고', 0.9998262751105771), ([[322, 417], [582, 417], [582, 501], [322, 501]], '엿다고크', 0.8088825941085815), ([[1807, 393], [2173, 393], [2173, 483], [1807, 483]], '엉덩이 드럼', 0.5437844590523001), ([[1849, 485], [2131, 485], [2131, 575], [1849, 575]], '화주서서', 0.6745415019374248), ([[1801, 572], [2183, 572], [2183, 664], [1801, 664]], '감사합니다!', 0.9214775542908501), ([[159, 913], [297, 913], [297, 997], [159, 997]], '슬술', 0.4767824262495474), ([[157, 1000], [295, 1000], [295, 1080], [157, 1080]], '용서', 0.9998850253332614), ([[125, 1081], [333, 1081], [333, 1165], [125, 1165]], '해줄까', 0.9453604261374345), ([[135, 1617], [459, 1617], [459, 1801], [135, 1801]], '실금', 0.14652759297944026), ([[1792.8955064904044, 1542.0265350004127], [2135.6700514131207, 1600.2922849201145], [2092.1044935095956, 1795.9734649995873], [1749.329948586879, 1737.7077150798855]], '실묵', 0.10884216060101347)]
[([[1121, 481], [1301, 481], [1301, 519], [1121, 519]], '호보(" ""너', 0.032605020146563427), ([[1104, 990], [1368, 990], [1368, 1069], [1104, 1069]], '네-, 그럼', 0.4984905187056422), ([[1121, 1059], [1353, 1059], [1353, 1135], [1121, 1135]], '마지막은', 0.992565569160914), ([[127, 1097], [303, 1097], [303, 1169], [127, 1169]], '제대로', 0.9999966963759913), ([[1122, 1132], [1352, 1132], [1352, 1206], [1122, 1206]], '알몸으로', 0.8588160276412964), ([[42, 1170], [392, 1170], [392, 1246], [42, 1246]], '훔치려고 햇던', 0.38498990235454544), ([[1032, 1204], [1440, 1204], [1440, 1278], [1032, 1278]], '허리충올 추면서', 0.34012914477532036), ([[68, 1242], [368, 1242], [368, 1316], [68, 1316]], '상품올 들고', 0.8834691161907041), ([[1148, 1278], [1324, 1278], [1324, 1350], [1148, 1350]], '사죄클', 0.20386084914207458), ([[58, 1314], [380, 1314], [380, 1390], [58, 1390]], '사과하도록~', 0.9990503257598364), ([[1094, 1348], [1380, 1348], [1380, 1422], [1094, 1422]], '받켓습니다', 0.6130395411759032)]
[([[1120, 480], [1301, 480], [1301, 521], [1120, 521]], '호다 " ""4', 0.0041611748662507405), ([[153, 1000], [281, 1000], [281, 1076], [153, 1076]], '돈올', 0.8327955126153134), ([[96, 1076], [340, 1076], [340, 1154], [96, 1154]], '내지않고', 0.7338707982986339), ([[1100, 1068], [1402, 1068], [1402, 1144], [1100, 1144]], '저, 오기와라', 0.7659022147579867), ([[152, 1154], [282, 1154], [282, 1232], [152, 1232]], '슬쩍', 0.9999168031347381), ([[1140, 1136], [1360, 1136], [1360, 1210], [1140, 1210]], '마이카는', 0.883699357509613), ([[1161, 1207], [1339, 1207], [1339, 1273], [1161, 1273]], '이 검을', 0.7344258256212501), ([[94, 1232], [342, 1232], [342, 1310], [94, 1310]], '훔치려고', 0.9905309677124023), ([[93, 1307], [347, 1307], [347, 1391], [93, 1391]], '햇습니다', 0.39022158926877376)]
[([[1119, 474], [1302, 474], [1302, 522], [1119, 522]], '호다(다 끼5', 0.009251140221713501), ([[1118, 1036], [1322, 1036], [1322, 1122], [1118, 1122]], '범죄자', 0.9990087719434284), ([[1107, 1119], [1335, 1119], [1335, 1205], [1107, 1205]], '입니다!', 0.9736410975456238), ([[174, 1129], [249, 1129], [249, 1408], [174, 1408]], '풀', 0.9552870005628087), ([[187, 1427], [239, 1427], [239, 1471], [187, 1471]], '구', 0.015854678747954987)]
[([[1121, 481], [1301, 481], [1301, 519], [1121, 519]], '호보(" ""너', 0.02237223503416666), ([[1127, 1031], [1419, 1031], [1419, 1124], [1127, 1124]], '이번 일은,', 0.9863779584840541), ([[1114, 1114], [1420, 1114], [1420, 1192], [1114, 1192]], '점장남께서', 0.8301140120578742), ([[1174, 1194], [1362, 1194], [1362, 1270], [1174, 1270]], '호의름', 0.2334816827617483), ([[19, 1275], [427, 1275], [427, 1361], [19, 1361]], '보지루 내밀고', 0.4112004777313332), ([[1174, 1270], [1360, 1270], [1360, 1348], [1174, 1348]], '베풀어', 0.9857625035116865), ([[88, 1357], [357, 1357], [357, 1447], [88, 1447]], '사죄하는', 0.781330406665802), ([[119, 1443], [321, 1443], [321, 1527], [119, 1527]], '것으로', 0.9932443306340899), ([[23, 1527], [421, 1527], [421, 1615], [23, 1615]], '용서해주시는', 0.638037053203098), ([[47, 1611], [399, 1611], [399, 1699], [47, 1699]], '것 같습니다', 0.5946248669972002)]
[([[1306, 178], [1382, 178], [1382, 326], [1306, 326]], '꽃', 0.13268470927313558), ([[1121, 483], [1222, 483], [1222, 515], [1121, 515]], '슴나내', 0.00825778426910235), ([[1306, 330], [1382, 330], [1382, 760], [1306, 760]], '출', 0.007864633824183898), ([[1244, 1314], [1426, 1314], [1426, 1368], [1244, 1368]], '구구크', 0.4296528961550072), ([[116, 1332], [342, 1332], [342, 1428], [116, 1428]], '정말로', 0.9999854778303753), ([[150, 1430], [308, 1430], [308, 1520], [150, 1520]], '죄송', 0.9950233945785807), ([[104, 1522], [362, 1522], [362, 1620], [104, 1620]], '합니다!', 0.5906646288072139)]
[([[1148, 446], [1322, 446], [1322, 518], [1148, 518]], '상품올', 0.5179305984154596), ([[1064, 516], [1406, 516], [1406, 590], [1064, 590]], '주머니에 넣고', 0.9564102253259652), ([[1148, 586], [1320, 586], [1320, 658], [1148, 658]], '가게에', 0.9967307477844682), ([[1124, 656], [1346, 656], [1346, 730], [1124, 730]], '나가려는', 0.24269171059131622), ([[1148, 726], [1320, 726], [1320, 798], [1148, 798]], '아이틀', 0.48492558663327634), ([[1142, 794], [1328, 794], [1328, 866], [1142, 866]], '잡을 수', 0.40672212839126587), ([[1096, 864], [1374, 864], [1374, 938], [1096, 938]], '있없습니다', 0.4569553993495891), ([[174, 1346], [344, 1346], [344, 1418], [174, 1418]], '그런데', 0.9999706803880201), ([[119, 1419], [397, 1419], [397, 1487], [119, 1487]], '이 꼬멩이.', 0.5425603987431642), ([[200, 1484], [314, 1484], [314, 1556], [200, 1556]], '전혀', 0.9999576848263233), ([[150, 1554], [370, 1554], [370, 1628], [150, 1628]], '인정하려', 0.9998822808265686), ([[201, 1625], [315, 1625], [315, 1693], [201, 1693]], '들지', 0.9835421568514514), ([[149, 1690], [372, 1690], [372, 1766], [149, 1766]], '않습니다', 0.9545546174049377), ([[142, 1762], [376, 1762], [376, 1836], [142, 1836]], '이런 망할', 0.9520759005725808), ([[174, 1832], [344, 1832], [344, 1904], [174, 1904]], '애새끼', 0.9947492936503143), ([[151, 1903], [373, 1903], [373, 1977], [151, 1977]], '한테는...', 0.6140083429196818)]
[([[1121, 481], [1301, 481], [1301, 521], [1121, 521]], '하조다" 114)', 0.00240077345627768), ([[1241, 955], [1349, 955], [1349, 1015], [1241, 1015]], '두번', 0.9999628266819847), ([[1225, 1013], [1367, 1013], [1367, 1075], [1225, 1075]], '다시는', 0.81568843126297), ([[1199, 1068], [1395, 1068], [1395, 1132], [1199, 1132]], '안 할테니', 0.632462121262865), ([[133, 1354], [353, 1354], [353, 1422], [133, 1422]], '이 보지틀', 0.3170080690531134), ([[135, 1416], [350, 1416], [350, 1491], [135, 1491]], '화서라도', 0.9880319833755493)]
[([[1121, 481], [1301, 481], [1301, 521], [1121, 521]], '하조(" 1"4', 0.014822953542114397), ([[88, 1226], [264, 1226], [264, 1298], [88, 1298]], '아-크', 0.43903598189353943), ([[1259, 794], [1335, 794], [1335, 1278], [1259, 1278]], '#', 0.07882645659414411), ([[60, 1296], [294, 1296], [294, 1372], [60, 1372]], '재맛없다', 0.25392213463783264), ([[155, 1383], [199, 1383], [199, 1423], [155, 1423]], '구', 0.11426801541256637)]
[([[1229, 325], [1387, 325], [1387, 389], [1229, 389]], '그리고', 0.9999849272273436), ([[1249, 389], [1364, 389], [1364, 456], [1249, 456]], '저논', 0.7266733824682101), ([[1197, 455], [1416, 455], [1416, 523], [1197, 523]], '이 건방진', 0.9695958107478156), ([[1200, 518], [1412, 518], [1412, 590], [1200, 590]], '꼬멩이의', 0.6805336475372314), ([[1224, 586], [1386, 586], [1386, 652], [1224, 652]], '기억올', 0.8510445639384221), ([[1227, 655], [1387, 655], [1387, 719], [1227, 719]], '지우고', 0.99989793245853), ([[1229, 721], [1387, 721], [1387, 783], [1229, 783]], '집으로', 0.9986434347781167), ([[1249, 785], [1359, 785], [1359, 851], [1249, 851]], '돌려', 0.9825215995446203), ([[1175, 848], [1439, 848], [1439, 920], [1175, 920]], '보벗습니다', 0.10656074172398722), ([[52, 958], [372, 958], [372, 1038], [52, 1038]], '만약 다음에', 0.9948330681404438), ([[90, 1036], [336, 1036], [336, 1114], [90, 1114]], '도둑질올', 0.940269410610199), ([[49, 1111], [373, 1111], [373, 1195], [49, 1195]], '햇올 때에는', 0.26735208555530665), ([[80, 1190], [345, 1190], [345, 1271], [80, 1271]], '오늘 찍은', 0.8282819055779236), ([[118, 1268], [306, 1268], [306, 1346], [118, 1346]], '영상울', 0.4035303826619534), ([[90, 1348], [334, 1348], [334, 1424], [90, 1424]], '보여주고', 0.9792640827262659), ([[20, 1425], [400, 1425], [400, 1504], [20, 1504]], '오늘의 기억을', 0.41150891609163964), ([[88, 1504], [334, 1504], [334, 1582], [88, 1582]], '떠올리게', 0.9992126822471619), ([[86, 1582], [334, 1582], [334, 1660], [86, 1660]], '해주려고', 0.9997941851615906), ([[88, 1660], [334, 1660], [334, 1738], [88, 1738]], '생각하고', 0.9999620318412781), ([[87, 1735], [339, 1735], [339, 1819], [87, 1819]], '있습니다', 0.7626578869724587)]
[([[1121, 481], [1297, 481], [1297, 519], [1121, 519]], '호(" 74', 0.022065885396180537), ([[676, 577], [802, 577], [802, 1418], [676, 1418]], '9', 0.016276786172017887), ([[695, 1521], [785, 1521], [785, 1637], [695, 1637]], '.', 0.16549307928548362), ([[686, 1632], [790, 1632], [790, 1754], [686, 1754]], '꼴', 0.24651143652887697), ([[687, 1749], [797, 1749], [797, 1871], [687, 1871]], '지', 0.07402280955446461)]
[([[1253, 297], [1409, 297], [1409, 359], [1253, 359]], '또다시', 0.9999394337921702), ([[1237, 355], [1427, 355], [1427, 419], [1237, 419]], '도둑질올', 0.9405254125595093), ([[1233, 417], [1425, 417], [1425, 477], [1233, 477]], '하고잎던', 0.2290290743112564), ([[1256, 474], [1405, 474], [1405, 540], [1256, 540]], '아이틀', 0.32708183688734244), ([[1235, 535], [1427, 535], [1427, 599], [1235, 599]], '붙잡앗다', 0.5443602800369263), ([[115, 1263], [337, 1263], [337, 1331], [115, 1331]], '가게 안에', 0.9843536817288606), ([[123, 1329], [331, 1329], [331, 1397], [123, 1397]], '들어와서', 0.9496632218360901), ([[175, 1399], [283, 1399], [283, 1461], [175, 1461]], '계속', 0.9999667884449074), ([[121, 1459], [333, 1459], [333, 1527], [121, 1527]], '주빠주빵', 0.0956203043460846), ([[90, 1524], [364, 1524], [364, 1596], [90, 1596]], '하고 있어서', 0.9695109807458911), ([[96, 1590], [356, 1590], [356, 1662], [96, 1662]], '수상스러워', 0.8913270793120576), ([[122, 1656], [334, 1656], [334, 1728], [122, 1728]], '감시하고', 0.9998969435691833), ([[122, 1722], [334, 1722], [334, 1794], [122, 1794]], '있엎는데', 0.300088107585907), ([[148, 1788], [312, 1788], [312, 1860], [148, 1860]], '역시나', 0.9997195412942802)]
[([[1180, 290], [1370, 290], [1370, 368], [1180, 368]], '상품올', 0.44661945104599), ([[1151, 369], [1395, 369], [1395, 447], [1151, 447]], '주머니에', 0.9989624619483948), ([[1211, 450], [1337, 450], [1337, 524], [1211, 524]], '넣고', 0.9119311144743898), ([[1180, 526], [1370, 526], [1370, 602], [1180, 602]], '가게틀', 0.16524505548342136), ([[1152, 604], [1396, 604], [1396, 682], [1152, 682]], '나가려고', 0.9662079735654096), ([[1178, 682], [1372, 682], [1372, 762], [1178, 762]], '햇기에', 0.7349399840743128), ([[1152, 760], [1404, 760], [1404, 840], [1152, 840]], '붙잡앉다', 0.573625922203064), ([[78, 1426], [266, 1426], [266, 1500], [78, 1500]], '조사 좀', 0.9977954744232126), ([[82, 1498], [258, 1498], [258, 1572], [82, 1572]], '하려고', 0.9997499610909133), ([[81, 1567], [258, 1567], [258, 1645], [81, 1645]], '햇지만', 0.8487393856048584), ([[162, 1642], [236, 1642], [236, 1858], [162, 1858]], '얘', 0.16541120503097773), ([[98.54830863686664, 1641.011341873646], [162.5735159937405, 1633.1386204563034], [185.45169136313336, 1857.988658126354], [121.4264840062595, 1864.8613795436966]], '%', 0.027320522378113887)]
[([[238, 274], [518, 274], [518, 346], [238, 346]], '돈 내지않고', 0.620766140463528), ([[265, 341], [483, 341], [483, 413], [265, 413]], '가져가면', 0.7141302703119381), ([[321, 413], [433, 413], [433, 479], [321, 479]], '도둑', 0.9999656083448327), ([[1158, 448], [1454, 448], [1454, 524], [1158, 524]], '네 주머니에', 0.998972758111785), ([[280, 480], [478, 480], [478, 552], [280, 552]], '이라고?', 0.7412639031512915), ([[1212, 522], [1398, 522], [1398, 594], [1212, 594]], '넣은 거', 0.7761098852004157), ([[1184, 592], [1426, 592], [1426, 666], [1184, 666]], '우리 상품', 0.9633503845768372), ([[1230, 662], [1383, 662], [1383, 740], [1230, 740]], '맞지?', 0.9992793628253056), ([[207, 1327], [515, 1327], [515, 1411], [207, 1411]], '미안하다고', 0.9996312327657173), ([[237, 1405], [487, 1405], [487, 1489], [237, 1489]], '생각하면', 0.999921977519989), ([[208, 1483], [511, 1483], [511, 1561], [208, 1561]], '죄송하다고', 0.9996760700035973), ([[229, 1559], [494, 1559], [494, 1646], [229, 1646]], '말은 하자', 0.9673491882156244)]
[([[1280, 244], [1410, 244], [1410, 320], [1280, 320]], '무슨', 0.9998849410424042), ([[1251, 319], [1435, 319], [1435, 397], [1251, 397]], '생각올', 0.5437446816625892), ([[223, 379], [381, 379], [381, 447], [223, 447]], '어른의', 0.998433558085027), ([[1252, 398], [1436, 398], [1436, 476], [1252, 476]], '하느지', 0.4943991807439953), ([[225, 445], [385, 445], [385, 513], [225, 513]], '말씀올', 0.8940934377702792), ([[172, 510], [434, 510], [434, 582], [172, 582]], '무시하다니', 0.9947188780296088), ([[1279, 478], [1405, 478], [1405, 554], [1279, 554]], '전혀', 0.9999747119845447), ([[247, 577], [361, 577], [361, 643], [247, 643]], '나별', 0.2460718761514906), ([[1244, 554], [1446, 554], [1446, 632], [1244, 632]], '알 수가', 0.9964808352916446), ([[199, 643], [411, 643], [411, 711], [199, 711]], '아이로군', 0.9981641173362732), ([[1280, 630], [1411, 630], [1411, 711], [1280, 711]], '없다', 0.9999560832663056), ([[345, 1607], [443, 1607], [443, 1669], [345, 1669]], '이런', 0.7141340707206831), ([[345, 1665], [445, 1665], [445, 1727], [345, 1727]], '망할', 0.908241306608716), ([[297, 1727], [491, 1727], [491, 1789], [297, 1789]], '애새끼능', 0.2652992010116577)]
[([[483, 821], [984, 821], [984, 984], [483, 984]], '센]@로', 0.010663299821317196), ([[233, 977], [1237, 977], [1237, 1141], [233, 1141]], '반성하페 해주렉에', 0.11187828496284226)]
[([[1279, 461], [1437, 461], [1437, 528], [1279, 528]], '이것 좀', 0.9995612840680249), ([[1303, 525], [1415, 525], [1415, 585], [1303, 585]], '화 화', 0.8152961134910583)]
[([[283, 759], [1161, 759], [1161, 917], [283, 917]], '통분히 반성지례', 0.27410433504018067), ([[477, 917], [967, 917], [967, 1073], [477, 1073]], '쥐아켓제', 0.25110742449760437)]
[]
[([[1162, 317], [1439, 317], [1439, 389], [1162, 389]], '다른 사람과', 0.9983777978086066), ([[1162, 382], [1438, 382], [1438, 454], [1162, 454]], '얘기할 때는', 0.7018729837997969), ([[1241, 453], [1361, 453], [1361, 517], [1241, 517]], '좁더', 0.40005840791273195), ([[1192, 516], [1402, 516], [1402, 584], [1192, 584]], '개방적인', 0.9998981356620789), ([[1219, 583], [1379, 583], [1379, 651], [1219, 651]], '사람이', 0.988073987581466), ([[1171, 649], [1429, 649], [1429, 717], [1171, 717]], '되지않으면', 0.9497100769431794), ([[1196, 714], [1404, 714], [1404, 782], [1196, 782]], '안되다고', 0.651176929473877), ([[94, 1626], [390, 1626], [390, 1700], [94, 1700]], '엉덩이 까고', 0.4942385295256594), ([[66, 1698], [416, 1698], [416, 1772], [66, 1772]], '엉덩이 외계인', 0.745274018236944), ([[128, 1770], [360, 1770], [360, 1846], [128, 1846]], '실시해라', 0.9993389248847961)]
[([[175, 351], [249, 351], [249, 415], [175, 415]], '저,', 0.8612672020679555), ([[131, 406], [288, 406], [288, 478], [131, 478]], '엉덩이', 0.9993946353206483), ([[133, 475], [289, 475], [289, 539], [133, 539]], '내농고', 0.5413546855328993), ([[119, 539], [305, 539], [305, 605], [119, 605]], '있어요~', 0.9929734468460083), ([[2113, 523], [2251, 523], [2251, 587], [2113, 587]], '이예 ~', 0.5135889331786011), ([[2103, 585], [2257, 585], [2257, 651], [2103, 651]], '엉덩이', 0.9995293171432615), ([[2103, 647], [2257, 647], [2257, 713], [2103, 713]], '외계인', 0.9913214842569463), ([[2081, 713], [2283, 713], [2283, 777], [2081, 777]], '입니다~!', 0.65664523914757), ([[1931, 1225], [2071, 1225], [2071, 1309], [1931, 1309]], '푸춧', 0.607777029317749), ([[114, 1442], [232, 1442], [232, 1516], [114, 1516]], '편티', 0.22108056842494392), ([[114, 1510], [237, 1510], [237, 1587], [114, 1587]], '약간', 0.9999935093914989), ([[88, 1586], [264, 1586], [264, 1658], [88, 1658]], '보인다', 0.9582391410317139)]
[([[2048, 296], [2168, 296], [2168, 370], [2048, 370]], '시작', 0.9997385309649439), ([[2004, 366], [2214, 366], [2214, 440], [2004, 440]], '활게요~', 0.4920278369067288)]
[([[2064, 362], [2180, 362], [2180, 436], [2064, 436]], '부리', 0.9967106765258745), ([[2049, 437], [2197, 437], [2197, 505], [2049, 505]], '부리~', 0.9970788359642029), ([[290, 1090], [409, 1090], [409, 1167], [290, 1167]], '부리', 0.9986005058683506), ([[277, 1167], [427, 1167], [427, 1235], [277, 1235]], '부리~', 0.9864969253540039), ([[73, 1572], [259, 1572], [259, 1650], [73, 1650]], '오오~', 0.9984728493048032), ([[27, 1659], [311, 1659], [311, 1749], [27, 1749]], '엉덩이가', 0.9974547624588013), ([[25, 1747], [301, 1747], [301, 1839], [25, 1839]], '대회전구', 0.7073608040809631)]
[([[2077, 273], [2199, 273], [2199, 341], [2077, 341]], '옷은', 0.8847529959710162), ([[1994, 340], [2274, 340], [2274, 414], [1994, 414]], '필요없어크', 0.8185752016433051), ([[2021, 411], [2250, 411], [2250, 489], [2021, 489]], '알몸으로', 0.9467489123344421), ([[2079, 489], [2191, 489], [2191, 555], [2079, 555]], '해구', 0.3962929103333515)]
[([[223, 429], [483, 429], [483, 513], [223, 513]], '이 아이의', 0.9994170663699247), ([[255, 507], [445, 507], [445, 585], [255, 585]], '기억은', 0.9992467427529986), ([[2049, 519], [2211, 519], [2211, 587], [2049, 587]], '알씨이', 0.14696001888539362), ([[161, 583], [543, 583], [543, 669], [161, 669]], '시간이 지나면', 0.9962244932745472), ([[1982, 582], [2280, 582], [2280, 654], [1982, 654]], '되없습니다~', 0.3570728629441703), ([[288, 664], [412, 664], [412, 740], [288, 740]], '점점', 0.9999881989028121), ([[2051, 651], [2211, 651], [2211, 719], [2051, 719]], '엉덩이', 0.9994637308523308), ([[1994, 714], [2268, 714], [2268, 786], [1994, 786]], '노출 외계인', 0.9833872785917043), ([[229, 740], [474, 740], [474, 820], [229, 820]], '떠오르는', 0.9882874488830566), ([[2034, 780], [2230, 780], [2230, 852], [2034, 852]], '입니다~', 0.9860662218127232), ([[258, 820], [444, 820], [444, 896], [258, 896]], '것으로', 0.9845323759906701), ([[257, 898], [439, 898], [439, 974], [257, 974]], '하자크', 0.3223586439074866), ([[148, 1514], [334, 1514], [334, 1594], [148, 1594]], '사람들', 0.9937956931812979), ([[1102, 1528], [1226, 1528], [1226, 1606], [1102, 1606]], '엄청', 0.996352876884712), ([[150, 1592], [332, 1592], [332, 1668], [150, 1668]], '앞에서', 0.774998664855957), ([[1034, 1608], [1296, 1608], [1296, 1688], [1034, 1688]], '잘 보이는', 0.550445934456222), ([[106, 1668], [380, 1668], [380, 1746], [106, 1746]], '말 잘할 수', 0.9441074036305651), ([[1090, 1686], [1240, 1686], [1240, 1762], [1090, 1762]], '구만!', 0.9576888216554795), ([[82, 1748], [401, 1748], [401, 1824], [82, 1824]], '앞게 훨지도', 0.17876645175511321), ([[119, 1824], [360, 1824], [360, 1903], [119, 1903]], '모르지국', 0.5584598779678345)]
[([[595, 173], [663, 173], [663, 441], [595, 441]], '룹', 0.031211488583169578), ([[616, 448], [648, 448], [648, 494], [616, 494]], '2', 0.9151551956505308), ([[1862, 692], [1934, 692], [1934, 966], [1862, 966]], '품', 0.012940039588329955), ([[1885, 975], [1921, 975], [1921, 1029], [1885, 1029]], '2', 0.49980326075385406), ([[884, 1463], [1087, 1463], [1087, 1551], [884, 1551]], '엉덩이', 0.9994296647482617), ([[871, 1549], [1101, 1549], [1101, 1633], [871, 1633]], '외계인!', 0.8237729717134282), ([[78, 1600], [236, 1600], [236, 1704], [78, 1704]], '하하', 0.9995318649070603), ([[93, 1711], [224, 1711], [224, 1776], [93, 1776]], '구구', 0.23965997263482064)]
[([[269, 439], [412, 439], [412, 526], [269, 526]], '다음', 0.9999859229816177), ([[237, 523], [445, 523], [445, 607], [237, 607]], '가볼까', 0.9012174850805127), ([[1997, 510], [2281, 510], [2281, 602], [1997, 602]], '화주서서', 0.3373967111110687), ([[314, 622], [370, 622], [370, 672], [314, 672]], '크', 0.3707407861400078), ([[2062, 598], [2219, 598], [2219, 695], [2062, 695]], '감사', 0.9999996628252286), ([[2021, 691], [2265, 691], [2265, 781], [2021, 781]], '합니다!', 0.971381425857544)]
[([[824, 178], [992, 178], [992, 250], [824, 250]], '푸춧크', 0.01651469777149495), ([[1250, 344], [1424, 344], [1424, 418], [1250, 418]], '뭐하고', 0.9986119873037531), ([[1272, 414], [1399, 414], [1399, 491], [1272, 491]], '있는', 0.11284504409057075), ([[1250, 488], [1424, 488], [1424, 560], [1250, 560]], '겁니까', 0.9722475294792098), ([[1343, 573], [1391, 573], [1391, 615], [1343, 615]], '크', 0.4526274441909415), ([[1068, 932], [1198, 932], [1198, 1010], [1068, 1010]], '보지', 0.5661288062393858), ([[79, 981], [319, 981], [319, 1071], [79, 1071]], '하나, 둘', 0.5367506666390843), ([[1003, 1013], [1267, 1013], [1267, 1099], [1003, 1099]], '벌리면서', 0.5516847337858433), ([[212, 1066], [286, 1066], [286, 1150], [212, 1150]], '넷', 0.9999120254792757), ([[1033, 1097], [1235, 1097], [1235, 1183], [1033, 1183]], '옆구리', 0.9999291300773621), ([[1030, 1184], [1168, 1184], [1168, 1262], [1030, 1262]], '운동', 0.9999388033244241), ([[130, 1314], [202, 1314], [202, 1400], [130, 1400]], '일', 0.9999744893747362), ([[96, 1402], [234, 1402], [234, 1482], [96, 1482]], '여럿', 0.4504086326945804), ([[111.39903501772535, 1053.0095065601213], [255.49840052425014, 1039.8129828813264], [283.60096498227466, 1406.9904934398787], [140.50159947574986, 1420.1870171186736]], '품', 0.42394305930601206), ([[791.7108159108866, 1401.2408347811668], [967.0115511257095, 1376.6919142120034], [974.2891840891134, 1469.7591652188332], [798.9884488742905, 1494.3080857879966]], '<(하%', 0.20733490586280823)]
[([[998, 410], [1347, 410], [1347, 488], [998, 488]], '네 주머니에서', 0.9326438834062124), ([[1005, 475], [1346, 475], [1346, 564], [1005, 564]], '나온 이 상품', 0.9595277705108698), ([[966, 556], [1374, 556], [1374, 630], [966, 630]], '아직 계산대에서', 0.9904001261241493), ([[1058, 626], [1286, 626], [1286, 702], [1058, 702]], '계산한게', 0.9809778559667172), ([[1070, 700], [1278, 700], [1278, 774], [1070, 774]], '아니지?', 0.9996231289827695), ([[253, 1457], [337, 1457], [337, 1517], [253, 1517]], '하?', 0.9999045808683948), ([[177, 1517], [413, 1517], [413, 1581], [177, 1581]], '모르켓논데', 0.6499508499296656), ([[220, 1576], [367, 1576], [367, 1640], [220, 1640]], '멋대로', 0.997778161549169), ([[171, 1639], [415, 1639], [415, 1701], [171, 1701]], '들어온 듯구', 0.9732167992146433)]
[([[1039, 87], [1175, 87], [1175, 167], [1039, 167]], '몸을', 0.38482691739251246), ([[973, 169], [1241, 169], [1241, 255], [973, 255]], '움직여서', 0.9652789831161499), ([[973, 251], [1239, 251], [1239, 339], [973, 339]], '긍정적인', 0.9997689723968506), ([[1007, 337], [1209, 337], [1209, 423], [1007, 423]], '인간이', 0.9998348205908225), ([[1005, 417], [1212, 417], [1212, 510], [1005, 510]], '되려는', 0.509368754578207), ([[973, 505], [1237, 505], [1237, 591], [973, 591]], '거구나크', 0.7526442408561707), ([[1166, 900], [1450, 900], [1450, 976], [1166, 976]], '겨드랑이도', 0.9809444068385849), ([[1224, 974], [1396, 974], [1396, 1046], [1224, 1046]], '보지도', 0.9671894311904907), ([[1162, 1046], [1458, 1046], [1458, 1122], [1162, 1122]], '잘 보인다고', 0.9935474318937679), ([[1290, 1136], [1330, 1136], [1330, 1168], [1290, 1168]], '7', 0.05526539655298368), ([[136, 1416], [346, 1416], [346, 1488], [136, 1488]], '내친김에', 0.8870421648025513), ([[133, 1485], [345, 1485], [345, 1553], [133, 1553]], '자기소개', 0.9996153450786894), ([[155, 1553], [325, 1553], [325, 1617], [155, 1617]], '해 화구', 0.7864273761531151)]
[([[135, 221], [401, 221], [401, 307], [135, 307]], '도둑질올', 0.9849311709403992), ([[163, 305], [369, 305], [369, 389], [163, 389]], '하려고', 0.9999225028719705), ([[165, 389], [371, 389], [371, 475], [165, 475]], '햇기에', 0.9886717633698314), ([[166, 475], [372, 475], [372, 559], [166, 559]], '보지와', 0.9988173960702879), ([[103, 556], [432, 556], [432, 642], [103, 642]], '겨드랑이틀', 0.4697090493501856), ([[134, 640], [400, 640], [400, 724], [134, 724]], '보여주고', 0.6218416396631108), ([[121, 722], [416, 722], [416, 810], [121, 810]], '있습니다!', 0.8582089477290759), ([[1218, 902], [1420, 902], [1420, 982], [1218, 982]], '오오바', 0.9321936964988708), ([[1223, 981], [1413, 981], [1413, 1069], [1223, 1069]], '0학교', 0.9950521249072896), ([[1194, 1063], [1437, 1063], [1437, 1153], [1194, 1153]], '5학년인', 0.9981579184532166), ([[1217, 1151], [1419, 1151], [1419, 1239], [1217, 1239]], '이시이', 0.998844990778036), ([[1217, 1235], [1423, 1235], [1423, 1321], [1217, 1321]], '사구라', 0.377292440539226), ([[1207, 1319], [1435, 1319], [1435, 1405], [1207, 1405]], '입니다!', 0.9857006072998047), ([[92, 1402], [284, 1402], [284, 1482], [92, 1482]], '그래크', 0.5256064467485553), ([[121, 1485], [259, 1485], [259, 1569], [121, 1569]], '반성', 0.9999940994463072), ([[89, 1569], [285, 1569], [285, 1653], [89, 1653]], '해라크', 0.48105756764899504), ([[484.0545909076901, 1443.905459090769], [654.8502038814729, 1363.3933335848162], [693.9454090923099, 1447.094540909231], [524.1497961185271, 1527.6066664151838]], '<(%', 0.517538298721462)]
[([[271, 311], [387, 311], [387, 377], [271, 377]], '보지', 0.9610064338726703), ([[279, 375], [435, 375], [435, 459], [279, 459]], '셋; 넷', 0.7036256104585964), ([[57, 839], [170, 839], [170, 907], [57, 907]], '보지', 0.9988735163715587), ([[84, 906], [204, 906], [204, 982], [84, 982]], '일급', 0.9640842663834505), ([[74, 978], [216, 978], [216, 1052], [74, 1052]], '여럿!', 0.5589673626742377), ([[1253, 1110], [1442, 1110], [1442, 1190], [1253, 1190]], '구호는', 0.8827205421790232), ([[1248, 1192], [1454, 1192], [1454, 1268], [1248, 1268]], '보지로!', 0.8733394145965576), ([[1321, 1281], [1373, 1281], [1373, 1325], [1321, 1325]], '구', 0.3045598920504098), ([[206, 1408], [352, 1408], [352, 1582], [206, 1582]], '아하', 0.28395663999219795), ([[250, 1582], [304, 1582], [304, 1630], [250, 1630]], '터', 0.09420297315811954)]
[([[1190, 362], [1332, 362], [1332, 436], [1190, 436]], '둘; 둘', 0.48917560789804637), ([[1235, 431], [1339, 431], [1339, 491], [1235, 491]], '보지', 0.4489475648270299), ([[976, 868], [1124, 868], [1124, 946], [976, 946]], '셋; 둘', 0.8361718690805054), ([[981, 941], [1119, 941], [1119, 1009], [981, 1009]], '보지!', 0.9804971175192814), ([[144, 1488], [314, 1488], [314, 1540], [144, 1540]], '구구크', 0.41047951432058083), ([[104, 1554], [350, 1554], [350, 1632], [104, 1632]], '바보같아', 0.9913787245750427), ([[144, 1644], [314, 1644], [314, 1696], [144, 1696]], '구구크', 0.3721491405616019), ([[791.7108159108866, 1401.2408347811668], [968.0311760888559, 1376.7200431170209], [974.2891840891134, 1469.7591652188332], [798.9688239111441, 1494.2799568829791]], '<(하%', 0.07428473979234695)]
[([[1146, 334], [1346, 334], [1346, 410], [1146, 410]], '이런 거', 0.5733351539325046), ([[1122, 412], [1368, 412], [1368, 490], [1122, 490]], '화버리면', 0.974736213684082), ([[1150, 485], [1339, 485], [1339, 571], [1150, 571]], '일생의', 0.9997416334872001), ([[1093, 565], [1393, 565], [1393, 645], [1093, 645]], '수치라고크', 0.8425353083601397), ([[94, 1238], [222, 1238], [222, 1314], [94, 1314]], '평생', 0.9999275924820796), ([[6, 1316], [314, 1316], [314, 1396], [6, 1396]], '후회하도록', 0.999689878332259), ([[80, 1396], [230, 1396], [230, 1472], [80, 1472]], '좀더', 0.5764416511088998), ([[6, 1472], [308, 1472], [308, 1550], [6, 1550]], '시켜불까크', 0.23182438203935524)]
[([[230, 202], [384, 202], [384, 298], [230, 298]], '이건', 0.999619098034045), ([[156, 298], [456, 298], [456, 390], [156, 390]], '땅구멍올', 0.5361627135111459), ([[192, 392], [422, 392], [422, 490], [192, 490]], '벌려서', 0.9593747447937849), ([[1922, 458], [2042, 458], [2042, 530], [1922, 530]], '그건', 0.9989121946271107), ([[144, 490], [464, 490], [464, 586], [144, 586]], '동올 쉽게', 0.3413371436132932), ([[1869, 526], [2098, 526], [2098, 605], [1869, 605]], '뭐하려분', 0.44128847122192383), ([[149, 587], [467, 587], [467, 679], [149, 679]], '누기 위한', 0.922156751725965), ([[1882, 602], [2082, 602], [2082, 676], [1882, 676]], '거야? 구', 0.5588763863027202), ([[189, 684], [349, 684], [349, 774], [189, 774]], '운동', 0.9999168031347381), ([[179, 1709], [331, 1709], [331, 1753], [179, 1753]], '크구크', 0.1938680169465719)]
[([[1903, 333], [2003, 333], [2003, 399], [1903, 399]], '아', 0.9998176181035348), ([[369, 411], [569, 411], [569, 497], [369, 497]], '여기서', 0.9999448709657477), ([[1814, 400], [2108, 400], [2108, 476], [1814, 476]], '변비 걸리면', 0.8922952064975239), ([[359, 495], [575, 495], [575, 579], [359, 579]], '동 싸진', 0.6266658689907885), ([[1902, 472], [2022, 472], [2022, 546], [1902, 546]], '여간', 0.6018744834053766), ([[1818, 544], [2104, 544], [2104, 620], [1818, 620]], '짜증나는게', 0.6439652296096501), ([[362, 576], [572, 576], [572, 662], [362, 662]], '마라-', 0.9893385171890259), ([[1846, 616], [2072, 616], [2072, 692], [1846, 692]], '아니지국', 0.37205806374549866), ([[164, 1494], [328, 1494], [328, 1573], [164, 1573]], '네-', 0.9166208128192329)]
[([[405, 257], [543, 257], [543, 345], [405, 345]], '다섯', 0.9601492720057149), ([[393, 337], [557, 337], [557, 429], [393, 429]], '여섯!', 0.9811551698654294), ([[1661, 307], [1875, 307], [1875, 396], [1661, 396]], '하나, 둘', 0.5330362769894371), ([[1696, 388], [1848, 388], [1848, 468], [1696, 468]], '셋; 넷', 0.8354671437752897), ([[401, 425], [543, 425], [543, 511], [401, 511]], '일급', 0.9800774001405786), ([[392, 510], [554, 510], [554, 588], [392, 588]], '여럿!', 0.47407990655287), ([[1039, 1699], [1313, 1699], [1313, 1807], [1039, 1807]], '["(= ~', 0.5025210660242083)]
[([[457, 301], [613, 301], [613, 393], [457, 393]], '감사', 0.9460499743885834), ([[407, 393], [666, 393], [666, 491], [407, 491]], '합니다!', 0.9304976463317871), ([[1633, 407], [1807, 407], [1807, 475], [1633, 475]], '아주 잘', 0.6168978071010194), ([[1616, 470], [1826, 470], [1826, 542], [1616, 542]], '보인다고', 0.9869065880775452), ([[2089, 449], [2157, 449], [2157, 513], [2089, 513]], '아', 0.9998341867523131), ([[1727, 549], [1769, 549], [1769, 589], [1727, 589]], '구', 0.059613674580756504), ([[2031, 521], [2277, 521], [2277, 605], [2031, 605]], '넓어카네', 0.1107063814997673), ([[2161, 615], [2207, 615], [2207, 657], [2161, 657]], '크', 0.09131172104236729), ([[77, 1124], [306, 1124], [306, 1222], [77, 1222]], '나중에', 0.6553633213043213), ([[38, 1220], [340, 1220], [340, 1320], [38, 1320]], '생각나면', 0.9976987242698669), ([[108, 1316], [266, 1316], [266, 1416], [108, 1416]], '후회', 0.9998867111508435), ([[52, 1414], [328, 1414], [328, 1512], [52, 1512]], '하켓지~', 0.9345164101463341)]
[([[1584, 228], [1762, 228], [1762, 308], [1584, 308]], '애널?', 0.989368072755321), ([[292, 312], [452, 312], [452, 392], [292, 392]], '그래!', 0.9902225365530999), ([[2035, 347], [2237, 347], [2237, 431], [2035, 431]], '애널올', 0.7382555796644681), ([[237, 395], [507, 395], [507, 481], [237, 481]], '땅구멍은', 0.38821521401405334), ([[2037, 433], [2237, 433], [2237, 517], [2037, 517]], '억지로', 0.8967953788446135), ([[301, 481], [439, 481], [439, 565], [301, 565]], '애널', 0.9879293497050249), ([[2039, 517], [2239, 517], [2239, 603], [2039, 603]], '벌리논', 0.6003768077430791), ([[239, 563], [505, 563], [505, 649], [239, 649]], '이라고도', 0.99820876121521), ([[2054, 602], [2218, 602], [2218, 680], [2054, 680]], '거네!', 0.9299277067184448), ([[289, 645], [456, 645], [456, 735], [289, 735]], '불려!', 0.9418390027877637), ([[386, 1372], [442, 1372], [442, 1430], [386, 1430]], '헤', 0.7991911222692494)]
[([[870, 266], [1168, 266], [1168, 344], [870, 344]], '증거 있어?', 0.997299735050974), ([[1281, 297], [1388, 297], [1388, 362], [1281, 362]], '그런', 0.9999350101781567), ([[857, 341], [1181, 341], [1181, 427], [857, 427]], '안 훔쳐다고', 0.5233111912181819), ([[1263, 361], [1411, 361], [1411, 425], [1263, 425]], '변명이', 0.9912882804048766), ([[866, 422], [1168, 422], [1168, 502], [866, 502]], '말햇잔아크', 0.0645156529634037), ([[1237, 423], [1435, 423], [1435, 487], [1237, 487]], '통한다고', 0.6076056361198425), ([[1227, 483], [1447, 483], [1447, 551], [1227, 551]], '생각하나!', 0.9775899931666264), ([[90, 1518], [448, 1518], [448, 1590], [90, 1590]], '확실히 주머니에', 0.9986943512162363), ([[134, 1578], [403, 1578], [403, 1655], [134, 1655]], '넣논 장면은,', 0.4091781972420033), ([[147, 1645], [397, 1645], [397, 1712], [147, 1712]], '하필 (_가근', 0.025170695128956488), ([[145, 1709], [395, 1709], [395, 1775], [145, 1775]], '사각지대에', 0.9988595258991544), ([[193, 1769], [345, 1769], [345, 1837], [193, 1837]], '있없어', 0.8870326603178365)]
[([[1676, 312], [1906, 312], [1906, 388], [1676, 388]], '사구라의', 0.8017625212669373), ([[544, 398], [746, 398], [746, 470], [544, 470]], '벌렁-!', 0.8934499621391296), ([[1728, 384], [1850, 384], [1850, 458], [1728, 458]], '애널', 0.9782308274388278), ([[1692, 456], [1892, 456], [1892, 528], [1692, 528]], '벌렁-!', 0.828605055809021), ([[250, 623], [426, 623], [426, 697], [250, 697]], '하하하', 0.9997667539729475), ([[260, 706], [416, 706], [416, 754], [260, 754]], '크구크', 0.16596887550000686)]
[([[57, 795], [337, 795], [337, 883], [57, 883]], '너 자신이', 0.9649150696208971), ([[1302, 802], [1424, 802], [1424, 874], [1302, 874]], '정말', 0.9999920764016744), ([[25, 879], [371, 879], [371, 965], [25, 965]], '월 햇는지는', 0.37897893557617124), ([[1302, 872], [1427, 872], [1427, 947], [1302, 947]], '죄송', 0.9910874197666999), ([[119, 965], [265, 965], [265, 1049], [119, 1049]], '알고', 0.999825185238134), ([[1275, 943], [1452, 943], [1452, 1021], [1275, 1021]], '합니다', 0.8879476746649259), ([[47, 1046], [352, 1046], [352, 1134], [47, 1134]], '있논거야?', 0.23874267184795997)]
[([[79, 627], [270, 627], [270, 706], [79, 706]], '가게에', 0.998672604560852), ([[12, 706], [338, 706], [338, 786], [12, 786]], '폐름 끼치논', 0.18626495287533668), ([[15, 783], [337, 783], [337, 867], [15, 867]], '최약인 짓율', 0.738542657281701), ([[1299, 843], [1381, 843], [1381, 903], [1299, 903]], '네!', 0.7146928725902116), ([[51, 860], [300, 860], [300, 941], [51, 941]], '저지르고', 0.6914103695971845), ([[1228, 908], [1450, 908], [1450, 980], [1228, 980]], '도둑질올', 0.9739000797271729), ([[11, 937], [345, 937], [345, 1023], [11, 1023]], '말앞습니다!', 0.2730039350191986), ([[1216, 974], [1458, 974], [1458, 1050], [1216, 1050]], '햇습니다!', 0.8459713730930601)]
[([[29, 613], [345, 613], [345, 705], [29, 705]], '햇습니다!', 0.8324089531983189), ([[1264, 658], [1448, 658], [1448, 734], [1264, 734]], '그렇지', 0.9926555156707764), ([[75, 700], [292, 700], [292, 796], [75, 796]], '반성의', 0.9999562271005522), ([[1292, 736], [1418, 736], [1418, 812], [1292, 812]], '반성', 0.9999629952675473), ([[105, 793], [260, 793], [260, 886], [105, 886]], '알몸', 0.9385547356117085), ([[1275, 814], [1439, 814], [1439, 892], [1275, 892]], '햇어?', 0.8424629881583027), ([[79, 885], [295, 885], [295, 975], [79, 975]], '도게자', 0.9981581813046213), ([[64, 975], [308, 975], [308, 1063], [64, 1063]], '입니다!', 0.9841955304145813)]
[([[1295, 619], [1407, 619], [1407, 685], [1295, 685]], '좋은', 0.3672177160132821), ([[1245, 685], [1455, 685], [1455, 753], [1245, 753]], '마음가짐', 0.9998984336853027), ([[95, 743], [253, 743], [253, 835], [95, 835]], '감사', 0.9999994942378553), ([[1275, 753], [1429, 753], [1429, 819], [1275, 819]], '이다구', 0.321399204375057), ([[44, 832], [307, 832], [307, 935], [44, 935]], '합니다!', 0.9733761548995972)]
[([[2070, 552], [2258, 552], [2258, 630], [2070, 630]], '깨끗한', 0.5257672752243501), ([[2072, 630], [2256, 630], [2256, 706], [2072, 706]], '엉덩이', 0.9983776149018874), ([[2099, 707], [2227, 707], [2227, 781], [2099, 781]], '하고', 0.9998849410424042), ([[2052, 786], [2276, 786], [2276, 864], [2052, 864]], '외구만~', 0.33352041244506836), ([[57, 865], [339, 865], [339, 957], [57, 957]], '확실하게', 0.9993423819541931), ([[91, 957], [306, 957], [306, 1047], [91, 1047]], '찍어서', 0.9847155529698824), ([[122, 1046], [272, 1046], [272, 1134], [122, 1134]], '저장', 0.9999849957548995), ([[69, 1135], [329, 1135], [329, 1225], [69, 1225]], '해물게~', 0.7172716856002808)]
[([[1963, 459], [2205, 459], [2205, 543], [1963, 543]], '기쁘지?', 0.9991052150726318), ([[2013, 539], [2150, 539], [2150, 628], [2013, 628]], '너의', 0.9994228055641234), ([[1910, 623], [2255, 623], [2255, 711], [1910, 711]], '부끄러운 곳', 0.9818488220442052), ([[1949, 709], [2213, 709], [2213, 795], [1949, 795]], '매일매일', 0.999382495880127), ([[1917, 793], [2251, 793], [2251, 879], [1917, 879]], '화출테니까', 0.22683533471026773), ([[103, 1215], [251, 1215], [251, 1303], [103, 1303]], '정말', 0.9999947737947846), ([[101, 1303], [254, 1303], [254, 1396], [101, 1396]], '감사', 0.9999996628252286), ([[54, 1390], [303, 1390], [303, 1489], [54, 1489]], '합니다!', 0.9583753347396851)]
[([[1993, 545], [2271, 545], [2271, 633], [1993, 633]], '더 엉덩이', 0.9983251995846452), ([[1999, 631], [2265, 631], [2265, 719], [1999, 719]], '흔들어서', 0.9999704360961914), ([[2029, 715], [2235, 715], [2235, 801], [2029, 801]], '감사흘', 0.6606312220169174), ([[2001, 799], [2263, 799], [2263, 885], [2001, 885]], '표하라고', 0.9915429353713989), ([[94, 1175], [355, 1175], [355, 1249], [94, 1249]], '엉덩이름?', 0.920437471840552)]
[([[1926, 384], [2174, 384], [2174, 462], [1926, 462]], '엉덩이름', 0.759827733039856), ([[1924, 459], [2173, 459], [2173, 546], [1924, 546]], '화주서서', 0.5571765899658203), ([[1982, 540], [2114, 540], [2114, 620], [1982, 620]], '감사', 0.9959092393564115), ([[1910, 618], [2196, 618], [2196, 696], [1910, 696]], '드립니다 ~', 0.3736570860150592), ([[94, 1166], [268, 1166], [268, 1238], [94, 1238]], '엉덩이', 0.9969273674278694), ([[62, 1236], [302, 1236], [302, 1310], [62, 1310]], '흔드는 게', 0.9892585554769712), ([[87, 1307], [276, 1307], [276, 1384], [87, 1384]], '네 특기', 0.784959089368858), ([[94, 1380], [266, 1380], [266, 1454], [94, 1454]], '구나크', 0.5616507792863711)]
[([[1974, 432], [2098, 432], [2098, 508], [1974, 508]], '이제', 0.9997365080717593), ([[1914, 510], [2158, 510], [2158, 586], [1914, 586]], '돌아가도', 0.9995133876800537), ([[1942, 586], [2128, 586], [2128, 666], [1942, 666]], '되지만', 0.9735270242454968), ([[1942, 665], [2128, 665], [2128, 741], [1942, 741]], '다음에', 0.9844033237851211), ([[1872, 744], [2196, 744], [2196, 820], [1872, 820]], '자기 의견도', 0.999494871220265), ([[1940, 820], [2128, 820], [2128, 900], [1940, 900]], '말하지', 0.9957706333766777), ([[1914, 898], [2158, 898], [2158, 978], [1914, 978]], '못한다면', 0.6195564270019531), ([[173, 969], [327, 969], [327, 1061], [173, 1061]], '그럴', 0.618557215381567), ([[138, 1064], [366, 1064], [366, 1160], [138, 1160]], '때마다', 0.999317695033522), ([[175, 1161], [327, 1161], [327, 1253], [175, 1253]], '오늘', 0.4557046139461949), ([[128, 1254], [372, 1254], [372, 1352], [128, 1352]], '한 일흘', 0.7409657108958416), ([[138, 1352], [362, 1352], [362, 1450], [138, 1450]], '되새켜', 0.42208518001652073), ([[138, 1448], [360, 1448], [360, 1544], [138, 1544]], '화라크', 0.08384484515086513)]
[([[1241, 331], [1393, 331], [1393, 395], [1241, 395]], '정말로', 0.9999869919889219), ([[951, 407], [1067, 407], [1067, 475], [951, 475]], '모르', 0.9989157338357988), ([[1188, 390], [1446, 390], [1446, 463], [1188, 463]], '안 훔철다고', 0.3339788081394147), ([[876, 476], [1136, 476], [1136, 552], [876, 552]], '깊습다~크', 0.47103121104436074), ([[1237, 459], [1399, 459], [1399, 523], [1237, 523]], '딱 잘라', 0.946056834624806), ([[1180, 518], [1456, 518], [1456, 586], [1180, 586]], '말하느거지?', 0.4566708251118278), ([[168, 1550], [289, 1550], [289, 1625], [168, 1625]], '하아', 0.9998009883819384), ([[165, 1619], [337, 1619], [337, 1687], [165, 1687]], '어절수', 0.9858111386114462), ([[196, 1682], [306, 1682], [306, 1754], [196, 1754]], '없네', 0.9422281228615111)]
[([[57, 255], [435, 255], [435, 347], [57, 347]], '오늘은 저의', 0.9258132937615338), ([[100, 345], [391, 345], [391, 441], [100, 441]], '소극적인', 0.9999474883079529), ([[55, 429], [435, 429], [435, 635], [55, 635]], '고자텔물서', 0.08473058535007129), ([[2063, 233], [2147, 233], [2147, 715], [2063, 715]], '#', 0.1400658469675884), ([[169, 625], [321, 625], [321, 717], [169, 717]], '정말', 0.9999957010241584), ([[169, 719], [323, 719], [323, 809], [169, 809]], '감사', 0.9999995785315409), ([[85, 809], [408, 809], [408, 901], [85, 901]], '햇습니다!', 0.9472717666412924), ([[169, 1583], [353, 1583], [353, 1673], [169, 1673]], '오위', 0.48728341388545254), ([[108, 1676], [408, 1676], [408, 1774], [108, 1774]], '조심해서', 0.9999245405197144), ([[131, 1772], [389, 1772], [389, 1868], [131, 1868]], '돌아가!', 0.9690366387367249)]
[([[1109, 239], [1219, 239], [1219, 611], [1109, 611]], '이', 0.9501324153447719), ([[1101, 645], [1241, 645], [1241, 1033], [1101, 1033]], '살', 0.4746677102062655), ([[1111, 1105], [1225, 1105], [1225, 1463], [1111, 1463]], '틈', 0.016717876864700054)]
[([[1218, 316], [1339, 316], [1339, 393], [1218, 393]], '이번', 0.9999295311965442), ([[1164, 390], [1394, 390], [1394, 464], [1164, 464]], '아가씨논', 0.8456289768218994), ([[1166, 462], [1392, 462], [1392, 536], [1166, 536]], '이제까지', 0.9997338652610779), ([[1160, 534], [1400, 534], [1400, 608], [1160, 608]], '만난 애들', 0.978259554042635), ([[1194, 606], [1366, 606], [1366, 678], [1194, 678]], '중에서', 0.8992557632003432), ([[1218, 678], [1338, 678], [1338, 750], [1218, 750]], '가장', 0.9999844899949775), ([[1164, 750], [1396, 750], [1396, 826], [1164, 826]], '강적이다', 0.9992032051086426), ([[146, 1006], [266, 1006], [266, 1078], [146, 1078]], '마치', 0.9998862054054815), ([[116, 1076], [302, 1076], [302, 1152], [116, 1152]], '만화 속', 0.7632157579181116), ([[94, 1150], [320, 1150], [320, 1222], [94, 1222]], '세계에서', 0.9976515173912048), ([[92, 1222], [322, 1222], [322, 1296], [92, 1296]], '튀어나온', 0.991885244846344), ([[116, 1293], [301, 1293], [301, 1368], [116, 1368]], '것 같은', 0.6120602799908116), ([[120, 1366], [292, 1366], [292, 1438], [120, 1438]], '부자집', 0.6881234255137668), ([[119, 1437], [294, 1437], [294, 1513], [119, 1513]], '아가씨', 0.9999090820478816), ([[147, 1509], [269, 1509], [269, 1581], [147, 1581]], '엿다', 0.9291163569887434)]
[([[102, 214], [220, 214], [220, 286], [102, 286]], '그럼', 0.9996794461203959), ([[74, 286], [250, 286], [250, 360], [74, 360]], '아빠랑', 0.9605053945502301), ([[100, 356], [225, 356], [225, 433], [100, 433]], '같이', 0.9997719931636414), ([[1190, 338], [1452, 338], [1452, 414], [1190, 414]], '그러니까?', 0.6644908379946847), ([[78, 430], [250, 430], [250, 502], [78, 502]], '오라고', 0.998794618470767), ([[1260, 412], [1380, 412], [1380, 486], [1260, 486]], '돈올', 0.6975475666923454), ([[1204, 484], [1434, 484], [1434, 556], [1204, 556]], '내지않고', 0.9027308225631714), ([[1232, 556], [1408, 556], [1408, 628], [1232, 628]], '가게름', 0.2018395133303498), ([[1203, 627], [1433, 627], [1433, 701], [1203, 701]], '나가는건', 0.437482088804245), ([[1206, 700], [1434, 700], [1434, 774], [1206, 774]], '범죄라고', 0.9984696507453918), ([[912, 734], [1124, 734], [1124, 806], [912, 806]], '돈이라면', 0.9875290989875793), ([[935, 803], [1103, 803], [1103, 871], [935, 871]], '파파가', 0.9997243589008671), ([[914, 866], [1126, 866], [1126, 938], [914, 938]], '벌거에요', 0.4414365887641907), ([[85, 1293], [291, 1293], [291, 1377], [85, 1377]], '파파는', 0.9499859358446191), ([[49, 1375], [331, 1375], [331, 1461], [49, 1461]], '일 때문에', 0.9750585214812914), ([[87, 1461], [287, 1461], [287, 1541], [87, 1541]], '바뻐요', 0.3647141361923432), ([[119, 1545], [261, 1545], [261, 1629], [119, 1629]], '돈은', 0.6510887039463833), ([[17, 1627], [363, 1627], [363, 1713], [17, 1713]], '나중에 내든', 0.9941997968621941), ([[45, 1711], [335, 1711], [335, 1797], [45, 1797]], '지금 내든', 0.9848803382750673), ([[23, 1795], [356, 1795], [356, 1881], [23, 1881]], '똑같잡아요', 0.469278004813938)]
[([[1144, 481], [1349, 481], [1349, 573], [1144, 573]], '뒷하면', 0.9809442104864852), ([[1105, 569], [1387, 569], [1387, 653], [1105, 653]], '가게 째로', 0.7402909505492878), ([[1178, 656], [1318, 656], [1318, 736], [1178, 736]], '사도', 0.9999146958443157), ([[1177, 737], [1319, 737], [1319, 821], [1177, 821]], '상관', 0.9999646811236316), ([[1115, 821], [1383, 821], [1383, 907], [1115, 907]], '없다고요', 0.871689402103691), ([[1222, 920], [1276, 920], [1276, 968], [1222, 968]], '크', 0.40063748335592564), ([[171, 1271], [309, 1271], [309, 1357], [171, 1357]], '이런', 0.9999190790098552), ([[77, 1352], [406, 1352], [406, 1440], [77, 1440]], '보잘것없는', 0.40029648617454916), ([[171, 1439], [311, 1439], [311, 1523], [171, 1523]], '가게', 0.9999757235015667), ([[61, 1521], [421, 1521], [421, 1611], [61, 1611]], '그리 비산 돈', 0.8777982822008565), ([[61, 1607], [421, 1607], [421, 1695], [61, 1695]], '안 들어갈 것', 0.7658149510600194), ([[73, 1691], [405, 1691], [405, 1777], [73, 1777]], '아니에요크', 0.30086411531305157)]
[([[70, 234], [358, 234], [358, 308], [70, 308]], '이런 년한터', 0.43141451022130295), ([[154, 304], [274, 304], [274, 376], [154, 376]], '세상', 0.9999454624136204), ([[1173, 341], [1355, 341], [1355, 409], [1173, 409]], '이년이', 0.9337661502363527), ([[102, 374], [324, 374], [324, 446], [102, 446]], '돌아가는', 0.7772203325081146), ([[1225, 407], [1337, 407], [1337, 475], [1225, 475]], '내가', 0.9998821594452825), ([[128, 444], [300, 444], [300, 518], [128, 518]], '이치틀', 0.679363371865201), ([[1201, 473], [1359, 473], [1359, 539], [1201, 539]], '필사적', 0.9992165314630721), ([[102, 514], [324, 514], [324, 586], [102, 586]], '알려취도', 0.5343918204307556), ([[1229, 543], [1337, 543], [1337, 603], [1229, 603]], '으로', 0.9986603303738868), ([[157, 585], [273, 585], [273, 653], [157, 653]], '소용', 0.9999819611964912), ([[1199, 605], [1361, 605], [1361, 673], [1199, 673]], '가꾸온', 0.48633132561937675), ([[79, 655], [351, 655], [351, 723], [79, 723]], '없흘테고. .', 0.1194166695677762), ([[1199, 671], [1361, 671], [1361, 737], [1199, 737]], '가게틀', 0.11614859560539326), ([[1175, 737], [1387, 737], [1387, 803], [1175, 803]], '바보취급', 0.7782520651817322), ([[1174, 800], [1385, 800], [1385, 876], [1174, 876]], '하다니.', 0.6578035354614258), ([[111, 1383], [327, 1383], [327, 1451], [111, 1451]], '무엇보다', 0.687324985093833), ([[137, 1449], [299, 1449], [299, 1517], [137, 1517]], '나에게', 0.9552968415411779), ([[136, 1516], [298, 1516], [298, 1588], [136, 1588]], '이득이', 0.6377274382163606), ([[138, 1580], [298, 1580], [298, 1652], [138, 1652]], '없으니', 0.989177288997297), ([[163, 1655], [275, 1655], [275, 1717], [163, 1717]], '매우', 0.999872044565764), ([[132, 1712], [303, 1712], [303, 1791], [132, 1791]], '귀찮아', 0.9993194155142731)]
[([[1090, 270], [1278, 270], [1278, 344], [1090, 344]], '그런 것', 0.619772581707467), ([[1098, 344], [1270, 344], [1270, 416], [1098, 416]], '보다는', 0.9373567333655467), ([[1096, 414], [1270, 414], [1270, 488], [1096, 488]], '나중에', 0.9850360378099648), ([[1062, 486], [1304, 486], [1304, 562], [1062, 562]], '근 자리에', 0.9393042643698679), ([[1095, 557], [1268, 557], [1268, 632], [1095, 632]], '앞게월', 0.49628781368891106), ([[1092, 632], [1274, 632], [1274, 704], [1092, 704]], '이 년의', 0.9992111921310425), ([[1096, 704], [1272, 704], [1272, 776], [1096, 776]], '추태클', 0.2312670022221525), ([[1097, 776], [1269, 776], [1269, 848], [1097, 848]], '보면서', 0.9918227224081841), ([[1096, 846], [1270, 846], [1270, 920], [1096, 920]], '비웃어', 0.9999723321940842), ([[1096, 920], [1270, 920], [1270, 992], [1096, 992]], '주논게', 0.6758220791816711), ([[1096, 990], [1270, 990], [1270, 1064], [1096, 1064]], '중깊지', 0.11714040834210128), ([[180, 1176], [254, 1176], [254, 1390], [180, 1390]], '국', 0.16446732413010068), ([[179, 1397], [259, 1397], [259, 1688], [179, 1688]], '품', 0.24307386112699536)]
[([[424, 756], [1029, 756], [1029, 950], [424, 950]], '폐자으로', 0.036117807030677795), ([[278, 946], [1182, 946], [1182, 1138], [278, 1138]], '반생시멘주매', 0.04658707209364016)]
[([[1230, 332], [1418, 332], [1418, 408], [1230, 408]], '이것 좀', 0.9960178283731046), ([[1262, 406], [1384, 406], [1384, 478], [1262, 478]], '화보', 0.17438670101705067)]
[]
[([[1273, 365], [1381, 365], [1381, 431], [1273, 431]], '이놈', 0.10275086633257245), ([[1273, 431], [1383, 431], [1383, 497], [1273, 497]], '화보', 0.5890140652707042), ([[882, 554], [993, 554], [993, 633], [882, 633]], '하?', 0.9998931172652477)]
[([[1163, 373], [1377, 373], [1377, 459], [1163, 459]], '일단은.', 0.9222207561394051), ([[1161, 453], [1372, 453], [1372, 542], [1161, 542]], '그렇지', 0.9995523034509288), ([[1229, 543], [1361, 543], [1361, 627], [1229, 627]], '너의', 0.9993649903555323), ([[1193, 625], [1395, 625], [1395, 709], [1193, 709]], '특기로', 0.9990347027778625), ([[1161, 709], [1427, 709], [1427, 795], [1161, 795]], '자기소개', 0.9999486804008484), ([[906, 770], [982, 770], [982, 844], [906, 844]], '네', 0.9999272836553388), ([[1223, 791], [1368, 791], [1368, 880], [1223, 880]], '해화', 0.9179107587450833)]
[([[114, 560], [290, 560], [290, 634], [114, 634]], '에로한', 0.9836124391944535), ([[114, 632], [288, 632], [288, 704], [114, 704]], '자세로', 0.9999771499638592), ([[1259, 615], [1458, 615], [1458, 675], [1259, 675]], '대단하네~', 0.9995798375898707), ([[1266, 672], [1450, 672], [1450, 728], [1266, 728]], '그런 것도', 0.9938350168076253), ([[141, 703], [261, 703], [261, 775], [141, 775]], '밖에', 0.974864605227773), ([[1308, 722], [1410, 722], [1410, 778], [1308, 778]], '활수', 0.81972993515345), ([[118, 776], [288, 776], [288, 850], [118, 850]], '보이지', 0.54851233959198), ([[1279, 777], [1441, 777], [1441, 837], [1279, 837]], '있구나~', 0.5345392237607517), ([[116, 848], [285, 848], [285, 922], [116, 922]], '않아구', 0.42927336888172124), ([[1068, 1378], [1224, 1378], [1224, 1432], [1068, 1432]], '선생님도', 0.9993612170219421), ([[1082, 1422], [1205, 1422], [1205, 1482], [1082, 1482]], '칭찬해', 0.9994995176342512), ([[1060, 1474], [1230, 1474], [1230, 1524], [1060, 1524]], '주섞어요!', 0.7389108974328784)]
[([[1345, 349], [1455, 349], [1455, 417], [1345, 417]], '사립', 0.6455209452833137), ([[1266, 414], [1428, 414], [1428, 486], [1266, 486]], '대학교', 0.9999911903392261), ([[1267, 481], [1427, 481], [1427, 549], [1267, 549]], '초등부', 0.9409291744232178), ([[223, 523], [363, 523], [363, 609], [223, 609]], '몸이', 0.9112266476093328), ([[1265, 547], [1429, 547], [1429, 615], [1265, 615]], '카구라', 0.998821112059894), ([[150, 604], [433, 604], [433, 692], [150, 692]], '유연한 게', 0.9044020909067858), ([[1293, 615], [1405, 615], [1405, 683], [1293, 683]], '리사', 0.9999990727694587), ([[181, 691], [403, 691], [403, 781], [181, 781]], '제 장점', 0.8348257947481622), ([[1258, 680], [1438, 680], [1438, 746], [1258, 746]], '입니다!', 0.979354739189148), ([[191, 775], [401, 775], [401, 863], [191, 863]], '입니다', 0.9938584100010583), ([[69, 1297], [247, 1297], [247, 1377], [69, 1377]], '쫓네~', 0.514967373605038), ([[1113, 1323], [1263, 1323], [1263, 1385], [1113, 1385]], '발레름', 0.12831590528143832), ([[1113, 1385], [1265, 1385], [1265, 1447], [1113, 1447]], '배우고', 0.9999977975838318), ([[1079, 1443], [1297, 1443], [1297, 1511], [1079, 1511]], '있습니다!', 0.7974992523361144)]
[([[1279, 653], [1458, 653], [1458, 713], [1279, 713]], '알몸으로', 0.9748117327690125), ([[1300, 712], [1434, 712], [1434, 768], [1300, 768]], '해화구', 0.20949447461710927), ([[65, 765], [237, 765], [237, 829], [65, 829]], '아뇨  .', 0.46003406522802204), ([[90, 832], [210, 832], [210, 904], [90, 904]], '조금', 0.8392485976219177), ([[8, 902], [292, 902], [292, 978], [8, 978]], '부끄러워서', 0.9961256220228901), ([[5, 967], [246, 967], [246, 1054], [5, 1054]], '그런데요', 0.7487386745136586), ([[1090, 960], [1200, 960], [1200, 1034], [1090, 1034]], '에?', 0.9878983559125356), ([[1051, 1483], [1203, 1483], [1203, 1557], [1051, 1557]], '뛰야?', 0.5732718081816489), ([[1058, 1554], [1194, 1554], [1194, 1628], [1058, 1628]], '활수', 0.8872712714104755), ([[998, 1626], [1260, 1626], [1260, 1704], [998, 1704]], '없는거야?', 0.46881601222292185)]
[([[67, 561], [321, 561], [321, 653], [67, 653]], '자, 지금', 0.6182512113323262), ([[1354, 486], [1426, 486], [1426, 688], [1354, 688]], '올', 0.10208209678865288), ([[87, 649], [301, 649], [301, 739], [87, 739]], '뭐하고', 0.997816142010644), ([[89, 741], [299, 741], [299, 831], [89, 831]], '잇는지', 0.10410931581800414), ([[21, 829], [366, 829], [366, 919], [21, 919]], '설명해화크', 0.513468276882879), ([[1355, 699], [1428, 699], [1428, 1080], [1355, 1080]], '#', 0.018565046307067457), ([[1112, 1216], [1276, 1216], [1276, 1294], [1112, 1294]], '절어~', 0.9704160071428309), ([[1134, 1296], [1256, 1296], [1256, 1370], [1134, 1370]], '보지', 0.5354313985509941), ([[1066, 1372], [1326, 1372], [1326, 1450], [1066, 1450]], '다 보이는', 0.3044791006333398), ([[1100, 1450], [1284, 1450], [1284, 1526], [1100, 1526]], '구만=', 0.3072335344190287)]
[([[50, 482], [330, 482], [330, 558], [50, 558]], '아하하하크', 0.5771181046873135), ([[88, 554], [300, 554], [300, 628], [88, 628]], '야하네~', 0.9979560971260071), ([[1149, 1101], [1357, 1101], [1357, 1187], [1149, 1187]], '리사는', 0.49690386842314493), ([[1079, 1183], [1425, 1183], [1425, 1271], [1079, 1271]], '알몸인 채로', 0.6348195957219745), ([[1091, 1269], [1407, 1269], [1407, 1355], [1091, 1355]], '1자 뱉런스', 0.577406013889678), ([[1147, 1353], [1353, 1353], [1353, 1439], [1147, 1439]], '하면서', 0.9990215717995135), ([[1153, 1437], [1355, 1437], [1355, 1523], [1153, 1523]], '보지루', 0.24984881281852722), ([[1123, 1521], [1385, 1521], [1385, 1605], [1123, 1605]], '드러내고', 0.999898374080658), ([[1087, 1605], [1421, 1605], [1421, 1691], [1087, 1691]], '있습니다~!', 0.5309493877213127)]
[([[105, 1005], [284, 1005], [284, 1097], [105, 1097]], '해화!', 0.9163090627042365), ([[83, 1095], [298, 1095], [298, 1188], [83, 1188]], '해화크', 0.26824643274334226), ([[1018, 1122], [1094, 1122], [1094, 1196], [1018, 1196]], '네', 0.9999494558999231), ([[1223, 1293], [1453, 1293], [1453, 1377], [1223, 1377]], '또할수', 0.3581782281398773), ([[1237, 1379], [1439, 1379], [1439, 1463], [1237, 1463]], '있논거', 0.18850702047348022), ([[1253, 1461], [1429, 1461], [1429, 1549], [1253, 1549]], '있어?', 0.994663804345299)]
[([[601, 105], [791, 105], [791, 193], [601, 193]], '우와~', 0.9830145935783077), ([[551, 191], [838, 191], [838, 287], [551, 287]], '발레에서', 0.9829385280609131), ([[11, 239], [401, 239], [401, 329], [11, 329]], '아니에요~크', 0.5558909283356923), ([[547, 285], [845, 285], [845, 375], [547, 375]], '흔히 보는', 0.6457213351396552), ([[57, 329], [359, 329], [359, 419], [57, 419]], '에로 낳이', 0.6809939885887586), ([[555, 375], [831, 375], [831, 461], [555, 461]], '포프다 크', 0.45306580604143526), ([[67, 421], [353, 421], [353, 507], [67, 507]], '포즈에요', 0.40325790643692017), ([[605, 465], [791, 465], [791, 555], [605, 555]], '어라?', 0.9961619009750237), ([[137, 511], [277, 511], [277, 597], [137, 597]], '낭구', 0.5096405665888247), ([[605, 555], [791, 555], [791, 641], [605, 641]], '요가?', 0.9884365366998407)]
[([[139, 196], [426, 196], [426, 295], [139, 295]], '엄청나게', 0.9995577931404114), ([[107, 290], [460, 290], [460, 382], [107, 382]], '부끄럽지만', 0.9773239976711002), ([[139, 381], [425, 381], [425, 473], [139, 473]], '주인남이', 0.892448365688324), ([[104, 470], [460, 470], [460, 566], [104, 566]], '화주석으면', 0.3831012010826384), ([[167, 561], [403, 561], [403, 653], [167, 653]], '한다 낭', 0.6441300972106401), ([[1268, 396], [1344, 396], [1344, 772], [1268, 772]], '출', 0.02926816524540521), ([[1268, 788], [1346, 788], [1346, 1018], [1268, 1018]], '약', 0.957806637607078)]
[([[215, 289], [371, 289], [371, 381], [215, 381]], '저클', 0.39657788106495906), ([[104, 384], [484, 384], [484, 480], [104, 480]], '키워주세요', 0.9981546167610167), ([[1228, 388], [1414, 388], [1414, 464], [1228, 464]], '이렇게', 0.8315974335709397), ([[217, 483], [303, 483], [303, 571], [217, 571]], '낭', 0.8041477934483545), ([[1256, 466], [1386, 466], [1386, 546], [1256, 546]], '야한', 0.9990372488951236), ([[1195, 543], [1443, 543], [1443, 621], [1195, 621]], '고양이가', 0.999878466129303), ([[1225, 621], [1411, 621], [1411, 699], [1225, 699]], '있다면', 0.996881411076726), ([[1226, 702], [1414, 702], [1414, 778], [1226, 778]], '키우고', 0.999704606733627), ([[1228, 778], [1414, 778], [1414, 856], [1228, 856]], '싶켓네', 0.2702024008509593), ([[1299, 869], [1343, 869], [1343, 913], [1299, 913]], '구', 0.1274761059399374), ([[119, 1723], [255, 1723], [255, 1807], [119, 1807]], '야해', 0.9422610922494976)]
