2233911
18
[([[617, 95], [709, 95], [709, 131], [617, 131]], '자사', 0.5493267233217433), ([[74, 142], [118, 142], [118, 174], [74, 174]], '너', 0.9993945084918323), ([[620, 134], [708, 134], [708, 186], [620, 186]], '좀 더', 0.946862518787384), ([[31, 175], [163, 175], [163, 235], [31, 235]], '혼자만', 0.9956812115356506), ([[602, 178], [726, 178], [726, 234], [602, 234]], '힘내지', 0.9829152320444503), ([[10, 226], [178, 226], [178, 274], [10, 274]], '해피해저', 0.8913595676422119), ([[585, 228], [740, 228], [740, 284], [585, 284]], '않으면~', 0.5198487639427185), ([[229, 271], [249, 271], [249, 293], [229, 293]], '긍', 0.04979479192977565), ([[30, 275], [159, 275], [159, 330], [30, 330]], '버린다', 0.27975350685797606), ([[36, 324], [104, 324], [104, 374], [36, 374]], '구우', 0.9792966584849268), ([[192, 746], [226, 746], [226, 774], [192, 774]], '느', 0.11101729996431686), ([[363, 885], [403, 885], [403, 905], [363, 905]], '0이', 0.06421930521349709), ([[32, 921], [145, 921], [145, 977], [32, 977]], '{추', 0.0503087966184793), ([[85.57826291885395, 472.17087796730124], [120.60299223577121, 443.03037686586504], [182.42173708114603, 524.8291220326988], [147.3970077642288, 553.969623134135]], '술', 0.10848977454675524), ([[584.0293498376011, 486.0790340093668], [623.6029922357712, 467.03037686586504], [663.9706501623989, 558.9209659906332], [624.3970077642288, 577.969623134135]], '8', 0.36148248871095134), ([[624.4654469694149, 748.0286568155585], [658.3894383364645, 730.0151892932538], [718.5345530305851, 850.9713431844415], [684.6105616635355, 867.9848107067462]], "'", 0.8952899530777501), ([[103.29289321881345, 755.0502525316941], [179.0, 795.0], [156.70710678118655, 834.9497474683059], [82.0, 795.0]], '+*', 0.026281631799430084), ([[399.43826238111393, 881.7506099048911], [439.43720428353316, 870.6091571449679], [445.56173761888607, 892.2493900951089], [405.56279571646684, 903.3908428550321]], '09', 0.3865360965948175), ([[634.120938695087, 890.0554156911875], [737.9013977549835, 925.8292271665653], [716.879061304913, 982.9445843088125], [612.0986022450165, 947.1707728334347]], '된관', 0.003107320728488835)]
[([[361, 885], [401, 885], [401, 905], [361, 905]], '0이', 0.25196792705177484), ([[398.6546544120074, 879.5201198532081], [439.5250182707456, 871.7060451036098], [444.3453455879926, 893.4798801467919], [403.4749817292544, 902.2939548963902]], '0', 0.6489284384688432)]
[([[326, 892], [432, 892], [432, 916], [326, 916]], '( 나) 3', 0.06845811786846984)]
[([[326, 892], [432, 892], [432, 916], [326, 916]], '(( 나) 3', 0.011337332499740106)]
[([[353, 749], [419, 749], [419, 765], [353, 765]], '(_시', 0.008015300682495483)]
[([[326, 892], [432, 892], [432, 916], [326, 916]], '(( 나신 영신', 0.001155511319342522)]
[([[353, 909], [427, 909], [427, 929], [353, 929]], '( (0', 0.03437554612073988)]
[([[351, 905], [389, 905], [389, 921], [351, 921]], '0이', 0.009959056935827052), ([[392.78057847830064, 902.4147520217908], [432.71498585142507, 898.971008489145], [434.21942152169936, 918.5852479782092], [394.28501414857493, 922.028991510855]], '~', 0.12318851804067865)]
[]
[]
[([[639, 57], [747, 57], [747, 101], [639, 101]], '뭐-야', 0.9979335248785409), ([[602, 100], [738, 100], [738, 156], [602, 156]], '말하자', 0.8340941532307565), ([[623, 156], [717, 156], [717, 196], [623, 196]], '마사', 0.5201927575504738), ([[602, 194], [736, 194], [736, 250], [602, 250]], '한계인', 0.8552103042602539), ([[584, 242], [754, 242], [754, 298], [584, 298]], '얼굴 하고', 0.7390668612834361), ([[0, 285], [131, 285], [131, 345], [0, 345]], '힘내리', 0.9175430666935239), ([[602, 294], [688, 294], [688, 348], [602, 348]], '있어', 0.34018001447187635), ([[0, 333], [137, 333], [137, 395], [0, 395]], '힘내리', 0.7433125489545432), ([[605, 408], [726, 408], [726, 630], [605, 630]], '깔', 0.013482502056214651), ([[84, 558], [170, 558], [170, 711], [84, 711]], '짜', 0.09405545199071241), ([[565, 636], [663, 636], [663, 800], [565, 800]], "'-", 0.1048491731083029), ([[41, 731], [127, 731], [127, 893], [41, 893]], "'", 0.506973300647676), ([[652, 764], [732, 764], [732, 926], [652, 926]], '썩', 0.12448528146248439), ([[304, 895], [503, 895], [503, 980], [304, 980]], "'꾸우우육", 0.4629589989096687)]
[([[175, 744], [744, 744], [744, 912], [175, 912]], '(울럴록루릇', 0.016865767456647286), ([[363, 897], [431, 897], [431, 915], [363, 915]], '09 09', 0.026657589908880158), ([[563.6668594804117, 420.06853695999433], [646.6396184924055, 367.01574460416873], [746.3331405195883, 542.9314630400056], [663.3603815075945, 595.9842553958313]], '승', 0.3862198173795015), ([[50.1044022837932, 745.0286756271739], [156.96100480209896, 728.9084595500166], [181.8955977162068, 928.9713243728261], [75.03899519790103, 945.0915404499834]], '유', 0.6656982047537809)]
[([[2, 168], [184, 168], [184, 216], [2, 216]], '이~령 게나', 0.8235221337018915), ([[627, 165], [695, 165], [695, 207], [627, 207]], '유갑', 0.08253378977828474), ([[50, 210], [136, 210], [136, 258], [50, 258]], '쌀 수', 0.9627213497992234), ([[600, 214], [640, 214], [640, 242], [600, 242]], '너', 0.9994939014067228), ([[646, 200], [724, 200], [724, 256], [646, 256]], '혼자', 0.9934468242269232), ([[24, 254], [162, 254], [162, 302], [24, 302]], '잇으면서', 0.21645791828632355), ([[583, 247], [738, 247], [738, 295], [583, 295]], '해피하제', 0.4191697835922241), ([[14, 294], [168, 294], [168, 344], [14, 344]], '너무 교급', 0.08798836665993137), ([[564, 288], [714, 288], [714, 338], [564, 338]], '되버네', 0.8630184392380068), ([[1, 335], [182, 335], [182, 386], [1, 386]], '하다니끼~', 0.467019545967504), ([[353, 751], [419, 751], [419, 765], [353, 765]], '(실', 0.024879451971884018), ([[281, 947], [439, 947], [439, 1031], [281, 1031]], '주르록', 0.6652464117523814), ([[603.1626818219505, 556.0502591221897], [654.760183251863, 538.0413994637149], [692.8373181780495, 652.9497408778103], [640.239816748137, 670.9586005362851]], '올', 0.4682944780543039), ([[651.2736737481338, 912.0441247346969], [737.9988239905806, 959.8812114061271], [711.7263262518662, 1005.9558752653031], [625.0011760094194, 958.1187885938729]], '신7차', 0.007073081955182836)]
[([[629, 33], [693, 33], [693, 77], [629, 77]], '더는', 0.8981066361992174), ([[589, 79], [737, 79], [737, 121], [589, 121]], '안 나오?', 0.693086319793991), ([[62, 114], [98, 114], [98, 138], [62, 138]], '내', 0.4227443177940735), ([[559, 115], [722, 115], [722, 167], [559, 167]], "'안되안되", 0.18244271448123606), ([[43, 147], [121, 147], [121, 189], [43, 189]], '해피', 0.9939740333519308), ([[623, 165], [707, 165], [707, 207], [623, 207]], '함께', 0.9817244422329333), ([[18, 188], [144, 188], [144, 240], [18, 240]], '사운드로', 0.9950557947158813), ([[604, 203], [720, 203], [720, 247], [604, 247]], '해피해', 0.8257641909564286), ([[16, 232], [146, 232], [146, 282], [16, 282]], '더 좀 더', 0.6593005491709669), ([[627, 251], [701, 251], [701, 289], [627, 289]], '저지', 0.19567385220236136), ([[14, 276], [146, 276], [146, 326], [14, 326]], '렌선 업', 0.3033167098910501), ([[606, 290], [716, 290], [716, 338], [606, 338]], '않으면', 0.5410135176246732), ([[19, 321], [101, 321], [101, 363], [19, 363]], '하자', 0.8969587116288933), ([[599, 335], [685, 335], [685, 379], [599, 379]], '안되', 0.28014658971304124), ([[619, 422], [706, 422], [706, 482], [619, 482]], '@물', 0.7918102466907296), ([[670, 630], [748, 630], [748, 682], [670, 682]], '방물', 0.5943538167374303), ([[58, 876], [112, 876], [112, 956], [58, 956]], '부', 0.9997961625033582), ([[365, 899], [429, 899], [429, 915], [365, 915]], '99 99', 0.09352055014730404), ([[639, 863], [732, 863], [732, 948], [639, 948]], '부들', 0.9985971355049074), ([[596, 924], [628, 924], [628, 952], [596, 952]], '다', 0.028761934384331278), ([[547, 917], [643, 917], [643, 1005], [547, 1005]], '부들', 0.7764369692138652), ([[501.88755284481306, 544.1040300775092], [574.5226661149745, 558.6547582251478], [563.1124471551869, 608.8959699224908], [490.4773338850255, 594.3452417748522]], '방글', 0.7350227952162585), ([[103.25097310286003, 880.0564224788761], [143.5811388300842, 874.2565835097474], [154.74902689713997, 955.9435775211239], [114.41886116991581, 961.7434164902526]], '들', 0.9969356921256214)]
[([[115, 119], [145, 119], [145, 133], [115, 133]], '>', 0.09440981054711362), ([[690, 184], [762, 184], [762, 236], [690, 236]], '햇?', 0.722503635933897), ([[102, 484], [178, 484], [178, 534], [102, 534]], '모6', 0.03311291024090837), ([[350, 906], [428, 906], [428, 930], [350, 930]], '00 (', 0.026121803433121697), ([[428, 937], [551, 937], [551, 1001], [428, 1001]], '꾸육;', 0.04421178772421365), ([[111.5171823341929, 86.53780113522437], [186.53731279198675, 30.56290116002841], [213.4828176658071, 75.46219886477563], [139.46268720801325, 131.43709883997158]], '0 0 0', 0.9509603818090806)]
[([[453, 170], [764, 170], [764, 273], [453, 273]], '까악 ! ! ?', 0.48480136882667973), ([[351, 905], [389, 905], [389, 921], [351, 921]], '9', 0.4231308631909805), ([[388.719631200671, 901.4635574408053], [431.61558189571844, 893.8210618598812], [435.280368799329, 916.5364425591947], [391.38441810428156, 923.1789381401188]], '~)', 0.04876815147711322)]
[([[39, 79], [127, 79], [127, 119], [39, 119]], '다', 0.3142814294188021), ([[635, 99], [683, 99], [683, 135], [635, 135]], '자', 0.8006479595986917), ([[80, 122], [165, 122], [165, 173], [80, 173]], "'기쁨", 0.08028171533003356), ([[588, 138], [690, 138], [690, 192], [588, 192]], '잠깐(', 0.6643021537541117), ([[47, 163], [201, 163], [201, 225], [47, 225]], '정야깝고', 0.12237662822008133), ([[436, 184], [525, 184], [525, 239], [436, 239]], "'거개", 0.6923655877799786), ([[571, 181], [749, 181], [749, 243], [571, 243]], '패 너무', 0.07266746449997827), ([[24, 218], [206, 218], [206, 272], [24, 272]], '아어어끼:', 0.04135170544636625), ([[578, 232], [746, 232], [746, 286], [578, 286]], '눈어버련', 0.025851193815469742), ([[64, 268], [154, 268], [154, 320], [64, 320]], '자', 0.19285592080962122), ([[444, 284], [524, 284], [524, 332], [444, 332]], '사오', 0.7718014435483516), ([[555, 277], [725, 277], [725, 341], [555, 341]], '걸까나?', 0.29806604981422424), ([[22, 312], [228, 312], [228, 368], [22, 368]], '건선히싸 아', 0.0656982063540081), ([[368, 323], [515, 323], [515, 386], [368, 386]], '나까)', 0.15458857091922065), ([[59, 515], [174, 515], [174, 700], [59, 700]], '쭉', 0.013249837539623721), ([[41, 711], [127, 711], [127, 881], [41, 881]], '꼭', 0.007688297978593328), ([[17, 859], [125, 859], [125, 1057], [17, 1057]], '끼', 0.01828788366253087), ([[146.14503540014508, 389.0304956020312], [230.94230056552345, 365.1582320360021], [279.8549645998549, 552.9695043979689], [196.05769943447655, 577.8417679639979]], '"', 0.9758983986444605), ([[609.1264117101978, 479.03184042971014], [703.1700482592935, 471.17084486229066], [712.8735882898022, 639.9681595702898], [618.8299517407065, 647.8291551377093]], '#', 0.01419651070244271), ([[596.6377868096026, 616.0043739175484], [700.3253030842068, 593.0035278180699], [799.3622131903974, 1059.9956260824515], [696.6746969157932, 1083.9964721819301]], "'", 0.48142630705999423)]
[([[28, 132], [507, 132], [507, 337], [28, 337]], '부질로로로', 0.04212049600182655), ([[645, 240], [753, 240], [753, 264], [645, 264]], '스패감', 0.006348767155322472), ([[648, 288], [754, 288], [754, 314], [648, 314]], '~~~', 0.0476616396662199), ([[648, 334], [756, 334], [756, 364], [648, 364]], '~~~', 0.2595182255258383), ([[683, 375], [723, 375], [723, 425], [683, 425]], '옷', 0.2580340409734596), ([[70, 654], [170, 654], [170, 778], [70, 778]], '표', 0.043046113318845336), ([[293.7822732862864, 279.14527697577677], [631.0027313654571, 245.00512341709197], [634.2177267137135, 388.85472302422323], [296.99726863454293, 422.99487658290803]], '콤륭록록', 0.04471619799733162)]
