2234813
13
[]
[([[27, 2514], [1682, 2514], [1682, 2611], [27, 2611]], '#후타나리 #거근 #340검 #팔뜩이랑비교 #자지냄새구림', 0.19863544014022197)]
[([[55, 601], [1650, 601], [1650, 698], [55, 698]], '#후타나리 #거근 #34+검 #이대로박으면자궁까지직빵', 0.2101792028154481)]
[([[35, 708], [1699, 708], [1699, 799], [35, 799]], '#후타나리 #거근 #풀발기아님 #보지미사용 #계란만한불알', 0.6645521676554567), ([[338.3941368172834, 1941.2188925422204], [410.0504583785202, 1873.3612394590693], [440.6058631827166, 1916.7811074577796], [369.9495416214798, 1983.6387605409307]], '(', 0.9866514437053411)]
[([[433, 327], [644, 327], [644, 475], [433, 475]], '[시', 0.4938192847792064), ([[104, 2532], [1645, 2532], [1645, 2622], [104, 2622]], '#후타나리 #거근 #풀발기아님 #보지미사용 #보지개방', 0.7713477145835943)]
[([[829, 220], [905, 220], [905, 286], [829, 286]], '옛.', 0.6626231255960722), ([[924, 220], [1256, 220], [1256, 288], [924, 288]], '170검라고요?', 0.06524636593277326), ([[919, 285], [1206, 285], [1206, 353], [919, 353]], '남자 치고는', 0.8426770481687569), ([[896, 349], [1189, 349], [1189, 422], [896, 422]], '근 편이네요', 0.6862061031725151), ([[1275, 503], [1508, 503], [1508, 572], [1275, 572]], '저논 이미', 0.5981344546005078), ([[1175, 567], [1608, 567], [1608, 640], [1175, 640]], '0등학교 4학년 때', 0.9705395639253379), ([[1218, 635], [1565, 635], [1565, 708], [1218, 708]], '17< 엿는데 ..', 0.028729763222913214), ([[121, 769], [263, 769], [263, 835], [121, 835]], '8``)', 0.03351686894893646), ([[1636, 898], [1808, 898], [1808, 971], [1636, 971]], '지금은', 0.9994760497444235), ([[1525, 967], [1917, 967], [1917, 1035], [1525, 1035]], '조금만 발기해도', 0.9986581318221452), ([[1497, 1031], [1941, 1031], [1941, 1104], [1497, 1104]], '이렇게 커저버려서', 0.7410410575075265), ([[1529, 1099], [1913, 1099], [1913, 1168], [1529, 1168]], '대충 30<적 자흘', 0.035958411693167304), ([[1562, 1164], [1842, 1164], [1842, 1236], [1562, 1236]], '넘어가지만.', 0.9025123441067806), ([[94, 1245], [382, 1245], [382, 1314], [94, 1314]], '선배 자지는', 0.49828606228078753), ([[61, 1310], [417, 1310], [417, 1383], [61, 1383]], '몇 (불 인가요?', 0.061094444769508593), ([[793.2300095399714, 2214.368015263954], [926.3012664341159, 2172.5739560127336], [945.7699904600286, 2245.631984736046], [812.6987335658841, 2288.4260439872664]], '수', 0.08083925024252281), ([[696.1675694221406, 2365.0875762840606], [795.5896420220857, 2295.951434075266], [810.8324305778594, 2325.9124237159394], [711.4103579779143, 2395.048565924734]], "'", 0.4315407747412827)]
[]
[([[476, 50], [704, 50], [704, 128], [476, 128]], "'발기 전>", 0.9962753846904138), ([[1285, 50], [1513, 50], [1513, 127], [1285, 127]], "'발기 후>", 0.8483877624193361)]
[([[93, 44], [133, 44], [133, 95], [93, 95]], '$', 0.04344766463805905), ([[91, 111], [129, 111], [129, 160], [91, 160]], '8', 0.9885776270164435), ([[646, 72], [1108, 72], [1108, 150], [646, 150]], '동급생과 자지비교', 0.9957966671000116), ([[1290, 68], [1589, 68], [1589, 177], [1290, 177]], '385즐', 0.07551514357328415), ([[91, 177], [129, 177], [129, 228], [91, 228]], '8', 0.7659904349690159), ([[91, 244], [129, 244], [129, 295], [91, 295]], '5', 0.4080779607651408), ([[91, 312], [129, 312], [129, 363], [91, 363]], '%', 0.20326600017088836), ([[91, 377], [129, 377], [129, 430], [91, 430]], '8', 0.9600156044383859), ([[91, 444], [131, 444], [131, 500], [91, 500]], '닭', 0.03341291816056824), ([[91, 512], [131, 512], [131, 565], [91, 565]], '8', 0.9973820914697775), ([[91, 577], [131, 577], [131, 630], [91, 630]], '8', 0.7733696510414667), ([[91, 647], [129, 647], [129, 698], [91, 698]], '5', 0.9120037931006131), ([[91, 708], [133, 708], [133, 768], [91, 768]], '8', 0.9997344193384947), ([[91, 780], [129, 780], [129, 831], [91, 831]], '8', 0.9800762975695285), ([[91, 845], [129, 845], [129, 898], [91, 898]], '8', 0.9987751422210209), ([[91, 912], [129, 912], [129, 968], [91, 968]], '8', 0.028722569979905188), ([[457, 897], [689, 897], [689, 1002], [457, 1002]], '2690', 0.08504079282283783), ([[91, 980], [129, 980], [129, 1031], [91, 1031]], '8', 0.9973918538517843), ([[91, 1047], [129, 1047], [129, 1098], [91, 1098]], '8', 0.9531066433834532), ([[91, 1113], [131, 1113], [131, 1170], [91, 1170]], '5', 0.12198737897080836), ([[89, 1180], [129, 1180], [129, 1233], [89, 1233]], '8', 0.9983237859366092), ([[89, 1245], [129, 1245], [129, 1299], [89, 1299]], '8', 0.9438427847294442), ([[91, 1317], [129, 1317], [129, 1366], [91, 1366]], '해', 0.4159263313867747), ([[91, 1376], [133, 1376], [133, 1438], [91, 1438]], '8', 0.9982115880932305), ([[91, 1448], [129, 1448], [129, 1497], [91, 1497]], '으', 0.04554797075091788), ([[91, 1515], [129, 1515], [129, 1562], [91, 1562]], '온', 0.012487720962177429), ([[92, 1584], [125, 1584], [125, 1631], [92, 1631]], '스', 0.7659935649627734), ([[91, 1650], [129, 1650], [129, 1697], [91, 1697]], '은', 0.23855952067194508), ([[880, 1630], [1099, 1630], [1099, 1729], [880, 1729]], '미5즐', 0.03086399009984565), ([[91, 1716], [129, 1716], [129, 1764], [91, 1764]], '온', 0.8458838807364941), ([[87, 1783], [129, 1783], [129, 1832], [87, 1832]], '문', 0.3456304547622189), ([[91, 1848], [129, 1848], [129, 1897], [91, 1897]], '온', 0.37306830056593654), ([[89, 1918], [129, 1918], [129, 1965], [89, 1965]], '인', 0.7885518538250977), ([[92, 1991], [125, 1991], [125, 2031], [92, 2031]], '돈', 0.6935331567865752), ([[93, 2049], [133, 2049], [133, 2100], [93, 2100]], '은', 0.9877285669750933), ([[163, 2156], [343, 2156], [343, 2255], [163, 2255]], '디절', 0.010254353795470307), ([[94, 2396], [125, 2396], [125, 2423], [94, 2423]], '0', 0.05488916655934961), ([[94, 2529], [128, 2529], [128, 2562], [94, 2562]], '0', 0.4893333057917495), ([[94, 2596], [125, 2596], [125, 2623], [94, 2623]], '대', 0.013612595919860804), ([[130, 2693], [155, 2693], [155, 2742], [130, 2742]], '통', 0.9692490342968654), ([[346, 2789], [497, 2789], [497, 2851], [346, 2851]], '발기 전', 0.9984036878125114), ([[1227, 2789], [1379, 2789], [1379, 2851], [1227, 2851]], '발기 후', 0.9414633351343399)]
[([[305, 602], [342, 602], [342, 662], [305, 662]], '유', 0.519616975448244), ([[304, 679], [332, 679], [332, 724], [304, 724]], '8', 0.23954039307660935), ([[304, 747], [335, 747], [335, 791], [304, 791]], '8', 0.7127838666507138), ([[301, 814], [330, 814], [330, 863], [301, 863]], '쇼', 0.05392072763790168), ([[304, 884], [330, 884], [330, 931], [304, 931]], '8', 0.950420378134087), ([[304, 952], [330, 952], [330, 1003], [304, 1003]], '8', 0.06754434053277691), ([[304, 1019], [330, 1019], [330, 1073], [304, 1073]], '~', 0.24867020530842865), ([[304, 1084], [330, 1084], [330, 1131], [304, 1131]], '{', 0.06354451844305586), ([[300, 1155], [336, 1155], [336, 1211], [300, 1211]], '십', 0.0026379636267399725), ([[304, 1224], [332, 1224], [332, 1273], [304, 1273]], '~', 0.7989700045819781), ([[303, 1705], [330, 1705], [330, 1813], [303, 1813]], '@', 0.09046509354749688), ([[303, 1842], [340, 1842], [340, 2028], [303, 2028]], '@', 0.6436274858129423), ([[306, 2054], [330, 2054], [330, 2078], [306, 2078]], '0', 0.9243420542933478), ([[306, 2122], [330, 2122], [330, 2153], [306, 2153]], '0', 0.9261418644497468), ([[65, 2330], [1676, 2330], [1676, 2439], [65, 2439]], '#후타나리 #거근 #자지다시측정 #346꾸넘어감(?)', 0.14663582354559018)]
[([[145, 253], [1562, 253], [1562, 352], [145, 352]], '#후타나리 #거근 #340검 #15< 탈도랑비교', 0.02076580237331705)]
[([[61, 129], [1751, 129], [1751, 233], [61, 233]], '#후타나리 #거근 #340검 #아직성장중 #우월[^', 0.13269457484839967), ([[735, 263], [1102, 263], [1102, 373], [735, 373]], '#세파구함', 0.5495415615116251)]
[([[23, 253], [1695, 253], [1695, 350], [23, 350]], '#후타나리 #거근 #34+검 # 본스터캠철런지 #절반도안독', 0.11240090114423656), ([[152.64797216204272, 470.0435685116624], [301.29764102457904, 419.67919786094313], [371.3520278379573, 666.9564314883377], [223.70235897542096, 717.3208021390568]], '8', 0.627358127249181), ([[999.3731203730725, 2077.0115621102664], [1269.6738428294234, 2257.6859442823506], [1184.6268796269273, 2381.9884378897336], [914.3261571705766, 2200.3140557176494]], '1157다:', 0.02558995104316421), ([[952.2765422907172, 2185.0291244048935], [1122.9994741147593, 2256.9027083879487], [1090.7234577092827, 2326.9708755951065], [920.0005258852406, 2255.0972916120513]], "'톤 & 5", 0.4855377610585358)]
