2234966
14
[([[350, 8], [476, 8], [476, 34], [350, 34]], '하현4  무카고', 0.45774546053249804), ([[352, 30], [506, 30], [506, 58], [352, 58]], '네녀석임 지주들올', 0.789750203685953), ([[643, 23], [750, 23], [750, 77], [643, 77]], '[되0', 0.057854974483582754), ([[352, 52], [562, 52], [562, 80], [352, 80]], '만날때만다 도망쳐다지?', 0.16478136383755204), ([[99, 75], [113, 75], [113, 107], [99, 107]], '8', 0.0339768847375268), ([[352, 94], [418, 94], [418, 122], [352, 122]], '왜지??', 0.8542691469192505), ([[103, 413], [181, 413], [181, 455], [103, 455]], '(4천_', 1.4363121408678126e-05), ([[467, 518], [565, 518], [565, 554], [467, 554]], '`:)', 0.011961827847562993), ([[501, 543], [747, 543], [747, 587], [501, 587]], '언아다륭', 0.000408310501370579), ([[465, 579], [753, 579], [753, 617], [465, 617]], '`0악갈3오', 6.0262694003207e-05), ([[57, 613], [129, 613], [129, 675], [57, 675]], '@', 0.020892831647657317), ([[574, 632], [580, 632], [580, 656], [574, 656]], "'", 0.14767022215750458), ([[137, 689], [151, 689], [151, 711], [137, 711]], '0', 0.993905559909777), ([[96, 784], [222, 784], [222, 808], [96, 808]], '아아직 . 인간을', 0.6977592768896942), ([[94, 804], [222, 804], [222, 830], [94, 830]], '충분히 먹지 못해', 0.9541028006971602), ([[93, 824], [199, 824], [199, 848], [93, 848]], '지주름 상대활', 0.7555549908082425), ([[212, 824], [250, 824], [250, 850], [212, 850]], '힘이', 0.9990674176597255), ([[94, 847], [210, 847], [210, 867], [94, 867]], '없 없없습니다.', 0.2497687897870481), ([[94, 864], [248, 864], [248, 890], [94, 890]], '죄송합니다 무잔님에!', 0.14598971308799566)]
[([[713, 53], [749, 53], [749, 281], [713, 281]], '{', 0.15150299574124038), ([[10, 654], [82, 654], [82, 732], [10, 732]], '&', 0.18684899677490208), ([[455, 685], [575, 685], [575, 773], [455, 773]], "'끌", 0.0012914760563538922), ([[222, 774], [334, 774], [334, 870], [222, 870]], '', 0.0), ([[498, 860], [604, 860], [604, 960], [498, 960]], '()', 0.04347898830940928), ([[300.0476258796321, 187.21431645834443], [418.56583483726075, 167.84452984006802], [427.9523741203679, 249.78568354165557], [309.43416516273925, 270.15547015993195]], '오원', 0.11121538672426819)]
[([[193, 37], [220, 37], [220, 110], [193, 110]], '8', 0.40270813697704), ([[668, 812], [736, 812], [736, 864], [668, 864]], '@:', 0.06118542775673229), ([[330.1736368240006, 842.2424562488021], [440.5857063383869, 827.7810090422822], [445.8263631759994, 892.7575437511979], [335.4142936616131, 907.2189909577178]], '개4', 0.08281577897037116)]
[([[976, 42], [1024, 42], [1024, 92], [976, 92]], '|', 0.005212515135495588), ([[0, 168], [194, 168], [194, 290], [0, 290]], '사무', 0.01606528633982994), ([[529.1170986264234, 47.17564793963509], [630.7896838698724, 14.895205349214919], [647.8829013735766, 73.8243520603649], [545.2103161301276, 106.10479465078508]], '~과', 0.011553655673018812), ([[358.27187054032714, 535.2543741080655], [549.0197186763477, 439.5246301866894], [600.7281294596729, 542.7456258919345], [409.98028132365226, 638.4753698133105]], '주다하', 0.023789629605603536)]
[([[181, 273], [257, 273], [257, 333], [181, 333]], '10', 0.11483057881582868), ([[231, 371], [313, 371], [313, 433], [231, 433]], '44', 0.23616631708351846), ([[18, 480], [110, 480], [110, 554], [18, 554]], '4', 0.05732224879062642), ([[156, 490], [242, 490], [242, 546], [156, 546]], '없', 0.12824250222396305), ([[593, 530], [675, 530], [675, 581], [593, 581]], '&', 0.08302881525020211), ([[653, 591], [719, 591], [719, 631], [653, 631]], '쇼 )', 0.7848659157752991), ([[56, 716], [141, 716], [141, 770], [56, 770]], '낯', 0.0038426742323736107), ([[245, 949], [347, 949], [347, 1015], [245, 1015]], '값짝', 0.042645110183782815), ([[173, 1017], [274, 1017], [274, 1075], [173, 1075]], '댐', 0.01833381296485559)]
[]
[([[372, 410], [524, 410], [524, 508], [372, 508]], '>싹', 0.011617064042873907), ([[226, 500], [300, 500], [300, 552], [226, 552]], '오', 0.03785752741284143), ([[200.40026526552128, 18.500663163803186], [364.1111321655257, -6.413804864879863], [370.5997347344787, 56.49933683619682], [206.88886783447433, 81.41380486487986]], '숨숙- 8', 0.0005658400708690123), ([[132.3103526837755, 134.97931741539796], [374.92780576201255, 83.73973054845118], [387.6896473162245, 156.02068258460204], [145.07219423798742, 207.26026945154882]], '류류듭다표문다', 0.00030879884361018864), ([[16.636636030018437, 535.3002996330202], [231.71451848707162, 507.3346725742185], [235.36336396998155, 553.6997003669798], [21.285481512928396, 581.6653274257815]], '마 너요9', 0.01526684024690389), ([[18.029776858740068, 574.402977685874], [331.7669329118403, 530.3439550759919], [337.9702231412599, 574.597022314126], [24.23306708815971, 618.6560449240081]], '문주하다어 }손불', 0.009108140868648694), ([[228.85033209803825, 898.4856974058804], [335.29550771954376, 882.4409741245271], [340.1496679019617, 928.5143025941196], [232.7044922804562, 943.5590258754729]], '무슨증', 0.09382918837038062), ([[94.09380903140452, 918.9313326439664], [236.48606702214482, 895.7920138875381], [241.9061909685955, 941.0686673560336], [99.51393297785518, 963.2079861124619]], '죄송합리다!!', 0.43475430727717473)]
[([[66, 18], [312, 18], [312, 50], [66, 50]], '람 데듬음 성장신-주지', 0.09972383505797607), ([[100, 44], [318, 44], [318, 74], [100, 74]], '비듬이 더티칠 말히다', 0.04525846257806166), ([[192, 406], [288, 406], [288, 486], [192, 486]], '용(', 0.014556395442104355), ([[255, 863], [267, 863], [267, 899], [255, 899]], '8', 0.9742633426675553)]
[([[654, 68], [696, 68], [696, 98], [654, 98]], '0헤', 0.014990421771260146), ([[40, 146], [100, 146], [100, 200], [40, 200]], '4염', 0.024347840173051617), ([[78, 626], [168, 626], [168, 680], [78, 680]], '사위관', 0.026403755918589143), ([[487.5799768257049, 594.0777891139146], [673.9146622897265, 435.4234387662619], [731.4200231742951, 528.9222108860854], [545.0853377102735, 687.5765612337381]], '넘히퍼', 0.0037922833791318345)]
[([[270, 336], [368, 336], [368, 462], [270, 462]], '씬', 0.004171336786098545), ([[195, 691], [335, 691], [335, 727], [195, 727]], '의와아아의손 ', 0.0034643602640967853), ([[196, 718], [292, 718], [292, 750], [196, 750]], '문님', 0.549923658833703), ([[191, 743], [347, 743], [347, 783], [191, 783]], '용제해주제교', 0.0740794741165105), ([[464, 868], [570, 868], [570, 946], [464, 946]], '럿', 0.010690097733850656), ([[642.2900074199778, 658.0640118719643], [733.2647031412743, 625.449116546278], [752.7099925800222, 685.9359881280357], [661.7352968587257, 718.550883453722]], '즈륙', 0.008079077476428827), ([[64.30700205605069, 718.2438069905724], [139.76403332741418, 713.3525369836985], [140.6929979439493, 763.7561930094276], [66.23596667258583, 769.6474630163015]], '4', 0.0032186443951840588)]
[([[571, 45], [637, 45], [637, 109], [571, 109]], '때', 0.23643962592516132), ([[362.77074585645533, 35.17862431002294], [544.4095911838403, 3.6383542373516065], [557.2292541435447, 124.82137568997706], [374.5904088161596, 156.36164576264838]], '>', 0.5922177915511071), ([[78.36776298127332, 47.02223433408113], [411.9873397874182, 135.52279611748222], [388.6322370187267, 206.97776566591887], [55.012660212581814, 118.47720388251778]], '군[:어[어익어[:[', 0.001081559883698302), ([[391.24651888150316, 144.04749916387502], [509.9879427157729, 185.6198131609033], [491.75348111849684, 234.95250083612498], [372.0120572842271, 194.3801868390967]], '자의`훨``!', 2.1481428085792566e-05), ([[457.0769230769231, 658.3846153846154], [558.1747910230841, 643.2484331893309], [562.9230769230769, 691.6153846153846], [461.8252089769158, 706.7515668106691]], '제', 0.6481391171146242), ([[192.21161117342905, 657.1236004486892], [353.17299146278, 642.9061600770583], [355.78838882657095, 754.8763995513108], [195.82700853722002, 768.0938399229417]], '엽', 0.013286096798503844), ([[429.93439792036025, 797.0406127567193], [579.1619049122747, 842.2288094693004], [541.0656020796398, 955.9593872432807], [392.83809508772526, 909.7711905306996]], '(7', 0.005253756472801954)]
[([[32, 7], [189, 7], [189, 39], [32, 39]], '오미사니전세어리', 0.005712600544407608), ([[519, 35], [609, 35], [609, 73], [519, 73]], '무잔님.', 0.2574397623538971), ([[544, 110], [658, 110], [658, 142], [544, 142]], '분리 용서률', 0.3011349423670289), ([[477, 585], [521, 585], [521, 631], [477, 631]], '탓', 0.0998891616634987), ([[224, 618], [320, 618], [320, 716], [224, 716]], '(교', 0.011664755625167665), ([[331, 755], [441, 755], [441, 879], [331, 879]], '6', 0.030917569393601463), ([[0, 885], [37, 885], [37, 957], [0, 957]], '통', 0.027138849028949474), ([[106.8695048315003, 283.7390096630006], [201.6095322550796, 254.73196313705185], [217.1304951684997, 316.2609903369994], [122.39046774492037, 345.2680368629481]], '2 6', 0.1531902700662613)]
[([[540, 18], [744, 18], [744, 50], [540, 50]], '몸이블팅수 엎울기기;', 0.0022689730163053938), ([[6, 192], [60, 192], [60, 272], [6, 272]], ':', 0.024958201433769256), ([[7, 325], [67, 325], [67, 405], [7, 405]], '륙', 0.00533807147445331), ([[192, 370], [316, 370], [316, 400], [192, 400]], '하아 얘 @', 0.44553483394963034), ([[193, 395], [351, 395], [351, 437], [193, 437]], '문잔님생 터리', 0.02513299763622305), ([[164, 682], [226, 682], [226, 732], [164, 732]], '꽤', 0.05285398373388617), ([[482, 652], [532, 652], [532, 712], [482, 712]], '틈', 0.01654826775306284), ([[274, 692], [326, 692], [326, 756], [274, 756]], '꽤', 0.02975453789908844), ([[581, 783], [643, 783], [643, 845], [581, 845]], '53', 0.008037197887122184), ([[367, 837], [447, 837], [447, 899], [367, 899]], '@%', 0.019288250946448558)]
[([[594, 260], [692, 260], [692, 292], [594, 292]], '@으의', 0.18705669406372052), ([[593, 287], [727, 287], [727, 323], [593, 323]], '문무잔-', 0.17531877756118774), ([[215, 829], [315, 829], [315, 906], [215, 906]], '3', 0.46339048904215757), ([[454, 858], [528, 858], [528, 914], [454, 914]], '%%', 0.0058110765659774135), ([[430, 980], [537, 980], [537, 1037], [430, 1037]], '꿀꿈', 0.03431406218198564), ([[99, 1025], [147, 1025], [147, 1069], [99, 1069]], '7', 0.17570892902657764), ([[553.2051046034557, 73.3332719689847], [651.1978507857608, 61.28374360921363], [654.7948953965443, 108.6667280310153], [557.8021492142392, 121.71625639078637]], '795', 0.6827440177115097), ([[9.392074533444767, 325.43701614698983], [122.97565018177944, 301.6810146733612], [133.60792546655523, 369.56298385301017], [20.024349818220557, 393.3189853266388]], '걸', 0.017843074777425194), ([[167.56239843019816, 419.3435976452972], [265.4376015698018, 378.3435976452972], [291.4376015698018, 447.6564023547028], [192.56239843019816, 487.6564023547028]], '터진', 0.004182769900466069), ([[576.9858196838319, 395.04685258538456], [751.4648648648649, 427.6108108108108], [730.0141803161681, 524.9531474146155], [554.5351351351351, 491.3891891891892]], '의', 0.013900806819734157), ([[274.21114561800016, 660.1613008990009], [383.2701315254982, 648.1337646703628], [388.78885438199984, 734.8386991009991], [278.7298684745018, 746.8662353296372]], '>67', 0.010082111877017495)]
