2234948
24
[([[577, 1309], [811, 1309], [811, 1537], [577, 1537]], '애', 0.9952848833572716), ([[563, 1073], [1345, 1073], [1345, 1543], [563, 1543]], '기러', 0.033119710439280345), ([[581, 1513], [817, 1513], [817, 1743], [581, 1743]], '답', 0.9986325412081989), ([[833, 1301], [1069, 1301], [1069, 1733], [833, 1733]], '봉', 0.11526187566710533), ([[1090, 1510], [1322, 1510], [1322, 1720], [1090, 1720]], '다', 0.9999780656110033), ([[862, 1736], [1318, 1736], [1318, 1812], [862, 1812]], '이터널 리터 피오라', 0.5983368557329543), ([[679, 1854], [1185, 1854], [1185, 1923], [679, 1923]], '[*근,.+/ -.*3/3760627', 0.0006050656499774126), ([[679, 1899], [1231, 1899], [1231, 1965], [679, 1965]], '명라+하.아,.-아적/;.응아/9:아아쪽', 1.4593749096138626e-07), ([[1232, 1866], [1368, 1866], [1368, 1968], [1232, 1968]], '*0', 0.0928033661186663)]
[([[2123, 202], [2376, 202], [2376, 349], [2123, 349]], '직절뼈고', 0.10873578488826752), ([[2518, 11], [2725, 11], [2725, 446], [2518, 446]], '꿀', 0.8363315049410893), ([[1933, 394], [2009, 394], [2009, 454], [1933, 454]], '하', 0.8873499101587754), ([[2146, 663], [2382, 663], [2382, 726], [2146, 726]], '하지 않으면', 0.9009309864517989), ([[1764, 637], [2009, 637], [2009, 807], [1764, 807]], '셈', 0.004319874373588439), ([[2125, 728], [2408, 728], [2408, 801], [2125, 801]], '다시처음이다', 0.9128690435193162), ([[1763, 1079], [1824, 1079], [1824, 1131], [1763, 1131]], '하', 0.9609784087092663), ([[1862, 1320], [1964, 1320], [1964, 1374], [1862, 1374]], '하나', 0.9975913152022758), ([[2602, 1593], [2784, 1593], [2784, 1701], [2602, 1701]], '운질', 0.28681304783128725), ([[1510.0566624026887, 499.02023398264896], [1736.5442831804412, 605.5453549814877], [1653.9433375973113, 775.979766017351], [1427.4557168195588, 669.4546450185123]], '사 ', 0.007159211749454119), ([[1930.7717736030015, 1519.068785066713], [2007.1013560189474, 1484.055274561711], [2066.2282263969987, 1629.931214933287], [1988.8986439810526, 1664.944725438289]], '월', 0.25223238699994965)]
[([[2064, 208], [2183, 208], [2183, 282], [2064, 282]], '두 울', 0.8636269759671915), ([[2084, 470], [2171, 470], [2171, 537], [2084, 537]], '입', 0.04514581003039475), ([[102.18753234036599, 262.0194259136492], [330.98515010238583, 377.2895944824097], [262.812467659634, 504.9805740863508], [34.01484989761417, 389.7104055175903]], '새 {', 0.05098565469867295)]
[([[940, 400], [1053, 400], [1053, 461], [940, 461]], '세앗', 0.6866075512290344), ([[2278, 482], [2366, 482], [2366, 596], [2278, 596]], '풀', 0.9979542238700247), ([[2280, 628], [2371, 628], [2371, 715], [2280, 715]], '썩', 0.9992982188705355), ([[958, 1006], [1283, 1006], [1283, 1123], [958, 1123]], '끄아악심', 0.22481413185596466), ([[148, 1325], [373, 1325], [373, 1500], [148, 1500]], '세', 0.012815341832728144), ([[1562, 1505], [1711, 1505], [1711, 1572], [1562, 1572]], '끝마군', 0.08391133449898472), ([[1749, 1695], [1822, 1695], [1822, 1815], [1749, 1815]], '올', 0.5814631347860519), ([[2118, 1767], [2170, 1767], [2170, 1841], [2118, 1841]], '_', 0.05167440973929538), ([[142.96667006423115, 597.0766894303488], [237.45144762596647, 615.2836009995931], [224.03332993576885, 677.9233105696512], [129.54855237403353, 660.7163990004069]], '오직', 0.028174437054194847)]
[([[453, 98], [643, 98], [643, 165], [453, 165]], '흙4대라', 0.8207362294197083), ([[1601, 196], [1863, 196], [1863, 453], [1601, 453]], '속', 0.35542891266647203), ([[229, 698], [434, 698], [434, 765], [229, 765]], '꽤 버트군', 0.4125874228527923), ([[850, 690], [915, 690], [915, 754], [850, 754]], '창', 0.1515879665858657), ([[1832, 488], [2575, 488], [2575, 851], [1832, 851]], '철그럼', 0.4857282905446805), ([[293, 1345], [349, 1345], [349, 1384], [293, 1384]], '다', 0.9999943971712391), ([[370, 1335], [510, 1335], [510, 1385], [370, 1385]], '다시해', 0.9875124014762999), ([[744, 1567], [836, 1567], [836, 1606], [744, 1606]], '다시', 0.9996415177292607)]
[]
[([[2133, 1343], [2230, 1343], [2230, 1404], [2133, 1404]], '하익', 0.41370234083038804)]
[([[422, 54], [575, 54], [575, 95], [422, 95]], '기 기다', 0.9211681780831145), ([[753, 45], [844, 45], [844, 105], [753, 105]], '간되', 0.3511720720913373), ([[1502, 208], [1970, 208], [1970, 280], [1502, 280]], '힘율빼는 게 좋올 거다', 0.1590507525227409), ([[87, 215], [254, 215], [254, 377], [87, 377]], '4', 0.008927112478929689), ([[735, 276], [821, 276], [821, 332], [735, 332]], '되', 0.14074966092726982), ([[2275, 637], [2432, 637], [2432, 700], [2275, 700]], '끄으으으욕', 0.4381327555064878), ([[2433, 747], [2509, 747], [2509, 814], [2433, 814]], '응욕', 0.0719082827176487), ([[1752, 1226], [1850, 1226], [1850, 1323], [1752, 1323]], '의', 0.130701531727059), ([[911, 1512], [976, 1512], [976, 1590], [911, 1590]], '국', 0.11031828533101251), ([[124, 1549], [597, 1549], [597, 1989], [124, 1989]], '아하', 0.2741544644461083), ([[1595, 1703], [1799, 1703], [1799, 1871], [1595, 1871]], '계둥', 0.11608793808352945), ([[2294, 1709], [2490, 1709], [2490, 1830], [2294, 1830]], '구으육', 0.14061720258073135), ([[1106.2800093598175, 131.01620778794813], [1223.6613899353963, 108.42456344942528], [1270.7199906401825, 384.98379221205187], [1153.3386100646037, 407.5754365505747]], '쭉', 0.04757288650459324), ([[2539.4334578190496, 927.0539806590581], [2564.7977869943775, 924.1080221453818], [2572.5665421809504, 984.9460193409419], [2547.2022130056225, 987.8919778546182]], '릇', 0.7598954745483297), ([[294.2415796855965, 1444.0087163234484], [1242.8679709644593, 823.2080706127342], [1352.7584203144036, 1074.9912836765516], [405.1320290355406, 1694.7919293872658]], '7요요요', 0.013682275079190731)]
[([[69, 42], [248, 42], [248, 191], [69, 191]], '사', 0.7842011594243009), ([[370, 157], [487, 157], [487, 324], [370, 324]], '유', 0.507893556664385), ([[1004, 230], [1098, 230], [1098, 306], [1004, 306]], '끄', 0.32248407791848877), ([[2198, 218], [2678, 218], [2678, 287], [2198, 287]], '그럼 대기인원이많으니', 0.3642326241332097), ([[572, 257], [652, 257], [652, 341], [572, 341]], '흙', 0.934386428038124), ([[96, 474], [278, 474], [278, 690], [96, 690]], '국', 0.054198784940822975), ([[1769, 552], [2178, 552], [2178, 619], [1769, 619]], '한 번에 가도록하지', 0.9935966273541799), ([[1056, 652], [1138, 652], [1138, 713], [1056, 713]], '으잊', 0.030752532343804345), ([[450, 801], [474, 801], [474, 818], [450, 818]], '꼬', 0.004614497792816918), ([[549, 828], [1018, 828], [1018, 893], [549, 893]], '볼것 없는몸뚱아리지만', 0.40315693862850766), ([[1525, 843], [1629, 843], [1629, 904], [1525, 904]], '아악.', 0.34296128244881663), ([[2496, 867], [2614, 867], [2614, 906], [2496, 906]], '으아아', 0.9646129767549859), ([[1709, 845], [1854, 845], [1854, 990], [1709, 990]], '바', 0.9914276330846441), ([[214, 1043], [605, 1043], [605, 1110], [214, 1110]], '땅구멍은쓸만하군', 0.6677344957589832), ([[1788, 945], [1889, 945], [1889, 1102], [1788, 1102]], '듯', 0.053601274472314664), ([[2002, 995], [2032, 995], [2032, 1048], [2002, 1048]], '응', 0.962307335470669), ([[2192, 948], [2441, 948], [2441, 1117], [2192, 1117]], '바도', 0.8825677122519524), ([[1315, 1080], [1375, 1080], [1375, 1149], [1315, 1149]], '[', 0.14293559296005842), ([[818, 1412], [914, 1412], [914, 1460], [818, 1460]], '예씩', 0.3352037813441038), ([[1229, 1589], [1303, 1589], [1303, 1627], [1229, 1627]], '아으', 0.3745734738774317), ([[1005, 1746], [1103, 1746], [1103, 1788], [1005, 1788]], '차으아', 0.33679511064895623), ([[1526, 1724], [1580, 1724], [1580, 1811], [1526, 1811]], '국', 0.9970425807897279), ([[1848, 1710], [1947, 1710], [1947, 1798], [1848, 1798]], '꾸육', 0.1520847659368434), ([[2218, 1752], [2344, 1752], [2344, 1841], [2218, 1841]], '{맺', 0.036717818127135156), ([[2561, 1735], [2633, 1735], [2633, 1821], [2561, 1821]], '국', 0.9187554393275263), ([[138.69290816887565, 1560.053479660283], [237.644637441773, 1497.0129914440297], [357.30709183112435, 1713.946520339717], [257.355362558227, 1776.9870085559703]], '올', 0.7533372410727601), ([[449.96421768062754, 1594.138789068581], [631.7153787206267, 1562.5033024777533], [646.0357823193725, 1696.861210931419], [463.2846212793732, 1727.4966975222467]], '왕직', 0.10627533183026718)]
[([[348, 141], [687, 141], [687, 208], [348, 208]], '망가지기 싫으면', 0.6082299185197885), ([[62, 126], [237, 126], [237, 305], [62, 305]], '금', 0.05303932283000656), ([[920, 290], [981, 290], [981, 329], [920, 329]], '으으', 0.9602808817508252), ([[1045, 385], [1119, 385], [1119, 424], [1045, 424]], '아으', 0.26528635897766245), ([[1229, 409], [1347, 409], [1347, 472], [1229, 472]], '호뜩 으', 0.06326805404270415), ([[1479, 477], [1776, 477], [1776, 676], [1479, 676]], '오드', 0.9940062608881154), ([[587, 668], [737, 668], [737, 733], [587, 733]], '알아서', 0.9999765305361424), ([[516, 891], [805, 891], [805, 958], [516, 958]], '받아들이도록', 0.9957104054647031), ([[1616.940590517419, 120.01871164295608], [2055.641246955051, 213.0736920924841], [1991.059409482581, 462.9812883570439], [1552.358753044949, 369.9263079075159]], '9여', 0.08896941352316849), ([[1889.4739499613904, 490.8692448803101], [2308.5526042780634, 406.93818449923145], [2327.52605003861, 556.1307551196899], [1908.4473957219368, 640.0618155007686]], '으가.', 0.47551560401916504), ([[122.34686389219026, 1492.105538359084], [202.67969733260966, 1436.0177809471554], [301.65313610780976, 1595.894461640916], [221.32030266739034, 1652.9822190528446]], '=', 0.15798611835592968)]
[([[91, 139], [301, 139], [301, 265], [91, 265]], '찌거', 0.6393536912628265), ([[881, 120], [1026, 120], [1026, 260], [881, 260]], '곡', 0.4046583880331447), ([[1654, 355], [1808, 355], [1808, 433], [1654, 433]], '으| %', 0.20867609435088288), ([[243, 453], [355, 453], [355, 581], [243, 581]], '푹', 0.9892975695266273), ([[1665, 459], [1805, 459], [1805, 500], [1665, 500]], '으아 아', 0.9827807038361097), ([[1986, 366], [2339, 366], [2339, 595], [1986, 595]], '짜', 0.12906050477064301), ([[856, 459], [1176, 459], [1176, 654], [856, 654]], '찌거', 0.2198746775017584), ([[2206, 723], [2230, 723], [2230, 751], [2206, 751]], '0', 0.9999123830914449), ([[2224, 708], [2372, 708], [2372, 762], [2224, 762]], '1004!', 0.1857572790784839), ([[1111, 703], [1226, 703], [1226, 835], [1111, 835]], '푹', 0.977228288756212), ([[99, 794], [224, 794], [224, 948], [99, 948]], '쭉', 0.4429348963697066), ([[1670, 747], [1871, 747], [1871, 985], [1670, 985]], '기', 0.06828672235013844), ([[329, 906], [492, 906], [492, 1007], [329, 1007]], '찌거', 0.6378838268771877), ([[447, 1004], [609, 1004], [609, 1162], [447, 1162]], '쭉', 0.22107828908605498), ([[1113, 977], [1281, 977], [1281, 1171], [1113, 1171]], '짝', 0.4006306924680736), ([[1743, 1226], [1880, 1226], [1880, 1299], [1743, 1299]], '끄록.!', 0.13080918788909912), ([[1079, 1255], [1288, 1255], [1288, 1384], [1079, 1384]], '찌거', 0.8648060310480482), ([[1757, 1311], [1874, 1311], [1874, 1383], [1757, 1383]], '응욕.!', 0.24458326399326324), ([[931, 1479], [1108, 1479], [1108, 1696], [931, 1696]], '깎', 0.05881739090096283), ([[2396, 1619], [2489, 1619], [2489, 1680], [2396, 1680]], '으욕', 0.034794815526749415), ([[2343, 1729], [2360, 1729], [2360, 1750], [2343, 1750]], '0', 0.9999721052207775), ([[2359, 1705], [2566, 1705], [2566, 1765], [2359, 1765]], '1아아아{', 0.00960564699399053), ([[1509.7109249420855, 130.30386732046512], [2085.9631245107835, -70.01609269912984], [2142.2890750579145, 150.69613267953488], [1566.0368754892163, 352.01609269912984]], ' 스소꼭', 0.2380024939775467), ([[1498.0658737297488, 562.014546724933], [1789.569062760705, 716.9333909314522], [1664.9341262702512, 942.985453275067], [1374.430937239295, 788.0666090685478]], '저시', 0.3741943081768903), ([[2136.2771766804035, 909.0826374761949], [2335.1959440001788, 889.7579796624846], [2341.7228233195965, 1048.917362523805], [2142.8040559998212, 1068.2420203375154]], '가', 0.31060710906630007), ([[1386.9063043096392, 1165.1098909415718], [1664.7453814991654, 960.5349623694731], [1744.0936956903608, 1109.8901090584282], [1467.2546185008346, 1314.465037630527]], '모곧', 0.0015018760646959585)]
[([[256, 969], [1146, 969], [1146, 1023], [256, 1023]], '4<리/;- +목라,-담~,금어<3 하나6훔어<7 버어<라7', 7.974962239612904e-08), ([[473, 1021], [930, 1021], [930, 1083], [473, 1083]], '기센년은 애설이 답이다', 0.3161207908264527), ([[411, 1073], [991, 1073], [991, 1138], [411, 1138]], '떡립+하#(-( 7 } )나* 소#쪽', 0.001754018723847584), ([[513, 1208], [911, 1208], [911, 1262], [513, 1262]], '나-.어 3 +,라,하|라+아<차', 3.5534932894131596e-05), ([[151, 1255], [1251, 1255], [1251, 1327], [151, 1327]], '가](리+서,거 0+}목7+~,+아/- 악덕 마아+ 이]라-줄나,하+.', 4.5937741430025885e-09), ([[459, 1310], [945, 1310], [945, 1375], [459, 1375]], '번역기름 사용하엿습니다', 0.4309940922244455), ([[330, 1363], [1072, 1363], [1072, 1428], [330, 1428]], '의도 전달이 정확하지 않울 수 있습니다', 0.6313307923972322), ([[457, 1416], [921, 1416], [921, 1478], [457, 1478]], '짓(다 표]-구# 손 통?+ ', 0.0005827979573121812), ([[269, 1468], [1108, 1468], [1108, 1531], [269, 1531]], "품료소출; 소표. + ( '류습/ 쇼 5 * $ 0", 0.0007703665063924388), ([[1772, 1415], [2455, 1415], [2455, 1538], [1772, 1538]], '이`내들 장4루', 0.0003173882392489839), ([[277, 1584], [1140, 1584], [1140, 1652], [277, 1652]], '-라, 티기*호 티+^ !어산, 하나명명아*+: 7라"`덕-나.', 9.053853685655823e-08), ([[185, 1635], [1213, 1635], [1213, 1697], [185, 1697]], '여러분의 후원으로 작업올할 수 있습니다. 감사합니다:', 0.4550997682010463), ([[100, 1687], [765, 1687], [765, 1750], [100, 1750]], '눕다 소0#몰충쫓더-꽃} `: : $0', 0.00032813591835690947), ([[793, 1686], [1277, 1686], [1277, 1749], [793, 1749]], "8 5 선갇 5 <단 ' * 호0", 0.010997243926344377), ([[833, 1860], [1344, 1860], [1344, 1934], [833, 1934]], '[* ,.+|나-.,3/3760627', 0.0004500148861843774), ([[834, 1911], [1388, 1911], [1388, 1976], [834, 1976]], '오라+하긋-,(아/;어.응아,9-아', 1.4623669007615123e-07)]
[([[586, 340], [709, 340], [709, 527], [586, 527]], '품', 0.60105279192436), ([[1872, 407], [1945, 407], [1945, 474], [1872, 474]], '호옥', 0.6737932647698656), ([[2149, 498], [2221, 498], [2221, 550], [2149, 550]], '호어', 0.3661960845754259), ([[809, 627], [989, 627], [989, 763], [809, 763]], '며', 0.004048738942705521), ([[1922, 676], [2016, 676], [2016, 715], [1922, 715]], '아아', 0.9949527761686487), ([[513, 680], [589, 680], [589, 810], [513, 810]], '푹', 0.8851352787832099), ([[2168, 729], [2209, 729], [2209, 794], [2168, 794]], '듯', 0.9696506889282688), ([[1537, 877], [1635, 877], [1635, 927], [1537, 927]], '하아', 0.9980669345736011), ([[406, 985], [551, 985], [551, 1084], [406, 1084]], '적', 0.486630302134472), ([[323, 1101], [426, 1101], [426, 1264], [323, 1264]], '[', 0.05192625919626459), ([[2555, 1210], [2600, 1210], [2600, 1241], [2555, 1241]], '아', 0.9973812580979171), ([[944, 1536], [1090, 1536], [1090, 1740], [944, 1740]], '넓', 0.0017483360901049544), ([[1460, 1561], [1644, 1561], [1644, 1818], [1460, 1818]], '기', 0.16158031142361384), ([[2235, 1732], [2330, 1732], [2330, 1789], [2235, 1789]], '아악', 0.9947517027067836), ([[-14.201929964549292, 650.0190131202424], [258.87592768245156, 578.9034303336012], [357.20192996454927, 1041.9809868797577], [83.12407231754845, 1113.0965696663989]], '꽉', 0.34814498393419413), ([[1086.1507801450518, 784.0138724385882], [1279.0433164957892, 865.2126072854052], [1160.8492198549482, 1141.9861275614116], [967.9566835042107, 1059.7873927145947]], '사', 0.24528813566035979)]
[([[606, 62], [645, 62], [645, 110], [606, 110]], '꿀', 0.3726629922670135), ([[994, 67], [1106, 67], [1106, 106], [994, 106]], '1아아', 0.49595692473277847), ([[412, 85], [484, 85], [484, 137], [412, 137]], '푹복', 0.054167627519642776), ([[740, 23], [935, 23], [935, 198], [740, 198]], '꽉', 0.8453078253578248), ([[2202, 77], [2350, 77], [2350, 152], [2202, 152]], '[중', 0.18053746681098115), ([[1036, 172], [1090, 172], [1090, 215], [1036, 215]], '별록', 0.8422096676205192), ([[1146, 189], [1362, 189], [1362, 231], [1146, 231]], '아아아아아', 0.6220221309033509), ([[967, 278], [1036, 278], [1036, 330], [967, 330]], "'별록", 0.5050592150462145), ([[480, 309], [536, 309], [536, 365], [480, 365]], '팩', 0.06568888153664432), ([[195, 338], [473, 338], [473, 523], [195, 523]], '오 `', 0.013616645870393726), ([[1850, 482], [1936, 482], [1936, 579], [1850, 579]], '국', 0.4387478697154279), ([[2031, 548], [2085, 548], [2085, 618], [2031, 618]], '꼭', 0.3227946751012247), ([[2085, 839], [2171, 839], [2171, 945], [2085, 945]], '푹', 0.08201503663804033), ([[1248, 1601], [1315, 1601], [1315, 1655], [1248, 1655]], '꼬', 0.35925683268216346), ([[2431, 1637], [2533, 1637], [2533, 1721], [2431, 1721]], '울직', 0.19946637877092152), ([[949, 1714], [1087, 1714], [1087, 1848], [949, 1848]], "'부로", 0.33356411750243464), ([[2253, 1753], [2338, 1753], [2338, 1820], [2253, 1820]], "'온직", 0.01446339286702663), ([[2180.4345458491434, 231.2078196418304], [2263.8320213033617, 225.44309542946985], [2265.5654541508566, 279.7921803581696], [2182.1679786966383, 285.55690457053015]], '꼬욕', 0.21081823235280914), ([[1127.3689671618724, 352.2737934323745], [1316.9743596566914, 227.32633859724825], [1404.6310328381276, 361.7262065676255], [1215.0256403433086, 485.67366140275175]], '끈?', 0.8866288319057581), ([[2294.3560101269463, 414.13606076167855], [2415.80868809443, 405.7530495244558], [2417.6439898730537, 493.86393923832145], [2295.19131190557, 502.2469504755442]], "'움질", 0.05211893465560864), ([[1625.9874603251922, 558.0394921624599], [1751.2714959050552, 605.7092671660646], [1709.0125396748078, 711.9605078375401], [1583.7285040949448, 664.2907328339354]], '역', 0.04486146571560656), ([[2377.9839625662335, 1144.0215165631105], [2546.365257288897, 1089.4003277819006], [2642.0160374337665, 1427.9784834368895], [2473.634742711103, 1482.5996722180994]], '푹', 0.9906655059504068), ([[726.1251494559805, 1774.1261059742556], [803.6854514607566, 1709.0167902005674], [925.8748505440195, 1875.8738940257444], [848.3145485392434, 1940.9832097994326]], '뜻', 0.09054727410379915)]
[([[806, 80], [998, 80], [998, 140], [806, 140]], '안심해화', 0.5779919624328613), ([[1842, 70], [1995, 70], [1995, 126], [1842, 126]], '자 그검', 0.218839798957449), ([[744, 170], [1059, 170], [1059, 235], [744, 235]], '아직 많이 엇거든', 0.3870057454886648), ([[2344, 213], [2418, 213], [2418, 262], [2344, 262]], '{0', 0.4414524478198635), ([[275, 291], [518, 291], [518, 358], [275, 358]], '기분이 어때?', 0.521477835399851), ([[790, 426], [840, 426], [840, 465], [790, 465]], '내', 0.9264485432564165), ([[843, 418], [1276, 418], [1276, 478], [843, 478]], '순서까지는 버티라 어?', 0.1514309347671138), ([[181, 479], [200, 479], [200, 503], [181, 503]], '0', 0.9992891621646436), ([[224, 456], [380, 456], [380, 532], [224, 532]], '쓰발런', 0.07223316847711533), ([[955, 516], [1114, 516], [1114, 555], [955, 555]], '구 구 구', 0.6065552683444262), ([[20, 541], [528, 541], [528, 615], [20, 615]], '장난치 만큼 박몽보0*지?', 0.03338359424846115), ([[1522, 798], [1898, 798], [1898, 870], [1522, 870]], '부지고하게 가볍자고', 0.6166799970185353), ([[182, 857], [374, 857], [374, 907], [182, 907]], '*| 이거', 0.15280432261970606), ([[1114, 868], [1304, 868], [1304, 940], [1114, 940]], '성깔만큼', 0.5702579617500305), ([[24, 934], [340, 934], [340, 1012], [24, 1012]], '허공에 쫓질 하눈', 0.06790892507553954), ([[344, 954], [390, 954], [390, 986], [344, 986]], '7', 0.543707066238003), ([[390, 941], [535, 941], [535, 1002], [390, 1002]], '아난가', 0.4911658382938835), ([[1044, 958], [1379, 958], [1379, 1034], [1044, 1034]], '동교도 존득하켓지', 0.1900458134473882), ([[513, 1188], [627, 1188], [627, 1252], [513, 1252]], '혜씩.', 0.45533047340608157), ([[1997, 1012], [2237, 1012], [2237, 1337], [1997, 1337]], '축', 0.18410758293632146), ([[881, 1302], [905, 1302], [905, 1337], [881, 1337]], '5', 0.7588687049843088), ([[2460, 1447], [2631, 1447], [2631, 1503], [2460, 1503]], '아아이!', 0.4995141923427582), ([[132, 1586], [421, 1586], [421, 1627], [132, 1627]], '구 구 구 구 구', 0.19999359016279744)]
[([[1538, 67], [1759, 67], [1759, 132], [1538, 132]], '또 깜못화', 0.04669077913183422), ([[1533, 154], [1769, 154], [1769, 229], [1533, 229]], '쫓 깥은 년야', 0.24540284307238103), ([[1983, 193], [2097, 193], [2097, 295], [1983, 295]], '해', 0.02688304118265794), ([[2472, 195], [2729, 195], [2729, 271], [2472, 271]], '징글징석하 년', 0.10353844214799851), ([[2337, 409], [2406, 409], [2406, 474], [2337, 474]], '오욕', 0.9520367729466053), ([[2242, 630], [2416, 630], [2416, 728], [2242, 728]], '혜억', 0.5608100381384548), ([[1469, 689], [1821, 689], [1821, 762], [1469, 762]], '후장 잘 먹고 간다', 0.4890653565849405), ([[1975, 705], [2038, 705], [2038, 750], [1975, 750]], '오2', 0.5863713331925622), ([[2195, 779], [2600, 779], [2600, 854], [2195, 854]], '생각하니 또 빠*네', 0.23436691019350708), ([[1500, 980], [1710, 980], [1710, 1034], [1500, 1034]], '다시 보자고', 0.926759987867484), ([[2373, 1033], [2712, 1033], [2712, 1109], [2373, 1109]], '동구녀 근질-리면', 0.27372432284059284), ([[2326, 1122], [2546, 1122], [2546, 1191], [2326, 1191]], '#아오켓지', 0.8445096772373877), ([[2569, 1135], [2680, 1135], [2680, 1176], [2569, 1176]], '구 구', 0.2024693852233261), ([[2694, 1137], [2731, 1137], [2731, 1174], [2694, 1174]], '구', 0.8283501845761482), ([[2533, 1403], [2683, 1403], [2683, 1451], [2533, 1451]], '*아까', 0.11424562498947242), ([[1876, 1444], [1989, 1444], [1989, 1607], [1876, 1607]], '팩', 0.01082533177725864), ([[2627, 1492], [2754, 1492], [2754, 1590], [2627, 1590]], '웃절', 0.21439122003173372), ([[1539, 1592], [1747, 1592], [1747, 1644], [1539, 1644]], '그때 진짜', 0.563169526998709), ([[1452, 1678], [1639, 1678], [1639, 1734], [1452, 1734]], '5 닫히제', 0.6584968699256425), ([[1640, 1666], [1861, 1666], [1861, 1752], [1640, 1752]], '만들어줄게 |', 0.20295926369484818), ([[1818.7095603064831, 1144.2963291646363], [1926.875021677988, 1118.182073608261], [1942.2904396935169, 1199.7036708353637], [1834.124978322012, 1225.817926391739]], '움질', 0.24706522991624444)]
[]
[([[1560, 782], [2654, 782], [2654, 847], [1560, 847]], '강강약약. 정정당당한 승부름 원하고 프라이드가 강하다고', 0.6628629934861108), ([[183, 833], [1220, 833], [1220, 921], [183, 921]], "7`도 가라깥(,,.*,쉽아가+. (라*하+.살'5 -.++7그도.", 1.5371445104848437e-08), ([[1576, 863], [2636, 863], [2636, 929], [1576, 929]], '알려진 피오라 하지만 알려진 바외는 다르게 치고빠지는', 0.3999621134378839), ([[348, 929], [1055, 929], [1055, 996], [348, 996]], '캐릭터의 설정과 다름 수 있습니다:', 0.7211876347620239), ([[1552, 945], [2660, 945], [2660, 1013], [1552, 1013]], "비열한 플레이와 '피오라에게 급습올 당햇다'라고 주장하는", 0.49142174949456296), ([[161, 1014], [1217, 1014], [1217, 1081], [161, 1081]], '4+ > 보 -0꼼껍 { 물+ 3+류습해 8 5 : $0', 0.0037638313447194917), ([[1918, 1032], [2290, 1032], [2290, 1094], [1918, 1094]], '사람들이 많아밥고,', 0.2768750725870083), ([[1659, 1111], [2551, 1111], [2551, 1178], [1659, 1178]], '이들의 불만은 곧 하나의 목적에 도달하게 된다:', 0.7316398395888148), ([[1806, 1196], [2417, 1196], [2417, 1259], [1806, 1259]], "'피오라큼 혼내줄 수만 있다면 . '", 0.3225739822206211)]
[([[252, 289], [437, 289], [437, 378], [252, 378]], '털그럼', 0.06360935396125501), ([[1544, 333], [1936, 333], [1936, 521], [1544, 521]], '잡아헤', 0.15089356298062565), ([[2232, 443], [2631, 443], [2631, 629], [2232, 629]], '잡아', 0.9980528655308627), ([[694, 1067], [779, 1067], [779, 1134], [694, 1134]], '쉬군', 0.27434792899714944), ([[1732, 1091], [2074, 1091], [2074, 1206], [1732, 1206]], '?1??75?', 0.23962333441488007), ([[547, 1191], [860, 1191], [860, 1336], [547, 1336]], '스:', 0.1490927155811843), ([[964, 1388], [1245, 1388], [1245, 1657], [964, 1657]], '4', 0.14132601743428097), ([[2203, 1475], [2524, 1475], [2524, 1590], [2203, 1590]], '무0?아!', 0.04957801078694131), ([[141.89726085197617, 98.06781290100707], [274.288705259617, 116.49324008246973], [260.10273914802383, 196.93218709899293], [127.71129474038297, 178.50675991753027]], '뒤혀', 0.08000061590517513), ([[620.8836873886971, 183.06949910957698], [752.3019688947118, 201.52475720686482], [738.1163126113029, 280.930500890423], [606.6980311052882, 262.4752427931352]], '뒤국', 0.04027738399170492)]
[([[269, 0], [713, 0], [713, 301], [269, 301]], '피;', 0.010661124580248897), ([[1999, 56], [2153, 56], [2153, 147], [1999, 147]], '셈빨', 0.11389395477678661), ([[412, 463], [510, 463], [510, 541], [412, 541]], '꼭끓', 0.03950846020804698), ([[764, 609], [954, 609], [954, 695], [764, 695]], '잡앉다', 0.5996017436342922), ([[2479, 428], [2777, 428], [2777, 711], [2479, 711]], '학', 0.3249285311763437), ([[719, 719], [749, 719], [749, 754], [719, 754]], '0', 0.9617864335930371), ([[773, 696], [1000, 696], [1000, 787], [773, 787]], '*발년!', 0.1474677324295044), ([[2254, 836], [2448, 836], [2448, 913], [2254, 913]], '꽉잡아', 0.8960704003289612), ([[1767, 899], [1975, 899], [1975, 949], [1767, 949]], '까아아이', 0.1986534297466278), ([[1957, 885], [2094, 885], [2094, 969], [1957, 969]], '\'에"', 0.009016784882922298), ([[149, 945], [216, 945], [216, 995], [149, 995]], '개', 0.916093563323054), ([[223, 931], [414, 931], [414, 1022], [223, 1022]], '쫓갈은!', 0.03433358669281006), ([[2225, 1027], [2678, 1027], [2678, 1130], [2225, 1130]], '*(+ 잘도 햇젯다', 0.04503940636032076), ([[757, 1092], [955, 1092], [955, 1166], [757, 1166]], '비켜반', 0.12170744176686034), ([[1555, 1389], [1970, 1389], [1970, 1470], [1555, 1470]], '뭐.. 무하늘70*님!', 0.047723822056840316), ([[115, 1468], [163, 1468], [163, 1505], [115, 1505]], '0', 0.9401122970991906), ([[168, 1444], [454, 1444], [454, 1537], [168, 1537]], '*발권하!', 0.040742885832798746), ([[1638, 1680], [2091, 1680], [2091, 1753], [1638, 1753]], '년 기대해화 진짜', 0.5976588131867798), ([[424, 1764], [625, 1764], [625, 1829], [424, 1829]], '0! 0*1', 0.10844681516825008), ([[2259, 1796], [2328, 1796], [2328, 1846], [2259, 1846]], '개', 0.9998062942858645), ([[2331, 1777], [2727, 1777], [2727, 1874], [2331, 1874]], '씹찬울 내버고!', 0.04700161816193662), ([[1086, 1822], [1255, 1822], [1255, 1900], [1086, 1900]], '어후 *', 0.23140200972557068), ([[1512.9124884874632, 257.03482040442543], [1822.397281648696, 305.5134473664806], [1792.0875115125368, 446.96517959557457], [1482.602718351304, 398.4865526335194]], '덥- 썩', 0.08761847764253616), ([[1560.7962231925724, 1106.0973220760688], [1950.678817009965, 1057.9505684432295], [1960.2037768074276, 1268.9026779239312], [1569.321182990035, 1317.0494315567705]], '과', 0.4713393917585371)]
[([[1620, 35], [1798, 35], [1798, 111], [1620, 111]], '4', 0.4264102417630653), ([[2332, 122], [2439, 122], [2439, 208], [2332, 208]], '으%', 0.060179824988968234), ([[806, 332], [1338, 332], [1338, 422], [806, 422]], '지정된 장소가 있다', 0.8386883906296798), ([[1902, 841], [1965, 841], [1965, 886], [1902, 886]], '개', 0.9973385184935957), ([[2071, 999], [2263, 999], [2263, 1085], [2071, 1085]], '쫓깥은!', 0.022310493513941765), ([[2096, 1052], [2129, 1052], [2129, 1085], [2096, 1085]], '^', 0.009035743204179936), ([[529, 1148], [854, 1148], [854, 1272], [529, 1272]], '이동하지', 0.999778687953949), ([[1494, 1533], [1837, 1533], [1837, 1833], [1494, 1833]], '세_', 0.12724200101480085), ([[1882.7532167584527, 349.1491256883952], [2178.374279771107, 173.53247167328766], [2236.2467832415473, 307.8508743116048], [1939.625720228893, 483.46752832671234]], '', 0.0)]
[([[568, 314], [870, 314], [870, 394], [568, 394]], '맘에 드는가', 0.581415705603047), ([[1696, 306], [2055, 306], [2055, 390], [1696, 390]], '하나 제안하지', 0.9999114169143666), ([[98, 758], [358, 758], [358, 827], [98, 827]], '또말성이', 0.19597302377223969), ([[2000, 746], [2488, 746], [2488, 826], [2000, 826]], '내손바닥으로 10대', 0.6007223821060542), ([[965, 893], [1238, 893], [1238, 968], [965, 968]], '꽤나 난리블', 0.1950972774257384), ([[919, 980], [1286, 980], [1286, 1056], [919, 1056]], '피운모양이더군', 0.9766347433558542), ([[137, 1126], [401, 1126], [401, 1193], [137, 1193]], '대체 제좀', 0.23888340527420976), ([[60, 1227], [204, 1227], [204, 1270], [60, 1270]], '이 아', 0.9115930795669556), ([[206, 1211], [306, 1211], [306, 1291], [206, 1291]], '딸', 0.6548048148702357), ([[301, 1211], [481, 1211], [481, 1288], [301, 1288]], '뜰가', 0.6344651074037523), ([[259, 1602], [647, 1602], [647, 1755], [259, 1755]], '피오라', 0.9998809328080586), ([[1618, 1669], [2163, 1669], [2163, 1747], [1618, 1747]], '버티면 없단 일로한다', 0.5258971845974878)]
[([[456, 136], [872, 136], [872, 216], [456, 216]], '허소리 말고 07 풀끼', 0.20912850483798778), ([[1826, 356], [2167, 356], [2167, 423], [1826, 423]], '생락올 원한다면', 0.6810223610066538), ([[611, 394], [974, 394], [974, 456], [611, 456]], '저대로 거취보시지', 0.14833571165443796), ([[1898, 446], [2097, 446], [2097, 511], [1898, 511]], '상관없다', 0.9999706149101257), ([[519, 663], [950, 663], [950, 730], [519, 730]], '난 너 같은 새끼하데는', 0.3193371911433839), ([[2241, 634], [2486, 634], [2486, 707], [2241, 707]], '대기인원이', 0.9989712288778997), ([[2218, 727], [2518, 727], [2518, 794], [2218, 794]], '많아서말이야', 0.9994474980371268), ([[602, 922], [860, 922], [860, 991], [602, 991]], '절대로안 (', 0.1989298045852603), ([[1100, 1249], [1217, 1249], [1217, 1312], [1100, 1312]], '아웃!', 0.07684618097152875), ([[1986, 1418], [2224, 1418], [2224, 1485], [1986, 1485]], '준비#으면', 0.5394041992055163), ([[1935, 1505], [2276, 1505], [2276, 1572], [1935, 1572]], '진행하도록하지', 0.999708918899847), ([[252.00099970009998, 1209.5048985304898], [479.6794689073578, 1027.2087041693621], [589.9990002999, 1209.4951014695102], [362.3205310926422, 1390.7912958306379]], '/', 0.001081056724805629), ([[1589.203837805877, 1738.0637943964368], [1626.634366754064, 1726.0404053773177], [1651.796162194123, 1809.9362056035632], [1614.365633245936, 1821.9595946226823]], '울', 0.16891505813244923)]
[([[101, 162], [545, 162], [545, 240], [101, 240]], '자세가 무너지거나', 0.9995642823171997), ([[123, 248], [527, 248], [527, 329], [123, 329]], '소리흉내지 마라', 0.224825350658253), ([[189, 592], [617, 592], [617, 666], [189, 666]], '숫자는 직접 새도록', 0.9440323741908643), ([[1127, 833], [1159, 833], [1159, 868], [1127, 868]], '그', 0.8048649321108883), ([[1130, 861], [1169, 861], [1169, 899], [1130, 899]], '스', 0.03259149938552164)]
