2239473
9
[]
[([[746, 62], [1262, 62], [1262, 110], [746, 110]], '오 아냐양 저랑 띄늘고심의계고요3', 0.215743810312444), ([[747, 130], [1343, 130], [1343, 175], [747, 175]], '좋아요; 포즈홀 취할테니 잠시만기타려주세요', 0.0612440924866864), ([[747, 199], [1220, 199], [1220, 243], [747, 243]], '자 아나가 제일 동아하눈 테원에요이', 0.02698739920483369), ([[747, 267], [1081, 267], [1081, 311], [747, 311]], '전로마음껏 즐겨주세요이', 0.03647653664097148)]
[([[746, 64], [1194, 64], [1194, 114], [746, 114]], '와! 어머니! 비행기 날라가오', 0.8263437902130608), ([[746, 142], [1220, 142], [1220, 190], [746, 190]], '아냐; 조심해우1: 응오오웃9', 0.06780499745721145), ([[746, 218], [922, 218], [922, 268], [746, 268]], '예이이이이', 0.28853084981368965)]
[([[800, 62], [904, 62], [904, 162], [800, 162]], '아', 0.9040496594291234), ([[798, 179], [1120, 179], [1120, 275], [798, 275]], '응오오옷', 0.1487220674753189)]
[([[748, 63], [1320, 63], [1320, 115], [748, 115]], '미안해오어머니; 너무기분좋아제벌써', 0.4206838541163493), ([[749, 107], [943, 107], [943, 151], [749, 151]], '싸버로어요.', 0.6452280335563165), ([[746, 139], [1080, 139], [1080, 190], [746, 190]], '응? 어머니도 갖어요?', 0.5255843647629778), ([[747, 221], [1045, 221], [1045, 265], [747, 265]], '에3 아외 안있어요0', 0.04070836302505963), ([[749, 299], [795, 299], [795, 341], [749, 341]], '헤', 0.7706070114714727), ([[793, 319], [835, 319], [835, 339], [793, 339]], '0', 0.07536864822719735), ([[746, 336], [1046, 336], [1046, 384], [746, 384]], '근럼 한판데 갈계요', 0.3099885497866313)]
[([[34, 64], [548, 64], [548, 116], [34, 116]], '헤헤} 방금짝 첫번째 정액이 한가들_', 0.3465167115597512), ([[34, 103], [600, 103], [600, 155], [34, 155]], '이대로어머니의보지름 뚫어버밀계요', 0.17794235469351988), ([[34, 180], [538, 180], [538, 230], [34, 230]], '훈분이 아4의통통합분말과 엉덩이가', 0.010745941204175664), ([[34, 219], [593, 219], [593, 263], [34, 263]], '흔들리면-제요간흘피롭는게여기서 아줌', 0.08756645630845511), ([[37, 259], [207, 259], [207, 301], [37, 301]], '잘보이네요', 0.46530444779830193), ([[34, 332], [472, 332], [472, 380], [34, 380]], '어머니: 0 너문변태같아0 0', 0.37381923614118695)]
[([[34, 66], [406, 66], [406, 114], [34, 114]], '야5아나이 너문말라요0', 0.17429660740037395), ([[35, 144], [563, 144], [563, 189], [35, 189]], '어머니어 어머니이 이거기분 종앙0', 0.3638087126884686), ([[36, 180], [419, 180], [419, 230], [36, 230]], '따고싶어9 정액 짜고심엉드', 0.23101539761451778), ([[34, 258], [598, 258], [598, 308], [34, 308]], '오용- 아냐이 아냐의자지가 점점 제계', 0.08670503271991276), ([[37, 299], [315, 299], [315, 343], [37, 343]], '떨려와요이 오오옷드', 0.1403917447834586), ([[36, 373], [476, 373], [476, 425], [36, 425]], '어머니템 어머니표아내 짜요!!', 0.019588944143464848)]
[([[36, 64], [618, 64], [618, 114], [36, 114]], '아래띄정액 찌요 어머니어 응아아아이', 0.15553553995742556), ([[36, 142], [340, 142], [340, 190], [36, 190]], '홍오올어 아냐어@빨', 0.022650832734698773), ([[34, 180], [458, 180], [458, 230], [34, 230]], '헤안에레속 쏟아분어쥐요이', 0.04255916572627189), ([[35, 256], [584, 256], [584, 308], [35, 308]], '어머니로어머내@ 아내멈출 수 없어0', 0.07078395466404794), ([[39, 299], [259, 299], [259, 343], [39, 343]], '너무기분 총앙', 0.6366964495057333), ([[36, 374], [576, 374], [576, 422], [36, 422]], '아냐의대량정액으로망빵해져오용이', 0.12860400717513387)]
[([[661, 225], [1017, 225], [1017, 341], [661, 341]], '응기없미', 0.012668573277297234), ([[1078, 227], [1284, 227], [1284, 335], [1078, 335]], '@응(', 0.02571472005824297)]
