2240704
53
[([[1105, 127], [1199, 127], [1199, 141], [1105, 141]], '-7트:리자', 0.00456694272621307), ([[106, 702], [166, 702], [166, 726], [106, 726]], '구너트', 0.1182463916207846), ([[178, 702], [266, 702], [266, 726], [178, 726]], '7꾸,)', 0.03159474581480026), ([[97, 721], [289, 721], [289, 831], [97, 831]], '매', 0.027365298365744417)]
[([[870, 958], [902, 958], [902, 994], [870, 994]], '돼', 0.14921203134542171), ([[688, 1192], [738, 1192], [738, 1358], [688, 1358]], '#', 0.9499433690734804), ([[25.652207707970888, 1474.0828824345642], [88.6384567365506, 1428.0185441313297], [182.3477922920291, 1576.9171175654358], [119.3615432634494, 1621.9814558686703]], '동', 0.21569088286702254)]
[([[892, 200], [1002, 200], [1002, 278], [892, 278]], '/월', 0.07328971309296356), ([[527, 347], [569, 347], [569, 387], [527, 387]], '<', 0.4793331301277739), ([[529, 1603], [607, 1603], [607, 1645], [529, 1645]], '싫엇!', 0.5154383567965457), ([[622, 1718], [664, 1718], [664, 1748], [622, 1748]], '10', 0.9216841104501837)]
[([[1014, 944], [1046, 944], [1046, 1030], [1014, 1030]], '설', 0.6190828897813141), ([[401, 1395], [445, 1395], [445, 1435], [401, 1435]], '하', 0.9997347769189027)]
[([[495, 233], [515, 233], [515, 275], [495, 275]], '후', 0.9996466948774128), ([[681, 811], [725, 811], [725, 849], [681, 849]], '하', 0.9964970087069425), ([[617, 996], [673, 996], [673, 1120], [617, 1120]], '닭', 0.8728956727379824), ([[1135, 1721], [1175, 1721], [1175, 1757], [1135, 1757]], '12', 0.7607740115867484)]
[([[983, 1233], [1107, 1233], [1107, 1299], [983, 1299]], '아&', 0.16685114085887762), ([[137, 1525], [157, 1525], [157, 1551], [137, 1551]], '1', 0.13111274467201284), ([[574, 1714], [608, 1714], [608, 1746], [574, 1746]], '1', 0.9452847523427899), ([[63.95144619575154, 1485.036880054477], [145.45105464508188, 1459.3819588398335], [158.04855380424846, 1505.963119945523], [76.54894535491812, 1531.6180411601665]], '#', 0.022403126547775543)]
[([[803, 1312], [842, 1312], [842, 1390], [803, 1390]], '응', 0.9675143780784232), ([[465, 1545], [509, 1545], [509, 1585], [465, 1585]], '아', 0.9994829369577616), ([[621, 1717], [675, 1717], [675, 1755], [621, 1755]], '1 4', 0.8166549205780029), ([[617.4882298764533, 837.0163860726708], [677.0100193633918, 855.7630371190428], [628.5117701235467, 1008.9836139273292], [568.9899806366082, 990.2369628809572]], '아', 0.05867690964579375)]
[([[987, 601], [1027, 601], [1027, 709], [987, 709]], '댐', 0.03420475856220051), ([[797, 931], [833, 931], [833, 1027], [797, 1027]], '꽃', 0.022185794906452116), ([[795, 1091], [831, 1091], [831, 1145], [795, 1145]], '옷', 0.8888861985311145), ([[1078, 1700], [1122, 1700], [1122, 1732], [1078, 1732]], '15', 0.5117719395731612)]
[([[154, 266], [206, 266], [206, 318], [154, 318]], '난', 0.9972925655117173), ([[107, 321], [249, 321], [249, 383], [107, 383]], '달림의', 0.8928505580695767), ([[33, 379], [283, 379], [283, 441], [33, 441]], '아내이다짜 .', 0.4382369091547355)]
[([[982, 220], [1192, 220], [1192, 318], [982, 318]], '달리.', 0.24341350868039227), ([[903, 1481], [1160, 1481], [1160, 1532], [903, 1532]], '[980840요', 0.007271205102872264)]
[([[562, 1702], [596, 1702], [596, 1732], [562, 1732]], '18', 0.9645081928815928), ([[955.982685472117, 1296.0649466825132], [1148.3020766304394, 1172.009341988984], [1176.017314527883, 1233.9350533174868], [983.6979233695606, 1357.990658011016]], '6허하스냐호', 0.00018886686446834396)]
[([[323, 2321], [500, 2321], [500, 2385], [323, 2385]], '7너드', 0.04089527050763436), ([[548, 2321], [810, 2321], [810, 2387], [548, 2387]], '7바9더', 0.011076297610998154), ([[375, 2433], [1108, 2433], [1108, 2723], [375, 2723]], '-', 0.02634083229808315)]
[([[102, 1696], [361, 1696], [361, 1752], [102, 1752]], '[밥.-통:', 8.510618630969992e-05)]
[([[1181, 122], [1229, 122], [1229, 383], [1181, 383]], '7', 0.015557407086394193), ([[976, 956], [1026, 956], [1026, 982], [976, 982]], '7 8', 0.017209328711032867), ([[1008, 980], [1032, 980], [1032, 1004], [1008, 1004]], ',', 0.6670194028351126), ([[1012, 1006], [1038, 1006], [1038, 1030], [1012, 1030]], '5', 0.1487995643508988), ([[1018, 1032], [1044, 1032], [1044, 1058], [1018, 1058]], ',', 0.03977476920727341), ([[969, 1059], [1051, 1059], [1051, 1095], [969, 1095]], '# # #', 0.030596630266210782), ([[1004, 1084], [1054, 1084], [1054, 1116], [1004, 1116]], '4 #', 0.29367974691507215), ([[984, 1118], [1034, 1118], [1034, 1144], [984, 1144]], '; 쇼', 0.062036655843257904), ([[1014, 1144], [1040, 1144], [1040, 1168], [1014, 1168]], '쇼', 0.020741672011049594), ([[1015, 1159], [1101, 1159], [1101, 1197], [1015, 1197]], '; 쇼 모', 0.0555694086092287), ([[1049, 1181], [1131, 1181], [1131, 1219], [1049, 1219]], '# # #', 0.06135353352276645), ([[1031, 1201], [1049, 1201], [1049, 1223], [1031, 1223]], '년', 0.10806877322523079), ([[1110, 1208], [1136, 1208], [1136, 1232], [1110, 1232]], '쇼', 0.2052004490107615), ([[1056, 1214], [1112, 1214], [1112, 1244], [1056, 1244]], '4 #', 0.15645454823970795), ([[1088, 1234], [1140, 1234], [1140, 1264], [1088, 1264]], '# #', 0.2835693657398224), ([[1060, 1244], [1090, 1244], [1090, 1276], [1060, 1276]], '{군', 0.46943752827034135), ([[1120, 1260], [1146, 1260], [1146, 1284], [1120, 1284]], '5', 0.04505976397608524), ([[1068, 1266], [1120, 1266], [1120, 1294], [1068, 1294]], "'옆 #", 0.08613699465385793), ([[1073, 1285], [1153, 1285], [1153, 1323], [1073, 1323]], '# 부 #', 0.13565155203689488), ([[1052, 1326], [1104, 1326], [1104, 1354], [1052, 1354]], '5 쇼', 0.05024387687444687), ([[1019, 1421], [1041, 1421], [1041, 1441], [1019, 1441]], '섞', 0.09698605063953725), ([[690, 1724], [732, 1724], [732, 1756], [690, 1756]], '20', 0.9841890562384914), ([[951.8786796564403, 992.8786796564403], [1006.3936019717668, 981.1915007324429], [1011.1213203435597, 1007.1213203435597], [956.6063980282332, 1018.8084992675571]], '쇼 쇼', 0.5752930045127869), ([[955.9819816180111, 1018.7801797798122], [1010.4192149875671, 1008.2259090091175], [1015.0180183819889, 1034.2198202201878], [960.5807850124329, 1044.7740909908825]], '끝 쇼', 0.13622786104679108), ([[963.3358994113244, 1042.5038491169864], [1016.4877992827735, 1035.3234396137832], [1019.6641005886756, 1062.4961508830136], [965.5122007172265, 1069.6765603862168]], '틀 쇼', 0.14293105900287628), ([[1033.1708677174508, 1112.6221280326863], [1086.5128317905157, 1104.3611966583592], [1089.8291322825492, 1130.3778719673137], [1035.4871682094843, 1137.6388033416408]], '쇼 쇼', 0.33704593777656555), ([[1035.981981618011, 1139.7801797798122], [1093.4240225906492, 1128.2324835276518], [1099.018018381989, 1155.2198202201878], [1040.5759774093508, 1166.7675164723482]], '쇼 쇼', 0.9357169270515442)]
[([[131, 146], [620, 146], [620, 232], [131, 232]], '74. [하석하골', 6.119419244176146e-05), ([[427, 281], [551, 281], [551, 347], [427, 347]], '음여', 0.261071641721041), ([[280, 413], [591, 413], [591, 487], [280, 487]], '이! 초키호 아기', 0.040284085949965215), ([[388, 523], [519, 523], [519, 595], [388, 595]], '니7;', 0.02766792661445074), ([[566, 588], [632, 588], [632, 618], [566, 618]], '뛰야?', 0.4525060530889851), ([[1066, 600], [1090, 600], [1090, 630], [1066, 630]], '음', 0.9513286004741763), ([[548, 972], [640, 972], [640, 1004], [548, 1004]], '잠깐만!', 0.8542945384979248), ([[715, 941], [801, 941], [801, 1035], [715, 1035]], "1'", 0.854792132941586), ([[1054, 984], [1112, 984], [1112, 1016], [1054, 1016]], '어라 ', 0.5209581606618933), ([[536, 1002], [650, 1002], [650, 1034], [536, 1034]], '너 뭐하는', 0.7823593901557282), ([[1057, 1011], [1135, 1011], [1135, 1047], [1057, 1047]], '일어넷', 0.6223721993156661), ([[562, 1030], [626, 1030], [626, 1060], [562, 1060]], '거야!', 0.9918975913684416), ([[1058, 1040], [1134, 1040], [1134, 1077], [1058, 1077]], '탓짜?', 0.2199242302173444), ([[110, 1350], [188, 1350], [188, 1382], [110, 1382]], '이러고', 0.9999792835486102), ([[124, 1382], [176, 1382], [176, 1414], [124, 1414]], '있엇', 0.5608249102597732), ([[635, 1371], [696, 1371], [696, 1407], [635, 1407]], '뭐하', 0.9970242979239652), ([[122, 1412], [178, 1412], [178, 1444], [122, 1444]], '탓짜', 0.27691788163974324), ([[640, 1404], [692, 1404], [692, 1436], [640, 1436]], '나니', 0.9979495820016484), ([[291, 1521], [455, 1521], [455, 1635], [291, 1635]], '어로>', 0.03563656803187743), ([[588, 1710], [614, 1710], [614, 1736], [588, 1736]], '2', 0.9977316621364061), ([[129.38993344245415, 604.3867803600988], [355.2177105210789, 580.3299545245667], [357.61006655754585, 654.6132196399012], [132.78228947892106, 679.6700454754333]], '터리썰6', 0.0001396101579302922)]
[([[879, 113], [1172, 113], [1172, 210], [879, 210]], '으아아앗', 0.6955422163009644), ([[382, 374], [424, 374], [424, 400], [382, 400]], '이건', 0.9914895646120218), ([[362, 398], [444, 398], [444, 426], [362, 426]], '굽이다~', 0.5266923849561872), ([[598, 638], [652, 638], [652, 668], [598, 668]], '내가', 0.9996701746969736), ([[750, 646], [808, 646], [808, 678], [750, 678]], '라무', 0.9999124199721205), ([[1102, 654], [1132, 654], [1132, 682], [1102, 682]], '왜', 0.9994887767111358), ([[597, 665], [653, 665], [653, 701], [597, 701]], '잊게', 0.5213969031256537), ([[583, 693], [667, 693], [667, 729], [583, 729]], '해줄게', 0.4605489141833299), ([[1056, 682], [1180, 682], [1180, 714], [1056, 714]], '그런닷짜?', 0.7528042263606142), ([[1074, 708], [1157, 708], [1157, 745], [1074, 745]], '무서운', 0.9845038652420044), ([[1064, 740], [1168, 740], [1168, 772], [1064, 772]], '굽이라도', 0.937605619430542), ([[1068, 770], [1168, 770], [1168, 802], [1068, 802]], '군닷짜?', 0.6016878976871252), ([[110, 860], [140, 860], [140, 886], [110, 886]], '야', 0.9990461955999628), ([[104, 890], [136, 890], [136, 916], [104, 916]], '야', 0.9996006887503341), ([[1070, 1200], [1174, 1200], [1174, 1232], [1070, 1232]], '건강해진', 0.9995633959770203), ([[581, 1177], [617, 1177], [617, 1301], [581, 1301]], '"', 0.01592446687426108), ([[875, 1235], [977, 1235], [977, 1299], [875, 1299]], "5('", 0.11850746721029282), ([[1082, 1230], [1162, 1230], [1162, 1262], [1082, 1262]], '닷짜 9', 0.23094692826271057), ([[470, 1306], [498, 1306], [498, 1382], [470, 1382]], '통', 0.23827008538344874), ([[717, 1337], [783, 1337], [783, 1377], [717, 1377]], '질', 0.18037231080205718), ([[844, 1342], [920, 1342], [920, 1394], [844, 1394]], "<'", 0.9286526700196132), ([[616, 1718], [666, 1718], [666, 1750], [616, 1750]], '22', 0.9999998314126102), ([[154.10942933860102, 1149.0942933860101], [457.14223592160107, 1124.9786118999725], [457.89057066139895, 1286.9057066139899], [155.85776407839893, 1312.0213881000275]], '다" 쇼', 0.04143170369576467)]
[([[542, 116], [798, 116], [798, 196], [542, 196]], '끄아아악', 0.9472266435623169), ([[163, 193], [245, 193], [245, 229], [163, 229]], '시끄럽', 0.9669564040618449), ([[165, 223], [245, 223], [245, 259], [165, 259]], '탓짜~', 0.12224044970842877), ([[1144, 220], [1168, 220], [1168, 272], [1144, 272]], '군', 0.3542829807884118), ([[351, 527], [493, 527], [493, 563], [351, 563]], '왜 내 위에', 0.8808653197176601), ([[357, 559], [481, 559], [481, 599], [357, 599]], '네가 앞는', 0.18763721403431421), ([[388, 596], [456, 596], [456, 628], [388, 628]], '거야!', 0.8695195352395015), ([[334, 696], [388, 696], [388, 728], [334, 728]], '라무', 0.9997230221478328), ([[340, 726], [390, 726], [390, 758], [340, 758]], '일로', 0.512199704667188), ([[338, 756], [392, 756], [392, 784], [338, 784]], '와화', 0.6374808499478607), ([[466, 744], [520, 744], [520, 774], [466, 774]], '내가', 0.9998929486831356), ([[459, 771], [527, 771], [527, 807], [459, 807]], '너클?', 0.4680396909548554), ([[1104, 764], [1156, 764], [1156, 796], [1104, 796]], '무슨', 0.9998681672032279), ([[1082, 794], [1178, 794], [1178, 826], [1082, 826]], '소렬하는', 0.18721164762973785), ([[1102, 822], [1158, 822], [1158, 854], [1102, 854]], '탓짜', 0.16925084840363816), ([[1077, 849], [1183, 849], [1183, 885], [1077, 885]], '달림이 날', 0.6872774394028869), ([[1080, 877], [1179, 877], [1179, 916], [1080, 916]], '부르길래', 0.9539155960083008), ([[1088, 910], [1174, 910], [1174, 942], [1088, 942]], '왕는데!', 0.11544734239578247), ([[206, 1268], [256, 1268], [256, 1300], [206, 1300]], '정말', 0.9999942680334141), ([[199, 1297], [267, 1297], [267, 1326], [199, 1326]], '이지 .', 0.8487300872802734), ([[210, 1468], [266, 1468], [266, 1520], [210, 1520]], '"', 0.0521932902655744), ([[300, 1512], [380, 1512], [380, 1542], [300, 1542]], '하하하', 0.9998331688151925), ([[1172, 1388], [1246, 1388], [1246, 1566], [1172, 1566]], '푹', 0.17220270672466143), ([[314, 1538], [366, 1538], [366, 1570], [314, 1570]], '굽이', 0.8480275294371139), ([[284, 1566], [386, 1566], [386, 1598], [284, 1598]], '아니엇네.', 0.48850836010450205), ([[425, 1621], [717, 1621], [717, 1681], [425, 1681]], '무슨 짓인다짜새', 0.4746146592780091), ([[580, 1712], [630, 1712], [630, 1744], [580, 1744]], '23', 0.9999931722173684), ([[164.1644588494623, 1462.0703072118276], [233.9799860324848, 1492.553078176572], [215.8355411505377, 1530.9296927881724], [146.0200139675152, 1500.446921823428]], '배: 부', 0.07437023263078303)]
[([[758, 172], [784, 172], [784, 198], [758, 198]], '야', 0.9997573046135244), ([[1106, 160], [1152, 160], [1152, 190], [1106, 190]], '달림', 0.9896089837123038), ([[408, 186], [472, 186], [472, 212], [408, 212]], '전격이', 0.7426289319992065), ([[1094, 186], [1162, 186], [1162, 212], [1094, 212]], '미안하', 0.9997590457601085), ([[746, 196], [794, 196], [794, 224], [746, 224]], '라무', 0.9998456617293876), ([[402, 210], [480, 210], [480, 242], [402, 242]], '좀 강햇', 0.5364470580950718), ([[746, 222], [794, 222], [794, 248], [746, 248]], '뭐하', 0.9973889064869725), ([[1104, 210], [1154, 210], [1154, 240], [1104, 240]], '탓짜', 0.20490807189504137), ([[404, 236], [454, 236], [454, 264], [404, 264]], '탓짜_', 0.2859608587310321), ([[740, 246], [800, 246], [800, 272], [740, 272]], '려고?', 0.8652399778366089), ([[416, 262], [462, 262], [462, 286], [416, 286]], '그러', 0.4516632854938507), ([[410, 286], [460, 286], [460, 314], [410, 314]], '니까.', 0.5620483909382913), ([[516, 500], [616, 500], [616, 532], [516, 532]], '느껴주는', 0.8659582734107971), ([[1067, 501], [1123, 501], [1123, 537], [1067, 537]], '뚫아', 0.048948761560953874), ([[526, 528], [602, 528], [602, 558], [526, 558]], '탓짜 9', 0.2005565422019235), ([[1069, 527], [1121, 527], [1121, 563], [1069, 563]], '줄게', 0.9789114659154338), ([[166, 1014], [240, 1014], [240, 1046], [166, 1046]], '제대로', 0.9999980728858172), ([[1122, 1022], [1160, 1022], [1160, 1048], [1122, 1048]], '야!', 0.9445297495303288), ([[156, 1044], [252, 1044], [252, 1076], [156, 1076]], '서있든데', 0.2733912765979767), ([[1106, 1048], [1178, 1048], [1178, 1080], [1106, 1080]], '적당히', 0.9992212799265039), ([[150, 1070], [258, 1070], [258, 1102], [150, 1102]], '무슨 말을', 0.5439698455620947), ([[1122, 1076], [1162, 1076], [1162, 1106], [1122, 1106]], '해!', 0.9931359724732608), ([[140, 1098], [246, 1098], [246, 1130], [140, 1130]], '하는차짜 .', 0.2541535753980627), ([[978, 1332], [1052, 1332], [1052, 1358], [978, 1358]], "'이렇게?", 0.9272182246956101), ([[530, 1410], [636, 1410], [636, 1440], [530, 1440]], '내 거기틀', 0.2847551111860242), ([[510, 1436], [634, 1436], [634, 1468], [510, 1468]], '원하눈구나', 0.4664086609923045), ([[672, 1415], [736, 1415], [736, 1544], [672, 1544]], '둘', 0.5442868090789879), ([[439, 1598], [665, 1598], [665, 1722], [439, 1722]], '못해 ..', 0.7541112309332917), ([[1024, 1716], [1064, 1716], [1064, 1744], [1024, 1744]], '24', 0.9999281825254958), ([[996.8675748105346, 1438.0922063442613], [1041.5911015368033, 1410.0250018657214], [1101.1324251894653, 1512.9077936557387], [1055.4088984631967, 1541.9749981342786]], '톤', 0.405505802463324), ([[148.98746032519216, 1536.0394921624597], [444.7607733471009, 1582.517528734523], [421.01253967480784, 1689.9605078375403], [126.23922665289908, 1644.482471265477]], '그만두지', 0.9983780384063721)]
[([[716, 42], [1142, 42], [1142, 122], [716, 122]], '이해틀 못하켓네!', 0.5471858795546789), ([[346, 158], [396, 158], [396, 190], [346, 190]], '달림', 0.9910441224708803), ([[356, 186], [382, 186], [382, 216], [356, 216]], '월', 0.9915332764396148), ([[606, 204], [632, 204], [632, 230], [606, 230]], '또', 0.9999513632012622), ([[346, 212], [396, 212], [396, 244], [346, 244]], '중얼', 0.999123963744524), ([[336, 242], [406, 242], [406, 272], [336, 272]], '거리논', 0.8710009033923224), ([[616, 228], [646, 228], [646, 262], [616, 262]], '꿈', 0.9971982818790401), ([[344, 268], [398, 268], [398, 300], [344, 300]], '탓짜', 0.41604041233882993), ([[152, 564], [295, 564], [295, 645], [152, 645]], '하하', 0.999573500536868), ([[155, 649], [305, 649], [305, 741], [155, 741]], '하하', 0.1803666308306681), ([[827, 677], [915, 677], [915, 745], [827, 745]], "'라사}", 0.27892908453941345), ([[1122, 628], [1152, 628], [1152, 740], [1122, 740]], '닭', 0.006406327714182647), ([[125, 733], [345, 733], [345, 817], [125, 817]], '또 라무', 0.8852251636236553), ([[153, 816], [324, 816], [324, 906], [153, 906]], '구나!', 0.9933906598256662), ([[325, 1115], [361, 1115], [361, 1151], [325, 1151]], '건', 0.021186150881654875), ([[332, 1152], [366, 1152], [366, 1184], [332, 1184]], '게', 0.1970862021083839), ([[309, 1167], [345, 1167], [345, 1205], [309, 1205]], '꿀', 0.5513706113763561), ([[288, 1186], [322, 1186], [322, 1218], [288, 1218]], '해', 0.9233643369639175), ([[1078, 1452], [1183, 1452], [1183, 1505], [1078, 1505]], ')뭐하는', 0.3077191114425659), ([[1089, 1501], [1171, 1501], [1171, 1541], [1089, 1541]], '닷짜!', 0.15408841543173007), ([[638, 1710], [672, 1710], [672, 1740], [638, 1740]], '2', 0.31803873100956537), ([[835.1135155856441, 629.0994685768342], [865.599221517712, 618.045137983101], [887.8864844143559, 680.9005314231658], [857.400778482288, 691.954862016899]], '또', 0.807559378797297), ([[230.9719194937464, 1114.552263139369], [280.4554021085619, 1073.2741706020815], [302.02808050625356, 1104.447736860631], [252.5445978914381, 1144.7258293979185]], '네가', 0.9997199878222924), ([[228.7275335036018, 1151.1646273136869], [324.90619096859547, 1083.9313326439662], [345.27246649639824, 1122.8353726863131], [249.0938090314045, 1190.0686673560338]], '지금까지', 0.9671720266342163), ([[243.26342822088202, 1179.3112561963815], [315.1737453291559, 1122.4972418181771], [340.736571779118, 1161.6887438036185], [268.8262546708441, 1218.5027581818229]], '원햇다', 0.2874414056025479)]
[([[760, 218], [790, 218], [790, 254], [760, 254]], '옷', 0.9863619500960432), ([[48, 331], [192, 331], [192, 429], [48, 429]], '구/늘', 0.008657671555551447), ([[133, 1157], [223, 1157], [223, 1353], [133, 1353]], '양', 0.5832543632822116), ([[1013, 1443], [1108, 1443], [1108, 1508], [1013, 1508]], '아', 0.9864071769726515), ([[610, 1715], [657, 1715], [657, 1745], [610, 1745]], '26', 0.9999270024387655), ([[1112.5739620068462, 508.0129769122759], [1164.9201232912192, 499.06073684538796], [1192.4260379931538, 685.9870230877241], [1139.0798767087808, 693.939263154612]], '국', 0.14131530690747596)]
[([[1077, 177], [1175, 177], [1175, 219], [1077, 219]], '이번엔', 0.9975795241391398), ([[1075, 213], [1177, 213], [1177, 255], [1075, 255]], '뭐다짜', 0.5764302566884186), ([[1031, 703], [1099, 703], [1099, 745], [1031, 745]], '달림', 0.9842337758425393), ([[999, 738], [1103, 738], [1103, 780], [999, 780]], '안돼앗', 0.7271080076130336), ([[165, 1017], [525, 1017], [525, 1130], [165, 1130]], '아아아앗', 0.7086276412010193), ([[82, 1168], [132, 1168], [132, 1222], [82, 1222]], '안', 0.9999547009829826), ([[136, 1163], [383, 1163], [383, 1251], [136, 1251]], '일어나지네]', 0.3568007672556118), ([[781, 1267], [907, 1267], [907, 1303], [781, 1303]], '잘 ~먹없다', 0.5003828710336526), ([[1069, 1313], [1149, 1313], [1149, 1349], [1069, 1349]], '좋아~', 0.9886499789897968), ([[1078, 1342], [1135, 1342], [1135, 1375], [1078, 1375]], '이제', 0.9999653554662983), ([[1067, 1371], [1149, 1371], [1149, 1407], [1067, 1407]], '뒷으니', 0.3377516493429766), ([[1078, 1402], [1134, 1402], [1134, 1432], [1078, 1432]], '깨어', 0.9999390562009917), ([[1073, 1429], [1141, 1429], [1141, 1465], [1073, 1465]], '나탓!', 0.6242432620280219), ([[37, 1591], [151, 1591], [151, 1741], [37, 1741]], ')', 0.8264933644056818), ([[590, 1716], [628, 1716], [628, 1746], [590, 1746]], '27', 0.9180132703812023), ([[199.83065871087817, 1552.0285035730026], [487.7888103898666, 1601.937806313013], [444.1693412891218, 1804.9714964269974], [156.2111896101334, 1755.062193686987]], '~시', 0.13039997679740098)]
[([[294, 114], [380, 114], [380, 140], [294, 140]], '다행이야', 0.9992258548736572), ([[465, 65], [539, 65], [539, 133], [465, 133]], '14', 0.01456091508581284), ([[286, 138], [368, 138], [368, 164], [286, 164]], '굽이구나', 0.7710676789283752), ([[784, 119], [1226, 119], [1226, 243], [784, 243]], '시, 싫어어엇', 0.8752646103652639), ([[624, 1102], [664, 1102], [664, 1126], [624, 1126]], '가없', 0.6628401270961009), ([[621, 1123], [659, 1123], [659, 1143], [621, 1143]], '고로', 0.9999953638498115), ([[423, 1299], [515, 1299], [515, 1341], [423, 1341]], "'달리0", 0.399210661649704), ([[610, 1724], [660, 1724], [660, 1754], [610, 1754]], '78', 0.387297372809509)]
[]
[([[625.3005628453517, 254.1825890886176], [765.6586277285281, 162.49637119086668], [795.6994371546483, 223.8174109113824], [655.3413722714719, 316.5036288091333]], '유선교(}', 0.0016094845189244123)]
[([[646, 1284], [680, 1284], [680, 1314], [646, 1314]], '@', 0.36693107005604375), ([[1003.6312071577571, 146.0170373037762], [1036.3115506691715, 136.01215143460303], [1070.368792842243, 261.9829626962238], [1037.6884493308285, 271.987848565397]], '호', 0.052847988795701406), ([[1087.583980941961, 608.6224605186027], [1123.8879004710218, 635.8560804833095], [991.416019058039, 800.3775394813973], [954.1120995289781, 773.1439195166905]], '1', 0.35379490512923795), ([[1037.8038216657567, 772.2487898312403], [1082.0584116846094, 730.1929081408186], [1101.1961783342433, 754.7512101687597], [1056.9415883153906, 796.8070918591814]], '<--(', 0.0005332301952876151)]
[([[880, 124], [938, 124], [938, 150], [880, 150]], '드리망', 0.9921198652028314), ([[395, 141], [445, 141], [445, 181], [395, 181]], '아,', 0.9730958419198711), ([[846, 138], [975, 138], [975, 183], [846, 183]], '유사제험', 0.7857285737991333), ([[1027, 135], [1121, 135], [1121, 175], [1027, 175]], '모티터', 0.9987055731755211), ([[125, 177], [271, 177], [271, 221], [125, 221]], '곧 라무의', 0.9997189879329931), ([[371, 175], [465, 175], [465, 215], [371, 215]], '모니터', 0.9998706779769035), ([[819, 169], [999, 169], [999, 236], [819, 236]], '재청위 쪽은', 0.05960482571007679), ([[1025, 173], [1123, 173], [1123, 215], [1025, 215]], '준비는', 0.8776386331549189), ([[119, 215], [279, 215], [279, 259], [119, 259]], '유사제험올', 0.8520364687040957), ([[353, 213], [483, 213], [483, 255], [353, 255]], '플러그릇', 0.2844178378582001), ([[867, 229], [955, 229], [955, 271], [867, 271]], '어때?', 0.9999437009407194), ([[1019, 211], [1131, 211], [1131, 253], [1019, 253]], '끝낫어!', 0.9062953591346741), ([[121, 253], [276, 253], [276, 297], [121, 297]], '볼 수 있어', 0.7839527224222977), ([[333, 251], [503, 251], [503, 293], [333, 293]], '넣기만 하면', 0.6805227098847416), ([[389, 291], [449, 291], [449, 327], [389, 327]], '0*!', 0.04773573922197076), ([[369, 681], [435, 681], [435, 723], [369, 723]], '그럼', 0.999862266877384), ([[749, 683], [850, 683], [850, 731], [749, 731]], '정말로', 0.9999769434879479), ([[981, 691], [1077, 691], [1077, 733], [981, 733]], '모처럼', 0.5093944668769836), ([[317, 716], [486, 716], [486, 761], [317, 761]], '네가 할래?', 0.7294390277846762), ([[719, 723], [885, 723], [885, 765], [719, 765]], '하느거야?!', 0.47065326282056413), ([[977, 729], [1079, 729], [1079, 771], [977, 771]], '입수한', 0.9990377436921122), ([[171, 755], [289, 755], [289, 797], [171, 797]], "53'3/", 0.17283317923685482), ([[957, 769], [1099, 769], [1099, 807], [957, 807]], '진짜 색스', 0.27295674687467275), ([[166, 788], [258, 788], [258, 840], [166, 840]], '5이3', 0.08540140112459545), ([[930, 802], [1107, 802], [1107, 847], [930, 847]], '테이프니까.', 0.8647933633978367), ([[957, 843], [1099, 843], [1099, 885], [957, 885]], '뵈야켓지!', 0.20731660127447868), ([[263, 1083], [283, 1083], [283, 1105], [263, 1105]], '7', 0.2459991408222919), ([[994, 1210], [1092, 1210], [1092, 1242], [994, 1242]], '듣자하니', 0.4209789302208926), ([[428, 1220], [617, 1220], [617, 1261], [428, 1261]], '18금이라잡아!', 0.7124019233857192), ([[699, 1225], [825, 1225], [825, 1263], [699, 1263]], '그런결 막', 0.5019910313755533), ([[986, 1238], [1100, 1238], [1100, 1270], [986, 1270]], '엄~청나게', 0.950213611881158), ([[198, 1256], [224, 1256], [224, 1300], [198, 1300]], '오', 0.9996526542977477), ([[465, 1255], [579, 1255], [579, 1293], [465, 1293]], '아무것도', 0.9934743642807007), ([[681, 1259], [839, 1259], [839, 1297], [681, 1297]], '체험해볼 순', 0.8255535292921844), ([[976, 1266], [1108, 1266], [1108, 1296], [976, 1296]], '야한 거라고', 0.6378791865644706), ([[425, 1289], [623, 1289], [623, 1327], [425, 1327]], '모른 채 라무가', 0.9799302755183575), ([[702, 1289], [795, 1289], [795, 1331], [702, 1331]], '없으니:', 0.4254499673843384), ([[964, 1294], [1122, 1294], [1122, 1326], [964, 1326]], '유라가 그랫어', 0.6327337665057576), ([[389, 1321], [659, 1321], [659, 1361], [389, 1361]], '자고 있으니 잘 독지!', 0.3361643356838676), ([[451, 1425], [493, 1425], [493, 1467], [451, 1467]], '?', 0.7035883617112546), ([[552, 1492], [606, 1492], [606, 1516], [552, 1516]], '요서해', 0.7204488329934412), ([[554, 1510], [594, 1510], [594, 1540], [554, 1540]], '와무', 0.10508262156445292), ([[803, 1583], [819, 1583], [819, 1605], [803, 1605]], '승', 0.2575285955700224), ([[827, 1663], [851, 1663], [851, 1683], [827, 1683]], '래', 0.3284254723078881), ([[578, 1710], [618, 1710], [618, 1736], [578, 1736]], '3 /', 0.979306677511611), ([[488.08765689447637, 386.0697698140963], [530.5911688700771, 368.0291944122211], [567.9123431055236, 462.9302301859037], [525.4088311299229, 480.9708055877789]], '부', 0.586749383748586), ([[892.4188611699158, 955.2565835097474], [986.2829048604999, 947.4199368310241], [988.5811388300842, 994.7434164902526], [894.7170951395001, 1002.5800631689759]], '딸깎', 0.07332168920148993), ([[93.98055850095412, 1228.087239305534], [198.82410317238495, 1248.557841119219], [187.01944149904588, 1297.912760694466], [82.17589682761505, 1277.442158880781]], '스위치', 0.8730286711597706), ([[809.7390909748573, 1602.0346366069718], [822.2169304578186, 1598.023812939816], [836.2609090251427, 1640.9653633930282], [823.7830695421814, 1644.976187060184]], '들', 0.8855257300484745)]
[([[943, 735], [1053, 735], [1053, 849], [943, 849]], '8', 0.02381201388976706), ([[1017, 657], [1197, 657], [1197, 873], [1017, 873]], '"|이', 0.09855679356114166), ([[768, 900], [1024, 900], [1024, 1026], [768, 1026]], '(뿌의)', 0.03589687868952751), ([[910, 1714], [946, 1714], [946, 1744], [910, 1744]], '32', 0.9985625799424236), ([[747.9364744308797, 469.1426159023337], [1004.8822925745004, 444.31582548187697], [1008.0635255691203, 570.8573840976662], [751.1177074254996, 595.6841745181231]], '5@', 0.5599243946846407)]
[([[216, 118], [1016, 118], [1016, 220], [216, 220]], '둘길 두권 둘권 두권 도권 두권}', 0.1863511050166556), ([[73, 112], [205, 112], [205, 487], [73, 487]], '#', 0.8469439842429125), ([[1023, 116], [1152, 116], [1152, 490], [1023, 490]], '#', 0.779272142363542), ([[495, 657], [606, 657], [606, 743], [495, 743]], '엉?)', 0.9507665134916368), ([[354, 796], [412, 796], [412, 828], [354, 828]], '어머', 0.9994554218647277), ([[311, 829], [443, 829], [443, 869], [311, 869]], '이 무슨. .', 0.6378945711413081), ([[1080, 868], [1118, 868], [1118, 894], [1080, 894]], '까', 0.9384834915527449), ([[1092, 900], [1122, 900], [1122, 930], [1092, 930]], '7', 0.08608021372417429), ([[582, 1712], [624, 1712], [624, 1742], [582, 1742]], '33', 0.9229628218666807)]
[([[464, 130], [530, 130], [530, 182], [464, 182]], '꿀쩍', 0.6949872012225019), ([[1090, 130], [1130, 130], [1130, 162], [1090, 162]], '찌', 0.8415680841363979), ([[1082, 156], [1134, 156], [1134, 238], [1082, 238]], '7', 0.013112383061142374), ([[666, 308], [726, 308], [726, 338], [666, 338]], '어머!', 0.9914271463677365), ([[393, 1219], [493, 1219], [493, 1305], [393, 1305]], '아', 0.9975858018062809), ([[573, 1263], [687, 1263], [687, 1356], [573, 1356]], '축축', 0.5125907710161212), ([[1065.1715728752538, 312.1715728752538], [1122.6970774560853, 294.0460580242875], [1132.8284271247462, 327.8284271247462], [1075.3029225439147, 345.9539419757125]], '7*5', 0.27967430126267384)]
[]
[([[825, 325], [913, 325], [913, 385], [825, 385]], '찌', 0.9749433311827147), ([[620, 400], [770, 400], [770, 500], [620, 500]], '309', 0.17810541178447464), ([[937, 535], [1051, 535], [1051, 651], [937, 651]], '사7', 0.5397059075588921), ([[763, 946], [952, 946], [952, 1048], [763, 1048]], '아앗', 0.7209686271144755), ([[290, 1024], [488, 1024], [488, 1170], [290, 1170]], '해히', 0.008177313787020003), ([[664, 1044], [764, 1044], [764, 1159], [664, 1159]], '2)', 0.052121270329084264), ([[247, 1203], [359, 1203], [359, 1371], [247, 1371]], '%', 0.7930668063672783), ([[376, 1328], [496, 1328], [496, 1492], [376, 1492]], '당', 0.021033002667041112), ([[822, 1758], [852, 1758], [852, 1782], [822, 1782]], '36', 0.9996999276268629), ([[375.1964926239916, 133.05404541753805], [506.9286988137293, 164.07775796230877], [491.8035073760084, 218.94595458246195], [360.0713011862707, 186.92224203769123]], '까앗!', 0.34518457559614785)]
[([[223, 277], [263, 277], [263, 313], [223, 313]], '상', 0.9131838214027574), ([[616, 440], [644, 440], [644, 474], [616, 474]], '8', 0.6978230276655637), ([[696, 478], [758, 478], [758, 526], [696, 526]], '(하우', 0.5939935947070145), ([[1069, 657], [1155, 657], [1155, 709], [1069, 709]], '하아', 0.41592175469384945), ([[759, 820], [839, 820], [839, 869], [759, 869]], '하아', 0.5107655044187231), ([[721, 1038], [878, 1038], [878, 1099], [721, 1099]], '앗 아앗', 0.3419547199441427), ([[780, 1714], [812, 1714], [812, 1742], [780, 1742]], '37', 0.9989302277763635), ([[258.25949761784534, 12.039277607746214], [304.4625629208017, -15.984700104106071], [384.74050238215466, 119.96072239225379], [338.5374370791983, 148.98470010410608]], '주', 0.01959202766441681), ([[839.8696519419524, 91.05823079809906], [921.7102467950388, 128.15448571732898], [817.1303480580476, 354.94176920190097], [735.2897532049612, 317.845514282671]], '?', 0.012551066350183826), ([[148.3935926854461, 181.02631588263023], [258.87184097374194, 256.66665772151276], [221.6064073145539, 309.97368411736977], [111.12815902625806, 233.33334227848724]], "요48'", 0.12191681563854218), ([[621.0298574998546, 479.1194299994187], [651.5218180502856, 461.03418281782984], [687.9701425001454, 526.8805700005813], [657.4781819497144, 544.9658171821702]], '탑', 0.025935626397771694), ([[1107.8918944820552, 940.1243357210427], [1177.6470815663035, 952.1548352604383], [1169.1081055179448, 993.8756642789573], [1100.3529184336965, 982.8451647395617]], "'하아", 0.8281388375096302), ([[719.9161138650585, 1110.3735074356578], [885.560777561822, 1096.7466130141636], [887.0838861349415, 1148.6264925643422], [721.439222438178, 1163.2533869858364]], '아아앗내', 0.1054987758398056)]
[([[761, 133], [823, 133], [823, 169], [761, 169]], '아날', 0.9990023613268656), ([[1112, 146], [1168, 146], [1168, 178], [1112, 178]], '어머', 0.6309485587456901), ([[160, 164], [346, 164], [346, 212], [160, 212]], '어, 어째서', 0.9739783683458663), ([[734, 164], [848, 164], [848, 196], [734, 196]], '세스라고', 0.2482156428282205), ([[1107, 177], [1175, 177], [1175, 213], [1107, 213]], '이건!', 0.865070575523236), ([[134, 196], [380, 196], [380, 265], [134, 265]], "'엉덩이 구멍에", 0.44655822806010276), ([[745, 197], [821, 197], [821, 233], [745, 233]], '하는 .', 0.7540439367294312), ([[182, 256], [338, 256], [338, 308], [182, 308]], '넣는 거야!', 0.8353309273168786), ([[1046, 548], [1074, 548], [1074, 576], [1046, 576]], '0', 0.9998767413930096), ([[975, 561], [1039, 561], [1039, 649], [975, 649]], '몸', 0.574392171486636), ([[967, 637], [1007, 637], [1007, 677], [967, 677]], '0', 0.70639986701838), ([[174, 916], [224, 916], [224, 964], [174, 964]], '야', 0.1562305902894856), ([[1034, 880], [1182, 880], [1182, 1028], [1034, 1028]], '데몸', 0.04088935936103085), ([[678, 1202], [726, 1202], [726, 1256], [678, 1256]], '5', 0.01433367335357616), ([[138.10263340389898, 860.307900211697], [229.84434673354738, 848.4599004639462], [233.89736659610102, 901.692099788303], [142.15565326645262, 912.5400995360538]], '아앗', 0.8121082319863173), ([[145.15798332046344, 977.2897482934367], [241.96485464635055, 966.6309914899764], [244.84201667953656, 1019.7102517065633], [148.03514535364945, 1030.3690085100236]], '아앗', 0.8494286592159784), ([[608.2594976178453, 1103.0392776077463], [658.5059198240493, 1081.0183064281198], [711.7405023821547, 1210.9607223922537], [661.4940801759507, 1232.9816935718802]], '9', 0.05888054221946959), ([[791.1961581007969, 1348.0323604498815], [906.9989941661612, 1418.8581702955155], [860.8038418992031, 1491.9676395501185], [746.0010058338388, 1421.1418297044845]], '벼선', 0.002253152598092499), ([[550.3072240132169, 1347.024025790323], [741.9835575033218, 1434.4267813873691], [703.6927759867831, 1510.975974209677], [513.0164424966782, 1423.5732186126309]], '383적;3', 0.004091945686651866)]
[([[892, 214], [1056, 214], [1056, 264], [892, 264]], '어서 와.', 0.9340000796444585), ([[948, 270], [1056, 270], [1056, 322], [948, 322]], '다짜', 0.9601625160384397), ([[348, 1024], [437, 1024], [437, 1062], [348, 1062]], '98 (', 0.4324238896369934), ([[107, 1726], [365, 1726], [365, 1791], [107, 1791]], '! 3/183', 0.10586029781850022)]
[([[105, 86], [374, 86], [374, 261], [105, 261]], '8#', 0.11361457295705506), ([[404, 1200], [578, 1200], [578, 1394], [404, 1394]], '내', 0.087290738875617), ([[202, 1308], [362, 1308], [362, 1456], [202, 1456]], '주', 0.032717195329281745), ([[930, 1340], [1164, 1340], [1164, 1510], [930, 1510]], '{오', 0.13313837307693185), ([[756, 1496], [1002, 1496], [1002, 1664], [756, 1664]], '{)', 0.0022687002476392696), ([[586, 1708], [628, 1708], [628, 1740], [586, 1740]], '39', 0.9999898004778953), ([[223.3061488532483, 221.46719401556467], [278.25332089623686, 267.6251909718898], [174.6938511467517, 387.5328059844353], [119.74667910376317, 341.3748090281102]], '%', 0.04221243880872394), ([[411.0428759335574, 753.0459097089972], [543.6600874681668, 793.4149061704906], [515.9571240664426, 876.9540902910028], [382.33991253183325, 836.5850938295094]], '{오트', 0.015389650319881251)]
[([[939, 119], [993, 119], [993, 161], [939, 161]], '13', 0.10765250365871665), ([[1047, 110], [1183, 110], [1183, 160], [1047, 160]], '[*/', 0.043234513801006895), ([[787, 207], [879, 207], [879, 293], [787, 293]], "[둠'", 0.05289992948340506), ([[1109, 567], [1149, 567], [1149, 615], [1109, 615]], '8', 0.09241300431199662), ([[157, 669], [195, 669], [195, 729], [157, 729]], '6', 0.9355409488525765), ([[479, 655], [613, 655], [613, 717], [479, 717]], '하아', 0.9996819746947911), ([[889, 658], [1082, 658], [1082, 736], [889, 736]], '7우2 히', 0.033697321626078386), ([[1120, 778], [1176, 778], [1176, 810], [1120, 810]], '따각', 0.0215866449209753), ([[285, 1001], [333, 1001], [333, 1039], [285, 1039]], '4[', 0.6122474346075677), ([[222, 1698], [356, 1698], [356, 1726], [222, 1726]], "쇼, 1'5니니) ", 0.022921542475634306), ([[620, 1708], [664, 1708], [664, 1738], [620, 1738]], '40', 0.9999985670074514), ([[254.20552140300427, 132.6904906657081], [394.3317239423292, 113.24814248137848], [398.79447859699576, 162.3095093342919], [259.6682760576708, 182.7518575186215]], '38 3매', 0.17742608071298288), ([[625.386428008922, 93.02356411598734], [748.7486645491788, 183.0104780211568], [707.613571991078, 238.97643588401266], [585.2513354508212, 148.9895219788432]], '{희외', 0.01882030145301344), ([[1152.771215173368, 448.36429972070954], [1199.0683441214028, 482.5107021301934], [1113.228784826632, 592.6357002792904], [1066.9316558785972, 558.4892978698066]], '움', 0.4321231327057582), ([[666.8266969114231, 1433.0430779953547], [765.5988310810735, 1367.0112101353373], [902.1733030885769, 1600.9569220046453], [803.4011689189265, 1665.9887898646627]], '언', 0.004733029225259033)]
[([[422, 146], [476, 146], [476, 204], [422, 204]], '하', 0.7523232885671547), ([[551, 145], [643, 145], [643, 187], [551, 187]], '흐응~', 0.9038813530207592), ([[799, 163], [841, 163], [841, 203], [799, 203]], '허 ', 0.8896868868553723), ([[853, 163], [953, 163], [953, 205], [853, 205]], '허리가', 0.9998346141188488), ([[549, 183], [643, 183], [643, 223], [549, 223]], '라무~', 0.5715906620025635), ([[809, 201], [911, 201], [911, 245], [809, 245]], '빠져어', 0.8769173726277386), ([[380, 556], [416, 556], [416, 580], [380, 580]], '짜', 0.991104090817263), ([[604, 531], [717, 531], [717, 579], [604, 579]], '시끄러!', 0.9664265513420105), ([[647, 573], [723, 573], [723, 615], [647, 615]], '번 더', 0.9978711009025574), ([[1032, 562], [1134, 562], [1134, 604], [1032, 604]], '뭐하는', 0.931015373753277), ([[506, 618], [540, 618], [540, 650], [506, 650]], '다', 0.9981781205307385), ([[599, 575], [732, 575], [732, 659], [599, 659]], '활 벗:', 0.04711833359107647), ([[1035, 601], [1135, 601], [1135, 641], [1035, 641]], '탓짜-!', 0.21469508784267602), ([[510, 658], [546, 658], [546, 686], [510, 686]], '짜', 0.5046022553597709), ([[1051, 933], [1109, 933], [1109, 969], [1051, 969]], '그럼', 0.9998470103678355), ([[1035, 967], [1125, 967], [1125, 1003], [1035, 1003]], '다음에', 0.9977012379470639), ([[1015, 1001], [1149, 1001], [1149, 1037], [1015, 1037]], '또 올게~', 0.5336275310426511), ([[227, 1083], [295, 1083], [295, 1125], [227, 1125]], '오지', 0.7834687694386004), ([[898, 1296], [1046, 1296], [1046, 1344], [898, 1344]], '[하아-[ 하다증', 0.010711477590282553), ([[964, 1318], [1042, 1318], [1042, 1350], [964, 1350]], '로 하다짜', 0.3368016396592382), ([[630, 1334], [680, 1334], [680, 1364], [630, 1364]], '그것', 0.9999447880748829), ([[744, 1336], [876, 1336], [876, 1366], [744, 1366]], '그러고 나서', 0.999407129926311), ([[1050, 1340], [1160, 1340], [1160, 1372], [1050, 1372]], '벤멘도 참', 0.43282271358610425), ([[615, 1359], [693, 1359], [693, 1395], [615, 1395]], '때문에', 0.9932529947820999), ([[756, 1364], [862, 1364], [862, 1396], [756, 1396]], '몇 번이나', 0.7067361167038291), ([[931, 1359], [1025, 1359], [1025, 1403], [931, 1403]], '7"5"', 0.11244405806064606), ([[1068, 1370], [1144, 1370], [1144, 1400], [1068, 1400]], '너무하', 0.999953955872209), ([[628, 1390], [658, 1390], [658, 1416], [628, 1416]], '나', 0.7543178257556206), ([[744, 1392], [868, 1392], [868, 1422], [744, 1422]], '여러 가지..', 0.6968297761188852), ([[889, 1379], [997, 1379], [997, 1421], [889, 1421]], '3" 무"', 0.06429284401341932), ([[1066, 1396], [1124, 1396], [1124, 1428], [1066, 1428]], '맛짜 .', 0.34791308641433716), ([[1104, 1482], [1130, 1482], [1130, 1512], [1104, 1512]], "3'", 0.23107495576897516), ([[770, 1502], [808, 1502], [808, 1530], [770, 1530]], '오랫', 0.044183753657888555), ([[751, 1541], [819, 1541], [819, 1577], [751, 1577]], '오~같갈', 0.011602376587688923), ([[1104, 1546], [1138, 1546], [1138, 1570], [1104, 1570]], '가아', 0.352362832064226), ([[741, 1563], [847, 1563], [847, 1599], [741, 1599]], '체험해다찌', 0.14182319630996568), ([[1108, 1600], [1132, 1600], [1132, 1628], [1108, 1628]], '3"', 0.8525276058731162), ([[1116, 1626], [1158, 1626], [1158, 1656], [1116, 1656]], '3*7', 0.9307297491750599), ([[1136, 1668], [1162, 1668], [1162, 1694], [1136, 1694]], '39', 0.3135780193452503), ([[596, 1714], [638, 1714], [638, 1744], [596, 1744]], '41', 0.9999941837398596), ([[813.5630812614257, 364.0191263802539], [850.3720996241082, 354.01386503695113], [885.4369187385743, 487.9808736197461], [847.6279003758918, 497.98613496304887]], '동', 0.010747558712337346), ([[488.3729298231972, 546.0494578861421], [520.4842175012442, 537.0294164897979], [542.6270701768028, 616.9505421138579], [510.51578249875587, 626.9705835102021]], '실', 0.307622614966764), ([[826.3425356716738, 1025.1508177761802], [988.4645078641206, 979.3455937645437], [1006.6574643283262, 1061.8491822238198], [844.5354921358794, 1107.6544062354565]], '터드8', 0.06216982639597378), ([[241.00636944292776, 1036.414649718734], [322.99304485746876, 1022.990748803067], [327.99363055707227, 1068.585350281266], [246.00695514253127, 1081.009251196933]], '다신', 0.9944213755425699), ([[299.6546544120074, 1070.2330323536207], [354.018422088654, 1065.3752851403008], [356.3453455879926, 1105.7669676463793], [301.981577911346, 1110.6247148596992]], '마!', 0.7781369614151405), ([[146.2802656784306, 1338.3885579247042], [237.51489374676913, 1329.090675001755], [240.7197343215694, 1366.6114420752958], [149.48510625323087, 1376.909324998245]], '아아', 0.9345463866396891), ([[769.3358994113244, 1525.5038491169864], [809.2577300841207, 1519.0244861763945], [812.6641005886756, 1545.4961508830136], [772.7422699158793, 1550.9755138236055]], '자위', 0.9139869320348958)]
[([[140, 138], [171, 138], [171, 193], [140, 193]], '8', 0.9998561195632796), ([[914, 126], [1000, 126], [1000, 180], [914, 180]], '흥분도".', 0.42608651106760254), ([[617, 145], [731, 145], [731, 273], [617, 273]], '해', 0.1496226714156279), ([[128, 250], [177, 250], [177, 331], [128, 331]], '하유', 0.04341255723519415), ([[112, 362], [220, 362], [220, 441], [112, 441]], "'함짝", 0.4061243327094726), ([[435, 353], [477, 353], [477, 427], [435, 427]], '하', 0.319357966461812), ([[189, 463], [253, 463], [253, 531], [189, 531]], '53', 0.6751690664670782), ([[350, 491], [463, 491], [463, 578], [350, 578]], '화짝', 0.1875514080599638), ([[587, 418], [639, 418], [639, 557], [587, 557]], ';', 0.004686636271209965), ([[155, 689], [233, 689], [233, 725], [155, 725]], '전~부', 0.9998567754766301), ([[601, 695], [765, 695], [765, 731], [601, 731]], '내가 이런 짓율', 0.7559600546802032), ([[165, 723], [223, 723], [223, 759], [165, 759]], '벤', 0.9949072041365525), ([[626, 726], [718, 726], [718, 758], [626, 758]], '할 줄은.', 0.7646039197718216), ([[151, 755], [237, 755], [237, 791], [151, 791]], '때문이', 0.9989443600979088), ([[159, 789], [231, 789], [231, 825], [159, 825]], '맛짜!', 0.32755847218902706), ([[1057, 694], [1143, 694], [1143, 903], [1057, 903]], '탑', 0.028797148204549927), ([[1093, 1041], [1135, 1041], [1135, 1115], [1093, 1115]], '8', 0.03408639053696394), ([[334, 1144], [408, 1144], [408, 1174], [334, 1174]], '벤템이', 0.12547339571353786), ([[157, 1159], [217, 1159], [217, 1195], [157, 1195]], '1아', 0.29413690045063784), ([[306, 1172], [412, 1172], [412, 1204], [306, 1204]], '나쁘닷짜 .', 0.6482233818998078), ([[1078, 1184], [1102, 1184], [1102, 1226], [1078, 1226]], '5', 0.8236332214338837), ([[187, 1213], [249, 1213], [249, 1253], [187, 1253]], '손내', 0.8434130226443681)]
[([[134, 150], [220, 150], [220, 182], [134, 182]], '하지만', 0.9999385390677838), ([[121, 181], [211, 181], [211, 217], [121, 217]], '달림과 .', 0.8233406385635552), ([[659, 555], [675, 555], [675, 577], [659, 577]], '0', 0.9743458277648109), ([[676, 686], [746, 686], [746, 714], [676, 714]], '미안하', 0.9966629147529602), ([[1026, 686], [1100, 686], [1100, 718], [1026, 718]], '처음이', 0.9680265035598762), ([[143, 701], [241, 701], [241, 745], [143, 745]], '위험햇', 0.921753917198719), ([[680, 714], [740, 714], [740, 742], [680, 742]], '다짜!', 0.39955049753189087), ([[998, 713], [1128, 713], [1128, 745], [998, 745]], '아니엇구나!', 0.9682259280075319), ([[149, 741], [239, 741], [239, 781], [149, 781]], '탓짜..', 0.15052254498004913), ([[544, 1026], [713, 1026], [713, 1117], [544, 1117]], '아앗!', 0.7631318952954006), ([[743, 1059], [925, 1059], [925, 1099], [743, 1099]], '달림울 위해서', 0.5655423408209427), ([[1037, 1053], [1133, 1053], [1133, 1091], [1037, 1091]], '어절 수', 0.9958830443709681), ([[733, 1093], [913, 1093], [913, 1135], [733, 1135]], '간칙해놔야지.', 0.6158282612036771), ([[1043, 1085], [1107, 1085], [1107, 1123], [1043, 1123]], '없지.', 0.5228856137709156), ([[584, 1704], [632, 1704], [632, 1736], [584, 1736]], '43', 0.9998835923889712), ([[658.6596398597078, 157.00966153085653], [704.8978823382312, 153.06756312240134], [721.3403601402922, 344.99033846914347], [675.1021176617688, 349.93243687759866]], '통', 0.007715048558993909), ([[843.1352528631909, 217.02879294786408], [929.5671451011749, 177.01237718309415], [1018.8647471368091, 392.9712070521359], [932.4328548988251, 431.98762281690585]], '통', 0.029987105848584328), ([[453.44618589301314, 1419.0219422519656], [507.7820999014302, 1437.8881001053678], [465.55381410698686, 1558.9780577480344], [411.2179000985698, 1541.1118998946322]], '뿐', 0.03177546895864225)]
[([[896, 126], [952, 126], [952, 202], [896, 202]], '위', 0.9966654012615095), ([[153, 489], [357, 489], [357, 627], [153, 627]], '0)', 0.16077313399916948), ([[599, 535], [635, 535], [635, 609], [599, 609]], '주', 0.003055679467784414), ([[453, 765], [519, 765], [519, 809], [453, 809]], '308', 0.5637596845626831), ([[588, 760], [652, 760], [652, 808], [588, 808]], '383', 0.018058953040638738), ([[869, 737], [1077, 737], [1077, 797], [869, 797]], '383 33 사:3', 0.18892372641462463), ([[700, 786], [734, 786], [734, 816], [700, 816]], '어', 0.9999825955194552), ([[745, 783], [803, 783], [803, 821], [745, 821]], '엄청', 0.5943662660167199), ([[169, 805], [255, 805], [255, 841], [169, 841]], '벤치이', 0.21000532746395037), ([[340, 798], [372, 798], [372, 838], [340, 838]], '맛', 0.5031870481709575), ([[676, 813], [811, 813], [811, 855], [676, 855]], '아프다짜 ..', 0.342369318044575), ([[167, 837], [257, 837], [257, 875], [167, 875]], '잘못한', 0.8833392103062714), ([[176, 870], [236, 870], [236, 902], [176, 902]], '거야', 0.9996796929247751), ([[508, 1238], [588, 1238], [588, 1288], [508, 1288]], '3*3', 0.2246358981440915), ([[740, 1236], [814, 1236], [814, 1286], [740, 1286]], '4 3', 0.12432610963560917), ([[153, 1485], [269, 1485], [269, 1549], [153, 1549]], '실은!', 0.6272925910111108), ([[706, 1503], [892, 1503], [892, 1548], [706, 1548]], '그리고 나서', 0.9915138742929519), ([[1010, 1490], [1178, 1490], [1178, 1564], [1010, 1564]], '13833', 0.17997443644802136), ([[664, 1542], [930, 1542], [930, 1592], [664, 1592]], '어떻계 맺냐면~0', 0.27552628359330883), ([[614, 1712], [662, 1712], [662, 1744], [614, 1744]], '44', 0.9999991570631338), ([[497.98081366189746, 78.03714716799517], [711.4448471745508, 125.09665727190462], [680.0191863381026, 242.9628528320048], [467.5551528254493, 195.90334272809537]], '아프', 0.9988291928098049), ([[467.19905537094274, 185.02469700927242], [759.9591425939581, 265.97013436339404], [724.8009446290573, 372.9753029907276], [432.04085740604194, 292.02986563660596]], '다짜))', 0.23777827620506287), ([[614.4089355510745, 642.0350586290252], [652.9043440472152, 659.8765247622279], [617.5910644489255, 735.9649413709748], [580.0956559527848, 718.1234752377721]], '움', 0.11434007776106014)]
[([[1061, 75], [1079, 75], [1079, 107], [1061, 107]], '6', 0.24432961040702494), ([[1060, 104], [1094, 104], [1094, 128], [1060, 128]], '아', 0.9922981122133798), ([[479, 241], [744, 241], [744, 397], [479, 397]], '[획|꾸움', 0.001818532070945106), ([[954, 270], [1102, 270], [1102, 344], [954, 344]], '젓따', 0.024957383363227986), ([[966, 330], [1122, 330], [1122, 426], [966, 426]], '찌뼈', 0.004675411057987536), ([[1070, 552], [1100, 552], [1100, 628], [1070, 628]], '8', 0.7657706210707715), ([[383, 649], [453, 649], [453, 691], [383, 691]], '완전', 0.9999811182640786), ([[113, 703], [183, 703], [183, 741], [113, 741]], '쉬이', 0.9994415156519267), ([[353, 687], [481, 687], [481, 729], [353, 729]], '빠져버럿', 0.8909785747528076), ([[109, 739], [183, 739], [183, 781], [109, 781]], '아앗', 0.6989483204151954), ([[377, 725], [459, 725], [459, 767], [377, 767]], '탓짜!', 0.25175279679487556), ([[94.86430971719834, 377.03397227721234], [386.0312121183666, 426.01039320635573], [352.13569028280165, 581.9660277227877], [60.9687878816334, 533.9896067936443]], '[(교무', 0.00017145817400887609), ([[640.0876568944764, 793.0697698140963], [683.5383602293773, 770.0242014539123], [732.9123431055236, 869.9302301859037], [689.4616397706227, 892.9757985460877]], '알', 0.013112511035585916)]
[([[138, 132], [176, 132], [176, 162], [138, 162]], '아', 0.9994958082735508), ([[188, 132], [222, 132], [222, 162], [188, 162]], '아', 0.9995163072068323), ([[470, 134], [600, 134], [600, 182], [470, 182]], '난 항상', 0.852114539258451), ([[129, 167], [238, 167], [238, 209], [129, 209]], '메이씨', 0.2460987697331213), ([[687, 141], [873, 141], [873, 201], [687, 201]], '더방음 해선', 0.37180893876325766), ([[443, 175], [634, 175], [634, 223], [443, 223]], '피해자라고!', 0.5612155486952652), ([[707, 186], [832, 186], [832, 239], [707, 239]], '안팎어.', 0.6693710088729858), ([[786, 242], [822, 242], [822, 270], [786, 270]], '아', 0.9898248004566454), ([[1044, 688], [1123, 688], [1123, 739], [1044, 739]], '전부', 0.9999510257132871), ([[1030, 732], [1138, 732], [1138, 780], [1030, 780]], '벤치이', 0.1258739472664711), ([[990, 774], [1178, 774], [1178, 822], [990, 822]], '잘못햇다짜', 0.7001635644493776), ([[563, 821], [721, 821], [721, 977], [563, 977]], '잡위', 0.01545553441997602), ([[703, 981], [729, 981], [729, 999], [703, 999]], "'새", 0.8057122938921785), ([[726, 968], [818, 968], [818, 998], [726, 998]], '각하늘 건', 0.329829786590676), ([[748, 996], [782, 996], [782, 1020], [748, 1020]], '모두', 0.6047346098902079), ([[713, 1016], [810, 1016], [810, 1057], [713, 1057]], '똑같다짜 .', 0.5170834276881897), ([[314, 1612], [348, 1612], [348, 1640], [314, 1640]], '소', 0.19864619625253965), ([[624, 1716], [666, 1716], [666, 1748], [624, 1748]], '46', 0.8140492006608443), ([[505.2900074199777, 1624.0640118719643], [632.5936008266003, 1594.7914812828435], [643.7099925800222, 1651.9359881280357], [516.4063991733997, 1682.2085187171565]], '[{완려위퍼"', 0.00020515229955173726)]
[([[994, 888], [1020, 888], [1020, 916], [994, 916]], '{', 0.00511123090870097), ([[1132, 1712], [1168, 1712], [1168, 1742], [1132, 1742]], '47', 0.9994559541320425), ([[249.71035156957134, 192.33465525465192], [307.0118113439882, 234.14844165611916], [208.28964843042866, 361.6653447453481], [150.9881886560118, 319.85155834388087]], '$', 0.9678666501945123), ([[971.7873218748183, 850.1492874992733], [1001.5461627593443, 824.0299188899671], [1062.2126781251816, 899.8507125007267], [1033.4538372406557, 924.9700811100329]], '우', 0.979328102422997), ([[1019.069475506284, 938.0433879172384], [1071.4779221527258, 887.0114270080289], [1229.9305244937161, 1064.9566120827617], [1177.5220778472742, 1115.988572991971]], '%', 0.013228098910767427), ([[1048.7057997834681, 1053.1053786791558], [1097.6279775337207, 1020.0246853217479], [1164.2942002165319, 1129.8946213208442], [1115.3720224662793, 1162.975314678252]], '륙', 0.22664759817513502)]
[([[902.1165477914012, 1677.048930122611], [1063.2566142945288, 1541.2264311660977], [1100.8834522085988, 1602.951069877389], [939.7433857054712, 1737.7735688339023]], '3585', 0.19761675596237183)]
[([[625.3103526837755, 1647.9793174153979], [821.8026311775325, 1576.1072749035388], [846.6896473162245, 1651.0206825846021], [651.1973688224675, 1723.8927250964612]], ';(#(', 0.062229886651039124)]
[([[958.5019462057201, 1680.1128449577523], [1123.3932216484518, 1559.5790047945227], [1163.49805379428, 1633.8871550422477], [998.6067783515482, 1754.4209952054773]], '뽑사뜰8', 0.000619170255959034)]
[([[124, 117], [500, 117], [500, 225], [124, 225]], '##즉금', 0.035524677485227585), ([[676, 86], [1267, 86], [1267, 234], [676, 234]], '묘#캐 @', 0.008873140695004103), ([[277, 336], [416, 336], [416, 366], [277, 366]], ':.47- 1', 0.09300402517877768), ([[683, 325], [1209, 325], [1209, 361], [683, 361]], '*01타스7오- 801< @5/굶다 < *디-275', 0.0004713638813627108), ([[685, 362], [1211, 362], [1211, 399], [685, 399]], '5 *호 균+ [@품가# #한 +최* 디+]5소6+벼', 0.0001960016270800966), ([[150, 392], [190, 392], [190, 418], [150, 418]], '[:', 0.17727222841541165), ([[212, 392], [284, 392], [284, 420], [212, 420]], '[4:', 0.05192363457800521), ([[302, 390], [546, 390], [546, 420], [302, 420]], '군사+지 (*++0) ]', 0.032345215910897104), ([[682, 400], [1210, 400], [1210, 437], [682, 437]], '+5소나 값 25590030 스미; 팀귀*0 1그7', 0.009243051562684703), ([[118, 436], [601, 436], [601, 473], [118, 473]], '화01-812+2 (책묘가당한<6:. 톤0 그', 0.0009181491863102747), ([[685, 437], [1211, 437], [1211, 475], [685, 475]], '65 [제한45말 #소내넣:보교:내디0 디#껴<', 8.48875191917439e-05), ([[100, 478], [599, 478], [599, 510], [100, 510]], '=5*다벼 10타9면#-버껴한다(5+도6:073', 4.236499731300424e-05), ([[682, 476], [1211, 476], [1211, 513], [682, 513]], '{75소6,;-주 4 - 호~나1#하+디}. =저)', 0.0010693601344734416), ([[99, 514], [601, 514], [601, 552], [99, 552]], '5.  좌남 유]0 [#댁 끗 서 태 중사 < *초 0) 북구:', 0.0001857387527832823), ([[682, 511], [1211, 511], [1211, 550], [682, 550]], '0 *) )1-오제]0#]초 [ < < 다소후 #숲0 #스 한', 0.0010107431494576038), ([[95, 553], [603, 553], [603, 589], [95, 589]], '나:. 0내; 3통평7775) 0 지#[없#7', 0.00040002489855866776), ([[684, 554], [874, 554], [874, 586], [684, 586]], ' 초( 2 0 시 <', 0.3712504154978517), ([[888, 554], [1208, 554], [1208, 586], [888, 586]], "후 놔*내<7 7 = '-내자", 0.055906732223525116), ([[96, 591], [603, 591], [603, 629], [96, 629]], '문/호 중9패 )6,8510 짚하하0 2-3스 풀', 0.00031445852022928016), ([[686, 592], [950, 592], [950, 624], [686, 624]], '=^난7*073.', 0.061724204880341846), ([[966, 590], [1196, 590], [1196, 622], [966, 622]], '(후출룻교} 중변다소;', 0.0066164932229771396), ([[98, 633], [341, 633], [341, 663], [98, 663]], '굶내 <학장_애-니*.', 0.0015459176274759047), ([[685, 629], [949, 629], [949, 661], [685, 661]], "8 -쓸*)+75 ) 0) 7'패숨)", 0.004407302082602294), ([[978, 630], [1034, 630], [1034, 660], [978, 660]], '*$ ,', 0.13473068388500192), ([[1045, 627], [1209, 627], [1209, 659], [1045, 659]], '꿈_간@미{소꿈', 0.0027069850380940143), ([[104, 669], [316, 669], [316, 701], [104, 701]], '[느" 1"; \'" .', 0.042423589173305486), ([[348, 670], [614, 670], [614, 696], [348, 696]], '")신)신)보)거:"  ))앙)앙)내 -', 5.7183122600565074e-05), ([[686, 670], [788, 670], [788, 700], [686, 700]], '내와버<', 0.038809627294540405), ([[797, 665], [1125, 665], [1125, 701], [797, 701]], '*0556 [표0 그 = 3 벼#평;', 0.0336109857427341), ([[1134, 666], [1212, 666], [1212, 696], [1134, 696]], '숲홀가', 0.03664862555494357), ([[105, 707], [194, 707], [194, 738], [105, 738]], '[머3+', 0.4380151927471161), ([[210, 706], [390, 706], [390, 738], [210, 738]], '1나 준/<36 ', 0.014991030076295627), ([[684, 702], [1211, 702], [1211, 740], [684, 740]], '숫"70650 갑 느)5굶0#그10730 `7', 0.00436560269162118), ([[105, 745], [220, 745], [220, 778], [105, 778]], '[터내논내', 0.00269994972620187), ([[232, 744], [594, 744], [594, 776], [232, 776]], '채가6 9제0 룩#변소7?*0 ? -', 0.0010653373407638557), ([[684, 739], [1213, 739], [1213, 778], [684, 778]], "'{행내야 51- 07-=-0 *   ) / #현호교 2보호", 0.0033466874087767443), ([[104, 783], [175, 783], [175, 814], [104, 814]], '[벼내)', 0.017313692718744278), ([[188, 782], [472, 782], [472, 814], [188, 814]], '몇있손 쇼; 11931 7화;', 0.005192762876395849), ([[482, 782], [602, 782], [602, 812], [482, 812]], '찾7내 느)', 0.018318661367741223), ([[685, 777], [1211, 777], [1211, 815], [685, 815]], "선 < *+소090 ; 물요호 2 5 50 속올다 * _그 -방신'", 0.0005741109276346587), ([[120, 824], [590, 824], [590, 856], [120, 856]], '(7한6). 틀러 -포{류-버내 ( 쏟:01: 갑', 0.00015796296835343782), ([[685, 815], [1213, 815], [1213, 851], [685, 851]], '1소00 한\'\'0 < 10)0 , 떠":내 느 317*3', 0.0007718968161662406), ([[106, 864], [198, 864], [198, 890], [106, 890]], '[ ?;', 0.03787846863269806), ([[208, 862], [298, 862], [298, 892], [208, 892]], '*57-', 0.5502384901046753), ([[348, 862], [398, 862], [398, 892], [348, 892]], '5쇼', 0.1120517629310373), ([[412, 862], [600, 862], [600, 894], [412, 894]], "'예숨-그1. 군", 0.046230918328053955), ([[686, 852], [1195, 852], [1195, 893], [686, 893]], '그디5)<2"50*5*7350 군-디#소껴#쫓잡 .', 0.00042158285994082454), ([[118, 900], [388, 900], [388, 932], [118, 932]], "+루+그 = 3말숲하' 5. 값", 0.003998214123013073), ([[685, 893], [1213, 893], [1213, 929], [685, 929]], "#미) 사 지청미 ' <나*. #미)'저858 스쇼", 0.004416310089402757), ([[102, 937], [174, 937], [174, 968], [102, 968]], '[벼내) ,', 0.032506331006593885), ([[188, 938], [410, 938], [410, 970], [188, 970]], '95  **내 7당. 갑', 0.00910667754393629), ([[686, 932], [1210, 932], [1210, 964], [686, 964]], "5벼 < 그34870*0 숲넓이없+미) ' 지청2", 0.0011798607277746906), ([[96, 974], [599, 974], [599, 1006], [96, 1006]], '최남015 < " 7 제047#움니디질디처 존화', 0.00015125453207948946), ([[685, 966], [1213, 966], [1213, 1005], [685, 1005]], '0< 7-=-0*다)/호미다\') 가 +" \' )7 출습', 0.009529230671596766), ([[98, 1014], [218, 1014], [218, 1044], [98, 1044]], '2 50 논', 0.4369868798466945), ([[232, 1012], [597, 1012], [597, 1044], [232, 1044]], '속타_016 스#내#*+++버*변 그', 0.0010254837469004304), ([[685, 1003], [1213, 1003], [1213, 1041], [685, 1041]], '허/소75113 . 1소소<{미느*  핸로6 ) @ 쇼출053 5', 0.0018861715714105739), ([[100, 1052], [488, 1052], [488, 1082], [100, 1082]], "=~-변 -솜교125)0) 783. 7'촌", 0.005375353476903386), ([[504, 1051], [600, 1051], [600, 1081], [504, 1081]], '*0 묶#', 0.056219844568265995), ([[684, 1042], [1201, 1042], [1201, 1080], [684, 1080]], '벼-80 그 " 7 * 뤄다) 지23+ -보-0[#경', 0.0018619212273352818), ([[96, 1090], [598, 1090], [598, 1120], [96, 1120]], '1- . 묘 0초$선# 5구 +그10 78 80 숲<', 0.0012118593146839942), ([[686, 1081], [1214, 1081], [1214, 1114], [686, 1114]], '논536* " # . #1*세디후 _ 화 7+*++벼운굶', 0.00018853248427070125), ([[96, 1128], [408, 1128], [408, 1158], [96, 1158]], '벼:-80 화7570) 78소10', 0.016080318701445172), ([[688, 1121], [948, 1121], [948, 1154], [688, 1154]], '01소51소5 *503.', 0.011340532229650153), ([[958, 1120], [1212, 1120], [1212, 1152], [958, 1152]], "#미)'지하-*' 2", 0.014049070382641351), ([[120, 1165], [600, 1165], [600, 1195], [120, 1195]], '*3* + >27속미02 . 묘처해그10<', 0.002102652502057122), ([[685, 1158], [1198, 1158], [1198, 1191], [685, 1191]], '{31*+530) [내 물잎@ 늑물9*73715 쓸% .', 0.0026523477588258223), ([[95, 1201], [589, 1201], [589, 1237], [95, 1237]], '허30 값련 표)손 쇼0  듯#가옆 0 17-료내)-.', 0.0008963257552147297), ([[686, 1193], [1215, 1193], [1215, 1232], [686, 1232]], '숲노0 #복:- 1히+ $#쇼 디5)쇼-#숲{미롭0 2 - 7', 8.742031456699996e-05), ([[98, 1241], [597, 1241], [597, 1271], [98, 1271]], '+10 . [ 0초$ 출:5-3애+00  {*73', 0.000540496071603142), ([[686, 1233], [1227, 1233], [1227, 1269], [686, 1269]], '붉없로/6751*0)47제6   굵4친로+75 2 어소출.', 0.00033812335527362423), ([[98, 1278], [600, 1278], [600, 1310], [98, 1310]], '그*0 -0룩#다 *00 . 9 03루숲1*0 <수', 0.0044635435257927136), ([[692, 1276], [768, 1276], [768, 1304], [692, 1304]], ') ~쇼', 0.0647829968466011), ([[777, 1269], [1215, 1269], [1215, 1305], [777, 1305]], '{미] 좁느* ! "30 출모션 (묘그 = 디{미며뱀', 0.0010981157654827217), ([[98, 1316], [340, 1316], [340, 1348], [98, 1348]], '0버5< 솜?<히05)', 0.015312280056742279), ([[686, 1307], [1215, 1307], [1215, 1345], [686, 1345]], '초#쇼판-2063시*5) - 스#숲출7{*+5', 0.000478719351771467), ([[687, 1344], [1217, 1344], [1217, 1381], [687, 1381]], '음음+으손~ 5 <내: @ 값9 - 쇼#표그 = #홀보다)', 0.0010920911236005262), ([[264, 1384], [402, 1384], [402, 1410], [264, 1410]], '술.^ 7 - 2', 0.0735758277089057), ([[689, 1383], [1215, 1383], [1215, 1419], [689, 1419]], '5073/. __< -? 한한  } 1소뒷최75 50', 0.001907527057669298), ([[181, 1429], [442, 1429], [442, 1462], [181, 1462]], '57-7지 = 저주미) ]', 0.23334619932483203), ([[689, 1422], [1217, 1422], [1217, 1459], [689, 1459]], '디호  존+벼 . #가하다) )지*0#0 출워워없호화', 0.0006214323182325793), ([[690, 1470], [862, 1470], [862, 1500], [690, 1500]], '07?   (#3스;', 0.08264043465989135), ([[871, 1465], [1215, 1465], [1215, 1501], [871, 1501]], '1003,쇼나,소@ ) 2 > 류', 0.00217319615773724), ([[106, 1481], [606, 1481], [606, 1514], [106, 1514]], "한< 8 5#요0 그 = 56-120' . 묘 1 1 - 3", 0.02802542902087727), ([[83, 1519], [156, 1519], [156, 1548], [83, 1548]], '[시간', 0.0013623074670911343), ([[176, 1522], [300, 1522], [300, 1548], [176, 1548]], '2 1 1 - 4;', 0.09259995218601559), ([[310, 1520], [522, 1520], [522, 1548], [310, 1548]], '오시꼴 . ? 1 1 - 5', 0.039659382690803414), ([[534, 1520], [610, 1520], [610, 1550], [534, 1550]], '0 3 7', 0.4031838064743583), ([[689, 1500], [1217, 1500], [1217, 1539], [689, 1539]], "디}  *117 = 고미) 0 즈94-6#3 ') #한", 0.005563521950580172), ([[690, 1546], [760, 1546], [760, 1572], [690, 1572]], '07?', 0.3637838756419729), ([[780, 1542], [1038, 1542], [1038, 1570], [780, 1570]], '11-사- = 저주미) *7', 0.08141514943703347), ([[1053, 1539], [1216, 1539], [1216, 1572], [1053, 1572]], "5가 )3-')", 0.053308007081807614), ([[84, 1558], [609, 1558], [609, 1588], [84, 1588]], '[지굶 딴출 & ) 543 2 간87 내|>-1소훈4주( +표하', 2.2536392411413184e-05), ([[86, 1598], [144, 1598], [144, 1624], [86, 1624]], '나:', 0.07183351126054426), ([[152, 1596], [210, 1596], [210, 1624], [152, 1624]], '7= ;', 0.11141830682754517), ([[220, 1596], [608, 1596], [608, 1626], [220, 1626]], "*041&56*하 ') 4그<겉?그*9", 0.0033329608111863787), ([[690, 1575], [1193, 1575], [1193, 1615], [690, 1615]], '7 =자미)1화<036,70(637움교 ! ?', 0.002058508052074312), ([[84, 1632], [609, 1632], [609, 1664], [84, 1664]], "틈?(  :30 미다 ' 5,073*04. *0<#]", 0.0011959223336307431), ([[692, 1617], [1280, 1617], [1280, 1654], [692, 1654]], "워값 12 ') :0*가. 미.맨- 3 2하30주한6'#내느]", 7.864602101549283e-05), ([[83, 1668], [613, 1668], [613, 1704], [83, 1704]], '5소+,8-주 4 -78*츠-느030 =자미)벼', 0.007862288106222463), ([[668, 1655], [1255, 1655], [1255, 1693], [668, 1693]], "5-발젊다 +0 :화 *30++7벼#하:1소') :내 * 50", 0.000488040999458101), ([[642, 1734], [684, 1734], [684, 1764], [642, 1764]], '50', 0.999932650000384), ([[794, 1730], [914, 1730], [914, 1760], [794, 1760]], '버꼼[ 6 0 쇼', 0.011642374527552865), ([[930, 1728], [980, 1728], [980, 1758], [930, 1758]], '9 터', 0.1462022929198946), ([[1000, 1726], [1048, 1726], [1048, 1758], [1000, 1758]], '8타', 0.12087753373189283), ([[1087, 1712], [1236, 1712], [1236, 1763], [1087, 1763]], '벗묘불3{', 0.024805103704906704)]
[([[527, 96], [763, 96], [763, 126], [527, 126]], '1:8가,,이시', 0.0002573042147116652), ([[203, 195], [278, 195], [278, 228], [203, 228]], '표3   섬', 0.057946610289919126), ([[344, 182], [674, 182], [674, 232], [344, 232]], '[이시 디/1/3', 0.003288372855642526), ([[757, 198], [851, 198], [851, 228], [757, 228]], '빛;품문', 0.021743206307291985), ([[869, 192], [1110, 192], [1110, 222], [869, 222]], '8 5090 3 - 0 3 53', 0.749144436588892), ([[206, 256], [278, 256], [278, 286], [206, 286]], '책다-하', 0.0033303722739219666), ([[344, 244], [714, 244], [714, 292], [344, 292]], '비87드구)시', 0.00020582363593919158), ([[759, 257], [853, 257], [853, 287], [759, 287]], '표요품묶', 0.014481310732662678), ([[872, 257], [1112, 257], [1112, 285], [872, 285]], '5.174148 2 2 8 2', 0.3686795042635755), ([[226, 386], [476, 386], [476, 418], [226, 418]], '1 미 + 3 < )', 0.06322982662792158), ([[510, 386], [626, 386], [626, 414], [510, 414]], '버금주 6 0 쇼', 0.08306352129422137), ([[644, 386], [756, 386], [756, 416], [644, 416]], '3 팀3 1타', 0.11444818696263304), ([[800, 388], [1062, 388], [1062, 414], [800, 414]], '51- 6 101 . 혼:꼴', 0.03896701255470752), ([[228, 434], [342, 434], [342, 464], [228, 464]], '7-+97', 0.15060418257193273), ([[355, 432], [450, 432], [450, 463], [355, 463]], '+)))', 0.5400043725967407), ([[510, 434], [626, 434], [626, 462], [510, 462]], '버금주 6 0 쇼', 0.2517631236717305), ([[642, 434], [754, 434], [754, 462], [642, 462]], '4 턱1 5료', 0.2545833304399615), ([[802, 424], [1064, 424], [1064, 452], [802, 452]], '-이14$ 1 /13오숨다워다', 0.001779715634883757), ([[799, 457], [1075, 457], [1075, 493], [799, 493]], '<3. 616 80)<7한5)', 0.0035341222995154266), ([[228, 482], [448, 482], [448, 510], [228, 510]], ') . 기청)) 크)', 0.03419075003482032), ([[510, 482], [626, 482], [626, 512], [510, 512]], '버금[다 6 0 쇼', 0.039620346315682176), ([[644, 482], [756, 482], [756, 512], [644, 512]], '5 팀1 8타', 0.10434474670803286), ([[232, 527], [348, 527], [348, 557], [232, 557]], '[잠* 6 0 또', 0.09827230328299531), ([[364, 526], [476, 526], [476, 556], [364, 556]], '5 팀19료', 0.08014569708396645), ([[492, 526], [652, 526], [652, 556], [492, 556]], '* 도쭉 1 테국47', 0.001819055020971975), ([[232, 562], [348, 562], [348, 590], [232, 590]], '[금*미 6 0 쇼', 0.028809914159404554), ([[364, 562], [416, 562], [416, 590], [364, 590]], '8팀', 0.1037976526877475), ([[428, 562], [476, 562], [476, 590], [428, 590]], '8타', 0.22084891420397804), ([[536, 560], [652, 560], [652, 590], [536, 590]], '푹 2 비국;7', 0.011227171540174163), ([[244, 630], [874, 630], [874, 662], [244, 662]], "육봇  [습벼표돌[소0 * @ 구솜1: < %로호 중 - 275 ' :3 .", 0.0006605646780225715), ([[244, 661], [1083, 661], [1083, 699], [244, 699]], '책문 (- 벼 유# 0 챔습콤 $ & #3 0 고 6 " 기=+ \' 5소촌백내 <5330 # 5-. 주', 0.00014109638244267324), ([[246, 700], [918, 700], [918, 733], [246, 733]], '분잎 /8 +) :내19 3. 자 " 7 0) $ 3면료 !) # 패#초 : 1내 73 .', 0.0009788625577477892), ([[934, 700], [1078, 700], [1078, 728], [934, 728]], '(1+"내 . 자', 0.10828736633313042), ([[246, 735], [613, 735], [613, 771], [246, 771]], '"7+40 노습성 예롭값 < 1한 5 )', 0.02157703127650357), ([[597, 796], [1031, 796], [1031, 835], [597, 835]], '#0 <  =고추7) 0군-778#:내+', 0.010204803435962669), ([[599, 833], [1041, 833], [1041, 871], [599, 871]], '수타;   =저미) -470 같스 굶다상소< -0', 0.005787058529321661), ([[600, 876], [790, 876], [790, 904], [600, 904]], "?-'+스! 73.", 0.007885115851591467), ([[806, 874], [1042, 874], [1042, 904], [806, 904]], '(7=초:)   스카@ 유벼', 0.01437712247257659), ([[600, 907], [1039, 907], [1039, 945], [600, 945]], "23존?-' #뻗표] < #한나. #+; (스", 0.001469223046746902), ([[599, 942], [1041, 942], [1041, 981], [599, 981]], '활결터숨0 7 시 미+처. -07-,호탑', 0.0007654249100435558), ([[210, 1000], [400, 1000], [400, 1026], [210, 1026]], '어헤훌7드:-시', 2.557502857159948e-05), ([[598, 980], [881, 980], [881, 1017], [598, 1017]], '승,라루 ( 곧+3 느 {표]{ 호 .', 0.0022230657762902944), ([[271, 1081], [1044, 1081], [1044, 1132], [271, 1132]], '1;}; 도교뜻 -72(- 근스소가:(감뜻내* 0073012 @', 0.00033546371169240177), ([[530, 1148], [760, 1148], [760, 1180], [530, 1180]], '[ 1류 # 흙 # ]', 0.04936089963586989), ([[218, 1197], [621, 1197], [621, 1225], [218, 1225]], "=45+ 회느'그내 *1- 8 소#추 내 #나);", 0.0005797982270395632), ([[630, 1198], [1072, 1198], [1072, 1228], [630, 1228]], '-6터내*나;; @쓰+" *0\' 9톱 (5  중', 0.00028933622605519573), ([[214, 1230], [850, 1230], [850, 1268], [214, 1268]], '6/*10 % +듯 : 5 손자 내- . @비- #표다 < < +으한 6) ', 0.003547683208393708), ([[876, 1232], [1079, 1232], [1079, 1268], [876, 1268]], '혼"=" 7 손 163 -', 0.033962521603170905), ([[220, 1274], [424, 1274], [424, 1304], [220, 1304]], '1\' " 7( 한증터 ,', 0.03933260782586208), ([[436, 1275], [736, 1275], [736, 1305], [436, 1305]], '*7729 10  못1*0) 7호.', 0.011023405114010006), ([[807, 1338], [894, 1338], [894, 1369], [807, 1369]], '8 1 - @', 0.5715237603177018), ([[916, 1340], [984, 1340], [984, 1366], [916, 1366]], '3 - 5', 0.7481156575109469), ([[210, 1362], [286, 1362], [286, 1388], [210, 1388]], '꼴드칼7', 0.0006696572527289391), ([[300, 1362], [400, 1362], [400, 1390], [300, 1390]], '씨어디느', 0.006906283553689718), ([[420, 1344], [722, 1344], [722, 1394], [420, 1394]], '[이사디디6', 0.002516673411263712), ([[806, 1378], [894, 1378], [894, 1402], [806, 1402]], '2 빼8 @', 0.05065488346010675), ([[916, 1374], [1026, 1374], [1026, 1402], [916, 1402]], '3 0 ~ 50', 0.6489586110602626), ([[208, 1411], [397, 1411], [397, 1447], [208, 1447]], '[:어마신-7어 ', 0.0012451476457260512), ([[420, 1396], [768, 1396], [768, 1446], [420, 1446]], '[>87긋구-실', 0.00016233164937111226), ([[807, 1411], [894, 1411], [894, 1439], [807, 1439]], '1속+ @', 0.022310982102646187), ([[914, 1414], [1048, 1414], [1048, 1440], [914, 1440]], "미 1 '7.간", 0.007753849166008942), ([[210, 1480], [276, 1480], [276, 1506], [210, 1506]], '모0 나', 0.12576702222487218), ([[297, 1479], [386, 1479], [386, 1509], [297, 1509]], '큰새고 +', 0.02241493695385727), ([[409, 1483], [473, 1483], [473, 1503], [409, 1503]], '8 @ @', 0.23294905274433175), ([[495, 1483], [537, 1483], [537, 1503], [495, 1503]], '리 교', 0.013831360265612602), ([[560, 1476], [668, 1476], [668, 1504], [560, 1504]], '1 .3 1', 0.047588281138161125), ([[689, 1477], [790, 1477], [790, 1506], [689, 1506]], '1 어5 @,', 0.023531897104678626), ([[799, 1477], [864, 1477], [864, 1505], [799, 1505]], '5나 +', 0.16033594845434673), ([[884, 1482], [954, 1482], [954, 1506], [884, 1506]], '~ 0 내', 0.1072773287522291), ([[974, 1478], [1060, 1478], [1060, 1504], [974, 1504]], "10피'", 0.24345117807388306), ([[215, 1509], [275, 1509], [275, 1529], [215, 1529]], '8 @ @', 0.10160338719508542), ([[298, 1506], [346, 1506], [346, 1530], [298, 1530]], '1 +', 0.8624131682993865), ([[211, 1528], [280, 1528], [280, 1556], [211, 1556]], '[소 ~', 0.020269743295664104), ([[298, 1526], [387, 1526], [387, 1557], [298, 1557]], '<교교+', 0.02615218795835972), ([[409, 1533], [473, 1533], [473, 1553], [409, 1553]], '~ 0 나', 0.2664367271603191), ([[499, 1531], [565, 1531], [565, 1551], [499, 1551]], '8 6 6', 0.396403042585364), ([[582, 1526], [650, 1526], [650, 1552], [582, 1552]], '1 + ?', 0.9549950428062233), ([[212, 1554], [364, 1554], [364, 1578], [212, 1578]], '8 @ < 교나 8 @', 0.07555361939042972), ([[384, 1556], [454, 1556], [454, 1580], [384, 1580]], '~ 0 ', 0.17180104891672782), ([[472, 1552], [606, 1552], [606, 1578], [472, 1578]], '1 0 58@ +', 0.155336049036093), ([[628, 1552], [668, 1552], [668, 1576], [628, 1576]], '+ 0', 0.35163100253709484), ([[692, 1550], [802, 1550], [802, 1576], [692, 1576]], '1 5@라물', 0.007650471583735358), ([[865, 1549], [986, 1549], [986, 1578], [865, 1578]], '치5@라물.', 0.006393897979014728), ([[209, 1577], [290, 1577], [290, 1604], [209, 1604]], '1 0 참,', 0.030619864505586833), ([[298, 1576], [386, 1576], [386, 1602], [298, 1602]], "1 6 +'$", 0.4427372192180452), ([[406, 1576], [478, 1576], [478, 1602], [406, 1602]], '1 1 %', 0.0352057454567456), ([[495, 1581], [517, 1581], [517, 1601], [495, 1601]], '교', 0.015376465132416195), ([[538, 1576], [666, 1576], [666, 1602], [538, 1602]], '예5풍라교 !', 0.0024516929565061856), ([[600, 1712], [634, 1712], [634, 1736], [600, 1736]], '5 /', 0.3406769633293152)]
[([[916, 264], [1110, 264], [1110, 294], [916, 294]], '사간-7긋:)-', 5.820148212204658e-05)]
[([[601, 71], [771, 71], [771, 113], [601, 113]], '5..: 새설', 0.010194165160298639), ([[1054, 228], [1100, 228], [1100, 260], [1054, 260]], '나', 0.9995462217250441), ([[141, 187], [203, 187], [203, 385], [141, 385]], '없', 0.001168699024867173), ([[1059, 281], [1095, 281], [1095, 333], [1059, 333]], '눈', 0.3258246232651665), ([[139, 387], [203, 387], [203, 641], [139, 641]], '#', 0.05809436553137126), ([[405, 1546], [594, 1546], [594, 1614], [405, 1614]], '36153', 0.23176793491198294), ([[321, 1611], [399, 1611], [399, 1673], [321, 1673]], '6둠', 0.0015485150106749465), ([[392, 1596], [590, 1596], [590, 1700], [392, 1700]], "'도총30", 0.0021544125756683395), ([[611, 1719], [629, 1719], [629, 1743], [611, 1743]], '5', 0.8422132747686462)]
[([[883, 185], [987, 185], [987, 277], [883, 277]], '사', 0.6880336958003888), ([[860, 276], [934, 276], [934, 350], [860, 350]], '대', 0.771288518377844), ([[545, 1027], [611, 1027], [611, 1069], [545, 1069]], '달림', 0.9396310654103668), ([[230, 1234], [262, 1234], [262, 1264], [230, 1264]], '나', 0.999916078420938), ([[216, 1266], [274, 1266], [274, 1298], [216, 1298]], '원지', 0.14799597516101798), ([[201, 1297], [287, 1297], [287, 1333], [201, 1333]], '무서워', 0.992168885972124), ([[141, 1347], [199, 1347], [199, 1383], [141, 1383]], '너무', 0.9999631638531183), ([[137, 1377], [199, 1377], [199, 1417], [137, 1417]], '행복', 0.9997007704898443), ([[133, 1413], [197, 1413], [197, 1449], [133, 1449]], '해서.', 0.8371951566928771), ([[727.0427285222872, 602.658095532463], [1048.5006128030848, 449.69144732870046], [1102.9572714777128, 602.341904467537], [781.4993871969152, 755.3085526712995]], '[권 )', 0.02358165569603443)]
[([[1067, 89], [1123, 89], [1123, 125], [1067, 125]], '굽이', 0.7005415851785823), ([[1066, 120], [1120, 120], [1120, 152], [1066, 152]], '라면', 0.9999763135533013), ([[706, 278], [809, 278], [809, 317], [706, 317]], '굽이라면', 0.8191006183624268), ([[706, 310], [808, 310], [808, 342], [706, 342]], '깨어나지', 0.9998990893363953), ([[705, 339], [789, 339], [789, 375], [705, 375]], '말아쥐.', 0.6152092814445496), ([[526, 588], [560, 588], [560, 618], [526, 618]], '나', 0.9999105950312384), ([[563, 579], [652, 579], [652, 624], [563, 624]], '정말로', 0.999980866531239), ([[546, 616], [634, 616], [634, 657], [546, 657]], '달림의', 0.9777122744819836), ([[549, 651], [637, 651], [637, 687], [549, 687]], '아내가', 0.999286038258531), ([[525, 681], [663, 681], [663, 723], [525, 723]], '된 거다짜!', 0.33933541767890874), ([[360, 1058], [414, 1058], [414, 1090], [360, 1090]], '달림', 0.9886101930393418), ([[509, 1427], [563, 1427], [563, 1463], [509, 1463]], '달림', 0.989254117458924)]
[([[747, 1035], [813, 1035], [813, 1077], [747, 1077]], '달림', 0.9842023126444217), ([[746, 1082], [788, 1082], [788, 1114], [746, 1114]], '나.', 0.8793034313210535), ([[679, 1116], [864, 1116], [864, 1165], [679, 1165]], '부끄럽다짜 .', 0.3570029477563148), ([[1035, 1431], [1095, 1431], [1095, 1545], [1035, 1545]], '$', 0.020712217062721416), ([[643, 1713], [661, 1713], [661, 1739], [643, 1739]], '8', 0.9999986886982448), ([[294.0082135870646, 88.09034945771052], [496.4821174244654, 49.61516437371564], [519.9917864129354, 241.90965054228948], [317.5178825755346, 280.38483562628437]], '71', 0.02108479675555054), ([[413.50680303808394, 270.04081822850355], [435.24222795605095, 281.00690848351024], [406.49319696191606, 335.95918177149645], [385.75777204394905, 324.99309151648976]], '8', 0.7467638544981448), ([[1081.3598156003354, 778.2317787204026], [1108.9899494936612, 782.8585786437627], [1107.6401843996646, 791.7682212795974], [1079.0100505063388, 787.1414213562373]], '3애-', 0.0003290573444987111)]
