2244496
251
[([[1000, 14], [1096, 14], [1096, 44], [1000, 44]], '편어행)', 0.0001824438659241423), ([[1004, 40], [1094, 40], [1094, 94], [1004, 94]], '[18', 0.05917547666076488), ([[1000, 88], [1096, 88], [1096, 114], [1000, 114]], '탁 시미 |', 0.09841118294340588), ([[996, 128], [1042, 128], [1042, 152], [996, 152]], '[표사;', 0.008515852908548888), ([[1009, 115], [1101, 115], [1101, 155], [1009, 155]], '떤 털@', 0.011635449241960751), ([[246, 377], [379, 377], [379, 426], [246, 426]], '%', 0.01763010513792551), ([[412, 372], [792, 372], [792, 426], [412, 426]], '텍어묘*내내트@출번출', 0.00014034686840273667), ([[0, 567], [503, 567], [503, 739], [0, 739]], ' 스소 @워@ ', 0.003024494105471089), ([[134, 708], [562, 708], [562, 832], [134, 832]], '돌소 중안 %발', 0.0003042502367036519), ([[476, 774], [556, 774], [556, 822], [476, 822]], '메0', 0.23983043063013912), ([[661, 753], [1099, 753], [1099, 797], [661, 797]], '5구자 80825313 + 초3 8자{7#', 0.011472238435878438), ([[664, 791], [1016, 791], [1016, 835], [664, 835]], '습톱370 고@맵터0크 -소뼈', 8.348199763498555e-05)]
[([[1294, 116], [1476, 116], [1476, 166], [1294, 166]], '[부탁드려요:"', 0.42330471322563673), ([[1232, 163], [1535, 163], [1535, 218], [1232, 218]], '좋아이늄아직 처녀에요', 0.15665701195264992), ([[410, 234], [790, 234], [790, 288], [410, 288]], '모진음자신의 딸음-기키기위해', 0.08585493500993759), ([[1178, 208], [1590, 208], [1590, 264], [1178, 264]], '저라면-몇번올범하서도 괜찮으니;', 0.23700489877443862), ([[460, 281], [746, 281], [746, 336], [460, 336]], '쓰퇴다리름벌리면서', 0.21208365759122383), ([[1250, 258], [1524, 258], [1524, 312], [1250, 312]], '부미-야이만큼은 " ]', 0.12390258333243848), ([[456, 328], [748, 328], [748, 384], [456, 384]], '복종의 자세로애원하다', 0.6412078917693909)]
[]
[([[870, 172], [1234, 172], [1234, 222], [870, 222]], '(웃음 수 있는 것도 지금붙이야', 0.25274537327227287), ([[826, 218], [1284, 218], [1284, 272], [826, 272]], '고불린의 자식 따위 당계 두지 압켓어)', 0.24866602012425193), ([[770, 312], [1340, 312], [1340, 364], [770, 364]], '리데이아는 강한 의지틀 마음에 새기려 속삭인다:', 0.233081730775091)]
[([[868, 172], [1234, 172], [1234, 220], [868, 220]], '(웃올 수 있는 것도 지금분이야', 0.5075772249559106), ([[828, 220], [1280, 220], [1280, 270], [828, 270]], '고불린의 자식 따위 낭계 두지 않켓어 )', 0.3164604903263638), ([[770, 310], [1336, 310], [1336, 362], [770, 362]], '리데이아논 강한 의지틀 마음에 새기다 속삭인다:', 0.13591922010414248)]
[([[868, 172], [1234, 172], [1234, 220], [868, 220]], '(웃올 수 있는 것도 지금분이야', 0.5584188487036233), ([[828, 220], [1280, 220], [1280, 268], [828, 268]], '고불린의 자식 따위 낭제 두지 압격어 )', 0.28315646514921056), ([[770, 312], [1336, 312], [1336, 362], [770, 362]], '리데이아는 강한 의지틀 마음에 새기미 속삭인다.', 0.42574951551951695)]
[([[868, 172], [1234, 172], [1234, 220], [868, 220]], '(웃올 수 있는 것도 지금분이야', 0.621295335665936), ([[828, 220], [1280, 220], [1280, 268], [828, 268]], '고불린의 자식 따위 낭게 두지 않격어 )', 0.3098668416314346), ([[770, 312], [1336, 312], [1336, 362], [770, 362]], '리데이아는 강한 의지틀 마음에 새기미 속삭인다.', 0.42757151123793025)]
[([[533, 581], [860, 581], [860, 739], [533, 739]], "'-", 0.009764460285283943)]
[([[453, 269], [1105, 269], [1105, 329], [453, 329]], '남자들음--제번찍리데이야의안에질내사정올하다;', 0.11015872002451257), ([[644, 366], [916, 366], [916, 420], [644, 420]], '악감음물론임지만', 0.31768176536590736), ([[461, 411], [1097, 411], [1097, 471], [461, 471]], '진해감옥예_물욕전인생활음-속하고있터탓인지;', 0.010927435067038577), ([[544, 460], [1018, 460], [1018, 516], [544, 516]], '@사람되빠지지언고사정음계속해다', 0.060761072835306296), ([[572, 603], [750, 603], [750, 732], [572, 732]], '꾸', 0.007504617773117284)]
[([[86, 210], [430, 210], [430, 620], [86, 620]], '##', 0.32913596330223815), ([[91.74519190233455, 90.06056938342269], [1056.285377858545, 6.730667580116428], [1054.2548080976655, 359.93943061657734], [90.71462214145512, 442.2693324198836]], '### ####', 0.3135571176003813)]
[([[1190, 128], [1398, 128], [1398, 180], [1190, 180]], '약속의 저녁시간:', 0.7418326661780303), ([[1102, 220], [1486, 220], [1486, 274], [1102, 274]], '리데이아는 수백 명 분의 정액올', 0.5958232034414495), ([[1176, 266], [1412, 266], [1412, 323], [1176, 323]], '자궁에 받아들없다;', 0.7241916079801085), ([[150, 396], [448, 396], [448, 448], [150, 448]], '물론 모든 정액올 자궁에', 0.6893116635404105), ([[150, 441], [442, 441], [442, 496], [150, 496]], '모아두는 것은 불가능해', 0.8583004625136985), ([[170, 490], [428, 490], [428, 540], [170, 540]], '대부분은 다리 타고', 0.9960203533687293), ([[194, 540], [402, 540], [402, 588], [194, 588]], '바닥에 떨어쨌다:', 0.23380597114701726), ([[93.99398780165873, 137.4681353487913], [1038.3078145166635, 16.591784207929656], [1047.0060121983413, 243.5318646512087], [102.69218548333662, 364.40821579207034]], '### # # # #', 0.7667122010147969), ([[494.7006907929137, 167.0980822770902], [1049.0533299036897, 111.73471074355503], [1052.2993092070863, 337.9019177229098], [496.94667009631024, 393.265289256445]], '## ##', 0.5880345611951477), ([[118.96202192539079, 262.160738129962], [361.2968035879055, 238.56709795688715], [365.0379780746092, 350.839261870038], [122.7031964120945, 374.43290204311285]], '빼 #', 0.18627449310490263)]
[([[497, 185], [635, 185], [635, 367], [497, 367]], '#', 0.47158748791866856), ([[610.294091813763, 29.03465861856799], [1048.6767360021481, -7.686893666873598], [1055.7059081862371, 358.96534138143204], [617.3232639978519, 395.6868936668736]], '###', 0.7233621549675556), ([[-49.98958281308447, 263.0843842084049], [572.9489756975845, -201.7738894630914], [783.9895828130844, 191.91561579159512], [160.0510243024155, 657.7738894630915]], '#', 0.07785532667652717)]
[([[360, 106], [608, 106], [608, 156], [360, 156]], '따아니에요 괜찮아요', 0.44384716072772856), ([[1186, 108], [1590, 108], [1590, 162], [1186, 162]], '모센의다리 사이에 있눈-고불린은', 0.22428684457954398), ([[324, 154], [648, 154], [648, 208], [324, 208]], '보지가 빨강계 분을 때까지 ', 0.22449335323185868), ([[1190, 156], [1584, 156], [1584, 210], [1190, 210]], '약의에가득찬 웃음올 따고있다;', 0.29768889922356595), ([[284, 199], [694, 199], [694, 255], [284, 255]], '뒤집어집때까지전름 범해주세요', 0.4119630669125736), ([[361, 243], [617, 243], [617, 305], [361, 305]], '그러마말만큼은]', 0.023510642373572612), ([[1306, 248], [1470, 248], [1470, 304], [1306, 304]], '러분인혼자서', 0.1111481767200019), ([[1222, 294], [1558, 294], [1558, 350], [1222, 350]], '우리들올 모분만족시키다간 ', 0.19136883638329757), ([[1284, 344], [1492, 344], [1492, 398], [1284, 398]], '몸이망가진다고', 0.20051525974205786), ([[1282, 392], [1492, 392], [1492, 440], [1282, 440]], '딸도그런엄마가', 0.6162003840144071), ([[1262, 438], [1516, 438], [1516, 490], [1262, 490]], '보고심제않다늄데;]', 0.32932019021891457)]
[([[1048, 132], [1458, 132], [1458, 184], [1048, 184]], '고불린이 다가와 질 안을 살펴본다;', 0.3741707816292358), ([[380, 188], [632, 188], [632, 290], [380, 290]], '그 #', 0.01776823377038754), ([[1152, 226], [1352, 226], [1352, 276], [1152, 276]], '사람의 폐니스는', 0.9160136047890555), ([[206, 273], [504, 273], [504, 324], [206, 324]], '[잘버트구나 풀어주마:]', 0.34879805859956664), ([[1064, 272], [1436, 272], [1436, 326], [1064, 326]], '고불린의 것과 비교하면 작지만', 0.9464785696414553), ([[1040, 320], [1464, 320], [1464, 372], [1040, 372]], '경험이 적없던 리데이야의 질 입구름', 0.2446355371015484), ([[125, 299], [391, 299], [391, 485], [125, 485]], '##', 0.3532071990371021), ([[1020, 368], [1482, 368], [1482, 418], [1020, 418]], '아플 정도로 부풀어 오르게 할 정도로는', 0.4557569403032886), ([[1150, 416], [1356, 416], [1356, 466], [1150, 466]], '충분한 숫자없다:', 0.43447115885954835), ([[143, 471], [261, 471], [261, 587], [143, 587]], '싸', 0.2754653440716801), ([[97.92136862846382, 157.29898000516548], [1024.2774912663183, 4.246237215891963], [1032.0786313715362, 137.70101999483452], [106.72250873368178, 289.75376278410806]], '##략 빠 빠 빼빠', 0.013446255281604463), ([[627.8154063071289, 162.09563190126946], [1035.7562991781813, 111.0652935292547], [1045.1845936928712, 325.9043680987306], [638.2437008218187, 377.9347064707453]], '# # #', 0.12758630901724302), ([[793.9947012387096, 238.16873730838643], [1037.5948934692094, 215.36544301864777], [1040.0052987612905, 320.8312626916136], [796.4051065307907, 343.63455698135226]], '##', 0.05793446481525126)]
[([[501, 185], [637, 185], [637, 367], [501, 367]], '#', 0.8518601920393998), ([[731, 0], [1075, 0], [1075, 372], [731, 372]], "'##", 0.646140248416887), ([[-52.89186045439118, 268.0789536846414], [568.6242559339269, -202.92852014652834], [782.8918604543911, 190.92104631535858], [160.37574406607308, 661.9285201465283]], '@다', 0.0021896333436038752), ([[625.7688266954876, 168.0399311105087], [768.4970583144992, 146.0058833710016], [793.2311733045124, 359.9600688894913], [650.5029416855008, 381.9941166289984]], '#', 0.9829042221672921)]
[([[504, 188], [632, 188], [632, 292], [504, 292]], '#', 0.12908084788787821), ([[944, 230], [1046, 230], [1046, 286], [944, 286]], '우', 0.09298863090574461), ([[1080, 234], [1268, 234], [1268, 286], [1080, 286]], '(드디어 끝낚어:', 0.5370813658658012), ([[940, 278], [1426, 278], [1426, 330], [940, 330]], '다음은 고불런 한 마리만 상대하면 뒷없지', 0.42791947644373646), ([[976, 327], [1396, 327], [1396, 379], [976, 379]], '괜찮아; 아프지만 아직은 괜찮아 )', 0.5389072507884207), ([[-26.38772338250586, 210.1025641886533], [888.1652385464018, -281.5821752322513], [1051.3877233825058, 156.8974358113467], [136.8347614535982, 649.5821752322513]], '#다', 0.05711532265034192), ([[623.8408175238028, 157.08981028563312], [1041.5143701341858, 105.40096312323112], [1051.1591824761972, 328.9101897143669], [634.4856298658143, 381.5990368767689]], '##뺨', 0.22814385347324118)]
[]
[([[64, 134], [476, 134], [476, 186], [64, 186]], '백명올 넘는 육봉올 받아들인 결과', 0.49270697829495147), ([[136, 182], [394, 182], [394, 230], [136, 230]], '리데이아의 질 입구논', 0.6400410393056241), ([[102, 226], [428, 226], [428, 276], [102, 276]], '완전히 조임올 원게 되있다;', 0.5116390428272527), ([[22, 322], [506, 322], [506, 374], [22, 374]], '조금이라도 모은 정액올 흘리지 암기 위해', 0.7870655960093416), ([[48, 366], [478, 366], [478, 420], [48, 420]], '리데이아눈엉덩이름 높제 든 자세로', 0.24934906608611707), ([[148, 414], [380, 414], [380, 464], [148, 464]], '고불린올 기다하다;', 0.25567127295379444), ([[1328, 551], [1559, 551], [1559, 613], [1328, 613]], '월콤대에세해방된', 0.008858042075703228), ([[1369, 603], [1515, 603], [1515, 651], [1369, 651]], '티데이아블', 0.07912368317703235), ([[1321, 647], [1567, 647], [1567, 707], [1321, 707]], '전율빌레몸에 물은', 0.12445760553097608), ([[1350, 697], [1536, 697], [1536, 753], [1350, 753]], '정액올 닦앉다;', 0.4036209191204301)]
[([[44, 185], [414, 185], [414, 238], [44, 238]], "''아니 범하는 건 내가 아니야 _", 0.5742919662352833), ([[44, 280], [417, 280], [417, 333], [44, 333]], '그말과 동시에 계단을 올라오는', 0.6826759950069109), ([[86, 325], [377, 325], [377, 379], [86, 379]], '작은 발소리가 들려온다;', 0.598602866688615), ([[1302, 552], [1586, 552], [1586, 608], [1302, 608]], '[탤으전빨레없어서', 0.011680238824927552), ([[1370, 600], [1518, 600], [1518, 652], [1370, 652]], '미름범해]', 0.46722122870221544), ([[1300, 694], [1584, 694], [1584, 744], [1300, 744]], '리데이아의 옆에 서있든', 0.14685907256572422), ([[1328, 742], [1552, 742], [1552, 792], [1328, 792]], '교불린에제 얼굴올', 0.34253829236709743), ([[1318, 786], [1568, 786], [1568, 842], [1318, 842]], '보지압음 채 말한다;', 0.12104295818246989)]
[]
[([[510, 78], [750, 78], [750, 128], [510, 128]], '말도안 되는 크기의', 0.3399406571175288), ([[504, 124], [754, 124], [754, 172], [504, 172]], '폐니스틀 리데이아의', 0.398342632085928), ([[510, 170], [752, 170], [752, 224], [510, 224]], '다리 사이에 놓논다;', 0.35956171069146475), ([[114, 200], [424, 200], [424, 250], [114, 250]], '다부진 폐니스의 중량감은;', 0.6946756887667915), ([[144, 248], [400, 248], [400, 296], [144, 296]], '약한 소리블 참아몰다', 0.024538759657138105), ([[170, 292], [378, 292], [378, 342], [170, 342]], '벽올 허물어간다;', 0.5486589815292461), ([[1314, 636], [1556, 636], [1556, 688], [1314, 688]], '캠리고기발소리의', 0.04997774815069042), ([[1308, 682], [1561, 682], [1561, 738], [1308, 738]], '주인공은리데이아의', 0.8209793412659216), ([[1358, 734], [1510, 734], [1510, 784], [1358, 784]], '정면에 서서', 0.9488411547530947), ([[1340, 776], [1526, 776], [1526, 832], [1340, 832]], '잔지틀 내민다;', 0.3114808279532956)]
[([[600, 122], [1188, 122], [1188, 176], [600, 176]], "'기다려. 무리야 . 그렇게 근게 들어갈리가없에", 0.2861974809414142), ([[550, 167], [1238, 167], [1238, 223], [550, 223]], '절대로 무리야 이건 내 허녁지와 거의 비슷안 크기잡아]', 0.22925947461289836), ([[716, 264], [1072, 264], [1072, 320], [716, 320]], '커다람 공포에 말이빨라진다', 0.3401607958393857), ([[622, 354], [1163, 354], [1163, 411], [622, 411]], '반대로 고불런음 전전히리데이아에제말하다;', 0.3900554230956293), ([[658, 450], [1126, 450], [1126, 504], [658, 504]], '@안들어갈리가 없집야 덩으편된다고', 0.06978205681635918), ([[656, 496], [1126, 496], [1126, 552], [656, 552]], '실확실해 문리해서 넣다가 찢어제버부', 0.17015895136526332), ([[704, 544], [1082, 544], [1082, 600], [704, 600]], '앞컷되패릿간 햇지만 말이진:]', 0.05133102623450417)]
[([[416, 96], [692, 96], [692, 146], [416, 146]], '고불린은 리데이아에제', 0.4581534979158341), ([[420, 144], [692, 144], [692, 198], [420, 198]], '깊게 박아 넣으려논듯', 0.4657390149568989), ([[370, 190], [742, 190], [742, 244], [370, 244]], '허녁지 위에 다리틀 올려놓는다', 0.20124005145374255), ([[1209, 735], [1519, 735], [1519, 795], [1209, 795]], '[웨이정도되풀어낯으니', 0.04045598921214506), ([[1218, 786], [1506, 786], [1506, 840], [1218, 840]], '쉽제 찢어지지문앞켓지:', 0.22607859149839143), ([[1295, 827], [1439, 827], [1439, 888], [1295, 888]], "'어디보자]", 0.608195777890397)]
[([[96, 94], [682, 94], [682, 150], [96, 150]], '짐승 같은 아생의 냄새에 수컷의 땀이 응축원 냄새;', 0.3075875755797895), ([[1120, 88], [1380, 88], [1380, 136], [1120, 136]], '모친의 비통한 애원도', 0.7740555850788597), ([[1078, 136], [1426, 136], [1426, 186], [1078, 186]], '딸인리즈에제논 당지 않있다 ', 0.3004922717166976), ([[114, 188], [668, 188], [668, 242], [114, 242]], '리즈는 코로 숨 쉬논 것음 열심히 참아보앗지만;', 0.2343704156350355), ([[192, 235], [587, 235], [587, 290], [192, 290]], '그래도 비명올 지틀 것만 같앉다;', 0.6588335719774747), ([[1058, 226], [1442, 226], [1442, 280], [1058, 280]], '그건 처음 본 폐니스 때문이없다', 0.8227461330229874), ([[56, 330], [158, 330], [158, 380], [56, 380]], '(문서워:', 0.8657947331597936), ([[176, 330], [726, 330], [726, 382], [176, 382]], '아빠; 빨리 돌아와 쥐;리즈와 엄마을 도와쥐 )', 0.3555152993016274)]
[]
[([[1130, 692], [1506, 692], [1506, 746], [1130, 746]], '폐니스 끝부분이크게입올 벌린', 0.1343809813276936), ([[1136, 740], [1500, 740], [1500, 794], [1136, 794]], '리데이야의여성기름 포착한다.', 0.3242529506691263), ([[1178, 832], [1464, 832], [1464, 886], [1178, 886]], '[그럼 운명의여신님음', 0.3751942924659762), ([[1146, 879], [1496, 879], [1496, 936], [1146, 936]], '어넘쪽에 미소 지어주실까?', 0.3520014671463085), ([[1164, 972], [1474, 972], [1474, 1026], [1164, 1026]], '고불린은 그대로 폐니스에', 0.8691680444681397), ([[1186, 1022], [1452, 1022], [1452, 1070], [1186, 1070]], '온몸의 무게릎 싣는다;', 0.23199523019988633)]
[]
[([[126, 91], [360, 91], [360, 147], [126, 147]], '어떤인간의 폐니스', 0.782084899341725), ([[12, 138], [484, 138], [484, 191], [12, 191]], '아니 전에 고불린에게 범해젊올 때에도', 0.4671695393184374), ([[96, 184], [402, 184], [402, 240], [96, 240]], '이정도의아픔은없없다;', 0.36730776462499415), ([[1189, 672], [1592, 672], [1592, 728], [1189, 728]], "'아아아아이아아아아아아아앗]]", 0.23413583951074826), ([[1216, 768], [1560, 768], [1560, 824], [1216, 824]], '광장에 있넘모든 사람들에게', 0.16916931054460066), ([[1284, 816], [1498, 816], [1498, 868], [1284, 868]], '들질정도의절규.', 0.053330917163583264)]
[([[934, 206], [1367, 206], [1367, 263], [934, 263]], '고불린의 거대한 폐니스는반 정도의', 0.5848378840749974), ([[932, 255], [1371, 255], [1371, 310], [932, 310]], '길이틀 남겨농음채로 자궁에 당논다', 0.19997681556852046), ([[934, 350], [1368, 350], [1368, 404], [934, 404]], '자궁에 미처 들어가지 못해던 정액이', 0.19970099555805135), ([[980, 396], [1322, 396], [1322, 450], [980, 450]], '틈새에서 분수처럼역류하다;', 0.2983806007853962)]
[([[174, 70], [486, 70], [486, 120], [174, 120]], "'하지만 리데이아눈 고통에", 0.33502565419736335), ([[158, 116], [502, 116], [502, 170], [158, 170]], '그런결신경 쓸 겨름이없다:', 0.37964702754781127), ([[149, 160], [511, 160], [511, 220], [149, 220]], '고통에 정신올 입올 것만 같다;', 0.1730270091859867), ([[211, 255], [448, 255], [448, 310], [211, 310]], '고불린은 자비 없이', 0.9328300100015352), ([[184, 304], [478, 304], [478, 354], [184, 354]], '폐니스에 무게릎 싣문다;', 0.12830875379507278), ([[1187, 592], [1526, 592], [1526, 653], [1187, 653]], '따아입만 기것반-절이다', 0.010025618887781166), ([[1200, 644], [1514, 644], [1514, 698], [1200, 698]], '결천세정자름덩어겨논데', 0.0543235185694236), ([[1160, 690], [1558, 690], [1558, 746], [1160, 746]], '지금 걸로반정도움없어젯켓군 _', 0.07057841667805839), ([[1138, 784], [1576, 784], [1576, 840], [1138, 840]], '웃율입음고불린이비웃듯이 말한다;', 0.21541835103679086)]
[]
[([[1174, 248], [1580, 248], [1580, 304], [1174, 304]], '[기다럽 이멘안쪽까지당안어빠', 0.042981080973521504), ([[1258, 296], [1504, 296], [1504, 350], [1258, 350]], '데이상 밀에넘으면', 0.3336254582163989), ([[210, 350], [470, 350], [470, 404], [210, 404]], '"알고있어 알고 있어;', 0.7446515698025302), ([[1236, 342], [1518, 342], [1518, 396], [1236, 396]], '지궁이물증전버려', 0.08572290714102059), ([[148, 396], [536, 396], [536, 450], [148, 450]], '하지만 자궁올 짓누르지 않으면;', 0.3997771829710555), ([[122, 444], [562, 444], [562, 500], [122, 500]], "'자궁에 남음-정자루 뼈닐 수 없다고?}", 0.137514074627798), ([[1270, 436], [1482, 436], [1482, 492], [1270, 492]], '테이상의밥입음', 0.03218261393987058), ([[1249, 482], [1504, 482], [1504, 538], [1249, 538]], '물리적문리로면', 0.09400219165602873), ([[1230, 523], [1523, 523], [1523, 588], [1230, 588]], '텔데이안가 울분짓르다;', 0.07644546299776173)]
[([[1232, 180], [1488, 180], [1488, 236], [1232, 236]], '고불린들음처음분터', 0.2027103667249589), ([[1179, 227], [1539, 227], [1539, 287], [1179, 287]], '이렇제 합생각이어되것이다 ', 0.06192012966334655), ([[166, 316], [460, 316], [460, 368], [166, 368]], '힘이 잘 들어가지 않논지', 0.3022390805418355), ([[1146, 322], [1567, 322], [1567, 378], [1146, 378]], '그대로함정에빠져버린리데이아늄', 0.08963406135837725), ([[110, 362], [514, 362], [514, 416], [110, 416]], '본결적으로자궁올 짓이기기 위해;', 0.47035664380778053), ([[1169, 367], [1551, 367], [1551, 427], [1169, 427]], '자신인눈문의이이틀렉고훨지', 0.0020847887696913417), ([[166, 408], [460, 408], [460, 460], [166, 460]], '고불린음자세틀 바굳다;', 0.1707913266678286), ([[1204, 416], [1518, 416], [1518, 472], [1204, 472]], '능적의로깨달아버로다', 0.24949579083315032)]
[]
[([[966, 723], [1390, 723], [1390, 774], [966, 774]], '모친의 필사적인 설득에도 불구하고', 0.9115969474757153), ([[982, 770], [1374, 770], [1374, 824], [982, 824]], '비정한 고불런들음-갈라진 부분에', 0.45398942395704567), ([[1006, 816], [1347, 816], [1347, 870], [1006, 870]], "'자신들의폐스틀가저간다.", 0.17757771056707264)]
[([[1100, 148], [1568, 148], [1568, 204], [1100, 204]], '[자궁 짓슬르늄거 싫어- 분탁이야-]', 0.051427218724027765), ([[1210, 244], [1468, 244], [1468, 298], [1210, 298]], '리데이아늄애원하다', 0.3507973909179819), ([[1197, 337], [1476, 337], [1476, 392], [1197, 392]], '(미안하지만몽녀석음', 0.06160844428695267), ([[1190, 386], [1483, 386], [1483, 440], [1190, 440]], '들리지않거문 그렇지]', 0.11320391006824483)]
[]
[([[102, 194], [468, 194], [468, 250], [102, 250]], "'그리고말이야 다른 남자들의", 0.5661267601249379), ([[1232, 188], [1522, 188], [1522, 244], [1232, 244]], '잔궁에남안있되정액드', 0.007083573868446981), ([[98, 244], [474, 244], [474, 296], [98, 296]], '정액올 효율 증계 긁어내기 위해', 0.4347021496962237), ([[1242, 231], [1509, 231], [1509, 292], [1242, 292]], '틈새로분회흘러념천', 0.08290784855819568), ([[77, 288], [497, 288], [497, 348], [77, 348]], '귀두 끝부분음그렇게 생긴 거라고? ', 0.48661884032897357), ([[1224, 282], [1530, 282], [1530, 338], [1224, 338]], '넷제중계붐어제나용다', 0.020542752752638557), ([[158, 338], [416, 338], [416, 388], [158, 388]], '인간처럼작은 자지논', 0.4611306199737315), ([[134, 386], [442, 386], [442, 438], [134, 438]], '그렇제하기힘들계지만 ]', 0.45346704616741185), ([[1246, 376], [1510, 376], [1510, 432], [1246, 432]], '따마치분순--같음컵 ]', 0.0865158254121246), ([[170, 478], [404, 478], [404, 530], [170, 530]], '결렬러 피스톱으로;', 0.37892061193152976), ([[1258, 470], [1496, 470], [1496, 524], [1258, 524]], '옷율입음고불린이', 0.3421941194732063), ([[132, 524], [444, 524], [444, 578], [132, 578]], '자랑에세흘러념친 정액이', 0.2910438027124415), ([[1240, 518], [1514, 518], [1514, 572], [1240, 572]], '재있다늄 듯이말하다:', 0.055728909620244474), ([[121, 567], [453, 567], [453, 627], [121, 627]], '계속 밖으로 붐어저 나온다:', 0.38056970947518265)]
[]
[([[1217, 126], [1482, 126], [1482, 182], [1217, 182]], '리데이아늄깨달앉다', 0.5513943543998433), ([[1232, 176], [1468, 176], [1468, 230], [1232, 230]], '남자들되깨달앉다', 0.39398185781614253), ([[296, 270], [554, 270], [554, 322], [296, 322]], "'건생물적인 걱차라서-", 0.4853916720489191), ([[1169, 267], [1527, 267], [1527, 327], [1169, 327]], '아문리인간들이백명단위로 ', 0.4392196434821913), ([[304, 316], [520, 316], [520, 372], [304, 372]], '어절 수 없다는걸', 0.23607448490836733), ([[1238, 318], [1458, 318], [1458, 368], [1238, 368]], '모여지름 분도', 0.051866172491690184), ([[1137, 359], [1561, 359], [1561, 420], [1137, 420]], '이고블랜에제{이길숙없다눈겉;', 0.01956772565515061)]
[]
[([[1178, 152], [1426, 152], [1426, 206], [1178, 206]], '그리고군속 피스톱', 0.10476031358053767), ([[82, 258], [528, 258], [528, 314], [82, 314]], '그모습은 마치망가진 장난감 같앉다;', 0.6839745185534157), ([[1164, 242], [1439, 242], [1439, 303], [1164, 303]], '5앗}"앗"앗 -@웃', 0.0027731171231439892), ([[180, 308], [430, 308], [430, 358], [180, 358]], '리데이야논 고불린의', 0.3076240846425304), ([[132, 354], [480, 354], [480, 408], [132, 408]], '허리놀림에 맞취 울부짓는다;', 0.1652310062182272), ([[1108, 340], [1496, 340], [1496, 396], [1108, 396]], '질질때마만; 대장이밀런올런전 ', 0.05246067101729733), ([[1116, 386], [1490, 386], [1490, 442], [1116, 442]], '장기들이 강제적의로압출되다;', 0.1874692324213337)]
[([[1216, 164], [1450, 164], [1450, 214], [1216, 214]], '[간다 간다 간다페', 0.3161056741179907), ([[1128, 210], [1539, 210], [1539, 264], [1128, 264]], '짜줄테비온몸이로받아들이라고]', 0.1293630597690654), ([[1200, 302], [1466, 302], [1466, 358], [1200, 358]], '고불린음자하 입로에', 0.16995224569371112), ([[1135, 347], [1534, 347], [1534, 408], [1135, 408]], '딱 맞계퀴듬록대교진한정액올', 0.07739918344206638), ([[1196, 398], [1467, 398], [1467, 450], [1196, 450]], '자궁에싸기진작한다', 0.016907808895326962)]
[]
[([[1294, 166], [1474, 166], [1474, 220], [1294, 220]], '대량의정액인', 0.4909948998827256), ([[1223, 210], [1539, 210], [1539, 266], [1223, 266]], '강제적의런흘러들어온다', 0.45417371455688743), ([[1201, 305], [1564, 305], [1564, 360], [1201, 360]], '고간으로움30최남짓의시간;', 0.08153979311090402), ([[1264, 352], [1500, 352], [1500, 406], [1264, 406]], '교불린음 -지안고', 0.06534300006844426), ([[1278, 398], [1490, 398], [1490, 454], [1278, 454]], '사정음-속하다', 0.12639988481772646)]
[]
[]
[([[134, 82], [538, 82], [538, 132], [134, 132]], '전부 싸고 나서는 흥미름 잃엎논지', 0.20677937459436807), ([[167, 127], [506, 127], [506, 180], [167, 180]], '바로 고불린은 돌아가버로다', 0.28640664963764584), ([[217, 221], [458, 221], [458, 272], [217, 272]], "'미안해요 모두들 _", 0.6833385530533004), ([[156, 314], [524, 314], [524, 368], [156, 368]], '인간들의 운명올 젊어지지 못한', 0.5882466518469416), ([[126, 362], [552, 362], [552, 416], [126, 416]], '리데이아눈 효쩍물쩍 울기 시작하다;', 0.12549669433092892)]
[([[65, 104], [528, 104], [528, 156], [65, 156]], '고불린은 지광이틀 짚고 마력올 모은다', 0.3541835091517512), ([[90, 200], [504, 200], [504, 248], [90, 248]], '[지금 배란하면 확실하게 어느 쪽의', 0.839938800997548), ([[130, 248], [448, 248], [448, 300], [130, 300]], '정자와는 수정활 수 있켓군:', 0.10946852367698048)]
[([[1404, 787], [1520, 787], [1520, 841], [1404, 841]], '예다려,', 0.4719412326812744), ([[1330, 836], [1556, 836], [1556, 888], [1330, 888]], '지금내판해버리면:', 0.18780482679969102)]
[]
[([[584, 382], [996, 382], [996, 438], [584, 438]], '배에 새계진 음문이-하계빛난다', 0.0591999355734108)]
[([[504, 66], [596, 66], [596, 114], [504, 114]], '그리고', 0.9724447727203369), ([[430, 110], [674, 110], [674, 162], [430, 162]], '긴단자가 만난 것은', 0.33263652577592123), ([[430, 160], [672, 160], [672, 210], [430, 210]], '어쪽의 정자일까', 0.9781669365842678), ([[53, 208], [177, 208], [177, 259], [53, 259]], '사실 그건', 0.8853899223343163), ([[26, 258], [208, 258], [208, 308], [26, 308]], '이미 알고있다;', 0.854107490216784), ([[1242, 590], [1456, 590], [1456, 646], [1242, 646]], '매란율해문지늄', 0.02126706523093695), ([[1159, 637], [1536, 637], [1536, 692], [1159, 692]], '원래라면전현고껴지지못하다', 0.04889657497099502), ([[1221, 731], [1472, 731], [1472, 783], [1221, 783]], '그런데도리데이아는', 0.52928958030391), ([[1168, 776], [1530, 776], [1530, 832], [1168, 832]], '그것음제대로므렉수 있없다', 0.07135968852223723), ([[1276, 826], [1426, 826], [1426, 876], [1276, 876]], '느껴버로다', 0.14220740617960304)]
[([[538, 220], [1084, 220], [1084, 282], [538, 282]], '망토록 입은 고불린은 의식의 종료름 선언있다:', 0.19246018107446208), ([[644, 320], [982, 320], [982, 374], [644, 374]], '리데이야논 피로안 절망감에', 0.38818344977601404), ([[652, 366], [972, 366], [972, 420], [652, 420]], '그자리에서기절해버력다;', 0.16627743226074154)]
[([[540, 224], [1080, 224], [1080, 276], [540, 276]], '망토름 입은 고불린은 의식의 종로름 선언있다:', 0.22173416095539578), ([[644, 320], [980, 320], [980, 372], [644, 372]], '리데이아는 피로와 절망감에', 0.6230365460843119), ([[654, 367], [968, 367], [968, 416], [654, 416]], '그 자리에서 기절해버로다', 0.4506312347118363)]
[([[540, 226], [1080, 226], [1080, 274], [540, 274]], '망토틀 입은 고불린은 의식의 종료름 선언있다', 0.1880454367594201), ([[644, 320], [978, 320], [978, 370], [644, 370]], '리데이아는 피로와 절망감에', 0.7403515644966125), ([[656, 367], [968, 367], [968, 416], [656, 416]], '그 자리에서 기절해버로다', 0.5445143243486733)]
[([[228, 294], [436, 294], [436, 348], [228, 348]], '문사람의성기틀', 0.32279788138152754), ([[166, 340], [510, 340], [510, 396], [166, 396]], '고불런의폐지스가 관통하다', 0.08288119306284236), ([[1025, 432], [1368, 432], [1368, 488], [1025, 488]], "'그렇모데동시에 먹어불까", 0.09182791673457778), ([[1077, 523], [1310, 523], [1310, 578], [1077, 578]], '@@@@@@옷-!]', 0.14867141378283877), ([[1053, 619], [1330, 619], [1330, 674], [1053, 674]], "'부탁이에요 딸만큼은", 0.8488999143653941), ([[1027, 665], [1360, 665], [1360, 718], [1027, 718]], '아아아아아아아아아아아아]', 0.8079755723358996)]
[([[540, 226], [1080, 226], [1080, 274], [540, 274]], '망토틀 입은 고불린은 의식의 종료름 선언있다', 0.21936598735243057), ([[644, 320], [978, 320], [978, 368], [644, 368]], '리데이아는 피로와 절망감에', 0.6570924165719163), ([[656, 367], [968, 367], [968, 415], [656, 415]], '그 자리에서 기절해버로다:', 0.3116104591696634)]
[]
[([[624, 412], [1002, 412], [1002, 464], [624, 464]], '이곳은 성의 지하 감옥 안에서도', 0.8628380088575442), ([[718, 460], [904, 460], [904, 512], [718, 512]], '가장 깊은 장소.', 0.6582492423784072), ([[602, 554], [1026, 554], [1026, 604], [602, 604]], '원래는 국가반역과 같은 죄틀 저지른', 0.4521200746266079), ([[644, 602], [982, 602], [982, 650], [644, 650]], '범죄자가 갇히논 장소없지만', 0.6225596947753744), ([[560, 646], [1068, 646], [1068, 698], [560, 698]], '지금은 리데이아틀 위한 장소가 되어있없다:', 0.6277103580136532)]
[]
[([[910, 142], [1326, 142], [1326, 194], [910, 194]], '낙태할 수 없게 손올 속박당해 있다', 0.5697736946190488), ([[870, 238], [1364, 238], [1364, 288], [870, 288]], '그 의식부터 2,3주밖에 지나지 않앞논데도', 0.32604010023535596), ([[846, 284], [1390, 284], [1390, 336], [846, 336]], '리데이아의 배는 마치 해산달 직전처럼 보인다;', 0.569397303115812), ([[896, 377], [1340, 377], [1340, 429], [896, 429]], '\'고불린은 이렇게 성장이 빠르구나 " !', 0.416320505308546)]
[([[912, 390], [1342, 390], [1342, 438], [912, 438]], '원하지 않논데도 엄마가 되어버린 몸', 0.34530289071032444), ([[924, 482], [1334, 482], [1334, 534], [924, 534]], '지하 감옥에서 아무것도 할 수 없는', 0.6378118106991628), ([[942, 530], [1318, 530], [1318, 580], [942, 580]], '리데이아는 그 사실흘 직면있다.', 0.2641542627586837)]
[([[940, 244], [1432, 244], [1432, 300], [940, 300]], '(지하 감옥 밖은 어떻게 되어가고 있율까)', 0.17490278152076416), ([[934, 342], [1428, 342], [1428, 394], [934, 394]], '지하 감옥 가장 깊은 곳에 잇는 리데이아는;', 0.38375820681895745), ([[968, 390], [1402, 390], [1402, 440], [968, 440]], '바깥 세계와 완전히 단절되어 있없다.', 0.7266467898533667), ([[988, 480], [1382, 480], [1382, 530], [988, 530]], '(혹시 옆 나라가 이변올 눈치채고', 0.5059193695469048), ([[982, 528], [1392, 528], [1392, 578], [982, 578]], '우리들올 구하러 와 줄지도 몰라 )', 0.44879885609089465)]
[([[1052, 280], [1386, 280], [1386, 330], [1052, 330]], '그런 꿈을 몇 번이고 꾸없다:', 0.37463826591620025), ([[962, 374], [1474, 374], [1474, 426], [962, 426]], '하지만 찾아오는 것은 항상 고불린분이없다', 0.9092719478501798)]
[]
[([[870, 182], [1044, 182], [1044, 230], [870, 230]], '고불린의 아이', 0.9876564729899593), ([[82, 210], [348, 210], [348, 262], [82, 262]], '이미알고 있는 사실흘', 0.5420690693863242), ([[760, 230], [1106, 230], [1106, 280], [760, 280]], "'인간의 아이 어느 쪽이려나?_", 0.532033276091583), ([[98, 258], [334, 258], [334, 310], [98, 310]], '고불린은 기쁨 듯이', 0.8579053206412908), ([[114, 304], [322, 304], [322, 354], [114, 354]], '말하다 다가온다;', 0.36863982373417725), ([[1196, 406], [1588, 406], [1588, 456], [1196, 456]], '[최근 며칠 사이에 꽤나 커적는결', 0.10366847372627228), ([[1232, 454], [1558, 454], [1558, 502], [1232, 502]], '한번 더 모두름 불러 모아서', 0.30025722689252066), ([[1256, 498], [1534, 498], [1534, 550], [1256, 550]], '공개 출산올 해아켓어 !', 0.43601851308741363), ([[819.0064985989292, 182.1253445358238], [874.6162890660212, 190.29048153242633], [867.9935014010708, 228.8746554641762], [812.3837109339788, 219.70951846757367]], "'자", 0.9210417102815738)]
[]
[]
[([[786, 178], [1136, 178], [1136, 226], [786, 226]], '그리고 고불린이 눈앞에 선다', 0.7034668071449806), ([[796, 272], [1124, 272], [1124, 320], [796, 320]], '{뛰야 또 식사틀 남긴 거나', 0.47715537860037915), ([[98, 298], [294, 298], [294, 350], [98, 350]], '{만약 임신한 게', 0.7738898128266686), ([[820, 318], [1102, 318], [1102, 368], [820, 368]], '저항활 생각이없켓지만 ', 0.29036707459386274), ([[80, 346], [312, 346], [312, 394], [80, 394]], '고불린의 아이라면;', 0.8728139318794301), ([[876, 366], [1046, 366], [1046, 414], [876, 414]], '의미 없다고 _', 0.5818181635733206), ([[22, 392], [374, 392], [374, 444], [22, 444]], '조금만 식사해도 낭울 수 앞제', 0.4017997366334677), ([[74, 440], [320, 440], [320, 488], [74, 488]], '되어있으니 말이야 ]', 0.7127227823336411)]
[([[124, 192], [358, 192], [358, 240], [124, 240]], '하지만 그런 대화도', 0.5693767461738902), ([[124, 240], [354, 240], [354, 288], [124, 288]], '리데이아는 기벗다;', 0.3978998890896332), ([[838, 227], [949, 227], [949, 280], [838, 280]], "'아니야:", 0.43700192092639595), ([[964, 228], [1301, 228], [1301, 282], [964, 282]], '단지 식욕이 없없올 분이야 ]', 0.19681455080850496), ([[84, 331], [399, 331], [399, 382], [84, 382]], '그 이유는 눈앞에 누워있관', 0.2613910787390221), ([[846, 322], [1298, 322], [1298, 375], [846, 375]], '시선올 피하면서 통명스럽게 대답하다:', 0.74418088818456), ([[110, 380], [372, 380], [372, 432], [110, 432]], '보고 싶지 않은 존재록', 0.4568738510145625), ([[112, 426], [372, 426], [372, 476], [112, 476]], '가려주기 때문이없다', 0.9926860297520257)]
[]
[([[194, 175], [562, 175], [562, 226], [194, 226]], '[그래그래 오해해서 미안하군:', 0.6867171197471696), ([[165, 224], [601, 224], [601, 276], [165, 276]], '많이 먹고 건강한 아이틀 낭논 거다 !', 0.4663155380843879), ([[108, 316], [660, 316], [660, 370], [108, 370]], '등올 돌리미 고불린은 돌아가려고 하고 있없다;', 0.4836962791719723)]
[([[906, 144], [1094, 144], [1094, 192], [906, 192]], '{잠깐 기다려:', 0.482170846085823), ([[280, 168], [408, 168], [408, 216], [280, 216]], '조금만 더', 0.9878161543369259), ([[824, 186], [1174, 186], [1174, 246], [824, 246]], '혹시 내가 고불린올 출산하면', 0.6919643648880951), ([[166, 213], [522, 213], [522, 265], [166, 265]], '조금만 더 이곳에 앞게 하려고', 0.696521870824176), ([[840, 238], [1192, 238], [1192, 288], [840, 288]], '뒤에 나른어명게 되는 거야? _', 0.11639366446340252), ([[244, 262], [449, 262], [449, 314], [244, 314]], '질문올 던저붙다', 0.5676504670892744)]
[([[189, 238], [467, 238], [467, 298], [189, 298]], '{그렇구나 어째서 ?1', 0.27229069204356693), ([[796, 246], [1094, 246], [1094, 299], [796, 299]], "'만약 고불린이 태어나면;", 0.805592037796195), ([[724, 294], [1158, 294], [1158, 348], [724, 348]], '고불린들은 너름 범활 수 없제된다 ]', 0.6022693972748762), ([[230, 336], [422, 336], [422, 388], [230, 388]], "'이유는 단순해,", 0.30455472855288707), ([[72, 382], [578, 382], [578, 435], [72, 435]], '같은 엄마에제 다른 고불린이 태어나버리면', 0.7009394283120532), ([[122, 432], [536, 432], [536, 484], [122, 484]], '왕의 정통성이 위험해지니 말이야_ ', 0.7974935507543878)]
[([[236, 168], [456, 168], [456, 218], [236, 218]], '{그러니 뒤에 있는', 0.3752704034379927), ([[914, 141], [1061, 141], [1061, 198], [914, 198]], '{정통성"]', 0.48060010933330455), ([[242, 216], [450, 216], [450, 266], [242, 266]], '여자처럼 월 일은', 0.5983781342045815), ([[800, 238], [1174, 238], [1174, 292], [800, 292]], '익숙하지 않음단언가 들려온다', 0.47208380910687264), ([[262, 264], [434, 264], [434, 314], [262, 314]], '아마 없젯지!', 0.3549574187592231)]
[([[236, 168], [456, 168], [456, 218], [236, 218]], '{그러니 뒤에 있는', 0.3700853359762681), ([[913, 141], [1061, 141], [1061, 198], [913, 198]], '{정통성:?]', 0.5812601319559747), ([[242, 214], [452, 214], [452, 267], [242, 267]], '여자저럼 월 일은', 0.33062880921342735), ([[800, 238], [1174, 238], [1174, 292], [800, 292]], '익숙하지 않은단언가 들려온다', 0.49161423495194406), ([[262, 264], [434, 264], [434, 314], [262, 314]], '아마 없젯지:!', 0.21845187469334762)]
[([[160, 110], [511, 110], [511, 167], [160, 167]], '{그럼할 일이 많이 남앉으니', 0.47772606504366977), ([[820, 128], [1190, 128], [1190, 182], [820, 182]], '고불린은 뒤에 알리시아 공주름', 0.789718514018084), ([[242, 158], [424, 158], [424, 211], [242, 211]], '슬슬 가야켓군;', 0.6513607398220541), ([[900, 176], [1112, 176], [1112, 228], [900, 228]], '가리키려 말해다;', 0.2694742253446346), ([[228, 208], [440, 208], [440, 260], [228, 260]], '무슨 일이 생기면', 0.7548581076218671), ([[120, 254], [552, 254], [552, 308], [120, 308]], '저기에 앞는 고불린에게 말하도록 해.', 0.24315774562754175), ([[218, 302], [456, 302], [456, 352], [218, 352]], '그럼 내일 보자고 ]', 0.7896692674484777)]
[([[235, 169], [538, 169], [538, 221], [235, 221]], '{5아아아앗 아파 . 아파요', 0.12640184823148481), ([[265, 217], [536, 217], [536, 270], [265, 270]], '분탁이에요 더 천천히', 0.6969057471565911), ([[280, 264], [522, 264], [522, 320], [280, 320]], '움집여주세요 "윗_', 0.16871457331529371), ([[1164, 624], [1516, 624], [1516, 678], [1164, 678]], '임신 경험이 앞는 모전에고도', 0.0580617916815415), ([[1180, 672], [1496, 672], [1496, 724], [1180, 724]], '숨이 쉬어지지 않울 만큼의', 0.3487632541196019), ([[1174, 720], [1498, 720], [1498, 772], [1174, 772]], '두께와 길이틀 가진 폐니스;', 0.7218675833783015)]
[]
[([[587, 216], [958, 216], [958, 268], [587, 268]], '고불린은 뚜백두벽 나가버려다;', 0.16703173945972433), ([[504, 308], [1042, 308], [1042, 362], [504, 362]], '가리개가 사라저 보고 싶지 않은 것이보인다', 0.8028200983964054), ([[579, 352], [970, 352], [970, 412], [579, 412]], '눈올 감더라도 소리가 들려온다;', 0.5640757559664721)]
[]
[([[936, 240], [1442, 240], [1442, 296], [936, 296]], '리데이아가 무척 좋아행다 알리시아 공주는', 0.22984534664139586), ([[18, 282], [294, 282], [294, 330], [18, 330]], '고불린들에게 범해지도', 0.30682855438263623), ([[974, 288], [1406, 288], [1406, 342], [974, 342]], '고불린에 의해 완전히 망가전번경다 ', 0.19091024960716171), ([[34, 328], [278, 328], [278, 382], [34, 382]], '아무런 반응이 없다;', 0.6377063140566099)]
[([[178, 96], [374, 96], [374, 150], [178, 150]], '[알리시아님]', 0.30135778484990455), ([[1008, 110], [1380, 110], [1380, 164], [1008, 164]], '차라리그녀의 아빠인 국왕처럼', 0.9701245343652041), ([[1005, 153], [1385, 153], [1385, 216], [1005, 216]], '처분올 당하는 편이 나라을 지도', 0.19379431861256327), ([[68, 190], [480, 190], [480, 244], [68, 244]], '지으과 같은 광경올 보지 암기 위해', 0.1654146742212515), ([[1049, 206], [1340, 206], [1340, 256], [1049, 256]], '모르켓다는 생각이 돕다:', 0.06395288166276654), ([[82, 237], [468, 237], [468, 292], [82, 292]], '리데이아는 눈올 감은 채 말한다:', 0.3212471197056735)]
[]
[([[1148, 92], [1300, 92], [1300, 144], [1148, 144]], '눈올 감아도', 0.7720542541281944), ([[32, 116], [342, 116], [342, 172], [32, 172]], '처음에는 국민들의마음올', 0.40107026448842625), ([[1053, 139], [1398, 139], [1398, 195], [1053, 195]], '광광하는 살과 살이 분닫히늄', 0.38220158458114367), ([[26, 163], [353, 163], [353, 216], [26, 216]], '꺾기 위해 범해다고하지만;', 0.6408961350341552), ([[1080, 186], [1376, 186], [1376, 240], [1080, 240]], '단순한 소리가 들려온다', 0.5706314439764196), ([[42, 210], [334, 210], [334, 262], [42, 262]], '지금은 아침부터 밤까지', 0.9137598356835034), ([[48, 258], [328, 258], [328, 308], [48, 308]], '단지 고불린의 성도구로', 0.7853819148646912), ([[109, 305], [266, 305], [266, 356], [109, 356]], '쓰이고있다;', 0.9898479882403269)]
[([[670, 68], [1000, 68], [1000, 125], [670, 125]], '여자라면 많이 있든 타이다;', 0.3613987827807766), ([[632, 164], [1036, 164], [1036, 218], [632, 218]], '하지만 고불린은 공지 높은 여성올', 0.9360813130983491), ([[642, 212], [1022, 212], [1022, 264], [642, 264]], '귀하고 놈계 진다고 알려저 있어;', 0.44073562966881824), ([[616, 260], [1058, 260], [1058, 314], [616, 314]], '알리시아 공주는그 타짓이된 것이다.', 0.21124441009886064)]
[([[620, 148], [996, 148], [996, 200], [620, 200]], '(알리시아남이 해방월 수 있기틀', 0.2830241037782566), ([[718, 196], [892, 196], [892, 244], [718, 244]], "'적어도 편하게-", 0.4608067930095533), ([[682, 288], [966, 288], [966, 338], [682, 338]], '리데이아눈 눈올 감으미', 0.30416553943226016), ([[692, 334], [950, 334], [950, 386], [692, 386]], '마음속으로 기도한다', 0.5899864119771425)]
[([[620, 148], [996, 148], [996, 198], [620, 198]], '(알리시아남이 해방월 수 있기틀', 0.6129438952662836), ([[720, 196], [926, 196], [926, 244], [720, 244]], '적어도 편하게: )', 0.9043813184890243), ([[682, 288], [964, 288], [964, 338], [682, 338]], '리데이아는 눈올 감으펴', 0.31719165726908916), ([[692, 336], [948, 336], [948, 386], [692, 386]], '마음속으로 기도한다.', 0.8545865038156881)]
[([[124, 121], [474, 121], [474, 183], [124, 183]], '\'으으으으으의@@@@옷"]', 0.007283481986649941), ([[82, 222], [522, 222], [522, 276], [82, 276]], '입흘 폐니스로 막혀만 있지 않있다면;', 0.4021162941922896), ([[114, 269], [488, 269], [488, 324], [114, 324]], '밖에까지 들럿올 정도의 절규가', 0.3934613233160585), ([[182, 318], [418, 318], [418, 372], [182, 372]], '입안에서 공명하다;', 0.8542992556222168), ([[1010, 556], [1358, 556], [1358, 610], [1010, 610]], '더문나도 두꺼운 그 패니스움', 0.02456085563722046), ([[1053, 599], [1311, 599], [1311, 660], [1053, 660]], '처년엎터 리즈에계도', 0.024668097510556163), ([[1034, 650], [1333, 650], [1333, 704], [1034, 704]], '짓비없이 박혀들어감다', 0.07684887918205478)]
[([[620, 148], [998, 148], [998, 198], [620, 198]], '(알리시아넘이 해방월 수 있기틀', 0.4762973362447496), ([[720, 196], [928, 196], [928, 244], [720, 244]], '적어도 편하게: )', 0.6360185269248704), ([[682, 288], [964, 288], [964, 338], [682, 338]], '리데이아는 눈올 감으펴', 0.3700961518408666), ([[694, 336], [950, 336], [950, 386], [694, 386]], '마음속으로 기도한다.', 0.6129517426897122)]
[([[620, 148], [998, 148], [998, 196], [620, 196]], '(알리시아남이 해방월 수 있기틀-', 0.4146911656200129), ([[720, 196], [928, 196], [928, 244], [720, 244]], '적어도 편하게: )', 0.7124351505315896), ([[682, 288], [964, 288], [964, 338], [682, 338]], '리데이아는 눈올 감으펴', 0.3697638124171042), ([[694, 336], [950, 336], [950, 384], [694, 384]], '마음속으로 기도한다', 0.8598037500460561)]
[]
[([[692, 372], [982, 372], [982, 426], [692, 426]], '그날은 갑자기 찾아있다', 0.4556289892730738)]
[([[70, 146], [392, 146], [392, 198], [70, 198]], '찢어질 듯한 허리의 아픔과', 0.8782153750255975), ([[58, 192], [412, 192], [412, 246], [58, 246]], '배안쪽과 온갖 부위의 통증이', 0.9790411052459422), ([[64, 240], [406, 240], [406, 290], [64, 290]], '리데이야틀 고통스럽게 한다?', 0.427632054247025), ([[1130, 578], [1582, 578], [1582, 630], [1130, 630]], '리데이야는 나무로-만들어진 분만대에;', 0.5264101811004418), ([[1156, 627], [1556, 627], [1556, 678], [1156, 678]], '몇 분 간격으로 찾아오는 진통으로', 0.8577351102022495), ([[1215, 673], [1500, 673], [1500, 726], [1215, 726]], '고통스러워하고 있없다;', 0.6603046182928229), ([[1235, 765], [1478, 765], [1478, 819], [1235, 819]], '\'아-으옷"아파 "!', 0.6546009950505068)]
[([[274, 90], [764, 90], [764, 142], [274, 142]], '고불린도 남자들도 아무 말도 하지 않듣다;', 0.5801411133608888), ([[308, 136], [734, 136], [734, 186], [308, 186]], '조용하 리데이아의 모습올 지켜본다;', 0.5114993832601882), ([[332, 230], [712, 230], [712, 280], [332, 280]], "'아웃이젠하안돼-아파앗  ! !", 0.18606252535354986), ([[364, 322], [678, 322], [678, 378], [364, 378]], '아픔으로-울분짓넘동스에', 0.034885497579163816), ([[285, 367], [757, 367], [757, 427], [285, 427]], '[뱃습예세공하눕소리가 들리늄듯햇다;', 0.04078638657261087)]
[]
[([[230, 108], [426, 108], [426, 160], [230, 160]], "'양수다 안심해", 0.8276276176345094), ([[160, 152], [502, 152], [502, 209], [160, 209]], '곧아이가 나온다는 뜻이지] ', 0.5754938047342394), ([[210, 250], [456, 250], [456, 300], [210, 300]], '고불린이 말한대로', 0.7667574102243835), ([[187, 297], [477, 297], [477, 351], [187, 351]], '그때부터눕관방이없다', 0.3090612768933822), ([[1290, 602], [1542, 602], [1542, 650], [1290, 650]], '[뛰야 이건 오중: "?]', 0.1867553108524919), ([[1330, 696], [1502, 696], [1502, 744], [1330, 744]], '다리 사이에서', 0.957062468923803), ([[1270, 744], [1562, 744], [1562, 792], [1270, 792]], '물이 대량으로 흘러나와;', 0.5728699289389197), ([[1286, 790], [1544, 790], [1544, 840], [1286, 840]], '리데이아는 당황하다;', 0.34969452460413913)]
[([[299, 99], [452, 99], [452, 154], [299, 154]], "'으우울운옷", 0.543046683135306), ([[476, 102], [592, 102], [592, 150], [476, 150]], '무리무리', 0.9998966455459595), ([[254, 150], [626, 150], [626, 200], [254, 200]], '안 할래! 부탁이야 멈추게 해쥐', 0.7245670676560785), ([[307, 241], [596, 241], [596, 295], [307, 295]], '리데이아늄이틀악물-', 0.04585481495480846), ([[260, 288], [642, 288], [642, 344], [260, 344]], '이루어지지않늄 말음내뱉늄다', 0.11765069207985442), ([[1230, 590], [1582, 590], [1582, 643], [1230, 643]], '지금까지 경험해 본 적이 없는', 0.726387098902473), ([[1262, 636], [1558, 636], [1558, 692], [1262, 692]], '강렬한 진통이 찾아온다;', 0.5619679995572164)]
[]
[([[1082, 152], [1450, 152], [1450, 204], [1082, 204]], '{역시 처녀보지논 박준하구만;', 0.09735920073931813), ([[1080, 198], [1454, 198], [1454, 252], [1080, 252]], '피스문 한번 하는 것도힘들어 ] ', 0.24968683335847347), ([[1078, 293], [1454, 293], [1454, 346], [1078, 346]], '그렇게 말하면서 아직 굳어있는', 0.43951774075394195), ([[1106, 342], [1424, 342], [1424, 394], [1106, 394]], '질병올 욕망에 몸을 맡기려', 0.4461699771459436), ([[1124, 388], [1410, 388], [1410, 438], [1124, 438]], '허리늘림으로 풀어간다:', 0.3885279766755844)]
[([[566, 119], [877, 119], [877, 171], [566, 171]], '[기다려 기다려 기다려-', 0.24708161981820165), ([[606, 168], [840, 168], [840, 218], [606, 218]], '조금 더 천천히:;', 0.4238743894312076), ([[1170, 736], [1476, 736], [1476, 788], [1170, 788]], '주변의 응성거림과 동시에', 0.6236968598566297), ([[1200, 782], [1442, 782], [1442, 834], [1200, 834]], '아기의 머리 부분이;', 0.6626747458814253), ([[1150, 830], [1496, 830], [1496, 880], [1150, 880]], '질 입구에서 나오기 시작하다', 0.6539758758963389), ([[1120, 924], [1526, 924], [1526, 974], [1120, 974]], '조금 쉬고는 있지만; 아기눈 스스로', 0.30169682617019133), ([[1160, 970], [1482, 970], [1482, 1018], [1160, 1018]], '산도틀 나오려고 하고 있다', 0.45273979848619855)]
[([[674, 68], [776, 68], [776, 116], [674, 116]], "'싫어어", 0.9887846112251282), ([[621, 114], [854, 114], [854, 164], [621, 164]], '고불린의 엄마 따위', 0.6705638812508659), ([[262, 139], [504, 139], [504, 190], [262, 190]], '그런 말과는 반대로;', 0.3529173405254802), ([[632, 160], [854, 160], [854, 214], [632, 214]], '되고 싶지 않아 "]', 0.3149742697584054), ([[292, 188], [468, 188], [468, 236], [292, 236]], '고불린 아기논', 0.6299974607453449), ([[222, 232], [542, 232], [542, 284], [222, 284]], '산도틀 자력으로 빠져나와', 0.48228054050426267), ([[252, 280], [514, 280], [514, 332], [252, 332]], '머리름- 내밀고스로록', 0.19556309166868704), ([[265, 325], [501, 325], [501, 381], [265, 381]], '전신올 통과지권다', 0.043079050530959846), ([[1102, 674], [1584, 674], [1584, 728], [1102, 728]], '순많은 인간과 고불린이 지켜보눈 가운데;', 0.44348019228038743), ([[1136, 724], [1552, 724], [1552, 772], [1136, 772]], '아픔으로 이상해저버린 리데이야는', 0.40826842122248036), ([[1170, 770], [1522, 770], [1522, 822], [1170, 822]], '마치 아기처럼 울기 시작한다;', 0.53956778617758)]
[]
[([[302, 134], [580, 134], [580, 190], [302, 190]], "'훌륭하왕이 태어낫군", 0.3183772635293008), ([[286, 184], [598, 184], [598, 236], [286, 236]], '이걸로 인간들은 약속대로', 0.39898720040252267), ([[250, 232], [639, 232], [639, 286], [250, 286]], '우리들의 지배에 농이제되없다 !', 0.4796841920188537), ([[1234, 716], [1502, 716], [1502, 766], [1234, 766]], '초록색 몸에 보주한 귀', 0.7512697869925323), ([[1224, 762], [1518, 762], [1518, 814], [1224, 814]], '고불린의 왕이 탄생있다:', 0.3712404261654043)]
[([[596, 304], [982, 304], [982, 360], [596, 360]], '(그리고 의식 이후로는 중지햇자 ', 0.15456793695301727), ([[588, 354], [982, 354], [982, 408], [588, 408]], '[[인간 목장]도 오늘부터 재개한다', 0.696517532191261)]
[]
[([[404, 44], [640, 44], [640, 94], [404, 94]], '어찌할 방도가 없다', 0.7281983044340976), ([[342, 90], [710, 90], [710, 140], [342, 140]], '리데이아가 노력해도 소용없다', 0.7294952106540855), ([[352, 184], [702, 184], [702, 236], [352, 236]], '그렇다는 걸 알고-있으면서도', 0.713285214147883), ([[308, 232], [746, 232], [746, 286], [308, 286]], '모든 인간들인 경고훨비잠한 미래가', 0.1889131642740873), ([[365, 275], [685, 275], [685, 329], [365, 329]], '잔신때문이라고느껴진다', 0.22836274305583149), ([[1228, 590], [1510, 590], [1510, 643], [1228, 643]], "'아픔을 동반한 출산으로", 0.6818468501547019), ([[1216, 640], [1526, 640], [1526, 692], [1216, 692]], '탈진한 리데이야는 명하니 ', 0.5319363704109591), ([[1252, 684], [1485, 684], [1485, 735], [1252, 735]], '하늘올 올려다본다;', 0.4199033906100931), ([[1234, 777], [1505, 777], [1505, 830], [1234, 830]], '\'하아 하아 -하아 "!', 0.23788816301324384)]
[([[192, 152], [424, 152], [424, 202], [192, 202]], "'하지만 그 목소리는", 0.4901755952442479), ([[144, 198], [472, 198], [472, 250], [144, 250]], '눈구의 귀에도 당지 않앉다;', 0.5449645979180635), ([[1258, 688], [1518, 688], [1518, 740], [1258, 740]], '\'미안해요 모두들 "]', 0.7657705487038119)]
[]
[([[493, 206], [1105, 206], [1105, 266], [493, 266]], '이곳은 고불런들에게 [인간 목장-이라고 불리논 시설', 0.29352428765429844), ([[458, 302], [1146, 302], [1146, 356], [458, 356]], '리데이아의 의식 때와 같은 자세로여성들이 고정되어 있다:', 0.6852326211971993), ([[592, 398], [1010, 398], [1010, 446], [592, 446]], '고불린들이 자유롭게 인간 여성에제', 0.3527856455650621), ([[606, 444], [996, 444], [996, 494], [606, 494]], '씨틀 뿌질 수 핑게 만문 시설이다;', 0.09616100749561585)]
[([[724, 326], [1264, 326], [1264, 463], [724, 463]], '동인지&(/집', 0.277217003149062), ([[585, 477], [1415, 477], [1415, 616], [585, 616]], '번역 커미선 받습니다', 0.5770283928137975), ([[298, 782], [1694, 782], [1694, 929], [298, 929]], '가격: 장당 700~1000원 선에서 협의', 0.5436840271736237), ([[504, 940], [771, 940], [771, 1077], [504, 1077]], '컬러터', 0.8125366889570544), ([[832, 940], [1491, 940], [1491, 1079], [832, 1079]], '지금 보는 이정도', 0.8768645648069994), ([[556, 1249], [1435, 1249], [1435, 1388], [556, 1388]], '작업 후 오타나 수정 등', 0.9262912151539067), ([[402, 1398], [1587, 1398], [1587, 1544], [402, 1544]], '애프터 테어까지 깔끔하게 해서', 0.6679337947075787), ([[684, 1555], [1313, 1555], [1313, 1694], [684, 1694]], '마무리 해드려오', 0.9990871253124423), ([[257, 1709], [1733, 1709], [1733, 1830], [257, 1830]], '*후타, 스컷, 하드한 마조물 , 고어, 식인 야오이', 0.12107660459030054), ([[158, 1831], [1841, 1831], [1841, 1953], [158, 1953]], '시무라 비스무리갈은 작품은 추가금이 붙을 수 있습니다', 0.6115464272373369), ([[823, 2263], [1170, 2263], [1170, 2404], [823, 2404]], '탤레그램', 0.5596381425857544), ([[499, 2423], [1493, 2423], [1493, 2555], [499, 2555]], '룹++~도//+올안/*나,~-..어', 9.482381590336267e-06)]
[]
[([[612, 322], [980, 322], [980, 376], [612, 376]], '고불린들은 대부분 아행성이라;', 0.5221886326282758), ([[574, 372], [1018, 372], [1018, 422], [574, 422]], '해가 지면 이 시설이 붐비기 시작한다', 0.7824453920785974)]
[]
[([[475, 125], [618, 125], [618, 175], [475, 175]], "'나도 몰라;", 0.870207639706308), ([[897, 104], [1232, 104], [1232, 159], [897, 159]], "'오늘부터 이곳도재개인가", 0.7380076895225149), ([[318, 172], [776, 172], [776, 226], [318, 226]], '하지만 왕이 태어낫으니 잘된 일이지:]', 0.35090726085389173), ([[856, 152], [1278, 152], [1278, 206], [856, 206]], '어째서 성실하게 인간들과의약속올', 0.5435322537745646), ([[890, 202], [1244, 202], [1244, 252], [890, 252]], "'지키지 않으면안 되는 거지?]", 0.466394197198818), ([[422, 265], [668, 265], [668, 318], [422, 318]], "'그건맞는 말이야 !", 0.4106704345107077)]
[([[534, 200], [1072, 200], [1072, 256], [534, 256]], '여성의 아픔이나 고통 등은 완전히 무시한 채;', 0.621894948725886), ([[646, 248], [962, 248], [962, 302], [646, 302]], '고불린들은임신올 시권다;', 0.23919737811085623), ([[492, 342], [1114, 342], [1114, 392], [492, 392]], '지금도 벽 너머 편에서; 절규나 비명이 끊이지 않듣다;', 0.475421258856372), ([[612, 436], [990, 436], [990, 484], [612, 484]], '혹은 임신시키려는 의도는 없이', 0.7865197478976058), ([[600, 482], [1008, 482], [1008, 534], [600, 534]], '단지 범하고심올 분일지도 모르다.', 0.37803132030917563)]
[]
[([[150, 86], [442, 86], [442, 138], [150, 138]], '[할에비해 엘프의 피가', 0.12058821091047112), ([[180, 136], [408, 136], [408, 188], [180, 188]], '섞이면 굉장하다고', 0.7720284972763704), ([[120, 180], [474, 180], [474, 236], [120, 236]], '몇명올 낳아도; 조금만 지나면', 0.5082586828902148), ([[100, 226], [493, 226], [493, 283], [100, 283]], '어느정도는 회복하다고 하던데] ', 0.2774511299202627), ([[166, 318], [422, 318], [422, 372], [166, 372]], '[나도그 푸른 머리의', 0.47957891787713874), ([[127, 367], [462, 367], [462, 419], [127, 419]], '하프엘프랑 하고 싶엎논데 _', 0.43275181142495817), ([[1126, 494], [1552, 494], [1552, 548], [1126, 548]], '[짓" 이 녀석 혈렁한데 광이야 광 _', 0.07874718297362701), ([[1172, 586], [1506, 586], [1506, 641], [1172, 641]], "'그야; 수십 명올 출산햇으니", 0.3503994099299889), ([[1206, 633], [1468, 633], [1468, 688], [1206, 688]], '혈렁한 게 당연하잡아.', 0.3399949012555422), ([[1192, 683], [1484, 683], [1484, 733], [1192, 733]], '인간은 두 명만 출산해도', 0.9975080604285764), ([[1246, 730], [1432, 730], [1432, 778], [1246, 778]], '철렁해지잡아 _', 0.48376033834894705), ([[1224, 822], [1456, 822], [1456, 874], [1224, 874]], '벽에 붙은 양피지에', 0.625264456968054), ([[1194, 872], [1482, 872], [1482, 920], [1194, 920]], '쓰여있든 정보름 읽는다', 0.3470617057723019)]
[]
[([[1010, 128], [1128, 128], [1128, 178], [1010, 178]], '[들없어?', 0.4705064606881454), ([[1364, 142], [1516, 142], [1516, 190], [1364, 190]], '시간이 흘러', 0.550512940547264), ([[474, 164], [666, 164], [666, 214], [474, 214]], '[그건 그렇지만;', 0.6043097967921202), ([[900, 174], [1239, 174], [1239, 226], [900, 226]], '파란 머리 하프엘프이야기 ]', 0.42858488466756534), ([[1368, 190], [1518, 190], [1518, 242], [1368, 242]], '모든 여성이', 0.9687728255973074), ([[452, 208], [688, 208], [688, 262], [452, 262]], '눈구도 쓰지 못하게', 0.9195255761133707), ([[67, 257], [256, 257], [256, 310], [67, 310]], "'축수부실인가:", 0.6103756363623664), ([[412, 256], [728, 256], [728, 310], [412, 310]], '속수부실로 가능 모양이야', 0.32414594566658883), ([[978, 270], [1156, 270], [1156, 318], [978, 318]], "'또그얘기나", 0.7677957836880753), ([[1334, 233], [1550, 233], [1550, 288], [1334, 288]], '사용 중이 되없다;', 0.8820545054437294), ([[40, 306], [282, 306], [282, 354], [40, 354]], '지금은 아직 둘 밖에', 0.7555798176814598), ([[467, 307], [673, 307], [673, 351], [467, 351]], '거기에 칼 바에는', 0.5235515245339472), ([[980, 315], [1155, 315], [1155, 366], [980, 366]], '인간 목장에는', 0.4963459184734543), ([[16, 352], [308, 352], [308, 404], [16, 404]], '들어가 있지 않을 팀데? ', 0.12053215364438283), ([[384, 352], [738, 352], [738, 402], [384, 402]], '차라리 죽는 편이 나앉올 팀데.', 0.1985931875401053), ([[944, 364], [1196, 364], [1196, 414], [944, 414]], '안 오는 모양이터데: ]', 0.36126258874361955)]
[]
[([[1268, 480], [1562, 480], [1562, 532], [1268, 532]], "'핑크 머리와 조록머리의", 0.39919836820113497), ([[1327, 527], [1500, 527], [1500, 578], [1327, 578]], '하프일프인가:', 0.6589726026519994), ([[1284, 576], [1546, 576], [1546, 624], [1284, 624]], '벌써 난자가 사라저서;', 0.7778812697785846), ([[1262, 622], [1570, 622], [1570, 672], [1262, 672]], '우리들의 임신 주머니로도', 0.9376361651083518), ([[1288, 672], [1542, 672], [1542, 720], [1288, 720]], '못쓰게 된 모양이야 _', 0.6295787959427773)]
[([[127, 165], [466, 165], [466, 219], [127, 219]], "'부럽구만 나도아쉬운대로", 0.9374314209404956), ([[1026, 143], [1367, 143], [1367, 197], [1026, 197]], "'이런 신품이라니 운이 중네:", 0.3705222769286597), ([[128, 214], [466, 214], [466, 264], [128, 264]], '입으로 하고 있기논하지만 ]', 0.9303404499491815), ([[970, 192], [1428, 192], [1428, 246], [970, 246]], '이런것덕분에 범하눈 맛이 난다니까:]', 0.6975609138466411), ([[70, 308], [524, 308], [524, 360], [70, 360]], '천천히 리즈의 입안을 맛보되 고불린도', 0.4041937808059854), ([[108, 356], [488, 356], [488, 406], [108, 406]], '허리름 크게 움직이기 시작하다;', 0.6438469784640459)]
[([[70, 107], [708, 107], [708, 163], [70, 163]], '여리름 흔드는-것올 멈추지 않은 채이야기틀 계속하다', 0.23518374040490583), ([[184, 201], [602, 201], [602, 257], [184, 257]], '{뭐여기에 오는 대부분의녀석들은', 0.28373860587406535), ([[88, 250], [695, 250], [695, 302], [88, 302]], '그둘의 자식이니 말이야 나쁘게 말할 수는 없다고 ]', 0.1905368479062312), ([[216, 341], [564, 341], [564, 393], [216, 393]], '[그렇지 뭐 지금의 두 사람은', 0.8591582017033482), ([[226, 392], [556, 392], [556, 442], [226, 442]], '행복활지도 모르고 말이야_', 0.6451993311926443), ([[1268, 479], [1562, 479], [1562, 533], [1268, 533]], "'핑크 머리와 조록머리의", 0.30157309741836624), ([[1327, 527], [1502, 527], [1502, 578], [1327, 578]], '하프일프인가', 0.8295745587164121), ([[1284, 576], [1546, 576], [1546, 624], [1284, 624]], '벌써 난자가 사라저서;', 0.7016288468670305), ([[1262, 622], [1570, 622], [1570, 672], [1262, 672]], '우리들의 임신 주머니로도', 0.9335663498905954), ([[1288, 672], [1542, 672], [1542, 720], [1288, 720]], '못쓰게 된 모양이야 ]', 0.5612469157648046)]
[]
[([[146, 100], [610, 100], [610, 152], [146, 152]], '언니의 배는 꼼짝한 모습으로 변해있어;', 0.3949140724728839), ([[214, 148], [540, 148], [540, 200], [214, 200]], '배안에도 축수가 있다는 게', 0.7433209858836988), ([[232, 195], [526, 195], [526, 248], [232, 248]], '밖에서도 보일 정도여다;', 0.4465755370035143), ([[1198, 496], [1486, 496], [1486, 548], [1198, 548]], '리데이아가 끌려간 곳은', 0.7212102912639886), ([[1114, 542], [1578, 542], [1578, 598], [1114, 598]], '방과 졸수-생물이 일체화된 공간이없다', 0.21400805141325524), ([[1244, 640], [1442, 640], [1442, 688], [1244, 688]], '그리고 중앙에는', 0.6861013385335859), ([[1137, 681], [1553, 681], [1553, 741], [1137, 741]], '만중순생물 원에 눈워있눈언니와', 0.03317856932463189), ([[1185, 729], [1504, 729], [1504, 786], [1185, 786]], '핑머리의소녀가없없다', 0.1248038795731741)]
[]
[([[144, 97], [416, 97], [416, 152], [144, 152]], "'이미 축수가 뇌세포결", 0.2443817645594763), ([[142, 148], [420, 148], [420, 198], [142, 198]], '조종하게 되어버럿구만:', 0.6942543704640574), ([[178, 194], [386, 194], [386, 244], [178, 244]], '무슨 짓올 당해도', 0.45574343993397776), ([[126, 239], [440, 239], [440, 292], [126, 292]], '쾌감만 느껴지제 된거야 ] ', 0.604096707953349), ([[128, 332], [438, 332], [438, 386], [128, 386]], '무척 믿음직스럽던언니의', 0.4184459909031182), ([[112, 380], [458, 380], [458, 432], [112, 432]], '변해버린 모습에; 리데이아늄', 0.4480570168364396), ([[105, 423], [463, 423], [463, 484], [105, 484]], '얻어맞은 듯한 중격음받앉다:', 0.19420542719620695), ([[1296, 538], [1571, 538], [1571, 594], [1296, 594]], "'예혜햇: 후춧 . 웃", 0.018860880632360723), ([[1330, 632], [1537, 632], [1537, 688], [1330, 688]], '언니인 미레이늄', 0.8261379782622918), ([[1316, 680], [1550, 680], [1550, 732], [1316, 732]], '리데이아가 온것도', 0.2816483021613911), ([[1328, 728], [1530, 728], [1530, 782], [1328, 782]], '눈진재지못하고', 0.20571338922014532), ([[1336, 774], [1528, 774], [1528, 828], [1336, 828]], '계속옷고있다:', 0.3541392786258264)]
[]
[([[88, 154], [600, 154], [600, 206], [88, 206]], '알은 리데이아의 발믿에도 물러다니고있다;', 0.711830643193681), ([[162, 247], [266, 247], [266, 297], [162, 297]], '[에혜해', 0.14313459396362305), ([[278, 250], [494, 250], [494, 298], [278, 298]], '알-알-에헤: 헤', 0.19855856549376852), ([[126, 295], [568, 295], [568, 349], [126, 349]], '알 낭논 거기분 좋아-좋아-에혜하}', 0.13458781954056503), ([[1256, 660], [1572, 660], [1572, 716], [1256, 716]], '미레이늄 동종 축수_알올', 0.040268853432471385), ([[1310, 708], [1522, 708], [1522, 762], [1310, 762]], '질예세배출하다: ', 0.06306233369935292)]
[([[208, 81], [394, 81], [394, 137], [208, 137]], "'이제: :보상?]", 0.3014758558251045), ([[194, 176], [412, 176], [412, 230], [194, 230]], '믿을 수 없다는 듯', 0.3406573257267936), ([[174, 224], [430, 224], [430, 276], [174, 276]], '리데이아눈 반문하다:', 0.2582431132679511), ([[157, 314], [444, 314], [444, 369], [157, 369]], '고불런은그런그녀에제', 0.34931766666367553), ([[168, 364], [438, 364], [438, 418], [168, 418]], '충격적인 말울 건네다;', 0.3371618767917332), ([[1236, 526], [1590, 526], [1590, 582], [1236, 582]], '고불린은 미레이블 무시한켓', 0.3543528974122615), ([[1294, 576], [1532, 576], [1532, 628], [1294, 628]], '이야기틀 계속한다', 0.6524779123603612), ([[1256, 670], [1564, 670], [1564, 720], [1256, 720]], '[난자도다 사라질때까지', 0.6268798950875443), ([[1268, 716], [1552, 716], [1552, 770], [1268, 770]], '운리들의임신주머니로', 0.18317181333010762), ([[1299, 760], [1526, 760], [1526, 821], [1299, 821]], '힘내중보상이지 }', 0.4090667199659662)]
[([[612, 446], [1008, 446], [1008, 500], [612, 500]], "'그래서; 너도왕올 낳아준 보상이", 0.6307519086465105), ([[634, 494], [990, 494], [990, 548], [634, 548]], '필요하다고 생각해서 말이지_', 0.8511160456241404)]
[([[292, 186], [444, 186], [444, 234], [292, 234]], "'싫어: 이런", 0.7704605819742869), ([[156, 232], [608, 232], [608, 284], [156, 284]], '이런 꼼직한 모습이 되고 싶지않아 @]', 0.27077011138360696), ([[138, 326], [626, 326], [626, 378], [138, 378]], "'미안하군 그래도이건 결정사항이거튼 ]", 0.3894929819428817), ([[1294, 586], [1564, 586], [1564, 638], [1294, 638]], '이해하고 싶지 않아도', 0.6161831117831879), ([[1337, 631], [1517, 631], [1517, 681], [1337, 681]], '이해해버럿다', 0.3142355628198499)]
[]
[([[184, 107], [521, 107], [521, 161], [184, 161]], '뒤릎 돌아도 도망칠 수 없다;', 0.5272301345213993), ([[157, 154], [546, 154], [546, 210], [157, 210]], '고불린이 마비 마법올 건 것이다;', 0.9096308215063819), ([[100, 249], [596, 249], [596, 302], [100, 302]], "'정말 싫어: . 임신 주머니라도 시켜주세요", 0.6585579595232749), ([[164, 296], [540, 296], [540, 350], [164, 350]], '그쪽이 차라리나을 것같아요]', 0.432555011216493), ([[156, 390], [552, 390], [552, 444], [156, 444]], '리데이아늄 필사적으로 부탁하다;', 0.5995359113702121)]
[([[256, 336], [498, 336], [498, 392], [256, 392]], '위에세큰입올 벌린', 0.31449343073350905), ([[244, 386], [514, 386], [514, 442], [244, 442]], '축수생물이다가온다', 0.5594979036964909), ([[1228, 517], [1594, 517], [1594, 570], [1228, 570]], '@미안하군; 전에도 얘기햇지만 ', 0.20168466211480532), ([[1264, 566], [1562, 566], [1562, 620], [1264, 620]], '데가 다른 아기틀 낭으면', 0.5225803987348367), ([[1328, 616], [1502, 616], [1502, 664], [1328, 664]], '곤란해지거듭', 0.36149591137807696), ([[1302, 662], [1392, 662], [1392, 710], [1302, 710]], '그러니:', 0.4280009865760803), ([[1410, 662], [1528, 662], [1528, 712], [1410, 712]], '알계지?]', 0.11625939569751066)]
[]
[([[1308, 508], [1464, 508], [1464, 558], [1308, 558]], '[부탁드려요', 0.5165337628958699), ([[1223, 549], [1560, 549], [1560, 609], [1223, 609]], '전틀 버리지 말아 주세요]', 0.4911463473679619), ([[1278, 648], [1506, 648], [1506, 698], [1278, 698]], "'괜찮아 아마계속", 0.561699396096793), ([[1216, 692], [1559, 692], [1559, 752], [1216, 752]], '기분 중음로숙고 훨건야:', 0.028353076052434877), ([[1276, 740], [1490, 740], [1490, 796], [1276, 796]], '행복안 일이잡아 _', 0.2973860208887269)]
[]
[([[638, 283], [1032, 283], [1032, 335], [638, 335]], '그리고리데이아늄-집어삼켜적다', 0.3119164740863939)]
[]
[([[185, 129], [354, 129], [354, 182], [185, 182]], '\'에혜헤하:" ]', 0.17798317260065927), ([[128, 224], [414, 224], [414, 276], [128, 276]], '미레이논 단지 해실해실', 0.5024776343114664), ([[178, 269], [365, 269], [365, 326], [178, 326]], '웃흘 분이없다;', 0.45060208310835703), ([[1298, 475], [1550, 475], [1550, 530], [1298, 530]], "'너희들도 곧 동료가", 0.6378900055404398), ([[1298, 526], [1560, 526], [1560, 578], [1298, 578]], '늘어날 테니 사이중제', 0.5276371743204769), ([[1338, 573], [1513, 573], [1513, 624], [1338, 624]], '지내야 한다 $', 0.5807855233091219)]
[]
[([[1036, 108], [1352, 108], [1352, 156], [1036, 156]], '리데이아는 완전히 삼켜저;', 0.508861221790374), ([[916, 154], [1470, 154], [1470, 204], [916, 204]], '축수 생물의 몸 안에서 조금씩 움직이려고 한다', 0.9408109109673923), ([[904, 248], [1479, 248], [1479, 298], [904, 298]], '하지만 손과 발은 고기벽 안에 완전히 집어삼켜저;', 0.44147364933902195), ([[1006, 295], [1382, 295], [1382, 347], [1006, 347]], '빼내려고 해도 움직이지 않듣다', 0.4385076716743219)]
[([[974, 374], [1540, 374], [1540, 428], [974, 428]], '모너움고불린들의 욕망울 온몸으로받아들없다;', 0.25085285721380135), ([[82, 470], [476, 470], [476, 526], [82, 526]], '부인윗 몸이고불린의 금돼자짓로', 0.021845325444111045), ([[1078, 468], [1434, 468], [1434, 524], [1078, 524]], '교불린이 허리지 흔글때만다;', 0.15466103339168813), ([[64, 518], [498, 518], [498, 572], [64, 572]], '함락되늄-건예상보다도훨씬빨랍다', 0.4932717184641252), ([[985, 511], [1533, 511], [1533, 574], [985, 574]], '두 사람의분드움 가슴과 엉덩이가출렁이다;', 0.1004173045758918), ([[982, 612], [1030, 612], [1030, 644], [982, 644]], "'아_", 0.20702656736100694), ([[1042, 608], [1538, 608], [1538, 664], [1042, 664]], '안돼: 안쪽은난독하게 찌르제말아 쥐"]', 0.19689528974787127)]
[([[796, 94], [1410, 94], [1410, 146], [796, 146]], "'부탁이야 나가게 해쥐:. 나; 망가지고 싶지 않아 - ]", 0.45024467888053443), ([[926, 190], [1276, 190], [1276, 238], [926, 238]], '내가 내가 아니게 되어버린다', 0.9428305463715811), ([[864, 236], [1348, 236], [1348, 288], [864, 288]], '그건; 죽는 것과 크게 다르지 않은 것이다', 0.5509500829180191), ([[854, 330], [958, 330], [958, 378], [854, 378]], "'무서워:", 0.9532833786041884), ([[978, 328], [1350, 328], [1350, 380], [978, 380]], '싫어:: 싫어 싫어 부탁이야 " ]', 0.27676869151310257), ([[946, 424], [1256, 424], [1256, 474], [946, 474]], '하지만 비정하게도 ;수는', 0.33823685964549044), ([[846, 469], [1356, 469], [1356, 525], [846, 525]], '리데이아틀 망가뜨길 준비름 척척하고있다:', 0.17681472130039227)]
[]
[([[946, 122], [1568, 122], [1568, 176], [946, 176]], '내벽 안에서 기모한 형태의 축수가 여러 개 나타난다;', 0.5485631230943503), ([[1066, 218], [1448, 218], [1448, 266], [1066, 266]], '두 개의 축수가 얼굴에 다가온다', 0.8976998166988372), ([[1032, 311], [1478, 311], [1478, 364], [1032, 364]], '어떤 짓흘 당황지 상상도 되지 안듣다.', 0.1283642701296674)]
[]
[([[1090, 106], [1550, 106], [1550, 160], [1090, 160]], '그러자 축수는 횟구멍올 정확히 노린다;', 0.16052073817800805), ([[1118, 200], [1522, 200], [1522, 252], [1118, 252]], '축수의 끝부분에서 더 얇은 축수가', 0.6808780069869452), ([[1162, 248], [1478, 248], [1478, 298], [1162, 298]], '귀안쪽으로 파고들어온다:', 0.5779368686787941)]
[]
[([[1030, 134], [1382, 134], [1382, 184], [1030, 184]], '그 ;수는 귀안에 들어오더니', 0.3180459366978373), ([[1032, 182], [1382, 182], [1382, 232], [1032, 232]], '고막을 찢고 뇌까지 침투한다', 0.591179832519411), ([[958, 276], [1450, 276], [1450, 326], [958, 326]], '아픔을 느낌 새도 없이 리데이아의 의식올', 0.54131912494242), ([[1036, 321], [1376, 321], [1376, 375], [1036, 375]], '완전히 바뀌버리기 시작하다.', 0.7689174751774082)]
[([[925, 126], [1520, 126], [1520, 180], [925, 180]], "'안돼애애애애애애애애애애애애애애애애애애앗]]", 0.3047052826299434), ([[974, 223], [1469, 223], [1469, 273], [974, 273]], '자신이 자신일 수 있는 그 마지막 순간까지', 0.3932517717426104), ([[1082, 269], [1368, 269], [1368, 326], [1082, 326]], '리데이야는 울부짓없다.', 0.4095077665008651)]
[([[1028, 160], [1496, 160], [1496, 210], [1028, 210]], '하지만 결국 자신이 소리 지르고 있다는', 0.6812651623098395), ([[1087, 208], [1438, 208], [1438, 256], [1087, 256]], '사실조자 깨닫지 못하게 된다', 0.9382444083362041), ([[958, 300], [1570, 300], [1570, 354], [958, 354]], '머리에 피가 물린 듯 명해지터니 코피가 흘러내린다:', 0.40548209796993545), ([[1062, 393], [1464, 393], [1464, 443], [1062, 443]], '점점 리데이아의 의식은 바뀌어가', 0.9229045804700612), ([[974, 440], [1552, 440], [1552, 492], [974, 492]], '축수의 알울 낭기에 적합한 고기 인형이 되어간다;', 0.5477560212685626)]
[]
[([[1081, 232], [1555, 232], [1555, 292], [1081, 292]], '(뭐야 이 자지-천음엔괴로윗올 분인데:', 0.06818498238468133), ([[1109, 284], [1552, 284], [1552, 338], [1109, 338]], '안족까지 들어안서 꿈국둘리니까 )', 0.05909992287835575), ([[1072, 376], [1588, 376], [1588, 432], [1072, 432]], "'출산으로 부드러워진진롭움 이미 고불린의", 0.18690635132484038), ([[1086, 424], [1576, 424], [1576, 478], [1086, 478]], '폐니스로 쾌감을 느끼기시작하고있없다;', 0.5235825160944249), ([[154, 498], [334, 498], [334, 550], [154, 550]], '[딸앞이라고', 0.07508569781707634), ([[74, 544], [422, 544], [422, 598], [74, 598]], '그렇제상쓰움신음 소리틀', 0.2790603756002702), ([[124, 590], [364, 590], [364, 644], [124, 644]], '내도괜찮음5나?]', 0.0869495796583208)]
[([[1044, 106], [1488, 106], [1488, 160], [1044, 160]], "'헤에: 안돼 아직:-  내가 후후:]", 0.1726423887495006), ([[970, 204], [1558, 204], [1558, 256], [970, 256]], '허가 움직이지 않듣다 사고도 제대로 되지 않듣다;', 0.22521783036706505), ([[1014, 296], [1514, 296], [1514, 350], [1014, 350]], '뇌안에 기분 중은 바람이 불어오는 듯하다;', 0.7399602091834839), ([[1076, 344], [1450, 344], [1450, 392], [1076, 392]], '그리고 그 바람이 지나간 뒤에는', 0.7313939288390217), ([[1091, 390], [1442, 390], [1442, 442], [1091, 442]], '아무것도 남아있지 암게 된다', 0.5555429573531349), ([[1140, 484], [1358, 484], [1358, 534], [1140, 534]], '그저 기분 중음 뿐', 0.3456092330187589)]
[]
[([[1076, 138], [1462, 138], [1462, 192], [1076, 192]], '알흘 낭논 고기 인형이 완성되자;', 0.5286612164593272), ([[1104, 186], [1430, 186], [1430, 236], [1104, 236]], '축수는 알흘 낭제 하기 위해', 0.1923360600317528), ([[1026, 234], [1512, 234], [1512, 286], [1026, 286]], '리데이아의 여성기에 축수름 밀어 넣논다:', 0.43776770108895807)]
[([[496, 484], [1092, 484], [1092, 534], [496, 534]], '이렇제 나라에서 가장 강한 마법사는 사라저버로다:', 0.28076531386567416)]
[([[840, 790], [1052, 790], [1052, 940], [840, 940]], "'", 0.051530636307831834)]
[([[572, 418], [962, 418], [962, 474], [572, 474]], '어떤국에번성한 나라가 있없다;', 0.35861405375393135), ([[490, 512], [1040, 512], [1040, 566], [490, 566]], '그나라에서눈 사람들이 평화롭게 살고있없다;', 0.401809419574938), ([[516, 605], [1014, 605], [1014, 660], [516, 660]], '아름다운공주와; 하프엘프인궁정 마법사:', 0.32409794065855324), ([[518, 652], [1012, 652], [1012, 706], [518, 706]], '그리고수많은 우수한 모임가들도있없다;', 0.2764088952053765)]
[([[528, 321], [1038, 321], [1038, 378], [528, 378]], '하지만 임신신컨상대으능력지름 물로받늄', 0.03230988115433282), ([[567, 369], [998, 369], [998, 425], [567, 425]], '돌연변이고불런들에의해 점령당해;', 0.43422457354910776), ([[514, 416], [1052, 416], [1052, 472], [514, 472]], '모문인간들음고불린에제 지배당하게 되없다;', 0.1523965306415492), ([[520, 510], [1042, 510], [1042, 562], [520, 562]], '여자들은 모두 고불린의임신 주머니가 되어;', 0.7653753377232478), ([[408, 556], [1160, 556], [1160, 612], [408, 612]], '난자루 전부사용해아이틀 당지 못하게 되면 축수에제 버려쳐다;', 0.15520075997376928), ([[451, 647], [1113, 647], [1113, 708], [451, 708]], '그런비잠한 생활올 강요당하눈다라가 되어버린젓이다:', 0.27886176683070746)]
[([[455, 573], [519, 573], [519, 639], [455, 639]], '까', 0.17299751942199126), ([[952, 898], [1032, 898], [1032, 972], [952, 972]], '뼈', 0.1852424531821848), ([[517.8709031195572, 851.0639474521029], [586.6564755740159, 819.0215712749591], [645.1290968804428, 958.9360525478971], [576.3435244259841, 990.9784287250409]], '씨', 0.6206713115263405)]
[([[1358, 102], [1576, 102], [1576, 152], [1358, 152]], '하지만; 그안에서', 0.5262227391677492), ([[1349, 149], [1576, 149], [1576, 198], [1349, 198]], '살아가는 여성들은', 0.5615786327059096), ([[16, 220], [282, 220], [282, 274], [16, 274]], '의외로 행복해보엿다;', 0.4266925152534628), ([[457, 575], [519, 575], [519, 639], [457, 639]], '까', 0.3146145968540601), ([[952, 898], [1032, 898], [1032, 970], [952, 970]], '뼈', 0.6727848914512293), ([[518.8449914182544, 852.0669261969874], [586.6608041725739, 820.0218569941342], [646.1550085817456, 957.9330738030126], [578.3391958274261, 990.9781430058658]], '씨', 0.3649025906287342)]
[([[1356, 101], [1574, 101], [1574, 151], [1356, 151]], '하지만 그 안에서', 0.8500865897729718), ([[1352, 150], [1578, 150], [1578, 198], [1352, 198]], '살아가는 여성들은', 0.497481439940287), ([[18, 222], [280, 222], [280, 274], [18, 274]], '의외로 행복해 보엿다.', 0.6275936279326341), ([[457, 575], [519, 575], [519, 639], [457, 639]], '까', 0.029236358853218514), ([[955, 905], [1029, 905], [1029, 969], [955, 969]], '#', 0.2349144972360273), ([[519.7894562468896, 853.0735412244948], [584.6927759867831, 822.0240257903232], [641.2105437531104, 954.9264587755052], [577.3072240132169, 985.9759742096768]], '씨', 0.35329037285180576)]
[([[1208, 122], [1362, 122], [1362, 172], [1208, 172]], '(%뇨하아<', 0.01067943674064676), ([[1382, 124], [1534, 124], [1534, 174], [1382, 174]], '부탁드려요', 0.615328979540129), ([[229, 182], [837, 182], [837, 242], [229, 242]], '폐미스-가들어값다마올 때마다 물소리가 들려온다:', 0.11534005271816689), ([[1188, 170], [1552, 170], [1552, 222], [1188, 222]], '딸에게하들키고 싶지 않아-7', 0.07763593208684098), ([[1190, 216], [1549, 216], [1549, 272], [1190, 272]], '그러니까 말아지 말아 쥐- 7!', 0.07787192954807062), ([[276, 278], [792, 278], [792, 332], [276, 332]], '"워야-이어접:보지대 축출하게 젖없잡아;', 0.02132844907859554), ([[383, 324], [686, 324], [686, 381], [383, 381]], '그렇제기분 종음컨나?0', 0.07764887736536992)]
[([[1359, 105], [1573, 105], [1573, 149], [1359, 149]], '하지만 그 안에서', 0.7247521063997632), ([[1352, 150], [1578, 150], [1578, 198], [1352, 198]], '살아가는 여성들은', 0.5634726718215768), ([[18, 222], [282, 222], [282, 272], [18, 272]], '의외로 행복해 보엿다.', 0.7301171082027526), ([[957, 907], [1027, 907], [1027, 967], [957, 967]], '기', 0.000380160524580956), ([[522.8836873886971, 855.069499109577], [584.6322370187266, 824.0222343340812], [641.1163126113029, 952.930500890423], [578.3677629812734, 983.9777656659188]], '뼈', 0.0894735998847409)]
[([[1361, 105], [1573, 105], [1573, 149], [1361, 149]], '하지만 그 안에서', 0.7898146190466904), ([[1352, 150], [1578, 150], [1578, 198], [1352, 198]], '살아가는 여성들은', 0.5832931821728684), ([[18, 222], [280, 222], [280, 270], [18, 270]], '의외로 행복해 보엿다.', 0.42201717313397086)]
[([[1260, 113], [1522, 113], [1522, 169], [1260, 169]], '@루나의 질 입구에서', 0.30658195483305073), ([[314, 176], [662, 176], [662, 232], [314, 232]], '[젖기숙움-건유전인가-보군;', 0.1545151144072933), ([[1244, 162], [1537, 162], [1537, 216], [1244, 216]], '대량의애액이 흘러나와;', 0.7241810508150339), ([[359, 220], [613, 220], [613, 281], [359, 281]], '이쪽도+청나다고', 0.0806152946370531), ([[1260, 209], [1522, 209], [1522, 264], [1260, 264]], '엉덩인까지 전해진다;', 0.5207951069303859), ([[279, 315], [695, 315], [695, 375], [279, 375]], '딴음범하고있분고불린이말하다', 0.11416373921084064)]
[]
[([[304, 164], [574, 164], [574, 218], [304, 218]], '꿀목적인 말을 들으나;', 0.17015991252987403), ([[322, 212], [556, 212], [556, 262], [322, 262]], '눈물이 흘러나온다;', 0.9076435700856904), ([[304, 258], [572, 258], [572, 310], [304, 310]], '하지만 그 꿀욕감 뒤에', 0.47991689178846614), ([[333, 305], [543, 305], [543, 357], [333, 357]], '돼화이 밀려온다', 0.08257160510553373), ([[1012, 336], [1418, 336], [1418, 390], [1012, 390]], '모친과고불린은 딸 쪽을 바라보다', 0.18795226193785292), ([[931, 429], [1496, 429], [1496, 486], [931, 486]], '그곳에는 전깜마의로 흘린 피틀 찢어내길만큼의', 0.023427905053615465), ([[1026, 478], [1402, 478], [1402, 532], [1026, 532]], '대량의애액이 응덩이저있없다', 0.1954876615371282), ([[943, 566], [1483, 566], [1483, 627], [943, 627]], "'[처녀라서 안보관있어는데 엄정나-명기료만", 0.07554200885279042), ([[1012, 616], [1420, 616], [1420, 672], [1012, 672]], '자지름 물고놓아주지 않으면서동', 0.1960496312583443), ([[1088, 666], [1346, 666], [1346, 716], [1088, 716]], '엄청나게 젖어있다니:', 0.6445010113204286), ([[960, 712], [1466, 712], [1466, 762], [960, 762]], '딸울 훌륭하게 키위취서 고맙다고 엄마씨 _', 0.38604533422216125)]
[([[153, 173], [552, 173], [552, 223], [153, 223]], '[가버리논 거나 한심한 보지구만', 0.3899018590194143), ([[122, 218], [586, 218], [586, 272], [122, 272]], '가버려라] 딸 앞에서 성대하게 말이야 ]', 0.6584559841455155), ([[1080, 394], [1160, 394], [1160, 446], [1080, 446]], '(어:', 0.18104525567495278), ([[1180, 394], [1381, 394], [1381, 449], [1180, 449]], '싫어 - 와버려', 0.27086572187334024), ([[1047, 439], [1416, 439], [1416, 499], [1047, 499]], '간고심제않은데도 와쁘려?]', 0.04965030820280272), ([[1072, 536], [1394, 536], [1394, 592], [1072, 592]], '절정올 참되 브루나여지만', 0.1104955409205003), ([[1102, 584], [1364, 584], [1364, 636], [1102, 636]], '결국한계가 와버로다', 0.6304422362744606)]
[([[418, 322], [760, 322], [760, 420], [418, 420]], '이이야기는;', 0.5093700392053401), ([[319, 423], [864, 423], [864, 523], [319, 523]], '해피엔드일 것인가?', 0.5486946516841885)]
[]
[([[484, 161], [589, 161], [589, 214], [484, 214]], "'오옷0", 0.2809625566005707), ([[305, 211], [747, 211], [747, 255], [305, 255]], '오요오오오오오오오오오오오오오오오', 0.12246616752436042), ([[362, 258], [698, 258], [698, 306], [362, 306]], '이젠 안돼 아아아아아아아니', 0.7981616086636946), ([[1102, 470], [1356, 470], [1356, 524], [1102, 524]], '남편과의 셋스에서움', 0.36383557907276887), ([[1059, 513], [1400, 513], [1400, 574], [1059, 574]], '뜨낌적인없면 강렬한 점정', 0.0698167211460912), ([[1056, 610], [1404, 610], [1404, 666], [1056, 666]], '게다가; 절정중에도 계속해선', 0.5424236788381384), ([[1070, 660], [1386, 660], [1386, 712], [1070, 712]], '강한 피스톱 운동이 더해저', 0.5226173083469555), ([[1126, 706], [1332, 706], [1332, 758], [1126, 758]], '절정이 경쳐진다', 0.49285926345438535)]
[([[1051, 470], [1320, 470], [1320, 524], [1051, 524]], '분끄러운신음 소리가;', 0.5817388235350094), ([[1014, 518], [1358, 518], [1358, 572], [1014, 572]], '고불런들의사정올 축진한다', 0.0769747071544222), ([[1020, 610], [1364, 610], [1364, 666], [1020, 666]], '좋아; 우리들도-한발 싸불까 ]', 0.48234199249906956), ([[1018, 704], [1346, 704], [1346, 754], [1018, 754]], '고불런들도 라스트스퍼트로', 0.6594189607143335), ([[978, 752], [1392, 752], [1392, 806], [978, 806]], '모무한 번에 모녀의안에 사정하다;', 0.3463685745395606)]
[]
[([[1062, 204], [1390, 204], [1390, 258], [1062, 258]], "'대량의정액이 안에 싸진다:", 0.8102739724953452), ([[1105, 295], [1348, 295], [1348, 348], [1105, 348]], '\'여보-미안해요 " !', 0.4690929256860432), ([[1032, 390], [1428, 390], [1428, 444], [1032, 444]], '부훨나늄속삭이듯이; 참회하듯이', 0.07686199228677479), ([[1026, 438], [1432, 438], [1432, 490], [1026, 490]], '이국에눈없는 남편에제 사과하다;', 0.12091419093094859)]
[([[1064, 204], [1386, 204], [1386, 254], [1064, 254]], '대량의 정액이 안에 싸진다', 0.9556428407079937), ([[1107, 297], [1348, 297], [1348, 347], [1107, 347]], '\'여보 미안해요" !', 0.6703455810638034), ([[1031, 389], [1423, 389], [1423, 443], [1031, 443]], '보루나는 속삭이듯이 참회하듯이', 0.39200554098331264), ([[1026, 438], [1430, 438], [1430, 488], [1026, 488]], '이곳에눈 없는 남편에게 사과하다', 0.26274927837318457)]
[([[1064, 201], [1386, 201], [1386, 255], [1064, 255]], '대량의 정액이 안에 싸진다', 0.972028261470447), ([[1103, 294], [1326, 294], [1326, 345], [1103, 345]], '\'여보"" 미안해요 "', 0.5360197363394597), ([[1323, 319], [1343, 319], [1343, 341], [1323, 341]], "'1", 0.2966039469786323), ([[1032, 392], [1422, 392], [1422, 440], [1032, 440]], '브루나는 속삭이듯이 참회하듯이', 0.45929657184236145), ([[1026, 441], [1425, 441], [1425, 485], [1026, 485]], '이곳에는 없는 남편에게 사과한다', 0.48003898264575584)]
[([[1064, 204], [1386, 204], [1386, 252], [1064, 252]], '대량의 정액이 안에 싸진다.', 0.7386217239833153), ([[1105, 298], [1319, 298], [1319, 343], [1105, 343]], '\'여보" 미안해요\'', 0.3255982773698089), ([[1032, 392], [1422, 392], [1422, 440], [1032, 440]], '보루나는 속삭이듯이 참회하듯이', 0.5474886024549527), ([[1026, 441], [1423, 441], [1423, 485], [1026, 485]], '이곳에는 없는 남편에게 사과한다.', 0.49252159670800866)]
[]
[([[744, 334], [864, 334], [864, 551], [744, 551]], '태', 0.01648887465870197), ([[658, 498], [806, 498], [806, 550], [658, 550]], '모친과 딸음', 0.42588339611561005), ([[836, 498], [926, 498], [926, 546], [836, 546]], "'뒤에도", 0.9691309332847595), ([[598, 542], [764, 542], [764, 596], [598, 596]], '고불런들에계', 0.3253486879740298), ([[870, 544], [990, 544], [990, 598], [870, 598]], '범해져다', 0.09448636323213577), ([[727, 528], [886, 528], [886, 797], [727, 797]], '@', 0.007331205596522672)]
[([[332, 363], [821, 363], [821, 459], [332, 459]], '배드 엔트일 것인가?', 0.5012951294234296)]
[([[552, 239], [1030, 239], [1030, 295], [552, 295]], '전녀엿되적인질 입구도 벌어지계 되교', 0.018257607176168103), ([[575, 283], [1011, 283], [1011, 344], [575, 344]], '바닥에문대량의 정액이 흘러넘1다', 0.16513198916154193), ([[640, 380], [947, 380], [947, 436], [640, 436]], "'이건쪽더문 많이 햇나}", 0.061297426055926404), ([[628, 473], [948, 473], [948, 528], [628, 528]], '[렇네; 근데어명제 하지;', 0.19065458271427432), ([[542, 521], [1045, 521], [1045, 576], [542, 576]], '걷지름 못하면성으로데려가기가 힘문데:]', 0.27920923873150877)]
[([[535, 301], [1063, 301], [1063, 361], [535, 361]], '고불런들이 모덧인 처리름 검토하고있음때', 0.0670011682378971), ([[706, 352], [890, 352], [890, 408], [706, 408]], '방문이 열린다;', 0.6610318300465907), ([[616, 446], [988, 446], [988, 500], [616, 500]], '그곳에눈 몸이곳저곳에 명이나', 0.2921856013149647), ([[618, 492], [980, 492], [980, 548], [618, 548]], '상처가있분- 남자가저 있없다:', 0.10610701523007232)]
[]
[([[1148, 208], [1492, 208], [1492, 262], [1148, 262]], '뚜벽두벽 모녀에고다가간다', 0.0681624721105715), ([[1148, 255], [1493, 255], [1493, 309], [1148, 309]], '그리고 분노름어른로눕듯안', 0.03155432182503814), ([[1172, 302], [1468, 302], [1468, 356], [1172, 356]], '목소리로 이름올-분롭다', 0.3387555085068487), ([[262, 344], [468, 344], [468, 400], [262, 400]], '하지만계속해서', 0.6455631129151436), ([[234, 390], [495, 390], [495, 450], [234, 450]], '범해진문사림에계는', 0.3884488286532475), ([[1212, 393], [1425, 393], [1425, 450], [1212, 450]], '\'리즈 @류과"]', 0.01983379817142431), ([[246, 440], [486, 440], [486, 496], [246, 496]], '아무련반응이없다', 0.22984040463867172)]
[([[1165, 176], [1495, 176], [1495, 237], [1165, 237]], "'뛰야; 이 녀설워남편인가]", 0.11544883701504652), ([[1226, 273], [1423, 273], [1423, 323], [1226, 323]], "'그래보이늄데", 0.32449933395867914), ([[1182, 317], [1470, 317], [1470, 374], [1182, 374]], '둘다 맛있계 먹없다고]', 0.3026761756680848), ([[112, 624], [442, 624], [442, 678], [112, 678]], '범하는 것에만족하지입고', 0.17145527340601754), ([[72, 672], [482, 672], [482, 726], [72, 726]], '최약의 말음 남자에제되퍼뷰늄다', 0.054010798305946024)]
[([[1226, 155], [1441, 155], [1441, 212], [1226, 212]], '{죽여버질없야]', 0.20084014786321583), ([[1178, 250], [1490, 250], [1490, 304], [1178, 304]], '남자눈 이미고불린들에제', 0.2617272085407253), ([[1104, 297], [1559, 297], [1559, 353], [1104, 353]], '수없이 상처 입언백기름 등상태하다;', 0.08285446197975153), ([[1117, 342], [1540, 342], [1540, 402], [1117, 402]], '막결과 이곳에플려오게된켜이다;', 0.024716462912262118), ([[184, 572], [584, 572], [584, 626], [184, 626]], '하지만 자신이사랑하눈사람들의', 0.333895610145343), ([[238, 618], [534, 618], [534, 674], [238, 674]], '꿀욕적인모습음-보고움', 0.03700020383177631), ([[280, 666], [490, 666], [490, 722], [280, 722]], '상체입음몸으', 0.3526919683336977), ([[238, 712], [536, 712], [536, 768], [238, 768]], '검플사정없이휘듬롭다', 0.06802713982354133)]
[([[770, 572], [836, 572], [836, 624], [770, 624]], '품육', 0.7536999492686216)]
[([[1157, 118], [1455, 118], [1455, 178], [1157, 178]], '그런몸으로 하눈공격움', 0.5030635324550139), ([[1185, 167], [1430, 167], [1430, 222], [1185, 222]], '당연히 먹히지안고;', 0.35661683395777805), ([[1116, 214], [1498, 214], [1498, 270], [1116, 270]], "'마볍에 의해 심장이관통당하다", 0.5400642687213957), ([[252, 239], [496, 239], [496, 299], [252, 299]], '애초적} 담자들에계', 0.10402775684245617), ([[229, 287], [527, 287], [527, 347], [229, 347]], '글용당안 문사람올-보면 ', 0.0487248315188932), ([[1151, 307], [1460, 307], [1460, 364], [1151, 364]], '{수컷은 저향하면주인다', 0.24904673129507454), ([[184, 338], [568, 338], [568, 392], [184, 392]], '예상대로염버들 젓이분명있다}', 0.054668525647971096), ([[1156, 355], [1455, 355], [1455, 410], [1156, 410]], '암컷은 성까지데련간다', 0.30492678743935814), ([[1194, 401], [1420, 401], [1420, 458], [1194, 458]], '이게 명령이거듭]', 0.2055892977270977), ([[260, 428], [489, 428], [489, 488], [260, 488]], '그것들올안편서도', 0.03892435335807014), ([[244, 478], [504, 478], [504, 534], [244, 534]], '그들은일분렉남자루', 0.31602219121676345), ([[1148, 496], [1462, 496], [1462, 550], [1148, 550]], '준제없이 남자름 중인다', 0.1688579021153851), ([[222, 524], [528, 524], [528, 580], [222, 580]], '(이곳에 데리고온-것이다;', 0.18652154404481439)]
[([[1208, 130], [1534, 130], [1534, 184], [1208, 184]], '[이야; 그래되어떡할건야;', 0.12005836580784052), ([[1216, 177], [1529, 177], [1529, 231], [1216, 231]], '인간을 들고겹숙되없고', 0.061229972331208034), ([[1218, 224], [1528, 224], [1528, 280], [1218, 280]], '여기에방친해되야 하내]', 0.13748823367376412), ([[1246, 316], [1498, 316], [1498, 372], [1246, 372]], "'그래 혹화내시편", 0.4193700462759878), ([[1204, 364], [1542, 364], [1542, 418], [1204, 418]], '다시 회숨하렉오면되니-]', 0.06028113958167157), ([[75, 480], [422, 480], [422, 536], [75, 536]], '[들개에계물려주지 말라고]', 0.3405306162960817), ([[56, 573], [440, 573], [440, 628], [56, 628]], '고불런들답말에도 반응이없안', 0.09398932027658588), ([[146, 622], [352, 622], [352, 676], [146, 676]], '모너의 눈동자늄', 0.09216957929265834), ([[112, 668], [384, 668], [384, 724], [112, 724]], '계속 허공올 멈돌안다', 0.10310255044642445)]
[([[1210, 130], [1530, 130], [1530, 182], [1210, 182]], "'이야 그래도어떡할 거야;", 0.9390890643988911), ([[1215, 177], [1528, 177], [1528, 229], [1215, 229]], '인간을 들고갈 수도 없고', 0.5699814920181268), ([[1216, 224], [1525, 224], [1525, 278], [1216, 278]], '여기에 방치해뒤야 하나]', 0.48123243913402214), ([[1246, 318], [1496, 318], [1496, 372], [1246, 372]], "'그래 혹시 화내시면", 0.8161087926336645), ([[1204, 364], [1540, 364], [1540, 418], [1204, 418]], '다시 회수하러오면 되니까 _', 0.6022219495927158), ([[76, 480], [420, 480], [420, 534], [76, 534]], "'들개에제 물려주지 말라고]", 0.4183280683783932), ([[58, 575], [436, 575], [436, 626], [58, 626]], '고불런들의 말에도 반응이 없이;', 0.6675315279017094), ([[146, 623], [348, 623], [348, 673], [146, 673]], '모녀의 눈동자는', 0.48628615565028055), ([[112, 670], [382, 670], [382, 720], [112, 720]], '계속 허공올 멈돌앉다;', 0.2611626471463844)]
[([[260, 366], [846, 366], [846, 468], [260, 468]], '드디어 시리즈 완결]', 0.6592487559510356)]
[([[1208, 129], [1530, 129], [1530, 180], [1208, 180]], "'이야 그래도 어떡할 거야", 0.6944639836317584), ([[1215, 177], [1526, 177], [1526, 229], [1215, 229]], '인간을 들고 갈 수도 없고', 0.6570383512428175), ([[1218, 226], [1522, 226], [1522, 276], [1218, 276]], '여기에 방치해뒤야 하나 !', 0.39867569601770747), ([[1244, 319], [1495, 319], [1495, 368], [1244, 368]], "'그래; 혹시 화내시면", 0.7203278530708235), ([[1204, 365], [1538, 365], [1538, 414], [1204, 414]], '다시 회수하러 오면 되니까 _', 0.6703309853023363), ([[76, 482], [418, 482], [418, 532], [76, 532]], "'들개에제 물려주지 말라고 _", 0.5247342293589128), ([[58, 575], [432, 575], [432, 626], [58, 626]], '고불런들의 말에도 반응이 없이;', 0.6511257074716229), ([[148, 624], [346, 624], [346, 672], [148, 672]], '모녀의 눈동자는', 0.5432210550481189), ([[114, 670], [378, 670], [378, 720], [114, 720]], '계속 허공올 멈돌앉다.', 0.532662286703491)]
[([[1208, 129], [1526, 129], [1526, 180], [1208, 180]], "'이야 그래도 어떡할 거야", 0.5342512902175969), ([[1216, 177], [1520, 177], [1520, 229], [1216, 229]], '인간올 들고 갈 수도 없고', 0.4457916449494652), ([[1218, 224], [1523, 224], [1523, 274], [1218, 274]], '여기에 방치해뒤야 하나 _', 0.48997753755990753), ([[1242, 319], [1496, 319], [1496, 368], [1242, 368]], "'그래; 혹시 화내시면", 0.6744189734448653), ([[1204, 366], [1538, 366], [1538, 414], [1204, 414]], '다시 회수하러 오면 되니까 _', 0.7579417024458484), ([[76, 482], [416, 482], [416, 532], [76, 532]], "'들개에제 물려주지 말라고 ", 0.5068395285831758), ([[60, 576], [430, 576], [430, 624], [60, 624]], '고불린들의 말에도 반응이 없이', 0.733002092253118), ([[148, 624], [346, 624], [346, 672], [148, 672]], '모녀의 눈동자는', 0.5758021910618759), ([[114, 668], [377, 668], [377, 721], [114, 721]], '계속 허공올 멈돌앉다', 0.44705684950857494)]
[]
[([[640, 178], [960, 178], [960, 230], [640, 230]], "'오늘의 결과 보고입니다 ]", 0.6658341504530813), ([[526, 271], [1072, 271], [1072, 326], [526, 326]], '한 마리의 고불린이 들어오면서 말울 시작하다', 0.5322463293228972), ([[534, 366], [1064, 366], [1064, 420], [534, 420]], '[국경 근처의 마을까지 공격할 수 있없습니다.', 0.5231067145222094), ([[412, 414], [1181, 414], [1181, 466], [412, 466]], '하지만 성까지 거리가 있어 암컷의 대부분이 미회수인 상태입니다', 0.8562189674772841), ([[340, 458], [1252, 458], [1252, 511], [340, 511]], '그리고 인간들의 왕의 저형올 집행해습니다만 인간들과의 교전은 피할 수 없어,', 0.3689029493268452), ([[470, 508], [1128, 508], [1128, 560], [470, 560]], '암컷과 수컷 어느 쪽도 매일 수가 줄고 있는 상황입니다 _', 0.6302646473133465), ([[558, 600], [1040, 600], [1040, 652], [558, 652]], '소파에 앉아있는 고불린이 옷방귀름 진다', 0.2994595362579095), ([[386, 694], [1208, 694], [1208, 746], [386, 746]], "'뭐 예상한 결과잡아 힘으로 밀어분여 수컷은 종마 몇 명만 남기면 돼.", 0.40553010525325545), ([[346, 740], [1250, 740], [1250, 793], [346, 793]], '암컷은 " 월 수 있으면 남겨. 죽지만 않으면 어느 정도 난독하게 대해도 괜찮아', 0.4495170844965762), ([[546, 790], [1054, 790], [1054, 838], [546, 838]], '하지만 여기까지 무조건 데리고 오도록해 _', 0.7393552717229467)]
[([[558, 304], [1056, 304], [1056, 354], [558, 354]], "'알죽습니다; 각 부대에게 전달하켓습니다", 0.31328929541687317), ([[280, 350], [1338, 350], [1338, 404], [280, 404]], '또제압한 지역의 수컷 암컷들도 지금은 순증적으로 저희들의 명령에 따르고 있다고 합니다:', 0.44939225909641595), ([[352, 396], [1260, 396], [1260, 452], [352, 452]], '하지만 성에 감금되어 있는 녀석들이 반역올 계획하고 있다는 소문이 있습니다', 0.5821553586603531), ([[650, 448], [962, 448], [962, 498], [650, 498]], '어떻게 하면 중계습니까?_', 0.7015685125828207), ([[632, 537], [974, 537], [974, 591], [632, 591]], "'그렇군 그건 조금 위험한데.", 0.7371858021119876), ([[512, 586], [1098, 586], [1098, 638], [512, 638]], '그럼 내일 광장에서 감금되어 있는 수컷들올 모아', 0.4937426473136571), ([[694, 632], [922, 632], [922, 686], [694, 686]], '중은 방법이 있다 ]', 0.6538439898747874)]
[]
[([[698, 234], [884, 234], [884, 288], [698, 288]], '다음날정오즘', 0.5933390057639638), ([[531, 325], [1051, 325], [1051, 386], [531, 386]], '인간마법사들음 모문-광장으로집합당하다;', 0.4705673162306828), ([[624, 421], [956, 421], [956, 476], [624, 476]], '그들음제포당하고순주간', 0.2820644888883365), ([[522, 468], [1058, 468], [1058, 524], [522, 524]], '계속알몸인터지하 감혹에감금되어외없다', 0.05113437475660958), ([[570, 561], [1010, 561], [1010, 618], [570, 618]], '태양광지-죄늄-건 정말몇주만있잘', 0.023734189075355187), ([[600, 610], [982, 610], [982, 664], [600, 664]], '전신에자외선이아프제당늄다', 0.17660717211256802)]
[]
[([[1104, 120], [1447, 120], [1447, 174], [1104, 174]], '긍정마법사연되리데이아늄', 0.21381712497661676), ([[1042, 165], [1513, 165], [1513, 226], [1042, 226]], '광장중앙에요눕단상에올려세워진다', 0.20381156725466798), ([[228, 248], [730, 248], [730, 302], [228, 302]], '그안에늄리데이아가아줌얼굴도있지만', 0.10622079380391702), ([[1120, 262], [1434, 262], [1434, 316], [1120, 316]], '위에서보과 백명이념늄', 0.11477404204186421), ([[228, 294], [728, 294], [728, 350], [228, 350]], '되도록 눈음마준치지압도록하고있없다 ', 0.27762573201696167), ([[1142, 308], [1412, 308], [1412, 364], [1142, 364]], '알쪽의남성이보인다', 0.24157248846086612), ([[302, 388], [648, 388], [648, 444], [302, 444]], '왜냐하면리데이아눈이뒤에', 0.13983629474104292), ([[239, 433], [717, 433], [717, 493], [239, 493]], '무습-짓울당활지알고있없기때문이다:', 0.0401991107211142)]
[([[1182, 158], [1330, 158], [1330, 212], [1182, 212]], '[잘들어락', 0.09731301511993157), ([[1112, 200], [1398, 200], [1398, 263], [1112, 263]], '진금까지문신틱통치로', 0.027124838834563316), ([[1062, 252], [1446, 252], [1446, 306], [1062, 306]], '운리들이지뤄름 맡고있없지만', 0.0877852009639116), ([[1092, 300], [1414, 300], [1414, 354], [1092, 354]], '인간의왕이 죽없기때문에', 0.43702926521748364), ([[432, 360], [639, 360], [639, 422], [432, 422]], '그리고고블린음', 0.021646940167441852), ([[1118, 343], [1390, 343], [1390, 400], [1118, 400]], '새로움왕이 필요하다;', 0.4575674372428715), ([[398, 410], [684, 410], [684, 466], [398, 466]], '리데이야블 올려다-다', 0.038126870147119796), ([[1102, 391], [1406, 391], [1406, 447], [1102, 447]], '오늘[희들이모인것음', 0.04577998055473359), ([[1083, 435], [1429, 435], [1429, 497], [1083, 497]], '그것움위하 의식때문이다]', 0.14493164854758503)]
[]
[([[486, 112], [738, 112], [738, 168], [486, 168]], '(운리들음생각해다', 0.2656112006646803), ([[1163, 105], [1459, 105], [1459, 165], [1163, 165]], '(운리들음인간들에계드 ', 0.041063086413553086), ([[402, 160], [810, 160], [810, 216], [402, 216]], '모두의워에문림하눈왕이되러면', 0.08293547946040253), ([[1156, 151], [1467, 151], [1467, 213], [1156, 213]], '인정반문왕울적고심다', 0.03566911492002156), ([[438, 208], [780, 208], [780, 264], [438, 264]], '자집이외어야 한다늄컷올 _', 0.03956949866277737), ([[1196, 204], [1422, 204], [1422, 254], [1196, 254]], '그러네고불린끼리', 0.103296181265664), ([[1168, 248], [1454, 248], [1454, 304], [1168, 304]], '양울정하지늄앞켓다]', 0.19332583097189607), ([[148, 280], [428, 280], [428, 334], [148, 334]], '고불린으리데이야에제', 0.21560464222379286), ([[139, 327], [437, 327], [437, 387], [139, 387]], '웃올 벗으라고명령하다 ', 0.26050753778332963)]
[]
[([[1125, 125], [1521, 125], [1521, 185], [1125, 185]], '(프런기위해서화드새로움왕음', 0.018870472061818303), ([[395, 185], [741, 185], [741, 245], [395, 245]], '남자들음상황울@해해논자', 0.4236538499900076), ([[1065, 171], [1579, 171], [1579, 233], [1065, 233]], '이둥머로인하프엘프가 방계텔베이다', 0.02182820739997323), ([[436, 234], [702, 234], [702, 290], [436, 290]], '조금소관스리워진다', 0.54066687269067), ([[1173, 217], [1471, 217], [1471, 277], [1173, 277]], '그녀가이따라에세가장', 0.2318946497145488), ([[156, 262], [346, 262], [346, 310], [156, 310]], "'그아이야말로", 0.370850894433893), ([[1126, 268], [1518, 268], [1518, 322], [1126, 322]], '강한마력올-가지고있기때문에', 0.16175781977717488), ([[108, 306], [398, 306], [398, 363], [108, 363]], '왕에 적합한 인물이라고', 0.6625938105393653), ([[1108, 316], [1536, 316], [1536, 372], [1108, 372]], '움아이되분명마력이강력하켓진: _', 0.07411824662432714), ([[150, 358], [356, 358], [356, 410], [150, 410]], '생각되지 않나?', 0.4104581672989446), ([[116, 448], [388, 448], [388, 502], [116, 502]], '고불린음 계속 말안다;', 0.32862644520006773)]
[([[1052, 98], [1514, 98], [1514, 154], [1052, 154]], '따마법레질에되해왕이되려움자눈', 0.007939446904467068), ([[442, 124], [720, 124], [720, 178], [442, 178]], '[엘러싸 더희들에계도', 0.025839925599661917), ([[1078, 146], [1492, 146], [1492, 202], [1078, 202]], '신체조건드강하지않으면안된다', 0.0702319886015149), ([[502, 172], [654, 172], [654, 222], [502, 222]], '때뿌리기에', 0.8410018347339108), ([[1091, 190], [1475, 190], [1475, 250], [1091, 250]], '그것은정자단계에세정해진다', 0.15812229770855812), ([[432, 217], [726, 217], [726, 272], [432, 272]], '잠가답수임제하켓다 ]', 0.1299139026575404), ([[1038, 239], [1530, 239], [1530, 294], [1038, 294]], '그리고고불린들이멋대로순정음-신켜도', 0.08723940304069101), ([[1116, 286], [1450, 286], [1450, 342], [1116, 342]], '녀희들음인정하지언켓자] ', 0.04123097185424651), ([[156, 354], [446, 354], [446, 410], [156, 410]], '놀라운-제안에남자들음', 0.3701867730979993), ([[160, 400], [442, 400], [442, 456], [160, 456]], '몸이 굳음재로서있다', 0.31753276067889563)]
[([[1065, 151], [1469, 151], [1469, 214], [1065, 214]], '따하지마 혹지고불린이태어도', 0.015022522743076713), ([[1060, 202], [1474, 202], [1474, 258], [1060, 258]], '더희들움미왕에계 동숨음바처:', 0.020174020862488214), ([[464, 228], [728, 228], [728, 284], [464, 284]], '망토록입음교불린음', 0.25131717827326905), ([[1042, 247], [1492, 247], [1492, 304], [1042, 304]], '사제에카라고해도제발로걸어가고', 0.4919122858762072), ([[462, 276], [724, 276], [724, 328], [462, 328]], '리데이아름바라본다;', 0.06539730642376856), ([[1134, 298], [1398, 298], [1398, 352], [1134, 352]], '설렁사랑하눈사람올', 0.07662474883008065), ([[1094, 346], [1438, 346], [1438, 400], [1094, 400]], '줌이라고해되주여야 한다 ]', 0.24424443251303599), ([[120, 368], [436, 368], [436, 424], [120, 424]], "'리데이야여; 가슴음펴라", 0.2712374204757736), ([[144, 416], [411, 416], [411, 470], [144, 470]], '더습왕울 당늄기료로', 0.07454297357501403), ([[151, 459], [405, 459], [405, 519], [151, 519]], '적합한 존재이니까]', 0.4025207261557817)]
[]
[([[400, 108], [692, 108], [692, 162], [400, 162]], '6자 스간도별로없의', 0.07492394817630779), ([[1200, 112], [1416, 112], [1416, 166], [1200, 166]], '[종야그게닷]', 0.014840067305920359), ([[470, 156], [622, 156], [622, 206], [470, 206]], '리데이야여', 0.18341372916326681), ([[1174, 158], [1446, 158], [1446, 214], [1174, 214]], '@식의순서눈이령다', 0.049167183072286194), ([[446, 200], [646, 200], [646, 257], [446, 257]], '이쪽로오라]', 0.10162617324698915), ([[1106, 204], [1506, 204], [1506, 260], [1106, 260]], '운선음너희인간들이전심때까지', 0.19734924388237635), ([[175, 267], [319, 267], [319, 315], [175, 315]], '리데이아가', 0.7861149882505689), ([[1124, 251], [1488, 251], [1488, 306], [1124, 306]], '이려석올마음대로해되좋다;', 0.2695651406717908), ([[112, 314], [382, 314], [382, 368], [112, 368]], '움직이려고 눈음또', 0.5186726447570712), ([[1066, 300], [1546, 300], [1546, 356], [1066, 356]], '캠뒤에한마리켓고불린이찌름 분린다.', 0.005819508035228429), ([[92, 362], [404, 362], [404, 416], [92, 416]], '남자들이 발기리 폐네스가', 0.17982210307698435), ([[1157, 345], [1454, 345], [1454, 401], [1157, 401]], '이정도의핸)캠음 쥐도', 0.0475170916661454), ([[151, 405], [341, 405], [341, 465], [151, 465]], '눈에 들어온다', 0.3220943596912327), ([[1166, 392], [1446, 392], [1446, 449], [1166, 449]], '교불린이이기켓지만]', 0.18473780797471126)]
[([[415, 559], [743, 559], [743, 695], [415, 695]], '@_', 0.02174130982983189)]
[([[484, 456], [1114, 456], [1114, 512], [484, 512]], '그것은 국왕의 목올 잘라내 처형대륙 개조한 것이없다', 0.29899578674865745), ([[494, 550], [1114, 550], [1114, 604], [494, 604]], '되이상의 공개처형은 필요없다고생각한 고불린들은', 0.4925796402832153), ([[556, 598], [1042, 598], [1042, 652], [556, 652]], '대담하게도 -의식올 위해이것올 개조해다;', 0.36082574693186364)]
[]
[([[267, 178], [636, 178], [636, 232], [267, 232]], '고불린들이 현관올 억지로 열어', 0.4997224094729811), ([[280, 226], [628, 226], [628, 278], [280, 278]], '모너가 있는 방에 침입해앉다', 0.35304876298375876), ([[233, 317], [675, 317], [675, 377], [233, 377]], '캠리0문사람의 용이 모두벗겨적다', 0.02092559569674002), ([[1098, 516], [1390, 516], [1390, 572], [1098, 572]], '떼앗 싫어 그만해-}', 0.07734013725082069), ([[1032, 612], [1464, 612], [1464, 666], [1032, 666]], '딸인 리즈움-작은 목소리로애원하다', 0.3853244429441196)]
[([[562, 364], [994, 364], [994, 418], [562, 418]], '미요되의 칼날이없음에도불구하고', 0.22809853759551454), ([[556, 412], [1004, 412], [1004, 468], [556, 468]], '막상그앞에 서비등골이오짝해진다;', 0.41420232756062425), ([[563, 501], [989, 501], [989, 561], [563, 561]], '5자;여기에 머리와 가슴을 넣어라 ]', 0.28783879869178264), ([[416, 598], [1142, 598], [1142, 652], [416, 652]], '리데이야는 허리지 숙여; 나무와 나무 사이에 몸올 통과시권다:', 0.1413951296123966)]
[]
[([[1274, 172], [1411, 172], [1411, 228], [1274, 228]], '(이렇계?]', 0.1966513910255098), ([[1182, 268], [1502, 268], [1502, 322], [1182, 322]], '[그래 위에 판을내월테니', 0.11776544303974684), ([[1226, 316], [1458, 316], [1458, 368], [1226, 368]], '그대로있도록해 ]', 0.7578182694222607)]
[([[1274, 172], [1411, 172], [1411, 228], [1274, 228]], '(이렇계?]', 0.23079631190183508), ([[1182, 268], [1502, 268], [1502, 322], [1182, 322]], '[그래 위에 판을내월테니', 0.13006971155162497), ([[1226, 316], [1458, 316], [1458, 368], [1226, 368]], '그대로있도록해 ]', 0.6967938361210609)]
[([[1274, 172], [1411, 172], [1411, 228], [1274, 228]], '(이렇계?]', 0.2282412986586729), ([[1180, 268], [1504, 268], [1504, 322], [1180, 322]], '[그래 위에 판음 내킬테니', 0.1341815614733642), ([[106, 292], [420, 292], [420, 348], [106, 348]], '교불린음리데이안있몸올', 0.0653121718261379), ([[1226, 316], [1458, 316], [1458, 368], [1226, 368]], '그대로있도록해 ]', 0.740873840547125), ([[170, 340], [358, 340], [358, 394], [170, 394]], '고정하기위해', 0.9841400024713571), ([[128, 386], [400, 386], [400, 442], [128, 442]], '상분의판자루내린다', 0.2548279870661929)]
[]
[([[1090, 150], [1398, 150], [1398, 200], [1090, 200]], '철걱 하눈 군 소리와 함께;', 0.15852474345269196), ([[142, 200], [348, 200], [348, 252], [142, 252]], '[자; 인간들이여;', 0.5201422962024408), ([[1002, 198], [1486, 198], [1486, 250], [1002, 250]], '상반신과 하반신이 판자에 의해 분단편다;', 0.646919706303959), ([[44, 246], [449, 246], [449, 302], [44, 302]], '올라오서이여자루 범하눈거다 ]', 0.3092232331909437), ([[1042, 290], [1440, 290], [1440, 342], [1042, 342]], '뒤쪽올 확인하눈 것이 불가능해저;', 0.5796210678740663), ([[38, 340], [450, 340], [450, 396], [38, 396]], '그말을 신호로 남자들이 성금성금', 0.6119184912507604), ([[1026, 338], [1460, 338], [1460, 388], [1026, 388]], '리데이아눈 한층 더 불안에 힘싸인다;', 0.40790814993318864), ([[60, 388], [438, 388], [438, 442], [60, 442]], '계단을 올라가눈소리가 들린다;', 0.3246268603416565)]
[]
[([[920, 88], [1254, 88], [1254, 140], [920, 140]], '리데이아는 최대한 평정심올', 0.5512970477417646), ([[984, 135], [1190, 135], [1190, 184], [984, 184]], '유지하려고 햇다;', 0.8432404751964423), ([[83, 199], [591, 199], [591, 261], [83, 261]], '만약 마음이 깊인다면 남음 건지올분이다;', 0.08163710181040108), ([[918, 224], [1252, 224], [1252, 280], [918, 280]], "'앞으로 저녁까지 리데이아는", 0.33279358357860156), ([[916, 273], [1260, 273], [1260, 328], [916, 328]], '남자들에게 범해지논 것이다;', 0.5991784172240071), ([[74, 298], [600, 298], [600, 352], [74, 352]], '(문리해서라도마음올 강하게 먹지 않으면 -)', 0.31892881186329053)]
[([[172, 442], [486, 442], [486, 496], [172, 496]], '[자; 남자들이오고있다고', 0.390528514390027), ([[188, 492], [478, 492], [478, 542], [188, 542]], '더다리블 벌리지 않으면', 0.305720623845395), ([[232, 538], [434, 538], [434, 590], [232, 590]], '넣기 힘들 거다:]', 0.20487869073543685), ([[192, 632], [474, 632], [474, 684], [192, 684]], '고불린이 리데이야에제', 0.49121209183575504), ([[252, 678], [412, 678], [412, 728], [252, 728]], '주의름 준다;', 0.1928135886442578)]
[([[408, 128], [570, 128], [570, 178], [408, 178]], "'부탁드려요", 0.9432551766272481), ([[322, 172], [656, 172], [656, 228], [322, 228]], '딸만큼은 하지 말아 주세요', 0.8790901161301266), ([[286, 222], [694, 222], [694, 274], [286, 274]], '저논 어떤게 하서도 괜찮으니까" ]', 0.2484682337731135), ([[1158, 674], [1408, 674], [1408, 726], [1158, 726]], '고불런들의 폐니스는', 0.7128193386610059), ([[1146, 719], [1416, 719], [1416, 774], [1146, 774]], '이미 터질 듯이 발기해,', 0.6604830312964962), ([[1054, 770], [1516, 770], [1516, 824], [1054, 824]], '모너의 균멍올범합 준비가 되어 있없다', 0.27501552001497137)]
[]
[([[177, 51], [635, 51], [635, 111], [177, 111]], '@번만큼음보이지않문게 다행이라고', 0.09641354635068365), ([[278, 102], [540, 102], [540, 156], [278, 156]], '리데이아눈생각해다;', 0.43122156520681687), ([[910, 92], [1378, 92], [1378, 140], [910, 140]], '고불린에 말에 따라 조금 다리틀 벌린다;', 0.46378036660780053), ([[926, 138], [1362, 138], [1362, 190], [926, 190]], '다리틀 벌리니 소음순이 가볍게 열려;', 0.5026540985468708), ([[232, 196], [578, 196], [578, 252], [232, 252]], '만약 상대외얼굴이 보여다면', 0.16947120965350504), ([[968, 186], [1320, 186], [1320, 236], [968, 236]], '바깥공기가 질안을 자극하다;', 0.498104684922058), ([[150, 242], [658, 242], [658, 296], [150, 296]], '그리고그게리데이아가 아눈 사람이없다면', 0.746449440072402), ([[160, 333], [656, 333], [656, 390], [160, 390]], '분명 범해질 때 저향심이 생겨나올 것이다;', 0.3276318098095386), ([[260, 382], [560, 382], [560, 436], [260, 436]], '그것만큼은 참울 수없다;', 0.2641453848429584), ([[118, 428], [696, 428], [696, 484], [118, 484]], '단지마음음 비우고범해지기만 하면 되는 것이다;', 0.5137761239913777)]
[]
[([[916, 100], [1258, 100], [1258, 148], [916, 148]], '리데이아는 자신이 밟고 있는', 0.25382427125187135), ([[186, 160], [560, 160], [560, 214], [186, 214]], '고불린에제 범해질 때의아픔이', 0.40957114092505215), ([[900, 145], [1277, 145], [1277, 198], [900, 198]], '발판이 기울어지논 것올 느끼고', 0.40445521744851726), ([[230, 208], [514, 208], [514, 258], [230, 258]], '성교에대한 트라우마을', 0.4460152781140354), ([[878, 192], [1298, 192], [1298, 244], [878, 244]], '남자가 뒤에 서 있다는 걸깨달앉다;', 0.45059019002124734), ([[222, 254], [528, 254], [528, 308], [222, 308]], '리데이아에게 심어놓앉다', 0.48567945236132226), ([[968, 287], [1207, 287], [1207, 338], [968, 338]], '(이제 시작이구나"', 0.9593326513308508), ([[214, 346], [534, 346], [534, 400], [214, 400]], "'리데이아님 죄송합니다:]", 0.33484994034963356), ([[920, 332], [1250, 332], [1250, 386], [920, 386]], '아프지만 않으면 중플 팀데)', 0.3332853165039167)]
[]
[([[764, 98], [1334, 98], [1334, 150], [764, 150]], '귀두가 리데이아의 질 입구름 벌리면서 들어온다;', 0.5792766907322285), ([[801, 189], [1296, 189], [1296, 244], [801, 244]], '목소리의 주인에 짐작 가} 인물은 없지만;', 0.5838625231351472), ([[786, 238], [1314, 238], [1314, 292], [786, 292]], '얼굴이 보이지 암기 때문에 괜히 걱정이 된다;', 0.6499640222855849), ([[906, 330], [1166, 330], [1166, 380], [906, 380]], '혹시 아는 사람이라면', 0.6357750830527923), ([[798, 378], [1300, 378], [1300, 432], [798, 432]], '그렇게 생각하자; 바로 이상한 기분이 듣다;', 0.42141220716400074)]
[]
[([[934, 112], [1350, 112], [1350, 162], [934, 162]], '남자는 한 번에 허리름 들어 올린다:', 0.37617175722870505), ([[968, 160], [1318, 160], [1318, 210], [968, 210]], '그 진동으로 내장이 흔들린다;', 0.7935307080378851), ([[914, 252], [1368, 252], [1368, 304], [914, 304]], "'아아; 리데이아님- 기분 중습니다 ? ]", 0.16760846669391075), ([[970, 344], [1314, 344], [1314, 398], [970, 398]], '남자는 속삭이듯이 말을 건다', 0.4942236424978887), ([[112, 590], [422, 590], [422, 644], [112, 644]], '리데이아의 몸올 맛보듯이', 0.5974692213761928), ([[136, 638], [396, 638], [396, 690], [136, 690]], '천천히 허리틀 흔듣다 ', 0.30484634762468554)]
[([[1012, 164], [1190, 164], [1190, 212], [1012, 212]], '따뜻한 이물감', 0.7955266630274852), ([[914, 258], [1294, 258], [1294, 306], [914, 306]], '하지만, 고불린에게 범해질때와', 0.5896713070180323), ([[928, 304], [1280, 304], [1280, 356], [928, 356]], '비교하면 꽤나 여유가 생적다:', 0.3803440929019861)]
[([[812, 97], [1326, 97], [1326, 153], [812, 153]], "'그렇제 하면 마지막까지 순서가 안 돈다고]", 0.4793741567893121), ([[784, 194], [1356, 194], [1356, 246], [784, 246]], '순서클 기다리논 줄에서 화난 목소리가 들려오자;', 0.41449278941866774), ([[854, 238], [1287, 238], [1287, 292], [854, 292]], '남자는 천천히 하면 피스톱올 멈추고;', 0.26676796200770486), ([[856, 286], [1284, 286], [1284, 340], [856, 340]], '리데이아에제 격하게 박기 시작하다;', 0.4486756257044167)]
[([[574, 274], [1036, 274], [1036, 326], [574, 326]], '남편이 출장흘 간 사이에 집을 습격당해;', 0.23365129980847768), ([[632, 324], [980, 324], [980, 372], [632, 372]], '모녀분 범해 지기 직전이없다', 0.45665779255954664), ([[658, 418], [956, 418], [956, 466], [658, 466]], '이건 이 집분만이 아니다;', 0.5642796022004816), ([[576, 507], [1040, 507], [1040, 563], [576, 563]], '왕국 안의 수많은 곳에서 고불린에 의한', 0.865587198623755), ([[620, 556], [992, 556], [992, 610], [620, 610]], '잔혹한 행위가 일어나고 있없다;', 0.7859045332648799)]
[]
[([[894, 108], [1162, 108], [1162, 158], [894, 158]], '엉덩이에 허리가 닿아;', 0.575399919095839), ([[756, 154], [1300, 154], [1300, 208], [756, 208]], '원래 처형대엿던 기구난 끼의끼익 소리블 넘다', 0.05987459285290515), ([[736, 246], [1320, 246], [1320, 298], [736, 298]], "'아프지 않아 -아프지 않아 이 정도라면 괜찮아 ]", 0.2775020698957698), ([[726, 342], [1330, 342], [1330, 394], [726, 394]], '남자의 격한 피스튼에도 리데이아눈 버월수 있없다:', 0.3503644300112749), ([[185, 645], [323, 645], [323, 687], [185, 687]], '그리고? ', 0.32659682504870224)]
[]
[([[768, 112], [1372, 112], [1372, 166], [768, 166]], '한계까지 깊숙이 폐니스가 들어와; 남자는 사정있다', 0.3246157666158507), ([[748, 160], [1394, 160], [1394, 212], [748, 212]], '움질움질거리며 폐니스가 리데이아의 몸 안에서 떨린다;', 0.5076695426386237), ([[912, 254], [1230, 254], [1230, 306], [912, 306]], '{감사합니다; 리데이아님]', 0.5225724343208302), ([[920, 348], [1226, 348], [1226, 398], [920, 398]], '빨때 감사 인사틀 전한다;', 0.2971272176152095), ([[80, 610], [340, 610], [340, 658], [80, 658]], '그감사에 리데이아논', 0.4977970492832574), ([[14, 656], [406, 656], [406, 708], [14, 708]], '참울 수 없는 기분 나쁨올 느껴다', 0.341257891601883)]
[]
[([[894, 132], [1328, 132], [1328, 182], [894, 182]], '남자가 떠나자; 리데이아의 질안에서', 0.6043360069233654), ([[914, 180], [1308, 180], [1308, 232], [914, 232]], '질내사정당한 정액이 흘러내린다;', 0.9557003260898178), ([[142, 285], [649, 285], [649, 340], [142, 340]], '(이걸로한 명 괜찮야; 할 수 있든 것 같아)', 0.09691862519811913), ([[160, 378], [632, 378], [632, 435], [160, 435]], '마음이 꺾이지않도록; 자신올 다독인다;', 0.4737502812140678)]
[]
[([[302, 118], [402, 118], [402, 172], [302, 172]], '[맞아]', 0.3936806619167328), ([[820, 121], [1428, 121], [1428, 173], [820, 173]], "'뛰야 뛰야 인간의 사정은 이것밖에 안 나오는 건가:", 0.6710897227294402), ([[950, 168], [1298, 168], [1298, 220], [950, 220]], '그럼 자손은 남길 수 없다고 ]', 0.9042668208016239), ([[210, 212], [496, 212], [496, 266], [210, 266]], '무언가 떠올찾다눈 듯이', 0.28471048740411725), ([[204, 260], [502, 260], [502, 314], [204, 314]], '고불린이마력올 모은다;', 0.6031837764032795), ([[826, 260], [1424, 260], [1424, 314], [826, 314]], '고불린이 리데이아의 질안올 바라보면서 비웃는다;', 0.27547705906016057)]
[]
[([[954, 140], [1252, 140], [1252, 192], [954, 192]], '무언가 타는 듯한 냄새가;', 0.9276706826807923), ([[932, 187], [1274, 187], [1274, 236], [932, 236]], '리데이야의 코까지 전해진다;', 0.7447718948905455), ([[824, 280], [1386, 280], [1386, 332], [824, 332]], "'몇 명의 정액올 모앞는지가 이 나무에 새겨진다:", 0.33294118798277), ([[868, 328], [1340, 328], [1340, 380], [868, 380]], '과연 오늘 하루 만에 경험한 사람 숫자가', 0.7217374415071671), ([[994, 374], [1214, 374], [1214, 424], [994, 424]], '얼마나 늘어날까 ]', 0.8829400651269171)]
