2247334
19
[([[13, 16], [217, 16], [217, 59], [13, 59]], '[3" (90감) ]', 0.07690085040987757), ([[1, 51], [227, 51], [227, 93], [1, 93]], '관계름 가져버리논', 0.3393314763210168), ([[17, 87], [215, 87], [215, 125], [17, 125]], '하로인의 어머니', 0.5748234671555478), ([[582, 110], [634, 110], [634, 166], [582, 166]], '요', 0.022818124199252887), ([[21, 305], [105, 305], [105, 347], [21, 347]], '@', 0.9948150546258638), ([[15, 342], [112, 342], [112, 378], [15, 378]], '@-)', 0.6285125043124941)]
[]
[]
[([[250.52230268352614, 248.03827663786205], [301.764092482875, 294.8338984837871], [282.47769731647384, 315.96172336213795], [232.235907517125, 270.1661015162129]], '[청35', 0.07331107556819916)]
[]
[([[227, 278], [303, 278], [303, 385], [227, 385]], '하', 0.7188987860203646), ([[1032, 350], [1170, 350], [1170, 402], [1032, 402]], '좋은 아침:', 0.7196566346608325), ([[1044, 392], [1180, 392], [1180, 440], [1044, 440]], '남친 군은', 0.9675961524443251), ([[1034, 434], [1194, 434], [1194, 482], [1034, 482]], '먼저 일어나', 0.9409841646797343), ([[1064, 474], [1162, 474], [1162, 524], [1064, 524]], '있단다', 0.4257226354906053), ([[1009, 720], [1050, 720], [1050, 823], [1009, 823]], '8', 0.5333379293944098)]
[]
[]
[]
[]
[([[468, 37], [543, 37], [543, 88], [468, 88]], '4:3', 0.8151281991397219), ([[933, 27], [1071, 27], [1071, 91], [933, 91]], '및', 0.03330720355895189), ([[81, 2005], [219, 2005], [219, 2049], [81, 2049]], '돈 - +"', 0.4753112612643982)]
[([[0, 1182], [46, 1182], [46, 1254], [0, 1254]], '9', 0.9715119207676395)]
[([[75, 195], [185, 195], [185, 237], [75, 237]], '남친 군이', 0.9155097699862313), ([[65, 231], [179, 231], [179, 271], [65, 271]], '와있단다 .', 0.3504767400086031), ([[622, 260], [668, 260], [668, 288], [622, 288]], '어', 0.9999730588820199), ([[593, 291], [701, 291], [701, 329], [593, 329]], '어서 오럼', 0.9272686654635695)]
[([[715, 81], [798, 81], [798, 124], [715, 124]], '친구와', 0.993769011186306), ([[694, 116], [821, 116], [821, 160], [694, 160]], '오천여행에 ', 0.6021201963217809), ([[703, 157], [809, 157], [809, 193], [703, 193]], '다녀오것', 0.5828977227210999), ([[705, 189], [783, 189], [783, 231], [705, 231]], '습니다_', 0.4644380211830139), ([[277.3391813995449, 144.04386049658683], [319.2382421004777, 153.1903034112027], [302.6608186004551, 228.95613950341317], [261.7617578995223, 220.8096965887973]], '3', 0.029110943501218012)]
[]
[]
[([[784, 356], [976, 356], [976, 432], [784, 432]], '데습이', 0.03595841980044633)]
[([[39, 29], [347, 29], [347, 89], [39, 89]], '남친 군과 30분 키스', 0.8621476849230334), ([[749, 105], [811, 105], [811, 141], [749, 141]], '하아', 0.9581154076314115), ([[1180, 222], [1210, 222], [1210, 268], [1180, 268]], '옷', 0.8606364377130973), ([[1181, 613], [1241, 613], [1241, 649], [1181, 649]], '하아', 0.9961901995418968), ([[149, 721], [201, 721], [201, 763], [149, 763]], '근질', 0.9769155931351755), ([[229, 723], [283, 723], [283, 765], [229, 765]], '근질', 0.9632091472404614)]
[]
