2248511
32
[([[75.20552140300427, 802.6904906657081], [221.37474376780247, 782.3331424052889], [225.79447859699573, 832.3095093342919], [79.62525623219753, 852.6668575947111]], "'", 0.39106232240152394), ([[1356.5125708376854, 1674.1175991727596], [1429.3560307594912, 1622.4819279580336], [1459.4874291623146, 1669.8824008272404], [1386.6439692405088, 1722.5180720419664]], '[벼톤', 0.04657392576336861), ([[1391.1588936020132, 1735.3906723224156], [1456.1445998914708, 1688.396368025512], [1484.8411063979868, 1732.6093276775844], [1420.8554001085292, 1780.603631974488]], '꼴)', 0.1162766608844306), ([[879.0737387183583, 2419.0719277974936], [920.5109576015748, 2393.0217960615755], [980.9262612816417, 2494.9280722025064], [939.4890423984252, 2521.9782039384245]], '유', 0.5765385620128747), ([[803.185687072251, 2432.055515627432], [843.4637250451592, 2404.0179469174464], [916.814312927749, 2516.944484372568], [876.5362749548408, 2544.9820530825536]], '틈', 0.2610037270678731)]
[([[987, 249], [1087, 249], [1087, 291], [987, 291]], '위에서', 0.9778787436287915), ([[433, 297], [535, 297], [535, 341], [433, 341]], '알맞어', 0.3553751592329232), ([[953, 293], [1123, 293], [1123, 337], [953, 337]], '철수 명령이', 0.9735253221987669), ([[966, 334], [1102, 334], [1102, 382], [966, 382]], '내려워어', 0.4784110486507416), ([[899, 405], [1001, 405], [1001, 449], [899, 449]], '서둘러', 0.9593741972405739), ([[637, 705], [737, 705], [737, 749], [637, 749]], '적들은', 0.9977908904865989), ([[587, 749], [789, 749], [789, 793], [587, 793]], '수제 폭단이나', 0.9341659585442381), ([[582, 793], [785, 793], [785, 837], [582, 837]], '1.[틀 사용해.', 0.044093575303112184), ([[187, 859], [357, 859], [357, 903], [187, 903]], '물론 도처에', 0.9984061983938606), ([[205, 903], [333, 903], [333, 945], [205, 945]], '설치햇올', 0.9108911752700806), ([[869, 913], [971, 913], [971, 957], [869, 957]], '하지만.', 0.9963949918746948), ([[235, 947], [309, 947], [309, 989], [235, 989]], '거야', 0.7750983790292922), ([[673, 1231], [769, 1231], [769, 1273], [673, 1273]], '거리', 0.9998674928797582), ([[687, 1275], [753, 1275], [753, 1317], [687, 1317]], '두고', 0.9987188077360174), ([[663, 1319], [771, 1319], [771, 1363], [663, 1363]], '이동하.', 0.9105246067047119)]
[([[625, 905], [699, 905], [699, 945], [625, 945]], '스옥', 0.45350058956320827), ([[538.903360015478, 1160.0171844937497], [776.7566472906499, 1068.3247306203348], [936.096639984522, 1548.9828155062503], [698.2433527093501, 1640.6752693796652]], '석', 0.5105324100596)]
[([[269, 443], [545, 443], [545, 719], [269, 719]], '라신:', 0.008978211453545642), ([[257, 1149], [345, 1149], [345, 1599], [257, 1599]], ';', 0.8326882746914634), ([[1033, 1523], [1143, 1523], [1143, 1567], [1033, 1567]], '잡있다!', 0.316273033618927), ([[614.566920744349, 873.1290549968804], [842.0727600952115, 663.1144781959492], [950.433079255651, 824.8709450031196], [721.9272399047885, 1034.8855218040508]], '#=', 0.054453656346714306)]
[([[52, 1377], [103, 1377], [103, 1410], [52, 1410]], '(금', 0.030457412395710225), ([[1423, 2737], [1436, 2737], [1436, 2867], [1423, 2867]], '1', 0.6009308035896197)]
[([[271, 679], [309, 679], [309, 723], [271, 723]], '망', 0.9991298423529749), ([[274, 722], [306, 722], [306, 766], [274, 766]], '햇', 0.9949975742529205), ([[271, 765], [309, 765], [309, 809], [271, 809]], '다', 0.9999965429335909), ([[509, 1033], [607, 1033], [607, 1077], [509, 1077]], '무장도', 0.974028899522261), ([[927, 1017], [1029, 1017], [1029, 1061], [927, 1061]], '구속해.', 0.8883482217788696), ([[491, 1079], [621, 1079], [621, 1119], [491, 1119]], '해제시켜', 0.9987595081329346), ([[535, 1127], [581, 1127], [581, 1163], [535, 1163]], '놔:', 0.48592806634027447), ([[211, 1419], [267, 1419], [267, 1455], [211, 1455]], '젠장', 0.6619505831023751), ([[215, 1455], [269, 1455], [269, 1491], [215, 1491]], '방심', 0.9997778090452393), ([[213, 1489], [269, 1489], [269, 1525], [213, 1525]], '햇어', 0.9921247867777924)]
[([[933, 455], [1033, 455], [1033, 497], [933, 497]], '마키나', 0.9280752299017262), ([[921, 499], [1029, 499], [1029, 543], [921, 543]], '엔터손.', 0.33319199085235596), ([[663, 621], [819, 621], [819, 665], [663, 665]], '연방정부의', 0.9790054095713394), ([[669, 667], [809, 667], [809, 709], [669, 709]], '군인이라.', 0.9096904577498727), ([[583, 755], [695, 755], [695, 799], [583, 799]], '잘 뒷군', 0.3249693966392866), ([[997, 1385], [1141, 1385], [1141, 1427], [997, 1427]], '죽이지 마', 0.9980791858200981), ([[481, 1561], [585, 1561], [585, 1601], [481, 1601]], '데려가', 0.9993238199468042)]
[([[137, 1423], [243, 1423], [243, 1465], [137, 1465]], '고집 센', 0.9841173884906946), ([[133, 1467], [233, 1467], [233, 1511], [133, 1511]], '년이군.', 0.9905166029930115), ([[506.4034500137281, 997.09104004393], [523.3455989560163, 984.0300859507074], [556.5965499862718, 1032.90895995607], [539.6544010439837, 1044.9699140492926]], '{', 0.039097968005713746)]
[([[411, 345], [511, 345], [511, 389], [411, 389]], '순순히', 0.9991953372955322), ([[427, 389], [495, 389], [495, 431], [427, 431]], '말을', 0.5315657409634102), ([[381, 433], [539, 433], [539, 477], [381, 477]], '들없더라면', 0.15119051458612653), ([[215, 487], [353, 487], [353, 531], [215, 531]], '이런 일흘', 0.679915161514928), ([[233, 528], [336, 528], [336, 576], [233, 576]], '당하지', 0.9995600802716519), ([[1204, 544], [1262, 544], [1262, 568], [1204, 568]], '국로', 0.0837894142706324), ([[199, 574], [369, 574], [369, 619], [199, 619]], '않앗물 팀데', 0.04467506614797103), ([[231, 621], [335, 621], [335, 663], [231, 663]], '말이야', 0.9995557445210453), ([[398, 620], [490, 620], [490, 646], [398, 646]], '주>자로소', 0.0017478641985404432), ([[109, 677], [151, 677], [151, 693], [109, 693]], '3소', 0.025017676332572566), ([[40, 1020], [124, 1020], [124, 1050], [40, 1050]], '{00국론-', 0.05257779364693501), ([[40, 1064], [152, 1064], [152, 1090], [40, 1090]], '12{  드4[', 0.08613475804064695), ([[1050.245098444705, 608.0965324796351], [1070.7604639068857, 624.8253345077082], [1038.754901555295, 663.9034675203649], [1018.2395360931142, 647.1746654922918]], '', 0.0), ([[1033.0685071343348, 671.230163555236], [1071.8498142740277, 637.189526111854], [1085.9314928656652, 655.769836444764], [1047.1501857259723, 689.810473888146]], '/1;', 0.10233831610865617), ([[91.17239411139764, 645.1792670450748], [160.98669147206638, 653.7696589597604], [157.82760588860236, 670.8207329549252], [88.0133085279336, 662.2303410402396]], '375요', 0.0614374503493309), ([[249.60863646228583, 800.0256371133723], [268.298511157063, 788.01488842937], [323.39136353771414, 881.9743628866277], [304.701488842937, 893.98511157063]], '', 0.0)]
[([[773, 317], [899, 317], [899, 359], [773, 359]], '이제부터', 0.9998112916946411), ([[753, 361], [921, 361], [921, 405], [753, 405]], '찍올 영상을', 0.24617414469054022), ([[737, 405], [937, 405], [937, 449], [737, 449]], '너의 동료에게', 0.8687484827640859), ([[369, 455], [529, 455], [529, 499], [369, 499]], '연방정부도', 0.9930430652305268), ([[765, 451], [909, 451], [909, 493], [765, 493]], '보델 거야', 0.5534793529012022), ([[349, 499], [549, 499], [549, 543], [349, 543]], '역시 침묵하지', 0.9764013779302497), ([[395, 543], [503, 543], [503, 587], [395, 587]], '않컷지.', 0.09859596192836761), ([[847, 1137], [999, 1137], [999, 1181], [847, 1181]], '뭐.. 도움이', 0.8331866875811871), ([[855, 1183], [991, 1183], [991, 1225], [855, 1225]], '올 때까지', 0.9970441525633945), ([[857, 1225], [983, 1225], [983, 1269], [857, 1269]], '살아있올', 0.2802956189970021), ([[822, 1268], [1020, 1268], [1020, 1316], [822, 1316]], '거라는 보장은', 0.41494139136800406), ([[217, 1301], [323, 1301], [323, 1343], [217, 1343]], '년 이제', 0.9976093649681327), ([[863, 1315], [965, 1315], [965, 1359], [863, 1359]], '없지만.', 0.9953501224517822), ([[219, 1345], [317, 1345], [317, 1387], [219, 1387]], '지목들', 0.47873766759145864), ([[219, 1389], [317, 1389], [317, 1431], [219, 1431]], '맛보게', 0.998764064942024), ([[213, 1435], [325, 1435], [325, 1477], [213, 1477]], '월 거야', 0.4495409906297236), ([[227.10557280900008, 587.5527864045], [249.82530726124983, 583.435316084408], [251.89442719099992, 593.4472135955], [229.17469273875017, 597.564683915592]], '00', 0.18711410173171963), ([[957.286093236459, 946.5144372945836], [1055.069697746979, 910.4354423885997], [1067.713906763541, 945.4855627054164], [969.9303022530208, 981.5645576114003]], "52'", 0.664378451414309), ([[772.0521752792359, 1016.1139186448675], [964.4299717028501, 944.9420169782899], [973.9478247207641, 982.8860813551325], [782.5700282971499, 1054.05798302171]], '75-300', 0.8599843265258771), ([[846.6923076923077, 1030.4615384615386], [1017.909150181164, 968.5503268997226], [1030.3076923076924, 1017.5384615384615], [860.090849818836, 1079.4496731002773]], '77 폭발물', 0.05446157989775954), ([[795.5717853441068, 1053.6292136193922], [856.2297112073309, 1037.1830685731545], [866.4282146558932, 1080.3707863806078], [805.7702887926691, 1096.8169314268455]], '1호', 0.9997040576574605)]
[([[767, 338], [875, 338], [875, 390], [767, 390]], '아니', 0.9993243685937714), ([[958, 320], [1134, 320], [1134, 464], [958, 464]], '시', 0.23768186176277428), ([[150, 506], [438, 506], [438, 562], [150, 562]], '네계 천국일지도', 0.31430139482035924), ([[202, 561], [384, 561], [384, 615], [202, 615]], '모르켓군..', 0.32028847196241916), ([[380.44055486362384, 1037.0068048949393], [550.8382956845447, 1100.3222186784653], [406.55944513637616, 1493.9931951050607], [236.1617043154553, 1431.6777813215347]], '배', 0.06449798927521044)]
[([[349, 1401], [369, 1401], [369, 1423], [349, 1423]], '으', 0.9966292224385711), ([[738, 1398], [774, 1398], [774, 1422], [738, 1422]], '크으', 0.9981155448270073), ([[985, 1413], [1019, 1413], [1019, 1433], [985, 1433]], '으욕', 0.89586218990745)]
[([[689, 385], [761, 385], [761, 427], [689, 427]], '그럼', 0.9998671557180733), ([[663, 425], [802, 425], [802, 475], [663, 475]], '시작활까!', 0.7622267087631854), ([[401, 1322], [569, 1322], [569, 1365], [401, 1365]], '여기 모두가', 0.9995952276276721), ([[419, 1369], [553, 1369], [553, 1411], [419, 1411]], '갈 때까지', 0.8456864866714752), ([[413, 1413], [555, 1413], [555, 1455], [413, 1455]], '가지 마라.', 0.9452342058106555), ([[1021.1778916926794, 246.02415877555006], [1118.4747991061647, 213.07789643780595], [1187.8221083073206, 443.97584122444994], [1090.5252008938353, 476.922103562194]], '푹', 0.12243118299215894), ([[866.5751407113379, 244.0456472721544], [953.9568685684071, 278.58688330222515], [946.4248592886621, 293.9543527278456], [860.0431314315929, 260.41311669777485]], '훌나시시"`', 0.0013962805095078562), ([[953.202547777171, 279.1658598874935], [989.9742109554952, 288.6798576828927], [984.797452222829, 305.8341401125065], [949.0257890445048, 295.3201423171073]], "나'", 0.10050392542288457)]
[([[699, 339], [845, 339], [845, 399], [699, 399]], '비디오', 0.9957804698448732), ([[717, 405], [831, 405], [831, 465], [717, 465]], '돌러', 0.6066962258473995), ([[20, 1316], [56, 1316], [56, 1348], [20, 1348]], '코', 0.017981892167897806), ([[1.4902792504770614, 1248.043619652767], [85.96918507053186, 1286.5711177120343], [73.50972074952294, 1311.956380347233], [-9.96918507053186, 1274.4288822879657]], "~개'큰", 9.470288205193356e-05)]
[([[233, 329], [329, 329], [329, 373], [233, 373]], '상당히', 0.999838812383438), ([[211, 375], [339, 375], [339, 417], [211, 417]], '날뒤더만.', 0.4256345549105648), ([[959, 517], [1055, 517], [1055, 561], [959, 561]], '간신히', 0.9999319318756357), ([[925, 563], [1085, 563], [1085, 605], [925, 605]], '암전해적군.', 0.2237171287362562), ([[230, 632], [280, 632], [280, 664], [230, 664]], '일단', 0.9999297840724249), ([[190, 662], [319, 662], [319, 700], [190, 700]], '시키논 대로', 0.5748630155221742), ([[814, 684], [868, 684], [868, 716], [814, 716]], '젠장', 0.6017382902074235), ([[179, 696], [327, 696], [327, 732], [179, 732]], '하다 밤심하길', 0.6169423862202923), ([[804, 718], [882, 718], [882, 750], [804, 750]], '이 인원', 0.9987077713012695), ([[206, 732], [302, 732], [302, 764], [206, 764]], '기다리는', 0.5649210214614868), ([[808, 750], [880, 750], [880, 782], [808, 782]], '이라면', 0.9994245720511207), ([[218, 764], [292, 764], [292, 796], [218, 796]], '수밖에', 0.9913597066810772), ([[213, 795], [295, 795], [295, 831], [213, 831]], '없젯어', 0.16501293228154992), ([[807, 781], [881, 781], [881, 817], [807, 817]], '도망칠', 0.7840687992832411), ([[801, 815], [887, 815], [887, 851], [801, 851]], '수 없어', 0.9990701341034026), ([[325, 1299], [379, 1299], [379, 1335], [325, 1335]], '크릇:', 0.2717359310596567), ([[922, 1355], [1070, 1355], [1070, 1388], [922, 1388]], '쓸데없는 짓물', 0.6495855497447585), ([[917, 1387], [1075, 1387], [1075, 1423], [917, 1423]], '하지 않는 편이', 0.3375302105454827), ([[165, 1407], [241, 1407], [241, 1443], [165, 1443]], '지금은', 0.9986624271901318), ([[903, 1419], [1087, 1419], [1087, 1455], [903, 1455]], '신상에 좋올 거야', 0.37163880387764553), ([[167, 1439], [243, 1439], [243, 1475], [167, 1475]], '견너야', 0.1358101048752743), ([[182, 1474], [218, 1474], [218, 1506], [182, 1506]], '해 .', 0.46177536249160767), ([[797.3203723339694, 470.0581595370226], [827.4417261042994, 454.02446506130553], [869.6796276660306, 535.9418404629774], [839.5582738957006, 551.9755349386945]], '물', 0.9600034570977165)]
[([[361, 199], [467, 199], [467, 243], [361, 243]], '내 꺼도', 0.9905677437782288), ([[363, 245], [463, 245], [463, 287], [363, 287]], '빨아쥐', 0.7605637326357575), ([[1033, 287], [1095, 287], [1095, 325], [1033, 325]], '으으', 0.9189638205557492), ([[149, 427], [257, 427], [257, 469], [149, 469]], '내 것도', 0.9654060197545979), ([[149, 471], [251, 471], [251, 513], [149, 513]], '부탁해.', 0.909637987613678), ([[623, 489], [729, 489], [729, 531], [623, 531]], '너 너무', 0.9985006093505644), ([[623, 531], [725, 531], [725, 575], [623, 575]], '오래해.', 0.97237062023661), ([[910, 540], [980, 540], [980, 588], [910, 588]], '으음', 0.6655489390446974), ([[607, 575], [745, 575], [745, 619], [607, 619]], '나도 빨리', 0.9999811808378044), ([[619, 621], [731, 621], [731, 663], [619, 663]], '좀 하자.', 0.874035150754207), ([[1005, 917], [1077, 917], [1077, 961], [1005, 961]], '호오', 0.991811953980792), ([[963, 961], [1125, 961], [1125, 1005], [963, 1005]], '능숙해젓군_', 0.13720681572588903), ([[188, 1330], [276, 1330], [276, 1380], [188, 1380]], '그래.', 0.4371713339582238), ([[126, 1382], [350, 1382], [350, 1436], [126, 1436]], '착한 아이네.', 0.5038970891436917), ([[1001.104466528811, 478.0446652881101], [1063.598671094714, 453.0199335792905], [1114.895533471189, 595.9553347118899], [1052.401328905286, 620.9800664207095]], ' ', 0.014360960371906373)]
[([[765, 163], [839, 163], [839, 207], [765, 207]], '젠장.', 0.48034130797577046), ([[758, 204], [860, 204], [860, 252], [758, 252]], '도저히', 0.9998852687476176), ([[735, 251], [885, 251], [885, 295], [735, 295]], '못 참켓권', 0.5713373958829209), ([[445, 275], [613, 275], [613, 319], [445, 319]], '사정하다앗!', 0.2612065282658568), ([[1156, 1150], [1280, 1150], [1280, 1338], [1156, 1338]], '\'"', 0.0019129397132622789), ([[223, 1455], [267, 1455], [267, 1495], [223, 1495]], '욕', 0.9747282935927082), ([[549, 1445], [615, 1445], [615, 1561], [549, 1561]], '"', 0.9618763618292211), ([[752.05190907372, 1149.0450452740604], [827.3812595326829, 1143.010864062254], [834.94809092628, 1273.9549547259396], [760.6187404673171, 1279.989135937746]], '양', 0.01757615968572268)]
[([[1025, 177], [1103, 177], [1103, 219], [1025, 219]], '좋아', 0.9737270885929066), ([[1009, 219], [1119, 219], [1119, 263], [1009, 263]], '그 표정', 0.8559374486274672), ([[685, 281], [763, 281], [763, 317], [685, 317]], '녀석들', 0.9576521443268231), ([[265, 311], [363, 311], [363, 343], [265, 343]], '언제까지', 0.6270528794074721), ([[694, 316], [766, 316], [766, 348], [694, 348]], '반드시', 0.999749892267704), ([[264, 346], [364, 346], [364, 378], [264, 378]], '그런 표정', 0.9997109086952297), ([[694, 348], [766, 348], [766, 380], [694, 380]], '죽여버', 0.984290413549527), ([[232, 380], [394, 380], [394, 412], [232, 412]], '지루 수 있든 지', 0.2109798321368324), ([[690, 382], [766, 382], [766, 414], [690, 414]], '길거야', 0.5195638538839469), ([[251, 411], [375, 411], [375, 447], [251, 447]], '불만하켓어.', 0.6136675023748236), ([[796, 601], [895, 601], [895, 639], [796, 639]], '노려보논', 0.3551236689090729), ([[820, 638], [872, 638], [872, 670], [820, 670]], '것도', 0.9957124008917405), ([[780, 670], [910, 670], [910, 702], [780, 702]], '적당히 해라.', 0.9940767406963792), ([[558, 870], [758, 870], [758, 902], [558, 902]], '기분 좋아질 때까지', 0.8294119237036925), ([[578, 902], [732, 902], [732, 934], [578, 934]], '범해줄 테니까.', 0.8550713917099112), ([[226, 1092], [320, 1092], [320, 1142], [226, 1142]], '커획!', 0.3593874637908161), ([[939.0868184120003, 659.0598199312022], [1033.8139201783351, 690.3967246639212], [1012.9131815879997, 748.9401800687978], [918.186079821665, 717.6032753360788]], '{예', 0.008945195204015155), ([[865.1970684086417, 1118.10944627111], [885.5183984340243, 1107.0451289260611], [911.8029315913583, 1159.89055372889], [891.4816015659757, 1169.9548710739389]], '틈', 0.0024369836684221685)]
[([[643, 185], [743, 185], [743, 229], [643, 229]], '배빵에', 0.6858241337818506), ([[321, 233], [357, 233], [357, 273], [321, 273]], '욕', 0.9287404299726667), ([[591, 229], [797, 229], [797, 273], [591, 273]], '목조로기까지..', 0.4995436601194362), ([[604, 272], [782, 272], [782, 316], [604, 316]], '싫어하켓지?', 0.9811346888098498), ([[832, 366], [906, 366], [906, 450], [832, 450]], "'", 0.004491169960769759), ([[1019, 401], [1089, 401], [1089, 445], [1019, 445]], '크으', 0.9979401467945233), ([[490, 446], [518, 446], [518, 518], [490, 518]], '7', 0.9985311660617668), ([[955, 537], [1067, 537], [1067, 651], [955, 651]], '', 0.0), ([[971, 685], [1039, 685], [1039, 729], [971, 729]], '기분', 0.9987814150148474), ([[967, 731], [1045, 731], [1045, 773], [967, 773]], '쫓네!', 0.2862977064625434), ([[328, 954], [368, 954], [368, 978], [328, 978]], '하아', 0.9999785894680898), ([[119, 959], [255, 959], [255, 1001], [119, 1001]], '슬술 그거', 0.8066467851735425), ([[143, 1003], [229, 1003], [229, 1045], [143, 1045]], '활까?', 0.838208038210587), ([[831, 1003], [913, 1003], [913, 1043], [831, 1043]], '그럼..', 0.8672713041305542), ([[364, 1120], [404, 1120], [404, 1144], [364, 1144]], '하아', 0.999935768807073), ([[666, 1112], [706, 1112], [706, 1136], [666, 1136]], '하아', 0.9998745732828339), ([[881.3018543169903, 753.1318676287378], [957.1258212582669, 719.2073689964911], [1002.6981456830097, 838.8681323712622], [926.8741787417331, 872.7926310035089]], '꿀', 0.3513262922479363)]
[([[504, 98], [672, 98], [672, 304], [504, 304]], '뇌', 0.06117752951291777), ([[435, 947], [623, 947], [623, 991], [435, 991]], '오 소는 순간', 0.728652947778717), ([[169, 973], [235, 973], [235, 1015], [169, 1015]], '이걸', 0.3054592502554507), ([[444, 990], [616, 990], [616, 1038], [444, 1038]], '울스러드네!', 0.3729873506921074), ([[151, 1017], [259, 1017], [259, 1061], [151, 1061]], '견디네!', 0.5556694269180298), ([[370, 1020], [402, 1020], [402, 1060], [370, 1060]], '내', 0.18315670712667842), ([[165, 1359], [245, 1359], [245, 1395], [165, 1395]], '위험해.', 0.9536502361297607), ([[956, 1021], [1213, 1021], [1213, 1427], [956, 1427]], '넷', 0.08191283783670489), ([[172, 1394], [246, 1394], [246, 1426], [172, 1426]], '이대로', 0.9998015098529379), ([[176, 1428], [230, 1428], [230, 1460], [176, 1460]], '라면.', 0.9874698015597545)]
[([[1070, 264], [1124, 264], [1124, 326], [1070, 326]], '살', 0.9999442108306198), ([[516, 322], [646, 322], [646, 370], [516, 370]], '경권하지', 0.6870774386759734), ([[521, 369], [639, 369], [639, 413], [521, 413]], '않앗어?', 0.2987036108970642), ([[1067, 325], [1123, 325], [1123, 711], [1067, 711]], '}', 0.00997039872793476), ([[117, 863], [276, 863], [276, 907], [117, 907]], '지렇이처럼', 0.9862618785317839), ([[103, 907], [293, 907], [293, 951], [103, 951]], '꿈틀거리던데', 0.3782063559046786), ([[161, 953], [235, 953], [235, 995], [161, 995]], '말야', 0.9567192058235552), ([[985, 1109], [1103, 1109], [1103, 1153], [985, 1153]], '괜찮아?', 0.998554527759552), ([[972, 1150], [1113, 1150], [1113, 1199], [972, 1199]], '아직 전원', 0.844001364836237), ([[1007, 1199], [1079, 1199], [1079, 1239], [1007, 1239]], '가지', 0.9999607193631541), ([[972, 1240], [1108, 1240], [1108, 1288], [972, 1288]], '않있장아', 0.037535760551691055), ([[732, 1444], [932, 1444], [932, 1492], [732, 1492]], '응급처지 키트', 0.7551066664795396), ([[139, 1475], [275, 1475], [275, 1517], [139, 1517]], '피틀 너무', 0.31555862646925387), ([[779, 1491], [885, 1491], [885, 1533], [779, 1533]], '가져와.', 0.9222123622894287), ([[155, 1519], [259, 1519], [259, 1563], [155, 1563]], '흘린다.', 0.8476541042327881)]
[([[1037, 227], [1109, 227], [1109, 269], [1037, 269]], '진짜', 0.9999109027248333), ([[1019, 271], [1125, 271], [1125, 313], [1019, 313]], '야한 거', 0.9858776095241173), ([[1025, 315], [1123, 315], [1123, 357], [1025, 357]], '심하게', 0.9944143572698557), ([[1029, 359], [1109, 359], [1109, 403], [1029, 403]], '햇나', 0.8481572500873686), ([[523, 543], [623, 543], [623, 587], [523, 587]], '반응이', 0.9209090491585789), ([[503, 587], [641, 587], [641, 631], [503, 631]], '없어진 것', 0.9953193721770125), ([[515, 631], [631, 631], [631, 675], [515, 675]], '같은데 .', 0.6745836111995612), ([[160, 1386], [208, 1386], [208, 1436], [160, 1436]], '움', 0.2759889008892493), ([[998, 1398], [1146, 1398], [1146, 1452], [998, 1452]], '꽉 막아', 0.7282066769761307), ([[146, 1440], [240, 1440], [240, 1492], [146, 1492]], '으-', 0.09270034176430172), ([[793, 1441], [861, 1441], [861, 1483], [793, 1483]], '으응', 0.9993474605732947), ([[805, 1485], [849, 1485], [849, 1527], [805, 1527]], '곳', 0.8257826845156302), ([[892.8675748105346, 905.0922063442613], [940.6170575060797, 879.0272501812993], [990.1324251894654, 979.9077936557387], [941.3829424939203, 1005.9727498187007]], '줄', 0.08264344622608633)]
[([[1015, 249], [1047, 249], [1047, 269], [1015, 269]], '크9', 0.9167365944739204), ([[548, 272], [592, 272], [592, 296], [548, 296]], '으으.', 0.9938634988890771), ([[1066, 500], [1094, 500], [1094, 550], [1066, 550]], '0', 0.149755986251777), ([[80, 496], [160, 496], [160, 600], [80, 600]], '*', 0.08602447208179687), ([[160, 828], [196, 828], [196, 852], [160, 852]], '으으', 0.9989128687618157), ([[313, 1339], [357, 1339], [357, 1375], [313, 1375]], '6', 0.4522642059318436), ([[376, 1332], [414, 1332], [414, 1364], [376, 1364]], '0', 0.04267723496928966), ([[771.0395748479576, 182.12055626845702], [867.7950365767941, 122.01976480643793], [959.9604251520424, 294.879443731543], [864.2049634232059, 354.98023519356207]], '"', 0.011348940029432486), ([[168.01360607616786, 574.0816364570071], [246.75842444204963, 596.3146074803757], [230.98639392383214, 645.9183635429929], [153.24157555795037, 623.6853925196243]], '시대', 0.031599981305907604)]
[([[1021, 1272], [1240, 1272], [1240, 1633], [1021, 1633]], '', 0.0), ([[1041, 1610], [1125, 1610], [1125, 1735], [1041, 1735]], '뉴', 0.14458206724157208), ([[282, 1368], [636, 1368], [636, 2715], [282, 2715]], '', 0.0), ([[658, 1807], [891, 1807], [891, 2193], [658, 2193]], '8', 0.7358572559820118), ([[1029, 2057], [1236, 2057], [1236, 2402], [1029, 2402]], '3', 0.28227931880110546), ([[699.7913047966756, 109.02435895755588], [982.1520814256332, 167.30072664697167], [923.2086952033244, 416.9756410424441], [639.8479185743668, 359.69927335302833]], '히;', 0.010831446453423767), ([[1379.88137237664, 752.6305874078719], [1607.2394797199001, 621.4582408652593], [1716.11862762336, 859.3694125921281], [1487.7605202800999, 990.5417591347407]], '9', 0.03665037517479508), ([[770.0212023449562, 2373.014519025024], [1023.3410321535625, 2406.71259004518], [967.9787976550438, 2775.985480974976], [714.6589678464375, 2742.28740995482]], '하@', 0.021646721948284927)]
[([[310, 520], [390, 520], [390, 568], [310, 568]], '으희', 0.0803353390248883), ([[264, 912], [296, 912], [296, 998], [264, 998]], '후', 0.9360654214606825), ([[972, 1132], [1004, 1132], [1004, 1170], [972, 1170]], '욕', 0.9325697564811755)]
[([[899, 1519], [1039, 1519], [1039, 1563], [899, 1563]], '즐거워어!', 0.6417588031977925), ([[148, 1572], [272, 1572], [272, 1604], [148, 1604]], '드시)', 0.08856789865962991)]
[([[161, 781], [241, 781], [241, 823], [161, 823]], '가자!', 0.8670737347591199), ([[999, 1035], [1111, 1035], [1111, 1077], [999, 1077]], '저기다!', 0.7588160634040833)]
[([[382, 1412], [470, 1412], [470, 1464], [382, 1464]], '이건', 0.9994369645400458), ([[391, 1471], [475, 1471], [475, 1515], [391, 1515]], '피?', 0.9926403511683431), ([[512.5495584625684, 884.0092264866681], [593.4552413903475, 892.9426233960473], [564.4504415374316, 1149.9907735133318], [483.54475860965255, 1141.0573766039527]], '북', 0.08232343477289206)]
[([[622, 1007], [770, 1007], [770, 1128], [622, 1128]], '-과', 0.019875778572238188)]
[([[304, 316], [400, 316], [400, 370], [304, 370]], '뭐야', 0.6570745639624843), ([[300, 370], [404, 370], [404, 422], [300, 422]], '이건..', 0.8911487460136414), ([[769, 913], [879, 913], [879, 949], [769, 949]], '너무하군 .', 0.9437665904769701), ([[999, 1175], [1107, 1175], [1107, 1211], [999, 1211]], '생존자다!', 0.8998957631902397), ([[699, 1425], [821, 1425], [821, 1461], [699, 1461]], '소대장남께', 0.9066647037479924), ([[718, 1460], [800, 1460], [800, 1492], [718, 1492]], '보고해!', 0.9055534601211548)]
[([[1201, 902], [1340, 902], [1340, 1057], [1201, 1057]], '때', 0.03567412200367048), ([[736.8777144309961, 1269.1526871961607], [1016.3232681817783, 1163.9073416667397], [1091.122285569004, 1434.8473128038393], [811.6767318182217, 1539.0926583332603]], '내', 0.022242913046760515), ([[753.2278292837659, 1669.0198881050578], [873.2782282735157, 1694.0748902267526], [828.7721707162341, 1892.9801118949422], [709.7217717264843, 1867.9251097732474]], '이', 0.018146538927127587)]
[([[304, 650], [440, 650], [440, 700], [304, 700]], '알파팀!', 0.8085948882483223), ([[301, 705], [445, 705], [445, 757], [301, 757]], '들리나?', 0.9982507228851318), ([[252, 1434], [356, 1434], [356, 1484], [252, 1484]], '안 돼.', 0.5421536390954893), ([[240, 1490], [368, 1490], [368, 1544], [240, 1544]], '당햇어', 0.7642397104558143)]
