2248233
8
[([[43, 135], [187, 135], [187, 223], [43, 223]], '서물의', 0.4396508014503218), ([[437, 827], [479, 827], [479, 871], [437, 871]], '0', 0.993612270911072), ([[59, 1625], [1367, 1625], [1367, 1789], [59, 1789]], '깥다 똑뭄 콤리스[', 0.007388051733601124), ([[551.5278640450005, 98.76393202250021], [750.6176210921997, 59.082299437119275], [758.4721359549995, 98.23606797749979], [558.3823789078003, 138.91770056288073]], '스~화우꼬2', 0.0002989558857257691), ([[185.6837947269396, 116.27193785314633], [442.22730984255014, 94.1455541164031], [443.3162052730604, 177.72806214685366], [186.77269015744986, 200.8544458835969]], '상대가 ?', 0.3225236235324063), ([[488.1299778141514, 158.12892678669957], [549.5434872662826, 106.42752122286237], [565.8700221858486, 130.87107321330043], [504.45651273371743, 181.57247877713763]], "'사", 0.07955362716484085), ([[196.88537292822767, 723.0893121550115], [300.608008072376, 740.6904049455774], [288.11462707177236, 798.9106878449885], [184.39199192762402, 781.3095950544226]], '이리', 0.9999227878466302), ([[300.7785306083765, 737.0832734411485], [404.0498447189992, 752.9750776405003], [390.2214693916235, 827.9167265588515], [285.9501552810008, 812.0249223594997]], '오럼', 0.42281487648477667), ([[293.10984978810245, 803.056828347199], [453.92349787391674, 835.9679257827702], [438.89015021189755, 894.943171652801], [279.07650212608326, 862.0320742172298]], '꼬마야(', 0.7101167440414429)]
[([[611, 1441], [1270, 1441], [1270, 1519], [611, 1519]], '렉렉스스 선물되밤음 이훈씨', 0.00997374175628607), ([[553, 1509], [1270, 1509], [1270, 1589], [553, 1589]], '센_계 계아 돼< 제금음 훌륭합', 0.0031553539190192856), ([[637, 1575], [1271, 1575], [1271, 1661], [637, 1661]], '오롭렉패)} 되있숨관다', 0.010873381263485514), ([[619.0, 103.0], [708.7629547031316, 60.32665302998167], [729.0, 103.0], [639.2370452968684, 146.67334697001832]], '새(', 0.02538317232879604)]
[]
[([[845, 1344], [1372, 1344], [1372, 1429], [845, 1429]], '영양분용문이 풍부없', 0.00856791167501081), ([[763, 1415], [1373, 1415], [1373, 1501], [763, 1501]], '침집 웬터화교 있숨과*', 0.0008644886326291905)]
[([[366, 36], [718, 36], [718, 84], [366, 84]], '좌년 크리스마스 이래로 형음', 0.31382901101560595), ([[324, 76], [716, 76], [716, 124], [324, 124]], '방에 문기름 감추고 외붐듯짓다', 0.04301559518452401), ([[302, 114], [716, 114], [716, 162], [302, 162]], '망러같어 % 난 보고야 말있다', 0.029971334499471647), ([[30, 596], [406, 596], [406, 646], [30, 646]], '어떻문 형의 방엔 숨어들고자', 0.44401469932422344), ([[28, 635], [318, 635], [318, 684], [28, 684]], '피환물엿복관없없터비', 0.007724839766720723), ([[32, 672], [404, 672], [404, 720], [32, 720]], '트덧에 올해 스리스파스이폐에', 0.025690216309353735), ([[30, 710], [450, 710], [450, 762], [30, 762]], '형인관범엔 가서 진고 온답 사실올', 0.050771841346397915), ([[30, 752], [192, 752], [192, 800], [30, 800]], '질`없다', 0.012650175020098686), ([[30, 1044], [354, 1044], [354, 1096], [30, 1096]], '개중되 옷장위 훨죄 위치되', 0.04904517094762049), ([[33, 1087], [301, 1087], [301, 1131], [33, 1131]], '진작에 파악헤 두없다', 0.2375919302057572), ([[28, 1124], [386, 1124], [386, 1172], [28, 1172]], '그것과 아침가지 함계 있음수', 0.056451663043217123), ([[32, 1160], [316, 1160], [316, 1210], [32, 1210]], '있다늄생각에 벌써분리', 0.1634248872754005), ([[30, 1199], [328, 1199], [328, 1248], [30, 1248]], '흥분올 주체합 수가 없다', 0.5112088996392118)]
[]
[]
[]
