2250898
148
[([[372, 258], [566, 258], [566, 286], [372, 286]], "룩'5 교 벤리/'-라[ 47라/!", 7.329318389792852e-05), ([[418, 308], [522, 308], [522, 334], [418, 334]], '항문마술 쇼!', 0.6973604377625212), ([[168, 474], [198, 474], [198, 516], [168, 516]], '!', 0.2451510042733993), ([[194, 502], [701, 502], [701, 543], [194, 543]], '$공문 보구3스석끈굽 손"+-@+(', 0.00012146572418369525), ([[521.4986753096774, 411.0421843270966], [543.386365742932, 402.02498377942425], [570.5013246903226, 475.9578156729034], [548.613634257068, 484.97501622057575]], '불', 0.18783543525930568), ([[-6.242640687119286, 458.75735931288074], [224.6680419854087, 428.0319298661775], [229.2426406871193, 477.24264068711926], [-2.668041985408718, 506.9680701338225]], '(번화! 해!', 0.012756871339973466), ([[2.5171823341928956, 491.53780113522436], [164.45965212848668, 472.51158712511153], [168.4828176658071, 524.4621988647756], [6.540347871513314, 544.4884128748885]], '후]국굶', 0.0010413354029878974)]
[([[52, 78], [106, 78], [106, 104], [52, 104]], '다음은', 0.9993293943104551), ([[34, 100], [124, 100], [124, 128], [34, 128]], '이구슬들올', 0.961912713652136), ([[52, 124], [108, 124], [108, 150], [52, 150]], '사용한', 0.7755311482818248), ([[28, 146], [128, 146], [128, 172], [28, 172]], '마술입니다~', 0.2540330136546261), ([[605, 121], [667, 121], [667, 201], [605, 201]], '저', 0.012191418855884928), ([[605, 309], [649, 309], [649, 367], [605, 367]], '벼', 0.006132360087399924)]
[([[42, 40], [120, 40], [120, 68], [42, 68]], '앗 아앗~', 0.23658171663066263), ([[16, 86], [150, 86], [150, 117], [16, 117]], '그렇게 겨렬하게', 0.5662434963314208), ([[30, 114], [108, 114], [108, 144], [30, 144]], '움직이면.', 0.6825327581056443), ([[32, 164], [130, 164], [130, 190], [32, 190]], '안돼 안돼>', 0.17889254934105173), ([[36, 212], [114, 212], [114, 240], [36, 240]], '아아아양-', 0.6535972844321041), ([[103, 333], [213, 333], [213, 461], [103, 461]], '[', 0.12418696069744417), ([[360.5197854306106, 344.0115369567012], [433.3949485272442, 322.00780226072226], [506.4802145693894, 571.9884630432988], [433.6050514727558, 594.9921977392778]], '{', 0.0741832635069386)]
[([[56, 38], [100, 38], [100, 62], [56, 62]], '아앗', 0.9299005967205524), ([[20, 86], [136, 86], [136, 114], [20, 114]], '나와나외버럿', 0.5519497558277376), ([[14, 134], [158, 134], [158, 162], [14, 162]], '스스로 미골거리며', 0.50177296785023), ([[30, 160], [138, 160], [138, 186], [30, 186]], '나오고 있어>', 0.43652215042186504), ([[38, 210], [130, 210], [130, 236], [38, 236]], '아아아양애', 0.20634360367937518), ([[375.2821551048371, 354.03690451692006], [427.6912610886428, 337.0342151836761], [465.7178448951629, 464.96309548307994], [413.3087389113572, 481.9657848163239]], '빚', 0.02442858397763903)]
[([[53, 266], [161, 266], [161, 528], [53, 528]], '복', 0.2550611168773145), ([[418.5279247724903, 29.009289221252494], [506.153257689599, 11.055545357724334], [563.4720752275098, 306.9907107787475], [475.846742310401, 324.9444546422757]], "'", 0.0035908191340212753)]
[([[53, 31], [91, 31], [91, 141], [53, 141]], '출', 0.01510043664497257), ([[67, 308], [163, 308], [163, 497], [67, 497]], '복', 0.125652688668354), ([[397.543246488746, 79.15325849710615], [438.6064073145539, 45.02631588263022], [510.456753511254, 139.84674150289385], [468.3935926854461, 173.97368411736977]], '탑', 0.045761873588962)]
[([[36, 60], [84, 60], [84, 86], [36, 86]], '하아', 0.9999672099093186), ([[94, 60], [140, 60], [140, 86], [94, 86]], '하아', 0.9999715088492855), ([[12, 84], [166, 84], [166, 110], [12, 110]], '가볍게 가버로어요.', 0.398146155257257), ([[18, 110], [185, 110], [185, 136], [18, 136]], '미끌미끌 움직이다니,', 0.43434275008383444), ([[40, 134], [164, 134], [164, 162], [40, 162]], '반칙급이네요', 0.6323040004493753), ([[36, 184], [174, 184], [174, 212], [36, 212]], '정답은 오늘 먹은', 0.6549963996060751), ([[12, 208], [198, 208], [198, 236], [12, 236]], '장어의 카바야기합니다', 0.5541570329021821), ([[341.9378517783448, 37.114118180385994], [375.5521576303742, 15.030581326631905], [421.0621482216552, 92.885881819614], [387.4478423696258, 114.9694186733681]], '?', 0.5373322255111503), ([[57.568197935879994, 290.01166181377994], [120.11521707732653, 279.0781131748529], [151.43180206412, 490.98833818622006], [88.88478292267347, 500.9218868251471]], "'", 0.7679863721294033), ([[421.40945502204, 418.015863409944], [501.2378308895532, 453.71040863730184], [425.59054497796, 625.984136590056], [345.7621691104468, 591.2895913626982]], '{', 0.9997818588978049), ([[45.60514943978129, 443.01114508412894], [101.74536456829041, 458.0862664711204], [55.39485056021871, 633.988854915871], [-0.7453645682904142, 619.9137335288796]], '7', 0.026515655206297062), ([[74.51838535869236, 521.0165877010392], [124.40394999309689, 507.01166511942387], [172.48161464130766, 679.9834122989608], [121.59605000690311, 693.9883348805761]], '{', 0.8169181356902335)]
[([[44, 92], [160, 92], [160, 122], [44, 122]], '계속해서 다음', 0.9332067066882997), ([[52, 118], [146, 118], [146, 144], [52, 144]], '귀즈입니다', 0.703579653513025), ([[54, 168], [152, 168], [152, 196], [54, 196]], '다음 음식은', 0.9990880497063046), ([[64, 192], [136, 192], [136, 218], [64, 218]], '월까요~', 0.354655921459198)]
[([[114, 54], [146, 54], [146, 164], [114, 164]], '속', 0.03158478869756309), ([[145.51379932544742, 368.01973170300323], [191.89630351098683, 360.06732437965866], [214.48620067455258, 502.98026829699677], [169.10369648901317, 510.93267562034134]], "'", 0.01049845251779985)]
[([[62, 68], [126, 68], [126, 94], [62, 94]], '으으응!', 0.972519040107727), ([[60, 92], [118, 92], [118, 118], [60, 118]], '이건..', 0.46129682660102844), ([[146, 510], [198, 510], [198, 622], [146, 622]], '중', 0.11548952063737161), ([[472.52530219401126, 165.01880764454197], [517.7655829589203, 180.3287705066558], [475.47469780598874, 302.981192355458], [431.23441704107967, 287.6712294933442]], '!', 0.02789497127162477), ([[373.43276587968865, 445.0230203201704], [425.28976463505717, 459.4684613916368], [392.56723412031135, 581.9769796798296], [340.71023536494283, 568.5315386083632]], '돌', 0.13822753211920613), ([[18.44972651490125, 615.038030907289], [100.95002441252048, 661.3696769554489], [81.55027348509876, 694.961969092711], [-0.9500244125204822, 647.6303230445511]], '애~', 0.0282167170935975)]
[([[0, 68], [142, 68], [142, 96], [0, 96]], '곧약이 나앉어요 ~', 0.26306793693518504), ([[34, 94], [120, 94], [120, 120], [34, 120]], '아직 좀 더', 0.8005149468993767), ([[18, 118], [136, 118], [136, 144], [18, 144]], '나올거라구요?', 0.960920320438364), ([[28, 168], [126, 168], [126, 192], [28, 192]], '이건 재료의', 0.9964803631525434), ([[22, 192], [130, 192], [130, 216], [22, 216]], '하나니까요 >', 0.2147625097023324), ([[487.649721247201, 117.01023332713723], [533.9198294331815, 128.75837848742134], [491.350278752799, 299.9897666728628], [445.0801705668186, 288.24162151257866]], "'", 0.10948452364232253), ([[103.40889846319673, 523.0250018657215], [156.8198143141351, 517.2406896903553], [171.59110153680325, 654.9749981342785], [118.1801856858649, 660.7593103096447]], '5', 0.7431720227601915)]
[([[93, 43], [131, 43], [131, 101], [93, 101]], "'", 0.027637909865475763), ([[278, 472], [328, 472], [328, 532], [278, 532]], '9)', 0.7690585336925454), ([[363, 467], [417, 467], [417, 579], [363, 579]], '솜', 0.031092547475104704), ([[486.4654469694149, 211.02865681555858], [530.2887660287897, 223.23383245090204], [506.5345530305851, 313.9713431844414], [461.7112339712102, 301.76616754909793]], '3', 0.29077120068047085)]
[([[62, 70], [134, 70], [134, 98], [62, 98]], '구슬들올', 0.9657034277915955), ([[204, 42], [268, 42], [268, 92], [204, 92]], '{2', 0.010551709903799946), ([[70, 94], [126, 94], [126, 120], [70, 120]], '항문에', 0.997030632659466), ([[60, 118], [130, 118], [130, 142], [60, 142]], '넣어서 .', 0.40299137456465667), ([[69, 141], [87, 141], [87, 165], [69, 165]], '응', 0.9896457206701257)]
[([[96, 46], [126, 46], [126, 106], [96, 106]], '쇼', 0.0795413334763504), ([[447.55348045107024, 141.01663804434133], [496.82127634030996, 147.7046813304951], [475.44651954892976, 286.98336195565867], [426.17872365969004, 280.2953186695049]], '9', 0.17559713953875544), ([[308.516246497323, 518.3133613395596], [417.3513441179684, 424.57829672495683], [466.483753502677, 498.68663866044045], [357.6486558820316, 592.4217032750431]], "'중형소", 0.00834592804312706)]
[([[14, 58], [140, 58], [140, 84], [14, 84]], '이번엔 치구와~', 0.4214982041455988), ([[81, 85], [97, 85], [97, 107], [81, 107]], '슬', 0.3285741468292578), ([[10, 106], [148, 106], [148, 134], [10, 134]], '알아차룻올려나?', 0.25606668215233513), ([[4, 156], [156, 156], [156, 182], [4, 182]], '알아차렇어도 좀 더', 0.27872631475045845), ([[16, 182], [126, 182], [126, 206], [16, 206]], '지켜화주세요-', 0.5535329366565442), ([[435, 149], [477, 149], [477, 245], [435, 245]], "'", 0.6911769623303918), ([[80, 234], [112, 234], [112, 302], [80, 302]], ';', 0.07858479323119472)]
[([[89, 57], [125, 57], [125, 141], [89, 141]], '@', 0.03712073079042555), ([[340, 442], [401, 442], [401, 568], [340, 568]], '솜', 0.16180656646803815), ([[464.4819695787027, 175.0269079555461], [507.7851760926858, 182.84755564363212], [490.5180304212973, 280.9730920444539], [447.2148239073142, 273.1524443563679]], '3', 0.6897098665560861)]
[([[24, 70], [132, 70], [132, 96], [24, 96]], '하아 하아 ', 0.9534079247425358), ([[34, 96], [142, 96], [142, 120], [34, 120]], '너무 커어어~', 0.45040277873030826), ([[52, 146], [130, 146], [130, 172], [52, 172]], '커다란게', 0.8637589812278748), ([[46, 170], [120, 170], [120, 196], [46, 196]], '오고있어', 0.9885444045066833), ([[419, 147], [525, 147], [525, 235], [419, 235]], "')", 0.04323689275819512), ([[433, 219], [473, 219], [473, 259], [433, 259]], '혀', 0.7722028656547799), ([[383.60351749645565, 439.0131141964805], [433.41512620015965, 444.5075355770563], [416.39648250354435, 601.9868858035195], [366.58487379984035, 596.4924644229437]], '혈', 0.0900887564985311)]
[([[58, 82], [130, 82], [130, 108], [58, 108]], '으응아~', 0.13942715525627136), ([[38, 106], [148, 106], [148, 132], [38, 132]], '엉덩이 구멍>', 0.654464747949443), ([[31, 129], [125, 129], [125, 155], [31, 155]], '가득 가득', 0.9423428307103804), ([[66, 156], [110, 156], [110, 182], [66, 182]], '아양', 0.7783098246425576), ([[457.419584784954, 84.01685830120883], [530.992993391651, 121.99066920189745], [451.580415215046, 275.9831416987912], [378.007006608349, 237.00933079810255]], '가 ', 0.3141110662001084), ([[56.60611465559049, 435.0129427649755], [100.61126082133904, 428.0312178622188], [126.39388534440951, 598.9870572350245], [82.38873917866096, 605.9687821377812]], '$', 0.008476470278538706), ([[432.43716419841945, 416.1228777340109], [502.0424864674599, 466.72993694592174], [410.56283580158055, 593.8771222659891], [339.9575135325401, 543.2700630540783]], '헌', 0.10625062774380556)]
[([[56, 90], [118, 90], [118, 114], [56, 114]], '응기잇하', 0.11533351242542267), ([[38, 112], [138, 112], [138, 136], [38, 136]], '두껍고 . 으응!', 0.938189864052336), ([[30, 134], [126, 134], [126, 158], [30, 158]], '길다란 것이 .', 0.5093178134029492), ([[421, 77], [507, 77], [507, 191], [421, 191]], '똑}', 0.01163552916279798), ([[38, 154], [122, 154], [122, 180], [38, 180]], '히 히부우옷', 0.6079541934430539), ([[181, 403], [221, 403], [221, 490], [181, 490]], '혈', 0.018837433310014973), ([[486.60298158504213, 174.32507621253345], [547.1172722091126, 221.11285556183344], [449.39701841495787, 343.6749237874665], [388.8827277908875, 296.88714443816656]], '3', 0.6255903997977761), ([[465.1736643695063, 446.1526732249466], [541.0401190873814, 491.73292357745953], [435.8263356304937, 663.8473267750534], [359.9598809126186, 617.2670764225405]], '흙', 0.5059580568468505), ([[155.46432841599443, 482.0360302783587], [188.62846019494052, 475.0496787746595], [207.53567158400557, 563.9639697216413], [173.37153980505948, 570.9503212253404]], '별', 0.014679761985172457)]
[([[52, 42], [140, 42], [140, 68], [52, 68]], '응오오오*', 0.11905949420039856), ([[40, 66], [154, 66], [154, 92], [40, 92]], '두껍고 . 으응!', 0.7598059869292154), ([[30, 92], [136, 92], [136, 120], [30, 120]], '길다란 것이.', 0.8761036471270379), ([[20, 140], [174, 140], [174, 170], [20, 170]], '굉장한 일이 되어버', 0.9443529515030522), ([[68, 166], [122, 166], [122, 192], [68, 192]], '렇어>', 0.07987601092250948), ([[18, 214], [176, 214], [176, 242], [18, 242]], '엉덩이 구멍 가득 차', 0.9968621835578636), ([[50, 240], [114, 240], [114, 264], [50, 264]], '버려서', 0.9989918431352559), ([[56, 278], [86, 278], [86, 354], [56, 354]], '흙', 0.06044937219586988), ([[30, 277], [62, 277], [62, 485], [30, 485]], '[', 0.01569870963749964), ([[156, 356], [206, 356], [206, 472], [156, 472]], '북', 0.22449389894535798), ([[411.41681264523095, 400.0189147365568], [475.9621954550532, 384.0515822680054], [518.583187354769, 571.9810852634432], [454.0378045449468, 587.9484177319946]], '9', 0.34908350281867584), ([[93.25949761784534, 458.0392776077462], [144.88874894825784, 442.0566488417357], [177.74050238215466, 565.9607223922538], [127.11125105174216, 580.9433511582644]], '뷰', 0.05568777899467947)]
[([[45, 82], [132, 82], [132, 112], [45, 112]], '후  후웃 .', 0.4533497392433165), ([[26, 110], [178, 110], [178, 138], [26, 138]], '엉덩이 구멍.. 힘흘', 0.30855187007896706), ([[26, 134], [176, 134], [176, 162], [26, 162]], '너무 취서 얼어버렬', 0.20229722188566335), ([[52, 160], [128, 160], [128, 186], [52, 186]], '것 같아 -', 0.36215798622375767), ([[26, 208], [160, 208], [160, 234], [26, 234]], '으아양~ 후아양', 0.5603323809394385), ([[98, 280], [126, 280], [126, 352], [98, 352]], '갑', 0.013056591211352497), ([[161, 415], [199, 415], [199, 495], [161, 495]], '행', 0.2535471685693125), ([[416, 474], [480, 474], [480, 621], [416, 621]], '7', 0.0926307659789396), ([[408.55348045107024, 364.01663804434133], [458.1520120742254, 373.89462833048003], [430.44651954892976, 509.98336195565867], [380.8479879257746, 499.10537166951997]], '"', 0.7682992882337203), ([[142.5098937119894, 510.03013906711425], [175.38653206957093, 499.01871968341925], [207.4901062880106, 598.9698609328857], [174.61346793042907, 609.9812803165808]], '출', 0.40444926950388904), ([[33.45373221945308, 628.0501539850466], [116.9969746620314, 659.8653045095716], [105.54626778054693, 687.9498460149534], [22.003025337968594, 656.1346954904284]], '내~', 0.11661091226732707)]
[([[46, 62], [136, 62], [136, 88], [46, 88]], '응아아아~', 0.6224337247950179), ([[421, 9], [539, 9], [539, 125], [421, 125]], '(58', 0.00520878365091166), ([[45, 84], [122, 84], [122, 114], [45, 114]], '나외버럿', 0.536965012550354), ([[46, 112], [134, 112], [134, 136], [46, 136]], '화취화쥐~', 0.3414067709603053), ([[8, 160], [176, 160], [176, 186], [8, 186]], '애널구멍에서 커다란', 0.7887246853256554), ([[431, 93], [547, 93], [547, 221], [431, 221]], "'1;", 0.03061770927914435), ([[6, 186], [162, 186], [162, 212], [6, 212]], '무릎 배설하는 장면', 0.8830569938778071), ([[30, 212], [138, 212], [138, 236], [30, 236]], '지켜화주세요', 0.8400171645473483), ([[54, 234], [114, 234], [114, 260], [54, 260]], '아아양', 0.9155439682188925), ([[12, 260], [156, 260], [156, 284], [12, 284]], '나외버려요오오오', 0.5883795460911937), ([[90, 308], [118, 308], [118, 428], [90, 428]], '틀', 0.7183635921883855), ([[200, 360], [274, 360], [274, 446], [200, 446]], '모', 0.8568933600334425), ([[476.4904068309487, 186.01857358399758], [531.9635721828652, 198.23024302494312], [500.5095931690513, 336.9814264160024], [445.03642781713484, 324.7697569750569]], '빚', 0.23561691271592), ([[361.41620207866833, 417.0170555452287], [429.52558833122765, 398.0138217066749], [484.58379792133167, 607.9829444547713], [417.47441166877235, 626.9861782933251]], '7', 0.05530462369722855), ([[120.67614845191, 429.00874636033495], [166.32786759833115, 421.00896479413075], [200.32385154809, 625.991253639665], [154.67213240166885, 633.9910352058693]], '봄', 0.009893023419611569)]
[([[60, 55], [98, 55], [98, 234], [60, 234]], '{', 0.04894933937182899), ([[370, 374], [480, 374], [480, 607], [370, 607]], '못', 0.195332177705688), ([[93.60505147275582, 121.00780226072223], [166.1641906888599, 111.06799818566408], [204.39494852724417, 393.99219773927774], [131.8358093111401, 403.93200181433593]], '부', 0.1507231314164139), ([[477.5098405633284, 174.02005487260612], [525.6700775472924, 188.25336637216853], [491.4901594366716, 307.9799451273939], [443.32992245270765, 294.74663362783144]], '3', 0.36838416015383757), ([[455.15350102802535, 285.1219034952862], [474.72719446868285, 301.75003586852034], [441.84649897197465, 341.8780965047138], [421.27280553131715, 326.24996413147966]], '18', 0.9444368239490494), ([[100.17115132592436, 555.0430527288738], [155.57819408462777, 534.0209216321368], [201.82884867407566, 666.9569472711262], [146.42180591537223, 687.9790783678632]], '8', 0.03787944944894783)]
[([[76, 104], [162, 104], [162, 132], [76, 132]], '들어갖다베', 0.1175783159890896)]
[([[68, 60], [122, 60], [122, 86], [68, 86]], '하아~', 0.999983757196036), ([[68, 84], [122, 84], [122, 110], [68, 110]], '하아~', 0.9999818989113951), ([[2, 110], [80, 110], [80, 136], [2, 136]], '가버려다', 0.16829738020896912), ([[94, 110], [194, 110], [194, 136], [94, 136]], '또 가버로어', 0.45105640239497014), ([[11, 181], [201, 181], [201, 241], [11, 241]], '엉핸이어 떠러가지', 0.04553332004532668), ([[426, 53], [535, 53], [535, 319], [426, 319]], '{', 0.09723240033601144), ([[34, 234], [171, 234], [171, 260], [34, 260]], '절정해버료어요~', 0.1698309429675406), ([[111, 307], [131, 307], [131, 331], [111, 331]], '8', 0.36588677898450683), ([[21, 301], [85, 301], [85, 389], [21, 389]], '농', 0.7937701726914383), ([[339, 397], [377, 397], [377, 449], [339, 449]], '8', 0.5443980976739482), ([[351, 447], [389, 447], [389, 507], [351, 507]], '8', 0.03305644438798083), ([[39, 451], [83, 451], [83, 561], [39, 561]], '북', 0.12426775821270386), ([[89.48022230181095, 489.0225564708259], [135.06441248330503, 496.84157231976985], [114.51977769818905, 615.9774435291741], [68.93558751669498, 608.1584276802301]], '봄', 0.12011143629570142)]
[([[52, 66], [138, 66], [138, 92], [52, 92]], '아 정담은', 0.7512734111631333), ([[32, 90], [140, 90], [140, 118], [32, 118]], '오당입니다 -', 0.12760894651750243), ([[18, 116], [64, 116], [64, 140], [18, 140]], '하아', 0.9999860072749682), ([[94, 116], [154, 116], [154, 140], [94, 140]], '하아 .-', 0.3138126293748936), ([[24, 162], [168, 162], [168, 218], [24, 218]], '음식려분움어면?', 0.011116075726111585), ([[435, 47], [541, 47], [541, 291], [435, 291]], '{', 0.5360153711223781), ([[38, 214], [142, 214], [142, 242], [38, 242]], '저논 당연히 .', 0.7944847051965171), ([[40, 240], [118, 240], [118, 264], [40, 264]], '무립니다.', 0.48700255924679414), ([[185, 247], [216, 247], [216, 340], [185, 340]], '다', 0.06489583830571988), ([[52, 310], [82, 310], [82, 456], [52, 456]], '륙', 0.0035666450653393245), ([[354, 448], [386, 448], [386, 492], [354, 492]], '9', 0.5783932712580828), ([[473.6300259088409, 362.0085596309632], [534.548110630513, 373.8298597675051], [492.3699740911591, 593.9914403690368], [431.4518893694871, 582.1701402324949]], '@', 0.03622684141429411), ([[497.6370296375887, 490.01098902021283], [544.2283440581247, 495.42913985468846], [524.3629703624114, 666.9890109797872], [477.7716559418754, 661.5708601453116]], '봄', 0.17659743690191831), ([[393.5374370791983, 526.0152998958939], [444.39934853376957, 514.0114006590321], [483.4625629208017, 690.9847001041061], [433.60065146623043, 702.9885993409679]], '물', 0.5839832865348491)]
[([[360, 78], [538, 78], [538, 106], [360, 106]], '저 혼자만 기분 중쩍지', 0.32461545121786844), ([[384, 104], [512, 104], [512, 132], [384, 132]], '논건 안되켓조>', 0.36435686443708404), ([[362, 154], [538, 154], [538, 182], [362, 182]], '그런고로 이번 마술은', 0.7809595323717339), ([[420, 178], [476, 178], [476, 202], [420, 202]], "이쪽'", 0.4578815766243446), ([[362, 226], [538, 226], [538, 256], [362, 256]], '[자위구멍]이합니다~', 0.29351547819185686), ([[454, 544], [511, 544], [511, 663], [454, 663]], '2', 0.02938021635219301)]
[([[358, 112], [544, 112], [544, 142], [358, 142]], '물론 평번한 오나홀과는', 0.4125213690438173), ([[400, 137], [496, 137], [496, 163], [400, 163]], '다르답니다', 0.7288423906528194), ([[362, 188], [540, 188], [540, 216], [362, 216]], '이건 저의 아날과 연결', 0.9413186944108347), ([[384, 212], [512, 212], [512, 238], [384, 238]], '되어 있다구요"', 0.2743077074179013)]
[([[332, 104], [526, 104], [526, 134], [332, 134]], '방금 군 무릎 배설햇다고', 0.40467974828417214), ([[324, 127], [534, 127], [534, 158], [324, 158]], '[해서 혈렁철령 해지지논 암', 0.2792348212832968), ([[386, 154], [472, 154], [472, 180], [386, 180]], '앞다구요?', 0.7161023593088421), ([[326, 199], [534, 199], [534, 231], [326, 231]], '아무렵 프로의 아날이니까', 0.7281521011325446), ([[10.228115598631952, 343.0599398312445], [45.507568440066976, 326.0258292873437], [86.77188440136804, 416.9400601687555], [50.492431559933024, 433.9741707126563]], '탑', 0.07283112684768867), ([[215.23537213691802, 509.041886445954], [263.56723412031135, 493.0230203201704], [300.76462786308196, 613.958113554046], [252.43276587968865, 629.9769796798296]], '출', 0.05052680237197493)]
[([[400, 102], [502, 102], [502, 128], [400, 128]], '자 처음으로', 0.9391911278949063), ([[414, 126], [490, 126], [490, 154], [414, 154]], '사용해볼', 0.8217493499101344), ([[398, 152], [506, 152], [506, 178], [398, 178]], '사람 있나요?', 0.8429683961629914), ([[449, 223], [495, 223], [495, 237], [449, 237]], '97)', 0.41751665787302294), ([[470, 232], [502, 232], [502, 264], [470, 264]], '(', 0.9924640119663763), ([[444, 232], [474, 232], [474, 312], [444, 312]], '흙', 0.7357309699809242)]
[([[30, 30], [174, 30], [174, 56], [30, 56]], '자, 사양하지 말고', 0.6216688605759776), ([[36, 52], [166, 52], [166, 80], [36, 80]], '사용해 보세요~', 0.6628547888808215)]
[([[102, 22], [156, 22], [156, 48], [102, 48]], '아양*', 0.2394384073757558), ([[66, 46], [190, 46], [190, 76], [66, 76]], '항문에 당앉어 .', 0.5419546717811337), ([[60, 72], [184, 72], [184, 98], [60, 98]], '들어오고 있어 -', 0.5254996616168899), ([[96, 130], [124, 130], [124, 158], [96, 158]], '7', 0.12521233734832382), ([[65, 125], [103, 125], [103, 211], [65, 211]], '좀', 0.019633631004723817), ([[180, 468], [254, 468], [254, 596], [180, 596]], '닭', 0.023980568830017868)]
[([[42, 46], [82, 46], [82, 76], [42, 76]], '으응', 0.9995339719611431), ([[98, 46], [184, 46], [184, 72], [98, 72]], '안쪽까지 -', 0.29831635846494486), ([[41, 234], [113, 234], [113, 404], [41, 404]], '{', 0.12385908276112279), ([[212.42904663687753, 190.03270574083444], [252.84481907555423, 181.07188872593366], [273.5709533631225, 286.96729425916556], [233.15518092444577, 295.92811127406634]], '빚', 0.8950515191681916), ([[393.25097310286003, 558.0564224788761], [475.99879285367626, 594.8901364207983], [457.74902689713997, 633.9435775211239], [375.00120714632374, 597.1098635792017]], '478', 0.15113140512467396)]
[([[74, 10], [136, 10], [136, 36], [74, 36]], '아아앗', 0.8513484734824072), ([[68, 34], [150, 34], [150, 60], [68, 60]], '뒤집혀저 .', 0.774095534818114), ([[28, 60], [200, 60], [200, 86], [28, 86]], '아날의 육벽이 자지에', 0.7012248154122889), ([[56, 84], [166, 84], [166, 110], [56, 110]], '이끌려 나와~', 0.6415085868518032), ([[70, 128], [104, 128], [104, 160], [70, 160]], '(', 0.9923495313410626), ([[43, 125], [79, 125], [79, 235], [43, 235]], '출', 0.2963588744683534), ([[476, 176], [524, 176], [524, 272], [476, 272]], '부', 0.5496192581378558), ([[153, 456], [263, 456], [263, 687], [153, 687]], '"', 0.004930219704281313), ([[397.9378517783448, 567.114118180386], [476.7614114402104, 581.4739065896762], [468.0621482216552, 622.885881819614], [389.2385885597896, 609.5260934103238]], '<', 0.025778230244269063)]
[([[38, 70], [126, 70], [126, 96], [38, 96]], '계속해서  .', 0.27634464877864917), ([[50, 94], [110, 94], [110, 120], [50, 120]], '두개 .', 0.5173618793487549), ([[52, 118], [114, 118], [114, 142], [52, 142]], '세개 . ', 0.6665800494667761), ([[303.4933415398829, 9.021430170618412], [351.4019480984075, 3.166086945336633], [365.5066584601171, 138.9785698293816], [317.5980519015925, 143.83391305466336]], '료', 0.058083964743538496)]
[([[64, 10], [156, 10], [156, 36], [64, 36]], '아양! 아앗', 0.8521309137084317), ([[74, 34], [162, 34], [162, 60], [74, 60]], '쓰컷 4경!', 0.11788715449067896), ([[30, 58], [208, 58], [208, 84], [30, 84]], '수서지고 있어! 자위에', 0.46246064420978517), ([[54, 84], [180, 84], [180, 110], [54, 110]], '사용되고 있어>', 0.22866028177760267), ([[168, 139], [246, 139], [246, 318], [168, 318]], "'", 0.4963779755076416), ([[21.41681264523096, 236.01891473655675], [86.06847667243326, 221.06364964873993], [125.58318735476904, 407.9810852634432], [61.93152332756673, 422.93635035126005]], '"', 0.03675085974052994)]
[([[16, 38], [218, 38], [218, 64], [16, 64]], '그대로 안에다 싸주세요~', 0.9117154694198255), ([[12, 62], [224, 62], [224, 90], [12, 90]], "'제 엉덩이 오나혹에 사정해", 0.6955222470505878), ([[62, 88], [168, 88], [168, 112], [62, 112]], '주세요오오~', 0.5240755281075289), ([[40, 181], [246, 181], [246, 472], [40, 472]], '기', 0.3012715891294562)]
[([[38, 14], [202, 14], [202, 42], [38, 42]], '앗아~ 나오고 있어~', 0.6246697137141964), ([[40, 40], [216, 40], [216, 68], [40, 68]], '엉덩이의 깊은 곳 까지', 0.9932586977683081), ([[70, 64], [186, 64], [186, 90], [70, 90]], '뜨거운 액체가', 0.7122425837327329), ([[64, 90], [178, 90], [178, 116], [64, 116]], '들어오고 있어', 0.9895107551799802), ([[82, 228], [180, 228], [180, 444], [82, 444]], '톱', 0.07608398130470562)]
[([[378, 38], [502, 38], [502, 64], [378, 64]], '양, 뜨거운 젓이', 0.5706745884812425), ([[378, 62], [474, 62], [474, 88], [378, 88]], '흘러님처서', 0.641631503680096), ([[334, 88], [544, 88], [544, 114], [334, 114]], '(화요, 제대로 이어저 있조?', 0.44195959549202), ([[348, 112], [516, 112], [516, 140], [348, 140]], '장내사정 해버로네요', 0.7085829412544116), ([[413, 179], [437, 179], [437, 197], [413, 197]], '8', 0.22429518172715746), ([[429, 179], [470, 179], [470, 244], [429, 244]], "'간", 0.0060714601953200525), ([[371, 165], [505, 165], [505, 417], [371, 417]], '무6', 0.001697915778671437), ([[290, 502], [346, 502], [346, 668], [290, 668]], '@', 0.016002569335146433), ([[30.519403262375704, 155.01284100642562], [100.34270379830491, 166.1170485400335], [69.4805967376243, 359.9871589935744], [-0.34270379830490416, 348.88295145996653]], '{', 0.31979721729115695)]
[([[434, 52], [464, 52], [464, 76], [434, 76]], '냄!', 0.4851229765214858), ([[384, 76], [496, 76], [496, 100], [384, 100]], '매지겉 아날~', 0.3017541746731523), ([[446, 302], [520, 302], [520, 516], [446, 516]], '9', 0.4404080319951653), ([[374.5281029940537, 417.01592431199526], [426.39934853376957, 403.0114006590322], [469.4718970059463, 578.9840756880047], [417.60065146623043, 591.9885993409679]], '9', 0.04011417776555448), ([[475.6051494397813, 507.01114508412894], [529.8190691883441, 522.1335947519251], [479.3948505602187, 697.988854915871], [425.1809308116559, 682.8664052480749]], '5', 0.14528636933392036), ([[310.5632058550989, 524.0159202148551], [358.93951483573466, 532.7693927187662], [334.4367941449011, 672.9840797851449], [285.06048516426534, 664.2306072812338]], '숨', 0.14501150657483564)]
[([[396, 82], [492, 82], [492, 106], [396, 106]], '그~리~고~', 0.8655808711609728)]
[([[346, 390], [522, 390], [522, 416], [346, 416]], '사실 매지컵 오나혹은', 0.2753960289615702), ([[360, 416], [508, 416], [508, 442], [360, 442]], '더 많이 있답니다?', 0.6298373397312489), ([[406, 464], [446, 464], [446, 494], [406, 494]], '으응', 0.19505280659233584), ([[429, 505], [495, 505], [495, 639], [429, 639]], '$', 0.029189313053281873)]
[([[352, 414], [524, 414], [524, 444], [352, 444]], '사용하고 싶은 분들은', 0.8780372123374031), ([[382, 438], [488, 438], [488, 462], [382, 462]], '가져가세요 ~', 0.2547382244584697), ([[459, 485], [495, 485], [495, 565], [459, 565]], '푹', 0.06834614108076753)]
[([[30, 414], [252, 414], [252, 444], [30, 444]], '모두들 한꺼번에 사용하서도', 0.9974803473752306), ([[84, 438], [194, 438], [194, 466], [84, 466]], '괜찮답니다~', 0.6423200863188545), ([[103, 495], [131, 495], [131, 515], [103, 515]], '7', 0.01834709152605285), ([[99, 509], [139, 509], [139, 549], [99, 549]], '난', 0.2745126519734562), ([[104, 546], [136, 546], [136, 582], [104, 582]], '닦', 0.022731321392132964), ([[133, 511], [173, 511], [173, 647], [133, 647]], '출', 0.6486767673322937)]
[([[63, 373], [234, 373], [234, 401], [63, 401]], '소진요소 노', 0.05208603488176036), ([[108, 410], [196, 410], [196, 434], [108, 434]], '오오오욕애', 0.17147949690997683), ([[34, 432], [184, 432], [184, 460], [34, 460]], '꼬추들이 한꺼번에.', 0.8760451773157728), ([[198, 432], [274, 432], [274, 460], [198, 460]], '한꺼번에', 0.9995977878570557), ([[72, 458], [202, 458], [202, 486], [72, 486]], '들어오고 있어요', 0.998997794775539), ([[202, 512], [234, 512], [234, 542], [202, 542]], '6', 0.048189613801137066), ([[85, 497], [209, 497], [209, 652], [85, 652]], '"꿈', 0.020404126682713276), ([[419.33420822434897, -45.982939625195655], [666.9277931983714, 76.63172991696068], [614.6657917756511, 174.98293962519566], [367.0722068016285, 50.36827008303931]], '발3434', 0.018407942222430626), ([[617.9838128076015, 19.05755270689253], [686.7817746510381, 3.4406933814214664], [710.0161871923985, 124.94244729310746], [642.2182253489619, 140.55930661857855]], '표', 0.14069020758821527), ([[692.1447151510638, 189.0458509048937], [750.7757097812347, 174.19956060386164], [778.8552848489362, 297.9541490951063], [719.2242902187653, 312.80043939613836]], ';', 0.029610960654189222)]
[([[8, 68], [140, 68], [140, 94], [8, 94]], '제 귀여운 아날에', 0.8428652019240422), ([[46, 92], [100, 92], [100, 118], [46, 118]], '구슬이', 0.9099296660526712), ([[12, 116], [134, 116], [134, 142], [12, 142]], '들어가는 장면올', 0.8460042405444032), ([[46, 138], [102, 138], [102, 162], [46, 162]], '자세히', 0.9999263570618102), ([[14, 162], [130, 162], [130, 186], [14, 186]], '지켜화주세요하', 0.1301497476355628), ([[50, 244], [128, 244], [128, 328], [50, 328]], '옷@', 0.0483018345613595), ([[18, 248], [59, 248], [59, 437], [18, 437]], '(', 0.019438041028696285), ([[382, 526], [454, 526], [454, 638], [382, 638]], '6', 0.09175143496344962), ([[274.8836873886971, 506.069499109577], [340.8327732337962, 483.1885902221336], [377.1163126113029, 603.930500890423], [311.1672267662038, 625.8114097778664]], '5', 0.2690798076913872)]
[([[721, 48], [788, 48], [788, 151], [721, 151]], '9', 0.2299450257821869), ([[763, 115], [823, 115], [823, 183], [763, 183]], '3', 0.8179277000352982), ([[0, 215], [63, 215], [63, 295], [0, 295]], '터', 0.37540244087017527), ([[565, 175], [603, 175], [603, 237], [565, 237]], '유', 0.14117675646326067), ([[704, 150], [782, 150], [782, 292], [704, 292]], '날', 0.5768556823723117), ([[557, 279], [593, 279], [593, 329], [557, 329]], '구', 0.015523776970042036), ([[668, 280], [716, 280], [716, 350], [668, 350]], '8', 0.3504410029712659), ([[54, 416], [126, 416], [126, 442], [54, 442]], '우그으욕', 0.9002035856246948), ([[144, 416], [232, 416], [232, 442], [144, 442]], '후아아악 ~', 0.4014739700664998), ([[52, 440], [208, 440], [208, 468], [52, 468]], '개 경장해여어어어', 0.6465417799597195), ([[16, 466], [82, 466], [82, 492], [16, 492]], '가간다.', 0.8170946836471558), ([[90, 466], [270, 466], [270, 492], [90, 492]], '간다 가버려요오오오애', 0.28616122063272326), ([[721, 447], [789, 447], [789, 523], [721, 523]], '0', 0.7780988081190152), ([[247, 537], [314, 537], [314, 668], [247, 668]], '및', 0.06394404748932292), ([[424.3111800851018, -32.98304427243365], [586.5398665726618, 106.44022287291521], [508.6888199148982, 197.98304427243366], [346.46013342733823, 57.559777127084786]], '고7', 0.0019458227933927769), ([[727.9105106222006, 297.06618710204526], [785.5757413889901, 260.01843433175463], [866.0894893777994, 396.93381289795474], [808.4242586110099, 433.98156566824537]], '~', 0.06560068892896087)]
[([[790, 20], [865, 20], [865, 159], [790, 159]], '0', 0.5269195524682893), ([[559, 153], [603, 153], [603, 213], [559, 213]], '돈', 0.15645090062406908), ([[629, 151], [669, 151], [669, 211], [629, 211]], '8', 0.40217241514257296), ([[659, 305], [699, 305], [699, 365], [659, 365]], '8', 0.019041288859543926), ([[756, 256], [835, 256], [835, 405], [756, 405]], '내', 0.008791979644318104), ([[16, 414], [108, 414], [108, 440], [16, 440]], '응아아아양', 0.6211792779807556), ([[126, 414], [238, 414], [238, 440], [126, 440]], '사용해주세요', 0.9998687918639334), ([[72, 438], [208, 438], [208, 464], [72, 464]], '가버렬 때 까지>', 0.14927973780687578), ([[6, 462], [278, 462], [278, 492], [6, 492]], '정액올 엉덩이 구멍 가득 싸버클 때', 0.2505637591013339), ([[46, 488], [218, 488], [218, 514], [46, 514]], '까지 사용해 주세요~', 0.5301078484606513), ([[480, 490], [534, 490], [534, 544], [480, 544]], '7', 0.29398319820987595), ([[64, 544], [104, 544], [104, 649], [64, 649]], '흉', 0.035494285003183856), ([[501.90224000307967, -12.953567963660106], [681.1833695120517, 20.465079126069647], [656.0977599969203, 130.9535679636601], [476.8166304879483, 96.53492087393036]], '류 유', 0.06439974904060364), ([[749.3166694759086, 97.02337434826559], [827.0726681182637, 131.09813339252995], [768.6833305240914, 262.9766256517344], [691.9273318817363, 229.90186660747005]], "0'", 0.1276299453894719), ([[-2.490159436671629, 201.02005487260612], [45.744208407535254, 190.046332739718], [75.49015943667163, 334.9799451273939], [26.25579159246475, 345.95366726028203]], '복', 0.10334611761960844), ([[285.85256742144884, 474.0827152079972], [337.62797753372064, 445.024685321748], [395.14743257855116, 558.9172847920029], [344.37202246627936, 587.9753146782521]], "'", 0.020843950273531142)]
[([[713, 51], [775, 51], [775, 145], [713, 145]], '대', 0.2995603658837922), ([[758, 118], [812, 118], [812, 178], [758, 178]], '3', 0.6038550856095668), ([[0, 210], [78, 210], [78, 290], [0, 290]], '유', 0.2088602112019169), ([[553, 173], [593, 173], [593, 233], [553, 233]], '유', 0.29637970650506773), ([[694, 150], [770, 150], [770, 286], [694, 286]], '날', 0.17516460621311936), ([[552, 270], [584, 270], [584, 324], [552, 324]], '9', 0.9657495275845953), ([[661, 283], [705, 283], [705, 343], [661, 343]], '8', 0.2732359898057588), ([[18, 400], [260, 400], [260, 430], [18, 430]], '응오용차 자지 흔들어 주세요>', 0.11199923309926767), ([[94, 426], [170, 426], [170, 450], [94, 450]], '싸주세요', 0.9990167021751404), ([[64, 450], [212, 450], [212, 476], [64, 476]], '안쪽에 싸주세요하', 0.27365007321096396), ([[6, 474], [274, 474], [274, 504], [6, 504]], '음탕한 제 엉덩이 구멍에 잔뜩 뿌려', 0.541671999093522), ([[715, 443], [775, 443], [775, 511], [715, 511]], '0', 0.02902456520159391), ([[67, 496], [192, 496], [192, 524], [67, 524]], '주세요오오오하', 0.2371448025985772), ([[63, 543], [101, 543], [101, 579], [63, 579]], '0', 0.9998025991592385), ([[501, 473], [587, 473], [587, 595], [501, 595]], '대', 0.01783801934962881), ([[17, 522], [320, 522], [320, 679], [17, 679]], "'돕알등 하다", 0.003530729093979018), ([[418.3145485392435, -33.98320979943256], [579.615160956813, 103.74003188357999], [500.6854514607565, 197.98320979943256], [339.384839043187, 59.25996811642001]], '고%', 0.005563601267438046), ([[717.8555211561317, 294.07306501782733], [773.583187354769, 256.0189147365568], [855.1444788438683, 389.92693498217267], [799.416812645231, 427.9810852634432]], '{', 0.03837729190673955)]
[([[251, 0], [399, 0], [399, 385], [251, 385]], '9', 0.00332236715906703), ([[496, 149], [616, 149], [616, 348], [496, 348]], '5', 0.005692783924260425), ([[97, 375], [137, 375], [137, 415], [97, 415]], '쇼', 0.01955852835413907), ([[58, 422], [202, 422], [202, 450], [58, 450]], '후아아아아아양~', 0.2846340091642055), ([[98, 460], [141, 460], [141, 669], [98, 669]], '8', 0.007269626526673401), ([[746.6858424871124, 127.00448704893236], [827.8256215563091, 116.03102789474977], [879.3141575128876, 498.99551295106767], [798.1743784436909, 509.9689721052502]], "'", 0.9633806857023188)]
[([[234, 18], [382, 18], [382, 174], [234, 174]], '모다', 0.045797670933730356), ([[415, 10], [669, 10], [669, 139], [415, 139]], '모위번', 0.06360338828203957), ([[100, 410], [154, 410], [154, 434], [100, 434]], '아아~', 0.9999947004371946), ([[172, 410], [216, 410], [216, 436], [172, 436]], '아양', 0.7409006291678494), ([[2, 434], [202, 434], [202, 462], [2, 462]], '아아무것도 없는 곳에서.', 0.309514706227468), ([[212, 434], [314, 434], [314, 460], [212, 460]], '야한 액체가', 0.779004619145944), ([[137, 483], [212, 483], [212, 513], [137, 513]], '네년  !', 0.3858178558304137), ([[90, 508], [174, 508], [174, 534], [90, 534]], '매 매지철.', 0.09517882001348965), ([[182, 510], [226, 510], [226, 534], [182, 534]], '아날', 0.9921976170536931), ([[23, 543], [213, 543], [213, 659], [23, 659]], '7 표들', 0.07690863311290741), ([[792.6137063320122, 51.01244814618925], [837.3365479692635, 40.009446147109216], [881.3862936679878, 217.98755185381074], [836.6634520307365, 229.99055385289077]], '8', 0.8412850867106414), ([[580.4279108889801, 487.0182009569879], [653.2469719917787, 501.6877305220957], [621.5720891110199, 661.9817990430121], [548.7530280082213, 647.3122694779042]], '대', 0.13378105237826787)]
[([[36, 66], [90, 66], [90, 90], [36, 90]], '하아~', 0.9999432879907532), ([[106, 66], [152, 66], [152, 92], [106, 92]], '아양.', 0.8907615131845805), ([[28, 89], [159, 89], [159, 118], [28, 118]], '조금 과햇올지도', 0.5185183571655015), ([[24, 138], [196, 138], [196, 166], [24, 166]], '여러분의 야한 씨앗이', 0.9966299298291189), ([[34, 164], [152, 164], [152, 192], [34, 192]], '이렇게나 잔뜩.', 0.6040534727072784), ([[29, 217], [137, 217], [137, 371], [29, 371]], '@', 0.004885762951030381), ([[482, 246], [538, 246], [538, 340], [482, 340]], '[', 0.033852216534464796), ([[397, 309], [459, 309], [459, 403], [397, 403]], '꿈', 0.02614122645185546)]
[([[60, 84], [166, 84], [166, 110], [60, 110]], '아앗! 아직도', 0.8775210146783944), ([[48, 108], [162, 108], [162, 134], [48, 134]], '나오고 있어 ..', 0.656009035483004), ([[78, 132], [150, 132], [150, 158], [78, 158]], '엉덩이로', 0.9990859031677246), ([[44, 157], [181, 157], [181, 183], [44, 183]], '임신해버랗지도~', 0.20812264044600204), ([[480, 290], [536, 290], [536, 386], [480, 386]], '[', 0.42302223120736926), ([[35, 279], [112, 279], [112, 493], [35, 493]], "'", 0.497808309278426), ([[405.24651888150316, 293.047499163875], [455.35603075949126, 288.4819279580336], [463.75348111849684, 383.952500836125], [412.64396924050874, 388.5180720419664]], '3', 0.07707752403402512)]
[([[80, 90], [120, 90], [120, 116], [80, 116]], '으흥', 0.4593454017263608), ([[54, 114], [164, 114], [164, 144], [54, 144]], '임신도 못하는', 0.9299557756046548), ([[54, 140], [166, 140], [166, 168], [54, 168]], '엉덩이 구멍에', 0.9911811585789622), ([[88, 164], [130, 164], [130, 190], [88, 190]], '잔뜩', 0.9998492861964247), ([[45, 187], [170, 187], [170, 217], [45, 217]], '싸버리석네요{', 0.2000559380447896), ([[80, 214], [122, 214], [122, 240], [80, 240]], '활까-', 0.6782421298713763), ([[67, 291], [109, 291], [109, 409], [67, 409]], '@', 0.009429318114238028), ([[406, 288], [540, 288], [540, 390], [406, 390]], '5움', 0.008004468569568105)]
[([[24, 54], [136, 54], [136, 80], [24, 80]], '그럼 이것으로', 0.906334430194271), ([[16, 78], [146, 78], [146, 106], [16, 106]], '오늘의 마술소는', 0.5306815492290168), ([[10, 104], [149, 104], [149, 130], [10, 130]], '종료되없습니다 ~', 0.36628306664571075), ([[2, 152], [162, 152], [162, 182], [2, 182]], '또 언젠가 만날 날올', 0.5734577522170203), ([[24, 178], [134, 178], [134, 204], [24, 204]], '기대활게요~', 0.3647982932785751), ([[66, 226], [96, 226], [96, 252], [66, 252]], '냄!', 0.7056419127555145), ([[16, 252], [128, 252], [128, 278], [16, 278]], '매지걸 아날~', 0.27678442136700837), ([[113, 399], [149, 399], [149, 449], [113, 449]], '문', 0.282227195799706), ([[87, 441], [123, 441], [123, 489], [87, 489]], '9', 0.48237632321562174), ([[46, 546], [100, 546], [100, 630], [46, 630]], '벼', 0.3072234583705722), ([[478.5176948604781, 231.01941626992894], [528.9415674377954, 237.77054677725272], [509.4823051395219, 366.9805837300711], [460.05843256220464, 360.2294532227473]], '통', 0.06426716814533862), ([[71.59824631199581, 299.02702270876904], [96.27739110898963, 302.285543893397], [86.40175368800419, 378.97297729123096], [61.72260889101036, 375.714456106603]], '물', 0.09060541296515012), ([[407.53906723224156, 356.0118110287107], [472.1517420386718, 345.07399920029377], [506.46093276775844, 568.9881889712893], [441.8482579613282, 579.9260007997062]], '8', 0.23127884551308853), ([[282.6051494397813, 392.01114508412894], [336.68857768203173, 406.05068115801333], [290.3948505602187, 582.988854915871], [236.31142231796827, 567.9493188419866]], '5', 0.059184814489922966), ([[326.49770107825475, 469.01804498774067], [377.3948505602187, 450.01114508412894], [435.50229892174525, 621.9819550122594], [384.6051494397813, 640.988854915871]], '1', 0.17358030846595174)]
[([[46, 92], [142, 92], [142, 116], [46, 116]], '좀더 . 잔뜩', 0.6584451266910191), ([[46, 114], [118, 114], [118, 140], [46, 140]], '들어가 ', 0.62442946434021), ([[342, 486], [416, 486], [416, 584], [342, 584]], '벼', 0.09919685607472051), ([[386.24651888150316, 29.047499163875006], [434.80678820762256, 21.27850400919515], [449.75348111849684, 119.952500836125], [401.19321179237744, 127.72149599080485]], '3', 0.36090346205316237), ([[94.48667989874762, 232.01884662296766], [146.4159304798895, 216.01236793785628], [195.5133201012524, 381.98115337703234], [143.5840695201105, 397.98763206214375]], '{', 0.8467571621900483), ([[697.5009737107586, 471.01557937213687], [759.731962799758, 478.923810795264], [737.4990262892414, 646.9844206278631], [675.268037200242, 639.076189204736]], '!', 0.01664496985171482)]
[([[60, 86], [138, 86], [138, 112], [60, 112]], '뱃 속에서', 0.9730424395400825), ([[38, 110], [160, 110], [160, 136], [38, 136]], '구슬이 부딪히고', 0.8883004759725251), ([[54, 134], [114, 134], [114, 160], [54, 160]], '있어요', 0.9958434097921581), ([[209, 260], [285, 260], [285, 425], [209, 425]], '', 0.0), ([[379.521668633136, 139.0163620437859], [436.68448230231405, 150.04814397318498], [408.478331366864, 298.98363795621407], [351.31551769768595, 287.95185602681505]], '{', 0.88110256143068), ([[694.1625217238557, 413.0439563766287], [753.2324348988572, 402.31779755393256], [773.8374782761443, 523.9560436233712], [714.7675651011428, 534.6822024460674]], '다', 0.006508846081865194), ([[299.27571403165985, 503.03285434825835], [347.44873062568473, 469.0125948628123], [451.72428596834015, 628.9671456517416], [404.55126937431527, 662.9874051371877]], '{', 0.5514798480772356), ([[645.9563638994289, 505.06836563565963], [703.7644853308216, 480.0366111372759], [748.0436361005711, 596.9316343643403], [690.2355146691784, 620.9633888627242]], '닭', 0.030324648379576047)]
[([[432, 64], [516, 64], [516, 90], [432, 90]], '자; 아날에', 0.8898885362973633), ([[448, 88], [502, 88], [502, 112], [448, 112]], '들어간', 0.9999176163127136), ([[438, 110], [510, 110], [510, 138], [438, 138]], '구슬들은', 0.997357189655304), ([[0, 0], [259, 0], [259, 281], [0, 281]], '옛', 0.005842462941801296), ([[424, 132], [524, 132], [524, 184], [424, 184]], '되어물가요? ', 0.4206092598757988), ([[468, 238], [506, 238], [506, 268], [468, 268]], '73', 0.9915643992621285), ([[417, 237], [453, 237], [453, 295], [417, 295]], '흙', 0.8964874523820221), ([[245, 521], [281, 521], [281, 569], [245, 569]], '9', 0.8443977182055598)]
[([[403, 37], [460, 37], [460, 65], [403, 65]], '이쪽의', 0.9948248799458282), ([[360, 62], [506, 62], [506, 88], [360, 88]], '엉덩이용 마개틀 사', 0.6570126269495854), ([[380, 86], [484, 86], [484, 112], [380, 112]], '용해 볼까요?', 0.7930780227854948), ([[-33.4951898503867, 44.03994979776859], [166.05727226309102, -17.49463755464947], [242.4951898503867, 286.9600502022314], [40.942727736908964, 348.49463755464944]], '*', 0.9511473353777014)]
[([[380, 90], [416, 90], [416, 116], [380, 116]], '으응', 0.9989674741154526), ([[0, 7], [327, 7], [327, 261], [0, 261]], '오', 0.010115589908634759)]
[([[372, 188], [458, 188], [458, 266], [372, 266]], '톤소물', 0.003253863413879223), ([[356, 284], [466, 284], [466, 308], [356, 308]], '레이디스 & 젠', 0.43625990445064905), ([[388, 308], [434, 308], [434, 334], [388, 334]], '틀맨!', 0.43367329981221026), ([[356, 330], [466, 330], [466, 356], [356, 356]], '오늘의 저의 쇼', 0.6670206541644006), ([[356, 354], [466, 354], [466, 380], [356, 380]], '틀 보러 와주서', 0.7528946416708324), ([[354, 376], [468, 376], [468, 402], [354, 402]], '서 감사합니다]', 0.8812574140306805), ([[419, 441], [455, 441], [455, 561], [419, 561]], '9', 0.5129024755485858), ([[22.54331339444011, 317.0174054671654], [70.67125603810152, 307.0376669556865], [100.4566866055599, 459.9825945328346], [52.32874396189848, 469.9623330443135]], '"', 0.31135924206262544), ([[381.61120843015397, 420.01260982437117], [431.10981029656006, 431.86881301067586], [394.38879156984603, 585.9873901756289], [344.89018970343994, 574.1311869893241]], '[', 0.11285202159485497), ([[100.51168204414938, 429.0170532313361], [154.3954393188552, 437.878644608261], [130.48831795585062, 585.982946768664], [76.60456068114478, 578.121355391739]], '표', 0.12572956543409308)]
[([[344, 94], [468, 94], [468, 120], [344, 120]], '안쪽의 구슬들이', 0.8731054064895286), ([[352, 118], [462, 118], [462, 144], [352, 144]], '엉덩이 마개가', 0.9545208242240524), ([[350, 140], [464, 140], [464, 168], [350, 168]], '마음에 든 모양', 0.480000677923113), ([[378, 164], [434, 164], [434, 188], [378, 188]], '이네요', 0.9877239618058516), ([[72, 324], [110, 324], [110, 350], [72, 350]], '무슨', 0.99992767677399), ([[44, 348], [138, 348], [138, 374], [44, 374]], '소리나구요?', 0.9993237207895596), ([[44, 370], [136, 370], [136, 396], [44, 396]], '그럼 확인해', 0.9790884607288393), ([[58, 394], [124, 394], [124, 420], [58, 420]], '볼까요?', 0.7526096701622009)]
[([[410, 32], [440, 32], [440, 108], [410, 108]], '총', 0.031493722828962456), ([[0, 11], [336, 11], [336, 272], [0, 272]], '선)', 0.09560603179210586)]
[([[432, 106], [468, 106], [468, 130], [432, 130]], '앗버', 0.06294497380888613), ([[414, 128], [472, 128], [472, 154], [414, 154]], '하아양-', 0.3995901346206665), ([[21, 109], [94, 109], [94, 263], [21, 263]], '5', 0.0035067539491845517), ([[1.3103029849100278, 243.03406014759128], [54.1948040561863, 230.1027220392882], [82.68969701508998, 357.9659398524087], [29.805195943813704, 370.8972779607118]], '빚', 0.8038261632691501), ([[261.8695048315003, 562.7390096630006], [421.320525846849, 498.45115347444965], [439.1304951684997, 555.2609903369994], [279.679474153151, 619.5488465255503]], '433', 0.16415826976299286)]
[([[72, 294], [142, 294], [142, 320], [72, 320]], '으으으응', 0.9974273443222046), ([[366, 356], [414, 356], [414, 452], [366, 452]], '7', 0.9074630033373445), ([[1.251625757180859, 82.04011954178199], [55.12242560093863, 73.32951953990717], [69.74837424281914, 188.959880458218], [15.877574399061372, 196.67048046009285]], "'", 0.013501849570944968), ([[-7.597022314125993, 447.0297768587401], [34.421491345817785, 426.0148228893874], [97.597022314126, 558.9702231412599], [54.578508654182215, 579.9851771106125]], "'", 0.06017205096773304)]
[([[54, 344], [138, 344], [138, 368], [54, 368]], '보시논대로', 0.8750083518071298), ([[60, 366], [132, 366], [132, 394], [60, 394]], '구슬들은', 0.9977273344993591), ([[76, 390], [114, 390], [114, 414], [76, 414]], '전부', 0.9999715088492855), ([[52, 412], [142, 412], [142, 438], [52, 438]], '애널마개에', 0.9375176450754544), ([[22, 436], [160, 436], [160, 462], [22, 462]], '달라 붙없답니다 ~', 0.49681180507082434), ([[40, 524], [70, 524], [70, 556], [40, 556]], '1', 0.5237847215827429), ([[244, 526], [276, 526], [276, 568], [244, 568]], '9', 0.9661537374256604)]
[([[0, 12], [273, 12], [273, 268], [0, 268]], '켜', 0.003315060202015163), ([[46, 292], [78, 292], [78, 316], [46, 316]], '냄!', 0.2467911064190419), ([[0, 314], [108, 314], [108, 340], [0, 340]], '매지철 아날~', 0.41613656980153063), ([[394.5860475113869, 357.01071696976686], [455.8856859712906, 378.6651698846825], [388.4139524886131, 565.9892830302331], [328.1143140287094, 544.3348301153176]], '?', 0.7620546369296655), ([[66.62101147601986, 371.0119813211137], [116.13178922146986, 383.8821981015005], [76.37898852398014, 540.9880186788863], [27.86821077853015, 528.1178018984995]], '[', 0.03662402077058946), ([[109.49334153988292, 440.02143017061843], [150.40448314795395, 425.01364941028163], [200.50665846011708, 569.9785698293816], [159.59551685204605, 584.9863505897183]], '{', 0.4698270183786555)]
[([[566, 97], [798, 97], [798, 129], [566, 129]], '조금 무리쾌논지 갈증이 나네요', 0.4203505145468509), ([[604, 124], [764, 124], [764, 150], [604, 150]], '잠깐 뒷 좀 마실게요', 0.683648822427714), ([[634, 170], [734, 170], [734, 196], [634, 196]], '엉 덩 이로;', 0.1827786515386927)]
[([[498, 94], [746, 94], [746, 120], [498, 120]], '엉덩이로도 잘 마실 수 있답니다 ~', 0.6201403361140584), ([[596, 116], [648, 116], [648, 142], [596, 142]], '아양~', 0.9067126957601934), ([[700.31030298491, 305.0340601475913], [756.2930796369495, 314.4710338008983], [737.68969701509, 419.9659398524087], [681.7069203630505, 410.5289661991017]], '및', 0.4438894469083188), ([[109.56635443652918, 424.0156912241026], [160.85221177440258, 431.72127970110563], [138.43364556347083, 573.9843087758974], [88.14778822559741, 566.2787202988943]], '북', 0.6516394157765184)]
[([[532, 64], [566, 64], [566, 90], [532, 90]], '양~', 0.9966849076314531), ([[496, 88], [618, 88], [618, 112], [496, 112]], '역시 엉덩이에는', 0.5992174847477012), ([[468, 110], [646, 110], [646, 136], [468, 136]], '끈적곤적한 로선 주스가', 0.7810603319178198), ([[484, 132], [616, 132], [616, 156], [484, 156]], '최고에요오오오~', 0.7982330393151719), ([[607, 197], [643, 197], [643, 281], [607, 281]], '지', 0.006541544461947935), ([[612, 318], [640, 318], [640, 352], [612, 352]], '3', 0.17090012208120786), ([[665.4417834440197, 208.02229305024713], [718.6466118423535, 235.86287845213698], [660.5582165559803, 346.97770694975287], [606.3533881576465, 318.137121547863]], '8', 0.22200050259712967), ([[34.60088593685736, 351.01328905286033], [77.3482491290276, 340.0101149807253], [119.39911406314265, 512.9867109471396], [76.6517508709724, 523.9898850192747]], '*', 0.015629519103841583)]
[([[448, 94], [664, 94], [664, 122], [448, 122]], '동구멍에 로선올 집어 넘다니,', 0.7389784721591881), ([[436, 116], [678, 116], [678, 144], [436, 144]], '원가 야한 일올 보여지논 것 같아', 0.44048158672463644), ([[506, 140], [606, 140], [606, 166], [506, 166]], '흥분되네요*', 0.14875463829442134), ([[478, 240], [538, 240], [538, 270], [478, 270]], '#7', 0.12665287539340733), ([[626, 230], [675, 230], [675, 307], [626, 307]], '품', 0.6357360191990189), ([[52, 412], [104, 412], [104, 502], [52, 502]], '봄', 0.14265825880306693), ([[559.4748195407873, 233.0172570199673], [618.8004324491609, 220.0401439777889], [657.5251804592127, 400.9827429800327], [599.1995675508391, 414.9598560222111]], '"', 0.08886955924396123), ([[92.16318886892465, 374.058640969365], [140.10925595722557, 359.1034288589588], [166.83681113107536, 456.941359030635], [118.89074404277443, 471.8965711410412]], '붕', 0.09396573772143402)]
[([[384, 152], [462, 152], [462, 184], [384, 184]], "'국*", 0.0193671696262602), ([[387, 181], [437, 181], [437, 197], [387, 197]], '롭)교', 0.007568758971578599), ([[360, 244], [452, 244], [452, 270], [360, 270]], '저의 아날올', 0.7875392385408777), ([[342, 266], [468, 266], [468, 292], [342, 292]], '이용하 항문마술', 0.69551362468079), ([[346, 290], [470, 290], [470, 318], [346, 318]], '즐겁게 즐겨주시', 0.8032981918675176), ([[352, 314], [460, 314], [460, 338], [352, 338]], '길바람니다 9', 0.5676504582966271), ([[77, 384], [157, 384], [157, 540], [77, 540]], '"', 0.029095823117641695), ([[384, 392], [416, 392], [416, 472], [384, 472]], '콩', 0.012031180875395064), ([[25.479060526248624, 267.01941105173154], [76.13605231369628, 258.0928019327266], [100.52093947375138, 414.98058894826846], [48.86394768630372, 423.9071980672734]], '"', 0.03231471624375737), ([[314.64627855179566, 358.0125275803188], [356.1086537485779, 364.46639444055745], [333.35372144820434, 508.9874724196812], [291.8913462514221, 502.53360555944255]], '{', 0.3289677226855794)]
[([[579, 97], [599, 97], [599, 119], [579, 119]], '응', 0.9540918274360735), ([[484, 118], [708, 118], [708, 146], [484, 146]], '애널장도 만족한 모양이에요니', 0.26729058848176257), ([[484, 140], [708, 140], [708, 168], [484, 168]], '그래도 너무 많이 마신 걸까.-', 0.5629815585267497), ([[27.54675332362366, 374.0171438718323], [71.34036014029225, 352.00966153085653], [148.45324667637635, 517.9828561281677], [104.65963985970775, 539.9903384691435]], '@', 0.014209900827586941)]
[([[626, 104], [716, 104], [716, 130], [626, 130]], '죄송하지만', 0.9995051967375639), ([[610, 128], [732, 128], [732, 154], [610, 154]], '조금 내탤올게요', 0.19106740937441652)]
[([[612, 18], [684, 18], [684, 134], [612, 134]], '용', 0.014772091745736182), ([[298, 392], [376, 392], [376, 492], [298, 492]], '흙', 0.1710494027842948)]
[([[666, 20], [744, 20], [744, 150], [666, 150]], '또', 0.0034371755893958383), ([[618.5464098351796, 201.01471146176635], [669.379874181699, 186.01031505673694], [721.4535901648204, 368.98528853823365], [670.620125818301, 383.98968494326306]], '9', 0.36152406006886295), ([[306.43276587968865, 411.0230203201704], [352.4039499930969, 386.01166511942387], [432.56723412031135, 547.9769796798296], [386.5960500069031, 572.9883348805761]], '톱', 0.011637198220626532)]
[([[705, 35], [781, 35], [781, 77], [705, 77]], '(33', 0.2471833765276457), ([[705, 65], [777, 65], [777, 109], [705, 109]], '88', 0.3823225531728786), ([[713, 99], [771, 99], [771, 139], [713, 139]], '8 형', 0.007834060847105088), ([[600, 380], [654, 380], [654, 522], [600, 522]], '볼', 0.09230699930720121), ([[17.966670064231167, 209.0766894303488], [70.75237290086065, 187.04055066703904], [110.03332993576883, 289.9233105696512], [57.24762709913936, 311.95944933296096]], '춤', 0.010256893640763431), ([[311.3768986616567, 461.02430286920605], [366.47254624603545, 441.0139684420009], [422.6231013383433, 604.975697130794], [368.52745375396455, 625.9860315579991]], '틀', 0.01673962850015087)]
[([[650, 108], [772, 108], [772, 134], [650, 134]], '어머! 신기해라!', 0.9794732957558905), ([[658, 132], [766, 132], [766, 160], [658, 160]], '끈적끈적 햇볕', 0.2741734900713104), ([[684, 156], [740, 156], [740, 180], [684, 180]], '로선이', 0.9863116591737412), ([[666, 178], [760, 178], [760, 206], [666, 206]], '행글 텅글한', 0.2438549179166372), ([[640, 200], [780, 200], [780, 228], [640, 228]], '절리로 변밟어요니', 0.1765693473416929), ([[559.5765345771867, 364.01282052358164], [613.0327714657984, 356.0766060996479], [637.4234654228133, 542.9871794764183], [583.9672285342016, 550.9233939003522]], '7', 0.10864541749823786), ([[315.3170000317804, 444.03340032416014], [359.4595329018111, 419.0150998924714], [432.6829999682196, 559.9665996758399], [388.5404670981889, 584.9849001075286]], '할', 0.06329744491938882)]
[([[612, 78], [652, 78], [652, 102], [612, 102]], '아양-', 0.23539974848715436), ([[590, 100], [690, 100], [690, 126], [590, 126]], '보고 있냐요?', 0.7165173812658719), ([[586, 124], [694, 124], [694, 148], [586, 148]], '제 동구멍에서', 0.8715675772818124), ([[596, 146], [686, 146], [686, 174], [596, 174]], '행글행글한', 0.09887698460330609), ([[77, 133], [121, 133], [121, 211], [77, 211]], '[', 0.8817293030972451), ([[612, 170], [670, 170], [670, 194], [612, 194]], '절리가', 0.7611917465955721), ([[572, 192], [692, 192], [692, 218], [572, 218]], '나오는 모습올~-', 0.9102401531910559), ([[572, 274], [602, 274], [602, 306], [572, 306]], '7', 0.11458870178506775), ([[703, 301], [747, 301], [747, 443], [703, 443]], '3', 0.3554138459805678), ([[543, 441], [587, 441], [587, 511], [543, 511]], '봄', 0.390767319050056), ([[34.10116772343203, 209.0677069746514], [78.3155079743663, 197.14598951406998], [99.89883227656797, 286.9322930253486], [55.6844920256337, 297.85401048593]], '8', 0.04565644196095153), ([[547.2070176794539, 360.0526325959042], [590.455213750218, 351.179144999128], [607.7929823205461, 446.9473674040958], [564.544786249782, 454.820855000872]], '물', 0.030381851010911953), ([[323.52595453686, 409.02252263703025], [364.38943833646454, 398.0151892932538], [396.47404546314, 523.9774773629698], [355.61056166353546, 535.9848107067462]], '불', 0.11002607438845846)]
[([[686, 82], [740, 82], [740, 106], [686, 106]], '아양애', 0.030664259700145895), ([[650, 104], [774, 104], [774, 130], [650, 130]], '흐웃  하아양뉴', 0.10047187457333902), ([[157, 93], [297, 93], [297, 293], [157, 293]], "'7", 0.10054095662910874), ([[7.29479142162319, 162.03114306434205], [62.51505822398372, 141.01659752825233], [114.70520857837681, 290.9688569356579], [58.48494177601628, 311.98340247174764]], '뭐', 0.0027390440183742287), ([[721.5390672322416, 379.0118110287107], [790.7245521818617, 394.3398037439719], [747.4609327677584, 591.9881889712893], [678.2754478181383, 576.660196256028]], '물', 0.028886920656751025)]
[([[524, 45], [626, 45], [626, 73], [524, 73]], '하아 . 하아', 0.5145973145621459), ([[484, 70], [696, 70], [696, 96], [484, 96]], '이런 모습올 보여지고 있으니', 0.9177136402077567), ([[562, 94], [602, 94], [602, 118], [562, 118]], '조금', 0.99999527955623), ([[510, 116], [666, 116], [666, 142], [510, 142]], '가볍게 가버로네요~', 0.15108600689769572), ([[514, 161], [651, 161], [651, 190], [514, 190]], '냄! 매지철 아날~', 0.2211925136555421), ([[550, 214], [582, 214], [582, 282], [550, 282]], '톤', 0.08374995161656873), ([[601, 213], [643, 213], [643, 327], [601, 327]], '콩', 0.02151904353036116), ([[666, 296], [722, 296], [722, 448], [666, 448]], '옆', 0.060299394203529255), ([[25.09847993315887, 187.0582954853233], [79.67232108093854, 180.53017001456982], [90.90152006684113, 277.9417045146767], [36.32767891906145, 285.4698299854302]], '5', 0.3690422210000044), ([[196.5636206553001, 301.01058549918184], [263.1355878950953, 290.07192965235413], [299.4363793446999, 524.9894145008182], [231.8644121049047, 535.9280703476459]], '%', 0.1130251690134978), ([[591.8492070888625, 340.095242533175], [644.1007369949339, 326.3226574089601], [664.1507929111375, 413.904757466825], [611.8992630050661, 428.6773425910399]], '급', 0.072906040888995), ([[60.57280289988951, 338.01141422793387], [119.27838074678233, 353.2401584200839], [70.42719710011049, 540.9885857720661], [10.721619253217671, 524.759841579916]], '[', 0.3569950987017734), ([[109.46429238710085, 418.01795656780286], [163.43180206412, 400.01166181377994], [220.53570761289913, 582.9820434321972], [166.56819793588, 600.9883381862201]], '~', 0.1963156944076525), ([[328.9355997102224, 447.08139811644565], [373.56723412031135, 418.0230203201704], [439.0644002897776, 525.9186018835543], [393.43276587968865, 554.9769796798296]], '탑', 0.12721983991866992)]
[([[340, 46], [522, 46], [522, 72], [340, 72]], '이번엔 관객 분의 도움올', 0.9534081210520948), ([[330, 70], [534, 70], [534, 98], [330, 98]], '받아 진행하는 마술입니다!', 0.813050637636357), ([[356, 116], [508, 116], [508, 142], [356, 142]], '그럼.. 거기 신사분!', 0.7178304553400031), ([[398, 140], [466, 140], [466, 164], [398, 164]], '무대위로', 0.9495530128479004), ([[366, 162], [500, 162], [500, 188], [366, 188]], '올라와 주실래요?', 0.7245111142360937), ([[333, 215], [371, 215], [371, 269], [333, 269]], '평', 0.07106898825810859)]
[([[500, 62], [638, 62], [638, 88], [500, 88]], '아양~ 원히 보여~', 0.5851524588778515), ([[482, 86], [656, 86], [656, 112], [482, 112]], '보시논대로 조작도 털도', 0.9293589172500865), ([[478, 108], [657, 108], [657, 136], [478, 136]], '없는 깨끗한 아날입니다', 0.47544164022804863), ([[353.4567855237449, 65.02464076119378], [400.60335713375423, 60.21819700252254], [411.5432144762551, 186.97535923880622], [364.39664286624577, 190.78180299747746]], '5', 0.023610433737141)]
[([[364, 54], [494, 54], [494, 82], [364, 82]], '여기 준비듬 것은', 0.3766809599060459), ([[373, 77], [481, 77], [481, 103], [373, 103]], '당구공입니다', 0.8915321046369242), ([[352, 124], [500, 124], [500, 148], [352, 148]], '저논 눈올 가을테니', 0.25432099657197427), ([[394, 146], [462, 146], [462, 172], [394, 172]], '신사분은', 0.9993997812271118), ([[366, 168], [490, 168], [490, 194], [366, 194]], '좋아하는 번호의', 0.7390943948593035), ([[390, 192], [466, 192], [466, 220], [390, 220]], '공을 콜라', 0.4711284400441901), ([[380, 216], [476, 216], [476, 240], [380, 240]], '저의 아날에', 0.7852003018218658), ([[356, 238], [496, 238], [496, 262], [356, 262]], '수서박아 주세요"', 0.124083455290682)]
[([[380, 68], [504, 68], [504, 94], [380, 94]], '준비 되없습니다', 0.7039859532817403), ([[392, 92], [492, 92], [492, 118], [392, 118]], '넣어주세요하', 0.14605014437316277), ([[378, 138], [508, 138], [508, 164], [378, 164]], '물론 선택한 공의', 0.8989047291311012), ([[390, 162], [498, 162], [498, 186], [390, 186]], '숫자는 절대로', 0.8190446985682456), ([[392, 183], [494, 183], [494, 209], [392, 209]], '말씀하서서논', 0.4928231062409305), ([[410, 208], [476, 208], [476, 232], [410, 232]], '안되요?', 0.9999241828918457)]
[([[442, 62], [482, 62], [482, 88], [442, 88]], '아양-', 0.6689268258499691), ([[432, 86], [508, 86], [508, 110], [432, 110]], '역시 다른', 0.5741314504216222), ([[434, 108], [506, 108], [506, 134], [434, 134]], '사람한테', 0.35660579800605774), ([[450, 132], [490, 132], [490, 156], [450, 156]], '십입', 0.4670561277910903), ([[432, 154], [508, 154], [508, 180], [432, 180]], '당하는 건', 0.8736214922229222), ([[402, 176], [538, 176], [538, 206], [402, 206]], '두근두근 거리네요', 0.991217578005183), ([[10.282186360830297, 186.0322686052163], [74.51228779232477, 177.40471132552975], [90.7178136391697, 312.9677313947837], [26.487712207675226, 322.5952886744702]], '턱', 0.1418404428860578)]
[([[383, 78], [488, 78], [488, 108], [383, 108]], '좀 더강하게.', 0.6717360305363441), ([[410, 104], [488, 104], [488, 128], [410, 128]], '꾸육 하고', 0.9782753023888228), ([[394, 126], [488, 126], [488, 156], [394, 156]], '힘흘 실어서.', 0.6172077996246019), ([[412, 150], [486, 150], [486, 176], [412, 176]], '사양하지', 0.9991707801818848), ([[402, 174], [468, 174], [468, 198], [402, 198]], '마시고 .', 0.8558328662166059), ([[412, 220], [454, 220], [454, 244], [412, 244]], '아양.', 0.5028443660251686), ([[26, 362], [80, 362], [80, 484], [26, 484]], '5', 0.48519910715373626), ([[41.3391958274261, 185.02185699413417], [116.23355544143573, 211.095242533175], [65.66080417257389, 355.97814300586583], [-8.23355544143572, 329.904757466825]], '{', 0.9890860525620724)]
[([[428, 96], [496, 96], [496, 120], [428, 120]], '오고곡애', 0.1460626870393753), ([[208.37189129289175, 261.0329672824716], [257.34537760773713, 252.15278193560394], [276.62810870710825, 367.9670327175284], [228.65462239226287, 376.84721806439603]], '똑', 0.05627239719563115)]
[([[449, 31], [485, 31], [485, 169], [449, 169]], '몸', 0.006823393485577756), ([[8, 194], [88, 194], [88, 407], [8, 407]], '복', 0.3539413421467543)]
[([[378, 136], [552, 136], [552, 162], [378, 162]], '도와주서서 감사합니다.', 0.6340927036023944), ([[398, 160], [532, 160], [532, 186], [398, 186]], '그래도, 아직 조금', 0.6174683651333412), ([[414, 182], [520, 182], [520, 208], [414, 208]], '보이고 있네요', 0.6873935135310876), ([[362, 388], [460, 388], [460, 492], [362, 492]], '은온', 0.11054361117291338), ([[12.471356661940884, 195.01748559530733], [68.96402186835181, 184.05829603691126], [101.52864333805911, 361.98251440469267], [46.035978131648186, 372.94170396308874]], '{', 0.6409903158136707)]
[([[461, 57], [499, 57], [499, 171], [461, 171]], '동', 0.03527401361068905), ([[57, 253], [119, 253], [119, 329], [57, 329]], '덧', 0.010140845318220792), ([[387.3477274371431, 391.0427285222873], [427.90035058416106, 396.9271672647951], [416.6522725628569, 476.9572714777127], [375.09964941583894, 471.0728327352049]], '$', 0.09072749169958172)]
[([[356, 63], [458, 63], [458, 91], [356, 91]], '하아 . 하양.', 0.34741883716634697), ([[322, 88], [516, 88], [516, 114], [322, 114]], '끝까지 들어간 모양이네요', 0.719795296232473), ([[330, 134], [514, 134], [514, 160], [330, 160]], '그럼 이제부터 공에 적히', 0.7334997764904303), ([[338, 156], [506, 156], [506, 184], [338, 184]], '숫자틀 맞추어 볼제요!', 0.3220383462527323), ([[378, 204], [452, 204], [452, 228], [378, 228]], '그러니까:', 0.5825997430863635), ([[8, 240], [82, 240], [82, 330], [8, 330]], '5', 0.4331073896242401), ([[351, 265], [383, 265], [383, 346], [351, 346]], '복', 0.0019156655298866454)]
[([[376, 58], [470, 58], [470, 84], [376, 84]], '2번 입니다!', 0.9580276854817407), ([[382, 82], [462, 82], [462, 106], [382, 106]], '어떤가요?', 0.9976272828475214), ([[407, 129], [455, 129], [455, 149], [407, 149]], '어머?', 0.9990415286082106), ([[340, 150], [506, 150], [506, 178], [340, 178]], '틀쳐다는 표정이네요?', 0.2821397661007993), ([[343, 219], [379, 219], [379, 239], [343, 239]], '4짓', 0.0691604721904317)]
[([[413, 35], [590, 35], [590, 62], [413, 62]], '하지만 이건 마술 애널!', 0.7687526191108561), ([[344, 60], [660, 60], [660, 86], [344, 86]], '그저 움질거리며 조이느게 다가 아니라구요', 0.6204559134570791)]
[([[400, 98], [514, 98], [514, 122], [400, 122]], '그럼 맞침는지', 0.2980695944366248), ([[422, 120], [494, 120], [494, 146], [422, 146]], '틀렇는지', 0.07491369545459747), ([[398, 142], [518, 142], [518, 172], [398, 172]], '확인 해불까요?', 0.9734920842361765)]
[([[396, 74], [556, 74], [556, 100], [396, 100]], '지금부터 싸벌테니까', 0.17383491869418893), ([[423, 99], [531, 99], [531, 119], [423, 119]], '제대로 지켜화', 0.9850239455748817), ([[442, 120], [510, 120], [510, 144], [442, 144]], '주세요하', 0.07018836587667465), ([[404, 166], [550, 166], [550, 192], [404, 192]], '제가 사기틀 지논지', 0.8443196877560862), ([[450, 190], [504, 190], [504, 214], [450, 214]], '아난지', 0.6121244771104735), ([[406, 212], [546, 212], [546, 238], [406, 238]], '동구멍에서 나오는', 0.889610195108388), ([[450, 236], [502, 236], [502, 260], [450, 260]], '장면올', 0.7548677325248718), ([[448, 258], [504, 258], [504, 282], [448, 282]], '제대로', 0.9999941498334826), ([[410, 282], [528, 282], [528, 306], [410, 306]], '지켜화주세요~`', 0.19645790778480848)]
[([[474, 34], [548, 34], [548, 132], [474, 132]], '동콩', 0.002913050711823281)]
[([[402, 42], [492, 42], [492, 68], [402, 68]], '나, 나온다.', 0.3822109766538844), ([[406, 87], [516, 87], [516, 113], [406, 113]], '제대로 지켜화', 0.5991268826950839), ([[420, 112], [476, 112], [476, 136], [420, 136]], '주세요.', 0.7064632773399353), ([[396, 156], [526, 156], [526, 184], [396, 184]], '당구공 용가 싸는', 0.6118933855499883), ([[398, 180], [508, 180], [508, 208], [398, 208]], '장면 지켜화쥐', 0.5434873104629183), ([[8, 160], [108, 160], [108, 284], [8, 284]], '0', 0.09869715430268489)]
[([[466, 36], [508, 36], [508, 175], [466, 175]], '@', 0.5686003263593911), ([[14.432765879688652, 137.02302032017045], [67.19736692849091, 127.10316649189237], [92.56723412031134, 273.9769796798296], [39.80263307150909, 284.89683350810765]], '법', 0.0022183980765169142)]
[([[364, 84], [416, 84], [416, 108], [364, 108]], '하아 .', 0.2593734562397003), ([[434, 84], [486, 84], [486, 108], [434, 108]], '하아 .', 0.679727011104269), ([[360, 108], [512, 108], [512, 132], [360, 132]], '제말대로 2번이조?', 0.8869974854228245), ([[38, 130], [76, 130], [76, 156], [38, 156]], '법버', 0.025564049726751144), ([[0, 152], [104, 152], [104, 178], [0, 178]], '매지철 아날~', 0.7718420411140986), ([[338, 152], [532, 152], [532, 180], [338, 180]], "'절리 때와 지금 방금, 제가", 0.589163311309153), ([[338, 176], [532, 176], [532, 202], [338, 202]], '오늘 가버린 횟수과 똑같은', 0.769138485319654), ([[382, 200], [484, 200], [484, 226], [382, 226]], '2번 입니다~', 0.36679920848888853), ([[376, 508], [430, 508], [430, 562], [376, 562]], ')', 0.5726812789700695), ([[419, 393], [510, 393], [510, 614], [419, 614]], "';", 0.050884901603100996), ([[331.28940418390624, 411.0361610022811], [378.52093947375135, 393.01941105173154], [424.71059581609376, 522.9638389977189], [376.47906052624865, 540.9805889482684]], "'", 0.08493932928147174), ([[29.511682044149374, 483.0170532313361], [79.40865854493215, 469.0119388816601], [124.48831795585062, 639.982946768664], [74.59134145506785, 653.9880611183399]], '5', 0.023815384957794672)]
[([[52, 352], [182, 352], [182, 382], [52, 382]], '당구공을 이용하', 0.4998076155588275), ([[48, 374], [184, 374], [184, 430], [48, 430]], '다음혼자장', 0.0048527314288915905), ([[201, 311], [243, 311], [243, 450], [201, 450]], '통', 0.9301264404815903), ([[80, 450], [154, 450], [154, 476], [80, 476]], '좋아하는', 0.8005680441856384), ([[68, 476], [166, 476], [166, 504], [68, 504]], '숫자의 공을', 0.9548405761940525), ([[52, 500], [182, 500], [182, 528], [52, 528]], '집어넣어 주세요', 0.9445154912436514), ([[63, 567], [178, 567], [178, 678], [63, 678]], '올 꿀', 0.34235522150993347)]
[([[99, 293], [137, 293], [137, 415], [99, 415]], '술', 0.004054884378510926), ([[406.52901684970954, 43.01851399131098], [454.80887440029176, 33.054773157855735], [481.47098315029046, 181.98148600868902], [433.19112559970824, 191.94522684214428]], '분', 0.039297034552930654)]
[([[66, 364], [122, 364], [122, 390], [66, 390]], '아양~', 0.634804104249594), ([[679, 241], [745, 241], [745, 387], [679, 387]], '삼', 0.03559570332683415), ([[38, 414], [150, 414], [150, 438], [38, 438]], '너무 커다래~', 0.9869037110780201), ([[459.4940801759507, 42.01830642811976], [514.6337502222976, 29.028747554726074], [553.5059198240493, 193.98169357188024], [498.36624977770236, 207.97125244527393]], '북', 0.6448675421802932)]
[([[38, 374], [168, 374], [168, 400], [38, 400]], '끝까지 밀어넘어', 0.8370356975835859), ([[64, 398], [136, 398], [136, 422], [64, 422]], '주세요"', 0.37312912940979004), ([[539.4359277711161, 27.01592154875564], [616.640174240158, 50.52282900688088], [561.5640722288839, 223.98407845124436], [484.35982575984195, 199.4771709931191]], '~', 0.694860613424467)]
[([[430, 62], [650, 62], [650, 90], [430, 90]], '아무것도 없없년 구멍속에서~', 0.348197097194682), ([[490, 86], [544, 86], [544, 112], [490, 112]], '으응..', 0.2665378451347351), ([[550, 88], [592, 88], [592, 112], [550, 112]], '응 .', 0.38702609015233835), ([[29.282155104837116, 308.03690451692006], [80.53687549219316, 292.02061860148893], [119.71784489516288, 418.96309548307994], [69.46312450780684, 435.97938139851107]], '턱', 0.03808132522007157)]
[([[104, 306], [149, 306], [149, 443], [104, 443]], '흉', 0.17821201978439039), ([[643, 229], [723, 229], [723, 384], [643, 384]], '8', 0.44406157371690824), ([[458.3910845259201, 35.023207289553895], [513.800986195598, 21.040199681244424], [550.6089154740798, 181.9767927104461], [496.19901380440194, 195.95980031875558]], '북', 0.11365377023150902)]
[([[35, 309], [143, 309], [143, 353], [35, 353]], '숲#눕스', 0.002612818032503128), ([[64, 406], [118, 406], [118, 432], [64, 432]], '으응~', 0.1564754843711853), ([[34, 430], [148, 430], [148, 456], [34, 456]], '전부 집어삼켜', 0.9314589094604951), ([[54, 456], [126, 456], [126, 482], [54, 482]], '버끗다~', 0.11048480123281479), ([[40, 540], [72, 540], [72, 598], [40, 598]], '7', 0.009216374958037399), ([[567.2269358608581, 273.03743936683856], [630.7540371932674, 264.4889894729071], [644.7730641391419, 391.96256063316144], [581.2459628067326, 399.5110105270929]], '초', 0.6489709806102759)]
[([[64, 350], [160, 350], [160, 376], [64, 376]], '주가로 하나', 0.6658988373003651), ([[72, 376], [152, 376], [152, 402], [72, 402]], '더 깊숙히', 0.9985934056064489), ([[76, 400], [148, 400], [148, 428], [76, 428]], '집어넣어', 0.9696978950991514), ([[74, 426], [146, 426], [146, 450], [74, 450]], '주세요~', 0.7099012732505798), ([[39, 497], [75, 497], [75, 551], [39, 551]], ';', 0.007631125606686107)]
[([[93, 282], [133, 282], [133, 403], [93, 403]], '아', 0.011089220154326063), ([[413.44618589301314, 33.02194225196564], [466.4667036211161, 26.155383101458135], [486.55381410698686, 172.97805774803436], [433.5332963788839, 179.84461689854186]], '북', 0.08576094077030749), ([[576.9105106222006, 313.06618710204526], [711.765698239724, 183.8256794308432], [757.0894893777994, 248.93381289795474], [622.234301760276, 378.1743205691568]], "시<'^", 0.07426175475120544), ([[112.53436692633358, 425.01550389500375], [163.37987418169908, 408.01031505673694], [217.46563307366642, 588.9844961049963], [166.62012581830092, 605.9896849432631]], '북', 0.21273971993416385)]
[([[39, 314], [180, 314], [180, 356], [39, 356]], '1속소뚫', 0.002229900797829032), ([[792, 254], [840, 254], [840, 340], [792, 340]], '3', 0.5097587861691899), ([[52, 386], [164, 386], [164, 412], [52, 412]], '혹시 망설이고', 0.8896850301996104), ([[746, 320], [794, 320], [794, 407], [746, 407]], '3', 0.6818251537296796), ([[74, 412], [142, 412], [142, 436], [74, 436]], '있나요?', 0.38839414715766907), ([[62, 436], [138, 436], [138, 462], [62, 462]], '괜찮아요', 0.9997954368591309), ([[60, 460], [156, 460], [156, 486], [60, 486]], '제대로 쑤육', 0.6592698290777156), ([[52, 484], [166, 484], [166, 514], [52, 514]], '들어갈 테니까', 0.6495995371126239), ([[52, 510], [168, 510], [168, 538], [52, 538]], '힘껏 집어넘어', 0.9532981224840871), ([[70, 534], [144, 534], [144, 558], [70, 558]], '주세요;', 0.10866299271583557), ([[46, 620], [78, 620], [78, 654], [46, 654]], '(', 0.3176393877493524), ([[486.6044448009323, 32.00978497883251], [542.8393779760993, 24.04415657436375], [575.3955551990676, 249.99021502116747], [518.1606220239007, 257.95584342563626]], '5', 0.004738474365657608), ([[490.11428862648387, 444.06573379744185], [531.5289064337826, 421.02335729825654], [583.8857113735162, 522.9342662025582], [542.4710935662174, 545.9766427017435]], '#', 0.8110822141492378)]
[([[35, 361], [145, 361], [145, 387], [35, 387]], '아아아하양 ~', 0.48625363932639715), ([[626, 252], [706, 252], [706, 407], [626, 407]], '숲', 0.04577655075288711), ([[8, 410], [90, 410], [90, 436], [8, 436]], '안쪽까지.', 0.34976041703433386), ([[100, 410], [160, 410], [160, 436], [100, 436]], '하아양', 0.7743437377746049), ([[461.57051274330183, 13.011537025413846], [520.3200414393854, 21.721447613655286], [494.42948725669817, 214.98846297458616], [435.6799585606147, 207.2785523863447]], '분', 0.13060511922128004), ([[487.3425418378303, 435.03094348100143], [532.4750924520486, 414.016140954887], [590.6574581621696, 554.9690565189985], [544.5249075479514, 574.983859045113]], '흙', 0.01872091622543426), ([[172.502481404895, 508.0248140489501], [211.37209962410813, 491.01386503695113], [263.497518595105, 617.97518595105], [225.62790037589187, 634.9861349630489]], '종', 0.0016876470404278976)]
[([[68, 360], [118, 360], [118, 384], [68, 384]], '자아!', 0.9918023037322473), ([[36, 384], [152, 384], [152, 408], [36, 408]], '이제부터 뭐가', 0.8268589669466483), ([[50, 408], [136, 408], [136, 436], [50, 436]], '나올까요?', 0.9873181819570105), ([[16, 434], [170, 434], [170, 462], [16, 462]], '무엇이 나올까요~?', 0.9834572966043059), ([[75, 511], [111, 511], [111, 641], [75, 641]], '륙', 0.07737091639137361)]
[([[469, 43], [533, 43], [533, 127], [469, 127]], '9', 0.11451204299730566), ([[107, 315], [145, 315], [145, 411], [107, 411]], '쇼', 0.05693126164278173)]
[([[86, 340], [122, 340], [122, 366], [86, 366]], '응~', 0.05391038389179982), ([[34, 364], [176, 364], [176, 390], [34, 390]], '무없이 보이나요?', 0.9459116421177052), ([[60, 386], [150, 386], [150, 440], [60, 440]], '액소표?', 0.6708024740219116), ([[690, 364], [746, 364], [746, 446], [690, 446]], '모', 0.1172962070528536), ([[36, 436], [176, 436], [176, 466], [36, 466]], '[덧셈] 이합니다!', 0.42722210402314365), ([[38, 506], [70, 506], [70, 566], [38, 566]], '냉', 0.00956478054321469), ([[105.58378471107028, 506.04378814203034], [125.5643326479831, 504.08126899685743], [129.41621528892972, 556.9562118579697], [109.4356673520169, 558.9187310031425]], '용', 0.07512641832541167)]
[([[58, 364], [198, 364], [198, 392], [58, 392]], '세게 잡아 당겨서', 0.8589152610341552), ([[80, 388], [178, 388], [178, 414], [80, 414]], '뭐가 나올지', 0.918956746256567), ([[69, 411], [188, 411], [188, 441], [69, 441]], '확인해보세요!', 0.9883705847754181), ([[103, 513], [139, 513], [139, 549], [103, 549]], '1들', 0.04568671240286346), ([[69, 513], [107, 513], [107, 675], [69, 675]], '"', 0.016919755721489516), ([[510.4745818708015, 16.01534999070584], [577.9322363157978, 30.47184983378222], [540.5254181291984, 204.98465000929417], [473.06776368420213, 190.52815016621778]], '~', 0.08550543011723732)]
[([[604, 38], [644, 38], [644, 64], [604, 64]], '아양', 0.33358434724465263), ([[7.398781604928916, 261.02586661717544], [63.72156683917578, 252.21500128089545], [83.60121839507109, 390.97413338282456], [26.27843316082422, 399.7849987191045]], '빚', 0.15692501792401803)]
[([[641, 255], [701, 255], [701, 343], [641, 343]], '본', 0.06302735716248264), ([[86, 370], [122, 370], [122, 396], [86, 396]], '응~', 0.042296905373662624), ([[54, 394], [110, 394], [110, 418], [54, 418]], '그대로', 0.9999985546643163), ([[117, 397], [157, 397], [157, 417], [117, 417]], '세게', 0.9749869294085439), ([[68, 420], [146, 420], [146, 448], [68, 448]], '잡아당겨', 0.4992119073867798), ([[54, 444], [142, 444], [142, 470], [54, 470]], '주세요---', 0.9980191165372518), ([[70, 547], [106, 547], [106, 612], [70, 612]], '근', 0.7660709821767888), ([[434.4828982013928, 43.01912571880304], [485.6574581621697, 31.03094348100143], [520.5171017986072, 191.98087428119698], [469.3425418378303, 203.96905651899857]], '분', 0.5464625453055341), ([[443.5366975702595, 381.01193286303464], [503.35545367451977, 352.00702203465], [616.4633024297405, 592.9880671369654], [556.6445463254803, 622.99297796535]], '륙', 0.003188656762856748)]
[([[776, 68], [855, 68], [855, 242], [776, 242]], '및', 0.023152204211449368), ([[58, 342], [112, 342], [112, 368], [58, 368]], '으으응', 0.9996827899406849), ([[36, 366], [148, 366], [148, 392], [36, 392]], '후후아이양 ~', 0.6187798577491188), ([[36, 416], [148, 416], [148, 442], [36, 442]], '나나외아아~', 0.5398825706259835), ([[64, 466], [124, 466], [124, 492], [64, 492]], '항문이', 0.9971612813981081), ([[24, 490], [144, 490], [144, 516], [24, 516]], '뒤집혀버려---', 0.5028942651600516), ([[511.5356678279632, 19.013486640967063], [571.3755902235341, 26.74704262781171], [550.4643321720368, 206.98651335903293], [490.6244097764658, 200.2529573721883]], "'", 0.12872372753378247), ([[634.1498374172081, 263.0329026819846], [826.9663221559381, 330.13989630149507], [794.8501625827919, 413.9670973180154], [601.0336778440619, 347.86010369850493]], '-)', 0.019762111749714723), ([[480.3633013932322, 429.0225496445739], [634.8564259735484, 522.3988382420704], [594.6366986067678, 587.9774503554261], [440.1435740264516, 493.6011617579297]], '그;', 0.009791737368155614), ([[160.40889846319675, 499.0250018657215], [209.52590672116588, 485.01978351907104], [246.59110153680325, 630.9749981342785], [197.47409327883412, 644.980216480929]], '중', 0.9354883713151594)]
[([[642, 226], [846, 226], [846, 324], [642, 324]], '극이)', 0.15512047091310505), ([[78, 418], [168, 418], [168, 446], [78, 446]], '응기잇--~', 0.48490894722612593), ([[421.4825593892336, 5.013396212208592], [493.4128707954562, -18.991473250039725], [570.5174406107664, 217.9866037877914], [499.5871292045438, 242.99147325003972]], "'", 0.018949191636999707)]
[([[510, 28], [560, 28], [560, 104], [510, 104]], '층', 0.02349084975856308), ([[526, 100], [550, 100], [550, 138], [526, 138]], '기', 0.14971398601950625), ([[24, 400], [140, 400], [140, 426], [24, 426]], '가가바딪어요', 0.1551964402090629), ([[34, 448], [76, 448], [76, 474], [34, 474]], '후아', 0.9717070700057868), ([[84, 450], [128, 450], [128, 474], [84, 474]], '아아', 0.9998635312320635), ([[499, 447], [565, 447], [565, 521], [499, 521]], '안', 0.18505484373935488), ([[732, 464], [786, 464], [786, 516], [732, 516]], '24', 0.9997521855252978), ([[465.402977685874, 78.02977685874006], [510.23606288629907, 71.1287012900795], [528.597022314126, 189.97022314125994], [483.76393711370093, 196.8712987099205]], '푹', 0.018352674800020674), ([[734.4538372406557, 207.02991888996715], [821.7249303672013, 274.3644471805842], [795.5461627593443, 307.9700811100329], [708.2750696327987, 241.63555281941584]], '9088', 0.04270714148879051), ([[174.49040683094873, 500.0185735839976], [221.3993485337696, 481.0114006590322], [285.5095931690513, 650.9814264160024], [238.6006514662304, 669.9885993409679]], '"', 0.0066865478168587344), ([[527.0063694429277, 544.4146497187338], [557.6279009320807, 516.0395826365625], [609.9936305570723, 576.5853502812662], [579.3720990679193, 604.9604173634375]], '응', 0.4404935553033198)]
[([[498, 34], [552, 34], [552, 120], [498, 120]], '중', 0.009285145829424302), ([[476, 106], [526, 106], [526, 222], [476, 222]], '[', 0.022330413548417916), ([[38, 378], [82, 378], [82, 404], [38, 404]], '하아', 0.9999517000532567), ([[96, 378], [150, 378], [150, 404], [96, 404]], '하아 ', 0.8816891742419202), ([[54, 402], [138, 402], [138, 428], [54, 428]], '어떤가요?', 0.9995541931998015), ([[10, 428], [182, 428], [182, 456], [10, 456]], "'당구공에 적히 숫자는", 0.7659813719784184), ([[32, 452], [162, 452], [162, 482], [32, 482]], '집어넣은 공들의', 0.9424015995705222), ([[50, 476], [140, 476], [140, 504], [50, 504]], '합계지요"', 0.1730410720393761), ([[728, 460], [782, 460], [782, 510], [728, 510]], '24', 0.999783287783345), ([[35, 553], [75, 553], [75, 657], [35, 657]], '톤', 0.7550586843712246)]
[([[739, 193], [863, 193], [863, 283], [739, 283]], "'제", 0.012034002884589699), ([[38, 378], [194, 378], [194, 404], [38, 404]], '보이는 것 처럼 구멍', 0.8729826955491072), ([[40, 402], [190, 402], [190, 430], [40, 430]], '안쪽에 집어넣없던', 0.34371548447015887), ([[26, 426], [202, 426], [202, 456], [26, 456]], '공들은 없어젯답니다>', 0.21738573441235864), ([[98, 476], [130, 476], [130, 502], [98, 502]], '냄!', 0.4988584931392339), ([[60, 500], [168, 500], [168, 526], [60, 526]], '매직컵 아날!', 0.3133126209566806), ([[764, 480], [822, 480], [822, 534], [764, 534]], '24', 0.9999382132791723), ([[114, 578], [146, 578], [146, 616], [114, 616]], '8', 0.1577519926037505), ([[180, 402], [492, 402], [492, 700], [180, 700]], "'1?", 0.019667787016699443), ([[480.3864280089221, 39.02356411598735], [535.4869005636044, 22.01483075688676], [582.613571991078, 184.97643588401266], [528.5130994363956, 201.98516924311323]], '틀', 0.045335501794441235), ([[554.945256169098, 312.0934345469491], [599.4055531439808, 299.16695445247973], [621.054743830902, 379.9065654530509], [576.5944468560192, 393.83304554752027]], '8', 0.2800385905686653), ([[510.42039851764594, 373.58283688705643], [547.6699416710901, 339.037519127298], [604.5796014823541, 405.41716311294357], [567.3300583289099, 439.962480872702]], '8', 0.5285023913594991), ([[289.59647391731176, 370.0101835627725], [352.0597032600564, 361.0704962954403], [383.40352608268824, 583.9898164372274], [320.9402967399436, 593.9295037045597]], '{', 0.023741441891156123)]
[([[34, 80], [90, 80], [90, 106], [34, 106]], '오늘의', 0.6271083654892811), ([[442, 84], [510, 84], [510, 112], [442, 112]], '흙, 조금', 0.36034009191766764), ([[34, 104], [92, 104], [92, 130], [34, 130]], '간식은', 0.7753340500024455), ([[418, 106], [530, 106], [530, 136], [418, 136]], '출출해려네요.', 0.21007176808688105), ([[33, 127], [92, 127], [92, 155], [33, 155]], '모두가', 0.9999695791841804), ([[26, 154], [98, 154], [98, 180], [26, 180]], '좋아하는', 0.9319360852241516), ([[454, 158], [496, 158], [496, 182], [454, 182]], '아직', 0.5572561247239399), ([[24, 178], [98, 178], [98, 202], [24, 202]], '바나나~', 0.9359842538833618), ([[422, 182], [532, 182], [532, 210], [422, 210]], '공연중이지만', 0.9985486109271665), ([[446, 206], [504, 206], [504, 234], [446, 234]], '간식을', 0.5531262540446922), ([[428, 232], [524, 232], [524, 256], [428, 256]], '먹도록 하조', 0.9191137565116957)]
[([[20, 98], [144, 98], [144, 128], [20, 128]], '껍질올 벗겨서~', 0.5680551821221371), ([[46, 124], [114, 124], [114, 148], [46, 148]], '아양~"', 0.42236438393592834)]
[([[80, 20], [106, 20], [106, 92], [80, 92]], '쇼', 0.15438496895911058), ([[89.43276587968866, 368.0230203201704], [139.4595329018111, 354.0150998924714], [180.56723412031135, 504.9769796798296], [130.5404670981889, 519.9849001075286]], '{', 0.21638592556479352)]
[([[34, 92], [108, 92], [108, 118], [34, 118]], '먹느법이', 0.19290700554847717), ([[18, 116], [122, 116], [122, 142], [18, 142]], '야해올려나?', 0.38124427274139866), ([[40, 142], [84, 142], [84, 166], [40, 166]], '에넷', 0.5083929324312967)]
[([[354, 42], [446, 42], [446, 66], [354, 66]], '마술의 단골', 0.9760398260211421), ([[350, 64], [434, 64], [434, 90], [350, 90]], '만국기가~', 0.9149861606455942)]
[([[34, 66], [148, 66], [148, 92], [34, 92]], '어떤 마술인지', 0.9807057524862524), ([[382, 66], [510, 66], [510, 92], [382, 92]], '잘 먹워습니다 ~', 0.4742959425500874), ([[40, 90], [142, 90], [142, 116], [40, 116]], '궁금하시조?', 0.9310185651443389), ([[384, 90], [510, 90], [510, 114], [384, 114]], '아; 그래도 이거', 0.6659497293365055), ([[44, 114], [138, 114], [138, 142], [44, 142]], '한트는 물론', 0.6423517494767983), ([[362, 114], [534, 114], [534, 142], [362, 142]], '단순한 간식이 아니라', 0.9914154272978808), ([[50, 140], [132, 140], [132, 166], [50, 166]], '엉.덩 이>', 0.07336890922542527), ([[364, 140], [528, 140], [528, 166], [364, 166]], '마술의 하나람니다 ~', 0.5297831528722947), ([[424, 214], [480, 214], [480, 244], [424, 244]], '그+', 0.9040517917290403), ([[448, 238], [480, 238], [480, 270], [448, 270]], '*', 0.032965222128705784)]
[([[726, 98], [796, 98], [796, 122], [726, 122]], '자 저의', 0.939447071312008), ([[706, 122], [818, 122], [818, 148], [706, 148]], '엉덩이 구멍에', 0.9886240453877716), ([[698, 146], [822, 146], [822, 172], [698, 172]], '주목해주세요~', 0.2916663357118658), ([[755, 255], [793, 255], [793, 319], [755, 319]], '손', 0.8415471966874897)]
[([[803, 23], [843, 23], [843, 117], [803, 117]], '꼴', 0.0027347443597874332), ([[685.0197874239789, 224.0602781342285], [741.6994371546483, 207.1825890886176], [770.9802125760211, 320.9397218657715], [713.3005628453517, 337.8174109113824]], '꿈', 0.04571396922515647)]
[([[738, 82], [844, 82], [844, 108], [738, 108]], '하아.  하아.', 0.4205933754034254), ([[744, 106], [856, 106], [856, 132], [744, 132]], '잘 보이나요~', 0.4754812014826309), ([[774, 132], [832, 132], [832, 156], [774, 156]], '제대로', 0.9999912591646607), ([[734, 156], [854, 156], [854, 182], [734, 182]], '지켜화주세요 ~', 0.8174226484131516), ([[85, 223], [153, 223], [153, 337], [85, 337]], '개', 0.40227304374909423), ([[27.852567421448864, 283.0827152079972], [80.65891062993008, 257.02718137784603], [129.14743257855113, 367.9172847920028], [76.34108937006992, 393.97281862215397]], '8', 0.11766827625405174)]
[([[795, 15], [885, 15], [885, 133], [795, 133]], '법뿐', 0.0002020257779748397), ([[45, 271], [161, 271], [161, 413], [45, 413]], '5#', 0.011044976755789743), ([[682.2725300475258, 93.05320432317573], [720.8219949365268, 82.06803038083928], [743.7274699524742, 170.94679567682425], [704.1780050634732, 181.93196961916072]], '8', 0.4917943877424058), ([[740.3807811754616, 252.02132704419316], [807.9294301870897, 233.04811977697833], [854.6192188245384, 414.97867295580687], [787.0705698129103, 433.95188022302165]], '8', 0.026379314008535326)]
[([[706, 108], [836, 108], [836, 138], [706, 138]], '응. . 조금만 더 .', 0.39960153361012357), ([[742, 134], [820, 134], [820, 158], [742, 158]], '양버 양어', 0.0555681414068977), ([[588, 300], [636, 300], [636, 376], [588, 376]], '8', 0.7788820900067464), ([[122.10327758047217, 195.3268394145657], [203.5025506229994, 267.43822685740133], [87.89672241952783, 395.6731605854343], [6.497449377000594, 323.56177314259867]], '평', 0.00461087975395813), ([[635.3873671399867, 261.0376738338928], [679.981620006688, 266.9862807602277], [666.6126328600133, 351.9623261661072], [622.018379993312, 345.0137192397723]], '{', 0.8235712311710728)]
[([[732, 76], [764, 76], [764, 102], [732, 102]], '냄!', 0.422799547598595), ([[682, 100], [808, 100], [808, 126], [682, 126]], '매지걸 아날~~', 0.36937450607102845), ([[670, 150], [826, 150], [826, 178], [670, 178]], '제가 먹엇던 음식이', 0.3762802557903041), ([[636, 174], [862, 174], [862, 202], [636, 202]], '원형 그대로 엉덩이 구멍에서', 0.6053691241442096), ([[678, 198], [816, 198], [816, 226], [678, 226]], '나타낫답니다~~', 0.27482546259420043), ([[29.310302984910027, 262.0340601475913], [78.49521002748607, 242.01753861244637], [128.68969701508996, 376.9659398524087], [78.50478997251393, 396.9824613875536]], '8', 0.8537850780957257), ([[758.5040613041526, 318.01538699685693], [821.8274221254213, 326.9749847065052], [798.4959386958474, 494.98461300314307], [735.1725778745787, 486.0250152934948]], '똑', 0.003852913933686475), ([[234.55321452265218, 352.009077257244], [314.40386653770963, 339.089951478371], [356.4467854773478, 619.990922742756], [276.59613346229037, 632.910048521629]], '8', 0.03371377291838429), ([[70.59861406463787, 394.00895504788826], [140.80593692249184, 412.3905998727213], [81.40138593536213, 635.9910449521117], [11.194063077508165, 617.6094001272787]], '[', 0.07690441403555326), ([[127.48655188515339, 491.0146579901842], [190.40499473510266, 468.00911688072085], [266.5134481148466, 683.9853420098158], [203.59500526489734, 707.9908831192791]], '1', 0.36821574006081903)]
[([[680, 58], [820, 58], [820, 84], [680, 84]], '나올 수 있는 것은', 0.3804106333207768), ([[664, 82], [836, 82], [836, 112], [664, 112]], '방금 먹은 음식분만이', 0.42655039511232107), ([[688, 108], [806, 108], [806, 134], [688, 134]], '아니랍니다~~', 0.47021329049660554), ([[684, 156], [814, 156], [814, 182], [684, 182]], '지금부터 싸내는', 0.8630817163396474), ([[690, 182], [810, 182], [810, 210], [690, 210]], '것올 보고 제가', 0.7041643702648552), ([[700, 206], [798, 206], [798, 232], [700, 232]], '월 먹어논지', 0.3429775618572817), ([[693, 227], [800, 227], [800, 256], [693, 256]], '맞취보세요~', 0.2458605225823831), ([[622, 282], [744, 282], [744, 428], [622, 428]], '속리', 0.004226257492714326)]
[([[726, 54], [826, 54], [826, 84], [726, 84]], '귀즈입니다!', 0.7444377834825018), ([[706, 102], [846, 102], [846, 132], [706, 132]], '제가 먹은 음식은', 0.9887474096672019), ([[726, 128], [826, 128], [826, 156], [726, 156]], '무엇일까요?', 0.9647769657483807), ([[710, 176], [824, 176], [824, 206], [710, 206]], '첫번째는 이쪽-', 0.7683351265654004)]
[([[779, 33], [867, 33], [867, 155], [779, 155]], '교홍', 0.001825404200797917)]
[([[386, 44], [416, 44], [416, 70], [386, 70]], '냄!', 0.55751270955798), ([[346, 68], [454, 68], [454, 92], [346, 92]], '매지겉 아날~', 0.1994496695709364), ([[188.59028198421473, 285.0104986921873], [246.8548897480854, 275.04580843085745], [280.40971801578524, 495.9895013078127], [222.1451102519146, 504.95419156914255]], '%', 0.5741855661848696), ([[52.55623984301982, 315.0123171743567], [112.30361288618559, 330.256194240204], [66.44376015698019, 510.9876828256433], [6.696387113814412, 495.743805759796]], '[', 0.1839215716902487), ([[100.52166863313602, 392.01636204378593], [151.38829013735767, 375.01077752756214], [208.47833136686398, 551.9836379562141], [157.61170986264233, 568.9892224724379]], '1', 0.17538789534998855)]
[([[744, 98], [806, 98], [806, 124], [744, 124]], '잇! 잇!', 0.2537763032501889), ([[710, 120], [840, 120], [840, 149], [710, 149]], '나온다! 나와요!', 0.5264206381646387), ([[726, 148], [824, 148], [824, 172], [726, 172]], '나와버려요', 0.7433280505637738), ([[689, 443], [755, 443], [755, 525], [689, 525]], '#', 0.7204686301320748), ([[721, 509], [787, 509], [787, 589], [721, 589]], '무', 0.004322171348427384), ([[34.13858834020168, 276.04131873809746], [96.97384031896507, 255.05284206950844], [140.8614116597983, 397.95868126190254], [79.02615968103493, 419.9471579304916]], '8', 0.029218505921946525), ([[481.54640983517965, 489.01471146176635], [534.377826806105, 473.01020408705745], [584.4535901648204, 656.9852885382336], [530.622173193895, 671.9897959129426]], '"', 0.10031709533145605)]
[([[734, 60], [782, 60], [782, 84], [734, 84]], '아앗!', 0.9289707925435339), ([[726, 84], [788, 84], [788, 110], [726, 110]], '아양~!', 0.8683423399925232), ([[704, 108], [804, 108], [804, 134], [704, 134]], '미끌미글해 .', 0.882512018807176), ([[694, 134], [824, 134], [824, 160], [694, 160]], '엉덩이 구멍에서', 0.9893300714242339), ([[712, 158], [804, 158], [804, 184], [712, 184]], '미끌미끌한', 0.6534610097837874), ([[730, 184], [788, 184], [788, 208], [730, 208]], '원가가', 0.9973689206049037), ([[666, 206], [832, 206], [832, 236], [666, 236]], '줄줄 나오고 있어요 ~', 0.6405301241849245), ([[46, 273], [147, 273], [147, 525], [46, 525]], '탑', 0.00744332486557614), ([[708, 407], [793, 407], [793, 611], [708, 611]], '문', 0.026383113864657304), ([[417.3816999397877, 495.0239292232615], [476.90294983503406, 486.2296215069442], [497.6183000602123, 639.9760707767384], [437.09705016496594, 648.7703784930558]], '중', 0.012796487722819327)]
[([[726, 96], [802, 96], [802, 122], [726, 122]], '응하아앗 ', 0.37291975280354955), ([[25.380076630190757, 239.01923374607117], [97.99013540903866, 219.0491391391615], [147.61992336980924, 419.98076625392883], [76.00986459096134, 439.95086086083853]], '북', 0.6814226167318829)]
[([[733, 91], [769, 91], [769, 111], [733, 111]], '아뇨', 0.08005244336473756), ([[654, 112], [846, 112], [846, 140], [654, 140]], '또 원가가 나오고 있어~', 0.33447981778016816)]
[([[718, 84], [778, 84], [778, 112], [718, 112]], '으응~!', 0.5183083193200091), ([[670, 110], [826, 110], [826, 136], [670, 136]], '커다관게 걸러서. !', 0.3320095799349561), ([[27.503519584455965, 198.01370447865298], [92.72277639212311, 183.0290694860015], [139.49648041554403, 396.986295521347], [74.27722360787689, 411.9709305139985]], '}', 0.7043345069047433)]
[([[772, 34], [820, 34], [820, 172], [772, 172]], '흙', 0.01709416765113847), ([[777, 579], [813, 579], [813, 635], [777, 635]], '3', 0.9595527750104935), ([[1.2270049206228923, 313.03325707922556], [61.48840966218453, 279.0132622158046], [148.7729950793771, 446.96674292077444], [88.51159033781546, 480.9867377841954]], '@', 0.15832470662950104)]
[([[642, 28], [688, 28], [688, 52], [642, 52]], '하아', 0.9999723517793255), ([[716, 27], [763, 27], [763, 55], [716, 55]], '하아.', 0.5267844926888191), ([[581, 33], [625, 33], [625, 147], [581, 147]], '벼', 0.013805064605289852), ([[651, 71], [787, 71], [787, 133], [651, 133]], '따또피하고', 0.0237269570348366), ([[654, 126], [784, 126], [784, 154], [654, 154]], '엉덩이 구멍에서', 0.9813030062522569), ([[662, 152], [776, 152], [776, 178], [662, 178]], '배설되논 장면', 0.538730780253771), ([[543, 33], [597, 33], [597, 340], [543, 340]], '6', 0.0352797510627747), ([[657, 171], [783, 171], [783, 259], [657, 259]], '약약증 때', 0.0002969683579577108), ([[648, 250], [786, 250], [786, 278], [648, 278]], '우동이없답니다 ~', 0.5570598887929309), ([[693, 293], [717, 293], [717, 307], [693, 307]], '(', 0.4079942739394973), ([[648, 288], [696, 288], [696, 440], [648, 440]], '륙', 0.0024438211522834763), ([[687, 305], [725, 305], [725, 377], [687, 377]], '중', 0.054480423246619836), ([[115.05043236041261, 209.1364078962675], [207.0085632216062, 277.8253229173721], [91.94956763958739, 428.86359210373246], [-0.008563221606211258, 360.1746770826279]], '8', 0.9147841468812636), ([[239.60190944010031, 354.0079269465181], [311.0202886549857, 343.0521856138895], [352.3980905598997, 624.9920730534819], [280.9797113450143, 635.9478143861105]], "'", 0.03484592454150803), ([[67.5598982014827, 394.0096891736572], [143.38302236815179, 413.5724813744509], [86.4401017985173, 640.9903108263428], [10.616977631848204, 621.4275186255492]], '[', 0.22433682091509954), ([[130.49798948134398, 494.0140117160571], [193.40318226811124, 472.0090354211197], [263.50201051865605, 690.9859882839429], [200.59681773188876, 712.9909645788804]], '{', 0.1305502823068858), ([[702.6905540855465, 561.0957677817163], [758.606724721931, 521.0204741154224], [839.3094459144535, 646.9042322182837], [783.393275278069, 686.9795258845776]], "'", 0.21539249213999856)]
[([[30, 80], [156, 80], [156, 108], [30, 108]], '자; 그럼 다음은', 0.46143835037502273), ([[60, 104], [128, 104], [128, 130], [60, 130]], '월까요?', 0.36916834115982056)]
[([[49, 41], [67, 41], [67, 65], [49, 65]], '응', 0.9990696687655287), ([[86, 40], [112, 40], [112, 66], [86, 66]], '양', 0.959320176169868), ([[58, 64], [134, 64], [134, 90], [58, 90]], '뱃속에서', 0.8281041383743286), ([[352, 16], [468, 16], [468, 120], [352, 120]], '뿐', 0.3105736252749445), ([[30, 88], [144, 88], [144, 116], [30, 116]], '움직이고 있어', 0.9944794362625826)]
[([[48, 48], [100, 48], [100, 74], [48, 74]], '오옷애', 0.06540084912067179), ([[407, 416], [492, 416], [492, 580], [407, 580]], '복', 0.2406128530599041), ([[414.2435857346211, 26.040988758513805], [462.80454997809386, 12.046389475046132], [496.7564142653789, 131.9590112414862], [447.19545002190614, 146.95361052495386]], '문', 0.013767909410816737)]
