2256187
19
[([[1031, 339], [1280, 339], [1280, 427], [1031, 427]], '예젠-집질위', 0.004801830438386915)]
[([[666, 170], [742, 170], [742, 302], [666, 302]], '품', 0.189987092318483), ([[123, 311], [259, 311], [259, 445], [123, 445]], '팬', 0.01856678025535885), ([[990, 416], [1016, 416], [1016, 454], [990, 454]], '1', 0.7134121258838064), ([[313, 561], [453, 561], [453, 645], [313, 645]], '[죽{', 0.0014143556567631425), ([[1103, 512], [1200, 512], [1200, 745], [1103, 745]], '놓', 0.010677221573019757), ([[1166, 644], [1240, 644], [1240, 770], [1166, 770]], '5)', 0.13792130109649578), ([[70, 764], [247, 764], [247, 916], [70, 916]], ':7', 0.058242913037940235), ([[683, 645], [841, 645], [841, 961], [683, 961]], "'", 0.197342323056521), ([[79, 1197], [99, 1197], [99, 1229], [79, 1229]], '입', 0.15460090442565022), ([[1119, 1261], [1161, 1261], [1161, 1335], [1119, 1335]], '땀', 0.052570867210734784), ([[584, 1596], [842, 1596], [842, 1788], [584, 1788]], '몸,늘', 0.01243048898421123), ([[810, 1710], [864, 1710], [864, 1766], [810, 1766]], '8', 0.7825239855780097), ([[723.725312304838, -19.92589452995967], [802.3950209617827, 27.27867313224773], [705.274687695162, 181.92589452995966], [627.6049790382173, 133.72132686775228]], '{', 0.029432998706378166), ([[366.32383315553164, -14.982403413792136], [542.7291801592951, 113.36030826189733], [475.67616684446836, 202.98240341379213], [300.27081984070486, 73.63969173810267]], '순%', 0.02084088028250031), ([[271.33036548387605, 334.0224457097535], [469.99148886831654, 422.5875073402989], [430.66963451612395, 502.9775542902465], [232.0085111316835, 414.4124926597011]], '462', 0.21221940607444584), ([[1163.132919302379, 715.5446781206065], [1259.3588094417498, 787.4227795245623], [1097.867080697621, 996.4553218793935], [1001.6411905582502, 924.5772204754377]], '[', 0.21270290990300111), ([[1221.3662497777025, 839.0287475547261], [1275.8048649931382, 866.0880257654939], [1227.6337502222975, 962.9712524452739], [1172.1951350068618, 935.9119742345061]], '지', 0.011451781010567486)]
[([[988, 414], [1014, 414], [1014, 454], [988, 454]], '1', 0.9201777784292098)]
[([[394, 2], [628, 2], [628, 101], [394, 101]], '차중- ', 0.006779305636882782), ([[635, 205], [763, 205], [763, 269], [635, 269]], '[꾸또', 0.022647741013143072), ([[168, 224], [410, 224], [410, 346], [168, 346]], '[좁냥', 0.004851814926948063), ([[322, 706], [560, 706], [560, 898], [322, 898]], '틈)', 0.014628292821016969), ([[1017, 753], [1107, 753], [1107, 861], [1017, 861]], '(8', 0.026618741040475742), ([[1185, 707], [1271, 707], [1271, 815], [1185, 815]], '[통', 0.12006211636630543), ([[123.85033209803827, 429.48569740588033], [191.56904379969117, 414.4982966493596], [199.14966790196175, 459.51430259411967], [131.43095620030883, 473.5017033506404]], '/기', 0.43249107251573693), ([[40.56115695660123, 440.8295040435816], [101.97934134289223, 426.33100671365906], [108.43884304339878, 460.1704959564184], [48.02065865710777, 474.66899328634094]], '//', 0.8040806029023294), ([[1003.9640536057628, 715.2634037018988], [1101.7298367051594, 698.4170821847166], [1110.035946394237, 768.7365962981012], [1012.2701632948407, 785.5829178152834]], '6380', 0.3358969986438751)]
[([[523, 61], [587, 61], [587, 187], [523, 187]], '봄', 0.5806166953016287), ([[981, 105], [1023, 105], [1023, 143], [981, 143]], '1농', 0.2859203626452823), ([[1171, 491], [1191, 491], [1191, 541], [1171, 541]], '유', 0.03618674311490455), ([[782, 544], [813, 544], [813, 605], [782, 605]], '터', 0.10190390507969571), ([[604, 596], [634, 596], [634, 652], [604, 652]], '#', 0.5594576718346076), ([[549, 617], [585, 617], [585, 685], [549, 685]], '#', 0.3195460835863493), ([[114, 789], [213, 789], [213, 850], [114, 850]], '#1유', 0.21465044852948933), ([[944, 760], [1047, 760], [1047, 813], [944, 813]], '{등', 0.09579492144733738), ([[1105, 770], [1259, 770], [1259, 836], [1105, 836]], '+1*17.', 0.10770979351995996), ([[737.4116515945855, 636.0582579729272], [765.9932631390873, 632.1692000536013], [772.5883484054145, 691.9417420270728], [744.0067368609127, 694.8307999463987]], '"', 0.024489926344078095)]
[([[121.09565595278485, 438.87652476222786], [190.1945050151373, 413.15355518585505], [204.90434404721515, 453.12347523777214], [134.8054949848627, 479.84644481414495]], '/7', 0.13087976819936895)]
[]
[([[848, 288], [896, 288], [896, 318], [848, 318]], '9', 0.45452699195567803), ([[313, 390], [391, 390], [391, 570], [313, 570]], '5', 0.405508914848415), ([[246, 623], [303, 623], [303, 655], [246, 655]], '{:] ', 0.057603124529123306), ([[188, 734], [388, 734], [388, 856], [188, 856]], '볕-~', 0.0003471060293368869), ([[378, 804], [436, 804], [436, 832], [378, 832]], '000', 0.7667095021629884), ([[783, 1135], [849, 1135], [849, 1207], [783, 1207]], '9', 0.7499425736971013), ([[436.66059384301116, 178.00823316603035], [493.1983604778094, 190.77340460171155], [449.33940615698884, 397.9917668339697], [392.8016395221906, 386.22659539828845]], '8', 0.19887438086698328), ([[757.6015599508403, 1267.0444912281928], [882.6142855381539, 1166.0085777340887], [1094.3984400491597, 1467.9555087718072], [969.3857144618461, 1567.9914222659113]], '콩', 0.15399151022635582), ([[399.1165477914012, 1403.048930122611], [457.9711902327328, 1389.246651751251], [482.8834522085988, 1508.951069877389], [424.0288097672672, 1522.753348248749]], '콩', 0.031016836574082385), ([[1112.6842142916366, 1570.0789786205837], [1190.36202605119, 1541.2565911865229], [1233.3157857083634, 1674.9210213794163], [1154.63797394881, 1703.7434088134771]], '6', 0.29291793716484804), ([[299.89461736775485, 1547.0235081422388], [665.6923301553865, 1621.858204651467], [612.1053826322452, 1833.9764918577612], [246.3076698446135, 1760.141795348533]], '대 트', 0.10018712978565479)]
[([[380, 238], [476, 238], [476, 366], [380, 366]], '(', 0.36312120271066206), ([[1147, 419], [1279, 419], [1279, 553], [1147, 553]], '기선', 0.009299105435099098), ([[205, 442], [447, 442], [447, 851], [205, 851]], '6', 0.10184856239006024), ([[1131, 525], [1239, 525], [1239, 707], [1131, 707]], '물', 0.13157754739947425), ([[736, 1090], [814, 1090], [814, 1144], [736, 1144]], '시리', 0.0029186418589403334), ([[65, 1299], [103, 1299], [103, 1339], [65, 1339]], '0으', 0.023894751645434), ([[80, 1326], [108, 1326], [108, 1354], [80, 1354]], '9', 0.9704941761246033), ([[1228, 1346], [1256, 1346], [1256, 1412], [1228, 1412]], '5', 0.9498534421699247), ([[12.388108955856573, 47.010403302183306], [142.4913356746415, 31.569340119843638], [178.61189104414342, 376.9895966978167], [49.50866432535849, 392.4306598801564]], '도', 0.21672665156735604), ([[404.7283568401463, 360.0811833531415], [472.9880493258634, 329.04893178951824], [525.2716431598536, 457.9188166468585], [457.0119506741366, 489.95106821048176]], '숨', 0.6691217876223732), ([[909.3304325795549, 471.00773069472694], [1125.4721252395893, 513.8542695165587], [1035.669567420445, 961.9922693052731], [819.5278747604107, 919.1457304834413]], '5', 0.03687081018998484), ([[255.13030284346536, 1172.0421192876934], [406.93720631063223, 1221.9387067506125], [379.86969715653464, 1292.9578807123066], [229.0627936893678, 1243.0612932493875]], '관형0', 0.01377546299574584), ([[757.4089355510745, 1375.0350586290253], [799.0275861714321, 1367.1067325169902], [817.5910644489255, 1468.9649413709747], [775.9724138285679, 1476.8932674830098]], '통', 0.011226633536026931), ([[664.8699345709338, 1516.0255540176358], [943.8024953140266, 1576.7507947891656], [890.1300654290662, 1786.9744459823642], [611.1975046859734, 1726.2492052108344]], '표', 0.0023016428027306107), ([[183.80195439869124, 1574.0342019770965], [396.51747748062854, 1615.0953027429196], [357.19804560130876, 1790.9657980229035], [144.48252251937149, 1749.9046972570804]], '내', 0.01812461355521955)]
[([[70.07692307692308, 169.3846153846154], [122.54252349018718, 120.24388590525619], [147.92307692307693, 154.6153846153846], [95.45747650981282, 203.75611409474382]], '7 >', 0.4324941635131836)]
[]
[([[16, 6], [148, 6], [148, 84], [16, 84]], '[아장자', 0.18121977150440216), ([[441, 11], [579, 11], [579, 77], [441, 77]], '후리비장의', 0.19379103799978042), ([[728, 0], [858, 0], [858, 122], [728, 122]], '팬요', 0.2708001681773208), ([[1121, 27], [1259, 27], [1259, 93], [1121, 93]], '자 싸다이', 0.08127591819219851), ([[10, 64], [154, 64], [154, 136], [10, 136]], "'울온다 ", 0.05133252043186057), ([[425, 65], [594, 65], [594, 138], [425, 138]], "'현조임로지", 0.21884690877743865), ([[1098, 82], [1280, 82], [1280, 154], [1098, 154]], '제대로전부다', 0.6258014503238313), ([[23, 125], [117, 125], [117, 189], [23, 189]], '임신해', 0.6493997687617392), ([[353, 46], [437, 46], [437, 239], [353, 239]], '텅', 0.533301278382524), ([[425, 127], [571, 127], [571, 193], [425, 193]], '기분증아니 ', 0.1356793926716672), ([[1103, 141], [1279, 141], [1279, 209], [1103, 209]], "'마지지않으면", 0.18479139425722338), ([[11, 181], [155, 181], [155, 249], [11, 249]], '좋하지도', 0.2367672473192215), ([[444, 178], [574, 178], [574, 250], [444, 250]], '예계성인', 0.29257655143737793), ([[1117, 199], [1267, 199], [1267, 265], [1117, 265]], '이번달부터', 0.8564232537917804), ([[9, 237], [157, 237], [157, 305], [9, 305]], '양눈남자의', 0.0512082279662429), ([[463, 239], [557, 239], [557, 303], [463, 303]], '이니', 0.5482201870378364), ([[1103, 255], [1280, 255], [1280, 321], [1103, 321]], '김봉할거니깐', 0.20507234042459488), ([[23, 297], [141, 297], [141, 361], [23, 361]], '정액우', 0.09245235407938186), ([[432, 291], [753, 291], [753, 367], [432, 367]], '원전범하고 | 아제지지', 0.48441926124118084), ([[1135, 315], [1251, 315], [1251, 379], [1135, 379]], '조심해서', 0.9603698253631592), ([[0, 351], [165, 351], [165, 419], [0, 419]], '아기임신해0', 0.1909148753808708), ([[422, 350], [750, 350], [750, 422], [422, 422]], '싶어진다고0_집하늄체', 0.08217241156246444), ([[1133, 371], [1251, 371], [1251, 435], [1133, 435]], '마서워0', 0.12411399185657501), ([[581, 409], [771, 409], [771, 477], [581, 477]], '그렇계 싫어?0', 0.2628635690605168), ([[618, 462], [714, 462], [714, 538], [618, 538]], '유후춧', 0.1655748504267878), ([[613, 521], [740, 521], [740, 590], [613, 590]], '이거보람', 0.9828850030899048), ([[605, 579], [727, 579], [727, 647], [605, 647]], '빗모"(', 0.008104653097689152), ([[1147, 519], [1238, 519], [1238, 716], [1147, 716]], '불', 0.42266231784262587), ([[903, 667], [941, 667], [941, 721], [903, 721]], '음', 0.7490943308084752), ([[1139, 855], [1255, 855], [1255, 921], [1139, 921]], '후우', 0.7945933560949997), ([[19, 893], [83, 893], [83, 973], [19, 973]], '휴', 0.8192564845070507), ([[697, 903], [741, 903], [741, 975], [697, 975]], '휴', 0.9157954144934735), ([[1107, 911], [1280, 911], [1280, 979], [1107, 979]], '나잇값못하고', 0.13162839338866422), ([[1163, 971], [1231, 971], [1231, 1033], [1163, 1033]], '진뜩', 0.9546853949426449), ([[89, 1057], [131, 1057], [131, 1113], [89, 1113]], '움', 0.9004718124220403), ([[233, 1047], [275, 1047], [275, 1101], [233, 1101]], '7', 0.09318570703684159), ([[1127, 1027], [1267, 1027], [1267, 1093], [1127, 1093]], '싸로다)', 0.03757274150848389), ([[1135, 1101], [1203, 1101], [1203, 1167], [1135, 1167]], '분명', 0.9775558541550194), ([[1044, 1160], [1134, 1160], [1134, 1210], [1044, 1210]], '@:', 0.02642774213336719), ([[1127, 1093], [1267, 1093], [1267, 1233], [1127, 1233]], "'병빵", 0.009672479741890679), ([[65, 1225], [159, 1225], [159, 1293], [65, 1293]], "'뜨치만", 0.12752053141593933), ([[1120, 1212], [1274, 1212], [1274, 1286], [1120, 1286]], '이렇계작은', 0.07115172327121716), ([[35, 1283], [155, 1283], [155, 1349], [35, 1349]], '책임지고', 0.9723560810089111), ([[222, 1324], [246, 1324], [246, 1354], [222, 1354]], '얘', 0.24876951961439264), ([[909, 1273], [947, 1273], [947, 1379], [909, 1379]], '움', 0.8456223020620115), ([[1149, 1275], [1243, 1275], [1243, 1339], [1149, 1339]], '몸연로', 0.11923756188977565), ([[6, 1336], [184, 1336], [184, 1408], [6, 1408]], '싶진양이내-', 0.04024810521613654), ([[1114, 1326], [1276, 1326], [1276, 1400], [1114, 1400]], '@기로울수', 0.19016584437120118), ([[4, 1394], [186, 1394], [186, 1466], [4, 1466]], '무히아가', 0.5326192378997803), ([[1147, 1385], [1245, 1385], [1245, 1453], [1147, 1453]], '빗울잡', 0.011426379289469112), ([[32, 1450], [157, 1450], [157, 1523], [32, 1523]], '태어니편', 0.2871397137641907), ([[1106, 1440], [1280, 1440], [1280, 1512], [1106, 1512]], '이떠씨틀정대', 0.0082148195253381), ([[22, 1509], [169, 1509], [169, 1581], [22, 1581]], '햇비교', 0.06090523061060546), ([[47, 1570], [144, 1570], [144, 1632], [47, 1632]], '정말로', 0.9903798038481462), ([[0, 1622], [198, 1622], [198, 1696], [0, 1696]], '질하둘~}', 0.004381197865799651), ([[691, 1527], [973, 1527], [973, 1733], [691, 1733]], '@택', 0.10638929635400386), ([[29, 1680], [156, 1680], [156, 1748], [29, 1748]], '키워쥐0', 0.12599430322188784), ([[150.33051172504386, 32.02039229071929], [226.28525372324137, 12.075343352448364], [274.66948827495617, 217.9796077092807], [199.71474627675863, 237.92465664755164]], '콩', 0.22747481112915935), ([[185.49767925433545, 248.03166610925], [218.3902856961255, 236.0190858995201], [251.50232074566455, 334.96833389075], [217.6097143038745, 345.98091410047994]], '응', 0.8474558483711156), ([[91.35692648063751, 410.02588835990525], [148.49288900249678, 391.01519815955226], [196.64307351936247, 549.9741116400947], [139.50711099750322, 568.9848018404477]], '탑', 0.0038289698018340174), ([[280.39177126298426, 455.0465132093975], [315.00559345757995, 449.12846518831714], [327.60822873701574, 527.9534867906025], [292.99440654242005, 533.8715348116829]], '닭', 0.006452640664466935), ([[436.5310329838462, 461.0110025559238], [513.503872631647, 479.6509050757219], [462.4689670161538, 693.9889974440762], [384.496127368353, 675.3490949242781]], '콩', 0.962877624509261), ([[86.62076362948802, 678.0180181096242], [117.75008970040098, 676.0709587121853], [126.37923637051198, 790.9819818903758], [95.24991029959902, 793.9290412878147]], '국', 0.6081106259239846), ([[1075.339181399545, 748.0438604965868], [1116.2009219983224, 757.1588936020131], [1101.660818600455, 832.9561395034132], [1059.7990780016776, 824.8411063979869]], '릇', 0.8903131303230936), ([[144.16318886892464, 813.058640969365], [193.68328157299976, 809.6334368540005], [198.83681113107536, 895.941359030635], [148.31671842700024, 900.3665631459995]], '휴', 0.9425506305981344), ([[208.39177126298424, 1232.0465132093975], [238.13451376743865, 1229.164262976755], [244.60822873701576, 1304.9534867906025], [214.86548623256135, 1307.835737023245]], '셈', 0.047085433537304766), ([[1025.3520140502567, 1269.0210163739519], [1097.7025639012822, 1260.3721161016822], [1116.6479859497433, 1442.9789836260481], [1044.2974360987178, 1450.6278838983178]], '봄', 0.11573464559351354), ([[751.282298704529, 1386.043079247591], [790.4982728791224, 1368.0207254505308], [839.717701295471, 1480.956920752409], [800.5017271208776, 1499.9792745494692]], '음', 0.6740854012019213)]
[([[477, 0], [609, 0], [609, 125], [477, 125]], '교의', 0.011940800399134874), ([[1122, 8], [1170, 8], [1170, 86], [1122, 86]], '휴', 0.4217609207298665), ([[1154, 0], [1280, 0], [1280, 134], [1154, 134]], '책', 0.006856622411790747), ([[3, 79], [89, 79], [89, 139], [3, 139]], '때는', 0.4084972275392594), ([[0, 124], [166, 124], [166, 196], [0, 196]], '@써간0?', 0.15468244840712383), ([[483, 109], [573, 109], [573, 171], [483, 171]], '씹니다', 0.6444965828209064), ([[748, 98], [798, 98], [798, 170], [748, 170]], '홍', 0.03415913608936094), ([[1145, 113], [1213, 113], [1213, 181], [1145, 181]], '설패', 0.41617988034126174), ([[0, 178], [170, 178], [170, 307], [0, 307]], '타@]', 0.048854716058146265), ([[642, 0], [755, 0], [755, 378], [642, 378]], '주', 0.3674008795884198), ([[1161, 223], [1273, 223], [1273, 291], [1161, 291]], '변치은', 0.008305904271133209), ([[1169, 275], [1263, 275], [1263, 343], [1169, 343]], '얼굴흘', 0.27601235254002726), ([[1162, 326], [1274, 326], [1274, 400], [1162, 400]], '텔내닫', 0.021092593553411865), ([[628, 384], [690, 384], [690, 440], [628, 440]], '이런', 0.4337075143516897), ([[621, 431], [715, 431], [715, 499], [621, 499]], '(분출은', 0.07399988919496536), ([[1147, 377], [1280, 377], [1280, 517], [1147, 517]], '떠', 0.01619279783864891), ([[608, 482], [702, 482], [702, 555], [608, 555]], '[탤기들', 0.05540736764669418), ([[500, 552], [606, 552], [606, 627], [500, 627]], '잠네', 0.23514922601132518), ([[602, 542], [658, 542], [658, 658], [602, 658]], '[', 0.006198476573363365), ([[511, 609], [603, 609], [603, 677], [511, 677]], '전빼?', 0.03281215502059418), ([[0, 663], [59, 663], [59, 733], [0, 733]], '유:', 0.187690047969859), ([[447, 661], [596, 661], [596, 733], [447, 733]], '심취쥐인', 0.00917106680572033), ([[611, 647], [703, 647], [703, 771], [611, 771]], '끝', 0.18821228987996452), ([[624, 710], [656, 710], [656, 764], [624, 764]], '할', 0.9714821937483045), ([[0, 721], [161, 721], [161, 785], [0, 785]], '요도안쪽지', 0.6384762631665144), ([[476, 718], [604, 718], [604, 792], [476, 792]], '예제전부', 0.118929922580719), ([[0, 778], [78, 778], [78, 832], [0, 832]], '모조리', 0.6752355098724365), ([[427, 755], [717, 755], [717, 843], [427, 843]], '[해{꽤 @원가', 0.0013926437924169917), ([[607, 813], [673, 813], [673, 879], [607, 879]], '[없', 0.9333376092772184), ([[1184, 934], [1210, 934], [1210, 958], [1184, 958]], '~', 0.23819671403357834), ([[1, 1051], [119, 1051], [119, 1113], [1, 1113]], '퇴근전', 0.6698040590530666), ([[250, 1036], [282, 1036], [282, 1078], [250, 1078]], '음', 0.9891985663384197), ([[315, 1037], [383, 1037], [383, 1097], [315, 1097]], '역시', 0.4586918101746119), ([[1088, 1036], [1184, 1036], [1184, 1110], [1088, 1110]], '@ .', 0.5682419538497925), ([[1205, 1049], [1275, 1049], [1275, 1117], [1205, 1117]], '음', 0.5283908619992559), ([[3, 1109], [41, 1109], [41, 1157], [3, 1157]], '또', 0.9950006659347679), ([[291, 1091], [405, 1091], [405, 1157], [291, 1157]], '후군인', 0.8683417348455166), ([[1127, 1101], [1277, 1101], [1277, 1173], [1127, 1173]], '(여전히하운', 0.11347437161644323), ([[0, 1153], [115, 1153], [115, 1221], [0, 1221]], '올려기', 0.005887626674628035), ([[303, 1149], [393, 1149], [393, 1211], [303, 1211]], '정액은', 0.5136050654357647), ([[1161, 1163], [1273, 1163], [1273, 1227], [1161, 1227]], '외무', 0.08002478339628089), ([[1, 1211], [121, 1211], [121, 1273], [1, 1273]], '그납지_', 0.05013027414679527), ([[279, 1201], [417, 1201], [417, 1265], [279, 1265]], '입가심우로', 0.1008581963435322), ([[1183, 1217], [1273, 1217], [1273, 1279], [1183, 1279]], '언제)', 0.11580432587361142), ([[3, 1263], [69, 1263], [69, 1325], [3, 1325]], '불일', 0.32897900857066015), ([[305, 1257], [393, 1257], [393, 1319], [305, 1319]], '[매결', 0.041691652570717615), ([[1, 1311], [113, 1311], [113, 1379], [1, 1379]], '방)해체', 0.005013037472963333), ([[1154, 1297], [1277, 1297], [1277, 1370], [1154, 1370]], "'폐주", 0.005325255271000224), ([[2, 1370], [86, 1370], [86, 1426], [2, 1426]], '모아뒤', 0.82113615509785), ([[1145, 1355], [1275, 1355], [1275, 1421], [1145, 1421]], '확막할다', 0.05235705152153969), ([[1181, 1413], [1273, 1413], [1273, 1477], [1181, 1477]], '없어이', 0.1370327640282151), ([[426, 1517], [547, 1517], [547, 1589], [426, 1589]], '음육', 0.09401026657264393), ([[397, 1577], [579, 1577], [579, 1641], [397, 1641]], '너무이컨요]', 0.08494998954283293), ([[5, 1615], [133, 1615], [133, 1679], [5, 1679]], '예 예비', 0.29810010478862603), ([[586, 1566], [853, 1566], [853, 1783], [586, 1783]], '모락', 0.8006884983533658), ([[372.23721451864014, -4.975732057349422], [498.9518847577992, 91.92647741696415], [433.76278548135986, 175.97573205734943], [308.0481152422008, 79.07352258303585]], '@딩', 0.0060351741488403445), ([[1214.216282450133, 91.02795430186191], [1298.8364294877774, 122.44885400044093], [1249.783717549867, 252.9720456981381], [1165.1635705122226, 221.55114599955908]], '{', 0.008047205858742468), ([[148.0875923181602, 273.02192021773226], [495.80376682593794, 367.2763346101705], [446.9124076818398, 518.9780797822677], [99.19623317406203, 424.7236653898295]], '[무룻오', 0.07469912618398666), ([[1126.5779296854616, 519.0099023003314], [1196.0915851601594, 530.9838331556059], [1158.4220703145384, 749.9900976996686], [1089.9084148398406, 739.0161668443941]], '중', 0.6011767336601146), ([[636.203970247832, 542.0397024783201], [695.1314493779402, 531.2891684268635], [716.796029752168, 657.9602975216799], [656.8685506220598, 669.7108315731365]], '뼈', 0.14178607872850169), ([[332.9484287718934, 555.0616445610941], [436.12434065214086, 577.1276507172039], [417.0515712281066, 657.9383554389059], [312.87565934785914, 635.8723492827961]], '주룹', 0.016187527824704794), ([[1202.5611015693692, 592.0120485625168], [1263.6082948199191, 610.4606102079241], [1210.4388984306308, 789.9879514374832], [1149.3917051800809, 772.5393897920759]], '춤', 0.14967120765485564), ([[684.4832384454459, 694.0111319343428], [766.4267761039836, 669.0075914780613], [844.5167615545541, 949.9888680656572], [762.5732238960164, 973.9924085219387]], '중', 0.5563136902494534), ([[1118.5180072341393, 744.0105649383756], [1199.8302136199147, 771.3774608202496], [1127.4819927658607, 993.9894350616244], [1045.1697863800853, 966.6225391797504]], '불', 0.11856284985886223), ([[8.008122608305209, 760.0307739937139], [333.744231567356, 824.1505838574417], [300.9918773916948, 952.9692260062861], [-23.74423156735597, 888.8494161425583]], '리백주잡', 0.0024180561304092407), ([[655.5082600965459, 822.017293370952], [706.397086830341, 805.0112717859993], [761.4917399034541, 977.982706629048], [710.602913169659, 994.9887282140007]], '"', 0.3728963379224446), ([[1220.4133484557115, 804.0215389976773], [1281.110043005228, 820.8447209255208], [1242.5866515442885, 955.9784610023227], [1182.889956994772, 939.1552790744792]], '품', 0.6224503259729772), ([[221.4765760774098, 1354.027472735393], [264.1702691928751, 1347.1388818142111], [279.5234239225902, 1458.972527264607], [235.8297308071249, 1464.8611181857889]], '뼈', 0.0044940294621973464)]
[([[18, 24], [90, 24], [90, 74], [18, 74]], '오늘은', 0.9642585284955142), ([[423, 0], [589, 0], [589, 111], [423, 111]], '주봄', 0.06303215775847604), ([[768, 16], [834, 16], [834, 64], [768, 64]], '오릇0', 0.2135253333698296), ([[964, 22], [1030, 22], [1030, 72], [964, 72]], '이필은', 0.45993488431416824), ([[1162, 0], [1272, 0], [1272, 98], [1162, 98]], '교교', 0.007447084065982096), ([[17, 63], [155, 63], [155, 123], [17, 123]], '여상둥움', 0.05410388857126236), ([[747, 57], [857, 57], [857, 101], [747, 101]], '이쪽여자', 0.2945886552333832), ([[962, 64], [1032, 64], [1032, 114], [962, 114]], '세원', 0.4479069940300785), ([[1136, 68], [1192, 68], [1192, 130], [1136, 130]], '흙', 0.9954228445187709), ([[728, 94], [874, 94], [874, 144], [728, 144]], '회상입음정로로', 0.49467446858460024), ([[946, 104], [1048, 104], [1048, 152], [946, 152]], '(안되자소', 0.05116418005486784), ([[1186, 84], [1248, 84], [1248, 134], [1186, 134]], '(입안', 0.131281752404037), ([[753, 137], [851, 137], [851, 181], [753, 181]], '따곤때곤한', 0.17930562997705005), ([[952, 144], [1040, 144], [1040, 192], [952, 192]], '만약물', 0.31590808439026397), ([[1164, 124], [1264, 124], [1264, 172], [1164, 172]], '떠뜻해빛', 0.030082710087299347), ([[743, 177], [859, 177], [859, 221], [743, 221]], '입보지찮아이', 0.12374944100270244), ([[955, 185], [1037, 185], [1037, 229], [955, 229]], '미금하계', 0.02525980770587921), ([[1170, 164], [1262, 164], [1262, 212], [1170, 212]], '최관', 0.32119733974854975), ([[621, 195], [744, 195], [744, 284], [621, 284]], '주변', 0.023910262018628375), ([[936, 222], [1056, 222], [1056, 270], [936, 270]], '환내줄기이', 0.04753578769858695), ([[1182, 200], [1254, 200], [1254, 250], [1182, 250]], '발옮', 0.2892847679616865), ([[1162, 242], [1266, 242], [1266, 292], [1162, 292]], "'이줌직0총", 0.01900522213170563), ([[193, 222], [384, 222], [384, 361], [193, 361]], '주붙', 0.582510365219849), ([[434, 302], [558, 302], [558, 352], [434, 352]], '옷0 뛰아이', 0.4427845350862884), ([[408, 344], [578, 344], [578, 399], [408, 399]], '반하적_눈음씨', 0.046063580160645656), ([[84, 388], [150, 388], [150, 416], [84, 416]], '다" 당신"', 0.40544683111069574), ([[424, 388], [566, 388], [566, 438], [424, 438]], '아처씨의한체', 0.02388164070520186), ([[848, 400], [890, 400], [890, 428], [848, 428]], '싫어"', 0.8753700247717535), ([[78, 412], [158, 412], [158, 444], [78, 444]], '우리하로이런', 0.04531512780189752), ([[848, 426], [906, 426], [906, 456], [848, 456]], '이제집', 0.850865538924298), ([[94, 440], [142, 440], [142, 470], [94, 470]], '짓하고', 0.9971001190648495), ([[396, 430], [594, 430], [594, 486], [396, 486]], '띄발기하하터어씨', 0.005054254625523313), ([[848, 452], [918, 452], [918, 484], [848, 484]], '돌길래 ', 0.06562402730893115), ([[76, 466], [158, 466], [158, 496], [76, 496]], '사팔줄"', 0.10776830930461258), ([[980, 454], [1040, 454], [1040, 601], [980, 601]], '지', 0.004467412359028311), ([[0, 565], [121, 565], [121, 675], [0, 675]], '@@', 0.11551252064334792), ([[106, 616], [178, 616], [178, 668], [106, 668]], '(장아', 0.13229441672171705), ([[879, 573], [971, 573], [971, 673], [879, 673]], '입헌올', 0.02109095445858971), ([[0, 656], [90, 656], [90, 710], [0, 710]], '언제까지', 0.11836573481559753), ([[872, 664], [980, 664], [980, 714], [872, 714]], '보어주럼0', 0.07611210660172604), ([[0, 684], [160, 684], [160, 756], [0, 756]], '|러로로야', 0.017829594551974016), ([[862, 706], [994, 706], [994, 760], [862, 760]], '더희플위해', 0.08921039043691181), ([[1178, 607], [1270, 607], [1270, 852], [1178, 852]], '급', 0.9804988395577006), ([[0, 740], [140, 740], [140, 796], [0, 796]], '외울수앞논지', 0.005847223318212137), ([[862, 750], [996, 750], [996, 802], [862, 802]], '산정액이니간', 0.041390970152276885), ([[1013, 677], [1103, 677], [1103, 861], [1013, 861]], '불', 0.12498983853746015), ([[0, 786], [110, 786], [110, 838], [0, 838]], '기대되논결', 0.2807007998014966), ([[304, 722], [636, 722], [636, 896], [304, 896]], '민라양', 0.012333832809602244), ([[846, 792], [1012, 792], [1012, 844], [846, 844]], '제대로맛회주럼?', 0.12378019812243746)]
[([[1203, 11], [1245, 11], [1245, 49], [1203, 49]], '떼', 0.11144843763781864), ([[1157, 1], [1251, 1], [1251, 93], [1157, 93]], '@유로', 0.0017663802211469557), ([[6, 36], [176, 36], [176, 136], [6, 136]], '@륙', 0.02827067590746836), ([[232, 56], [282, 56], [282, 128], [232, 128]], '약', 0.9717343591036673), ([[525, 59], [569, 59], [569, 149], [525, 149]], '용', 0.014338770741795293), ([[1152, 86], [1256, 86], [1256, 134], [1152, 134]], '빨정로', 0.10215488368209842), ([[25, 119], [193, 119], [193, 187], [25, 187]], '안필음정로학', 0.01835650501181979), ([[985, 95], [1026, 95], [1026, 178], [985, 178]], '해', 0.66418914619193), ([[1160, 126], [1246, 126], [1246, 174], [1160, 174]], '씻다 0', 0.19483467022135081), ([[32, 160], [150, 160], [150, 210], [32, 210]], '기분좋없?', 0.017557196960569465), ([[29, 199], [152, 199], [152, 248], [29, 248]], '만약그런거런', 0.07255783418389133), ([[1146, 191], [1260, 191], [1260, 235], [1146, 235]], '토우코장이랑', 0.19589341598986443), ([[48, 240], [133, 240], [133, 293], [48, 293]], '이제싸도', 0.30916252732276917), ([[715, 233], [751, 233], [751, 285], [715, 285]], '핵', 0.5728562143142426), ([[1121, 226], [1280, 226], [1280, 279], [1121, 279]], '나3묘없나 ?', 0.05228766924146297), ([[51, 281], [129, 281], [129, 325], [51, 325]], '기본걸0', 0.37728628516197205), ([[1159, 271], [1247, 271], [1247, 315], [1159, 315]], '두시람도', 0.3182847797870636), ([[1124, 308], [1280, 308], [1280, 356], [1124, 356]], '제법맛있없어" 0', 0.6412714018338187), ([[1065, 319], [1093, 319], [1093, 392], [1065, 392]], '움', 0.18615047353766645), ([[80, 420], [112, 420], [112, 500], [80, 500]], '틀', 0.9209682387991194), ([[28, 454], [54, 454], [54, 552], [28, 552]], '불', 0.8019725669796038), ([[1163, 449], [1201, 449], [1201, 560], [1163, 560]], '움', 0.976525474671007), ([[8, 586], [148, 586], [148, 684], [8, 684]], '#@', 0.00432912887170336), ([[547, 577], [637, 577], [637, 689], [547, 689]], '봄불', 0.17359800927843116), ([[0, 668], [156, 668], [156, 716], [0, 716]], '여지의예의심절올', 0.05669102397503715), ([[14, 708], [140, 708], [140, 756], [14, 756]], '아저씨랑진뜩', 0.32076441721603177), ([[6, 748], [148, 748], [148, 798], [6, 798]], '공부해보자 "0', 0.5242054222626427), ([[957, 753], [1035, 753], [1035, 815], [957, 815]], "'부봇", 0.6293575441285078), ([[120, 782], [204, 782], [204, 854], [120, 854]], '철퍽', 0.7575674114350994), ([[1154, 760], [1238, 760], [1238, 834], [1154, 834]], '철퍽', 0.38789862289301696), ([[1075.4497265149012, 9.038030907288995], [1108.0155925136485, 5.131076138482263], [1117.5502734850988, 88.961969092711], [1084.9844074863515, 92.86892386151774]], '액', 0.1434754002549079), ([[769.4848456760908, 530.033311705899], [799.4322367230736, 522.0234221477222], [823.5151543239092, 614.966688294101], [792.5677632769264, 621.9765778522778]], '올', 0.3379902406754951), ([[733.5855756629621, 620.0215263644369], [763.3621429841701, 613.0164271741291], [787.4144243370379, 723.9784736355631], [757.6378570158299, 730.9835728258709]], '움', 0.13114013434581384), ([[303.5533722192733, 719.025012751532], [334.6445275956086, 714.0522684768973], [348.4466277807267, 815.974987248468], [317.3554724043914, 819.9477315231027]], '불', 0.8110710487467401)]
[([[1153, 3], [1267, 3], [1267, 45], [1153, 45]], '아제씨 수상하', 0.4739341346076065), ([[679, 39], [723, 39], [723, 75], [679, 75]], '너"', 0.9861920372443109), ([[1165, 39], [1253, 39], [1253, 81], [1165, 81]], '시람이지?', 0.30942289387970806), ([[369, 59], [459, 59], [459, 99], [369, 99]], '거" 거짓말', 0.6604057722309107), ([[635, 71], [765, 71], [765, 115], [635, 115]], '용웅한건증지만', 0.11832850039777619), ([[1155, 73], [1265, 73], [1265, 117], [1155, 117]], '최근학교에서', 0.6985598107387826), ([[371, 95], [459, 95], [459, 135], [371, 135]], '뛰아이건', 0.20765477418899536), ([[653, 107], [745, 107], [745, 151], [653, 151]], '조금어른흘', 0.3521558498596551), ([[1159, 109], [1259, 109], [1259, 153], [1159, 153]], '소문나있어', 0.16577206031177755), ([[651, 145], [747, 145], [747, 187], [651, 187]], '안본거', 0.24164781047421713), ([[1149, 147], [1271, 147], [1271, 189], [1149, 189]], '여지름할끔픽끔', 0.021750143467513867), ([[659, 183], [743, 183], [743, 223], [659, 223]], '아야 ?', 0.39250752329826355), ([[1149, 183], [1273, 183], [1273, 227], [1149, 227]], '쳐다보는변돼가', 0.3178369425226803), ([[525, 221], [637, 221], [637, 261], [525, 261]], '꺼새도닥히', 0.12097994460057791), ([[1155, 219], [1263, 219], [1263, 263], [1155, 263]], '근에있다고', 0.2764810406468223), ([[19, 299], [57, 299], [57, 353], [19, 353]], '덜', 0.9898074847499174), ([[398, 182], [479, 182], [479, 367], [398, 367]], '올', 0.35927226641696564), ([[523, 251], [637, 251], [637, 339], [523, 339]], ':필', 0.006294786767066292), ([[831, 273], [907, 273], [907, 337], [831, 337]], '허죽', 0.601130443042021), ([[1074, 272], [1144, 272], [1144, 326], [1074, 326]], '허죽', 0.3090750397602188), ([[525, 329], [635, 329], [635, 371], [525, 371]], '아제화나서', 0.8185913047122174), ([[4, 362], [34, 362], [34, 410], [4, 410]], '덜', 0.9975479393985012), ([[517, 365], [645, 365], [645, 407], [517, 407]], '경찰오기전', 0.16350932998789058), ([[525, 401], [639, 401], [639, 443], [525, 443]], '너한데 심한짓', 0.4200448135841895), ([[541, 439], [609, 439], [609, 479], [541, 479]], '활수도"', 0.49812045606049504), ([[739, 487], [847, 487], [847, 529], [739, 529]], '위험하다해서', 0.9292311199305667), ([[23, 507], [111, 507], [111, 547], [23, 547]], '죄송하요"', 0.4394344528001157), ([[742, 522], [844, 522], [844, 564], [742, 564]], '들고앉어는데', 0.06193785166381663), ([[19, 541], [113, 541], [113, 581], [19, 581]], '이제아무도', 0.6394838154813741), ([[39, 579], [95, 579], [95, 615], [39, 615]], '부로', 0.4819837893050434), ([[747, 559], [839, 559], [839, 601], [747, 601]], '이거울면', 0.6663632392883301), ([[739, 597], [849, 597], [849, 637], [739, 637]], '아제어계', 0.5225884318351746), ([[12, 610], [120, 610], [120, 658], [12, 658]], '\'입떼니하"', 0.04226316928094237), ([[753, 633], [835, 633], [835, 673], [753, 673]], '돌려나?', 0.4684165418148041), ([[1052, 692], [1222, 692], [1222, 742], [1052, 742]], '똑로사과하다니', 0.6711731026081388), ([[1092, 734], [1182, 734], [1182, 788], [1092, 788]], '훌해0', 0.3218598814713055), ([[187, 729], [398, 729], [398, 868], [187, 868]], '팬약=', 0.22810791500383962), ([[1060, 780], [1216, 780], [1216, 830], [1060, 830]], '상역아저씨가', 0.2071011368581837), ([[1050, 822], [1229, 822], [1229, 879], [1050, 879]], '여지자위하상식올', 0.022007326975791955), ([[1047, 870], [1226, 870], [1226, 920], [1047, 920]], '진뜩가르줄게0', 0.2962624446341078), ([[870, 922], [1002, 922], [1002, 972], [870, 972]], '남지논자지름', 0.3110740868697616), ([[854, 966], [1012, 966], [1012, 1018], [854, 1018]], '기분증계해주면', 0.5727022895670263), ([[697, 999], [733, 999], [733, 1045], [697, 1045]], '올', 0.07564031350640565), ([[858, 1010], [1010, 1010], [1010, 1064], [858, 1064]], '엄청기하니깐', 0.1499678996198175), ([[708, 1040], [758, 1040], [758, 1106], [708, 1106]], '음', 0.24444493985596694), ([[854, 1054], [1014, 1054], [1014, 1108], [854, 1108]], '진뜩봉해 쥐 ', 0.12114514004335453), ([[5, 1069], [67, 1069], [67, 1157], [5, 1157]], '휴', 0.19709758055400073), ([[176, 1258], [200, 1258], [200, 1304], [176, 1304]], '흡', 0.2496509876879225), ([[197, 1241], [235, 1241], [235, 1331], [197, 1331]], '움', 0.9683589300272075), ([[822, 1214], [942, 1214], [942, 1386], [822, 1386]], '뷰', 0.5549697680863233), ([[58, 1466], [130, 1466], [130, 1516], [58, 1516]], '위험해:', 0.8947423100471497), ([[64, 1510], [164, 1510], [164, 1560], [64, 1560]], '곧씬다 ', 0.5862309553213862), ([[42, 1554], [182, 1554], [182, 1608], [42, 1608]], '쌀패는확실히', 0.20902042324025252), ([[48, 1600], [175, 1600], [175, 1650], [48, 1650]], '남브없이입에', 0.14311497521052693), ([[52, 1644], [174, 1644], [174, 1696], [52, 1696]], '머금기야?', 0.5844597574957683), ([[247, 1581], [605, 1581], [605, 1808], [247, 1808]], '위빛', 0.12014689336662976), ([[303.613848565688, 376.0106590389523], [356.4863838038227, 366.01691824511704], [394.386151434312, 570.9893409610477], [341.5136161961773, 580.983081754883]], '불', 0.595324169466668), ([[897.4772946797991, 1341.077487862031], [992.7001705511994, 1283.0163502043317], [1091.5227053202009, 1468.922512137969], [996.2998294488006, 1526.9836497956683]], '콩', 0.18256059109937528), ([[68.18418298355199, 1343.0840783210497], [100.11524077945582, 1336.1586150929854], [111.81581701644801, 1398.9159216789503], [79.88475922054418, 1405.8413849070146]], '움', 0.093181904297027), ([[389.4088311299229, 1391.0291944122212], [434.45668660555987, 1376.0174054671654], [474.5911688700771, 1503.9708055877788], [429.54331339444013, 1518.9825945328346]], '흙', 0.010667561849189211), ([[1125.960492276429, 1569.0602335772887], [1191.9886616193521, 1548.222459059411], [1225.039507723571, 1672.9397664227113], [1159.0113383806479, 1693.777540940589]], '0', 0.29704834254347645)]
[([[458, 0], [508, 0], [508, 66], [458, 66]], '핵', 0.04906387803140788), ([[942, 4], [974, 4], [974, 64], [942, 64]], '위', 0.08778988939661136), ([[610, 66], [664, 66], [664, 132], [610, 132]], '1', 0.42729492764908983), ([[1098, 72], [1182, 72], [1182, 124], [1098, 124]], '젠장" ', 0.11302842199802399), ([[208, 102], [332, 102], [332, 150], [208, 150]], '마쉬말로미', 0.03099184798879693), ([[434, 96], [466, 96], [466, 154], [434, 154]], '옷', 0.8532800050557512), ([[884, 86], [940, 86], [940, 162], [884, 162]], '핵', 0.4946595625858805), ([[1076, 120], [1202, 120], [1202, 176], [1076, 176]], '꼬망이년몸', 0.1899676172433481), ([[12, 24], [162, 24], [162, 342], [12, 342]], '콩', 0.00843284884324108), ([[224, 142], [320, 142], [320, 242], [224, 242]], '#은', 0.006823504902045313), ([[873, 169], [915, 169], [915, 262], [873, 262]], '음', 0.4442440629742386), ([[1057, 165], [1223, 165], [1223, 277], [1057, 277]], '전]화', 0.003880631178127286), ([[218, 234], [328, 234], [328, 284], [218, 284]], '플질9짓하', 0.006886438142491568), ([[208, 275], [337, 275], [337, 328], [208, 328]], '로리닫꼭지의', 0.2085661922805909), ([[365, 245], [477, 245], [477, 357], [365, 357]], '팬', 0.008288810741285069), ([[1070, 266], [1208, 266], [1208, 322], [1070, 322]], '오홀이걸은', 0.21368960178294175), ([[236, 320], [308, 320], [308, 368], [236, 368]], '감추이', 0.8393825004831587), ([[1062, 318], [1200, 318], [1200, 370], [1062, 370]], '비교가안돼', 0.13307255128979228), ([[184, 364], [358, 364], [358, 414], [184, 414]], '피부에스들없" |', 0.14388072187965292), ([[417, 357], [505, 357], [505, 469], [417, 469]], '팩', 0.2994536333337692), ([[59, 551], [183, 551], [183, 659], [59, 659]], '@', 0.8792791165908511), ([[1128, 435], [1254, 435], [1254, 716], [1128, 716]], '팩', 0.00821285335351285), ([[48, 644], [200, 644], [200, 698], [48, 698]], '아제의인생', 0.35518887831259566), ([[52, 690], [192, 690], [192, 740], [52, 740]], '존재하지입애', 0.1102785201357449), ([[1130, 898], [1208, 898], [1208, 946], [1130, 946]], '센디있', 0.0684714929928399), ([[1112, 942], [1224, 942], [1224, 992], [1112, 992]], '꼬멩이보지', 0.08743607761760402), ([[1120, 986], [1218, 986], [1218, 1034], [1120, 1034]], '임신햇', 0.6403437465260802), ([[90, 1022], [184, 1022], [184, 1072], [90, 1072]], '아직정액', 0.8705992698669434), ([[64, 1066], [212, 1066], [212, 1116], [64, 1116]], '셈거이니지?', 0.40329912226978953), ([[82, 1110], [194, 1110], [194, 1158], [82, 1158]], '그추가로', 0.8119344115257263), ([[738, 1090], [814, 1090], [814, 1144], [738, 1144]], '사리', 0.006909699956593415), ([[72, 1152], [202, 1152], [202, 1202], [72, 1202]], '아제의침도', 0.4538272606079708), ([[98, 1198], [168, 1198], [168, 1246], [98, 1246]], '줄륭0', 0.039720431807785665), ([[244, 1200], [392, 1200], [392, 1272], [244, 1272]], '주류어', 0.07073357469584934), ([[61, 1297], [103, 1297], [103, 1353], [61, 1353]], '옛', 0.30943280203701207), ([[633, 1277], [675, 1277], [675, 1329], [633, 1329]], '욕', 0.9465033921635637), ([[4, 1346], [54, 1346], [54, 1398], [4, 1398]], '닭', 0.02033920976850312), ([[1228, 1324], [1260, 1324], [1260, 1406], [1228, 1406]], '움', 0.992811294418118), ([[1181, 1376], [1221, 1376], [1221, 1465], [1181, 1465]], '움', 0.7441901781820803), ([[51, 1587], [135, 1587], [135, 1631], [51, 1631]], '입안서', 0.8145837878642557), ([[26, 1624], [156, 1624], [156, 1672], [26, 1672]], '섞은뒤 천천히', 0.9211125225646685), ([[17, 1663], [155, 1663], [155, 1755], [17, 1755]], '대때염씨 ?', 0.0007737609874444262), ([[161, 1603], [369, 1603], [369, 1772], [161, 1772]], '모략', 0.271438139221694), ([[388.6378570158299, 86.01642717412919], [420.57515697994637, 83.04156666742776], [433.3621429841701, 203.98357282587082], [402.42484302005363, 207.95843333257224]], '홍', 0.05329730734736615), ([[177.21008825986678, 481.01356836212284], [333.6508181645952, 425.0593199885565], [457.7899117401332, 817.9864316378771], [301.3491818354048, 873.9406800114435]], '꼴', 0.010875851096299238), ([[906.4405548636238, 484.00680489493936], [1076.436107266896, 524.3326214611568], [975.5594451363762, 940.9931951050606], [805.563892733104, 900.6673785388432]], '찌', 0.15287613125767407), ([[760.6135624623673, 1354.0149557645384], [798.746919592489, 1349.0561036497156], [815.3864375376327, 1492.9850442354616], [776.253080407511, 1497.9438963502844]], '음', 0.2674256740584866), ([[702.095189147273, 1517.0178043407338], [948.7466698640989, 1641.595736482924], [855.904810852727, 1816.9821956592662], [609.2533301359011, 1692.404263517076]], '방향', 0.10008434601711595), ([[1150.9120750480483, 1652.3186401537548], [1190.6574581621696, 1615.0309434810015], [1261.0879249519517, 1697.6813598462452], [1221.3425418378304, 1734.9690565189985]], '5', 0.8042038100666424)]
[([[360, 71], [453, 71], [453, 240], [360, 240]], '뱀', 0.09905093248509278), ([[1130, 524], [1252, 524], [1252, 710], [1130, 710]], '콩', 0.055560374889653596), ([[856, 664], [956, 664], [956, 808], [856, 808]], '꽤', 0.06335229688698352), ([[1074, 732], [1106, 732], [1106, 808], [1074, 808]], '국', 0.91523513948529), ([[148, 828], [196, 828], [196, 882], [148, 882]], '5', 0.49048434299449184), ([[24, 906], [78, 906], [78, 964], [24, 964]], '낙', 0.07286804809282987), ([[1005, 1151], [1138, 1151], [1138, 1213], [1005, 1213]], '8직교', 0.0001847986482832458), ([[219, 1229], [237, 1229], [237, 1253], [219, 1253]], '난', 0.4260271029402851), ([[216, 1252], [246, 1252], [246, 1304], [216, 1304]], '?', 0.1251026654427143), ([[782, 1438], [818, 1438], [818, 1470], [782, 1470]], '시', 0.053739276755671916), ([[822, 1572], [982, 1572], [982, 1724], [822, 1724]], '@용렉', 0.003671163866226026), ([[154.37907126708032, 30.01607545465031], [244.79847835849108, 16.33087325987685], [276.62092873291965, 246.98392454534968], [186.20152164150892, 260.66912674012315]], '봄', 0.020022147711884486), ([[53.81759014257753, 417.1596129695272], [144.74166599825193, 350.018346835311], [249.18240985742247, 514.8403870304728], [159.25833400174807, 581.9816531646891]], '출', 0.012719618525864007), ([[468.72724971372435, 446.0813253552309], [545.2226148508606, 483.08379911250927], [442.27275028627565, 691.9186746447691], [365.7773851491394, 654.9162008874907]], '3', 0.024233349046198782), ([[78.54323730950202, 692.0261645926676], [113.59336181172098, 685.0442545885268], [131.45676269049798, 786.9738354073324], [97.40663818827902, 792.9557454114732]], '모_', 0.013989350615210247), ([[1026.1702161049534, 1308.0383339334965], [1093.2238201865703, 1285.0835957835602], [1137.8297838950466, 1433.9616660665035], [1069.7761798134297, 1455.9164042164398]], '평', 0.16798933601775445)]
[]
