2259074
8
[([[4, 0], [481, 0], [481, 157], [4, 157]], '가무스접지', 0.3477016525254148)]
[]
[]
[([[968.1990038171119, 23.01888092277194], [1269.9841518948076, 138.26611689343423], [1214.8009961828882, 268.9811190772281], [912.0158481051924, 153.73388310656577]], '쓰계0', 0.0579222349274196), ([[18.14990475287853, 976.1943046960133], [308.30183650706664, 909.6175871457185], [334.8500952471215, 1090.8056953039868], [44.698163492933354, 1157.3824128542815]], '쓰제다', 0.09720040552273845)]
[([[151, 251], [215, 251], [215, 291], [151, 291]], '오옷', 0.5944201970151406), ([[980, 448], [1022, 448], [1022, 454], [980, 454]], '77 가1 -무', 0.04102105537560278), ([[238, 550], [387, 550], [387, 623], [238, 623]], '꾸릭어', 0.06454905534023311), ([[924.2135642147754, 11.02380954379452], [1150.9961033769857, 103.68172808056362], [1106.7864357852245, 201.97619045620547], [880.0038966230144, 110.31827191943638]], '똑릭어', 0.25631523311328985)]
[([[752, 572], [806, 572], [806, 634], [752, 634]], '북', 0.48412545593237155), ([[524, 776], [628, 776], [628, 882], [524, 882]], '북', 0.464570968915897), ([[1087, 915], [1181, 915], [1181, 1007], [1087, 1007]], '불', 0.043598405752342195)]
[([[925, 525], [1085, 525], [1085, 665], [925, 665]], '구:', 0.036879280039098065), ([[912, 706], [986, 706], [986, 754], [912, 754]], '도풍', 0.5081579341478082), ([[775.2599556283028, 975.2578535733992], [890.3039675132985, 967.1950171804672], [891.7400443716972, 1019.7421464266008], [775.6960324867015, 1027.8049828195328]], '신도표', 0.04685877397231398)]
[([[739, 449], [967, 449], [967, 683], [739, 683]], '시이', 0.17894361979982007), ([[622.001725626825, 504.02933565602507], [770.314943106521, 574.2226962174275], [704.998274373175, 707.9706643439749], [556.685056893479, 636.7773037825725]], '고', 0.022118909333921133), ([[988.8204184138226, 1040.3330878759389], [1286.7413950482687, 937.468170723291], [1331.1795815861774, 1103.6669121240611], [1033.2586049517313, 1205.531829276709]], '"고9', 0.19615695063292882)]
