2259035
10
[([[381, 6], [876, 6], [876, 171], [381, 171]], '카운전지', 0.05669787526130676)]
[([[186, 286], [276, 286], [276, 310], [186, 310]], '중율 때구멍', 0.1404206288519273), ([[1124, 728], [1154, 728], [1154, 752], [1124, 752]], '9', 0.9957006987681325), ([[1147, 691], [1235, 691], [1235, 777], [1147, 777]], '8', 0.0735387561411125), ([[906.2844582472001, 212.06452035960038], [1062.997082184731, 240.84724526682558], [1054.7155417528, 274.93547964039965], [898.0029178152691, 247.15275473317442]], '오오오옷000', 0.8431910863866195), ([[972.7639320225002, 505.5278640450004], [1146.6696933120734, 487.21283342377444], [1150.2360679774997, 534.4721359549995], [975.3303066879267, 552.7871665762256]], '또간닷0 0', 0.29689834526845066)]
[([[425.0499682509595, 357.06476823200444], [525.7636445772088, 384.1963614460777], [507.9500317490405, 443.93523176799556], [407.2363554227913, 415.8036385539223]], "'문질", 0.5528710035570383), ([[720.7426694080676, 662.3250759874298], [821.7999954687554, 643.4900043046824], [830.2573305919324, 711.6749240125702], [730.2000045312446, 730.5099956953176]], '문질', 0.6751218082444136)]
[([[680, 388], [791, 388], [791, 462], [680, 462]], '문적', 0.330068068795012), ([[468, 680], [548, 680], [548, 764], [468, 764]], '틀', 0.3288128753150801), ([[368.1563385122679, 582.0324006594826], [505.9576056311638, 650.0351793783881], [462.8436614877321, 733.9675993405174], [325.0423943688362, 665.9648206216119]], '주르', 0.8081212351854173)]
[([[235.31552506177647, 516.4096801976847], [368.57743358040466, 485.8569252409428], [382.6844749382235, 565.5903198023153], [249.42256641959534, 597.1430747590572]], '출령-', 0.4658923418073034), ([[985.1218571837177, 546.0429432739202], [1098.9397664227113, 596.9604922764289], [1065.8781428162824, 665.9570567260798], [952.0602335772887, 614.0395077235711]], '출렁', 0.2766400451498794)]
[([[758.7942371511954, 570.0485406748223], [1031.2030433462132, 361.44173260914766], [1093.2057628488046, 475.95145932517767], [820.7969566537867, 683.5582673908524]], '보근용', 0.007872816448472339)]
[([[56, 128], [188, 128], [188, 226], [56, 226]], '적-', 0.4671953422020622), ([[456.0127388858555, 264.8292994374676], [604.8253342692964, 217.69145622491266], [626.9872611141445, 306.1707005625324], [478.17466573070357, 353.30854377508734]], '펴업', 0.11559912880684127), ([[687.9459448540332, 423.34053933943653], [813.6850565604601, 375.0228851303444], [839.0540551459668, 447.65946066056347], [714.3149434395399, 496.9771148696556]], '찌격', 0.9692496560050026), ([[1037.960492276429, 599.0602335772887], [1153.5381496824546, 628.1539501058485], [1133.039507723571, 702.9397664227113], [1016.4618503175453, 673.8460498941515]], '제제련', 0.06549993209994143)]
[([[658.200788954827, 75.01775148360824], [892.9903680672755, 200.41122431779826], [816.799211045173, 335.98224851639173], [582.0096319327245, 210.58877568220174]], '퍽다', 0.023540005624537275), ([[1378.9468755654, 175.11125520168034], [1636.6900962749362, 138.95005927678045], [1648.0531244346, 304.8887447983197], [1390.3099037250638, 341.04994072321955]], '한다', 0.01880725663882061), ([[5.71680991784562, 504.28581653172006], [243.08519706101956, 343.31290335731103], [314.28319008215436, 484.71418346827994], [77.91480293898044, 646.687096642689]], '형', 0.009339809127775434), ([[803.9393827043631, 670.1332468235961], [1006.04122711531, 640.4639262741038], [1016.0606172956369, 778.8667531764039], [813.95877288469, 808.5360737258962]], '5', 0.0034004152032585666)]
[([[301, 283], [351, 283], [351, 327], [301, 327]], '양', 0.910295005714957), ([[172, 798], [320, 798], [320, 848], [172, 848]], '오못웃0', 0.053475819528102875)]
[([[839, 147], [1005, 147], [1005, 183], [839, 183]], '응오오오욕0', 0.7332190875111588), ([[356, 210], [446, 210], [446, 236], [356, 236]], '히이익00', 0.737818722025702), ([[198, 286], [320, 286], [320, 358], [198, 358]], '무숨', 0.1773243096664046), ([[62, 360], [247, 360], [247, 485], [62, 485]], '독숲_', 0.014663917030733125), ([[118, 792], [270, 792], [270, 818], [118, 818]], '이제 그만 . . 양0', 0.8030493943989184), ([[818.9460804086443, 263.39510555284824], [981.5518295102698, 222.58179282582816], [1000.0539195913557, 324.60489444715176], [836.4481704897302, 365.41820717417187]], '똑출', 0.07196115886984036), ([[407.6304381980899, 309.2847966121687], [606.6306660958832, 282.94909881888657], [611.3695618019101, 369.7152033878313], [413.36933390411684, 396.05090118111343]], '짧아약', 0.09756213635388868), ([[937.3076923076923, 528.5384615384615], [1044.0090194411655, 501.1102429264813], [1056.6923076923076, 565.4615384615385], [949.9909805588345, 592.8897570735187]], '포수', 0.03774630340494604), ([[604.1069609021405, 676.0332760886827], [820.9081469711458, 739.5180972658129], [788.8930390978595, 833.9667239113173], [572.0918530288542, 770.4819027341871]], '주르록', 0.25624592580198957)]
