2259055
8
[([[41, 55], [83, 55], [83, 95], [41, 95]], '리', 0.09716449900156832), ([[77, 42], [234, 42], [234, 109], [77, 109]], '중전', 0.04422783547209304), ([[928, 300], [1182, 300], [1182, 332], [928, 332]], '자네가 이번 프로적트록', 0.5225787734011829), ([[967, 323], [1153, 323], [1153, 359], [967, 359]], '망친 실수로 보면', 0.993934874388479), ([[922, 351], [1200, 351], [1200, 382], [922, 382]], '진작에 해고시켜야 하지만', 0.9983047855371192), ([[892, 377], [1227, 377], [1227, 410], [892, 410]], '특별히 만회할 기회틀 주느거야.', 0.2558670974232337), ([[62, 476], [220, 476], [220, 508], [62, 508]], '가  감사합니다', 0.5877799999555954), ([[230, 476], [308, 476], [308, 508], [230, 508]], '회장님.', 0.7125130891799927), ([[565, 751], [653, 751], [653, 813], [565, 813]], '주물', 0.9982831165093439), ([[432, 972], [522, 972], [522, 1028], [432, 1028]], '주뭄', 0.6138788410366409)]
[([[103, 51], [527, 51], [527, 111], [103, 111]], '오오오오오오옷!!??', 0.5898644396812497), ([[1026, 94], [1172, 94], [1172, 126], [1026, 126]], '자 들어간다 ~', 0.7827825450247388), ([[483, 837], [549, 837], [549, 901], [483, 901]], '콩', 0.11580043475451962), ([[830.9445678927591, 703.117740667004], [1107.9864257689985, 674.0296919470712], [1113.055432107241, 825.882259332996], [836.0135742310015, 854.9703080529288]], '수울', 0.17244835823447197)]
[([[64, 110], [298, 110], [298, 138], [64, 138]], '욕  꽉 꺼서 잘 안빠지논군', 0.8067963949185798), ([[88, 561], [277, 561], [277, 613], [88, 613]], '오호오오옷 .>', 0.20756961251766676)]
[([[934, 48], [1086, 48], [1086, 74], [934, 74]], '아아 괴 굉장해옷', 0.8262233925673019), ([[838, 68], [1198, 68], [1198, 94], [838, 94]], '고기덩어리들끼리 부딪히논 감촉0 979', 0.09970768514047079), ([[816, 90], [1218, 90], [1218, 116], [816, 116]], '회장남의 두꺼운 막대기가 제 아날구멍 안쪽올', 0.49611971618091166), ([[860, 112], [1120, 112], [1120, 138], [860, 138]], '구석구석 마굉하고있어옷9 9', 0.1705234057351543), ([[249, 293], [315, 293], [315, 337], [249, 337]], '분릇', 0.48786598857143737), ([[879, 325], [933, 325], [933, 361], [879, 361]], '분릇', 0.299226279356482), ([[900, 580], [1136, 580], [1136, 606], [900, 606]], '이쪽 구멍도 조임이 중구먼', 0.4129146988233933), ([[972.8616213225894, 360.03815770658105], [1212.7332405832867, 396.5606568076844], [1184.1383786774106, 542.961842293419], [944.2667594167134, 506.4393431923156]], '찌액', 0.060800182258026164), ([[103.30409133657196, 481.1110941579469], [286.6406917787384, 467.5316883788979], [287.69590866342804, 582.8889058420531], [104.35930822126159, 595.4683116211021]], '제에', 0.38899223704562846)]
[([[165, 61], [293, 61], [293, 101], [165, 101]], '오오오옷', 0.5568452761643778), ([[437, 63], [503, 63], [503, 101], [437, 101]], '온닷', 0.451211436560985), ([[85, 93], [559, 93], [559, 138], [85, 138]], '회장님 특제 고농축 아기 밀크으으', 0.7114460852375717), ([[996, 356], [1116, 356], [1116, 435], [996, 435]], '올령', 0.21981891205107154), ([[784.0054100676992, 124.22380429787685], [906.7193377670214, 104.01247129671356], [915.9945899323008, 185.77619570212315], [792.2806622329786, 205.98752870328644]], '올령', 0.580759132546461), ([[64.9852624800945, 835.168836072841], [422.2272813800772, 748.0444823143408], [458.0147375199055, 977.831163927159], [100.7727186199228, 1064.955517685659]], '주중', 0.31905888102228297)]
[([[494, 60], [668, 60], [668, 90], [494, 90]], '일개 여사원들중', 0.7514398702398819), ([[394, 84], [776, 84], [776, 116], [394, 116]], '이렇게 훌륭한 명기가 있을 줄이야.', 0.673461742144244), ([[416, 112], [746, 112], [746, 142], [416, 142]], '오랜만에 남김없이 짜내버로네.', 0.3670579665831273), ([[239, 301], [303, 301], [303, 343], [239, 343]], '분들', 0.8455028704560493), ([[71, 587], [133, 587], [133, 631], [71, 631]], '분들', 0.3806761575400368), ([[930.4080078298781, 425.2256446303053], [1114.6066017177982, 385.3933982822018], [1132.5919921701218, 511.7743553696947], [948.3933982822018, 551.6066017177982]], '문적', 0.04428643390766241), ([[483.0147185498715, 913.0486573537019], [614.7332591313096, 954.7057317761913], [586.9852814501286, 1033.9513426462981], [455.2667408686904, 992.2942682238087]], '끈적', 0.9607014852697218)]
[([[156, 39], [293, 39], [293, 75], [156, 75]], '승진축하하네 ,', 0.8543953908444628), ([[50, 66], [406, 66], [406, 96], [50, 96]], '자네는 지금부터 내 전용 화장실이야.', 0.5659933595037773), ([[44, 90], [416, 90], [416, 120], [44, 120]], '내일부터 이곳으로 출근하도록 하게나.', 0.8960643006544999), ([[706, 200], [752, 200], [752, 232], [706, 232]], '꿀렉', 0.2116919157259647), ([[705, 307], [756, 307], [756, 344], [705, 344]], '0궁', 0.1720158437449554), ([[511, 347], [617, 347], [617, 420], [511, 420]], '정액', 0.9803782496409924), ([[672, 348], [824, 348], [824, 422], [672, 422]], '보온통', 0.9995695352554321), ([[1008, 1022], [1220, 1022], [1220, 1052], [1008, 1052]], '보너스도 섭섭치 않게', 0.6905603822378105), ([[1002, 1046], [1232, 1046], [1232, 1076], [1002, 1076]], '잔뜩 챙겨주지 홀홀홀 ', 0.2438202283259111), ([[521.0574282752855, 234.50337089551385], [576.8934221765743, 223.23809701327], [582.9425717247145, 259.49662910448615], [527.1065778234257, 270.76190298673]], '꿀쩍', 0.749206154945915), ([[40.13783298880027, 918.2580814384015], [424.47990276422, 872.1932081022898], [429.86216701119974, 1004.7419185615985], [44.52009723578, 1050.8067918977104]], '끈-저억', 0.7592760324478149)]
[([[170, 160], [370, 160], [370, 188], [170, 188]], '아 빨리 퇴근하고 싶당', 0.9523510213672911), ([[1160, 1024], [1216, 1024], [1216, 1082], [1160, 1082]], '끝', 0.9999213234164586)]
