2260090
31
[([[55, 21], [448, 21], [448, 63], [55, 63]], '4|- 3표 찬적 *신?-', 8.458074999360695e-05), ([[51, 89], [331, 89], [331, 214], [51, 214]], '7 멋@', 0.07293491065502167), ([[46, 226], [398, 226], [398, 349], [46, 349]], '[ @ 8 3', 0.0608535176142577), ([[47, 357], [547, 357], [547, 492], [47, 492]], '[[@ @ % &', 0.0495804808977043), ([[1137, 2454], [1808, 2454], [1808, 2562], [1137, 2562]], '한국어 역식: 쪽;어-맥거', 0.0033676511837061537)]
[([[1061, 441], [1119, 441], [1119, 479], [1061, 479]], '덥>', 0.009574272109337166), ([[173, 1187], [277, 1187], [277, 1223], [173, 1223]], '굉장해. !', 0.4873051821282957), ([[777, 1207], [1041, 1207], [1041, 1243], [777, 1243]], '아아. 이런 건 생각지도', 0.7432405631284947), ([[727, 1237], [1091, 1237], [1091, 1273], [727, 1273]], '못햇네요. 아가씨들올 위해 준비한', 0.7251189224224556), ([[765, 1267], [1053, 1267], [1053, 1303], [765, 1303]], '다른 게 있둘는데.. 이렇게', 0.20325087667833758), ([[751, 1297], [1061, 1297], [1061, 1333], [751, 1333]], '시작하는 것도 나쁘진 암군요', 0.33988312211088223)]
[([[115, 125], [333, 125], [333, 161], [115, 161]], '하아, 잠시 셋고와서', 0.5820905433011608), ([[124, 156], [324, 156], [324, 188], [124, 188]], '계속 해도 월까요?', 0.5112616361894817), ([[954, 158], [1117, 158], [1117, 188], [954, 188]], '아래로 내려가서', 0.8253425597443671), ([[954, 188], [1118, 188], [1118, 218], [954, 218]], '오른쪽으로 꺾고', 0.8302170167854509), ([[922, 214], [1142, 214], [1142, 246], [922, 246]], '왼쪽으로 가면 돌니다.', 0.3481326321873008)]
[([[223, 1487], [373, 1487], [373, 1531], [223, 1531]], '까아아악!', 0.7295316583673738), ([[247, 1531], [351, 1531], [351, 1575], [247, 1575]], '주디?!', 0.9857890009880066)]
[([[986, 72], [1216, 72], [1216, 196], [986, 196]], '0골사;', 0.0020885933190584183), ([[1081, 565], [1275, 565], [1275, 675], [1081, 675]], '>밟', 0.0018106040830247318), ([[27, 1566], [470, 1566], [470, 1820], [27, 1820]], '도#때침늘', 0.0007064464315159423), ([[290.8303772201346, 998.1242818151709], [559.072134655074, 961.4314755936932], [569.1696227798654, 1122.875718184829], [300.927865344926, 1159.5685244063068]], '지릿', 0.003683577854331644)]
[([[1002, 1038], [1114, 1038], [1114, 1070], [1002, 1070]], '뛰야, 나만', 0.44888435964032375), ([[1004, 1070], [1110, 1070], [1110, 1102], [1004, 1102]], '속 빼농고', 0.6420388117631329), ([[984, 1100], [1130, 1100], [1130, 1132], [984, 1132]], '하는 거에요?', 0.9363516520328478), ([[366.4504902432036, 94.25245121601803], [628.172822836588, 56.35409676099504], [636.5495097567964, 169.74754878398196], [373.82717716341193, 207.64590323900495]], '@어 ', 0.0006724356913115485)]
[([[749, 129], [907, 129], [907, 169], [749, 169]], '까아아아악!', 0.8253201786516103), ([[808, 710], [936, 710], [936, 742], [808, 742]], '목을 조르면', 0.44212756110779955), ([[760, 740], [982, 740], [982, 772], [760, 772]], '어떤게 되는지 아냐?', 0.5332794779786519), ([[21, 725], [431, 725], [431, 947], [21, 947]], '(곧싸:', 0.0006555932923220098), ([[952, 1144], [1002, 1144], [1002, 1176], [952, 1176]], '일단', 0.9996916675806599), ([[859, 1173], [1091, 1173], [1091, 1209], [859, 1209]], '10초에서 15초 정도는', 0.8601505980490735), ([[875, 1203], [1079, 1203], [1079, 1239], [875, 1239]], '열심히 발버둥치지.', 0.7651320689900737), ([[1122, 1694], [1236, 1694], [1236, 1726], [1122, 1726]], '이거 놔 !', 0.9359606522880277), ([[1097, 1723], [1261, 1723], [1261, 1759], [1097, 1759]], '이 변대새끼 . !', 0.7068370801042666)]
[([[142, 150], [370, 150], [370, 182], [142, 182]], '그치만 15초가 지나면', 0.9833802667996305), ([[134, 180], [370, 180], [370, 212], [134, 212]], '서서히 힘이 빠지다가,', 0.4716101964461815), ([[1120, 506], [1284, 506], [1284, 654], [1120, 654]], '세대', 0.039421943001741226), ([[1046, 752], [1248, 752], [1248, 784], [1046, 784]], '포기해버리고 만다.', 0.9835857160456172), ([[186, 1292], [336, 1292], [336, 1324], [186, 1324]], '그러면 이렇게', 0.8731341852278226), ([[139, 1321], [381, 1321], [381, 1357], [139, 1357]], '갖고 놀기 중은 상태가', 0.8833734665018544), ([[152, 1354], [366, 1354], [366, 1384], [152, 1384]], '되지 이대로 놔주도', 0.585529714657032), ([[200, 1382], [300, 1382], [300, 1414], [200, 1414]], '괜찮지만.', 0.9904200503446573), ([[179, 1745], [350, 1745], [350, 1817], [179, 1817]], '애후', 0.021242763719454504), ([[541.386791497761, 432.00940282700935], [690.6288132151134, 416.8084273237088], [723.613208502239, 797.9905971729906], [574.3711867848866, 813.1915726762911]], '올', 0.258075643800467), ([[602.1465817537794, 1358.0280426574468], [732.9809354727372, 1442.2962143418395], [671.8534182462206, 1535.9719573425532], [541.0190645272628, 1452.7037856581605]], '예)', 0.12862952891051396), ([[706.7677774937581, 1547.0379953988806], [921.4753634132519, 1579.2731467794165], [889.2322225062419, 1748.9620046011194], [674.5246365867481, 1716.7268532205835]], '@올', 0.007055319959621264)]
[([[127, 135], [303, 135], [303, 177], [127, 177]], '그럴 순 없지!', 0.6232407713592674), ([[589, 136], [895, 136], [895, 173], [589, 173]], '같이 노닥거리던 건 중앞지만', 0.26351842052571667), ([[596, 168], [888, 168], [888, 200], [596, 200]], '다른 계획이 있어서 말이야', 0.804410967547989), ([[579, 197], [895, 197], [895, 233], [579, 233]], '시간도 없으니 빨리 끝내주지', 0.987425759773242), ([[32, 223], [302, 223], [302, 415], [32, 415]], '서예_', 0.28813088327983755), ([[1076, 442], [1228, 442], [1228, 474], [1076, 474]], '이렇게 정확히', 0.8316928836787956), ([[1050, 472], [1248, 472], [1248, 504], [1050, 504]], '목멀미 쪽올 잡고.', 0.38161016815003646), ([[802, 998], [1012, 998], [1012, 1030], [802, 1030]], '있는 힘껏 불러주면', 0.3954437800260702), ([[600.0724221184029, 473.02532476677175], [823.6511676839127, 553.5738338098945], [769.9275778815971, 689.9746752332283], [547.3488323160873, 610.4261661901055]], "작'*들", 0.00021484338503796607), ([[276.13227816872535, 1170.095251759264], [395.9763431635915, 1189.565609570364], [388.86772183127465, 1222.904748240736], [269.0236568364085, 1203.434390429636]], "^보''", 0.027210108935832977), ([[1140.9733597974953, 1232.0376932459353], [1218.5279261386036, 1168.0099573270065], [1388.0266402025047, 1395.9623067540647], [1310.4720738613964, 1460.9900426729935]], '올', 0.995158466998479)]
[([[92, 139], [312, 139], [312, 172], [92, 172]], '얼마 지나지 않아서.', 0.9832328143058269), ([[178, 493], [388, 493], [388, 625], [178, 625]], '"_', 0.011672377852025505), ([[178, 716], [252, 716], [252, 748], [178, 748]], '완전히', 0.9999617331115255), ([[126, 742], [271, 742], [271, 780], [126, 780]], '죽어버리지. ', 0.6192404036865654), ([[323.28445824720006, 1380.0645203596005], [353.5023207456646, 1368.03166610925], [381.71554175279994, 1442.9354796403995], [351.4976792543354, 1454.96833389075]], '?', 0.027817042958037996)]
[([[152, 142], [244, 142], [244, 172], [152, 172]], '자 가자.', 0.5028129809295528), ([[1109, 757], [1303, 757], [1303, 871], [1109, 871]], '건때국8', 0.0017480269307270646), ([[115, 997], [435, 997], [435, 1033], [115, 1033]], '좋아 해가 뜨려면 아직 멀엇군.', 0.4573921106978474), ([[133, 1025], [421, 1025], [421, 1063], [133, 1063]], '너희 둘이량 해보고 싶은게', 0.7462452930595266), ([[207, 1057], [341, 1057], [341, 1093], [207, 1093]], '정말 맘거든 .', 0.49780468229103014)]
[([[42, 1], [469, 1], [469, 50], [42, 50]], '-7어핵표 [표:4-만--,69', 4.090256493040518e-05), ([[45, 41], [442, 41], [442, 83], [45, 83]], '^지- 3표 답? *신적-', 3.596947152037445e-05), ([[53, 97], [327, 97], [327, 210], [53, 210]], '7멋@', 0.002301543412550942), ([[46, 228], [398, 228], [398, 349], [46, 349]], '[ @ 8 8', 0.04067312473596151), ([[47, 357], [549, 357], [549, 492], [47, 492]], '[[ @ @ $ &', 0.03423719263547074)]
[([[175, 133], [354, 133], [354, 166], [175, 166]], '주디한데 들없어', 0.9291695427531925), ([[1058, 136], [1264, 136], [1264, 168], [1058, 168]], '이 추잡한 입구멍...', 0.6712903691180777), ([[164, 164], [372, 164], [372, 196], [164, 196]], '네가 자기보다 훨씬', 0.8953460922497833), ([[1073, 165], [1249, 165], [1249, 201], [1073, 201]], '어떻지 궁금하군', 0.808681208589972), ([[194, 194], [344, 194], [344, 226], [194, 226]], '음당하다던데.', 0.5181445712496784), ([[745, 869], [931, 869], [931, 905], [745, 905]], '아까 햇올 때부터', 0.3383205818115776), ([[786, 902], [890, 902], [890, 934], [786, 934]], '알아복지', 0.1569424867630005), ([[983.1337797496775, 1325.0220830936792], [1344.8587273889698, 1413.8129218522417], [1302.8662202503224, 1554.9779169063208], [941.1412726110302, 1466.1870781477583]], '씨', 0.012882965205641972)]
[([[122, 120], [344, 120], [344, 152], [122, 152]], '아까까지만 하더라도', 0.971424767441121), ([[105, 149], [361, 149], [361, 185], [105, 185]], '자지름 달라고 졸라다던', 0.18870120960810374), ([[143, 179], [325, 179], [325, 215], [143, 215]], '입구멍 아니없나,', 0.6384342898838119), ([[985, 1087], [1145, 1087], [1145, 1123], [985, 1123]], '좋아, 소원대로', 0.6071497533690092), ([[990, 1117], [1142, 1117], [1142, 1150], [990, 1150]], '밤새도록 빨게', 0.9463966126268971), ([[1028, 1148], [1104, 1148], [1104, 1180], [1028, 1180]], '해주지', 0.999657945027037), ([[952.0697444461161, 98.0227867007701], [1311.7103755463058, 183.6951782323101], [1266.9302555538839, 339.9772132992299], [906.289624453694, 255.3048217676899]], '예:때', 0.0031163414055462055), ([[1072.0659233258693, 841.027288872366], [1345.6609089273136, 909.723426855633], [1305.9340766741307, 1043.972711127634], [1032.3390910726864, 975.276573144367]], '박터밟', 0.0005400610130784758)]
[([[869, 129], [969, 129], [969, 165], [869, 165]], '엄청나게', 0.9853498339653015), ([[853, 161], [983, 161], [983, 197], [853, 197]], '조여오는권', 0.4837396956557504), ([[654.6999668690902, 515.13972832654], [990.2340073385295, 475.12796851035364], [996.3000331309098, 634.86027167346], [661.7659926614705, 674.8720314896464]], ' >', 0.016218657549649254)]
[([[881, 365], [1075, 365], [1075, 401], [881, 401]], '에바 너도 확실히', 0.9855125721894379), ([[835, 395], [1119, 395], [1119, 431], [835, 431]], '중은 몸을 가지고 있지만 ..', 0.3636335899891981), ([[466, 852], [640, 852], [640, 884], [466, 884]], '역시 트루디에컨', 0.416593213800527), ([[478, 882], [630, 882], [630, 914], [478, 914]], '미치지 못해  .', 0.4627787172755503), ([[1209.0054100676994, 386.2238042978769], [1260.6322370187268, 337.02223433408113], [1354.9945899323006, 447.7761957021231], [1303.3677629812732, 496.97776566591887]], '올', 0.8563491988094576)]
[([[121, 139], [431, 139], [431, 175], [121, 175]], '비행기에서 처음 빗올 때부터', 0.20444361799889627), ([[945, 147], [1131, 147], [1131, 183], [945, 183]], '이 순간을 위해서', 0.7776118937868052), ([[151, 169], [403, 169], [403, 205], [151, 205]], '네게 눈올 떼지 못햇어', 0.5973478032851116), ([[923, 177], [1149, 177], [1149, 213], [923, 213]], '몇 달올 기다려올까 .', 0.10744292202222706), ([[695, 833], [889, 833], [889, 869], [695, 869]], '오늘 밤 너희 물올', 0.5522070752027369), ([[669, 863], [915, 863], [915, 899], [669, 899]], '만싸을 때, 하늘이 주신', 0.4824678551862612), ([[1154, 870], [1240, 870], [1240, 902], [1154, 902]], '오늘 밤,', 0.7634999695527833), ([[688, 896], [892, 896], [892, 928], [688, 928]], '기회라고 생각햇지.', 0.5361947669179411), ([[695, 1678], [870, 1678], [870, 1710], [695, 1710]], '주디한데 들기론', 0.6896081159512555), ([[706, 1710], [862, 1710], [862, 1742], [706, 1742]], '꽤나 남성미가', 0.7479981607423695), ([[1119, 1701], [1139, 1701], [1139, 1727], [1119, 1727]], '널', 0.9729366480940804), ([[1150, 1698], [1244, 1698], [1244, 1730], [1150, 1730]], "'여자' 로", 0.34200480735513816), ([[729, 1740], [835, 1740], [835, 1772], [729, 1772]], '있다던데.', 0.7737685263492668), ([[1118, 1728], [1244, 1728], [1244, 1760], [1118, 1760]], '만들어주지.', 0.670140217300028)]
[([[614, 126], [824, 126], [824, 158], [614, 158]], '주디랑 에바도 꽤나', 0.43262187801800595), ([[575, 155], [861, 155], [861, 191], [575, 191]], '즐겁게 가지고 놀긴 햇지만', 0.888753739166114), ([[606, 183], [831, 183], [831, 221], [606, 221]], '결국은 에피다이저와', 0.3597994905215819), ([[584, 216], [844, 216], [844, 248], [584, 248]], '사이드 메뉴에 불과하지.', 0.8520907242383694), ([[945, 1071], [1147, 1071], [1147, 1110], [945, 1110]], '오늘의 메인디쉬는', 0.6106633501500632), ([[940, 1104], [1154, 1104], [1154, 1136], [940, 1136]], '바로 트루디; 너라고', 0.5788667202280243), ([[981, 1132], [1113, 1132], [1113, 1168], [981, 1168]], '정햇으니까!', 0.5956188935863301), ([[1136, 1726], [1216, 1726], [1216, 1758], [1136, 1758]], '자 벌려', 0.9020870319401499), ([[990.4791454530326, 696.1518515845403], [1130.7966213826044, 792.635864983939], [958.5208545469674, 1043.8481484154597], [818.2033786173956, 948.364135016061]], '입', 0.3184387960353128)]
[([[214, 131], [312, 131], [312, 163], [214, 163]], '축축하고', 0.9960403442382812), ([[1090, 122], [1216, 122], [1216, 154], [1090, 154]], '빨리 자지름', 0.6664501476355382), ([[194, 164], [334, 164], [334, 196], [194, 196]], '미골거리눈군', 0.27910041294165844), ([[1094, 154], [1212, 154], [1212, 186], [1094, 186]], '물고싶어서', 0.9975183351548804), ([[1092, 184], [1212, 184], [1212, 216], [1092, 216]], '그런 거야?', 0.9686161076206042), ([[380, 828], [714, 828], [714, 1004], [380, 1004]], '', 0.0)]
[([[426, 112], [518, 112], [518, 144], [426, 144]], '자 여기,', 0.5387664967088855), ([[428, 142], [518, 142], [518, 174], [428, 174]], '빨아 쥐', 0.9986352623883235), ([[1078, 516], [1304, 516], [1304, 666], [1078, 666]], '씨몸자', 0.000313555532767939), ([[1008.4046708937282, 1260.2708278986056], [1285.893074678518, 1171.179895679883], [1333.595329106272, 1373.7291721013944], [1055.106925321482, 1462.820104320117]], '아)', 0.0008515957607589966)]
[([[835, 145], [1111, 145], [1111, 181], [835, 181]], '꽤 오랫동안 한 것 갈은데', 0.8109787818728706), ([[865, 175], [1081, 175], [1081, 211], [865, 211]], '아직 부족한 것 갈군', 0.8167280110004077), ([[454.2744240721474, 568.3876087656047], [647.8342282374203, 702.8245435989156], [390.7255759278526, 1067.6123912343953], [196.16577176257968, 933.1754564010844]], '8', 0.5262883096140882), ([[160.03601446827858, 1324.0211298767513], [572.6114484612945, 1415.88353362642], [522.9639855317214, 1595.9788701232487], [109.38855153870556, 1504.11646637358]], '--적', 0.003871141803451575)]
[([[740, 988], [798, 988], [798, 1038], [740, 1038]], '빼', 0.5936618063735786), ([[227.74604313272016, 1546.3571940972406], [500.1560241475954, 1491.2118786465435], [517.2539568672798, 1620.6428059027594], [244.84397585240458, 1675.7881213534565]], '-)-)', 0.01826724410057068)]
[([[827, 353], [1123, 353], [1123, 389], [827, 389]], '하 정말! 예약 다 찾다는데?', 0.7909220409284561), ([[674, 678], [726, 678], [726, 708], [674, 708]], '와.', 0.023616013575153243), ([[854, 792], [1182, 792], [1182, 824], [854, 824]], '그러니까 내가 주디한데 말기지', 0.5537433812450937), ([[864, 822], [1174, 822], [1174, 854], [864, 854]], '말고 따로 예약하자고 햇잡아', 0.8278598536561966), ([[1060, 908], [1206, 908], [1206, 940], [1060, 940]], '이제 어쩌지?', 0.6254906702520541), ([[801, 1291], [977, 1291], [977, 1327], [801, 1327]], '일정이 꼬옛네.', 0.3049753405402017), ([[1018, 1398], [1136, 1398], [1136, 1428], [1018, 1428]], '거기 두 분,', 0.8224721093202861), ([[967, 1425], [1189, 1425], [1189, 1461], [967, 1461]], '엿들어서 죄송하지만', 0.9328805507773112), ([[963, 1454], [1195, 1454], [1195, 1492], [963, 1492]], '아무래도 곤란한 일이', 0.8367749598421047), ([[998, 1488], [1158, 1488], [1158, 1520], [998, 1520]], '생긴 것 갈네요', 0.911800669121155)]
[([[888.8061770169313, 691.0379133491008], [1331.2997553423545, 597.2369074684613], [1353.1938229830687, 755.9620866508992], [909.7002446576456, 849.7630925315387]], '(왜애타', 0.013604125007987022)]
[([[166, 773], [283, 773], [283, 809], [166, 809]], '둘 다 정말', 0.7711943001756774), ([[175, 803], [272, 803], [272, 839], [175, 839]], '명기로군', 0.9905661344528198), ([[355, 1151], [556, 1151], [556, 1189], [355, 1189]], '아무래도 놔딪다가', 0.3487294323987443), ([[348, 1184], [560, 1184], [560, 1217], [348, 1217]], '하루만 더 새야켓어', 0.43717825294048607), ([[390, 1213], [498, 1213], [498, 1245], [390, 1245]], '자 이리로', 0.9998429488557876), ([[232.39283723144757, 245.4401793705702], [328.9984895702707, 324.6109101184873], [184.60716276855243, 496.5598206294298], [88.0015104297293, 417.3890898815127]], '춤', 0.07816239181761464)]
[([[624, 116], [805, 116], [805, 153], [624, 153]], '주디라는 친구가', 0.8178866848648944), ([[126, 147], [293, 147], [293, 180], [126, 180]], '무슨 문제라도?', 0.7019777296824482), ([[610, 148], [820, 148], [820, 180], [610, 180]], '저희보다 먼저 와서', 0.9923397697388202), ([[938, 476], [1240, 476], [1240, 508], [938, 508]], '호텔올 예약해놓기로 햇는데', 0.597350169970584), ([[957, 502], [1221, 502], [1221, 539], [957, 539]], '호텔 축예선 예약은 커녕', 0.558499094806098), ([[958, 536], [1214, 536], [1214, 568], [958, 568]], '도착도 안쾌다고 해서요', 0.5711516125298677), ([[693, 599], [839, 599], [839, 635], [693, 635]], '괜찮으시다면', 0.9929849048762344), ([[639, 629], [893, 629], [893, 665], [639, 665]], '저희 집어서 머무르시조', 0.5486171317325362), ([[1031, 1043], [1131, 1043], [1131, 1079], [1031, 1079]], '괜찮아요', 0.999013364315033), ([[1005, 1073], [1159, 1073], [1159, 1109], [1005, 1109]], '그 정도까진..', 0.7653476373046385), ([[108, 1174], [306, 1174], [306, 1206], [108, 1206]], '이전에 비행기에서', 0.9813243705044304), ([[76, 1204], [332, 1204], [332, 1236], [76, 1236]], '잘 대해주신 보답이에요', 0.6941344765331737), ([[700, 1206], [838, 1206], [838, 1238], [700, 1238]], '야야 트루다,', 0.4035229324687247), ([[77, 1231], [333, 1231], [333, 1267], [77, 1267]], '사양하지 않아도 빛니다.', 0.24779649281830632), ([[694, 1236], [846, 1236], [846, 1268], [694, 1268]], '너무 박박하게', 0.3593991486528712), ([[960, 1232], [1136, 1232], [1136, 1264], [960, 1264]], '게다가 잘생기고', 0.9222020588034341), ([[724, 1266], [814, 1266], [814, 1298], [724, 1298]], '물지 마', 0.5893276019229536), ([[942, 1262], [1152, 1262], [1152, 1294], [942, 1294]], '돈도 많아 보이잡아', 0.5561597579651658), ([[1026, 1680], [1200, 1680], [1200, 1712], [1026, 1712]], '아무래도 오늘은', 0.9900652170898944), ([[1048, 1710], [1176, 1710], [1176, 1742], [1048, 1742]], '운수가 중은', 0.6376263479009159), ([[1038, 1740], [1188, 1740], [1188, 1772], [1038, 1772]], '날인가 보네요', 0.9907070356346017)]
[([[149, 159], [351, 159], [351, 195], [149, 195]], '편하게 있어주세요', 0.93883296881105), ([[993, 609], [1147, 609], [1147, 645], [993, 645]], '고급 양주인데', 0.7271540276583173), ([[969, 639], [1171, 639], [1171, 675], [969, 675]], '한 잔 하시켓어요?', 0.584087078077872), ([[173, 901], [349, 901], [349, 937], [173, 937]], '퍼스트 플래스로', 0.5774721266227281), ([[175, 929], [349, 929], [349, 967], [175, 967]], '타신다 싶엇터니', 0.5882080377269446), ([[171, 961], [347, 961], [347, 997], [171, 997]], '역시 부자석군요_', 0.5714704603671258), ([[905, 1293], [1247, 1293], [1247, 1329], [905, 1329]], '아뇨 그냥 운이 중앞을 뿐이에요', 0.4371204798742229), ([[909, 1325], [1249, 1325], [1249, 1361], [909, 1361]], '오늘 밤 이렇게 아름다고 셈시한', 0.33536009171481246), ([[933, 1355], [1225, 1355], [1225, 1391], [933, 1391]], '두 아가씨름 만난 것 처럼요', 0.44660409467309725)]
[([[135, 139], [293, 139], [293, 171], [135, 171]], '셈시하다고요?', 0.5841765922838508), ([[495, 141], [679, 141], [679, 177], [495, 177]], '보여주자, 트루디', 0.6993094966758953), ([[92, 705], [346, 705], [346, 738], [92, 738]], '아무래도 진짜 셈시한게', 0.5420914800028702), ([[116, 738], [322, 738], [322, 768], [116, 768]], '먼지 모르시나 보네', 0.8208021167888638), ([[142, 1468], [256, 1468], [256, 1500], [142, 1500]], '자자, 너무', 0.9187367260841919), ([[1034, 1476], [1126, 1476], [1126, 1506], [1034, 1506]], '저, 저기', 0.43020874615348526), ([[124, 1498], [278, 1498], [278, 1530], [124, 1530]], '딱딱하게 물지', 0.6337303970409999), ([[1020, 1505], [1142, 1505], [1142, 1537], [1020, 1537]], '아가씨들.', 0.9215175680673817), ([[160, 1530], [236, 1530], [236, 1560], [160, 1560]], '마시고', 0.9999687532814072), ([[955, 1649], [1233, 1649], [1233, 1685], [955, 1685]], '무슨 생각으로 초대햇는지', 0.5561085349655356), ([[997, 1679], [1185, 1679], [1185, 1715], [997, 1715]], '다 알고 있다고요.', 0.9406030693308578), ([[966, 1712], [1210, 1712], [1210, 1744], [966, 1744]], '저희랑 갈은 생각이조?', 0.597803238747339)]
[([[109, 654], [286, 654], [286, 691], [109, 691]], '하룻밤 재위주신', 0.8493862479594602), ([[99, 685], [293, 685], [293, 721], [99, 721]], '보답일 뿐이니까  .', 0.44574155466830795), ([[837, 771], [933, 771], [933, 807], [837, 807]], '스타일도', 0.9994411468505859), ([[822, 802], [948, 802], [948, 834], [822, 834]], '맘에 들고..', 0.5149197635492323), ([[227.10517502059216, 512.1365600658949], [268.9253985673744, 525.3351366892331], [260.8948249794078, 549.8634399341051], [219.07460143262563, 536.6648633107669]], '기', 0.5207950741628906)]
[([[98, 96], [226, 96], [226, 128], [98, 128]], '긴장 푸시고', 0.9934846711560479), ([[111, 123], [211, 123], [211, 159], [111, 159]], '저희한데', 0.9007397999814288), ([[104, 156], [222, 156], [222, 188], [104, 188]], '말겨주세요', 0.9890108947202626), ([[916, 1728], [960, 1728], [960, 1758], [916, 1758]], '하 .', 0.6710193954505611), ([[970, 1730], [1022, 1730], [1022, 1760], [970, 1760]], '정말', 0.9999897161844511), ([[898, 1758], [1040, 1758], [1040, 1790], [898, 1790]], '굉장하군요..', 0.6225609022943301)]
[([[150, 142], [256, 142], [256, 172], [150, 172]], '이제 당신', 0.8356714240184958), ([[150, 172], [256, 172], [256, 204], [150, 204]], '차례에요.', 0.9646321489119388), ([[285, 1329], [369, 1329], [369, 1373], [285, 1373]], '크원', 0.5364448616500394)]
