2263960
21
[([[225, 69], [473, 69], [473, 113], [225, 113]], '메이드 누나아', 0.9913722703579213)]
[([[248, 350], [276, 350], [276, 378], [248, 378]], '망?', 0.015322296656870071), ([[432, 846], [494, 846], [494, 878], [432, 878]], '7러', 0.0020491118767993976), ([[509, 845], [575, 845], [575, 881], [509, 881]], '.작', 0.005058031217404868)]
[([[117, 105], [335, 105], [335, 143], [117, 143]], '7고할, ",아고미깜.', 0.00012196660341814185)]
[([[406, 228], [488, 228], [488, 252], [406, 252]], '뭐야 웃어?', 0.7883202020337717), ([[508, 228], [544, 228], [544, 252], [508, 252]], '늑대', 0.9999579377042895), ([[406, 262], [544, 262], [544, 290], [406, 290]], '인간... 날 놀리네?', 0.68682588949787)]
[([[94, 102], [232, 102], [232, 126], [94, 126]], '보자보 자하니깐 날', 0.7505129313558835), ([[76, 138], [248, 138], [248, 162], [76, 162]], '무시하네! 어리지만 나도', 0.8409159358962117), ([[255, 143], [289, 143], [289, 157], [255, 157]], '네가', 0.9985229040948852), ([[86, 171], [274, 171], [274, 200], [86, 200]], '섬겨야 활 주인이람 말야!', 0.2858131766284424), ([[228.8858279709377, 97.21456992734423], [267.72603053188993, 102.74749948534787], [264.11417202906233, 127.78543007265577], [225.27396946811007, 122.25250051465213]], '완전', 0.9988730950422141)]
[([[172, 86], [350, 86], [350, 118], [172, 118]], '못하는 쓸모없는 것 ,', 0.824989331823596), ([[102, 130], [378, 130], [378, 162], [102, 162]], '이렇계라도 사용해주지! 음란한', 0.7427951708312241), ([[108, 176], [370, 176], [370, 204], [108, 204]], '암캐야 누가 위인지 새7 주 마!', 0.22250677127225726), ([[124.65835921350012, 89.31671842700025], [167.4, 86.2], [168.34164078649988, 114.68328157299975], [126.6, 116.8]], '일도', 0.9996462376838618)]
[([[322, 100], [410, 100], [410, 124], [322, 124]], '검하해+갚,.', 0.0002224999996914871), ([[430, 364], [564, 364], [564, 388], [430, 388]], '이제 와서 아부떨어도', 0.887171268031511), ([[402, 396], [568, 396], [568, 422], [402, 422]], '소용 없어. 막 울면서 해원', 0.36717329372934715), ([[407, 431], [435, 431], [435, 447], [407, 447]], '관서도', 0.1637083323214724), ([[440, 428], [564, 428], [564, 452], [440, 452]], '용서하지 않울거하!', 0.33871487627638897), ([[195, 573], [259, 573], [259, 615], [195, 615]], '젓해@', 0.002428853724235421), ([[255.15350102802535, 92.12190349528619], [324.94009176737137, 104.40345964140292], [319.84649897197465, 131.87809650471382], [250.05990823262863, 119.59654035859708]], '0룩거,', 0.00316338031552732), ([[70.14304661822948, 276.2572186472918], [108.53238308625158, 264.71477547604707], [112.85695338177052, 281.7427813527082], [74.46761691374842, 293.28522452395293]], '끝:', 0.010220598542536609)]
[([[51, 163], [558, 163], [558, 227], [51, 227]], '찌 -@ [@0:- [@.@?', 0.0010543375017569017)]
[([[235, 205], [291, 205], [291, 233], [235, 233]], '["아', 0.00046812368995792177)]
[([[425, 89], [553, 89], [553, 125], [425, 125]], '????2??', 0.2568682962568088), ([[58, 222], [232, 222], [232, 248], [58, 248]], '물쩍... 불쩍... 미한:요 오', 0.11550779492538066), ([[59, 259], [119, 259], [119, 277], [59, 277]], '내가 너무', 0.6941146002886753), ([[119, 252], [230, 252], [230, 281], [119, 281]], '심한 짓율 햄어요', 0.16971703051952342), ([[75, 289], [117, 289], [117, 309], [75, 309]], '물쩍..', 0.32331615686416626), ([[127, 289], [215, 289], [215, 309], [127, 309]], '용 서용 주세요', 0.3311790868702331), ([[351, 481], [379, 481], [379, 499], [351, 499]], '1무0', 0.042940104735614305)]
[([[146, 28], [312, 28], [312, 54], [146, 54]], '장난 좀 칠수 잇는 거구 일', 0.43555482038051235), ([[124, 60], [334, 60], [334, 84], [124, 84]], '좀 못날 수 잇눈건데.. 톤 벌리고', 0.15783988345981664), ([[130, 90], [310, 90], [310, 114], [130, 114]], '고생하논 사람히데 너무햇어', 0.20091571238938924), ([[59, 135], [225, 135], [225, 155], [59, 155]], '메이드라고 관서도 사람인데', 0.21762047086754155), ([[58, 164], [224, 164], [224, 188], [58, 188]], '막 이러논 건 정말 못된 짓', 0.6195178973501158), ([[73, 199], [129, 199], [129, 217], [73, 217]], '이니깐. .', 0.24960943408261907), ([[137, 201], [193, 201], [193, 217], [137, 217]], '미안관 요', 0.28401530889671023), ([[190, 292], [237, 292], [237, 311], [190, 311]], '5아+-니!', 0.038810661987127376)]
[([[84, 60], [280, 60], [280, 92], [84, 92]], '메이드 누나! 혹시', 0.7006441484307289), ([[81, 101], [281, 101], [281, 137], [81, 137]], '최근에 빨래햇어?', 0.5070866472172225), ([[46, 260], [244, 260], [244, 284], [46, 284]], '늑대인간 메이드: 머루', 0.627454321678482), ([[53, 293], [245, 293], [245, 313], [53, 313]], "고객'의 요청으로 [메이드", 0.5828856715576092), ([[42, 317], [244, 317], [244, 343], [42, 343]], '플레이]률 하려고 나석지만_', 0.34033513926985576), ([[41, 347], [249, 347], [249, 367], [41, 367]], '주소지름 햇갈려 가사도우미', 0.5720685061748322), ([[45, 375], [245, 375], [245, 395], [45, 395]], '구하던 집에 들어가 어쩌다', 0.6132822643817986), ([[44, 399], [238, 399], [238, 425], [44, 425]], '보니 이직 . 가사능력 없음', 0.9679943498674022)]
[([[183, 103], [247, 103], [247, 123], [183, 123]], '사("디심', 0.00511140969112934), ([[129, 235], [143, 235], [143, 257], [129, 257]], '9', 0.8774428205938989), ([[143, 227], [206, 227], [206, 266], [143, 266]], '억?!', 0.6449958214059306), ([[263, 405], [344, 405], [344, 446], [263, 446]], "표'", 0.2740657813116786), ([[245, 441], [301, 441], [301, 481], [245, 481]], '[줄[', 0.005084632406150228), ([[343, 441], [381, 441], [381, 481], [343, 481]], '쏘<', 0.01893232965138907), ([[294.13227816872535, 438.0952517592642], [356.84389033376715, 453.8934255099761], [345.86772183127465, 490.9047482407358], [283.15610966623285, 475.1065744900239]], "[미)'", 0.012950928881764412)]
[([[180, 36], [230, 36], [230, 60], [180, 60]], '-^~', 0.09528259932994843), ([[250, 72], [292, 72], [292, 96], [250, 96]], '6아!.', 0.0017103346763178706), ([[305, 101], [401, 101], [401, 117], [305, 117]], '상안미이]} 이형플형 +^국', 3.373464348938123e-05), ([[400, 96], [446, 96], [446, 124], [400, 124]], '|명타컨|', 0.0015437553711865023), ([[307, 127], [337, 127], [337, 143], [307, 143]], "[)업'", 0.0860089361667633), ([[345, 129], [441, 129], [441, 147], [345, 147]], '감즌,,! 8퍽어4+ ;', 0.00018108502711297977), ([[303, 553], [349, 553], [349, 589], [303, 589]], '원월', 0.040063389439561795), ([[437, 901], [591, 901], [591, 937], [437, 937]], '+제즌 @,어!', 0.0024415380612092127), ([[225.7805784783006, 42.4147520217908], [272.70759235158806, 36.958785151470686], [275.21942152169936, 58.5852479782092], [228.29240764841194, 64.04121484852931]], '8어형핸', 0.01924520544707775), ([[275.3273272060037, 35.11651617681032], [317.9295276424755, 44.47376518841578], [312.6726727939963, 66.88348382318968], [270.0704723575245, 57.52623481158422]], '이아!;', 0.003643516218289733), ([[201.7805784783006, 76.4147520217908], [250.7290143733684, 70.99475908525093], [252.2194215216994, 92.5852479782092], [204.2709856266316, 98.00524091474907]], '80형핸', 0.043378595262765884)]
[([[87, 117], [277, 117], [277, 155], [87, 155]], '목욕장에 수건이', 0.9420499954524433), ([[93, 163], [271, 163], [271, 199], [93, 199]], '하나도 없는데?', 0.6859875424265278), ([[312, 236], [368, 236], [368, 262], [312, 262]], '7코리', 0.0009860815972867031), ([[372, 238], [440, 238], [440, 262], [372, 262]], '모; )', 0.003806103952229023), ([[370, 336], [568, 336], [568, 360], [370, 360]], '주인집 아들내미: 쇼년', 0.7018072369744707), ([[372, 366], [560, 366], [560, 390], [372, 390]], '중산종 상인 집안의 소년', 0.7023861149770186), ([[376, 394], [412, 394], [412, 418], [376, 418]], '집울', 0.43951407587345553), ([[416, 394], [564, 394], [564, 418], [416, 418]], '자주 비우는 부모가', 0.7627159994057652), ([[381, 423], [535, 423], [535, 443], [381, 443]], '메이드틀 고용햇지만', 0.578340163180972), ([[381, 451], [557, 451], [557, 471], [381, 471]], '가사능력이 없어 오히터', 0.4899087039804962), ([[384, 476], [554, 476], [554, 500], [384, 500]], '일거리만 잔뜩 늘없다.', 0.9529840121146267)]
[([[134, 67], [304, 67], [304, 100], [134, 100]], '어절 수 없으니깐', 0.44569758972668705), ([[112, 108], [326, 108], [326, 140], [112, 140]], '빨래동에서 덜 굽굽한', 0.33356427345822365), ([[120, 146], [320, 146], [320, 178], [120, 178]], '수건이라도 갖다 쥐!', 0.9679970272033503), ([[426, 368], [516, 368], [516, 400], [426, 400]], '떼습년', 0.008233752468480772)]
[]
[([[342, 48], [532, 48], [532, 80], [342, 80]], '어? 변승변송한 수건', 0.42741996738568316), ([[332, 84], [546, 84], [546, 116], [332, 116]], '남아있없어? 다행이네!', 0.9305454444790865)]
[([[369, 132], [561, 132], [561, 177], [369, 177]], '|0 [<아`.석', 0.00010611313831544381), ([[64, 162], [214, 162], [214, 192], [64, 192]], '갖다취서 고맙. ?', 0.7866169425510888)]
[([[58, 192], [214, 192], [214, 216], [58, 216]], '메이드 누나. 이번엔', 0.6135713450696776), ([[50, 222], [224, 222], [224, 248], [50, 248]], '부모님한테 말 안할게.', 0.47311510683836344), ([[386, 240], [520, 240], [520, 266], [386, 266]], '다음부터 손 수건', 0.2921024292322002), ([[374, 272], [532, 272], [532, 296], [374, 296]], '막 버리고 그러지마', 0.7075911109057085), ([[356.13227816872535, 334.0952517592642], [414.9403870833648, 354.3119959060792], [403.86772183127465, 386.9047482407358], [344.0596129166352, 366.6880040939208]], '뺨간', 0.0020636201469772073)]
[([[133, 79], [311, 79], [311, 119], [133, 119]], '7순< 히*아발미_', 8.237305131148412e-06)]
