2268951
15
[([[1134, 14], [2036, 14], [2036, 280], [1134, 280]], '@쓰-실롭없페', 0.009947194912454228), ([[1466, 2537], [1634, 2537], [1634, 2718], [1466, 2718]], '숲', 0.816879886465415)]
[]
[([[165, 76], [257, 76], [257, 109], [165, 109]], '102,3451', 0.22824521954099924), ([[954, 2139], [1170, 2139], [1170, 2592], [954, 2592]], ',', 0.004395721252375362)]
[]
[([[395, 859], [459, 859], [459, 950], [395, 950]], '1 (', 0.13290099799633026)]
[]
[([[1246, 1433], [1293, 1433], [1293, 1466], [1246, 1466]], '()', 0.04379498179392929), ([[949, 2146], [1194, 2146], [1194, 2645], [949, 2645]], '슬', 0.2828669376668955), ([[172.05131670194947, 75.15395010584845], [255.9683831924023, 86.56560245964845], [251.94868329805053, 110.84604989415155], [168.0316168075977, 99.43439754035155]], '@25451', 0.03645417405549909)]
[([[1614, 230], [1783, 230], [1783, 327], [1614, 327]], '아니야', 0.9886040739452486), ([[1609, 318], [1781, 318], [1781, 415], [1609, 415]], '아니야', 0.9488035097181892), ([[1610, 404], [1784, 404], [1784, 497], [1610, 497]], '걱정안', 0.996665048536997), ([[1608, 490], [1780, 490], [1780, 578], [1608, 578]], '해도돼', 0.7453819814615246), ([[181, 1103], [401, 1103], [401, 1200], [181, 1200]], '내가경찰', 0.9991587400436401), ([[178, 1191], [399, 1191], [399, 1288], [178, 1288]], '이/슬적', 0.16107280552387238), ([[186, 1280], [391, 1280], [391, 1372], [186, 1372]], '체포햇되', 0.13717050850391388), ([[190, 1369], [395, 1369], [395, 1468], [190, 1468]], '야구자', 0.8607718682965), ([[160, 1450], [417, 1450], [417, 1547], [160, 1547]], '아저씨지간', 0.7791918942540579), ([[100, 1567], [262, 1567], [262, 1664], [100, 1664]], '지금은', 0.9980519417092807), ([[123, 1655], [238, 1655], [238, 1748], [123, 1748]], '그냥', 0.9896701626231065), ([[98, 1743], [263, 1743], [263, 1836], [98, 1836]], '친구야', 0.9994748797929036), ([[83, 2333], [256, 2333], [256, 2421], [83, 2421]], '다음날', 0.9996228457055332), ([[105, 2409], [216, 2409], [216, 2500], [105, 2500]], '아침', 0.9980000439547242), ([[49, 2481], [286, 2481], [286, 2572], [49, 2572]], '사나에씨의', 0.9411262437326565), ([[67, 2557], [268, 2557], [268, 2653], [67, 2653]], '1영상이', 0.4006321430206299), ([[68, 2633], [270, 2633], [270, 2725], [68, 2725]], '휴대표에', 0.2214118391275406), ([[44, 2713], [292, 2713], [292, 2806], [44, 2806]], '전승되없다', 0.38303563113200917), ([[580.1410254866037, 992.0230740508277], [698.6930728288843, 977.047109919316], [722.8589745133963, 1209.9769259491723], [604.3069271711157, 1224.952890080684]], '규', 0.9639042427863842), ([[1796.9343979203602, 1927.0406127567194], [1884.585261982409, 1873.0122386204243], [2001.0656020796398, 2085.9593872432806], [1913.414738017591, 2139.9877613795757]], '8', 0.9436299311541099), ([[612.1047689720663, 1993.021102207804], [816.838681081427, 2099.5293533007966], [739.8952310279337, 2242.978897792196], [535.161318918573, 2136.4706466992034]], '악동', 0.03958758113480134)]
[([[1748, 283], [1953, 283], [1953, 373], [1748, 373]], '[아제씨도', 0.490818933711212), ([[1768, 369], [1944, 369], [1944, 481], [1768, 481]], '건배', 0.2906077215286011), ([[744, 778], [866, 778], [866, 895], [744, 895]], '0', 0.9997290556400493), ([[1734, 886], [1831, 886], [1831, 976], [1734, 976]], "'영?", 0.21605300732502777), ([[1541, 990], [1698, 990], [1698, 1098], [1541, 1098]], '어라?', 0.9284988641738892), ([[1531, 1087], [1704, 1087], [1704, 1184], [1531, 1184]], '뛰지 ', 0.3386173183606111), ([[532, 1158], [596, 1158], [596, 1222], [532, 1222]], '0', 0.3958110891089781), ([[573, 1221], [612, 1221], [612, 1263], [573, 1263]], '9', 0.6692534366980141), ([[148, 2208], [307, 2208], [307, 2328], [148, 2328]], '뛰야', 0.35614438434164436), ([[116, 2306], [338, 2306], [338, 2433], [116, 2433]], '기억못', 0.8583734829936885), ([[81, 2418], [369, 2418], [369, 2533], [81, 2533]], '하느거나?', 0.5792429543759127), ([[194.53314317744193, 173.00641165888644], [316.0710758455817, 159.27969817405545], [358.46685682255804, 570.9935883411135], [237.92892415441835, 584.7203018259446]], '울', 0.14305042992077688), ([[1081.7701175612585, 1697.9931058051327], [1177.737527973545, 1683.7728322877213], [1181.2298824387415, 1711.0068941948673], [1085.262472026455, 1725.2271677122787]], "'0형형디.", 0.0007950321443990748)]
[([[1455, 257], [1547, 257], [1547, 355], [1455, 355]], '0', 0.9959991735955533), ([[567, 475], [635, 475], [635, 541], [567, 541]], '0', 0.7474959575702655), ([[607, 541], [649, 541], [649, 583], [607, 583]], '0', 0.13852015964359055), ([[1684, 496], [1780, 496], [1780, 628], [1684, 628]], '앗', 0.1972657816926935), ([[131, 1512], [503, 1512], [503, 1624], [131, 1624]], '사에장계', 0.13359706437942986), ([[136, 1607], [496, 1607], [496, 1733], [136, 1733]], '고백발저서', 0.20725988612656898), ([[133, 1719], [501, 1719], [501, 1829], [133, 1829]], '이렇계나 크게', 0.7848418736821027), ([[173, 1821], [465, 1821], [465, 1931], [173, 1931]], '되버려다고', 0.36124400150734615), ([[774.4507503574476, 88.23405193021756], [908.844331147859, 49.40403221620851], [934.5492496425524, 169.76594806978244], [801.155668852141, 208.59596778379148]], '0', 0.9976117582116473)]
[([[218, 16], [481, 16], [481, 258], [218, 258]], '짝', 0.9944915544620017), ([[1156, 26], [1645, 26], [1645, 234], [1156, 234]], '찌?', 0.32337488940329134), ([[1840, 620], [1937, 620], [1937, 709], [1840, 709]], '아', 0.8186753321813036), ([[162, 974], [321, 974], [321, 1111], [162, 1111]], '역시', 0.8108505205150047), ([[64, 1083], [402, 1083], [402, 1244], [64, 1244]], '극이권', 0.26309044636299345), ([[393, 1232], [698, 1232], [698, 1409], [393, 1409]], '넷렉(', 0.0003920751605955936), ([[82, 1519], [343, 1519], [343, 1724], [82, 1724]], '탓원', 0.0758401548442494), ([[547, 1492], [649, 1492], [649, 1657], [547, 1657]], '통', 0.7992559182111023), ([[774, 1575], [1039, 1575], [1039, 1721], [774, 1721]], '전력-', 0.17046466060262924), ([[1717, 1503], [1934, 1503], [1934, 1642], [1717, 1642]], '이야상', 0.603639984983192), ([[805, 1700], [985, 1700], [985, 1833], [805, 1833]], '간대', 0.9722120639579181), ([[1794, 1740], [1958, 1740], [1958, 1866], [1794, 1866]], '다고', 0.5742137959286979), ([[459, 1782], [620, 1782], [620, 1961], [459, 1961]], '통', 0.947407647325921), ([[282, 1942], [363, 1942], [363, 2040], [282, 2040]], '통', 0.9375309868483015), ([[152, 2069], [324, 2069], [324, 2264], [152, 2264]], '팀', 0.43672822182773885), ([[725, 1929], [957, 1929], [957, 2246], [725, 2246]], '광', 0.15550639276009637), ([[710, 2289], [788, 2289], [788, 2433], [710, 2433]], '향', 0.8594424688085525), ([[28, 2215], [203, 2215], [203, 2705], [28, 2705]], '팔', 0.04414401164868664), ([[23, 2714], [205, 2714], [205, 2836], [23, 2836]], '0 빵', 0.38035680441054515), ([[215.80397994562472, 340.0230805916803], [636.5041687470455, 399.81343510090085], [587.1960200543753, 660.9769194083196], [165.49583125295453, 601.1865648990992]], '제책!', 0.07399183899810804), ([[179.80382166575666, 841.0477708219581], [344.5126673204387, 872.487871170873], [316.19617833424337, 995.9522291780419], [151.4873326795613, 965.512128829127]], '오옛', 0.16003934904038872), ([[1163.814622993939, 1452.0251026569622], [1534.7686337827665, 1509.0465752857995], [1488.185377006061, 1743.9748973430378], [1116.2313662172335, 1686.9534247142005]], '파양', 0.675395453551003), ([[1736.0154442465728, 1636.1235539725812], [1950.196070975858, 1605.6435598417295], [1960.9845557534272, 1747.8764460274188], [1746.803929024142, 1778.3564401582705]], '못금', 0.09145516403386728), ([[1751.9936620098226, 1945.0174658828887], [2088.0131765557057, 2061.499204091642], [2002.0063379901774, 2290.9825341171113], [1665.986823444294, 2174.500795908358]], "'파양", 0.2373468159022295), ([[1907.086474619004, 2326.052329185335], [1967.366939168845, 2313.3581678263004], [1987.913525380996, 2428.947670814665], [1927.633060831155, 2441.6418321736996]], '안', 0.613692118351139), ([[711.336078988828, 2502.047774405608], [1020.4249290125049, 2478.4558853664557], [1024.663921011172, 2733.952225594392], [715.5750709874951, 2756.5441146335443]], '찌격', 0.15116958531928762), ([[1795.8852488522682, 2595.023022224893], [2050.5122938826094, 2668.6797770069406], [1981.1147511477318, 2890.976977775107], [1726.4877061173906, 2818.3202229930594]], '찌객', 0.06672300797141568)]
[([[165, 76], [255, 76], [255, 109], [165, 109]], '0239.51', 0.37651424051803867), ([[475, 41], [635, 41], [635, 145], [475, 145]], '네년이', 0.6786114281682682), ([[1235, 94], [1321, 94], [1321, 196], [1235, 196]], '안', 0.9991111347267321), ([[1623, 71], [1774, 71], [1774, 188], [1623, 188]], "자매'", 0.5177955863320719), ([[896, 156], [1025, 156], [1025, 235], [896, 235]], '?빵이', 0.008073478893100387), ([[1246, 171], [1361, 171], [1361, 283], [1246, 283]], '뒷모', 0.014257919390217704), ([[1639, 168], [1793, 168], [1793, 283], [1639, 283]], '좁더', 0.47528970661524905), ([[830, 229], [1096, 229], [1096, 317], [830, 317]], '보고있으니깐', 0.3341223650259139), ([[530, 265], [690, 265], [690, 368], [530, 368]], '확실히', 0.8551937341690063), ([[889, 309], [1032, 309], [1032, 390], [889, 390]], '확실히', 0.9990506812314431), ([[1660, 256], [1809, 256], [1809, 371], [1660, 371]], '카', 0.13797358000611215), ([[1868, 342], [1916, 342], [1916, 391], [1868, 391]], '씨', 0.0942182128074478), ([[848, 384], [1035, 384], [1035, 468], [848, 468]], '해주마', 0.993002838773715), ([[236, 414], [387, 414], [387, 526], [236, 526]], '꾸움', 0.50471308942821), ([[1682, 427], [2009, 427], [2009, 643], [1682, 643]], '파양', 0.8746871976389645), ([[911, 580], [1012, 580], [1012, 670], [911, 670]], '문질', 0.8038508896991443), ([[806, 653], [897, 653], [897, 732], [806, 732]], '문집', 0.2694000744486197), ([[934, 678], [1023, 678], [1023, 753], [934, 753]], '문질', 0.9751385440021488), ([[59, 840], [190, 840], [190, 917], [59, 917]], '아입', 0.18446585612879135), ([[107, 948], [264, 948], [264, 1092], [107, 1092]], '콩떡', 0.27577023043295873), ([[806, 948], [930, 948], [930, 1047], [806, 1047]], '문질', 0.09032838392897431), ([[1019, 953], [1136, 953], [1136, 1042], [1019, 1042]], '문질', 0.10648422485606215), ([[893, 1026], [1039, 1026], [1039, 1143], [893, 1143]], '문질', 0.3757929007889666), ([[1192, 1000], [1528, 1000], [1528, 1188], [1192, 1188]], '파양', 0.9053078784826484), ([[20, 1087], [199, 1087], [199, 1252], [20, 1252]], '통떡', 0.6293497086154964), ([[702, 1311], [810, 1311], [810, 1431], [702, 1431]], "좁'", 0.026663356264044653), ([[603, 1391], [798, 1391], [798, 1578], [603, 1578]], '스"', 0.020086003156477343), ([[1821, 1502], [1985, 1502], [1985, 1627], [1821, 1627]], '오', 0.06903873696373708), ([[1776, 1614], [2035, 1614], [2035, 1740], [1776, 1740]], "'한발째", 0.3165019452571869), ([[1828, 1729], [1983, 1729], [1983, 1855], [1828, 1855]], '씬다', 0.21679666562802707), ([[387, 1933], [789, 1933], [789, 2269], [387, 2269]], '부루', 0.18520159777521714), ([[701, 2191], [796, 2191], [796, 2275], [701, 2275]], '~', 0.21889901554854507), ([[1439, 2089], [1994, 2089], [1994, 2415], [1439, 2415]], '부루루록', 0.2287501096725464), ([[24, 2408], [283, 2408], [283, 2589], [24, 2589]], '세지안', 0.08991837272758722), ([[951, 2139], [1172, 2139], [1172, 2596], [951, 2596]], '스', 0.8029065214724405), ([[32, 2564], [270, 2564], [270, 2657], [32, 2657]], '임신있다는', 0.3340637619219756), ([[59, 2631], [242, 2631], [242, 2818], [59, 2818]], '쓸쩍움', 0.06298651612850784), ([[265, 2575], [802, 2575], [802, 2880], [265, 2880]], '로료릇', 0.04110447671005891), ([[492.26787114705525, 137.3446974735155], [640.0142206579477, 105.46526262927998], [653.7321288529447, 197.6553025264845], [506.98577934205235, 230.53473737072002]], '누구의', 0.9905161094594699), ([[493.26787114705525, 215.3446974735155], [683.0481336354655, 182.74450020264112], [691.7321288529447, 275.6553025264845], [502.95186636453445, 307.2554997973589]], '여자인지', 0.6453785157090073), ([[543.6137649639948, 360.2619423379765], [700.4021882511412, 331.900476593997], [711.3862350360052, 426.7380576620235], [554.5978117488588, 455.099523406003]], '말이얘', 0.5400521015959686), ([[81.83604807604135, 760.0851269170812], [187.36773800854846, 776.8828800733064], [174.16395192395865, 843.9148730829188], [68.63226199145153, 827.1171199266936]], '하양', 0.9375025891461336), ([[1724.8955064904044, 976.0265350004128], [2024.6358853271186, 1040.1968938164491], [1976.1044935095956, 1229.9734649995873], [1676.3641146728814, 1165.8031061835509]], '파양', 0.9825402164004863), ([[574.0132941344218, 1026.028659112055], [739.482378661896, 1099.83692497715], [677.9867058655782, 1231.971340887945], [512.517621338104, 1157.16307502285]], '콩떡', 0.21575774729196462), ([[82.93883565538698, 1579.0375827409566], [323.3055330770324, 1622.4887115607698], [294.061164344613, 1749.9624172590434], [53.694466922967585, 1707.5112884392302]], '내새길', 0.6692773745444344), ([[28.9564748879437, 1692.0340657855386], [360.5790108607428, 1742.3538485219538], [332.0435251120563, 1876.9659342144614], [0.42098913925721426, 1826.6461514780462]], '임신해래', 0.7116830348968506), ([[1099.1874114593315, 1745.0300547009763], [1222.9807681783425, 1818.3498229368088], [1172.8125885406685, 1901.9699452990237], [1049.0192318216575, 1828.6501770631912]], '시 ', 0.10202587412045439), ([[959.8751098471906, 1766.0634703168505], [1032.9065893239251, 1814.4532795758983], [944.1248901528094, 1944.9365296831495], [872.0934106760749, 1896.5467204241017]], '기', 0.11262635225105644)]
[([[571.1468052029703, 983.021423539109], [700.2433761690482, 967.1879712240409], [724.8531947970297, 1215.978576460891], [595.7566238309518, 1231.812028775959]], '규', 0.22167294082331424)]
[([[747, 778], [866, 778], [866, 893], [747, 893]], '0', 0.9996612358942372), ([[1372, 953], [1458, 953], [1458, 1042], [1372, 1042]], '0', 0.9959382615885239), ([[532, 1156], [596, 1156], [596, 1222], [532, 1222]], '0', 0.8789816623996639), ([[573, 1221], [612, 1221], [612, 1263], [573, 1263]], '9', 0.505780004197959), ([[195.53056581936534, 175.00648266102476], [318.2024866762426, 160.30436946118868], [360.46943418063466, 570.9935173389753], [236.7975133237574, 584.6956305388113]], '올', 0.20474749851041452), ([[1081.7701175612585, 1697.9931058051327], [1177.737527973545, 1683.7728322877213], [1181.2298824387415, 1711.0068941948673], [1085.262472026455, 1725.2271677122787]], "'06-어형어", 0.001558489912877714)]
[([[786, 68], [920, 68], [920, 194], [786, 194]], '0', 0.9997948513352561), ([[1455, 257], [1547, 257], [1547, 355], [1455, 355]], '0', 0.9966252951716434), ([[567, 475], [635, 475], [635, 541], [567, 541]], '0', 0.9163919215883567), ([[607, 541], [649, 541], [649, 583], [607, 583]], '0', 0.6120385135254516)]
