2269539
12
[([[70, 958], [155, 958], [155, 1165], [70, 1165]], '보', 0.15138126583782796), ([[1177.3829424939204, 1021.0272501812993], [1231.9830675328146, 1007.0693738936568], [1264.6170575060796, 1147.9727498187008], [1210.0169324671854, 1161.9306261063432]], '8', 0.25136657037455734)]
[([[201, 29], [639, 29], [639, 121], [201, 121]], '최면조교 세스', 0.5439990682340609), ([[409, 117], [639, 117], [639, 207], [409, 207]], '60일째', 0.9664648175239563), ([[292, 219], [601, 219], [601, 303], [292, 303]], '(남친 시점)', 0.9599609045987398), ([[1219, 180], [1263, 180], [1263, 345], [1219, 345]], '급', 0.008936115531299471), ([[415, 345], [499, 345], [499, 429], [415, 429]], '{7', 0.2698969495127601), ([[1219, 522], [1268, 522], [1268, 640], [1219, 640]], '겁', 0.0037531107383594886), ([[691, 1393], [735, 1393], [735, 1437], [691, 1437]], '02', 0.4552195451246241), ([[1217.515782498756, 422.0294164897979], [1253.0414499990427, 419.13795625354993], [1262.484217501244, 511.9705835102021], [1226.9585500009573, 515.86204374645]], '7', 0.9697357959299815)]
[([[677, 103], [1251, 103], [1251, 189], [677, 189]], '(아짓9 수업 시간에도', 0.5402557165957951), ([[752, 191], [1195, 191], [1195, 277], [752, 277]], '장난 아니없어요', 0.733256432830267), ([[46, 60], [144, 60], [144, 682], [46, 682]], '[', 0.0037239380025849145), ([[863, 627], [1260, 627], [1260, 711], [863, 711]], '다들 저흘 보괴', 0.3591377866315212), ([[135, 674], [184, 674], [184, 805], [135, 805]], '"', 0.026350768175916528), ([[939, 717], [1187, 717], [1187, 801], [939, 801]], '발딱발딱', 0.8529126644134521), ([[50, 696], [143, 696], [143, 999], [50, 999]], '흉', 0.06643477293665967), ([[941, 797], [1221, 797], [1221, 985], [941, 985]], '불엇정말', 0.00371384946629405), ([[864, 1320], [1244, 1320], [1244, 1400], [864, 1400]], '그리고 모유도', 0.9982985903537158), ([[864, 1406], [1243, 1406], [1243, 1490], [864, 1490]], '이렇게 나오게', 0.8309152952945372), ([[914, 1496], [1216, 1496], [1216, 1576], [914, 1576]], '되없다고요', 0.5906442626089199), ([[345.35289989173407, 1161.052689339578], [377.0340375318038, 1156.1359650127333], [387.64710010826593, 1229.947310660422], [355.9659624681962, 1234.8640349872667]], '2', 0.44955407810306625), ([[398.3088020879675, 1258.0601719014148], [430.37175989561035, 1255.2425707207194], [435.6911979120325, 1322.9398280985852], [404.62824010438965, 1325.7574292792806]], '병', 0.1591798495275052)]
[([[201, 29], [639, 29], [639, 121], [201, 121]], '최면조교 세스', 0.4629578609026572), ([[909, 31], [1113, 31], [1113, 117], [909, 117]], '*일째', 0.4681824345016035), ([[771, 152], [1083, 152], [1083, 238], [771, 238]], '(남친 시점)', 0.7588995659881398)]
[([[200, 26], [641, 26], [641, 122], [200, 122]], '최면조교 세스', 0.5806245863497407), ([[449, 117], [639, 117], [639, 207], [449, 207]], '1일째', 0.9818809082936479), ([[290, 219], [603, 219], [603, 305], [290, 305]], '(남친 시점)', 0.7505254391726196)]
[([[709, 41], [1237, 41], [1237, 127], [709, 127]], '이걸로 괜찮습니까?', 0.699178900731817), ([[707, 127], [1219, 127], [1219, 215], [707, 215]], '선생님 담당 성처리', 0.9796903188891883), ([[705, 217], [1011, 217], [1011, 303], [705, 303]], '위원이니까', 0.8786321581485989), ([[46, 62], [143, 62], [143, 683], [46, 683]], '{', 0.00794204649657676), ([[706, 302], [1099, 302], [1099, 392], [706, 392]], '당연한 거것조.', 0.3309992511670822), ([[873, 635], [1253, 635], [1253, 719], [873, 719]], "'오늘 방과후에", 0.575555040358669), ([[907, 721], [1225, 721], [1225, 807], [907, 807]], '남친과 같이', 0.9948782452431033), ([[51, 701], [143, 701], [143, 947], [51, 947]], '흙', 0.2442864498938926), ([[930, 808], [1251, 808], [1251, 895], [930, 895]], '공부할 예정', 0.8641229930364975), ([[931, 897], [1193, 897], [1193, 981], [931, 981]], '이라 빨리', 0.9996344472305102), ([[890, 986], [1210, 986], [1210, 1066], [890, 1066]], '끝내주세요', 0.999470168625052)]
[([[201, 29], [639, 29], [639, 119], [201, 119]], '최면조교 세스', 0.7857730645855727), ([[409, 117], [639, 117], [639, 207], [409, 207]], '10일째', 0.9659107327461243), ([[291, 219], [603, 219], [603, 305], [291, 305]], '(남친 시점)', 0.8935903331960349), ([[464.7692307692308, 366.84615384615387], [577.0110933727002, 283.75738656614044], [625.2307692307693, 363.15384615384613], [512.9889066272998, 447.24261343385956]], '주꼭$', 0.040704084824670896)]
[([[699, 49], [1059, 49], [1059, 133], [699, 133]], '말씀하신대로', 0.9998890378822047), ([[699, 135], [1155, 135], [1155, 221], [699, 221]], '부활동도 더 이상', 0.9994403729553591), ([[44, 60], [144, 60], [144, 458], [44, 458]], '흙', 0.024557038310293544), ([[700, 224], [960, 224], [960, 302], [700, 302]], '가지 않고', 0.4370105770391891), ([[190, 344], [244, 344], [244, 426], [190, 426]], '(춤', 0.24381085501789404), ([[703, 311], [1251, 311], [1251, 397], [703, 397]], '남친과도 잘 안 해요', 0.978488462916414), ([[48, 468], [144, 468], [144, 680], [48, 680]], '셋', 0.8976702784259807), ([[893, 607], [1235, 607], [1235, 691], [893, 691]], '네. 자위~는', 0.22721027050194686), ([[865, 697], [1257, 697], [1257, 787], [865, 787]], '{일 5번 이상', 0.5447327097504616), ([[51, 700], [142, 700], [142, 998], [51, 998]], '흙', 0.2131337783691869), ([[987, 783], [1150, 783], [1150, 874], [987, 874]], '해요', 0.9999875245556333), ([[875, 1145], [1175, 1145], [1175, 1233], [875, 1233]], '선생님께서', 0.9571191349203327), ([[877, 1233], [1253, 1233], [1253, 1319], [877, 1319]], '너무 괴롭혀서', 0.9717059419053067), ([[873, 1320], [1192, 1320], [1192, 1405], [873, 1405]], '유두가 원래', 0.9989369708713627), ([[874, 1409], [1250, 1409], [1250, 1490], [874, 1490]], '대로 돌아오지', 0.9718628920167188), ([[871, 1495], [1251, 1495], [1251, 1581], [871, 1581]], '암게 되있는데', 0.20253203193686986), ([[874, 1586], [1054, 1586], [1054, 1664], [874, 1664]], '어떻게', 0.5413930386135076), ([[871, 1667], [1200, 1667], [1200, 1758], [871, 1758]], '한실 거예요', 0.9189681368524979)]
[([[201, 29], [639, 29], [639, 121], [201, 121]], '최면조교 세스', 0.4785315921060985), ([[407, 117], [639, 117], [639, 207], [407, 207]], '30일째', 0.9894494414329529), ([[291, 219], [601, 219], [601, 303], [291, 303]], '(남친 시점)', 0.7920111849687297), ([[740, 450], [770, 450], [770, 496], [740, 496]], '낮', 0.046223790528341135)]
[([[691, 45], [1185, 45], [1185, 131], [691, 131]], '네99 선생님께서', 0.2724677662702146), ([[691, 133], [1265, 133], [1265, 221], [691, 221]], '주신 액세서리와 속옷', 0.9853367282789413), ([[46, 60], [146, 60], [146, 456], [46, 456]], '흙', 0.02119024602509345), ([[690, 221], [1125, 221], [1125, 305], [690, 305]], '입고 앞습니다9', 0.6409860973950061), ([[687, 308], [1175, 308], [1175, 396], [687, 396]], '어떤 것 같아요? 9', 0.5630589005247244), ([[625, 369], [667, 369], [667, 429], [625, 429]], "'", 0.9913915494529455), ([[48, 466], [144, 466], [144, 676], [48, 676]], '셋', 0.8241873427164705), ([[855, 513], [1252, 513], [1252, 604], [855, 604]], '이제 하루 종일', 0.7304914408416401), ([[854, 601], [1236, 601], [1236, 690], [854, 690]], '자위~틀 멈출', 0.5454788073339032), ([[893, 691], [1157, 691], [1157, 777], [893, 777]], '수 없어서', 0.9994093868883622), ([[51, 691], [143, 691], [143, 999], [51, 999]], '움', 0.0383756221677809), ([[922, 771], [1245, 771], [1245, 960], [922, 960]], '화능카에서', 0.030597317540179136), ([[893, 949], [1141, 949], [1141, 1040], [893, 1040]], '여러번9=', 0.5690341515072774), ([[869, 1317], [1251, 1317], [1251, 1409], [869, 1409]], '오늘도 성처래', 0.7306831214221445), ([[924, 1410], [1164, 1410], [1164, 1484], [924, 1484]], '해요99', 0.8280296921730042)]
[([[207, 45], [645, 45], [645, 135], [207, 135]], '최면조교 세스', 0.7638554919785586), ([[833, 43], [1070, 43], [1070, 139], [833, 139]], '40일째', 0.9877848625183105), ([[801, 141], [1113, 141], [1113, 227], [801, 227]], '(남친 시점)', 0.8872969849034039), ([[201, 647], [265, 647], [265, 745], [201, 745]], '8', 0.6652526191147103), ([[151, 739], [195, 739], [195, 781], [151, 781]], '7', 0.027477724780099244), ([[1022, 730], [1078, 730], [1078, 828], [1022, 828]], '잔', 0.18451183873403298), ([[222.84551323567393, 347.11211750193706], [259.6029922357712, 323.03037686586504], [310.15448676432607, 409.88788249806294], [273.3970077642288, 433.96962313413496]], '섭', 0.028105522989197107)]
[([[742, 20], [926, 20], [926, 100], [742, 100]], '네옛0', 0.13397267689125564), ([[991, 19], [1235, 19], [1235, 105], [991, 105]], '선생님의', 0.9868834614753723), ([[828, 108], [1146, 108], [1146, 188], [828, 188]], '지도 덕분에', 0.5998037566620062), ([[742, 196], [1234, 196], [1234, 274], [742, 274]], '젖꾸지로도 느끼게', 0.6643597257671533), ([[627, 327], [681, 327], [681, 367], [627, 367]], '(감', 0.11079092330509446), ([[781, 281], [1197, 281], [1197, 367], [781, 367]], '되워습니다아9', 0.13916038212855703), ([[46, 60], [144, 60], [144, 676], [46, 676]], '?', 0.010996468138790627), ([[643, 365], [679, 365], [679, 401], [643, 401]], '*', 0.11908165864329945), ([[896, 370], [1074, 370], [1074, 448], [896, 448]], '으웃9', 0.43524900710103326), ([[897, 501], [1218, 501], [1218, 588], [897, 588]], '수업 중에도', 0.9014324088160398), ([[968, 594], [1150, 594], [1150, 674], [968, 674]], '남자들', 0.9996819640696499), ([[907, 681], [1225, 681], [1225, 765], [907, 765]], '시선 느끼려', 0.6515484325809799), ([[935, 767], [1183, 767], [1183, 851], [935, 851]], '자위하다', 0.9994909167289734), ([[50, 694], [146, 694], [146, 1000], [50, 1000]], '흙', 0.12022408596580192), ([[915, 852], [1225, 852], [1225, 943], [915, 943]], '마버로어요', 0.23425783132205477), ([[932, 1202], [1174, 1202], [1174, 1282], [932, 1282]], '네어물론', 0.3243561387062073), ([[905, 1287], [1207, 1287], [1207, 1373], [905, 1373]], '남친이당은', 0.835422599206918), ([[950, 1376], [1154, 1376], [1154, 1456], [950, 1456]], '한 번도', 0.996947869994888), ([[931, 1460], [1199, 1460], [1199, 1546], [931, 1546]], '안 햇어요', 0.8418012038468653), ([[159.62789579623237, 734.023166369859], [184.4312755887127, 739.3634397050029], [168.37210420376763, 819.976833630141], [143.5687244112873, 814.6365602949971]], '1', 0.8017902391189615)]
