2270660
16
[([[289, 301], [412, 301], [412, 362], [289, 362]], '늑네.', 0.4553009899085544), ([[466, 547], [490, 547], [490, 573], [466, 573]], '0', 0.9999967813517721)]
[]
[]
[([[203.2918871587354, 186.01393383187875], [339.3032342135264, 230.87465631579624], [256.7081128412646, 475.9860661681213], [120.69676578647358, 430.12534368420376]], '꼴', 0.05541831939531594)]
[([[171, 221], [307, 221], [307, 407], [171, 407]], '새', 0.020884281672881366)]
[([[171, 221], [309, 221], [309, 409], [171, 409]], '{', 0.18893744001936685)]
[([[171, 221], [309, 221], [309, 409], [171, 409]], '{', 0.18893744001936685)]
[([[168, 212], [312, 212], [312, 410], [168, 410]], '{', 0.08874548793389536)]
[([[334, 348], [412, 348], [412, 410], [334, 410]], '앗!', 0.5377105737435393), ([[1558, 1774], [1665, 1774], [1665, 1838], [1558, 1838]], '미안,', 0.7256398797035217), ([[1498, 1835], [1730, 1835], [1730, 1901], [1498, 1901]], '좀늦없지?', 0.5431624181611904)]
[([[280, 449], [446, 449], [446, 513], [280, 513]], '어서와:', 0.9297531247138977), ([[1545, 2148], [1753, 2148], [1753, 2214], [1545, 2214]], '하나 오늘', 0.44278874562774817), ([[1475, 2209], [1825, 2209], [1825, 2275], [1475, 2275]], '옷엄청 야하네.', 0.5305371581594868)]
[([[173, 201], [313, 201], [313, 407], [173, 407]], '{)', 0.0190599624555076), ([[1728, 592], [2156, 592], [2156, 672], [1728, 672]], "'뛰야; 오자마자 .!", 0.5745964347518401), ([[1727, 682], [2148, 682], [2148, 760], [1727, 760]], "'하나가 나쁘거야 .", 0.4767110312715563), ([[1729, 744], [2384, 744], [2384, 828], [1729, 828]], '이런.. 이런 비치는 야한 옷  ! _', 0.2749091203626788)]
[([[165, 192], [317, 192], [317, 412], [165, 412]], '()', 0.004999557232656341), ([[1785, 575], [2160, 575], [2160, 659], [1785, 659]], "'아앗..잠깐. ! _", 0.29436459558134004), ([[1780, 683], [2176, 683], [2176, 760], [1780, 760]], "'다른 사람들 한데", 0.7919126935729047), ([[1782, 750], [2380, 750], [2380, 826], [1782, 826]], '보여주고 싶없던거 아냐? ! _', 0.20791634692879973)]
[([[173, 205], [307, 205], [307, 403], [173, 403]], '{)', 0.054976516425273306), ([[1803, 581], [1891, 581], [1891, 643], [1803, 643]], "'그", 0.7576602768738825), ([[1916, 576], [2240, 576], [2240, 652], [1916, 652]], '그런거 아니야', 0.7002065879160944), ([[1799, 637], [2334, 637], [2334, 721], [1799, 721]], '너한테만 보여주려고 ._', 0.5172689571126503), ([[66, 1773], [706, 1773], [706, 1850], [66, 1850]], "'그럼 왜이렇계 젖은건데? ! _", 0.24073570954970816), ([[59, 1853], [899, 1853], [899, 1937], [59, 1937]], "'누군가한테 보여지면 부끄러워서   ]", 0.4646613762564127)]
[([[175, 203], [309, 203], [309, 405], [175, 405]], '{', 0.027216249924741698), ([[1911, 680], [2328, 680], [2328, 757], [1911, 757]], "'으옷. 나온닷 !_", 0.2980446691939029), ([[217, 1445], [599, 1445], [599, 1534], [217, 1534]], '(학학. 잠깐 !_', 0.021601544050153503)]
[([[175, 213], [307, 213], [307, 403], [175, 403]], '{', 0.01887778988939126), ([[1763, 610], [1910, 610], [1910, 688], [1763, 688]], "'이제:", 0.9433794021606445), ([[1944, 610], [2306, 610], [2306, 690], [1944, 690]], '시원해 젊어  ? !', 0.5676009648628845), ([[1765, 685], [2344, 685], [2344, 762], [1765, 762]], "'하나는 나만의 것이니까_", 0.6322731289315192), ([[1766, 747], [2344, 747], [2344, 828], [1766, 828]], '이어서논 러브호텔에서..!', 0.22985723945321945), ([[307, 1392], [496, 1392], [496, 1470], [307, 1470]], "'으응.", 0.542082667350769), ([[498.88755284481306, 1408.1040300775092], [568.5816375833251, 1424.7987908122097], [556.1124471551869, 1472.8959699224908], [486.4183624166748, 1457.2012091877903]], '71', 0.3441625288174368)]
[]
