2273988
8
[([[1009, 9], [1133, 9], [1133, 77], [1009, 77]], '[0용', 0.0028575551086997193), ([[1067, 57], [1231, 57], [1231, 119], [1067, 119]], '@ -화.?', 0.0005247708196265066), ([[514, 172], [600, 172], [600, 228], [514, 228]], '1관', 0.1766100882841916), ([[464, 214], [673, 214], [673, 291], [464, 291]], '불어보되하입', 0.003047011566614949), ([[1082, 376], [1182, 376], [1182, 426], [1082, 426]], '어치페', 0.04603011533617973), ([[169, 405], [223, 405], [223, 449], [169, 449]], '22', 0.5660086272004463), ([[1051, 417], [1218, 417], [1218, 477], [1051, 477]], '메정험치의', 0.03250469758827462), ([[88, 432], [418, 432], [418, 554], [88, 554]], '@ 꾸로', 0.027230599895119667), ([[1007, 465], [1260, 465], [1260, 522], [1007, 522]], '|문이 훨문이치반', 0.0027144707591613506), ([[471, 503], [569, 503], [569, 587], [471, 587]], '귀닭', 0.02865640809044823), ([[1076, 520], [1196, 520], [1196, 564], [1076, 564]], '말이야 ?', 0.13572203799608482), ([[445.7864056378821, 123.3592169136464], [664.6145188102755, 107.70911787546555], [665.2135943621179, 166.6407830863536], [446.3854811897245, 183.29088212453445]], '오왜 되잔품?', 0.00020794457559718743), ([[91.51299248968269, 414.1597654525404], [168.94974746830584, 407.0502525316942], [172.4870075103173, 473.8402345474596], [95.05025253169417, 480.9497474683058]], '내', 0.865522741173411)]
[([[1036, 177], [1257, 177], [1257, 232], [1036, 232]], '이계 되돕인페', 0.0008257652011153908), ([[1062, 232], [1232, 232], [1232, 284], [1062, 284]], '당하리나?', 0.020029098197012533), ([[1034, 284], [1258, 284], [1258, 336], [1034, 336]], '잡이당외베매]', 0.0016998814424036119), ([[462, 455], [629, 455], [629, 608], [462, 608]], '7 1', 0.042718056980576916), ([[1051, 513], [1139, 513], [1139, 557], [1051, 557]], '요음', 0.08023792793662173), ([[1053, 557], [1143, 557], [1143, 601], [1053, 601]], '더희생', 0.0320585796824805), ([[0, 470], [220, 470], [220, 730], [0, 730]], '바', 0.003837853041735395), ([[986, 600], [1204, 600], [1204, 648], [986, 648]], '[@선활콩 만족', 0.008890067644527077), ([[1015, 646], [1173, 646], [1173, 690], [1015, 690]], '외우히~에', 0.028488220190107546), ([[485, 654], [645, 654], [645, 727], [485, 727]], '웨이회', 0.001936851589154835), ([[-14.141459547272762, 21.088339477999597], [377.22032654921793, -27.023240034844555], [387.14145954727275, 193.9116605220004], [-4.2203265492179405, 243.02324003484455]], '기볶화_', 0.0070620570331811905), ([[376.9882420090021, 207.02133561334887], [649.8518963301074, 294.665776515675], [581.0117579909979, 491.97866438665113], [308.14810366989263, 404.334223484325]], '인임', 0.007255060929325846)]
[([[12, 0], [274, 0], [274, 118], [12, 118]], '제혜령', 0.009698015128711636), ([[310, 0], [470, 0], [470, 116], [310, 116]], '랜@람', 0.002847248145281741), ([[1008, 150], [1250, 150], [1250, 224], [1008, 224]], '혜@ 입에', 0.02237447986893262), ([[1021, 227], [1234, 227], [1234, 304], [1021, 304]], '메페 ?', 0.003954522777348757), ([[28, 706], [280, 706], [280, 762], [28, 762]], '대사} 업못없에 _', 0.0037307071275509175), ([[271, 731], [289, 731], [289, 753], [271, 753]], '0', 0.9668029933583036), ([[38, 763], [286, 763], [286, 819], [38, 819]], '잡못없에요 . @', 0.13926846670651888), ([[586.0519887914335, 162.00275628659057], [923.3390207971663, 6.485705544394449], [1015.9480112085665, 262.99724371340943], [678.6609792028337, 418.5142944556055]], '쉬각', 0.01890595464171148), ([[1086.9682725644616, 357.02420562303246], [1244.603816641408, 321.0145382284148], [1299.0317274355384, 613.9757943769675], [1141.396183358592, 648.9854617715852]], '욕', 0.012996394122489152)]
[([[330, 106], [408, 106], [408, 200], [330, 200]], '붙', 0.2520286899376778), ([[660, 162], [738, 162], [738, 212], [660, 212]], '벼원', 0.040372327693996644), ([[139, 258], [271, 258], [271, 333], [139, 333]], '@색:', 0.007245327961420614), ([[328, 648], [418, 648], [418, 704], [328, 704]], '분륙?', 0.019694319371604426), ([[983, 791], [1280, 791], [1280, 851], [983, 851]], '이렌 깥등린물인예', 0.004984620520410168), ([[1055, 847], [1193, 847], [1193, 907], [1055, 907]], '울목움', 0.03299940084273414), ([[927.7914948218046, -2.980258452778223], [1305.383936811253, 64.10361386746547], [1238.2085051781953, 376.98025845277823], [860.616063188747, 309.89638613253453]], '닦0', 0.0516547801031123), ([[624.1470357815517, 81.21755028251707], [752.6198061951341, 67.50798865330188], [755.8529642184483, 138.78244971748293], [627.3801938048659, 152.49201134669812]], '골움-', 0.028571618785890495), ([[1093.282861621992, 298.01979535805435], [1320.9949874684853, 404.6390281258754], [1269.717138378008, 504.98020464194565], [1043.0050125315147, 398.3609718741246]], '패내-', 0.032706241731275336), ([[874.1142886264838, 592.0657337974418], [1003.8936372539343, 617.8752600660431], [990.8857113735162, 670.9342662025582], [861.1063627460657, 645.1247399339569]], '뜻르루 _', 0.3055721663164568)]
[]
[]
[]
[]
