2275207
58
[([[64, 198], [1664, 198], [1664, 295], [64, 295]], '공간의 울자인 시린이 천명본부에서 강림한 그날', 0.847501298743284), ([[66, 453], [1303, 453], [1303, 552], [66, 552]], '나는 시린올 보고 한눈에 반해버로다.', 0.28263532978667866), ([[66, 582], [1837, 582], [1837, 682], [66, 682]], '어느 날 울자인 그녀지 사랑할 수 없는 것에 안타까위', 0.6078931350991577), ([[64, 710], [1204, 710], [1204, 810], [64, 810]], '하면 나에게 지배의 울자가 나타나', 0.5830361420737242), ([[135, 967], [1884, 967], [1884, 1066], [135, 1066]], '우리가 활동하논데 필요한 재산과 권력올 빌려춘다면', 0.543417225470165), ([[64, 1093], [1978, 1093], [1978, 1196], [64, 1196]], '시린이 만약 키아나에게 패배한 경우, 시런올 넘겨주젯다"', 0.34051264833608785), ([[64, 1223], [814, 1223], [814, 1322], [64, 1322]], '라는 조건올 내걸없다.', 0.8735547476834352), ([[66, 1351], [1888, 1351], [1888, 1455], [66, 1455]], '나는 그 조건올 흔쾌히 수락햇고, 나의 배팅은 성공해서', 0.5880576711956986), ([[62, 1479], [1762, 1479], [1762, 1578], [62, 1578]], '키아나에게 패해 모든 능력올 잃어버린 공간의 울자', 0.7470373846367864), ([[64, 1609], [1277, 1609], [1277, 1706], [64, 1706]], '시린올 지배의 울자에거서 받아있다.', 0.31639591745685186), ([[62, 1864], [1406, 1864], [1406, 1964], [62, 1964]], '기절한 시린올 침실에 눕한지 몇 시간 후', 0.3574574509220515), ([[105, 2133], [148, 2133], [148, 2173], [105, 2173]], '66', 0.3728892034798473), ([[942, 2133], [982, 2133], [982, 2169], [942, 2169]], '))', 0.8046017791582227), ([[136, 2127], [301, 2127], [301, 2216], [136, 2216]], '으음', 0.9952153931708879), ([[389, 2125], [950, 2125], [950, 2218], [389, 2218]], '여긴 어떤거지 .', 0.6177864649861147), ([[62, 2377], [887, 2377], [887, 2477], [62, 2477]], '시린이 일어난 모양이다.', 0.8915942547896102)]
[([[432, 102], [773, 102], [773, 350], [432, 350]], '(7', 0.33374090315871074), ([[1506, 869], [1869, 869], [1869, 974], [1506, 974]], '(테이크 )', 0.5136234221505548)]
[([[105, 59], [938, 59], [938, 157], [105, 157]], '시린은 테이크틀 먹으면서', 0.2538854288050981), ([[102, 147], [571, 147], [571, 244], [102, 244]], '울기 시작햇다_', 0.4161484231792568), ([[67, 454], [497, 454], [497, 546], [67, 546]], '시런 괜찮아?', 0.61753708126578), ([[69, 543], [384, 543], [384, 634], [69, 634]], '너 우는...', 0.20436573347410175), ([[26, 655], [550, 655], [550, 752], [26, 752]], '우는 게 아니다]', 0.18183879064463984), ([[26, 741], [620, 741], [620, 842], [26, 842]], '눈에.. 흐욕 . 원과}', 0.1733326921746743), ([[28, 832], [477, 832], [477, 930], [28, 930]], '들어간거다  ', 0.6084767624238584), ([[30, 919], [664, 919], [664, 1017], [30, 1017]], '절대 우체게 아냐...', 0.12883526394685546), ([[26, 1006], [379, 1006], [379, 1105], [26, 1105]], '흐욕, 흙.', 0.15055463513201728), ([[20, 1107], [600, 1107], [600, 1193], [20, 1193]], '(예전에 엄마가 만들', 0.9881447979024989), ([[25, 1179], [581, 1179], [581, 1268], [25, 1268]], '어준 테이크맛이야)', 0.5085149741660872)]
[([[60, 27], [827, 27], [827, 126], [60, 126]], '테이크릇 다먹고 진정한', 0.4206410917740091), ([[60, 115], [923, 115], [923, 215], [60, 215]], '시런올 식탁으로 데려앉다.', 0.5017849193623327), ([[1190, 358], [2002, 358], [2002, 470], [1190, 470]], '정말로 이걸 다 먹어도', 0.4332397825603003), ([[1184, 443], [1757, 443], [1757, 557], [1184, 557]], '웬듬 것이터나?', 0.08784773097701472), ([[1478, 593], [1803, 593], [1803, 695], [1478, 695]], '그래 그래', 0.7368789762790934), ([[1486, 687], [1871, 687], [1871, 784], [1486, 784]], '천천히 먹어', 0.9704596425355743), ([[1220, 881], [1473, 881], [1473, 990], [1220, 990]], '흡 흙.', 0.36490361468407306), ([[1518, 875], [2017, 875], [2017, 990], [1518, 990]], '나쁘지안구나', 0.7423551307176819), ([[1171, 966], [2021, 966], [2021, 1059], [1171, 1059]], '(@렇계 맛있는 건 처음먹어보)', 0.2720388951269837)]
[([[30, 41], [853, 41], [853, 142], [30, 142]], '(엄마량 친구와 함께 먹을', 0.4608645788051258), ([[30, 124], [893, 124], [893, 225], [30, 225]], '수 있있다면 중엿올렉데6)', 0.054011621893001856), ([[44, 484], [560, 484], [560, 594], [44, 594]], '왜 그래 시런?', 0.40484510805276536), ([[48, 573], [452, 573], [452, 681], [48, 681]], '맛이 없어?', 0.6759330239295874), ([[68, 1044], [170, 1044], [170, 1143], [68, 1143]], '아', 0.3151721643229308), ([[198, 1036], [726, 1036], [726, 1150], [198, 1150]], '아니다 (우물', 0.853964111716645), ([[65, 1124], [619, 1124], [619, 1238], [65, 1238]], '먹올만 하구나!', 0.8638142081496147)]
[([[28, 18], [1047, 18], [1047, 118], [28, 118]], '그뒤, 시린은 현 상황울 납득하고', 0.5246906828347999), ([[31, 101], [978, 101], [978, 192], [31, 192]], '천명의 상황을 지켜보기로 하여', 0.5481230949456246), ([[30, 176], [872, 176], [872, 274], [30, 274]], '나의 집에서 지내기로 햇다.', 0.6572078150198947)]
[([[26, 19], [1160, 19], [1160, 120], [26, 120]], '시린은 내가 준 돈으로 옷이나 필요한', 0.618263353096226), ([[31, 99], [1001, 99], [1001, 192], [31, 192]], '물건들올 가1나 인터넷올 통해서', 0.3718580897112337), ([[26, 175], [917, 175], [917, 272], [26, 272]], '구매햇지만 , 너무나도 쓸쓸해', 0.595995465431332), ([[31, 255], [781, 255], [781, 348], [31, 348]], '보엿고 우울하게 보엿다.', 0.3904678716856374), ([[44, 418], [534, 418], [534, 532], [44, 532]], '시린, 나 앉어', 0.1914468836452513), ([[45, 619], [742, 619], [742, 718], [45, 718]], '아.. 왕는가 인류여 .', 0.23609557414281124), ([[18, 690], [918, 690], [918, 800], [18, 800]], '(이제 모든 준비는 다 되없어 . )', 0.7236713282678354)]
[([[27, 29], [1097, 29], [1097, 113], [27, 113]], '시린에 대해서는 천명에서 확인올 햇다.', 0.44858030234429486), ([[28, 100], [1017, 100], [1017, 181], [28, 181]], '다행히도 오토는 지금의 시린에 대해', 0.7695978435259404), ([[30, 171], [1115, 171], [1115, 251], [30, 251]], '전혀 관심이 없없다. 그러나 시린은 어린', 0.4036277424454635), ([[28, 239], [1139, 239], [1139, 320], [28, 320]], '시절올 천명에 승두리째 빼앗긴 상실감에', 0.8462225064685998), ([[30, 309], [1158, 309], [1158, 390], [30, 390]], '많이 좌절한 상태엿다 나는 시린이 스스로', 0.4390330774921539), ([[28, 376], [1161, 376], [1161, 463], [28, 463]], '일어날 때까지 당분간 기다리기로 하여다.', 0.9225243648991008), ([[36, 639], [912, 639], [912, 740], [36, 740]], '혹시 뭐 먹고 싶은 거 있어?', 0.7791181118338288), ([[186, 1258], [870, 1258], [870, 1359], [186, 1359]], '동파육이 먹고 싶다 .', 0.5113748422846371), ([[100, 1332], [970, 1332], [970, 1429], [100, 1429]], '(붐괴능도 느껴지지 안야 .더이상', 0.3012082514536544), ([[114, 1425], [835, 1425], [835, 1511], [114, 1511]], '인류에게 신세 질 순없지)', 0.9707050984203475)]
[([[25, 23], [53, 23], [53, 51], [25, 51]], '6', 0.9195647220355205), ([[43, 15], [415, 15], [415, 95], [43, 95]], '\'시런! 시런?"', 0.6554399255449124), ([[20, 89], [1810, 89], [1810, 173], [20, 173]], '밥먹올 시간이 되어도 방에서 나오지 않는 시런의 방에 들어가자', 0.5676484883672592), ([[18, 159], [1744, 159], [1744, 248], [18, 248]], '몰래 구입한 마약을 과다복용한 시린이 침대에 쓰러저 있있다.', 0.600625821033289), ([[18, 234], [1106, 234], [1106, 320], [18, 320]], '손목도 그어서 피움덩이도 고여있없다.', 0.41673818887072034), ([[51, 340], [396, 340], [396, 466], [51, 466]], '시린! !"', 0.662413537421181), ([[19, 452], [710, 452], [710, 541], [19, 541]], '다행히 병원에 늦지 않게', 0.43804127680915245), ([[18, 526], [714, 526], [714, 616], [18, 616]], '도착하여 목숨은 건젓다', 0.5993459689869605), ([[1362, 856], [1948, 856], [1948, 932], [1362, 932]], '아프로라 아가타 빌라  .', 0.4066286918103669), ([[1362, 916], [1897, 916], [1897, 996], [1362, 996]], '나  곧 만나러 갈게..', 0.8696690511019264), ([[1359, 1038], [1950, 1038], [1950, 1123], [1359, 1123]], '복수하지 못해서 미안해.', 0.6480439611993716), ([[1360, 1106], [1924, 1106], [1924, 1184], [1360, 1184]], '최대한 살아남아방는데', 0.5385859317127171), ([[1359, 1163], [2015, 1163], [2015, 1248], [1359, 1248]], '붐과의 신도 나에게 더이상', 0.26828524404147486), ([[1362, 1229], [1997, 1229], [1997, 1305], [1362, 1305]], '답해주지도 능력올 주지도', 0.9840380352352498), ([[1362, 1291], [2040, 1291], [2040, 1372], [1362, 1372]], '않아다 더이상 살 이유가 .', 0.45853520215938126)]
[([[44, 37], [845, 37], [845, 128], [44, 128]], '병원에서 시린이 깨어앉다늄', 0.16920505798508106), ([[37, 107], [806, 107], [806, 204], [37, 204]], '소식올 틈고 시린의 병실에', 0.224351228727224), ([[39, 187], [391, 187], [391, 275], [39, 275]], '들어선 순간', 0.9995267314649815), ([[542, 406], [699, 406], [699, 511], [542, 511]], '에?', 0.3882384195873807), ([[38, 768], [947, 768], [947, 866], [38, 866]], '교수형 목출로 자살하려늄 컷올', 0.24668576215455776), ([[43, 849], [183, 849], [183, 923], [43, 923]], '보고', 0.99691271365035), ([[85, 1171], [356, 1171], [356, 1304], [85, 1304]], '시권@', 0.019046588255613693), ([[41, 1282], [1009, 1282], [1009, 1379], [41, 1379]], '시린에계 몸을 날려 침대에 눕싶다 ', 0.10995277091413314)]
[([[17, 4], [840, 4], [840, 101], [17, 101]], '@름@ 어찌하여 막늄 없이블]', 0.026789255916366685), ([[19, 78], [947, 78], [947, 175], [19, 175]], '@젠어프합 능력물 보석물 없%@', 0.0366298401442939), ([[17, 149], [1197, 149], [1197, 252], [17, 252]], '복숨품 동히국 이렇레용히하페잡 마안6흔', 0.0022300227187669348), ([[15, 222], [624, 222], [624, 321], [15, 321]], '차라리 출프렉닷매', 0.00478052550471408), ([[14, 443], [419, 443], [419, 542], [14, 542]], '@의읽월분#', 7.547373090857363e-05), ([[18, 666], [641, 666], [641, 759], [18, 759]], '@제발 콤레 해결오 .', 0.18999303771540232), ([[20, 740], [702, 740], [702, 833], [20, 833]], '이제눈 죽음순로 없느나', 0.10348108366721348)]
[([[64, 233], [619, 233], [619, 338], [64, 338]], '인류 년 누구지?', 0.9363426016290887), ([[66, 318], [553, 318], [553, 420], [66, 420]], '설마 내 능력올', 0.9764660310018883), ([[62, 401], [407, 401], [407, 503], [62, 503]], '봉인햇나?', 0.5277285270730442), ([[228.87817343578823, 2345.031487157031], [469.42559250585106, 2394.2219834913826], [428.12182656421174, 2562.968512842969], [188.57440749414894, 2512.7780165086174]], '(((', 0.35548274310458755)]
[([[35, 29], [190, 29], [190, 122], [35, 122]], '시린', 0.5931035601637372), ([[244, 26], [1019, 26], [1019, 123], [244, 123]], '이제 울자가 아니니까.', 0.6897620477065319), ([[32, 109], [915, 109], [915, 206], [32, 206]], '사람으로 살아보지 않울래?', 0.6574507355092535), ([[24, 333], [836, 333], [836, 430], [24, 430]], '밀럽@ 콤음=문등위 몰순문', 0.0020946252227007876), ([[27, 411], [694, 411], [694, 504], [27, 504]], '어찌하리문 커냐요 흐올', 0.008840736512834844), ([[24, 481], [567, 481], [567, 579], [24, 579]], '럴로움권 확번움6 ', 0.0009921417803148498), ([[24, 555], [607, 555], [607, 652], [24, 652]], '사라지치 양분잃  올', 0.004855522909348357), ([[12, 922], [809, 922], [809, 1013], [12, 1013]], '시린 , 친구들은 네가 울자로', 0.6601734763549838), ([[20, 994], [775, 994], [775, 1085], [20, 1085]], '변해서 누군가을 죽이거나', 0.26360453092231007), ([[20, 1068], [643, 1068], [643, 1159], [20, 1159]], '너가 복수에 집착하다', 0.4526340275212308), ([[14, 1143], [559, 1143], [559, 1232], [14, 1232]], '자살하려는 모습올', 0.4846014858113353), ([[16, 1215], [681, 1215], [681, 1302], [16, 1302]], '정말로 보고 싶어할까?', 0.6054534487443053), ([[1677, 1387], [1720, 1387], [1720, 1414], [1677, 1414]], '0', 0.9348502946729162), ([[1198, 1403], [2048, 1403], [2048, 1503], [1198, 1503]], '그럼 내가} 어떻레하라늘거%이6', 0.011415245380647988), ([[1521, 1482], [1996, 1482], [1996, 1573], [1521, 1573]], '앉어떻계 살아야', 0.04580460395194122), ([[1649, 1555], [2047, 1555], [2047, 1648], [1649, 1648]], '하눈없이나;', 0.014495531851028207), ([[16, 1650], [790, 1650], [790, 1742], [16, 1742]], '나와 좀더 같이 지내보면서', 0.5329737337684164), ([[18, 1726], [809, 1726], [809, 1814], [18, 1814]], '다시 생각해보는건 어떻까?', 0.7911328640934351), ([[18, 1873], [873, 1873], [873, 1962], [18, 1962]], '집에만 있지 말고 같이 외출도', 0.8012583291371628), ([[16, 1944], [747, 1944], [747, 2035], [16, 2035]], '하면서 좀 더 세상올 보고', 0.7884619191079358), ([[16, 2018], [828, 2018], [828, 2107], [16, 2107]], '한번 더 생각해보지 않울래?', 0.5793328416377161)]
[([[124, 0], [781, 0], [781, 97], [124, 97]], '@휴여_어째제 곧에레', 0.03648869948429504), ([[33, 46], [772, 46], [772, 181], [33, 181]], '임캐스핵 출준출인나', 0.000682917531797137), ([[53, 146], [842, 146], [842, 244], [53, 244]], '대체 후하로 목주국 @미', 0.0038242855122273003), ([[47, 222], [699, 222], [699, 319], [47, 319]], '많음 _랑되이 중없다', 0.044976362303091676), ([[37, 289], [596, 289], [596, 393], [37, 393]], '그워데물 어째서고6)', 0.001117045185828634), ([[63, 473], [758, 473], [758, 561], [63, 561]], '그 날, 널 보고 반쾌다고', 0.47958307189989413), ([[173, 698], [276, 698], [276, 795], [173, 795]], '에', 0.979160237290845), ([[33, 814], [450, 814], [450, 905], [33, 905]], '정말로 좋아해_', 0.9331043772461638), ([[475, 814], [858, 814], [858, 903], [475, 903]], '아니 사랑해!', 0.9846525298515081), ([[33, 887], [692, 887], [692, 976], [33, 976]], '나와 평생올 함께해쥐!', 0.7006721182045283), ([[1345, 947], [2011, 947], [2011, 1039], [1345, 1039]], '단@@@{  콩이한다퇴넷}', 0.006602274973811921), ([[1340, 1014], [1988, 1014], [1988, 1114], [1340, 1114]], '사랑현대문리@@ 러권', 0.0046924821352422085), ([[1558, 1090], [1998, 1090], [1998, 1187], [1558, 1187]], '참업레 못합다', 0.10409422653288829), ([[1292, 1510], [2047, 1510], [2047, 1599], [1292, 1599]], '시런 날 믿어주면 안월까?', 0.5765424475557456), ([[1506, 1751], [1584, 1751], [1584, 1791], [1506, 1791]], '0기1', 0.023082508834456048), ([[1564, 1705], [2003, 1705], [2003, 1801], [1564, 1801]], '알루트 만프마}', 0.003188551307712494), ([[1506, 1781], [1650, 1781], [1650, 1874], [1506, 1874]], '만약', 0.9658433798702651), ([[1633, 1774], [1990, 1774], [1990, 1943], [1633, 1943]], "'배름화등수", 0.004018580725104435), ([[1795, 1849], [2009, 1849], [2009, 1949], [1795, 1949]], '장흘', 0.09554351305719977), ([[1599, 1925], [2020, 1925], [2020, 2022], [1599, 2022]], '찢어버리로다', 0.1987164217579348)]
[([[47, 15], [990, 15], [990, 101], [47, 101]], '진정한 시런올 집으로 데려워지만', 0.3586290660527978), ([[48, 85], [1005, 85], [1005, 177], [48, 177]], '몸 상태가 안좋아진 시린은 고열이', 0.479106001313684), ([[50, 163], [476, 163], [476, 248], [50, 248]], '나기 시작햇다.', 0.7652689153027716), ([[143, 497], [546, 497], [546, 593], [143, 593]], '하아 하아-형', 0.012422020845020781), ([[1329, 584], [2015, 584], [2015, 675], [1329, 675]], '아프로로 아파다 텔리.', 0.022670417999032893), ([[1324, 652], [1830, 652], [1830, 749], [1324, 749]], '나형 문화가지마', 0.02098201828689703), ([[21, 809], [773, 809], [773, 899], [21, 899]], '약을 먹고 잠들없지만 열이', 0.6368473293929261), ([[22, 885], [570, 885], [570, 969], [22, 969]], '내려가지 않아 계속', 0.9969161288625222), ([[25, 957], [653, 957], [653, 1042], [25, 1042]], '옆에서 병간호홀 햇다.', 0.28279893642973414), ([[1428, 1099], [2022, 1099], [2022, 1203], [1428, 1203]], '엄마 @ 보고싶어6', 0.29301183369360007), ([[18, 1484], [879, 1484], [879, 1573], [18, 1573]], '잠꾸대하는 시린의 이마수건올', 0.23792153119698772), ([[15, 1554], [1028, 1554], [1028, 1651], [15, 1651]], '바뀌준 뒤, 떨리논 손올 잡아주없다.', 0.38622369207132656)]
[([[20, 12], [384, 12], [384, 103], [20, 103]], '다음날 아침', 0.6610547436714261), ([[6, 226], [874, 226], [874, 323], [6, 323]], "떠음 없어6어 문과} 때 손율노이'", 0.001858887105502455), ([[708, 531], [736, 531], [736, 567], [708, 567]], '0', 0.9905800786359045), ([[4, 520], [731, 520], [731, 619], [4, 619]], '@ 진립음 많어꿀 덜-56야 나', 0.0007072761869904209), ([[725, 572], [753, 572], [753, 603], [725, 603]], '0', 0.9999055884711652), ([[6, 813], [789, 813], [789, 913], [6, 913]], '_스분렉음 리와} 되내눈 젯물', 0.0006983638154663638), ([[12, 889], [489, 889], [489, 980], [12, 980]], "대프제 안있 6형.'", 0.0005708250017916992)]
[([[12, 12], [683, 12], [683, 100], [12, 100]], '천명에서의 일흘 마치고', 0.9222197709559627), ([[14, 86], [854, 86], [854, 173], [14, 173]], '집에 오니 맛있는 냄새가 낫다_', 0.7186044635530295), ([[25, 328], [384, 328], [384, 412], [25, 412]], '시런 나 앉어', 0.28123852694666285), ([[1208, 478], [1750, 478], [1750, 575], [1208, 575]], '어제오페락} 인류6', 0.1026472206219194), ([[16, 1062], [685, 1062], [685, 1148], [16, 1148]], '시린 네가 요리한거야?', 0.6313762503188509), ([[392, 1419], [559, 1419], [559, 1556], [392, 1556]], '%월', 0.012304063058805118), ([[1066, 1433], [2017, 1433], [2017, 1526], [1066, 1526]], '밀렇다 테페대물 요리하없일', 0.00510122853092716), ([[1069, 1507], [2014, 1507], [2014, 1604], [1069, 1604]], '맛에 롭문제눈 없웅 메다 인휴여', 0.07059813138035236), ([[1383.8540360601378, 1610.0506074795558], [1550.7803808199385, 1635.5024889506954], [1529.1459639398622, 1748.9493925204442], [1362.2196191800615, 1723.4975110493046]], '젖%', 0.043670474899841695)]
[([[1203, 80], [1774, 80], [1774, 171], [1203, 171]], '예속 또기만 화눈 권', 0.022443205046920607), ([[1200, 152], [1823, 152], [1823, 243], [1200, 243]], '용평하페 양리에 매량', 0.0677952999717076), ([[1205, 225], [1737, 225], [1737, 316], [1205, 316]], '만들어"슬 없이네', 0.006248093168434478), ([[1203, 300], [1842, 300], [1842, 393], [1203, 393]], '감싸해 여리러락로. 인류', 0.02190886940507299), ([[1205, 447], [1612, 447], [1612, 538], [1205, 538]], '통소물 회의', 0.11086271611367955), ([[1203, 518], [1618, 518], [1618, 611], [1203, 611]], '같이 먹치문다', 0.10284681830450441), ([[24, 753], [652, 753], [652, 853], [24, 853]], '늑게 퇴근하는 나흘', 0.37646138384805106), ([[27, 835], [465, 835], [465, 936], [27, 936]], '기다려겪다니', 0.3247504663959279), ([[28, 920], [473, 920], [473, 1017], [28, 1017]], '정말 기쁨 걸!', 0.6172596755439047), ([[1310, 1332], [1899, 1332], [1899, 1410], [1310, 1410]], '혼자자} 먹늄 권 너문쓸쓸하다', 0.04511855509507245), ([[1313, 1396], [1715, 1396], [1715, 1474], [1313, 1474]], '돼타려준다 인류', 0.06558994131740023)]
[([[61, 37], [327, 37], [327, 130], [61, 130]], '뭐라고?', 0.9890667796134949), ([[1151, 221], [1893, 221], [1893, 312], [1151, 312]], '길 3훨내싣 용자} 먹문 권', 0.014214161839572272), ([[1157, 289], [1854, 289], [1854, 386], [1157, 386]], '며문 쓸쓸해제 같이 밟율', 0.08529239597209193), ([[1158, 368], [1840, 368], [1840, 459], [1158, 459]], '먹고 싶은 것이다 인류', 0.2968305002290083), ([[1154, 511], [2032, 511], [2032, 623], [1154, 623]], '청소도 이미 햇흑 어제6핵딩', 0.03157319268429842), ([[42, 985], [427, 985], [427, 1069], [42, 1069]], '부끄러워하다', 0.4865300516853868), ([[42, 1058], [506, 1058], [506, 1144], [42, 1144]], '소리치는 시린이', 0.5669851736486471), ([[46, 1130], [570, 1130], [570, 1215], [46, 1215]], '너무나도 귀여워서', 0.9688156841918378), ([[39, 1205], [532, 1205], [532, 1291], [39, 1291]], '와락 겨안아짚다.', 0.19647953622574452), ([[1375, 1351], [1969, 1351], [1969, 1452], [1375, 1452]], '이 인류 [-립다]', 0.08556241957111099), ([[1375, 1436], [1916, 1436], [1916, 1538], [1375, 1538]], '어서 떨어지거락}', 0.20131458508350297), ([[65, 1749], [657, 1749], [657, 1834], [65, 1834]], '시린이 부끄러워하는', 0.7710398701069076), ([[67, 1820], [809, 1820], [809, 1909], [67, 1909]], '모습이 너무 사랑스러워고', 0.7378152647768789), ([[67, 1896], [754, 1896], [754, 1981], [67, 1981]], '시린이 직접 요리한 것에', 0.8701023224696494), ([[67, 1967], [611, 1967], [611, 2054], [67, 2054]], '대한 자랑올 들으며', 0.43757301137408383), ([[66, 2045], [573, 2045], [573, 2125], [66, 2125]], '함께 식사름 햇다.', 0.40670547452028066), ([[1042.1394255660866, 305.06203640599784], [1090.199760071976, 290.12117564731756], [1116.8605744339134, 385.93796359400216], [1067.800239928024, 399.87882435268244]], '3', 0.9860447991187016)]
[([[51, 11], [836, 11], [836, 110], [51, 110]], '시멘이 집안일올 하악 중', 0.07714911967647443), ([[38, 127], [1090, 127], [1090, 231], [38, 231]], '칠철지 못하게 정리도 안하고 ', 0.42771510921644534), ([[42, 212], [785, 212], [785, 327], [42, 327]], '"음!? 뛰냐 이건]!', 0.12730903814188316), ([[54, 421], [836, 421], [836, 522], [54, 522]], '메가 켜문 야합 동영상울', 0.3429872981380451), ([[53, 508], [469, 508], [469, 605], [53, 605]], '보고 말있다', 0.46455384740151906), ([[49, 675], [1049, 675], [1049, 772], [49, 772]], '(조금 이상한 기분이 드는구나', 0.6515515279353421), ([[47, 755], [1052, 755], [1052, 859], [47, 859]], '이게 원지 조금 더 알아불까 )', 0.7962869703511404)]
[([[26, 32], [861, 32], [861, 131], [26, 131]], '자련중 하발신에 독출함과', 0.1652937960364531), ([[24, 114], [744, 114], [744, 212], [24, 212]], '기분 종음 감혹에 눈울', 0.30013450845656814), ([[28, 199], [447, 199], [447, 296], [28, 296]], '뜨게 되없다', 0.2545221468135475), ([[26, 444], [383, 444], [383, 543], [26, 543]], '어. 뒤지3', 0.06955591742370797)]
[([[32, 26], [673, 26], [673, 123], [32, 123]], '인류여하 일어늄램-?', 0.006278127182298179), ([[32, 244], [652, 244], [652, 341], [32, 341]], '훈륭 데바} 컴문고관', 0.002853565163183858), ([[33, 321], [606, 321], [606, 412], [33, 412]], '통영장울 보있보라}', 0.039189861238032336), ([[32, 463], [543, 463], [543, 560], [32, 560]], '질쨌페네 이장합', 0.00549788542059395), ([[32, 538], [557, 538], [557, 635], [32, 635]], '손블이 들어합텔', 0.030994075582328817), ([[1418, 558], [1571, 558], [1571, 649], [1418, 649]], '훈론', 0.017553431554527182), ([[33, 614], [542, 614], [542, 707], [33, 707]], '해복되 싶터움다', 0.11240185656028347), ([[1416, 635], [1987, 635], [1987, 734], [1416, 734]], '이름레 때려스퇴', 0.013232537393488765), ([[1419, 716], [2013, 716], [2013, 814], [1419, 814]], '[출망제로 쫓널블', 0.022825696299139678), ([[32, 758], [616, 758], [616, 855], [32, 855]], '울@미이올숙 해프말', 0.0033608307324871256), ([[1417, 798], [2014, 798], [2014, 895], [1417, 895]], '옛 같이 흉플되문다', 0.014521945594557885), ([[35, 833], [474, 833], [474, 926], [35, 926]], '[텔답 @문다', 0.025875038796490203)]
[([[43, 96], [548, 96], [548, 174], [43, 174]], '나는 시린에계 모든', 0.6858244710647733), ([[43, 158], [481, 158], [481, 236], [43, 236]], '것흘 알려주없다.', 0.8103263853199483), ([[1391, 172], [1885, 172], [1885, 263], [1391, 263]], '그래 기억나는군', 0.8250191996964826), ([[42, 223], [607, 223], [607, 304], [42, 304]], '지배의울자와의 거래,', 0.5521064170869134), ([[1393, 245], [1883, 245], [1883, 337], [1393, 337]], '내가 천명 본부에', 0.9916625487739409), ([[40, 288], [548, 288], [548, 366], [40, 366]], '그리고 현 상황올.', 0.5148690366771106), ([[1391, 319], [1962, 319], [1962, 408], [1391, 408]], '강림햇올 때 명하니', 0.8712431403282703), ([[1392, 397], [1882, 397], [1882, 477], [1392, 477]], '이 몸올 쳐다보다', 0.6928225880347577), ([[1393, 466], [1945, 466], [1945, 555], [1393, 555]], '도망친 너클 여기서', 0.4268140648170593), ([[1395, 539], [1868, 539], [1868, 625], [1395, 625]], '다시 만나다니 ', 0.8264417483067956), ([[1390, 611], [2031, 611], [2031, 707], [1390, 707]], '그래서 이런 나름 원한', 0.8846904261243468), ([[1393, 686], [1964, 686], [1964, 777], [1393, 777]], '이유가 무엇이더나?', 0.9855138060462636), ([[1393, 822], [2010, 822], [2010, 903], [1393, 903]], '(지배의 울자가 나름 천명', 0.8982406037792497), ([[1392, 888], [1961, 888], [1961, 966], [1392, 966]], '간부에게 팔다니 . 나는', 0.6187745901136382), ([[1393, 950], [2048, 950], [2048, 1035], [1393, 1035]], '다시 실험체가되는 건가  )', 0.3851963627677675), ([[233.94327704211003, 2342.02793609588], [471.68618586237386, 2401.8707323015037], [423.05672295789, 2570.97206390412], [185.31381413762614, 2511.1292676984963]], '(', 0.9969788992141417)]
[([[49, 53], [844, 53], [844, 151], [49, 151]], '안그래도 참고 있엎논데', 0.3166809342717723), ([[48, 135], [291, 135], [291, 231], [48, 231]], '이젠...', 0.758480856433476), ([[45, 914], [601, 914], [601, 1015], [45, 1015]], '@류오 왜 없리블', 0.028286333905183845), ([[43, 997], [501, 997], [501, 1100], [43, 1100]], '집문 없이나켓', 0.015303970248638393), ([[996, 2048], [1137, 2048], [1137, 2365], [996, 2365]], '=', 0.05875883181606789)]
[([[48, 27], [614, 27], [614, 125], [48, 125]], '이젠 못 참젯어!!', 0.5913094215674134), ([[50, 191], [697, 191], [697, 289], [50, 289]], '나는 시런의 허리틀', 0.3026389859174145), ([[51, 275], [601, 275], [601, 372], [51, 372]], '붙잡고 미친듯이', 0.768916884355601), ([[49, 359], [385, 359], [385, 456], [49, 456]], '수서)다.', 0.2936782190040406), ([[1474, 379], [1893, 379], [1893, 472], [1474, 472]], '시런 산닷! ! !', 0.4055768489123571), ([[1472, 460], [1765, 460], [1765, 551], [1472, 551]], '사랑해! !', 0.4616952994925516), ([[1394, 593], [1576, 593], [1576, 695], [1394, 695]], '@양', 0.5138027789446529), ([[1618, 596], [1745, 596], [1745, 697], [1618, 697]], '옛', 0.16383946605498156), ([[34, 694], [558, 694], [558, 791], [34, 791]], '하의] @문무흙', 0.002971562556078978), ([[31, 771], [560, 771], [560, 879], [31, 879]], '조문미미  최<햇', 0.0004391958172242658), ([[1688, 832], [1965, 832], [1965, 936], [1688, 936]], '@미하월', 0.016567930579185486), ([[1697, 973], [2003, 973], [2003, 1073], [1697, 1073]], '훨기분-/미욱', 8.539078017726998e-05), ([[1526, 1059], [1999, 1059], [1999, 1160], [1526, 1160]], '훨기} 외만려매', 0.01942673328087311), ([[985, 2057], [1142, 2057], [1142, 2374], [985, 2374]], '별', 0.25613913956008005), ([[1578.6407446679389, 951.1163190740452], [1633.66436383883, 920.027633934041], [1685.3592553320611, 1024.8836809259549], [1630.33563616117, 1055.972366065959]], '=', 0.27871319115755355)]
[([[12, 10], [728, 10], [728, 103], [12, 103]], '시런의 옷올 벗겨내고', 0.5708862929461832), ([[1257, 32], [2048, 32], [2048, 132], [1257, 132]], '남자로서 차려진 밥상울', 0.8852129077925965), ([[9, 90], [797, 90], [797, 187], [9, 187]], '2차흘 시작하려고 할 때', 0.3766979683569809), ([[1256, 118], [2048, 118], [2048, 211], [1256, 211]], '거절할 이유가 없엇기에', 0.5697748184037774), ([[1256, 202], [2048, 202], [2048, 295], [1256, 295]], '시런의 제안을 수락햇고', 0.42471491561402824), ([[4, 330], [700, 330], [700, 434], [4, 434]], '@휴여 마일움 때몸에', 0.058446393104090145), ([[2, 412], [375, 412], [375, 511], [2, 511]], '주입없보리}', 0.011855575933389064), ([[4, 497], [650, 497], [650, 594], [4, 594]], '여기 @ 빗출로 몸올', 0.1180351597738718), ([[1361, 466], [1524, 466], [1524, 557], [1361, 557]], '시린', 0.28965676063559015), ([[1558, 463], [2035, 463], [2035, 560], [1558, 560]], '못 버티켓으면', 0.8265342675797561), ([[2, 578], [533, 578], [533, 678], [2, 678]], '제당히 리름탤면', 0.01433183313244691), ([[1363, 547], [2009, 547], [2009, 638], [1363, 638]], '신호름 보내도록 해', 0.8518655202625106), ([[4, 658], [699, 658], [699, 760], [4, 760]], '기분이 동리민 히튿터', 0.0019226590665230219), ([[4, 745], [701, 745], [701, 842], [4, 842]], '합텔 해보제 &켓]]', 0.01636396563579812), ([[1343, 774], [2040, 774], [2040, 876], [1343, 876]], '일렉의네 예제 하하라', 0.008804543653599796), ([[991.4968863458583, 2070.280695344322], [1160.1222826150315, 1992.5542541069894], [1225.5031136541415, 2175.719304655678], [1056.8777173849685, 2252.4457458930106]], '/', 0.29800243594815257)]
[([[28, 24], [508, 24], [508, 124], [28, 124]], '시린올 눕히고', 0.5391427457327728), ([[32, 109], [535, 109], [535, 206], [32, 206]], '박기 시작햇다.', 0.4082652787337022), ([[96, 487], [349, 487], [349, 611], [96, 611]], '객월', 0.02372536078201931), ([[1289, 598], [1640, 598], [1640, 697], [1289, 697]], '음려국험', 0.015609288588166237), ([[1286, 756], [2028, 756], [2028, 868], [1286, 868]], '주리" 좁렉 몰립히례', 0.0020602570224282665), ([[1288, 848], [1556, 848], [1556, 941], [1288, 941]], '해티외', 0.2524242261774278), ([[1006, 2087], [1122, 2087], [1122, 2380], [1006, 2380]], '=', 0.9810718952832396)]
[([[25, 10], [664, 10], [664, 103], [25, 103]], '시런은 자기가 직접', 0.5375437469402318), ([[21, 90], [816, 90], [816, 187], [21, 187]], '목출올 당기기 시작햇고', 0.5875048464717222), ([[25, 338], [700, 338], [700, 431], [25, 431]], '오옷! 갑자기 조임이', 0.8446932557405087), ([[24, 419], [624, 419], [624, 521], [24, 521]], '좋아저서!! 산닷] !', 0.32451181981250077), ([[1331, 584], [1921, 584], [1921, 694], [1331, 694]], '움려올매 테계-', 0.0010604395499209595), ([[1327, 680], [1872, 680], [1872, 790], [1327, 790]], '(좁례] @물 수', 0.041713781614804754), ([[1324, 775], [2010, 775], [2010, 886], [1324, 886]], '잊율 정률로 [)', 0.020006171183699756), ([[1036.4501195096475, 2130.012605310313], [1127.8277151741436, 2141.5101126865416], [1097.5498804903525, 2371.987394689687], [1006.1722848258564, 2360.4898873134584]], '트', 0.2503578154136257)]
[([[30, 27], [783, 27], [783, 120], [30, 120]], '우오옷 지금까지 없엇터', 0.30985649434317614), ([[29, 105], [710, 105], [710, 201], [29, 201]], '끝내주는 조임이야! !!', 0.8016103946147346), ([[1486, 107], [1638, 107], [1638, 227], [1486, 227]], '올', 0.8832517575130261), ([[30, 265], [624, 265], [624, 361], [30, 361]], '나는 사정하면서도', 0.7250260918327411), ([[31, 349], [649, 349], [649, 440], [31, 440]], '목출올 풀지 않있다', 0.5698304547856574), ([[1335, 330], [2028, 330], [2028, 414], [1335, 414]], '시런은 약물과 질식으로', 0.5038724784475689), ([[1336, 410], [1984, 410], [1984, 490], [1336, 490]], '인한 뇌내 마약 효과로', 0.9934811796253299), ([[1337, 486], [2030, 486], [2030, 572], [1337, 572]], '겪렬한 쾌감올 받앗는지', 0.14090595034796807), ([[1335, 562], [1966, 562], [1966, 647], [1335, 647]], '연속권 절정에서 헤어', 0.43020074060469726), ([[86, 634], [291, 634], [291, 757], [86, 757]], '오율', 0.41496770368438657), ([[392, 635], [540, 635], [540, 751], [392, 751]], '@', 0.6169334527629964), ([[1335, 636], [1904, 636], [1904, 726], [1335, 726]], '나오지 못하고 있다', 0.8123706957263772), ([[1455, 831], [1885, 831], [1885, 922], [1455, 922]], '시런 괜찮아?', 0.6360095210241594), ([[1455, 991], [2048, 991], [2048, 1082], [1455, 1082]], '시런에계서 반응은', 0.5472438383759105), ([[1454, 1072], [1683, 1072], [1683, 1165], [1454, 1165]], '없지만', 0.9992662184330166), ([[1709, 1075], [1930, 1075], [1930, 1159], [1709, 1159]], '제대로', 0.9999942874844068), ([[1455, 1154], [2028, 1154], [2028, 1244], [1455, 1244]], '숨올 쉬고 있있다.', 0.40140800014714956)]
[([[42, 33], [698, 33], [698, 117], [42, 117]], '그 뒤로 시린은 더욱 나에', 0.6583469215038511), ([[42, 106], [615, 106], [615, 191], [42, 191]], '대한 신회가 높아적고,', 0.28837979359201443), ([[45, 181], [541, 181], [541, 259], [45, 259]], '집에서 나오지 않단', 0.4868145071007643), ([[42, 252], [489, 252], [489, 337], [42, 337]], '시린이 나와 함께', 0.851255311458957), ([[40, 329], [490, 329], [490, 407], [40, 407]], '외출하게 되없다.', 0.7771140414733617), ([[25, 589], [426, 589], [426, 794], [25, 794]], '@롭어-', 0.04141080379486084), ([[43, 729], [154, 729], [154, 769], [43, 769]], '0어어))', 0.0032007846347530513), ([[296, 601], [602, 601], [602, 709], [296, 709]], '@상하켓', 0.07907016575336456), ([[1453, 665], [1810, 665], [1810, 775], [1453, 775]], '길 라권자}', 0.012739665707796869), ([[1454, 852], [1610, 852], [1610, 951], [1454, 951]], '시램', 0.0014772207029440008), ([[82, 940], [574, 940], [574, 1033], [82, 1033]], '아니! 시린에게', 0.7215716132070271), ([[1454, 941], [2001, 941], [2001, 1045], [1454, 1045]], '예쓰로트해생-', 0.021258299907861312), ([[85, 1018], [541, 1018], [541, 1115], [85, 1115]], '너무 어울려서', 0.967606333671043), ([[86, 1105], [504, 1105], [504, 1197], [86, 1197]], '엄청 귀여위!', 0.8305610041020102), ([[897, 1714], [1049, 1714], [1049, 1947], [897, 1947]], '1', 0.7518845312284981)]
[([[57, 37], [1306, 37], [1306, 128], [57, 128]], '시린이 {로 본 백화점에 가고 싶다고하여', 0.6571636760107238), ([[54, 114], [1018, 114], [1018, 203], [54, 203]], '시린과 함께 백화점에 도착햇다.', 0.41455029739272353), ([[1028, 182], [1735, 182], [1735, 275], [1028, 275]], '여5 여권 입)이 묘문다', 0.04512963505155378), ([[1029, 258], [2048, 258], [2048, 355], [1029, 355]], '@휴여 인0손올 잡아주제 요있다', 0.022183983605680753), ([[1027, 334], [1800, 334], [1800, 435], [1027, 435]], ')울 잃어마텔 켜야 깝다}', 0.0031638997417900044), ([[57, 420], [1016, 420], [1016, 512], [57, 512]], '시린은 사람들이 많은 것에 조금', 0.6766061269556176), ([[61, 500], [427, 500], [427, 585], [61, 585]], '겁울 넷지만', 0.3789498191260624), ([[454, 498], [1042, 498], [1042, 587], [454, 587]], '이내 다양한 상품과', 0.8063363601115179), ([[57, 577], [886, 577], [886, 662], [57, 662]], '가게에 흥미름 갖게 되없다.', 0.4816014100499147), ([[990, 657], [1894, 657], [1894, 755], [990, 755]], '이렵 멋델 못완 체음 @슬문다}', 0.0035915207281260737), ([[994, 735], [1821, 735], [1821, 828], [994, 828]], '^ 여럿올때 잡이 기지하여', 0.011175942608921118), ([[993, 811], [2010, 811], [2010, 912], [993, 912]], '백화점음 멈리합 숨올 품이타}분마', 0.001559048865497778), ([[57, 885], [971, 885], [971, 973], [57, 973]], '시런린은 과거가 떠올린던 걸까?', 0.3485990130511302), ([[59, 962], [687, 962], [687, 1046], [59, 1046]], '조금 슬곧 눈올 햇다.', 0.5525789224124072), ([[84, 1038], [924, 1038], [924, 1125], [84, 1125]], '6저기 파르페 먹으러 가자!,', 0.1387466128114355), ([[59, 1115], [1027, 1115], [1027, 1204], [59, 1204]], '일단 먹는 결로 기운차리게 햇다_', 0.6223735387523154)]
[([[41, 202], [1348, 202], [1348, 306], [41, 306]], '미슬미 @휴여 마켓만} 정말 이름플무나민', 0.0015699951624557464), ([[48, 283], [1349, 283], [1349, 391], [48, 391]], '셈 @렵 풍경흘 몇렌이터 뵈원켓제만', 0.0033988232535279725), ([[49, 455], [842, 455], [842, 556], [49, 556]], '밥 @련 [깥블 켜음분', 0.0016799374390702173), ([[41, 535], [460, 535], [460, 643], [41, 643]], '미듬음7다', 0.0009295883531764095), ([[47, 623], [840, 623], [840, 725], [47, 725]], '(업훨외} 필문물물 함께', 0.023226299234756196), ([[45, 707], [925, 707], [925, 812], [45, 812]], '바닷름 붙출 왜없대면-)', 0.0023251361184451476), ([[1143, 712], [1626, 712], [1626, 820], [1143, 820]], '응 몇번이고', 0.9668846388542648), ([[1146, 809], [1672, 809], [1672, 912], [1146, 912]], '보여줄게 시런', 0.4457816465268327)]
[([[56, 111], [767, 111], [767, 212], [56, 212]], '인류여 저결 보거라]', 0.3864422588324622), ([[56, 199], [876, 199], [876, 300], [56, 300]], '정말 크고 아름답구나]', 0.6315044922060119), ([[58, 376], [1049, 376], [1049, 477], [58, 477]], '말로만 들어올지 불끗놀이가', 0.27879141080570896), ([[51, 463], [923, 463], [923, 565], [51, 565]], '이렇게 아름다울 줄이야!', 0.5271892493429335), ([[982, 666], [1813, 666], [1813, 767], [982, 767]], '시린은 붙꽃놀이틀 보미', 0.10011384216781864), ([[978, 750], [1902, 750], [1902, 864], [978, 864]], '어린아이처럼 즐거워쾌다.', 0.30165521325849287)]
[([[32, 256], [61, 256], [61, 283], [32, 283]], '6', 0.9865564803840385), ([[46, 246], [628, 246], [628, 331], [46, 331]], "'시런씨! 그날 당신올", 0.6905439755653758), ([[1344, 165], [1437, 165], [1437, 312], [1344, 312]], '_', 0.429638460662071), ([[25, 317], [598, 317], [598, 401], [25, 401]], '본 순간 반쾌습니다.', 0.3763083622197339), ([[1361, 323], [1500, 323], [1500, 433], [1361, 433]], '하?', 0.9997172906462988), ([[27, 389], [576, 389], [576, 474], [27, 474]], '저와 결혼올 전제로', 0.9289432565088159), ([[28, 463], [496, 463], [496, 543], [28, 543]], '사귀어주세요!!"', 0.5802284696452241), ([[1495, 468], [1563, 468], [1563, 559], [1495, 559]], '2', 0.881411203854455), ([[28, 604], [528, 604], [528, 684], [28, 684]], '라고 말하여 반지틀', 0.4726938079231668), ([[1289, 627], [1835, 627], [1835, 708], [1289, 708]], '(이 인류는 대체 무슨', 0.4216893090857005), ([[28, 674], [287, 674], [287, 755], [28, 755]], '내밀없다.', 0.9841692780537173), ([[1343, 699], [1773, 699], [1773, 780], [1343, 780]], '말을 하느거지?)', 0.5272574848923401), ([[230.91337471739058, 2340.028132045638], [472.5193049345623, 2400.2542440735865], [423.0866252826094, 2574.971867954362], [181.4806950654377, 2515.7457559264135]], '(((', 0.27085765335003886)]
[([[21, 32], [603, 32], [603, 136], [21, 136]], '올텔이블 -묵', 0.025717282833770574), ([[16, 115], [710, 115], [710, 227], [16, 227]], '이렇레 상문 컴인가}', 0.018116384513436737), ([[1402, 109], [1694, 109], [1694, 206], [1402, 206]], '그리고?', 0.999897846818121), ([[24, 312], [394, 312], [394, 411], [24, 411]], '싫은거야?', 0.8969397367606305), ([[1383, 290], [1813, 290], [1813, 392], [1383, 392]], '샌계 오늘이', 0.10183066817069736), ([[1385, 378], [1952, 378], [1952, 481], [1385, 481]], '웬험일이터만미미', 0.0033713399725230487), ([[21, 476], [533, 476], [533, 580], [21, 580]], '오하려 개문다}', 0.012441058488419752), ([[23, 557], [628, 557], [628, 671], [23, 671]], '@람 훨 제꽂-해', 0.02007084679241857), ([[1382, 550], [1904, 550], [1904, 659], [1382, 659]], '"훌훌 괜찮다}', 0.005508736817169334), ([[26, 653], [580, 653], [580, 757], [26, 757]], '물플미있-훨레', 0.0010863408746498104), ([[1384, 641], [1634, 641], [1634, 749], [1384, 749]], '템@합', 0.028767332913466965), ([[24, 741], [560, 741], [560, 844], [24, 844]], '아쉬움 끊이다', 0.35629978545919677), ([[1382, 727], [1966, 727], [1966, 835], [1382, 835]], '인금에 정짓로움', 0.05096950761783383), ([[21, 828], [358, 828], [358, 925], [21, 925]], '시리모미미다', 0.004026939828949059), ([[1384, 814], [1890, 814], [1890, 924], [1384, 924]], '여왕의 단지루', 0.1941018045520495), ([[1378, 902], [2043, 902], [2043, 1012], [1378, 1012]], '순정재길수 없젠제', 0.0535392401649505)]
[([[14, 31], [467, 31], [467, 139], [14, 139]], '할 숨 앞트면', 0.015574225215037738), ([[1353, 38], [2037, 38], [2037, 142], [1353, 142]], '올려 편 평소_되다', 0.02974971118330811), ([[17, 122], [479, 122], [479, 225], [17, 225]], '해7이:양입', 0.033079867557312036), ([[1360, 126], [1982, 126], [1982, 229], [1360, 229]], '[ 폐운문나 #입', 0.004046576467963424), ([[1354, 298], [1914, 298], [1914, 408], [1354, 408]], '된연 퇴넷늘나?', 0.004717392384896369), ([[15, 352], [772, 352], [772, 454], [15, 454]], '시런의 말을 듣자마자', 0.3273468795218915), ([[1355, 388], [1527, 388], [1527, 492], [1355, 492]], '훌론', 0.03164764523297916), ([[16, 439], [621, 439], [621, 542], [16, 542]], '바로 박아넣없다.', 0.796317211967606), ([[1414, 571], [1955, 571], [1955, 664], [1414, 664]], '후움 욕! 시린!!', 0.2611362437510488), ([[1542, 656], [1772, 656], [1772, 758], [1542, 758]], '산다] !', 0.44335080305672686), ([[17, 704], [601, 704], [601, 801], [17, 801]], '후움! 흙! 반드시', 0.7407186217190812), ([[15, 792], [626, 792], [626, 891], [15, 891]], '임신시켜주젯어!!', 0.4991688782378591), ([[992, 2178], [1127, 2178], [1127, 2367], [992, 2367]], '=', 0.1659734099494159)]
[([[15, 17], [605, 17], [605, 121], [15, 121]], '80 찌이3등', 0.005527774757790141), ([[1227, 41], [1941, 41], [1941, 146], [1227, 146]], '훌출 @류금여 합-에', 0.007073233655343174), ([[13, 105], [582, 105], [582, 210], [13, 210]], '돼워페문문-나}히미', 0.00031135184257717987), ([[1202, 128], [1965, 128], [1965, 238], [1202, 238]], '지동-털 예용올 임', 0.0052580010682740305), ([[1201, 217], [2045, 217], [2045, 327], [1201, 327]], '텔수 외율넷 같늘나?', 0.010839847637221468), ([[10, 366], [553, 366], [553, 477], [10, 477]], '@문 이튿페나', 0.16876548456039217), ([[15, 459], [464, 459], [464, 558], [15, 558]], '많이 때문 -', 0.10679796402787634), ([[12, 541], [600, 541], [600, 651], [12, 651]], '체음인넷 깥문다}', 0.018218905098801988), ([[1272, 672], [2031, 672], [2031, 769], [1272, 769]], '시런의 도발에 넘어가', 0.7051289586222143), ([[1279, 758], [1956, 758], [1956, 859], [1279, 859]], '몇번이고 싸질로다.', 0.4364057057292575), ([[106.90077904873046, 911.0262821184665], [348.9525309699053, 971.5136178679562], [295.09922095126956, 1165.9737178815335], [53.04746903009469, 1105.4863821320437]], '0', 0.0191859457862551)]
[([[20, 35], [909, 35], [909, 149], [20, 149]], '쌍년아! 누가 쳐자래!', 0.6137889534267905), ([[1301, 78], [1993, 78], [1993, 186], [1301, 186]], '[:하[ @문출 출입', 0.008390052749958701), ([[29, 191], [655, 191], [655, 299], [29, 299]], '또8 여권하에디오', 0.019776149829997088), ([[1530, 170], [2031, 170], [2031, 275], [1530, 275]], '죄이 없멋템', 0.0026182817881213994), ([[1424, 258], [2029, 258], [2029, 360], [1424, 360]], '닥처! 니년한터서', 0.942285053286), ([[1423, 343], [2033, 343], [2033, 453], [1423, 453]], '애름 받아내젯다!', 0.5886789333872083), ([[1434, 540], [1986, 540], [1986, 639], [1434, 639]], '운옮미(완 몸이', 0.03986134564513618), ([[1390, 628], [1999, 628], [1999, 729], [1390, 729]], '@돌또유다}하방방음죄', 0.0006622024985204392), ([[17, 704], [851, 704], [851, 804], [17, 804]], '니년 때문에 천명본부에', 0.9863502492514528), ([[1384, 712], [2048, 712], [2048, 820], [1384, 820]], '파제 3올 돕젠리 ', 0.008930053987655204), ([[16, 795], [175, 795], [175, 888], [16, 888]], '있던', 0.017337801441894396), ([[199, 792], [829, 792], [829, 889], [199, 889]], '내 아들이 죽없다!', 0.616163194307829), ([[20, 876], [813, 876], [813, 961], [20, 961]], '(국권인류? 내가 죽없집터?)', 0.019113489679868714), ([[755.02844535573, 2173.026239081005], [893.8949068047382, 2228.5529923837676], [825.97155464427, 2393.973760918995], [687.1050931952618, 2338.4470076162324]], "'", 0.7264097835029624)]
[([[13, 13], [496, 13], [496, 110], [13, 110]], '쌍년아 산닷! !', 0.4021191709501581), ([[1303, 28], [1856, 28], [1856, 128], [1303, 128]], '후우- 개운하다', 0.9354668390675952), ([[1302, 117], [2031, 117], [2031, 215], [1302, 215]], '이렇게 체력스는것도', 0.423759304363567), ([[11, 187], [589, 187], [589, 289], [11, 289]], '금지원 마악이량', 0.45271655883166834), ([[1353, 205], [1747, 205], [1747, 304], [1353, 304]], '오랜만인걸', 0.8732574102096337), ([[13, 278], [765, 278], [765, 377], [13, 377]], '배란제틀 잔뜩 씻으니', 0.4154968978836756), ([[11, 365], [543, 365], [543, 464], [11, 464]], '바로 임신해탓!', 0.5214417362142343), ([[1460, 474], [1949, 474], [1949, 596], [1460, 596]], '콤록] 몰쌍', 0.05078934867124809), ([[1400, 560], [2040, 560], [2040, 672], [1400, 672]], '(입류분/색히쥐', 0.0008873579888810815), ([[11, 639], [780, 639], [780, 859], [11, 859]], '텔돌 옮렉 흙@', 0.001776736965237443)]
[([[28, 83], [848, 83], [848, 212], [28, 212]], '챙년아 당장 낳아!', 0.8119160690195145), ([[1461, 309], [1825, 309], [1825, 420], [1461, 420]], '일@이약', 0.07009537518024445), ([[1433, 394], [1654, 394], [1654, 504], [1433, 504]], '(싫물', 0.010958773083984852), ([[1645, 444], [1749, 444], [1749, 494], [1645, 494]], '미미)', 0.00035539716654277374), ([[1733, 393], [1924, 393], [1924, 505], [1733, 505]], '당필', 0.01925052585093431), ([[48, 464], [572, 464], [572, 578], [48, 578]], '훈워 %뇨올', 0.017874742464253045), ([[1455, 481], [2015, 481], [2015, 597], [1455, 597]], '싶제 @이?,[)', 0.0033114128011490483), ([[720, 2199], [872, 2199], [872, 2408], [720, 2408]], '뼈', 0.013003947898437895)]
[([[19, 26], [673, 26], [673, 123], [19, 123]], '울자년의 애새끼라', 0.9837499037204512), ([[1405, 24], [2001, 24], [2001, 123], [1405, 123]], '내가 필요 없어질', 0.9506198312698303), ([[21, 113], [592, 113], [592, 212], [21, 212]], '그런지 울음소리', 0.9996085578567375), ([[1400, 112], [2005, 112], [2005, 212], [1400, 212]], '때까지 실컷 생체', 0.9937833598640151), ([[21, 199], [518, 199], [518, 302], [21, 302]], '한번 우렇차네', 0.9120591350814369), ([[1404, 201], [1982, 201], [1982, 300], [1404, 300]], '오나홀로 쓰다가', 0.9971883871545227), ([[1404, 288], [1978, 288], [1978, 385], [1404, 385]], '경매로 팔아줄게', 0.7769034465814963), ([[0, 428], [473, 428], [473, 527], [0, 527]], '젓이외/-하-이]삶무', 1.6479828592252543e-05), ([[2, 510], [511, 510], [511, 607], [2, 607]], '(@립 @증움', 0.028608782561599152), ([[1547, 489], [2001, 489], [2001, 592], [1547, 592]], '흙히@뺨히미/', 0.00015611910039938913), ([[0, 587], [727, 587], [727, 691], [0, 691]], '@리블 `아폐리다)', 0.03416776847790119), ([[713, 2194], [871, 2194], [871, 2409], [713, 2409]], '1', 0.07999324716496758)]
[([[20, 304], [425, 304], [425, 413], [20, 413]], '(입류여미 )', 0.11956726596320079), ([[21, 474], [577, 474], [577, 577], [21, 577]], '(모말심문다}] )', 0.031246636049613443), ([[708, 2190], [878, 2190], [878, 2417], [708, 2417]], '7', 0.00829400207771358)]
[([[124, 92], [723, 92], [723, 193], [124, 193]], '차 . 하아 하아-', 0.34206864488015065), ([[119, 176], [613, 176], [613, 284], [119, 284]], '3이없되다}미미삶', 0.0002675785791951203), ([[121, 353], [987, 353], [987, 458], [121, 458]], '(인류가 없있트}---[눈히/권', 0.0011113294151178124), ([[122, 442], [834, 442], [834, 545], [122, 545]], '과거에 내략} 합 동음', 0.07065583334300606), ([[1278, 434], [1436, 434], [1436, 521], [1278, 521]], '1', 0.4985047207809181), ([[121, 526], [886, 526], [886, 636], [121, 636]], '천명이 해옷리 컴플과}', 0.027287179886423114), ([[124, 619], [816, 619], [816, 723], [124, 723]], '다르지 않있문나하미)', 0.0806705955828192), ([[1088, 1855], [2029, 1855], [2029, 1956], [1088, 1956]], '(이운로리} 이가다  텔리-/', 0.01249426331090283), ([[1088, 1939], [1947, 1939], [1947, 2049], [1088, 2049]], '나}엽무. 행복해제움 월-?)', 0.0012119930029397235)]
[([[63, 35], [1089, 35], [1089, 126], [63, 126]], '(요즘따라 시린이 자주 달라불네)', 0.7254186192168135), ([[788, 152], [1457, 152], [1457, 249], [788, 249]], '인류여 왜 그러느나?', 0.6690147589740536), ([[41, 193], [406, 193], [406, 290], [41, 290]], '저기 시린?', 0.8576949238854389), ([[112, 276], [1037, 276], [1037, 365], [112, 365]], '몇시간째 계속 붙어 엎는데 .', 0.2509384836605555), ([[928, 392], [1991, 392], [1991, 493], [928, 493]], '계속 옆에 외고 싶은데 안되느나?', 0.7953725044753248), ([[152, 517], [618, 517], [618, 614], [152, 614]], '그건 아니지만_', 0.8094235816810246), ([[1559, 650], [2047, 650], [2047, 743], [1559, 743]], '그럼 문제없군!', 0.5764038016960458), ([[1631, 730], [2046, 730], [2046, 827], [1631, 827]], '계속 외켓다.', 0.3726781675493778)]
[([[86, 300], [305, 300], [305, 393], [86, 393]], '인류여', 0.8102874645786334), ([[334, 300], [572, 300], [572, 389], [334, 389]], '이 몸올', 0.7897595044346017), ([[13, 359], [619, 359], [619, 471], [13, 471]], '토와준 권 고맙지만', 0.2653621623047183), ([[21, 442], [508, 442], [508, 538], [21, 538]], '난 울자다 이만', 0.6887076820015497), ([[19, 517], [618, 517], [618, 614], [19, 614]], '나가보도록 하켓다.', 0.5445531457909323), ([[1479, 570], [1530, 570], [1530, 637], [1479, 637]], '?', 0.9633072071773228), ([[14, 654], [568, 654], [568, 738], [14, 738]], '(당황스러운 인류구나.', 0.7587492957316251), ([[1402, 554], [1564, 554], [1564, 802], [1402, 802]], '넷보', 0.003738683209901856), ([[1569, 634], [1869, 634], [1869, 731], [1569, 731]], '잠깐만요', 0.9999040365219116), ([[19, 723], [544, 723], [544, 801], [19, 801]], '일단 여기가 어단지틀', 0.6265546406965935), ([[1482, 748], [1561, 748], [1561, 792], [1482, 792]], '.0', 0.14525667563308448), ([[1555, 710], [1699, 710], [1699, 796], [1555, 796]], '어 ?', 0.5330002856336739), ([[18, 786], [374, 786], [374, 870], [18, 870]], '알아보야켓군)', 0.5267860718894878), ([[233.93767199192067, 2342.0282334481085], [470.8090662492131, 2404.2015423195617], [422.0623280080793, 2569.9717665518915], [184.1909337507869, 2507.7984576804383]], '(', 0.9987413078097376)]
[([[2, 63], [1052, 63], [1052, 174], [2, 174]], '운움미미{ 잡짓기[ 왜 문역집울미미', 0.013706691022826572), ([[5, 240], [267, 240], [267, 348], [5, 348]], '썹미요맣', 0.002567990135589125), ([[1008, 761], [1750, 761], [1750, 872], [1008, 872]], '올씬해제 [용해', 0.04539334150983521), ([[1012, 852], [1649, 852], [1649, 957], [1012, 957]], '입터터실트기에블', 0.027046289802978705), ([[1010, 938], [1703, 938], [1703, 1048], [1010, 1048]], '문출이 생-요없다', 0.08252818981746994), ([[1012, 1112], [2029, 1112], [2029, 1235], [1012, 1235]], '다} 정말털 생-조릭-이:미미', 0.0023781010889034576), ([[1079, 2494], [1291, 2494], [1291, 2608], [1079, 2608]], '00)', 0.2579019287823106)]
[([[24, 0], [880, 0], [880, 95], [24, 95]], '시런, 무슨일 있어? 왜그래', 0.6482214468565024), ([[46, 165], [303, 165], [303, 254], [46, 254]], "''설마?", 0.5555899843134218), ([[1099, 286], [2039, 286], [2039, 387], [1099, 387]], '@류여 정말로미미 생계증롯다', 0.004146708870230655), ([[1235, 466], [1362, 466], [1362, 553], [1235, 553]], '뭐?', 0.9999935093914989), ([[1030, 652], [1981, 652], [1981, 745], [1030, 745]], '떠([녀워} 제대씩세 정말 행복해세', 0.0024479978337997657), ([[1033, 726], [1956, 726], [1956, 823], [1033, 823]], '떼기 울리문 텔 액인 제품다', 0.00527287367626196), ([[1028, 804], [1933, 804], [1933, 900], [1028, 900]], '한제문 [체 괴넷로에 합 된물움', 0.0005415584082811921), ([[1029, 879], [1958, 879], [1958, 979], [1029, 979]], '전문 용제발움 순 @습 숨이터', 0.025195111760477253), ([[1030, 1036], [1838, 1036], [1838, 1125], [1030, 1125]], '미땅즈래물미러니-분이렵', 0.0013858130085154935), ([[1054, 1110], [2021, 1110], [2021, 1208], [1054, 1208]], '떼간} [의 @[률 꾸이물 괜찮은', 0.03867629146320553), ([[1095, 1189], [2045, 1189], [2045, 1286], [1095, 1286]], '뒷인기8 [이레 팬한 -이] 되움', 0.012368516623983153), ([[1186, 1269], [1631, 1269], [1631, 1360], [1186, 1360]], '힘음 이데-미톤', 0.0029646461761840795), ([[1584, 1468], [1809, 1468], [1809, 1549], [1584, 1549]], '시런. .', 0.2358273781871022), ([[1082, 2496], [1291, 2496], [1291, 2607], [1082, 2607]], '00)', 0.1632449944993203)]
[([[1, 8], [829, 8], [829, 99], [1, 99]], '이걸 너무 늦게 쥐서 미안해', 0.6654215707531542), ([[57, 114], [374, 114], [374, 201], [57, 201]], '@#이멘', 0.011763588525354862), ([[947, 105], [1969, 105], [1969, 194], [947, 194]], '너에게 다시 반지틀 주고 싶엇논데', 0.23746011234834016), ([[947, 182], [1863, 182], [1863, 267], [947, 267]], '다시 거절당할까화 두려워어...', 0.28825535965931554), ([[949, 258], [2036, 258], [2036, 348], [949, 348]], '언제 반지틀 쥐야할지 보고 있엎논데', 0.14539439130650622), ([[966, 336], [1968, 336], [1968, 423], [966, 423]], '이렇게 불안하게 만들어서 미안해', 0.8015144584051314), ([[1064, 488], [1548, 488], [1548, 579], [1064, 579]], '@:6 아데타 입문', 0.003638657064115482), ([[1060, 562], [2035, 562], [2035, 658], [1060, 658]], '미구젯올 밥출 소울 맨 당황해세', 0.0022888333341309925), ([[1060, 641], [2028, 641], [2028, 734], [1060, 734]], '메절합 [{ 밥줄출 발율 지결이', 0.011919071779574535), ([[1063, 717], [1997, 717], [1997, 814], [1063, 814]], '없리고 생각히증 취자햇없다} 미', 0.0010076945794649408), ([[1065, 869], [2011, 869], [2011, 966], [1065, 966]], '[중에 지제출 발몽심품움 생각', 0.007061293377215753), ([[1062, 949], [2034, 949], [2034, 1042], [1062, 1042]], '@ 들없제문미미  [와} 왜긋 제꽂이', 0.0027871426542674287), ([[1063, 1024], [1978, 1024], [1978, 1122], [1063, 1122]], '며문다 행특해세야 흉읽교  메카', 0.004625206073286951), ([[1063, 1099], [1989, 1099], [1989, 1198], [1063, 1198]], '괜합 행동@록 즈름의여 행렬이', 0.012300174614117677), ([[1060, 1176], [2010, 1176], [2010, 1276], [1060, 1276]], '리3텔-틱} 핸발짝 [ [탕', 0.002481312721736991), ([[1148, 1253], [1971, 1253], [1971, 1352], [1148, 1352]], '기골 컴이 문려원스미미 훌질', 0.0016809743005474036)]
[([[9, 4], [1175, 4], [1175, 104], [9, 104]], '[ 예전마} ,음 힘물 예따합 등렉물', 0.03292034110253046), ([[9, 88], [1303, 88], [1303, 193], [9, 193]], '이젠 없다} @문에넷 @필 넷육 출륭기}', 0.0023911984130846565), ([[9, 175], [332, 175], [332, 274], [9, 274]], '없속데미.', 0.009309055632427015), ([[65, 313], [158, 313], [158, 403], [65, 403]], '응', 0.999510109832741), ([[1030, 332], [1928, 332], [1928, 432], [1030, 432]], '미레밀 [름 예짓들에 [해', 0.022243669531660182), ([[1030, 412], [1912, 412], [1912, 520], [1030, 520]], '회명현묵 없예제 @류출', 0.031604663505930435), ([[1031, 500], [1960, 500], [1960, 605], [1031, 605]], '퇴외출 수 없올제묵 문름다', 0.06561152257354796), ([[1169, 626], [1353, 626], [1353, 717], [1169, 717]], '알아.', 0.6782906651496887), ([[1033, 753], [2005, 753], [2005, 857], [1033, 857]], '넓 여프황둥물 많이제 인휴예터', 0.0052932495498211754), ([[1035, 839], [2031, 839], [2031, 940], [1035, 940]], '많이 의넷히려 틈묵 물름플:', 0.003368440181088133), ([[1031, 922], [1427, 922], [1427, 1023], [1031, 1023]], '리플데트미', 0.005708484202023831), ([[1166, 1047], [1673, 1047], [1673, 1138], [1166, 1138]], '응 알고 있어: .', 0.5368075467972996), ([[1031, 1174], [1982, 1174], [1982, 1277], [1031, 1277]], '제음에 [기} 합 주 왜늘 일음', 0.024315262082262822), ([[1031, 1259], [2048, 1259], [2048, 1363], [1031, 1363]], '기뻐사말"습 녹이장 합 숨 없문', 0.0017057615179000736), ([[1031, 1343], [1309, 1343], [1309, 1445], [1031, 1445]], '일이미점새 ', 0.0001914184739539446), ([[1164, 1469], [1351, 1469], [1351, 1556], [1164, 1556]], '시린.', 0.1202952360216175), ([[1514, 1512], [1680, 1512], [1680, 1620], [1514, 1620]], '응구', 0.09928092697179702)]
[([[33, 22], [771, 22], [771, 107], [33, 107]], '그런 점까지 다 포함해서', 0.9283631131710792), ([[33, 99], [188, 99], [188, 184], [33, 184]], '시린_', 0.3596704145021752), ([[212, 99], [871, 99], [871, 184], [212, 184]], '너름 사랑하고 있어..', 0.4060057048881873), ([[1154, 176], [1582, 176], [1582, 263], [1154, 263]], '그러니까 시런', 0.6202449540055378), ([[1148, 252], [1908, 252], [1908, 338], [1148, 338]], '나와 결혼해주지 않래?', 0.9906546893672208), ([[1162, 483], [1588, 483], [1588, 568], [1162, 568]], '시린의 눈에서', 0.5129417262188246), ([[1162, 556], [1834, 556], [1834, 646], [1162, 646]], '눈물이 멈추지 않듣다.', 0.3202883988712598), ([[1124, 823], [1571, 823], [1571, 914], [1124, 914]], '흥율 뜨완 흙', 0.022828397997213062), ([[1123, 899], [1911, 899], [1911, 996], [1123, 996]], '@금여@ 정말하흙히미터다}', 0.022024251046171762), ([[1123, 974], [1637, 974], [1637, 1071], [1123, 1071]], '대물 고랑합리구미미', 0.00041078588194145974), ([[1121, 1052], [1805, 1052], [1805, 1149], [1121, 1149]], '평쟁울 함페 해매 쩍', 0.06758774408533223), ([[1336, 1289], [1767, 1289], [1767, 1378], [1336, 1378]], '그렇게 시린은', 0.6272005583485664), ([[1339, 1367], [1791, 1367], [1791, 1451], [1339, 1451]], '반지름 받있다.', 0.2319130371282285)]
[([[17, 8], [328, 8], [328, 87], [17, 87]], '10개월 후', 0.751867567828283), ([[25, 159], [613, 159], [613, 252], [25, 252]], '@휴여 출잡 훈-제', 0.12309389807734299), ([[21, 234], [687, 234], [687, 332], [21, 332]], '집@리민 햇제 요늘나', 0.008071382673442902), ([[1399, 317], [1705, 317], [1705, 408], [1399, 408]], '훈} 좁다', 0.20777184494150738), ([[19, 465], [481, 465], [481, 545], [19, 545]], '안정기도 충분히', 0.7401735414657434), ([[1400, 467], [1992, 467], [1992, 565], [1400, 565]], '내륙 핸]율 칠@제', 0.006283783175811657), ([[18, 540], [635, 540], [635, 629], [18, 629]], '지따고 곧 출산하니까', 0.3055678389417119), ([[1399, 547], [1861, 547], [1861, 638], [1399, 638]], '모품 집이없트', 0.006044167329586833), ([[19, 619], [569, 619], [569, 699], [19, 699]], '시린이 임산부일 때', 0.879129642032865), ([[1402, 620], [2048, 620], [2048, 720], [1402, 720]], "뒤 상'히례 해릭오", 0.007251128212715549), ([[21, 698], [548, 698], [548, 776], [21, 776]], '한번 해보고싶은데', 0.9948812699170927), ([[19, 775], [257, 775], [257, 853], [19, 853]], '안월까?', 0.7784827947616577), ([[109.86277880268037, 917.0281318141435], [330.7967696000065, 976.1768449974437], [274.1372211973196, 1164.9718681858565], [54.203230399993515, 1106.8231550025562]], '0', 0.1580862301088395)]
[([[43, 68], [725, 68], [725, 170], [43, 170]], ';- 올랜.에 해다', 0.006388883013026811), ([[43, 152], [580, 152], [580, 253], [43, 253]], '요짝-찍히문다', 0.003013943679214684), ([[1396, 271], [1911, 271], [1911, 370], [1396, 370]], '양 젯3 [물-"응', 0.0349611024194857), ([[79, 386], [620, 386], [620, 486], [79, 486]], '시린! 사랑해!!', 0.40160148544812485), ([[1395, 355], [1984, 355], [1984, 458], [1395, 458]], '랑합다 입사예', 0.04229168328578314), ([[316, 604], [562, 604], [562, 708], [316, 708]], '산닷] !', 0.2945806114496607), ([[1453, 652], [1661, 652], [1661, 760], [1453, 760]], '@간]', 0.09065880264024297), ([[100.01121781625767, 872.0174642000924], [385.9535548693292, 987.4167368563355], [289.98878218374233, 1210.9825357999077], [5.046445130670797, 1094.5832631436645]], '00', 0.268587068572607)]
[([[35, 22], [978, 22], [978, 137], [35, 137]], '@류여 파수합} 넷 7문나}', 0.0268476210321388), ([[35, 202], [499, 202], [499, 312], [35, 312]], '올미 꼼달다}', 0.025329169203969618), ([[1375, 239], [1768, 239], [1768, 338], [1375, 338]], '시린 힘내!', 0.5920235278612185), ([[35, 289], [480, 289], [480, 401], [35, 401]], '닿이마플', 0.0008502453565597534), ([[1414, 594], [1800, 594], [1800, 705], [1414, 705]], '음울하흩', 0.008517303201906898), ([[1494, 687], [1817, 687], [1817, 787], [1494, 787]], '@일음매', 0.024347681552171707), ([[123.98947255068845, 885.0189171033817], [367.10169363798906, 1000.0933662882297], [267.01052744931155, 1205.9810828966183], [23.898306362010945, 1090.9066337117704]], '새', 0.016778298248196544)]
[([[0, 0], [823, 0], [823, 97], [0, 97]], '@-#/입류다} [에 @이미형높', 0.0002035225614080006), ([[1267, 20], [1424, 20], [1424, 107], [1267, 107]], '시린', 0.2846135933675247), ([[1455, 20], [1838, 20], [1838, 109], [1455, 109]], '고생 많있어', 0.49365042681863086), ([[0, 75], [723, 75], [723, 175], [0, 175]], '[무다} 장압럽들나 ', 0.0010894333156028935), ([[1311, 126], [2024, 126], [2024, 225], [1311, 225]], '이렵 행되이 왜사눈 답', 0.01578156560638068), ([[1312, 204], [2048, 204], [2048, 304], [1312, 304]], '일리증제 미미원 여쨌', 0.029559990079351766), ([[0, 307], [654, 307], [654, 404], [0, 404]], '(@렵 내물 평렬하넷', 0.1341499460668275), ([[1355, 282], [1604, 282], [1604, 385], [1355, 385]], '사랑해', 0.17171723978793188), ([[2, 382], [652, 382], [652, 481], [2, 481]], '쌀 주퍼슬데하[이쉽내', 0.0011815897115853816), ([[0, 449], [237, 449], [237, 645], [0, 645]], '흙@@', 0.037019688700137075), ([[164, 461], [575, 461], [575, 560], [164, 560]], '맛있에운 이렵', 0.024756847133462923), ([[231, 538], [550, 538], [550, 635], [231, 635]], '왜발달 곁', 0.017408432129370193), ([[0, 614], [549, 614], [549, 714], [0, 714]], '알필 @문출 리례_', 0.0195299975553269), ([[2, 692], [622, 692], [622, 789], [2, 789]], '일찍 만발터리면 낱', 0.019866552932337092), ([[2, 771], [612, 771], [612, 870], [2, 870]], '콤음 _립들에레하)', 0.02129448075200226)]
[([[44, 18], [866, 18], [866, 118], [44, 118]], '나가려는 시린올 막으려다', 0.857341424706442), ([[30, 86], [855, 86], [855, 187], [30, 187]], '미끄러저 침대로 넘어여다', 0.1765090251469324), ([[1345, 636], [1877, 636], [1877, 757], [1345, 757]], '인류@ 역세다', 0.09911514677338755), ([[1317, 739], [2020, 739], [2020, 861], [1317, 861]], '@사 목적이없다: ', 0.027100677227815624), ([[89, 1181], [536, 1181], [536, 1270], [89, 1270]], '시런린의 외침에', 0.49321561823586896), ([[99, 1250], [478, 1250], [478, 1338], [99, 1338]], '말을 잃없다', 0.668437507423695)]
[([[16, 336], [644, 336], [644, 437], [16, 437]], '떼 몸올 취하되라독', 0.047946323360037235), ([[19, 421], [641, 421], [641, 518], [19, 518]], '절대 [어레 /위제', 0.04434879151046892), ([[19, 504], [279, 504], [279, 601], [19, 601]], '양고다@', 0.03540536388754845), ([[17, 585], [654, 585], [654, 684], [17, 684]], '마음대물 해텔페라:@', 0.0032140841378908414), ([[1345, 895], [2018, 895], [2018, 999], [1345, 999]], '(질험쥐 젠제어 @젠', 0.09267836989388334), ([[1331, 970], [1954, 970], [1954, 1067], [1331, 1067]], '성불렉해엔리:@ 다물', 0.0018516200715107559), ([[1328, 1044], [2020, 1044], [2020, 1143], [1328, 1143]], '월해물 @되문 렌리-6.)', 0.005706092490945034), ([[856, 2343], [1747, 2343], [1747, 2458], [856, 2458]], '나는 그런 시린올 보면서', 0.5926386460835358), ([[853, 2434], [1998, 2434], [1998, 2546], [853, 2546]], '>1. 침대에서 벗어나기로 햇다 .', 0.5224031480571053), ([[935, 2615], [1843, 2615], [1843, 2718], [935, 2718]], '2 강제로 범하기로 햇다.', 0.8772382591428732)]
[([[26, 26], [657, 26], [657, 126], [26, 126]], '미안해 그럴 생각은', 0.9341335486685783), ([[25, 187], [788, 187], [788, 278], [25, 278]], '그러나 시린은 울먹이며', 0.4680838758430276), ([[26, 260], [582, 260], [582, 358], [26, 358]], '나흘 노려보앉다.', 0.4499616172719461), ([[490, 490], [534, 490], [534, 538], [490, 538]], '7', 0.35503508066723555), ([[174, 475], [516, 475], [516, 608], [174, 608]], '"우옷.:', 0.6583573973779069), ([[37, 769], [822, 769], [822, 862], [37, 862]], '그런 시런의 모습올 보미', 0.5383276161497729), ([[39, 846], [664, 846], [664, 939], [39, 939]], '죄책감올 느진 나는', 0.5731740735826985), ([[41, 919], [863, 919], [863, 1020], [41, 1020]], "'그것올 가져오기로 햇다.", 0.8679023362164261), ([[1392.269770680077, 582.014037682005], [1611.728722334966, 751.8007876438493], [1512.730229319923, 879.985962317995], [1293.271277665034, 710.1992123561507]], '(난', 0.044028129229648244), ([[1425.6972657087977, 1395.0607430841337], [1515.6534925144529, 1342.0152601907096], [1613.3027342912023, 1529.9392569158663], [1522.3465074855471, 1583.9847398092904]], '종', 0.025349868035349)]
[([[83, 73], [703, 73], [703, 170], [83, 170]], '놀라게 해서 미안해', 0.738759717086378), ([[79, 155], [730, 155], [730, 252], [79, 252]], '그. 테이크 먹올래?', 0.43263437511327807), ([[1208, 465], [1926, 465], [1926, 569], [1208, 569]], '눈 그런거 먹올 생각이', 0.20207423158013452), ([[1272, 683], [1350, 683], [1350, 765], [1272, 765]], '끈', 0.999191805168298), ([[1459, 780], [1859, 780], [1859, 871], [1459, 871]], '꼬르르록  !', 0.5589868178216858), ([[1205, 1079], [2048, 1079], [2048, 1189], [1205, 1189]], '주출금만 먹도록하켓다 .', 0.18008198570920927)]
