2275270
54
[([[1284, 901], [1868, 901], [1868, 968], [1284, 968]], '절망해야화오스플론운체몇년미터숙날', 0.00018148805223318086), ([[1122, 973], [2027, 973], [2027, 1040], [1122, 1040]], '2잠관번적하눈황금기늄매늄교&고청음히름습록-"없', 5.4381510617511754e-05), ([[1471, 1048], [1679, 1048], [1679, 1109], [1471, 1109]], '더분못앞는다', 0.013255658282076371)]
[([[266, 437], [368, 437], [368, 490], [266, 490]], '이제야', 0.7732797861099243), ([[239, 509], [395, 509], [395, 566], [239, 566]], '어떻계하면', 0.3611701430805456), ([[172, 577], [455, 577], [455, 639], [172, 639]], '네가 쓸모있어지논지', 0.6938158166542275), ([[245, 650], [391, 650], [391, 706], [245, 706]], '알거같아?', 0.9582256087887475), ([[1967, 718], [2038, 718], [2038, 771], [1967, 771]], '으옷', 0.6833830478938402), ([[1872, 790], [2159, 790], [2159, 845], [1872, 845]], '카오스붐은만드시 .', 0.3055739816384284), ([[1901, 862], [2123, 862], [2123, 915], [1901, 915]], '온다이쓰레기', 0.9977673280844983), ([[1960, 934], [2065, 934], [2065, 987], [1960, 987]], '자식아', 0.5149057892139735)]
[]
[]
[]
[]
[]
[]
[]
[]
[]
[([[1872, 191], [1948, 191], [1948, 244], [1872, 244]], '잠깐', 0.9999828884223854), ([[1847, 263], [1984, 263], [1984, 316], [1847, 316]], '이제외서', 0.5526054501533508), ([[1834, 335], [1997, 335], [1997, 386], [1834, 386]], '무슨소리야', 0.9998286534509947), ([[2072, 378], [2209, 378], [2209, 429], [2072, 429]], '네가 언제', 0.9734161870561038), ([[2003, 448], [2292, 448], [2292, 501], [2003, 501]], '나름 키위 세라끔이나', 0.3127947801920596), ([[1964, 520], [2328, 520], [2328, 575], [1964, 575]], '헤카테나 건드리던높이장아', 0.3141892571235376), ([[2430, 846], [2614, 846], [2614, 897], [2430, 897]], '하아. 주인도', 0.6245426701981985), ([[2384, 914], [2668, 914], [2668, 971], [2384, 971]], '못알아보는수준의로', 0.6989747399690586), ([[2383, 988], [2672, 988], [2672, 1043], [2383, 1043]], '능지까지 박살싸으니.', 0.39551223628620835), ([[731, 1415], [865, 1415], [865, 1468], [731, 1468]], '아니아니', 0.9980380535125732), ([[702, 1490], [895, 1490], [895, 1543], [702, 1543]], '진각성때 잠깐', 0.99814288536593), ([[677, 1559], [928, 1559], [928, 1615], [677, 1615]], '건들인게 끝이장아', 0.6627076284439773), ([[729, 1634], [861, 1634], [861, 1687], [729, 1687]], '개자식야', 0.5351638197898865)]
[]
[]
[]
[]
[]
[]
[]
[]
[]
[]
[([[1539, 104], [1678, 104], [1678, 159], [1539, 159]], '자식 교육', 0.8210619194456931), ([[1512, 176], [1705, 176], [1705, 231], [1512, 231]], '제대로못시권', 0.858449567074052), ([[1526, 248], [1691, 248], [1691, 301], [1526, 301]], '내잘못이지', 0.9942158543059876), ([[1931, 617], [2132, 617], [2132, 672], [1931, 672]], '말똑바로하자?', 0.982718196308331), ([[1906, 689], [2155, 689], [2155, 742], [1906, 742]], '안한거잖아 관심도', 0.8022851192727806), ([[1836, 761], [2224, 761], [2224, 816], [1836, 816]], '주지않던높이 무슨야아야야]', 0.06049652249912758), ([[2320, 981], [2461, 981], [2461, 1032], [2320, 1032]], '다근 자식', 0.4841248282370824), ([[2270, 1051], [2521, 1051], [2521, 1104], [2270, 1104]], '뒤늦게 교육해보야', 0.49890389350138353), ([[2300, 1123], [2472, 1123], [2472, 1178], [2300, 1178]], '의미도없지', 0.9994598254408316), ([[2542, 1621], [2734, 1621], [2734, 1681], [2542, 1681]], '뭐하는짓이야', 0.47643245670392753), ([[2459, 1694], [2812, 1694], [2812, 1750], [2459, 1750]], '잠깐만 너 애초에 이렇러고', 0.6547891842878579), ([[2525, 1766], [2746, 1766], [2746, 1822], [2525, 1822]], '이상한아바타에', 0.6638603207946502), ([[2533, 1841], [2746, 1841], [2746, 1894], [2533, 1894]], '묶어문거워구나', 0.27751026612787394), ([[1758.164270220762, 836.0145553358689], [2010.9989387600683, 1001.7743046511592], [1896.835729779238, 1170.9854446641311], [1644.0010612399317, 1005.2256953488408]], '튿문고', 6.789935550537688e-05), ([[1985.7759795343634, 1007.0299825010133], [2222.896119477901, 1042.2758537327347], [2183.2240204656364, 1260.9700174989866], [1945.1038805220992, 1224.7241462672653]], '때륙', 0.04942262216897723), ([[2176.1017854857937, 1237.0237456814978], [2369.774702418458, 1327.2414933800758], [2304.8982145142063, 1459.9762543185022], [2111.225297581542, 1369.7585066199242]], '<응', 0.24430248934536045)]
[]
[]
[]
[]
[]
[]
[]
[]
[]
[]
[([[1978, 176], [2049, 176], [2049, 231], [1978, 231]], '이왕', 0.9263903956421218), ([[1933, 248], [2089, 248], [2089, 305], [1933, 305]], '쓸모없는거', 0.9051448528465116), ([[1915, 322], [2105, 322], [2105, 375], [1915, 375]], '성처리 도구로', 0.9819867697316305), ([[1964, 394], [2065, 394], [2065, 445], [1964, 445]], '씨야지', 0.8139460918054872), ([[2297, 610], [2425, 610], [2425, 661], [2297, 661]], '미친새끼', 0.8216741681098938), ([[2264, 682], [2454, 682], [2454, 735], [2264, 735]], '이렇거 엿으면', 0.37300050826370784), ([[2246, 754], [2445, 754], [2445, 807], [2246, 807]], '진작 나한데 잘', 0.5899017208896737)]
[]
[]
[]
[]
[]
[]
[]
[]
[]
[]
[([[299, 556], [550, 556], [550, 613], [299, 613]], '직업순위 달량이튼', 0.25375121096262), ([[217, 623], [631, 623], [631, 687], [217, 687]], '하위권인 너와 다른핑나혹들은', 0.327813147897871), ([[270, 700], [589, 700], [589, 757], [270, 757]], '이런용도라도씨먹어야', 0.542372220399408), ([[302, 772], [553, 772], [553, 827], [302, 827]], '살아남을수 있잡아', 0.31345221011181085), ([[1481.6471377565017, 261.06551889196743], [1566.6596439153195, 206.01554899522395], [1670.3528622434983, 391.93448110803257], [1584.3403560846805, 445.984451004776]], '빛', 0.005483569385937637), ([[606.9221928890746, 1150.0305948477123], [817.4719607045201, 1202.5347076989776], [772.0778071109254, 1363.9694051522877], [562.5280392954799, 1311.4652923010224]], '유', 0.6519453691655741), ([[1462.9075115279118, 1342.0149219215673], [1871.8177740998303, 1456.3650548343187], [1769.0924884720882, 1787.9850780784327], [1360.1822259001697, 1673.6349451656813]], '셈', 0.010582773907174214)]
[]
[]
[]
[]
[]
[([[1980, 389], [2191, 389], [2191, 442], [1980, 442]], '흐 옷 아니야]', 0.47779081706383436), ([[1976, 461], [2195, 461], [2195, 514], [1976, 514]], '아니라고 너갈은', 0.4429007417976547), ([[1919, 533], [2260, 533], [2260, 586], [1919, 586]], '성욕에 찌든 짐승새끼랑은', 0.2300285309063869), ([[2007, 605], [2168, 605], [2168, 656], [2007, 656]], '다르게 나름', 0.44772804016524304), ([[1864, 674], [2313, 674], [2313, 734], [1864, 734]], '제대로 화주는 사람도 분명 있다고', 0.43484943678145815), ([[628, 1422], [913, 1422], [913, 1475], [628, 1475]], '애초에 캐릭터 설계도', 0.9888909788573584), ([[564, 1493], [979, 1493], [979, 1553], [564, 1553]], '성처리용 마냥 자지하나 넣으면', 0.8590789965454659), ([[607, 1563], [925, 1563], [925, 1625], [607, 1625]], '바로반응하눈 몸이면서', 0.3589542745326877), ([[673, 1638], [865, 1638], [865, 1693], [673, 1693]], '무슨 개소리야', 0.9584571752502352), ([[2353.7463247343203, 497.022460087533], [2578.8592633805847, 393.1169867568691], [2758.2536752656797, 845.977539912467], [2533.1407366194153, 950.8830132431309]], '환', 0.07459219887366775), ([[1576.0870860761465, 1314.0101648189745], [2002.6846118856458, 1542.9243369187498], [1834.9129139238535, 1844.9898351810255], [1408.3153881143542, 1617.0756630812502]], '쩍서', 0.044975444810399175)]
[([[239, 299], [400, 299], [400, 355], [239, 355]], '널애지중지', 0.6669644741461982), ([[191, 371], [449, 371], [449, 427], [191, 427]], '하단 사람들은 직작', 0.4331351384329682), ([[151, 443], [492, 443], [492, 499], [151, 499]], '떠날때로 떠난것도 모르고', 0.2758089808417814), ([[1919, 475], [2020, 475], [2020, 528], [1919, 528]], '끄으응', 0.9646972934900021), ([[2036, 475], [2240, 475], [2240, 528], [2036, 528]], '네가 월 안다고', 0.5355857562282748), ([[218, 518], [415, 518], [415, 568], [218, 568]], '현실 도피 새게', 0.4355799213638766), ([[1946, 547], [2213, 547], [2213, 600], [1946, 600]], '그런말올 하느거야?', 0.5352933960758794), ([[252, 587], [382, 587], [382, 643], [252, 643]], '하고있네', 0.15793408453464508), ([[2054.1704017821944, 1027.015647228153], [2212.7286491885293, 994.7589412110705], [2270.8295982178056, 1335.984352771847], [2112.2713508114707, 1367.2410587889294]], '멀', 0.0014933657147155888), ([[1571.2388442385168, 1323.0078299919192], [1915.029945161153, 1651.5831685484193], [1698.7611557614832, 1882.9921700080808], [1354.970054838847, 1554.4168314515807]], '시대', 0.016244404571669573)]
[([[1271, 169], [1439, 169], [1439, 224], [1271, 224]], '달구조박살.', 0.23032028316269268), ([[1251, 241], [1450, 241], [1450, 296], [1251, 296]], '명칭한 소환수;', 0.3602178448063915), ([[1238, 313], [1457, 313], [1457, 366], [1238, 366]], '소환사 하위호환', 0.7143936713107825), ([[1244, 383], [1446, 383], [1446, 438], [1244, 438]], '오나홀 핑싸게.', 0.31269569319973106), ([[2015, 694], [2307, 694], [2307, 755], [2015, 755]], '잠 닥처 . 질씨하면서', 0.6223536339171833), ([[2030, 767], [2286, 767], [2286, 828], [2030, 828]], '그런말하지말라고', 0.9972842568253216), ([[2315, 1352], [2432, 1352], [2432, 1536], [2315, 1536]], '퍽', 0.9579104742879849)]
[([[2344, 24], [2819, 24], [2819, 88], [2344, 88]], '#잠고: 현재눈 시너지해념이없어짐', 0.15299234550916654), ([[1720, 116], [1949, 116], [1949, 178], [1720, 178]], '관상용 겨드랑이 ', 0.983612969817692), ([[1716, 190], [1960, 190], [1960, 250], [1716, 250]], '유사 표달 카오습 ', 0.15230419587509908), ([[1725, 262], [1951, 262], [1951, 322], [1725, 322]], '던파의 몸종담당.', 0.5458220595846299), ([[1755, 335], [1916, 335], [1916, 388], [1755, 388]], '정액 저장소', 0.746359896415918), ([[2266, 824], [2470, 824], [2470, 877], [2266, 877]], '그냥나름 죽여;', 0.8435198633190557), ([[1096.309393297278, 337.07956895114654], [1204.7137239833487, 264.0141556196104], [1329.690606702722, 478.92043104885346], [1221.2862760166513, 551.9858443803896]], '콩', 0.04281841392645447), ([[547.2210026386672, 551.0178575229438], [721.930781407579, 685.4674723725898], [629.7789973613328, 802.9821424770562], [456.06921859242095, 667.5325276274102]], '슴8', 0.0019803893144834184), ([[2334.296490122501, 1303.0103131772785], [2595.1830479819146, 1538.7914344435899], [2458.703509877499, 1691.9896868227215], [2197.8169520180854, 1457.2085655564101]], '주요', 0.29505328792509816)]
