2280632
40
[]
[([[136, 1146], [860, 1146], [860, 1220], [136, 1220]], '제 슬용.  평소의 뜻과블 텔리요', 0.03468284389874741), ([[136, 1209], [1018, 1209], [1018, 1289], [136, 1289]], '@레 속용인체 수영야인제 맞혜보세요 )', 0.015446608094937128)]
[([[506, 750], [684, 750], [684, 822], [506, 822]], '수영복!', 0.9390056729316711), ([[528, 970], [658, 970], [658, 1042], [528, 1042]], '속옷!', 0.9807438287325153)]
[([[535, 0], [893, 0], [893, 301], [535, 301]], '봇', 0.0015566253234890054), ([[142, 1288], [526, 1288], [526, 1360], [142, 1360]], '땅 오립이에요)', 0.3958375830847666), ([[139, 1354], [1058, 1354], [1058, 1434], [139, 1434]], '@재만 제름 @끗에서 비퀴계 @문 방법에', 0.008727407527046467), ([[140, 1428], [462, 1428], [462, 1504], [140, 1504]], '한기켓 잃에요', 0.10608086066853638)]
[([[52, 1268], [1122, 1268], [1122, 1344], [52, 1344]], '선생 제주 같이 먼제 실물 기제 양@래요?', 0.019880762401037148)]
[([[196, 960], [996, 960], [996, 1036], [196, 1036]], '말하는대로 교실로 발걸음올 옮료다:', 0.34045207651735165)]
[([[602, 740], [745, 740], [745, 817], [602, 817]], '잠깐!', 0.8618879714972337), ([[258, 952], [936, 952], [936, 1030], [258, 1030]], '어째서 갑자기 전라인거야!?', 0.7964334152543924)]
[([[314, 1222], [860, 1222], [860, 1298], [314, 1298]], '물론 제외? 힘페 @물@ 물', 0.11852029456371461), ([[625, 1301], [643, 1301], [643, 1323], [625, 1323]], '6', 0.9991384217051156), ([[316, 1292], [874, 1292], [874, 1368], [316, 1368]], '@@웬 일@냐 $제런 일 올', 0.013676121364964596), ([[308, 1362], [726, 1362], [726, 1437], [308, 1437]], '@기 웨해요)', 0.1982656250510333)]
[([[194, 1230], [945, 1230], [945, 1319], [194, 1319]], '전생]음 문제률 못 맞투카문-로', 0.011256096980461745), ([[196, 1304], [678, 1304], [678, 1380], [196, 1380]], '제름 비퀴베 하꺼일네', 0.004223194202139897), ([[194, 1370], [1018, 1370], [1018, 1451], [194, 1451]], '피에 상용하늘 보속록 중권제 안@면', 0.05337664054786855)]
[([[497, 752], [741, 752], [741, 820], [497, 820]], '사기다 " !', 0.43363496734725543)]
[([[290, 740], [948, 740], [948, 817], [290, 817]], '하지만 중은 기회일지도 몰라', 0.503202146710736), ([[272, 954], [916, 954], [916, 1031], [272, 1031]], '어른의 무서움올 가르처주지!', 0.46330706553473694)]
[([[79, 1275], [273, 1275], [273, 1363], [79, 1363]], '히후미', 0.9311418294341968), ([[298, 1286], [554, 1286], [554, 1360], [298, 1360]], '보충수업부', 0.9533102927498703), ([[322, 1454], [604, 1454], [604, 1526], [322, 1526]], '폐로로님 - !', 0.9117686609262735), ([[322, 1524], [906, 1524], [906, 1596], [322, 1596]], '폐로로님 어디 계세요 - !?', 0.7660723355745749)]
[([[436, 96], [678, 96], [678, 320], [436, 320]], '~5', 0.5579101941236863), ([[160, 1317], [297, 1317], [297, 1394], [160, 1394]], "'@월", 0.0979545608896816), ([[164, 1387], [1036, 1387], [1036, 1464], [164, 1464]], '텔리에 그바 기분이 햄씬-중요 )생님@', 0.004073393751143286), ([[1028, 1528], [1080, 1528], [1080, 1590], [1028, 1590]], "'", 0.5768610242840033)]
[([[436, 96], [678, 96], [678, 316], [436, 316]], '5', 0.3613832288440477), ([[241, 1232], [807, 1232], [807, 1318], [241, 1318]], '@햇 걸 잡업되어에뻐렉어요', 0.006181835207562167), ([[1033, 1529], [1075, 1529], [1075, 1585], [1033, 1585]], '2', 0.1142237534729853), ([[34.28042939170179, 705.0477290506323], [236.93620560356322, 609.3955252579079], [369.7195706082982, 946.9522709493677], [167.06379439643678, 1042.604474742092]], '|', 0.20039752699682367)]
[([[339, 503], [519, 503], [519, 665], [339, 665]], '(아', 0.17516512823604252), ([[457, 595], [567, 595], [567, 723], [457, 723]], '(', 0.40386428273349395), ([[50, 688], [304, 688], [304, 882], [50, 882]], "'8", 0.04991038564952203), ([[300, 1276], [728, 1276], [728, 1354], [300, 1354]], '@앗 끼분 종이요', 0.0813665939924612), ([[302, 1344], [907, 1344], [907, 1425], [302, 1425]], '혈생님 예문 기분 좋@요 0', 0.042226377691942776), ([[1024, 1524], [1102, 1524], [1102, 1620], [1024, 1620]], "'", 0.7755875421749039), ([[304.1796753448157, 677.0152992410609], [467.298388419146, 661.6250951009586], [491.8203246551843, 988.9847007589391], [327.701611580854, 1004.3749048990414]], '1@', 0.016574277553678414), ([[72.57443091056456, 930.0462360226943], [204.68716455230987, 847.0107343260843], [357.42556908943544, 1127.9537639773057], [224.31283544769013, 1210.9892656739157]], '6', 0.11465501214399243)]
[([[339, 501], [519, 501], [519, 665], [339, 665]], '()', 0.12317195785361504), ([[457, 595], [567, 595], [567, 723], [457, 723]], '(', 0.33453340886780225), ([[38, 675], [321, 675], [321, 893], [38, 893]], '{용 ', 0.060064925030981285), ([[123, 1207], [977, 1207], [977, 1292], [123, 1292]], '올망애 왜분 기대물 범해교 텔해제편세', 0.009294224522588608), ([[124, 1279], [932, 1279], [932, 1359], [124, 1359]], '콤플월권 학생되} 각생의 관계하예요', 0.00644145587026323), ([[304.1735161626043, 677.015529925274], [467.34577218497975, 661.6444580854152], [491.8264838373957, 986.984470074726], [327.65422781502025, 1002.3555419145848]], '(', 0.08575984109612378), ([[74.67354016606949, 927.0419346238979], [203.65592979993215, 846.0102464021713], [357.3264598339305, 1126.958065376102], [228.34407020006785, 1207.9897535978287]], '50', 0.000774424141990587)]
[([[436, 93], [679, 93], [679, 315], [436, 315]], '5', 0.23131556650693685), ([[339, 503], [521, 503], [521, 665], [339, 665]], '(', 0.8514720654811789), ([[457, 595], [567, 595], [567, 721], [457, 721]], '(', 0.6443407551619771), ([[50, 688], [306, 688], [306, 884], [50, 884]], "'8-", 0.005432408768683672), ([[275, 1214], [922, 1214], [922, 1298], [275, 1298]], ';외하 빛 안제 [ 떨씩해지', 0.004605324092662556), ([[276, 1290], [680, 1290], [680, 1364], [276, 1364]], '센생님 @아다}하무', 0.008087674881504608), ([[273, 1357], [873, 1357], [873, 1434], [273, 1434]], '@페다 씨 흉내중세요하', 0.06346023170549665), ([[303.17040178219446, 678.0156472281531], [467.26394004842433, 661.611098732986], [491.82959821780554, 986.9843527718469], [328.73605995157567, 1003.388901267014]], '(', 0.1208877669782007), ([[69.59263216024645, 929.0450616998446], [205.67660286731342, 845.0104068123136], [357.40736783975353, 1128.9549383001554], [220.32339713268658, 1213.9895931876863]], '6', 0.06815772288292354)]
[([[435, 93], [679, 93], [679, 325], [435, 325]], '~5', 0.19824755057852883), ([[244, 1404], [364, 1404], [364, 1476], [244, 1476]], '@양', 0.8843494110819368), ([[1026, 1522], [1100, 1522], [1100, 1620], [1026, 1620]], "'", 0.6495160851164314), ([[295.44305190447517, 449.0036070254854], [571.4248804430787, 329.0020991604347], [959.5569480955248, 1306.9963929745147], [683.5751195569213, 1426.9979008395653]], '{', 0.08092744920539108), ([[-18.831310848660642, 823.0090942162088], [203.49668959217598, 669.0032461985365], [625.8313108486607, 1355.9909057837913], [403.503310407824, 1509.9967538014635]], '통', 0.14981483338578983)]
[([[452, 58], [574, 58], [574, 196], [452, 196]], '판', 0.010984261402668949), ([[194, 1266], [521, 1266], [521, 1342], [194, 1342]], '@@:.. @@::', 0.009795400147328959), ([[196, 1338], [356, 1338], [356, 1412], [196, 1412]], '선생]', 0.026162080866940617), ([[438, 1336], [698, 1336], [698, 1412], [438, 1412]], '멋지램에요', 0.07274532540809592), ([[196, 1404], [892, 1404], [892, 1482], [196, 1482]], '제물 하매터편 가메질씬 햄에요:', 0.016139661413759474), ([[897, 1435], [927, 1435], [927, 1451], [897, 1451]], '00', 0.9752821324001826), ([[440.33359038623155, 131.00925390433474], [618.9961085287622, 199.1210807099157], [489.66640961376845, 538.9907460956653], [311.00389147123775, 470.8789192900843]], '~', 0.17641909040600012)]
[([[165, 1236], [628, 1236], [628, 1316], [165, 1316]], '@계보제요 선생님 $', 0.02098116018058553), ([[166, 1308], [608, 1308], [608, 1384], [166, 1384]], '@뤄령-다 진물. @', 0.0386483972938624), ([[162, 1378], [1076, 1378], [1076, 1456], [162, 1456]], '동}아} 퍼아 [_움 [ @에제엎로록 해요?', 0.029100829401162025)]
[([[436, 100], [676, 100], [676, 316], [436, 316]], '~6', 0.17031514654087188), ([[266, 1339], [975, 1339], [975, 1414], [266, 1414]], '@렌에블 제름 @해사계주요@', 0.026263469735938693)]
[([[1024, 1522], [1104, 1522], [1104, 1622], [1024, 1622]], "'", 0.7787419601595644)]
[([[83, 1279], [275, 1279], [275, 1365], [83, 1365]], '코하루', 0.9846400013566454), ([[300, 1290], [554, 1290], [554, 1364], [300, 1364]], '보충수업부', 0.9324659135924538), ([[320, 1432], [562, 1432], [562, 1506], [320, 1506]], '아아 정말!', 0.9177811860353178), ([[321, 1496], [896, 1496], [896, 1580], [321, 1580]], '그렇게 소중하게 여기논컵', 0.39001190273140607), ([[320, 1572], [854, 1572], [854, 1646], [320, 1646]], '어떻게 잃어버리논거야!', 0.6106025502648759)]
[([[248, 674], [974, 674], [974, 747], [248, 747]], '기대하고 있는 와중에 미안한데:.', 0.4627104661074808), ([[304, 864], [892, 864], [892, 938], [304, 938]], '나 혼자만 기분중게 해줄게', 0.7136751856452523), ([[1025, 1523], [1103, 1523], [1103, 1591], [1025, 1591]], '2', 0.2772816376931111)]
[([[246, 1484], [614, 1484], [614, 1560], [246, 1560]], '에6? 영령이에-', 0.06273440069729562), ([[640, 1478], [805, 1478], [805, 1559], [640, 1559]], '피원세', 0.050654251128435135)]
[([[206, 804], [436, 804], [436, 1024], [206, 1024]], '씹', 0.012113921704552999), ([[243, 1421], [421, 1421], [421, 1485], [243, 1485]], '@: @@:', 0.15898818778852003), ([[240, 1486], [350, 1486], [350, 1560], [240, 1560]], '@외', 0.06353726679233382), ([[360, 1494], [386, 1494], [386, 1526], [360, 1526]], '[', 0.25141486469715346), ([[382, 1482], [958, 1482], [958, 1562], [382, 1562]], "'물렌제험 9문 텅해세하행", 0.05084562958569777), ([[804.1314476955624, 762.0209672981426], [1010.855292345853, 865.7221643509406], [938.8685523044376, 1004.9790327018574], [732.144707654147, 901.2778356490594]], '속다', 0.00443808097740888), ([[860.2906757376022, 949.0193659981196], [1053.9273116924555, 1063.6271881388543], [995.7093242623978, 1157.9806340018804], [802.0726883075445, 1042.3728118611457]], '5', 0.06400420019422004), ([[306.2767581253976, 1004.0163545712869], [542.9658353593387, 1138.9549635037524], [472.7232418746024, 1256.983645428713], [236.0341646406613, 1123.0450364962476]], '8,54', 0.26699021458625793)]
[([[330, 876], [426, 876], [426, 1016], [330, 1016]], '$', 0.7136158334803078), ([[242, 1424], [984, 1424], [984, 1504], [242, 1504]], '올망만을 [에 부딪해))[:.행', 0.000780932954499667), ([[802.0651729726382, 762.0230113445543], [1011.7330487183305, 858.8262190187952], [940.9348270273618, 1002.9769886554457], [732.2669512816695, 906.1737809812048]], '느.다}', 0.0012389497132971883), ([[209.96083601982534, 812.0360386854848], [323.1490775154096, 796.3183025282136], [344.0391639801747, 985.9639613145152], [230.85092248459043, 1001.6816974717864]], '8', 0.003972352255375233), ([[860.3487871170873, 949.0176829544062], [1051.8947348081915, 1066.4140353589078], [994.6512128829127, 1156.9823170455938], [803.1052651918084, 1039.5859646410922]], '54', 0.06409693890102118), ([[307.23500994480605, 1001.0172207746949], [542.977852509108, 1135.132518484936], [469.76499005519395, 1256.9827792253052], [235.02214749089208, 1122.867481515064]], '844', 0.39155569760798836)]
[([[142, 1273], [553, 1273], [553, 1529], [142, 1529]], '조', 0.3427959439897599), ([[292.51619195845217, 182.00390142403626], [495.4081254933955, 125.0027762354307], [688.4838080415478, 861.9960985759637], [485.5918745066045, 919.9972237645693]], '?', 0.49418672109058903), ([[67.10302470878905, 475.0143709142182], [234.52035621548922, 362.00483560668016], [522.896975291211, 842.9856290857819], [355.47964378451076, 955.9951643933198]], "'콩", 0.025118900339808254)]
[([[434, 80], [682, 80], [682, 322], [434, 322]], '5', 0.36503639924845643), ([[166, 1392], [307, 1392], [307, 1468], [166, 1468]], '@@', 0.5976398135327351), ([[328, 1394], [466, 1394], [466, 1462], [328, 1462]], '@@:', 0.15890484378958084), ([[173, 1458], [995, 1458], [995, 1544], [173, 1544]], '몸 [깥에로 @에로 뜨끼운없이 잔뜩%', 0.10171170084555618), ([[1017, 1481], [1033, 1481], [1033, 1519], [1017, 1519]], '0', 0.5188783142454021)]
[([[306, 678], [898, 678], [898, 754], [306, 754]], '자기 혼자서만 가지 못해서', 0.7212308075175884), ([[486, 872], [722, 872], [722, 944], [486, 944]], '괴로원지?', 0.59265404698658)]
[([[305, 854], [836, 854], [836, 930], [305, 930]], '이걸로 년더리가 낫다면', 0.5845863689614968)]
[([[276, 1306], [328, 1306], [328, 1330], [276, 1330]], '000', 0.9983266264624179), ([[265, 1349], [938, 1349], [938, 1430], [265, 1430]], '@뇨병 정말 만족스레원붐-요?', 0.021408632238313022)]
[([[436, 92], [676, 92], [676, 314], [436, 314]], '(', 0.05035739251770566), ([[136, 1266], [458, 1266], [458, 1342], [136, 1342]], '주해면 @대물', 0.03266544760522358), ([[138, 1336], [1002, 1336], [1002, 1410], [138, 1410]], '보해큰증에 리에 [용 관계물 해 준면', 0.003669746612541804), ([[136, 1406], [520, 1406], [520, 1482], [136, 1482]], '깨플표붐-_요하?', 0.0051319674861037)]
[([[267, 1417], [842, 1417], [842, 1495], [267, 1495]], '보충수업부의 스레줄 중에', 0.732276985383955), ([[264, 1486], [986, 1486], [986, 1564], [264, 1564]], '히후미가 폐로로인형올 잃어버려', 0.7417620705267488), ([[270, 1560], [756, 1560], [756, 1634], [270, 1634]], '다 같이 찾계 되없다..', 0.08692648860690695)]
[([[220, 932], [961, 932], [961, 1009], [220, 1009]], '나는 도망치듯 교실에서 뛰처나와', 0.5754513596124826), ([[218, 1000], [930, 1000], [930, 1081], [218, 1081]], '히후미들이 있는 곳으로 행행다:', 0.127016310081672)]
[([[185, 1409], [997, 1409], [997, 1494], [185, 1494]], '선생님 잠깐 이곳올 핸번 뵈-제요 $', 0.02227151138770183)]
[([[438, 746], [784, 746], [784, 820], [438, 820]], '폐로로 인형: .!', 0.6742200807360126)]
[([[108, 1245], [680, 1245], [680, 1324], [108, 1324]], '휴흉 @월 %제 못 핸디편', 0.054261902451313695), ([[106, 1318], [1032, 1318], [1032, 1394], [106, 1394]], '쓰물올 사직행 수 없어세 문린히켓조?', 0.007411139107746704)]
[([[308, 745], [896, 745], [896, 822], [308, 822]], '하나코 그것 좀 돌려줄래?', 0.4671400702737862)]
[([[126, 1286], [390, 1286], [390, 1358], [126, 1358]], '그협-요말', 0.008880180734661557), ([[125, 1346], [1024, 1346], [1024, 1424], [125, 1424]], '선생자께제 제기} 내는 문제록 맞울센다편', 0.010239224823660985), ([[122, 1420], [402, 1420], [402, 1496], [122, 1496]], '상관없에-', 0.07093777191302246)]
