2280631
33
[]
[([[334, 582], [470, 582], [470, 658], [334, 658]], "하  '", 0.5098815560340881), ([[515, 577], [869, 577], [869, 663], [515, 663]], '하나코:.  !?', 0.36365113522868114), ([[161, 847], [359, 847], [359, 935], [161, 935]], '아무리', 0.9999898138306695), ([[396, 841], [665, 841], [665, 939], [396, 939]], '생각해도', 0.9998404383659363), ([[701, 845], [969, 845], [969, 935], [701, 935]], '불안한데', 0.9957827925682068)]
[([[108, 1342], [1161, 1342], [1161, 1446], [108, 1446]], '안심해주세요! 이젯로 훌륭관 세스터가', 0.3716502669248472), ([[13, 1437], [591, 1437], [591, 1525], [13, 1525]], '돼기 위한 의무에요', 0.4685556212786281), ([[12, 1516], [1026, 1516], [1026, 1618], [12, 1618]], '제가 선생님의 힘이 상 @립예요', 0.046319424551416424)]
[([[46, 922], [1158, 922], [1158, 1019], [46, 1019]], '반좀 강제로 바지의 지퍼가 내려저버량다  .', 0.2696875399094632)]
[([[607, 157], [771, 157], [771, 325], [607, 325]], '1?', 0.15667005959923733), ([[279, 1417], [1057, 1417], [1057, 1507], [279, 1507]], '어머 이렇메@} 퇴세고6', 0.10717371539876994), ([[183, 1499], [816, 1499], [816, 1600], [183, 1600]], '분명 괴로우없켓치요이', 0.02592570562599855)]
[([[568, 66], [868, 66], [868, 354], [568, 354]], '사', 0.10970664956620713), ([[626, 1040], [730, 1040], [730, 1070], [626, 1070]], '#신) 쇼)', 0.007116373123091346), ([[112, 1345], [1186, 1345], [1186, 1446], [112, 1446]], '괜찮습니다 이견 나쁨 행동해 @내예요', 0.09675362789331542), ([[22, 1434], [1072, 1434], [1072, 1532], [22, 1532]], '코하루씨가 갖고 잇든 만혼예로 그렇예', 0.03314147595136138), ([[24, 1517], [585, 1517], [585, 1619], [24, 1619]], '그려저 잇없으니하요', 0.21117053332081775)]
[([[578, 62], [870, 62], [870, 356], [578, 356]], '(', 0.6245702457407596), ([[343, 581], [605, 581], [605, 671], [343, 671]], '코하루의', 0.9942516088485718), ([[645, 581], [857, 581], [857, 669], [645, 669]], '만화! ?', 0.5125559295693612), ([[258, 842], [336, 842], [336, 926], [258, 926]], '그', 0.9999418267127567), ([[372, 836], [931, 836], [931, 932], [372, 932]], '그러니까: . 그건:.', 0.8372273789159567), ([[624, 1040], [730, 1040], [730, 1072], [624, 1072]], '국0 #9', 0.046981858318182156), ([[582, 1064], [628, 1064], [628, 1092], [582, 1092]], '403', 0.36103802945601)]
[([[626, 1044], [674, 1044], [674, 1070], [626, 1070]], '#신', 0.009311639722203575), ([[681, 1043], [727, 1043], [727, 1063], [681, 1063]], '구9', 0.3918186182677312), ([[180, 1370], [1114, 1370], [1114, 1468], [180, 1468]], '그리고 저도:. 문제하젠 안답내터', 0.03810312361933883), ([[91, 1455], [539, 1455], [539, 1545], [91, 1545]], '선생님이니까', 0.4985823486153995), ([[86, 1540], [870, 1540], [870, 1638], [86, 1638]], '이렇계 해드리고 쏟없어요%', 0.16119638402720715), ([[577.0582579729272, 1074.4116515945855], [622.9624557987947, 1055.7309104826436], [632.9417420270728, 1077.5883484054145], [587.0375442012053, 1097.2690895173564]], '345', 0.20040898942245858)]
[([[199, 1371], [1077, 1371], [1077, 1463], [199, 1463]], '24시간 시스터일 필요움 엘리', 0.1557179050140805), ([[112, 1452], [1008, 1452], [1008, 1552], [112, 1552]], '선생님께서 해주여올 말씀이시초', 0.07181506443630709), ([[110, 1536], [828, 1536], [828, 1640], [110, 1640]], '지금 이 순간만큼음 저문이 ', 0.0764346121654285), ([[841.3847043755746, 1107.0316324430744], [922.7649415470854, 1174.337036092187], [888.6152956244254, 1215.9683675569256], [807.2350584529146, 1147.662963907813]], '020', 0.5710910628461052), ([[508.9973506193548, 1146.0843686541932], [590.731715344148, 1167.2258976315732], [576.0026493806453, 1216.9156313458068], [495.2682846558519, 1196.7741023684268]], '84?', 0.1527497164792483), ([[846.2051046034557, 1233.3332719689847], [876.6052718765552, 1205.0367706122474], [931.7948953965443, 1268.6667280310153], [901.3947281234448, 1296.9632293877526]], ';', 0.5146107853615298)]
[([[647, 197], [809, 197], [809, 353], [647, 353]], '02', 0.5218720869543889), ([[828, 1128], [856, 1128], [856, 1164], [828, 1164]], '응', 0.427525537321344), ([[854, 1142], [882, 1142], [882, 1186], [854, 1186]], '9', 0.9974304276333932), ([[459, 1422], [696, 1422], [696, 1502], [459, 1502]], '아리6668', 0.18673104338687227), ([[371, 1505], [973, 1505], [973, 1597], [371, 1597]], '갑자기 딱딱히계@6666', 0.1034344245563577), ([[507.9632031319513, 1148.090257852122], [588.5803119397359, 1164.7954323201043], [577.0367968680488, 1216.909742147878], [496.4196880602641, 1201.2045676798957]], ')다?', 0.012374248268101965), ([[849.4188611699158, 1231.2565835097475], [878.6279009320807, 1207.0395826365625], [929.5811388300842, 1270.7434164902525], [901.3720990679193, 1295.9604173634375]], '9', 0.23062363288360999), ([[466.8674325266986, 1239.129959864804], [542.6467604302296, 1249.1540266784018], [536.1325674733014, 1291.870040135196], [460.3532395697703, 1281.8459733215982]], '은40', 0.055523472732794746)]
[([[828, 1128], [856, 1128], [856, 1166], [828, 1166]], '응', 0.22419385232825917), ([[854, 1142], [884, 1142], [884, 1186], [854, 1186]], '9', 0.9915623590252522), ([[462, 1240], [540, 1240], [540, 1288], [462, 1288]], '입0', 0.10440899979029858), ([[130, 1410], [818, 1410], [818, 1508], [130, 1508]], '지금결로 흥분하신결등요?', 0.1783656661325085), ([[42, 1496], [1030, 1496], [1030, 1598], [42, 1598]], '후후후  못된 사림이 데요 선생님', 0.07049910691102443), ([[509.9973506193548, 1146.0843686541932], [590.7121713677116, 1166.1639449175213], [576.0026493806453, 1216.9156313458068], [495.28782863228844, 1196.8360550824787]], '@4?', 0.13500790392827627), ([[849.5086250343203, 1230.2276001098248], [879.6201736729461, 1206.0386106164317], [929.4913749656797, 1271.7723998901752], [899.3798263270539, 1295.9613893835683]], '9', 0.6764589752111902)]
[([[231, 1375], [821, 1375], [821, 1487], [231, 1487]], '안녕하세요 셈생-', 0.0736421350166068), ([[136, 1466], [1064, 1466], [1064, 1566], [136, 1566]], '오늘은 어떤 용무로 @리기멸레타기-예]:', 0.0010758313701622088), ([[1087, 1483], [1129, 1483], [1129, 1549], [1087, 1549]], '?', 0.9988917800245964)]
[([[514, 1046], [562, 1046], [562, 1106], [514, 1106]], '꼴', 0.06228641817332403), ([[691, 1397], [727, 1397], [727, 1471], [691, 1471]], '기', 0.6034884907890614), ([[308, 1474], [928, 1474], [928, 1572], [308, 1572]], '조금. 장내적복 나', 0.020908952050256707)]
[([[473, 1217], [568, 1217], [568, 1260], [473, 1260]], '8669', 0.6888045072555542), ([[194, 1390], [1132, 1390], [1132, 1495], [194, 1495]], '선생님은 어떤 은생울 생각하-세 ', 0.06057464159486486), ([[104, 1478], [1132, 1478], [1132, 1578], [104, 1578]], '어떤 짓올 하눈결 생상하고 계센다요?', 0.12048720434509634), ([[714.2370141040878, 978.0487100118849], [813.9960369876786, 1020.7819622913571], [792.7629858959122, 1067.9512899881151], [692.0039630123214, 1025.218037708643]], '2060', 0.2599886655807495), ([[858.2828546384055, 997.0516970049982], [949.9997500187484, 1036.9500024998126], [932.7171453615945, 1075.9483029950018], [840.0002499812516, 1036.0499975001874]], '4960', 0.21069209277629852), ([[533.9309852784941, 1030.448167612687], [627.3379564703091, 1020.5136103157985], [629.0690147215059, 1061.551832387313], [536.6620435296909, 1072.4863896842016]], '없명)', 0.00015029216320311205), ([[441.01941932430907, 1084.0970966215455], [522.8608712896003, 1102.8287057133493], [511.98058067569093, 1143.9029033784545], [430.1391287103998, 1125.1712942866507]], '이', 0.11016447511200145), ([[841.2272685141362, 1109.0499675588485], [950.9964966057885, 1150.7949915690328], [931.7727314858638, 1197.9500324411515], [822.0035033942115, 1155.2050084309672]], '5000', 0.16387207806110382)]
[([[274, 720], [644, 720], [644, 816], [274, 816]], "바로: ' 이런", 0.5580373455111333), ([[683, 723], [917, 723], [917, 815], [683, 815]], '상황올"', 0.4453433156013489), ([[473, 1217], [568, 1217], [568, 1260], [473, 1260]], '8369', 0.26179859042167664), ([[714.2465188815032, 978.047499163875], [813.99900851028, 1022.8909271179949], [791.7534811184968, 1068.952500836125], [692.00099148972, 1025.1090728820052]], '20660', 0.05687463657319796), ([[858.2828546384055, 998.0516970049982], [950.9990199921506, 1037.901009505106], [932.7171453615945, 1076.9483029950018], [840.0009800078494, 1036.098990494894]], '4960', 0.3013983964920044), ([[532.3447882227953, 1031.3585340901495], [626.508385071366, 1021.0787415085376], [628.6552117772047, 1060.6414659098505], [535.491614928634, 1070.9212584914624]], '솟못이', 0.0001479222162851295), ([[442.03792769639495, 1083.0934312516142], [522.8983111594815, 1103.9967314492628], [510.96207230360505, 1143.9065687483858], [430.1016888405184, 1123.0032685507372]], '이다', 0.015359488164452314), ([[840.2172729245717, 1109.0512742267447], [949.9921259808596, 1149.692711488161], [930.7827270754283, 1196.9487257732553], [821.0078740191404, 1156.307288511839]], '9000', 0.4050666391849518)]
[([[151, 1368], [936, 1368], [936, 1464], [151, 1464]], '그그래서 직접 집회기하려68', 0.14736081368717924), ([[61, 1446], [1134, 1446], [1134, 1558], [61, 1558]], '그런일은 마음속예 숨기도 줄치 &울께}', 0.0743367506565262), ([[61, 1537], [438, 1537], [438, 1645], [61, 1645]], '생각하눈데요:', 0.6495361083140618), ([[801.0091100909051, 121.02046419990467], [983.9961085287622, 160.1210807099157], [927.9908899090949, 410.97953580009533], [744.0038914712378, 371.8789192900843]], '0 ', 0.9797199355932169), ([[840.3652836724389, 1109.0336665209254], [922.8434654539408, 1172.6384158165574], [890.6347163275611, 1214.9663334790746], [808.1565345460592, 1151.3615841834426]], '080', 0.24156342986884158), ([[510.0293498376011, 1145.0790340093668], [590.7869901597262, 1168.415466980075], [575.9706501623989, 1217.9209659906332], [495.21300984027386, 1194.584533019925]], '@4?', 0.17587598335695093), ([[849.370046583403, 1231.2731350918687], [878.6358215799269, 1207.0405916765708], [928.629953416597, 1269.7268649081313], [900.3641784200731, 1294.9594083234292]], '9', 0.5607449712147492)]
[([[84, 1346], [1128, 1346], [1128, 1446], [84, 1446]], '하지만 신기하계도 싫치많첫 안력길타', 0.02295270334650041), ([[1115, 1375], [1185, 1375], [1185, 1411], [1115, 1411]], '000', 0.9941712455649165), ([[0, 1432], [1026, 1432], [1026, 1530], [0, 1530]], '자; 나쁘겨들은 전부 내보대로록 핑세요', 0.046515774819582585), ([[0, 1521], [721, 1521], [721, 1613], [0, 1613]], '이결로 편하계 되실예예요`', 0.281686106502652), ([[839.3718912928917, 1108.0329672824716], [921.8307076332433, 1172.584779700669], [889.6281087071083, 1214.9670327175284], [807.1692923667567, 1150.415220299331]], '080', 0.45433071686642557), ([[510.0293498376011, 1145.0790340093668], [590.7869901597262, 1168.415466980075], [575.9706501623989, 1217.9209659906332], [495.21300984027386, 1194.584533019925]], '@4?', 0.22985837330839987), ([[846.1430466182295, 1233.3576165455736], [876.6126328600133, 1205.0376738338928], [930.8569533817705, 1267.6423834544264], [900.3873671399867, 1295.9623261661072]], ';', 0.760204451495472)]
[([[268, 715], [938, 715], [938, 815], [268, 815]], '마리:   ! 사정활게 :.  ! !', 0.4476341392251737), ([[839.3783634944433, 1108.0322895466554], [922.8074786389666, 1173.492289199499], [890.6216365055567, 1215.9677104533446], [807.1925213610334, 1149.507710800501]], '%80', 0.18552694701115566), ([[508.9632031319513, 1148.090257852122], [589.6123295814808, 1164.8782656460255], [577.0367968680488, 1216.909742147878], [496.3876704185192, 1200.1217343539745]], '@8?', 0.014011271121339573), ([[846.4649861003862, 1230.2414569111972], [876.6052718765552, 1205.0367706122474], [929.5350138996138, 1270.7585430888028], [900.3947281234448, 1296.9632293877526]], '@', 0.39685538474537907)]
[([[40.880575823692865, 769.0833129608994], [224.03545589430033, 688.9327339300925], [315.1194241763071, 949.9166870391006], [131.96454410569967, 1030.0672660699076]], '유', 0.14111307070713597), ([[174.74981511792822, 996.0743898891632], [316.90849045267856, 874.0165125513392], [461.2501848820718, 1076.925610110837], [318.09150954732144, 1198.9834874486608]], '털', 0.011094665850391261), ([[425.23128477340475, 1052.0140743139502], [619.6528664469239, 1231.1974866830574], [495.76871522659525, 1366.9859256860498], [301.3471335530761, 1187.8025133169426]], '@~', 0.023982801676364743), ([[510.0293498376011, 1145.0790340093668], [590.7561930094276, 1167.3070020560508], [574.9706501623989, 1217.9209659906332], [494.24380699057235, 1195.6929979439492]], '84?', 0.22859830194507666)]
[([[402, 1435], [961, 1435], [961, 1523], [402, 1523]], '오아. 또-기움-하입', 0.022719614364474623), ([[312, 1518], [712, 1518], [712, 1616], [312, 1616]], '이렇계다} 잔뜩', 0.5177237336763831), ([[735, 1547], [847, 1547], [847, 1583], [735, 1583]], '00000', 0.2724438235542641)]
[([[126, 1410], [1188, 1410], [1188, 1506], [126, 1506]], '이렇계나 잔뜩 저름 생각히없씩-군요이6', 0.010801128566913822), ([[36, 1492], [690, 1492], [690, 1590], [36, 1590]], '기분 중으섞나요 선생심?', 0.20010873214044336)]
[([[578, 116], [872, 116], [872, 408], [578, 408]], '5', 0.2299376231123098), ([[134, 1346], [493, 1346], [493, 1442], [134, 1442]], '얼굴? 아뇨', 0.9796235817353426), ([[44, 1432], [1132, 1432], [1132, 1532], [44, 1532]], '선생님의 것이라면 편제 :치 않습니타', 0.01808723079828845), ([[42, 1518], [1006, 1518], [1006, 1614], [42, 1614]], '오히려 이렇계니. 세텍스려운결요', 0.08237060788807081)]
[([[207, 1366], [367, 1366], [367, 1454], [207, 1454]], '아하', 0.9329655666644784), ([[344, 1424], [368, 1424], [368, 1458], [344, 1458]], '9', 0.9954092858430528), ([[384, 1362], [1028, 1362], [1028, 1466], [384, 1466]], '참회]름 핑만 오현문요', 0.01479774483976039), ([[111, 1445], [1047, 1445], [1047, 1553], [111, 1553]], '그럼 참회]실까지 @내륙 해문리', 0.10984853784716413)]
[([[759, 139], [1011, 139], [1011, 395], [759, 395]], '0', 0.9741568585116092), ([[102, 1394], [1160, 1394], [1160, 1492], [102, 1492]], '어엿하 시스터름 지행하-늄 제지 핑로델', 0.007646318966191805), ([[16, 1478], [1170, 1478], [1170, 1580], [16, 1580]], '수 잇논거라곧 여기 지인예 아쉽치만6처6', 0.009231724376534153)]
[([[246, 1406], [1052, 1406], [1052, 1508], [246, 1508]], '어떤 이유라로 생관 없습내타 ', 0.028583340312315988), ([[156, 1496], [850, 1496], [850, 1592], [156, 1592]], '또 언제든지 방문해중세요', 0.42834378729146805)]
[([[81, 1405], [1153, 1405], [1153, 1489], [81, 1489]], '오늘도 평화}오 안녕이 당콩 국예 함교 용기름 드', 0.012579408624332981)]
[([[209, 911], [987, 911], [987, 1003], [209, 1003]], '마리의 얼굴올 깨끗이 닦은 뒤', 0.5712946341140808), ([[219, 1003], [981, 1003], [981, 1095], [219, 1095]], '둘이서 기도록 하고 귀가하다', 0.505989972902182)]
[([[144, 1366], [1066, 1366], [1066, 1466], [144, 1466]], "여기예서 . 하고 '으세_문요?", 0.03724997278097639), ([[40, 1447], [1181, 1447], [1181, 1555], [40, 1555]], '오늘은 저 밖에 없으다 괜땅문에타만  ', 0.017957297966576444)]
[([[157, 721], [1063, 721], [1063, 814], [157, 814]], '마리의 얼굴올 보면서 얘기하고싶어', 0.7295288281682821)]
[([[132, 1341], [1174, 1341], [1174, 1452], [132, 1452]], '후후 , 선생님도 -점탕이하} 텔 때가', 0.08982838407190137), ([[38, 1434], [250, 1434], [250, 1536], [38, 1536]], '잎군요', 0.2275100305896558), ([[40, 1520], [706, 1520], [706, 1618], [40, 1618]], '그런 이유라-면: 부리', 0.3266608406291833)]
[([[208, 930], [994, 930], [994, 1027], [208, 1027]], '마리에게 고민올 털어농앉다  .', 0.35147489694167866)]
[([[133, 1342], [1123, 1342], [1123, 1453], [133, 1453]], '과연:: 최근 학생물안 생꽉하면서', 0.07092935754362571), ([[60, 1432], [856, 1432], [856, 1536], [60, 1536]], '\'하는 일"이 많아지트균요이', 0.0812665992299018), ([[771.9924855855315, 141.02115693565182], [961.4410948149088, 172.51339296103154], [914.0075144144685, 426.97884306434815], [725.5589051850912, 395.48660703896843]], '0 ', 0.8471678252666193)]
[([[112, 1346], [1086, 1346], [1086, 1446], [112, 1446]], '그러고보니 마침 열매예 그훈분을', 0.09755207161657892), ([[17, 1432], [1192, 1432], [1192, 1532], [17, 1532]], '시스터가 구원해준 이이뇨블 핑순보찌예계', 0.042584046737357016), ([[22, 1518], [258, 1518], [258, 1622], [22, 1622]], '들없어요', 0.9883025884628296)]
