2281852
57
[([[154, 112], [242, 112], [242, 166], [154, 166]], '벼입', 0.006077615892082121), ([[263, 102], [394, 102], [394, 156], [263, 156]], '5;우', 0.001762391788674736), ([[198, 109], [584, 109], [584, 294], [198, 294]], '방버', 0.006119319236738015), ([[496, 826], [578, 826], [578, 852], [496, 852]], '-이사', 0.0005126204396234432), ([[501, 849], [577, 849], [577, 893], [501, 893]], '허8', 0.012527595940021936), ([[496, 888], [580, 888], [580, 912], [496, 912]], '5 시미 ', 0.04948819975282189), ([[509, 917], [573, 917], [573, 931], [509, 931]], '183*30', 0.05881639040601067), ([[499, 925], [581, 925], [581, 943], [499, 943]], '벼스 : 맨교', 0.009059532395811304)]
[([[533, 133], [611, 133], [611, 151], [533, 151]], '싫어 하지마~', 0.9932968774690969), ([[301, 597], [365, 597], [365, 615], [301, 615]], '트와일라켓', 0.3300769951675449), ([[589, 601], [689, 601], [689, 619], [589, 619]], '편지 새이한다구 .', 0.3716486825646798), ([[125, 611], [193, 611], [193, 631], [125, 631]], '이제 잠울수', 0.9561068676001633), ([[145, 629], [173, 629], [173, 647], [145, 647]], '없어', 0.9996219637011641), ([[425, 809], [477, 809], [477, 825], [425, 825]], '부탁이야', 0.9315875172615051), ([[413, 823], [483, 823], [483, 843], [413, 843]], '이제 그만해,', 0.6753054922965296), ([[367, 921], [385, 921], [385, 943], [367, 943]], '0', 0.999999046325911)]
[([[569, 191], [599, 191], [599, 207], [569, 207]], '싫어', 0.9651371127083057), ([[139, 207], [183, 207], [183, 225], [139, 225]], '그런 거', 0.9968824856246954), ([[557, 207], [615, 207], [615, 223], [557, 223]], '스파이크?', 0.7032516651189517), ([[121, 223], [199, 223], [199, 241], [121, 241]], '안대에에에에', 0.9355893954440514), ([[203, 417], [251, 417], [251, 433], [203, 433]], '아아아앗', 0.7355756993258978)]
[([[575, 543], [627, 543], [627, 559], [575, 559]], '안내아애', 0.2854188084602356), ([[581, 557], [621, 557], [621, 577], [581, 577]], '용아맛', 0.7141651236759377), ([[577, 855], [623, 855], [623, 873], [577, 873]], '느낌이 .', 0.9173552737931842)]
[([[167, 199], [207, 199], [207, 215], [167, 215]], '아하앗', 0.3824541068901633), ([[155, 213], [217, 213], [217, 233], [155, 233]], '빨면 인쇄 !', 0.5991313380805079), ([[393, 611], [431, 611], [431, 629], [393, 629]], '응아맛', 0.6219880408324722), ([[387, 643], [427, 643], [427, 661], [387, 661]], '아후으', 0.5413586793077847)]
[([[141, 197], [253, 197], [253, 217], [141, 217]], '우아맛 트와이 나와!', 0.9176543365824233), ([[145, 441], [183, 441], [183, 457], [145, 457]], '기다려', 0.981067572587538), ([[147, 459], [181, 459], [181, 475], [147, 475]], '안은 .', 0.9805026626707514), ([[352, 918], [394, 918], [394, 950], [352, 950]], '14', 0.9999686428887061)]
[([[515, 233], [557, 233], [557, 253], [515, 253]], '용하아', 0.744111889258787), ([[509, 251], [563, 251], [563, 269], [509, 269]], '아아아아', 0.9685294032096863)]
[([[147, 347], [233, 347], [233, 367], [147, 367]], '편지름 못 쓰면', 0.59556464854049), ([[561, 407], [617, 407], [617, 425], [561, 425]], '아- 인쇄!', 0.5138898995936951), ([[367, 505], [423, 505], [423, 525], [367, 525]], '벌써 점심', 0.7452834236960864), ([[373, 525], [419, 525], [419, 541], [373, 541]], '지낫어!', 0.4849188029766083), ([[265, 537], [319, 537], [319, 557], [265, 557]], '못 쓰면?', 0.9949993786173593), ([[465, 683], [593, 683], [593, 701], [465, 701]], '유치원생으로 돌아가서', 0.990323379715135), ([[479, 699], [581, 699], [581, 717], [479, 717]], '세레스티아 느길에', 0.42824444258120636), ([[471, 715], [587, 715], [587, 735], [471, 735]], '엉덩이가 둘길거야"!', 0.2684594397972983), ([[480, 768], [556, 768], [556, 796], [480, 796]], '01 #', 0.15262675174852128), ([[505, 795], [531, 795], [531, 815], [505, 815]], '들', 0.049867619512511396), ([[300, 968], [328, 968], [328, 994], [300, 994]], '16', 0.9984372155893722)]
[([[527, 235], [589, 235], [589, 253], [527, 253]], '그권 안대!', 0.518387518021827), ([[513, 253], [597, 253], [597, 271], [513, 271]], '뭐라노 해아해.', 0.9702141772308868), ([[149, 315], [181, 315], [181, 331], [149, 331]], '그러', 0.44242537071355903), ([[151, 473], [231, 473], [231, 489], [151, 489]], '해가 지기전에', 0.8998891230436772), ([[155, 487], [225, 487], [225, 505], [155, 505]], '편지름 쓰면', 0.48781058276805794), ([[523, 476], [620, 476], [620, 502], [523, 502]], '지금부터 친구의', 0.987051241464274), ([[161, 503], [219, 503], [219, 523], [161, 523]], '뇌논기야!', 0.4142267706020213), ([[527, 495], [619, 495], [619, 515], [527, 515]], '고민을 해결해서', 0.6692434228704506), ([[535, 679], [615, 679], [615, 699], [535, 699]], '노움올 바라는', 0.34820937806370783), ([[543, 699], [609, 699], [609, 715], [543, 715]], '모니가 분명', 0.9437457985286686), ([[549, 713], [603, 713], [603, 733], [549, 733]], '있율거이', 0.7268766760826111)]
[([[581, 421], [611, 421], [611, 437], [581, 437]], '여긴', 0.9597883718884926), ([[153, 443], [225, 443], [225, 459], [153, 459]], '하지말까나 ,', 0.618098120244669), ([[411, 649], [491, 649], [491, 667], [411, 667]], '트와이라이도', 0.41442475269203494), ([[365, 915], [381, 915], [381, 937], [365, 937]], '8', 0.9956677491275379)]
[([[565, 157], [601, 157], [601, 197], [565, 197]], '잠', 0.024048453962088878), ([[129, 761], [221, 761], [221, 781], [129, 781]], '나랑 씩스팔려고', 0.3914493345931978), ([[543, 761], [609, 761], [609, 781], [543, 781]], '트와이 라빗', 0.3310011622851752), ([[157, 779], [193, 779], [193, 797], [157, 797]], '맞니?', 0.13744265628320984), ([[557, 781], [595, 781], [595, 797], [557, 797]], '스따루', 0.2595284581184387), ([[248, 820], [276, 820], [276, 852], [248, 852]], '@', 0.05891083940073316), ([[264, 848], [288, 848], [288, 876], [264, 876]], '%', 0.33361074588924566), ([[347, 919], [371, 919], [371, 939], [347, 939]], '19', 0.9999950266754979)]
[([[437, 791], [593, 791], [593, 859], [437, 859]], '# #놀하다', 0.0023313388295582212)]
[([[323, 209], [377, 209], [377, 225], [323, 225]], '아니 틈러', 0.20925180452608422), ([[291, 223], [407, 223], [407, 243], [291, 243]], '끄린세스에계 편지름', 0.49416903879273516), ([[327, 243], [369, 243], [369, 259], [327, 259]], '쓸러고', 0.9931090749697289), ([[181, 701], [215, 701], [215, 717], [181, 717]], '까아-', 0.9939546180829614), ([[476, 812], [534, 812], [534, 862], [476, 862]], '2"', 0.5874479836420828), ([[490, 856], [548, 856], [548, 904], [490, 904]], "'0", 0.22160358874347164), ([[369.68957644559055, 799.7170681802992], [416.7375856844859, 756.0340746075524], [484.31042355440945, 836.2829318197008], [437.2624143155141, 879.9659253924476]], '"', 0.30705921783363976)]
[([[481, 443], [525, 443], [525, 459], [481, 459]], '자 간다', 0.9767039319843295), ([[485, 461], [523, 461], [523, 475], [485, 475]], '트와이', 0.6280479751103379)]
[([[545, 233], [613, 233], [613, 251], [545, 251]], '이걸 박아서', 0.7786160127737791), ([[165, 281], [203, 281], [203, 297], [165, 297]], '죽소록', 0.7755042314529419), ([[155, 297], [211, 297], [211, 313], [155, 313]], '씩스하자!', 0.626836337316333)]
[([[535, 221], [587, 221], [587, 237], [535, 237]], '식스하자', 0.49653923511505127), ([[221, 501], [257, 501], [257, 517], [221, 517]], '아아~', 0.9997941457222761), ([[537, 499], [605, 499], [605, 519], [537, 519]], '지금은 그런', 0.8502273132246074), ([[533, 515], [605, 515], [605, 535], [533, 535]], '기분이 아냐', 0.9973501202011031), ([[375, 791], [415, 791], [415, 809], [375, 809]], '편지름', 0.8085199528572083), ([[365, 807], [417, 807], [417, 825], [365, 825]], '써이하해', 0.2907685935497284), ([[455, 861], [525, 861], [525, 899], [455, 899]], '의', 0.4551084082166348), ([[348, 912], [388, 912], [388, 940], [348, 940]], '23', 0.9965980022106552)]
[([[557, 221], [597, 221], [597, 241], [557, 241]], '넘울계', 0.45281619197795836), ([[505, 483], [531, 483], [531, 499], [505, 499]], '싫어', 0.9537565026980228), ([[493, 499], [537, 499], [537, 515], [493, 515]], '하지마', 0.999539984432923)]
[([[551, 281], [591, 281], [591, 297], [551, 297]], '아아앗', 0.7325079406035538), ([[525, 631], [579, 631], [579, 651], [525, 651]], '움직일계', 0.9266625046730042), ([[551, 779], [579, 779], [579, 799], [551, 799]], '싫어', 0.9183464769079387), ([[151, 791], [201, 791], [201, 809], [151, 809]], '움직이지', 0.9997202157974243), ([[531, 795], [599, 795], [599, 815], [531, 815]], '그럼계 근거', 0.6608549764118746), ([[155, 805], [195, 805], [195, 825], [155, 825]], '말아쥐', 0.924448098706415), ([[374, 918], [412, 918], [412, 946], [374, 946]], '25', 0.9990925304102932)]
[([[221, 669], [249, 669], [249, 687], [221, 687]], '용옷', 0.19593864883863946), ([[221, 685], [249, 685], [249, 705], [221, 705]], '흐곳', 0.503240258178384), ([[549, 835], [603, 835], [603, 851], [549, 851]], '아아아아', 0.9919500946998596), ([[171, 843], [249, 843], [249, 861], [171, 861]], '트와이의 안쪽', 0.613275792042431), ([[169, 861], [251, 861], [251, 881], [169, 881]], '엄정 기분좁아', 0.5455951456489001), ([[344, 956], [380, 956], [380, 980], [344, 980]], '26', 0.9384911071089104)]
[([[155, 167], [183, 167], [183, 185], [155, 185]], '음옷', 0.568545953315626), ([[151, 187], [183, 187], [183, 203], [151, 203]], '맛 그', 0.7961337566375732), ([[447, 183], [489, 183], [489, 203], [447, 203]], '용하맛', 0.6840695495189965), ([[545, 501], [597, 501], [597, 517], [545, 517]], '부탁이야', 0.9914288520812988), ([[531, 517], [611, 517], [611, 535], [531, 535]], '그렇계 격하게', 0.5299437933703502), ([[547, 535], [593, 535], [593, 551], [547, 551]], '박으면 .', 0.9766123535561249), ([[169, 557], [211, 557], [211, 575], [169, 575]], '안내에.', 0.9762941598892212), ([[152, 820], [196, 820], [196, 844], [152, 844]], '용구옷', 0.5677096864166378), ([[326, 908], [364, 908], [364, 932], [326, 932]], '27', 0.9975596432985447)]
[([[537, 231], [567, 231], [567, 247], [537, 247]], '싫어.', 0.46427402058447587), ([[535, 249], [563, 249], [563, 265], [535, 265]], '이제', 0.9996132824228763), ([[210, 326], [322, 326], [322, 406], [210, 406]], '&', 0.03449831026175887), ([[209, 499], [239, 499], [239, 517], [209, 517]], '빼쥐,', 0.7881048782664176), ([[211, 519], [239, 519], [239, 533], [211, 533]], '안내', 0.7340586190862787), ([[163, 535], [191, 535], [191, 549], [163, 549]], '이제', 0.9991966913091247), ([[191, 531], [287, 531], [287, 551], [191, 551]], '이상하게 뇌버려', 0.8538696809800506), ([[358, 918], [396, 918], [396, 944], [358, 944]], '28', 0.999364821799505)]
[([[527, 467], [579, 467], [579, 485], [527, 485]], '흐하아닷', 0.20479662055941078), ([[322, 928], [352, 928], [352, 952], [322, 952]], '9', 0.18949423062452198)]
[([[122, 153], [628, 153], [628, 252], [122, 252]], '묘어 [;---뇨', 0.007366502047789644), ([[183, 245], [504, 245], [504, 345], [183, 345]], '*장)사>', 0.0022175919752134526), ([[124, 839], [332, 839], [332, 903], [124, 903]], '7- 러', 0.022161457510294507), ([[346, 932], [372, 932], [372, 964], [346, 964]], '3', 0.5667186977220893)]
[([[333, 525], [401, 525], [401, 545], [333, 545]], '제 2 라운드', 0.9390916534421794), ([[351, 543], [385, 543], [385, 561], [351, 561]], '갈까!', 0.4042806937626912), ([[354, 918], [386, 918], [386, 946], [354, 946]], '30', 0.9966469283421531)]
[([[129, 237], [153, 237], [153, 251], [129, 251]], '이제', 0.9997202406826511), ([[471, 231], [545, 231], [545, 251], [471, 251]], '사양하지마~', 0.9471970968047215), ([[123, 253], [149, 253], [149, 267], [123, 267]], '싫어', 0.9920469963535076), ([[151, 795], [235, 795], [235, 811], [151, 811]], '빚 , 마김 도수!', 0.1956510869414791), ([[338, 910], [370, 910], [370, 940], [338, 940]], '31', 0.8822126851349091)]
[([[153, 159], [191, 159], [191, 173], [153, 173]], '고마위', 0.9806957077234465), ([[145, 173], [201, 173], [201, 191], [145, 191]], '네 덕분에', 0.8270359296410574), ([[153, 191], [193, 191], [193, 207], [153, 207]], '실앗어', 0.7493041774799973), ([[493, 433], [525, 433], [525, 451], [493, 451]], '이답!', 0.4778256767394549), ([[515, 591], [595, 591], [595, 607], [515, 607]], '삼가 아집니다', 0.4830672932619428), ([[493, 607], [619, 607], [619, 625], [493, 625]], '느린세스 세레스티아님', 0.18123460485988713), ([[500, 620], [610, 620], [610, 644], [500, 644]], '오늘 제가 배운것은', 0.6452250373466841), ([[145, 801], [201, 801], [201, 819], [145, 819]], '말의 자지', 0.9996301641815171), ([[135, 815], [207, 815], [207, 835], [135, 835]], "그다' 입니다", 0.7953236558149794), ([[344, 966], [386, 966], [386, 998], [344, 998]], '32', 0.9999897161844511), ([[220.9309852784941, 871.448167612687], [297.94012186862284, 858.9217797901384], [303.06901472150594, 902.551832387313], [226.0598781313772, 915.0782202098616]], '묘)몽', 0.03812073474274445)]
[([[34, 246], [60, 246], [60, 286], [34, 286]], '북', 0.016784328620295108), ([[105, 263], [321, 263], [321, 283], [105, 283]], '27화부터의 제공화면이 변경되예 따라', 0.45778715567643674), ([[342, 254], [368, 254], [368, 282], [342, 282]], '11', 0.1450518716376431), ([[374, 242], [686, 242], [686, 290], [374, 290]], '편기미 7훈미)#:#소시*', 0.00015163849928180947), ([[89, 281], [321, 281], [321, 299], [89, 299]], '주회의 마카통 공급이 끊긴 히메는 심각한', 0.2167762240749957), ([[32, 292], [56, 292], [56, 324], [32, 324]], '0', 0.9942864961585975), ([[117, 297], [293, 297], [293, 315], [117, 315]], '금단증상이량 싸우고 있있다 ,!', 0.31041120437552966), ([[509, 341], [535, 341], [535, 357], [509, 357]], '히데', 0.7282892681809157), ([[43, 353], [71, 353], [71, 373], [43, 373]], '괴롭', 0.8286333030860701), ([[197, 357], [241, 357], [241, 373], [197, 373]], '괴로위.', 0.712785005569458), ([[289, 357], [329, 357], [329, 373], [289, 373]], '마카동', 0.2375020983845931), ([[37, 369], [69, 369], [69, 389], [37, 389]], '다구', 0.999962910974765), ([[281, 373], [337, 373], [337, 389], [281, 389]], '내 마카통', 0.48348274817185927), ([[285, 387], [327, 387], [327, 407], [285, 407]], '돌러쥐.', 0.2845507562160492), ([[567, 509], [606, 509], [606, 578], [567, 578]], '#', 0.0207063886230765), ([[544, 556], [574, 556], [574, 598], [544, 598]], '{@', 0.016710771887893165), ([[45, 593], [95, 593], [95, 613], [45, 613]], '살려쥐 ,', 0.6155896913271278), ([[629, 595], [659, 595], [659, 611], [629, 611]], '하아', 0.9996691632704875), ([[625, 613], [657, 613], [657, 629], [625, 629]], '하아', 0.9999152015938984), ([[241, 681], [269, 681], [269, 695], [241, 695]], '히익', 0.5140516489621108), ([[233, 697], [273, 697], [273, 715], [233, 715]], '마카동', 0.38272768479467045), ([[556, 690], [605, 690], [605, 721], [556, 721]], '피', 0.006607707845897315), ([[562, 749], [668, 749], [668, 798], [562, 798]], '굶머5', 0.0033358926061766124), ([[373, 895], [443, 895], [443, 911], [373, 911]], '이젠 더는 못', 0.8406712395794635), ([[565, 895], [597, 895], [597, 909], [565, 909]], '허메 .', 0.3764704455813644), ([[31, 917], [73, 917], [73, 937], [31, 937]], '히메장', 0.30084035777998636), ([[375, 909], [431, 909], [431, 929], [375, 929]], '버달지노:', 0.14475746262865605), ([[545, 905], [672, 905], [672, 933], [545, 933]], '불쌍하기도-.러의생', 0.01307116008525032), ([[301, 1007], [359, 1007], [359, 1045], [301, 1045]], '33', 0.9998464203384491), ([[546.1322781687254, 645.0952517592642], [609.8735669595751, 662.002263055867], [599.8677218312746, 697.9047482407358], [536.1264330404249, 680.997736944133]], '숫째', 0.023338610861617478), ([[108.47818194971445, 867.0341828178298], [137.37569037838267, 852.0176819891436], [187.52181805028556, 950.9658171821702], [159.62430962161733, 965.9823180108564]], '"', 0.028583361728744316), ([[102.33156707956985, 924.0562457694622], [146.9365080697804, 962.290137889056], [121.66843292043015, 990.9437542305378], [78.06349193021961, 952.709862110944]], '사', 0.47773884313996007)]
[([[389, 111], [431, 111], [431, 131], [389, 131]], '맛있는', 0.8027771634447736), ([[369, 129], [441, 129], [441, 147], [369, 147]], '마가퉁이이~', 0.14765043435862016), ([[227, 137], [293, 137], [293, 157], [227, 157]], '많이 먹어 >', 0.27257609677784345), ([[79, 173], [147, 173], [147, 279], [79, 279]], '딱', 0.05853521195322764), ([[71, 273], [157, 273], [157, 647], [71, 647]], '8', 0.4809915817646129), ([[349, 685], [389, 685], [389, 705], [349, 705]], '마카동', 0.21946477455303276), ([[209, 755], [243, 755], [243, 771], [209, 771]], '히메?', 0.41308045839764623), ([[85, 705], [175, 705], [175, 977], [85, 977]], '물', 0.8444350726952052)]
[([[547, 77], [655, 77], [655, 95], [547, 95]], '히메 그건 마카동이', 0.22627754059109315), ([[159, 95], [199, 95], [199, 111], [159, 111]], '우후후', 0.9971992587128592), ([[407, 95], [447, 95], [447, 111], [407, 111]], '마가통', 0.4336823150402986), ([[557, 95], [639, 95], [639, 111], [557, 111]], '아니라 보지야', 0.6954580469144583), ([[141, 109], [201, 109], [201, 129], [141, 129]], '맛있다구?', 0.9999497266206954), ([[397, 109], [453, 109], [453, 129], [397, 129]], '마카용 통', 0.22111935918222778), ([[573, 109], [625, 109], [625, 129], [573, 129]], '정신차려', 0.9789088368415833), ([[455, 159], [602, 159], [602, 222], [455, 222]], '셋-8 (', 0.16491446126624007), ([[354, 373], [507, 373], [507, 434], [354, 434]], '둘|탓', 0.00033179533507475133), ([[625, 451], [657, 451], [657, 467], [625, 467]], '닥처!', 0.9561164501955854), ([[299, 771], [379, 771], [379, 791], [299, 791]], '잘 먹젯습니다', 0.3459619884149481), ([[35, 947], [65, 947], [65, 963], [35, 963]], '아하 `', 0.6970411436698433), ([[383, 861], [686, 861], [686, 1014], [383, 1014]], '{답로묘', 0.01944820024073124)]
[([[333, 101], [369, 101], [369, 117], [333, 117]], '아앗~', 0.6925093531608582), ([[81, 111], [119, 111], [119, 127], [81, 127]], '우후후', 0.9977038525108354), ([[337, 119], [377, 119], [377, 135], [337, 135]], '마카통', 0.6213395387463344), ([[75, 127], [123, 127], [123, 145], [75, 145]], '맛있니?', 0.9975549578666687), ([[335, 133], [377, 133], [377, 151], [335, 151]], '마카동', 0.26124603413774483), ([[77, 141], [121, 141], [121, 161], [77, 161]], '하메장', 0.299718809748311), ([[87, 419], [115, 419], [115, 437], [87, 437]], '우용', 0.4160786848034028), ([[79, 507], [135, 507], [135, 525], [79, 525]], '엄정 달고', 0.9891630329133283), ([[69, 527], [107, 527], [107, 541], [69, 541]], '최고로', 0.9999151386219184), ([[107, 523], [147, 523], [147, 543], [107, 543]], '맛있어', 0.9986751576383177), ([[371, 647], [431, 647], [431, 665], [371, 665]], "다행이야 '", 0.1279302258182517), ([[313, 679], [337, 679], [337, 695], [313, 695]], '많이', 0.9811479272770445), ([[307, 697], [335, 697], [335, 711], [307, 711]], '먹어', 0.9997067548229973), ([[231, 857], [325, 857], [325, 877], [231, 877]], '반년이나 수상한', 0.9770124986841219), ([[85, 867], [191, 867], [191, 887], [85, 887]], '정상적인 판단력올', 0.9950576439265636), ([[225, 873], [331, 873], [331, 893], [225, 893]], '마카봉올 히메어계', 0.18923457413890934), ([[367, 867], [407, 867], [407, 885], [367, 885]], '유우코', 0.9318651592362004), ([[446, 874], [476, 874], [476, 900], [446, 900]], "{'", 0.8407906461928891), ([[81, 885], [199, 885], [199, 903], [81, 903]], '벼앗아 노예로 만들기', 0.3000464956838701), ([[253, 889], [295, 889], [295, 909], [253, 909]], '먹인긴', 0.9432826252936427), ([[353, 883], [425, 883], [425, 903], [353, 903]], '무서운 사람.', 0.8473491545818164), ([[435, 881], [447, 881], [447, 905], [435, 905]], '{', 0.6504350678060433), ([[97, 903], [173, 903], [173, 919], [97, 919]], '위해서라던지', 0.9458347852284498), ([[680, 970], [710, 970], [710, 994], [680, 994]], '36', 0.9851198165140976)]
[([[41, 119], [69, 119], [69, 139], [41, 139]], '용옷', 0.918910122950125), ([[43, 137], [69, 137], [69, 155], [43, 155]], '용응', 0.879782658196076), ([[541, 383], [567, 383], [567, 399], [541, 399]], '오호', 0.9993359988412959), ([[421, 395], [457, 395], [457, 411], [421, 411]], '잘하너', 0.7820262295575734), ([[419, 409], [461, 409], [461, 429], [419, 429]], '히메장', 0.41590752764499145), ([[491, 433], [531, 433], [531, 493], [491, 493]], '@', 0.2612839526684638), ([[549, 457], [671, 457], [671, 541], [549, 541]], '배2', 0.12176701945539657), ([[57, 645], [99, 645], [99, 665], [57, 665]], '히메장', 0.2906508346924862), ([[53, 663], [105, 663], [105, 681], [53, 681]], '부끄러운', 0.8827401399612427), ([[119, 659], [161, 659], [161, 675], [119, 675]], '아하하', 0.9996979309258591), ([[53, 679], [103, 679], [103, 699], [53, 699]], '거구나~', 0.9996434450149536), ([[535, 715], [559, 715], [559, 731], [535, 731]], '흐응', 0.7900691391255652), ([[645, 715], [673, 715], [673, 729], [645, 729]], '하혜', 0.49822196498749777), ([[609, 727], [635, 727], [635, 743], [609, 743]], '하혜', 0.6881801404189613), ([[84, 788], [108, 788], [108, 822], [84, 822]], '2', 0.8720910559091521), ([[62, 818], [116, 818], [116, 848], [62, 848]], '뺨물', 0.03941344636432787), ([[103, 843], [125, 843], [125, 863], [103, 863]], '약', 0.05831028404487881), ([[515, 877], [553, 877], [553, 939], [515, 939]], '혈', 0.013847165147648832), ([[642, 928], [674, 928], [674, 960], [642, 960]], '37', 0.9970267403092591), ([[485.544786249782, 917.179144999128], [527.4942462388638, 902.189042404419], [548.455213750218, 968.820855000872], [506.5057537611363, 983.810957595581]], '틀', 0.01653784153367277)]
[([[689, 87], [717, 87], [717, 103], [689, 103]], '좋아', 0.7481419476298283), ([[124, 84], [148, 84], [148, 122], [124, 122]], '학', 0.3143455891973055), ([[403, 103], [439, 103], [439, 119], [403, 119]], '아혜 ~', 0.43013084861526135), ([[341, 111], [399, 111], [399, 129], [341, 129]], '해쥐 해쥐', 0.5166183346729455), ([[351, 131], [391, 131], [391, 147], [351, 147]], '마가통', 0.13845461018917876), ([[347, 147], [383, 147], [383, 163], [347, 163]], '해쥐 ~', 0.8605889678001404), ([[651, 183], [715, 183], [715, 199], [651, 199]], '마카홍으로', 0.6183850044090564), ([[655, 197], [709, 197], [709, 217], [655, 217]], '히메장걸', 0.2806812524795532), ([[657, 215], [709, 215], [709, 233], [657, 233]], '먹울까나', 0.891330897808075), ([[440, 340], [468, 340], [468, 392], [440, 392]], '호', 0.7906236969134319), ([[335, 437], [375, 437], [375, 453], [335, 453]], '빠질것', 0.5902490137454401), ([[335, 453], [371, 453], [371, 471], [335, 471]], '같아"', 0.14001407775913927), ([[651, 811], [691, 811], [691, 827], [651, 827]], '히아아', 0.9733765644286934), ([[651, 829], [679, 829], [679, 845], [651, 845]], '아양', 0.9268914264022995), ([[155.2038378058769, 867.0637943964367], [309.97357209886354, 894.4865990091496], [299.7961621941231, 938.9362056035633], [145.02642790113646, 911.5134009908504]], '신 항7', 0.028165825882114807)]
[([[533, 89], [557, 89], [557, 105], [533, 105]], '보지', 0.6419662091782313), ([[485, 109], [507, 109], [507, 125], [485, 125]], '우히', 0.9971544205462007), ([[529, 105], [559, 105], [559, 121], [529, 121]], '같아', 0.9913047553393387), ([[641, 101], [669, 101], [669, 117], [641, 117]], '우앙', 0.22410337472999797), ([[599, 125], [627, 125], [627, 143], [599, 143]], '히뒷', 0.022881356490840162), ([[33, 133], [85, 133], [85, 149], [33, 149]], '마카롭이', 0.30803537368774414), ([[125, 133], [165, 133], [165, 149], [125, 149]], '마카동', 0.7254025087522934), ([[41, 149], [81, 149], [81, 165], [41, 165]], '보지가', 0.999427737781367), ([[41, 165], [79, 165], [79, 181], [41, 181]], '뇌내려', 0.8023642387506981), ([[211, 197], [239, 197], [239, 213], [211, 213]], '아혜', 0.27413418255872357), ([[164, 212], [190, 212], [190, 244], [164, 244]], '0', 0.9151721876998096), ([[621, 239], [661, 239], [661, 255], [621, 255]], '마카통', 0.484490667798561), ([[107, 235], [145, 235], [145, 295], [107, 295]], '셋', 0.04612458653931473), ([[611, 255], [665, 255], [665, 273], [611, 273]], '기분좋아', 0.7383394241333008), ([[582, 278], [606, 278], [606, 308], [582, 308]], '씨', 0.04822587120033006), ([[118, 294], [150, 294], [150, 332], [118, 332]], '씨', 0.14866357345414727), ([[568, 302], [600, 302], [600, 342], [568, 342]], '7', 0.9688270462074797), ([[578, 340], [610, 340], [610, 376], [578, 376]], '0', 0.534905349354986), ([[457, 465], [495, 465], [495, 485], [457, 485]], '정말~', 0.9999825183395573), ([[447, 483], [499, 483], [499, 501], [447, 501]], '히메광노', 0.1824655069727731), ([[445, 501], [509, 501], [509, 517], [445, 517]], '마카롭이당', 0.1253843946415768), ([[457, 517], [497, 517], [497, 533], [457, 533]], '보지가', 0.5394979119300842), ([[431, 531], [521, 531], [521, 551], [431, 551]], '구별이 안니니?', 0.5347140922679445), ([[379, 573], [431, 573], [431, 593], [379, 593]], '발정하고', 0.9746019840240479), ([[385, 591], [427, 591], [427, 609], [385, 609]], '암컷개', 0.9703218212024579), ([[375, 609], [435, 609], [435, 627], [375, 627]], "이하구나 '", 0.10244929093147015), ([[514, 700], [594, 700], [594, 724], [514, 724]], '데구미장들이', 0.6527880104206765), ([[541, 723], [567, 723], [567, 739], [541, 739]], '보면', 0.7396244694086328), ([[535, 739], [575, 739], [575, 755], [535, 755]], '어떻기', 0.3245647370987267), ([[523, 751], [583, 751], [583, 771], [523, 771]], '생각활까?', 0.7501539209833052), ([[161, 873], [193, 873], [193, 891], [161, 891]], '뭐 그', 0.9708661689834315), ([[165, 891], [191, 891], [191, 907], [165, 907]], '돌노', 0.9496101549198074), ([[105, 909], [145, 909], [145, 927], [105, 927]], '지금꼼', 0.5437524914741516), ([[101, 925], [137, 925], [137, 945], [101, 945]], '분명 ,', 0.776418924331665), ([[144.47134511963594, 232.03508839726948], [176.87258385482818, 227.09633538629492], [188.52865488036406, 314.9649116027305], [156.12741614517182, 319.9036646137051]], '7', 0.6534304400563684)]
[([[227, 173], [457, 173], [457, 233], [227, 233]], '소 < (', 0.05853476969789734), ([[131, 249], [408, 249], [408, 300], [131, 300]], '-서--권 2.,0', 0.0012406644492717156), ([[583, 249], [619, 249], [619, 297], [583, 297]], '5', 0.9999984502798362), ([[183, 281], [370, 281], [370, 345], [183, 345]], '대# 또3 ', 0.005597475236459948), ([[137, 375], [426, 375], [426, 426], [137, 426]], '554 502+7-눈', 0.1033648518124288), ([[334, 418], [629, 418], [629, 483], [334, 483]], '탓노릇-33', 0.00978795190007061), ([[212, 465], [368, 465], [368, 530], [212, 530]], '히워 3(1', 0.007408727619873835), ([[227, 655], [452, 655], [452, 717], [227, 717]], '@입 _;-털4로', 0.0023190162673377757), ([[212.89051233819612, 711.1868690938982], [519.0953279059622, 687.4290374471916], [519.1094876618039, 790.8131309061018], [212.9046720940378, 813.5709625528084]], "패:덧'", 0.005431201308965683)]
[([[105, 81], [133, 81], [133, 97], [105, 97]], '좋아', 0.9716073509378227), ([[77, 97], [157, 97], [157, 113], [77, 113]], '어디가 어떻계', 0.6120681651281236), ([[657, 105], [685, 105], [685, 121], [657, 121]], '아아', 0.9999143586779689), ([[83, 111], [149, 111], [149, 131], [83, 131]], '기분중은지', 0.36055161019884746), ([[593, 119], [623, 119], [623, 137], [593, 137]], '기분', 0.9997572427837351), ([[657, 121], [683, 121], [683, 139], [657, 139]], '양*', 0.16052371883751237), ([[97, 129], [137, 129], [137, 147], [97, 147]], '말해화', 0.4561428567019211), ([[591, 135], [625, 135], [625, 155], [591, 155]], '좁니?', 0.5777713692120279), ([[589, 155], [627, 155], [627, 171], [589, 171]], '메구미', 0.9843886948063908), ([[613, 219], [649, 219], [649, 257], [613, 257]], '교', 0.04387850030665441), ([[91, 245], [117, 245], [117, 259], [91, 259]], '보지', 0.9988322263431955), ([[675, 277], [717, 277], [717, 321], [675, 321]], ' ', 0.028824257034811618), ([[79, 317], [145, 317], [145, 333], [79, 333]], '자지가 보지', 0.998681850840514), ([[93, 335], [131, 335], [131, 349], [93, 349]], '안까지', 0.997968547440688), ([[87, 349], [137, 349], [137, 367], [87, 367]], '들어와서', 0.838679313659668), ([[635, 367], [697, 367], [697, 383], [635, 383]], '느리규어는', 0.1494355762754772), ([[625, 383], [707, 383], [707, 401], [625, 401]], '연애 금지 대신', 0.830610254541539), ([[617, 397], [713, 397], [713, 417], [617, 417]], '사랑 엎는 교미논', 0.2994541594705749), ([[643, 415], [687, 415], [687, 433], [643, 433]], '자유아', 0.5347594638605299), ([[103, 439], [131, 439], [131, 455], [103, 455]], "핑기 '", 0.03555014275184997), ([[103, 455], [143, 455], [143, 473], [103, 473]], '불루의', 0.8626076315325729), ([[93, 469], [149, 469], [149, 489], [93, 489]], '신님 정액', 0.602589345509732), ([[105, 487], [135, 487], [135, 505], [105, 505]], '전용', 0.999968895767484), ([[675, 489], [713, 489], [713, 505], [675, 505]], '그러서', 0.9993709613016213), ([[89, 505], [141, 505], [141, 523], [89, 523]], '육변기 >', 0.5191980260827936), ([[673, 503], [713, 503], [713, 523], [673, 523]], '놀면서', 0.8696754385966906), ([[667, 521], [721, 521], [721, 539], [667, 539]], '질내 사정', 0.9966277046390966), ([[669, 539], [721, 539], [721, 555], [669, 555]], '하느기이', 0.42752769589424133), ([[677, 557], [711, 557], [711, 573], [677, 573]], '좁지?', 0.4677169620990753), ([[218, 566], [246, 566], [246, 612], [218, 612]], '3', 0.2481510382100538), ([[210, 616], [242, 616], [242, 664], [210, 664]], '꿀', 0.09648286506223158), ([[105, 675], [171, 675], [171, 693], [105, 693]], '중학생 보지', 0.8860020489430036), ([[111, 691], [163, 691], [163, 709], [111, 709]], '노는걸로', 0.3578769564628601), ([[105, 707], [169, 707], [169, 727], [105, 727]], '임신시켜서', 0.9821249946855999), ([[105, 723], [173, 723], [173, 743], [105, 743]], '부르게 해쥐', 0.5681957887091446), ([[655, 833], [683, 833], [683, 849], [655, 849]], '작한', 0.3112341178662736), ([[587, 851], [641, 851], [641, 871], [587, 871]], '지금부터', 0.910910427570343), ([[649, 849], [689, 849], [689, 865], [649, 865]], '아이야', 0.7471488953618176), ([[320, 862], [346, 862], [346, 890], [320, 890]], '-', 0.015730420394240108), ([[591, 869], [635, 869], [635, 887], [591, 887]], '내 전용', 0.9998420883398573), ([[589, 887], [641, 887], [641, 905], [589, 905]], '육변기가', 0.9569809436798096), ([[587, 901], [641, 901], [641, 921], [587, 921]], '뇌논거야', 0.29749834537506104), ([[678, 954], [722, 954], [722, 984], [678, 984]], '40', 0.9939820270986836)]
[([[39, 93], [91, 93], [91, 109], [39, 109]], '메구미는', 0.5988116264343262), ([[333, 95], [363, 95], [363, 115], [333, 115]], '괜찮', 0.7837188944603082), ([[643, 99], [669, 99], [669, 113], [643, 113]], '저기', 0.9999967968410157), ([[51, 109], [79, 109], [79, 123], [51, 123]], '이제', 0.9984882745575133), ([[631, 115], [681, 115], [681, 131], [631, 131]], '소라구군', 0.9798818230628967), ([[37, 123], [93, 123], [93, 143], [37, 143]], '신남꺼야', 0.6018441319465637), ([[611, 179], [639, 179], [639, 195], [611, 195]], '진짜', 0.9646727038609073), ([[609, 193], [637, 193], [637, 211], [609, 211]], '나로', 0.9999121670975258), ([[599, 209], [647, 209], [647, 229], [599, 229]], '괜잡아?', 0.9162262678146362), ([[105, 313], [133, 313], [133, 331], [105, 331]], '신경', 0.9999896318910091), ([[319, 311], [361, 311], [361, 329], [319, 329]], '그보다', 0.9989970731694504), ([[37, 331], [79, 331], [79, 351], [37, 351]], '고신권', 0.24804637673267935), ([[103, 331], [141, 331], [141, 347], [103, 347]], '쓰지마', 0.8053071232531184), ([[313, 331], [365, 331], [365, 347], [313, 347]], '나이말로', 0.9834399223327637), ([[39, 351], [79, 351], [79, 367], [39, 367]], '나니까', 0.9994014484970237), ([[257, 347], [285, 347], [285, 365], [257, 365]], '너른', 0.38470157274198524), ([[325, 347], [353, 347], [353, 365], [325, 365]], '미안', 0.9927836802281415), ([[253, 365], [293, 365], [293, 381], [253, 381]], '메구미', 0.916675865650177), ([[245, 379], [297, 379], [297, 399], [245, 399]], '대신해서', 0.9999380111694336), ([[41, 535], [71, 535], [71, 555], [41, 555]], '몸만', 0.3879748922867138), ([[37, 557], [75, 557], [75, 571], [37, 571]], '이라노', 0.9256761399531072), ([[35, 571], [79, 571], [79, 589], [35, 589]], '난 좁아', 0.730323655740088), ([[622, 605], [682, 605], [682, 742], [622, 742]], '올', 0.3694603375989267), ([[48, 862], [120, 862], [120, 934], [48, 934]], '덥기', 0.004085512926431625), ([[596, 761], [670, 761], [670, 928], [596, 928]], '#"', 0.20770662439190032), ([[439.18211126702823, 686.0479457697398], [492.8473806271773, 667.0514788571463], [529.8178887329718, 784.9520542302602], [476.1526193728227, 803.9485211428537]], '8', 0.019410486192734888), ([[29.547321269787407, 700.0205339676614], [67.81538298462027, 694.0669329430473], [83.4526787302126, 819.9794660323386], [46.18461701537972, 824.9330670569527]], '@', 0.6542153585803909), ([[383.85256742144884, 713.0827152079971], [434.6183000602123, 683.0239292232616], [497.14743257855116, 797.9172847920029], [445.3816999397877, 827.9760707767384]], '뻔', 0.014554511684618854), ([[387.2445888727061, 817.0285731197205], [464.76307424879843, 803.3893069607011], [490.7554111272939, 968.9714268802795], [413.23692575120157, 982.6106930392989]], '달', 0.0033181718861042264)]
[([[473, 109], [501, 109], [501, 125], [473, 125]], '하아', 0.9999598764359862), ([[443, 121], [473, 121], [473, 137], [443, 137]], '하아', 0.9999770721913955), ([[677, 131], [707, 131], [707, 147], [677, 147]], '하아', 0.9999259066443098), ([[155, 149], [183, 149], [183, 165], [155, 165]], '하아', 0.9999828041291119), ([[125, 191], [153, 191], [153, 207], [125, 207]], '하아', 0.9999763978464146), ([[593, 424], [650, 424], [650, 560], [593, 560]], '탑', 0.003787761741036802), ([[126, 528], [174, 528], [174, 584], [126, 584]], '[0', 0.6417589803863457), ([[554, 616], [602, 616], [602, 682], [554, 682]], '8', 0.4260886519234788), ([[613, 817], [641, 817], [641, 837], [613, 837]], '안녕', 0.9976757188945607), ([[72, 762], [128, 762], [128, 934], [72, 934]], "'8", 0.005544591389573269), ([[443, 871], [481, 871], [481, 887], [443, 887]], '작하게', 0.9532063462014062), ([[529, 855], [601, 855], [601, 895], [529, 895]], '하음주노', 0.086050845682621), ([[613, 837], [641, 837], [641, 853], [613, 853]], '히메', 0.7027422396778825), ([[443, 889], [483, 889], [483, 905], [443, 905]], '있어야', 0.9835753556928736), ([[537, 893], [591, 893], [591, 911], [537, 911]], '들고올기', 0.3741486668586731), ([[667, 959], [713, 959], [713, 995], [667, 995]], '42', 0.9999931722173684), ([[561.6758224576947, 675.0175666107916], [588.284427277884, 669.0135135822181], [613.3241775423053, 772.9824333892084], [586.715572722116, 779.9864864177819]], '@', 0.09916939336905273)]
[([[471, 79], [623, 79], [623, 191], [471, 191]], '히', 0.022101210155051954), ([[111, 203], [151, 203], [151, 293], [111, 293]], '뱀', 0.06763922416163215), ([[491, 186], [658, 186], [658, 287], [491, 287]], '%물백', 0.003924399671850019), ([[69, 197], [185, 197], [185, 473], [69, 473]], '#', 0.13589250940027853), ([[41, 211], [85, 211], [85, 671], [41, 671]], '{', 0.26202739968744027), ([[72, 398], [121, 398], [121, 575], [72, 575]], '@', 0.007470402186129599), ([[550, 455], [598, 455], [598, 770], [550, 770]], '7', 0.017879124399320157), ([[47, 752], [86, 752], [86, 981], [47, 981]], '{', 0.7131716010723075), ([[208, 852], [239, 852], [239, 907], [208, 907]], '뜯', 0.0030399516703036866), ([[414, 676], [446, 676], [446, 748], [414, 748]], '"', 0.03941836911537511), ([[437, 623], [485, 623], [485, 817], [437, 817]], '}', 0.07312590451456291), ([[469, 459], [566, 459], [566, 946], [469, 946]], '', 0.0), ([[559, 771], [595, 771], [595, 875], [559, 875]], '#', 0.06483976042824224), ([[593, 451], [631, 451], [631, 967], [593, 967]], '', 0.0), ([[158.34772743714305, 116.04272852228728], [201.176352695602, 124.13855162495445], [186.65227256285695, 201.9572714777127], [143.823647304398, 193.86144837504557]], '~', 0.11349138627320432)]
[([[83, 77], [151, 77], [151, 117], [83, 117]], '{의-', 0.0027199948837428917), ([[79, 70], [436, 70], [436, 187], [79, 187]], '"요렌자지시\'', 0.0005541898470439113), ([[82, 394], [122, 394], [122, 422], [82, 422]], '0장', 0.11025437916362618), ([[523, 555], [543, 555], [543, 605], [523, 605]], '중', 0.04494058723348204), ([[532, 488], [598, 488], [598, 602], [532, 602]], '', 0.0), ([[543, 645], [583, 645], [583, 701], [543, 701]], '속', 0.025861004303408208), ([[85, 648], [557, 648], [557, 757], [85, 757]], '" &;이기]전너@-4 \'', 0.00015532095928012956), ([[330, 909], [475, 909], [475, 966], [330, 966]], ';(한{하', 0.006109466446100728), ([[637, 873], [725, 873], [725, 983], [637, 983]], '출$', 0.013406286010980699), ([[91.34130673866295, 642.1993576285181], [248.29557497896784, 630.9396510518907], [248.65869326133705, 696.8006423714819], [91.70442502103216, 707.0603489481093]], '꼭*다;', 0.0048522381111979485), ([[93.25304228867309, 744.2759126866019], [482.84316278773974, 702.6371175267202], [487.7469577113269, 750.7240873133981], [98.15683721226023, 792.3628824732798]], '7구"9-9+손{3나<군2', 0.04015987950985304), ([[94.02977685874006, 787.402977685874], [525.8393939015956, 736.6210587895027], [531.9702231412599, 787.597022314126], [99.16060609840436, 837.3789412104973]], '3창서느화# 듣수록탓하지놓', 0.0002958381936114695), ([[101.02977685874006, 834.402977685874], [439.7616105952735, 787.3255319207486], [446.9702231412599, 836.597022314126], [108.23838940472646, 883.6744680792514]], '히교콤}근(카9(드', 0.0006948957844814811), ([[120.67179882264863, 879.007698233973], [473.7317153441481, 822.2258976315732], [479.3282011773514, 873.992301766027], [126.26828465585193, 929.7741023684268]], '찰+(>34570', 0.01494967900355216), ([[142.2103500411843, 913.2731201317898], [265.35687639703684, 904.2974317276211], [265.7896499588157, 956.7268798682102], [143.64312360296313, 965.7025682723789]], '기나>', 0.15056487135265154)]
[([[91, 86], [620, 86], [620, 158], [91, 158]], '{+ ( 옮 다 하 손 [0 토주74', 0.005369441043946248), ([[112, 148], [290, 148], [290, 196], [112, 196]], '+>+', 0.016222317625290104), ([[306, 144], [548, 144], [548, 194], [306, 194]], '지-70 디 +', 0.18995567556725046), ([[111, 200], [534, 200], [534, 256], [111, 256]], "(71771' 지-7427", 0.13709713510394334), ([[112, 246], [520, 246], [520, 295], [112, 295]], '57+증사 +3-2110_7/0 2 +', 0.044388061381201584), ([[112, 288], [572, 288], [572, 342], [112, 342]], '그거구 지  - 40 7~고다', 0.012762521074694472), ([[117, 329], [571, 329], [571, 390], [117, 390]], '(쇼상(=;332*13 초 #<6.방,2', 0.0010150135162738014), ([[108, 374], [361, 374], [361, 417], [108, 417]], "<다) (1 +'+내고+", 0.031187624637511555), ([[368, 380], [436, 380], [436, 408], [368, 408]], '\'02"', 0.38614827394485474), ([[107, 401], [551, 401], [551, 469], [107, 469]], '#균단6 [리다-[톤 *오730', 0.0030943752041227806), ([[114, 456], [582, 456], [582, 506], [114, 506]], '\'소표"+\';) - (1} ({@추[4"', 0.005251837158120125), ([[121, 496], [407, 496], [407, 541], [121, 541]], '4, -;+소고0 10훈', 0.017225164369523076), ([[108, 538], [294, 538], [294, 587], [108, 587]], '허 + 5,고"', 0.042521700339673604), ([[337, 598], [450, 598], [450, 642], [337, 642]], '군 (1', 0.133190858304172), ([[408, 638], [541, 638], [541, 682], [408, 682]], '함 저:5', 0.003236500197747774), ([[109, 689], [236, 689], [236, 734], [109, 734]], '차-10*', 0.06282066572764904), ([[423, 869], [519, 869], [519, 909], [423, 909]], '2014.10', 0.9490281243912074), ([[507, 853], [629, 853], [629, 925], [507, 925]], "'언몽", 0.01824129011874932), ([[337, 909], [387, 909], [387, 945], [337, 945]], '45', 0.7463600635528564), ([[151.7701175612585, 735.9931058051327], [230.57905132627442, 720.4675202264167], [235.2298824387415, 749.0068941948673], [156.42094867372558, 764.5324797735833]], '1)`', 0.30417188771513054), ([[186.2802656784306, 758.3885579247043], [247.25916336479906, 751.6809799135084], [249.7197343215694, 786.6114420752957], [188.74083663520094, 793.3190200864916]], '3', 0.8943488089082621)]
[([[184, 133], [514, 133], [514, 214], [184, 214]], '+이-?-', 0.13469090595177843), ([[169, 229], [269, 229], [269, 289], [169, 289]], '찢{구', 0.07166018896887155), ([[189, 289], [279, 289], [279, 331], [189, 331]], '2이14', 0.9558535218238831), ([[289, 291], [397, 291], [397, 329], [289, 329]], '10 . 26', 0.9928552157862025), ([[159, 355], [257, 355], [257, 412], [159, 412]], '터제', 0.021976963830868012), ([[220, 411], [563, 411], [563, 476], [220, 476]], ':1(이>91 7,37 1', 0.008869686920908795), ([[411, 463], [578, 463], [578, 529], [411, 529]], "'###소구)", 0.02873497054565218), ([[153, 559], [305, 559], [305, 619], [153, 619]], '구)', 0.0557910148163634), ([[101, 611], [303, 611], [303, 655], [101, 655]], '7추~~+3 뉴아교', 0.00014059424969387738), ([[113, 642], [600, 642], [600, 698], [113, 698]], '[주_ {숨 (@>라멋_니즌,`아이어:어).', 4.734667068372932e-05), ([[313, 893], [357, 893], [357, 929], [313, 929]], '46', 0.9660416393077399)]
[([[435, 785], [636, 785], [636, 863], [435, 863]], '9-0-', 0.03397301584482193)]
[([[200, 60], [250, 60], [250, 92], [200, 92]], '안녕', 0.9993095358718418), ([[156, 88], [296, 88], [296, 120], [156, 120]], '숙제 해앗니?', 0.6028889911921445), ([[94, 362], [294, 362], [294, 394], [94, 394]], '타누키 아냐 요시루', 0.9290859521246502), ([[142, 396], [198, 396], [198, 424], [142, 424]], '63세', 0.9999066731845742), ([[126, 440], [230, 440], [230, 470], [126, 470]], '국어 교사', 0.6922706309560227), ([[110, 472], [162, 472], [162, 504], [110, 504]], '취미', 0.9994519663762554), ([[176, 474], [294, 474], [294, 504], [176, 504]], '요가 , 요리', 0.9332904657654436), ([[295, 712], [372, 712], [372, 749], [295, 749]], '도서실', 0.9994197546381062), ([[536, 768], [620, 768], [620, 792], [536, 792]], '여러분 하교', 0.9294393181227552), ([[243, 793], [277, 793], [277, 813], [243, 813]], '한자', 0.9999844057016644), ([[535, 791], [619, 791], [619, 811], [535, 811]], '시간입니다', 0.995044582971556), ([[228, 812], [294, 812], [294, 836], [228, 836]], '프린트만', 0.9175878763198853), ([[519, 811], [637, 811], [637, 831], [519, 831]], '교내에 남아 잇는', 0.47866336716439356), ([[234, 832], [286, 832], [286, 856], [234, 856]], '남앗네', 0.47152682192659445), ([[510, 828], [644, 828], [644, 854], [510, 854]], '학생은 전기률 끄고', 0.6694293040883764), ([[534, 848], [620, 848], [620, 872], [534, 872]], '창문올 단고', 0.5511942270668548), ([[537, 871], [617, 871], [617, 891], [537, 891]], '차조심해서', 0.9998006640307586), ([[534, 888], [622, 888], [622, 912], [534, 912]], '돌아가세요!', 0.9312112871170088)]
[([[291, 93], [335, 93], [335, 109], [291, 109]], '마-군?', 0.9872653482262732), ([[99, 101], [155, 101], [155, 119], [99, 119]], '팔 시간이', 0.4666247818487218), ([[107, 119], [145, 119], [145, 135], [107, 135]], '없어요', 0.9997438358277742), ([[685, 149], [735, 149], [735, 169], [685, 169]], '그보다', 0.9999172033641905), ([[457, 239], [527, 239], [527, 257], [457, 257]], '왜 계속 숙제', 0.7709520519446049), ([[461, 255], [521, 255], [521, 273], [461, 273]], '잇는거니?', 0.6469064929646609), ([[337, 369], [373, 369], [373, 387], [337, 387]], '맛지?', 0.9939309613695909), ([[529, 381], [569, 381], [569, 397], [529, 397]], '집에서', 0.9878827562853177), ([[195, 391], [235, 391], [235, 407], [195, 407]], '아니거', 0.9995224350289936), ([[521, 397], [575, 397], [575, 413], [521, 413]], '게임이나', 0.9367088079452515), ([[197, 407], [227, 407], [227, 425], [197, 425]], '듣요', 0.6934337693390145), ([[519, 415], [577, 415], [577, 431], [519, 431]], '만화보지?', 0.9858902537131843), ([[431, 559], [459, 559], [459, 579], [431, 579]], '금방', 0.9931000517933231), ([[243, 573], [265, 573], [265, 587], [243, 587]], '뒤든', 0.2807170470124771), ([[419, 575], [473, 575], [473, 595], [419, 595]], '끝날거라', 0.7798874974250793), ([[577, 579], [603, 579], [603, 595], [577, 595]], '한자', 0.8015104936509398), ([[235, 599], [275, 599], [275, 613], [235, 613]], '없잖이요', 0.43951648473739624), ([[421, 595], [471, 595], [471, 611], [421, 611]], '생각하는', 0.46318180356095956), ([[567, 595], [617, 595], [617, 611], [567, 611]], '"린터에', 0.5878684520721436), ([[577, 611], [605, 611], [605, 629], [577, 629]], '적만', 0.9524312198047654), ([[569, 627], [609, 627], [609, 645], [569, 645]], '읽으면', 0.9666302734941916), ([[123, 639], [149, 639], [149, 653], [123, 653]], '갑지기', 0.7697737026480209), ([[117, 653], [155, 653], [155, 665], [117, 665]], '잊어나런', 0.1311762034893036), ([[565, 643], [613, 643], [613, 661], [565, 661]], '뇌잡아?', 0.7014751434326172), ([[119, 665], [149, 665], [149, 679], [119, 679]], '다구요', 0.9954693548528756), ([[337, 759], [367, 759], [367, 777], [337, 777]], '흐음', 0.9566513917066716), ([[339, 779], [373, 779], [373, 795], [339, 795]], '그럼~', 0.9971251618491965), ([[23, 785], [91, 785], [91, 805], [23, 805]], '숙제해오면', 0.9593618260599367), ([[124, 894], [152, 894], [152, 918], [124, 918]], "'이", 0.09909109735856077), ([[88.07351789077585, 866.1087751412585], [117.72131147540983, 857.0655737704918], [134.92648210922417, 915.8912248587415], [105.27868852459017, 924.9344262295082]], '류', 0.059368512348933145)]
[([[366, 938], [398, 938], [398, 978], [366, 978]], '5', 0.5936292845113845), ([[-13.70478399654806, 771.9885648010356], [141.50422837175697, 718.6752491364766], [159.70478399654806, 773.0114351989644], [4.495771628243041, 826.3247508635234]], '않늙)', 0.0034858001153443108)]
[([[53, 167], [145, 167], [145, 187], [53, 187]], '중은 일 해출까?', 0.5909224884343759), ([[645, 169], [697, 169], [697, 189], [645, 189]], '선생님이', 0.9684092998504639), ([[168, 374], [220, 374], [220, 404], [168, 404]], '803', 0.027341347859026945), ([[154, 444], [204, 444], [204, 492], [154, 492]], '균?', 0.07585720438279628), ([[207, 423], [225, 423], [225, 499], [207, 499]], '"', 0.13511612745646406), ([[205, 569], [233, 569], [233, 583], [205, 583]], '어미', 0.5428853322224482), ([[191, 583], [245, 583], [245, 603], [191, 603]], '렌일이니', 0.393881231546402), ([[577, 691], [603, 691], [603, 707], [577, 707]], '다녀', 0.9998063828683301), ([[559, 705], [619, 705], [619, 725], [559, 725]], '낯습니다', 0.24037601053714752), ([[550, 802], [624, 802], [624, 884], [550, 884]], '곡', 0.006374009918366008)]
[([[341, 117], [369, 117], [369, 137], [341, 137]], '충은', 0.23480721895062898), ([[129, 135], [157, 135], [157, 151], [129, 151]], '실마', 0.8315674673584467), ([[573, 147], [623, 147], [623, 161], [573, 161]], '더이마니디', 0.0764509215548835), ([[43, 323], [103, 323], [103, 339], [43, 339]], '안아줄계 -', 0.10257731748878388), ([[683, 333], [711, 333], [711, 349], [683, 349]], '가슴', 0.9998513934464711), ([[409, 375], [441, 375], [441, 391], [409, 391]], '불래?', 0.9362182456216289), ([[245, 593], [269, 593], [269, 607], [245, 607]], '목욕', 0.9995661679093413), ([[35, 717], [57, 717], [57, 735], [35, 735]], '같이', 0.9996657918510318), ([[161, 871], [193, 871], [193, 891], [161, 891]], '설마.', 0.9727835334760412), ([[197, 857], [245, 857], [245, 895], [197, 895]], '감', 0.16906606736034746), ([[561, 875], [587, 875], [587, 891], [561, 891]], '아니', 0.9999924135756967), ([[151, 917], [189, 917], [189, 953], [151, 953]], '0', 0.03892171086248286), ([[34.509747898393776, 778.1880168037358], [69.62810870710825, 750.0329672824715], [126.49025210160622, 828.8119831962642], [90.37189129289175, 856.9670327175285]], '소', 0.37573623316768945)]
[([[268, 14], [434, 14], [434, 86], [268, 86]], "(-'", 0.09002116637975756), ([[644, 18], [720, 18], [720, 90], [644, 90]], '#', 0.1370640220260677), ([[299, 105], [353, 105], [353, 125], [299, 125]], '종은 일', 0.47772191055488067), ([[666, 94], [718, 94], [718, 118], [666, 118]], '씹이랑', 0.339650958776474), ([[302, 124], [338, 124], [338, 148], [302, 148]], '활까-', 0.7089693040904873), ([[443, 423], [483, 423], [483, 437], [443, 437]], '여기서', 0.999823671112414), ([[443, 439], [483, 439], [483, 455], [443, 455]], '먹울게', 0.6452962461253272), ([[551, 437], [595, 437], [595, 455], [551, 455]], '밥 먹어', 0.8844667086163729), ([[667, 457], [705, 457], [705, 471], [667, 471]], '반당기?', 0.22160553932189941), ([[301, 533], [329, 533], [329, 553], [301, 553]], '그냥', 0.9994684010478057), ([[399, 575], [421, 575], [421, 591], [399, 591]], '왜?', 0.9974779378855898), ([[529, 653], [549, 653], [549, 677], [529, 677]], '!', 0.6938761973361238), ([[496, 666], [528, 666], [528, 698], [496, 698]], '5', 0.6186994171773819), ([[231, 697], [259, 697], [259, 711], [231, 711]], '어머', 0.9997349909026576), ([[497, 831], [545, 831], [545, 845], [497, 845]], '모으자 ~', 0.6003608365484292), ([[587, 847], [633, 847], [633, 889], [587, 889]], '10', 0.10118045948571033), ([[391, 881], [429, 881], [429, 895], [391, 895]], '제대로', 0.9954168731081399), ([[385, 895], [433, 895], [433, 913], [385, 913]], '해빛네?', 0.5141015648841858)]
[([[127, 25], [153, 25], [153, 41], [127, 41]], '약속', 0.99997622926019), ([[113, 39], [165, 39], [165, 59], [113, 59]], '햇잡아요', 0.43755093216896057), ([[255, 447], [293, 447], [293, 463], [255, 463]], '상으로', 0.9632580854562958), ([[325, 621], [353, 621], [353, 641], [325, 641]], '충은', 0.2919660309207428), ([[383, 795], [427, 795], [427, 843], [383, 843]], '(00', 0.1184565816577072), ([[382, 838], [414, 838], [414, 880], [382, 880]], '무', 0.0737156761033475), ([[571, 801], [607, 801], [607, 881], [571, 881]], '"', 0.033360962570434305)]
[([[226, 10], [278, 10], [278, 40], [226, 40]], '89', 0.38163389219086463), ([[478, 90], [599, 90], [599, 126], [478, 126]], '참 잘 햇어요', 0.8736068021632651), ([[95, 127], [155, 127], [155, 147], [95, 147]], '불만이야?', 0.9972391069510224), ([[484, 118], [596, 118], [596, 148], [484, 148]], '장하다 장해', 0.999936874672992), ([[605, 325], [641, 325], [641, 343], [605, 343]], '것뿐?', 0.9436893676068537), ([[545, 541], [627, 541], [627, 559], [545, 559]], '선생님은 남아|', 0.19197528438624778), ([[121, 551], [187, 551], [187, 569], [121, 569]], '같이 있울수', 0.4012824275706472), ([[559, 557], [613, 557], [613, 577], [559, 577]], '있울마만', 0.4632101356983185), ([[133, 567], [175, 567], [175, 587], [133, 587]], '잇잡아', 0.19928492512118398), ([[339, 883], [369, 883], [369, 899], [339, 899]], '그거', 0.9998349569306058), ([[445, 897], [473, 897], [473, 913], [445, 913]], '이제', 0.9993800761536947), ([[38, 905], [80, 905], [80, 925], [38, 925]], '혹시  ', 0.17638379142012842), ([[441, 913], [477, 913], [477, 931], [441, 931]], '뒷어 .', 0.37928622881413115), ([[156.71019925882297, 24.291418443528208], [205.41372223875732, 20.218443109488657], [207.28980074117703, 50.70858155647179], [158.58627776124268, 54.78155689051134]], '89', 0.6782718175513764)]
[([[289, 87], [347, 87], [347, 105], [289, 105]], '아 , 아냐!', 0.6329149281074726), ([[643, 87], [711, 87], [711, 105], [643, 105]], '일부러 숙제', 0.7525152070819626), ([[645, 103], [709, 103], [709, 123], [645, 123]], '안한다느거', 0.46195741955493524), ([[655, 123], [701, 123], [701, 137], [655, 137]], '아니니?', 0.999980092048645), ([[89, 291], [145, 291], [145, 307], [89, 307]], '아니라구!', 0.863736165574658), ([[171, 463], [211, 463], [211, 479], [171, 479]], '제다로', 0.8232045132507988), ([[541, 461], [569, 461], [569, 479], [541, 479]], '후후', 0.9991087105354379), ([[151, 479], [231, 479], [231, 497], [151, 497]], '숙제 뛰으니까', 0.46795461643429603), ([[533, 477], [577, 477], [577, 495], [533, 495]], '뭐 뒷어', 0.4630547202053834), ([[575, 637], [615, 637], [615, 655], [575, 655]], '방과후', 0.9431239229459726), ([[279, 657], [355, 657], [355, 677], [279, 677]], '데이트 팔까?', 0.6412313258526285)]
[([[483, 73], [581, 73], [581, 111], [483, 111]], '방과 후', 0.9997751269361802), ([[637, 213], [667, 213], [667, 229], [637, 229]], '저기', 0.9999865130351151), ([[611, 229], [693, 229], [693, 249], [611, 249]], '참은 일이란긴', 0.425855357821651), ([[153, 261], [253, 261], [253, 281], [153, 281]], '야한거 생각되지?', 0.29701927466908246), ([[0, 573], [83, 573], [83, 669], [0, 669]], '3', 0.8279512192324923)]
[([[240, 168], [272, 168], [272, 174], [240, 174]], '주;?', 0.050630870090282366), ([[232, 178], [274, 178], [274, 186], [232, 186]], '입굴 먼기 헬기', 0.0486952301924446), ([[243, 203], [267, 203], [267, 217], [243, 217]], '2:', 0.0411861929920899), ([[465, 201], [529, 201], [529, 219], [465, 219]], '안녕하세요', 0.9983764162521985), ([[131, 211], [207, 211], [207, 231], [131, 231]], '취가로제토로', 0.4407460431521653), ([[485, 219], [511, 219], [511, 235], [485, 235]], '백날', 0.8601244283500935), ([[129, 229], [211, 229], [211, 247], [129, 247]], '나스트 입니다', 0.6527878652201703), ([[465, 235], [531, 235], [531, 253], [465, 253]], '한터입니다', 0.891074109712115), ([[579, 237], [605, 237], [605, 253], [579, 253]], '후기', 0.9998079843581187), ([[394, 278], [450, 278], [450, 330], [394, 330]], '닭', 0.07344694320924194), ([[565, 395], [617, 395], [617, 415], [565, 415]], '매너리롬', 0.4630540907382965), ([[297, 407], [335, 407], [335, 423], [297, 423]], '소재에', 0.9986183180756721), ([[149, 419], [219, 419], [219, 439], [149, 439]], '문득 들어간', 0.9901689471146885), ([[283, 423], [347, 423], [347, 441], [283, 441]], '고민켓논데', 0.24746162906880345), ([[565, 413], [619, 413], [619, 433], [565, 433]], '같은 요즘', 0.7113804637795332), ([[151, 439], [217, 439], [217, 455], [151, 455]], '화과자 가게', 0.9530396557999207), ([[147, 563], [213, 563], [213, 579], [147, 579]], '그러고 보니', 0.9981219102960033), ([[153, 581], [203, 581], [203, 597], [153, 597]], '팔머니', 0.38415953954259946), ([[565, 581], [591, 581], [591, 593], [565, 593]], '어머', 0.9998524049269555), ([[293, 587], [333, 587], [333, 603], [293, 603]], '어서와', 0.9960097389064293), ([[139, 597], [217, 597], [217, 613], [139, 613]], '제대로 그런적', 0.8830724101717986), ([[287, 603], [337, 603], [337, 619], [287, 619]], '복주머니', 0.9374501705169678), ([[557, 597], [601, 597], [601, 613], [557, 613]], '이 사람', 0.9381161121897222), ([[143, 611], [211, 611], [211, 631], [143, 631]], '없없지 해서', 0.7781617289296595), ([[291, 619], [331, 619], [331, 637], [291, 637]], '맛있어', 0.998655683502064), ([[565, 615], [591, 615], [591, 629], [565, 629]], '어씨', 0.05150994636221623), ([[543, 781], [625, 781], [625, 799], [543, 799]], '지금은 팔머니', 0.9919572279835719), ([[129, 791], [197, 791], [197, 811], [129, 811]], '고렇화 회사', 0.3409513684818443), ([[553, 797], [617, 797], [617, 817], [553, 817]], '그리논거에', 0.8005211661547479), ([[123, 809], [203, 809], [203, 827], [123, 827]], '만만세 입니다', 0.9989902874934504), ([[565, 817], [605, 817], [605, 833], [565, 833]], '바지서', 0.998680043383665), ([[496, 818], [528, 818], [528, 880], [496, 880]], '@', 0.0022079385888943565), ([[113, 911], [341, 911], [341, 929], [113, 929]], '팔머니만화논 단편으로 이어가면 충켓네 ~', 0.203474521269736), ([[175, 925], [277, 925], [277, 945], [175, 945]], '다음편도 기다다 ~', 0.3761517504698842)]
[([[201, 205], [239, 205], [239, 221], [201, 221]], '화요일', 0.9341636790166464), ([[207, 223], [235, 223], [235, 237], [207, 237]], '이야', 0.9875860820476017), ([[539, 241], [611, 241], [611, 257], [539, 257]], '스 스파이그!', 0.4117831784792317), ([[549, 257], [603, 257], [603, 275], [549, 275]], '오늘 무슨', 0.9850773617012165), ([[545, 271], [603, 271], [603, 291], [545, 291]], '요일이지?', 0.9936235580905073), ([[463, 527], [571, 527], [571, 545], [463, 545]], '근일이야! 끄린세스', 0.5193445270077776), ([[429, 543], [603, 543], [603, 561], [429, 561]], '세레스티아에게 주에 한번 편지', 0.5031992735824273), ([[465, 559], [569, 559], [569, 579], [465, 579]], '주논거 깜박없어니', 0.15183351556613575)]
[([[501, 221], [597, 221], [597, 241], [501, 241]], '왜 잇엇던거지?', 0.3544140651891775), ([[364, 232], [420, 232], [420, 286], [364, 286]], '미', 0.48239925764939073), ([[409, 269], [449, 269], [449, 305], [409, 305]], '벼', 0.6488039891048771), ([[153, 363], [193, 363], [193, 379], [153, 379]], '언제나', 0.5300174355506897), ([[145, 379], [195, 379], [195, 397], [145, 397]], '해앗는더', 0.06782710552215576), ([[141, 505], [193, 505], [193, 523], [141, 523]], '더 큰일?', 0.8849092317717452), ([[495, 525], [577, 525], [577, 545], [495, 545]], '숙제름 잇다니', 0.8693517031412865), ([[505, 541], [565, 541], [565, 561], [505, 561]], '처음이이~', 0.9145989993043896), ([[415, 809], [467, 809], [467, 825], [415, 825]], '그것보다', 0.6182524771951873), ([[389, 823], [487, 823], [487, 843], [389, 843]], '더 큰일올 잊없어', 0.2816518978465662), ([[126.4701778718653, 246.41053361559588], [174.78822516010283, 211.03892588296148], [227.5298221281347, 291.5894663844041], [179.21177483989717, 327.96107411703855]], '굶', 0.03077489015524648)]
[([[152, 56], [320, 56], [320, 268], [152, 268]], '넷', 0.11826368098582751), ([[563, 233], [603, 233], [603, 249], [563, 249]], '가슴의', 0.9946367065731453), ([[553, 247], [611, 247], [611, 265], [553, 265]], '시간이야!', 0.9097893837220051), ([[137, 449], [175, 449], [175, 465], [137, 465]], '까아니', 0.3822532516816392), ([[357, 991], [375, 991], [375, 1015], [357, 1015]], '8', 0.7904567598980208)]
[([[592, 166], [640, 166], [640, 224], [592, 224]], ',', 0.1460122653412208), ([[171, 457], [221, 457], [221, 473], [171, 473]], '스파이그', 0.9382661581039429), ([[145, 473], [243, 473], [243, 491], [145, 491]], '그렇계 빨면 안대', 0.5541009385152394), ([[179, 839], [205, 839], [205, 855], [179, 855]], '싫어', 0.920925522105953)]
