2284491
17
[([[1818, 2209], [1947, 2209], [1947, 2419], [1818, 2419]], "'", 0.05018150404192401)]
[([[117, 189], [333, 189], [333, 257], [117, 257]], '자 . 잠깐', 0.960961970676242), ([[349, 189], [587, 189], [587, 257], [349, 257]], '내 뒤에스', 0.838762066660461), ([[54, 254], [270, 254], [270, 326], [54, 326]], '느껴지논', 0.6528090238571167), ([[290, 258], [346, 258], [346, 320], [290, 320]], '이', 0.9979020643188505), ([[367, 255], [539, 255], [539, 323], [367, 323]], '감각은', 0.999928628281755), ([[601, 257], [661, 257], [661, 323], [601, 323]], '?!', 0.7367239440885138), ([[1470, 1351], [2234, 1351], [2234, 1431], [1470, 1431]], "호오 '그 녀석의/ 마음에 듣건가", 0.6402148564098429)]
[([[1566, 129], [2230, 129], [2230, 205], [1566, 205]], '이제 겨우 한마리 한거라구', 0.7158918538797623), ([[1614, 196], [2184, 196], [2184, 268], [1614, 268]], '좀더 힘내는게 좋올걸?', 0.2513108686799109), ([[1585, 263], [1655, 263], [1655, 329], [1585, 329]], '아', 0.9999756814527814), ([[1678, 262], [2216, 262], [2216, 336], [1678, 336]], '지금은 정신이 빠저서', 0.8991103996411539), ([[1620, 328], [2176, 328], [2176, 400], [1620, 400]], '목소리논 안들리려나~', 0.6709993295086368), ([[1422.4118944726386, 464.006176897596], [1623.5767502617996, 549.0105990441107], [1433.5881055273614, 995.993823102404], [1232.4232497382004, 909.9894009558893]], '=', 0.8767370124883342), ([[205.04362923553543, 532.028608233442], [399.59637801142077, 603.4288667170111], [348.95637076446457, 730.971391766558], [154.40362198857923, 659.5711332829889]], '하하', 0.29362145553266483), ([[1148.0320790335697, 1181.029304053901], [1344.5475830985458, 1250.2220826115683], [1295.9679209664303, 1377.970695946099], [1099.4524169014542, 1309.7779173884317]], '하아', 0.33785401393255426)]
[([[77, 365], [125, 365], [125, 409], [77, 409]], '더', 0.13739564553535288), ([[192, 350], [492, 350], [492, 422], [192, 422]], '뭐조 이건:?', 0.7859028591675505), ([[161, 563], [417, 563], [417, 825], [161, 825]], '안', 0.11877485114167996), ([[1410, 1380], [1996, 1380], [1996, 1454], [1410, 1454]], '이튿날 그녀에계는 좁더', 0.3375947020260474), ([[1140, 1438], [2266, 1438], [2266, 1518], [1140, 1518]], '업겨올 잘 유혹활수 있도록 하기위함과 더불어', 0.34300404328569717), ([[1254, 1556], [1549, 1556], [1549, 1635], [1254, 1635]], '총더 그녀의', 0.21527554425693554), ([[1568, 1560], [2156, 1560], [2156, 1636], [1568, 1636]], '명예름 옥보일수 잇도록', 0.351485885866158), ([[1132, 1621], [2272, 1621], [2272, 1699], [1132, 1699]], '강아지의 귀와 |꼬리 장식이 추가되어저 있없다.', 0.31693133019896924)]
[([[123, 311], [398, 311], [398, 396], [123, 396]], '안쪽에서 ..', 0.8630788132958551), ([[78, 405], [516, 405], [516, 503], [78, 503]], '더 커적어 !?', 0.34250353016322), ([[1597, 765], [1834, 765], [1834, 900], [1597, 900]], '효례', 0.03655161887941237), ([[1750, 1400], [1980, 1400], [1980, 1472], [1750, 1472]], '평소보다;', 0.14227409824855886), ([[1663, 1464], [2185, 1464], [2185, 1572], [1663, 1572]], '데) 불렉물끈 . !', 0.13172805665577217), ([[1129.3696162031142, 215.21769721868571], [1444.7934886178502, 170.89199952212394], [1452.6303837968858, 306.7823027813143], [1138.2065113821498, 351.1080004778761]], '계 ', 0.03358719177013987), ([[1473.403826512684, 448.0068359530237], [1660.999512661758, 525.2512389554737], [1490.596173487316, 935.9931640469763], [1304.000487338242, 858.7487610445263]], '=', 0.1575668706712472)]
[([[611, 237], [721, 237], [721, 405], [611, 405]], '쥐', 0.13147754876104845), ([[627, 425], [671, 425], [671, 475], [627, 475]], '2', 0.9829965275292842), ([[284, 562], [356, 562], [356, 612], [284, 612]], '92', 0.9748575701860152), ([[1214.4650356951133, 283.0049346751469], [1764.5075212863158, 680.8165217546465], [1618.5349643048867, 882.995065324853], [1068.4924787136842, 485.1834782453535]], '스 사', 0.04799822345376015)]
[([[1098, 252], [1443, 252], [1443, 327], [1098, 327]], '아아 묘진님', 0.8513667907389998), ([[1516, 247], [1984, 247], [1984, 335], [1516, 335]], '만나고 싶없어요', 0.6278679452173836), ([[1260, 324], [1872, 324], [1872, 416], [1260, 416]], '모험가 쭉정이 놈들올', 0.6534418150723773), ([[1277, 404], [1861, 404], [1861, 490], [1277, 490]], '감시하다고는 햇지만', 0.6142392631527936), ([[185, 369], [633, 369], [633, 665], [185, 665]], '두금', 0.9635735921119353), ([[1297, 1122], [1748, 1122], [1748, 1406], [1297, 1406]], '두근', 0.8338578393202404), ([[1608, 1984], [1705, 1984], [1705, 2070], [1608, 2070]], '%', 0.02925551707539853), ([[339, 2382], [889, 2382], [889, 2466], [339, 2466]], '열흘이라는시간동안', 0.4155016310444478), ([[386, 2461], [823, 2461], [823, 2547], [386, 2547]], '떨어저있없다니.', 0.5168770463890352), ([[806, 2508], [864, 2508], [864, 2538], [806, 2538]], '미))', 0.00021810975771075546), ([[173, 2618], [1021, 2618], [1021, 2704], [173, 2704]], '주인남의 오나혹 실격이에요미6', 0.0988459582848743)]
[([[283, 339], [807, 339], [807, 418], [283, 418]], '축망받던 기사남께서', 0.27259206890771875), ([[135, 408], [953, 408], [953, 488], [135, 488]], '이런 유희틀 즐기고 있다는 [것올', 0.13066367918432867), ([[457, 961], [616, 961], [616, 1144], [457, 1144]], '의', 0.26040594857662214), ([[1211, 1084], [1998, 1084], [1998, 1164], [1211, 1164]], '킬드의 꿈나무들이 알게 된다면', 0.2519873783486494), ([[1305, 1163], [1838, 1163], [1838, 1241], [1305, 1241]], '정말 좋올거야 그치?', 0.3426450643263676), ([[472, 2143], [880, 2143], [880, 2212], [472, 2212]], '네에  조기교육9', 0.4900262166266768), ([[904, 2143], [1031, 2143], [1031, 2212], [904, 2212]], '좋이', 0.9736056470894366), ([[1238, 2294], [1839, 2294], [1839, 2576], [1238, 2576]], '제 ', 0.020353012082316428), ([[257, 2570], [667, 2570], [667, 2643], [257, 2643]], '모두 도적단으로', 0.8167530538106897), ([[300, 2633], [651, 2633], [651, 2706], [300, 2706]], '만들어버리죄', 0.9215964702909321), ([[1344.327945339076, 1939.177836992483], [1945.389373351563, 1799.9113152288792], [1988.672054660924, 2117.822163007517], [1387.610626648437, 2257.088684771121]], '가(리', 0.007029902521082566)]
[([[95, 489], [327, 489], [327, 594], [95, 594]], '이거 갖다', 0.2467854803630255), ([[445, 730], [511, 730], [511, 808], [445, 808]], '곁', 0.012120763403985713), ([[1098, 1633], [1658, 1633], [1658, 1966], [1098, 1966]], '소?', 0.012908027727573497), ([[1140, 1993], [1224, 1993], [1224, 2113], [1140, 2113]], '))', 0.2919482221757636), ([[1001, 2319], [1237, 2319], [1237, 2538], [1001, 2538]], '쌍', 0.1081137468695994), ([[1573, 2314], [1826, 2314], [1826, 2521], [1573, 2521]], '평', 0.9555469603344733), ([[990.2172729245717, 434.05127422674474], [1038.0683640397413, 419.095882938272], [1065.7827270754283, 521.9487257732553], [1016.9316359602587, 535.904117061728]], '좀', 0.44835690946061746), ([[1664.8652299035975, 1672.0207763682124], [2029.5330188299918, 1747.8811371636057], [1965.1347700964025, 2006.9792236317876], [1600.4669811700082, 1930.1188628363943]], '꼴시', 0.009800925303305421), ([[1309.8271949445398, 1909.0254837244133], [1546.0615651404403, 1960.9584825152965], [1488.1728050554602, 2192.9745162755867], [1251.9384348595597, 2140.0415174847035]], '왕', 0.01525964996629825)]
[([[1539, 0], [1825, 0], [1825, 189], [1539, 189]], ':', 0.13354605314704315), ([[62, 356], [210, 356], [210, 600], [62, 600]], '9', 0.10722337059269194), ([[908, 612], [1114, 612], [1114, 666], [908, 666]], '노스마이어', 0.9905702929337074), ([[901, 657], [1227, 657], [1227, 789], [901, 789]], '타락한', 0.8822816208615141), ([[1268, 662], [1488, 662], [1488, 784], [1268, 784]], '도둑', 0.9999517843457623)]
[([[66, 356], [214, 356], [214, 574], [66, 574]], '그', 0.8728976775055344), ([[789, 449], [1023, 449], [1023, 511], [789, 511]], '핸문마이어', 0.4665013646839152), ([[1039, 449], [1607, 449], [1607, 511], [1039, 511]], '북쪽에 위치한 노스마이어', 0.9073078449577066), ([[791, 505], [1189, 505], [1189, 567], [791, 567]], '사람들이 움성햇년', 0.3641725923269706), ([[1203, 505], [1601, 505], [1601, 565], [1203, 565]], '이 도시는 어느 날', 0.9417182066577292), ([[501, 561], [763, 561], [763, 621], [501, 621]], "'갑자기 퍼진", 0.716304516003959), ([[779, 561], [927, 561], [927, 621], [779, 621]], "전염병'", 0.8124867081642151), ([[945, 561], [1205, 561], [1205, 621], [945, 621]], '으로 인하여', 0.9991839575016801), ([[1220, 562], [1274, 562], [1274, 618], [1220, 618]], '한', 0.9999629262545717), ([[1289, 561], [1705, 561], [1705, 621], [1289, 621]], '달 만에 유렇도시로', 0.8525437122438725), ([[1723, 561], [1925, 561], [1925, 621], [1723, 621]], '변하여다.', 0.5531572349248319), ([[710, 670], [1703, 670], [1703, 733], [710, 733]], '원인올 파악하기 위해 공국이 파견한 조사단은,', 0.5816043741347395), ([[811, 727], [957, 727], [957, 787], [811, 787]], '마을이', 0.9982790788528046), ([[973, 727], [1071, 727], [1071, 787], [973, 787]], '도적', 0.999597099904821), ([[1085, 725], [1601, 725], [1601, 789], [1085, 789]], '떼에 의해 점령당햇으며,', 0.36627606323041656), ([[705, 780], [1715, 780], [1715, 844], [705, 844]], '이상하게도 마을에 시체가 단 한 구도 없없다는', 0.782856007964292), ([[607, 837], [1811, 837], [1811, 899], [607, 899]], '모한 전갈만을 남긴 채 한 명도 살아 돌아오지 못하여다.', 0.45091364567799086), ([[1604.1455716016953, -89.98412391439297], [1870.9496972957058, 54.47967304981128], [1773.8544283983047, 224.98412391439297], [1508.0503027042942, 78.52032695018872]], '', 0.0)]
[([[1544, 0], [1804, 0], [1804, 182], [1544, 182]], '76', 0.019408348656751225), ([[73, 361], [205, 361], [205, 557], [73, 557]], '터', 0.18618115460856544), ([[1788, 934], [1912, 934], [1912, 982], [1788, 982]], '나이트', 0.9999580853788016), ([[428, 1046], [930, 1046], [930, 1102], [428, 1102]], '형태가 많이 바뀌긴 햇지만', 0.6891336597579323), ([[428, 1104], [1184, 1104], [1184, 1160], [428, 1160]], '이 마을의 구조는 핸돈마이어에서 들없던', 0.15498821119551945), ([[427, 1159], [900, 1159], [900, 1216], [427, 1216]], '형태와 크게 다르지 않아', 0.9695895511303962), ([[937, 1158], [1281, 1158], [1281, 1218], [937, 1218]], '이정도면 혼자라도', 0.996980662214157), ([[432, 1222], [514, 1222], [514, 1272], [432, 1272]], '모두', 0.5400471585234217), ([[530, 1222], [884, 1222], [884, 1278], [530, 1278]], '소탕황수 있다고. !', 0.4457802768299553)]
[([[438, 934], [666, 934], [666, 988], [438, 988]], '개장수_묘진', 0.5854537544576704), ([[426, 1024], [938, 1024], [938, 1080], [426, 1080]], '그래 뭐 인정활건 해야켓지', 0.7581408129402899), ([[426, 1077], [1046, 1077], [1046, 1133], [426, 1133]], '이런 오지에서 하루하루 살아가는', 0.849757690955677), ([[426, 1132], [1484, 1132], [1484, 1186], [426, 1186]], '우리가 너희들 모험가처럼 이름올 날길 수 있는 쌍판이나', 0.39413927699144735), ([[426, 1186], [516, 1186], [516, 1240], [426, 1240]], '하면_', 0.9651984196533092), ([[572, 1186], [948, 1186], [948, 1240], [572, 1240]], '확실히 그건 아니야', 0.972578812528807)]
[([[1786, 934], [1912, 934], [1912, 982], [1786, 982]], '나이트', 0.9999483810419332), ([[434, 1028], [1094, 1028], [1094, 1084], [434, 1084]], '해서... 무슨 말을 하고싶으신겁니까', 0.16288368396492817), ([[438, 1081], [1326, 1081], [1326, 1138], [438, 1138]], "'년 함정에 빠져으니 순순히 항복해라' 라고 하면", 0.532517857725764), ([[433, 1133], [981, 1133], [981, 1193], [433, 1193]], '제가 순순히 물러날것 같나요', 0.6550571331342228), ([[434, 1242], [1114, 1242], [1114, 1298], [434, 1298]], '그정도는 제게 위협조차 되지 않아요', 0.461552209534546)]
[([[158, 44], [288, 44], [288, 118], [158, 118]], '으욕', 0.21265264869194794), ([[349, 39], [791, 39], [791, 127], [349, 127]], '업정난 목받이다', 0.19229210673770078), ([[67, 193], [883, 193], [883, 280], [67, 280]], '몸에 전혀 힘이 흩어가지 입아', 0.3859583103068258), ([[66, 272], [252, 272], [252, 352], [66, 352]], '의식도', 0.9992698658275077), ([[314, 272], [644, 272], [644, 352], [314, 352]], '성각도 점점', 0.63546914634367), ([[832, 282], [904, 282], [904, 338], [832, 338]], '07', 0.10313974134209146), ([[1991, 417], [2041, 417], [2041, 455], [1991, 455]], '-', 0.514027301242109), ([[1430, 1544], [2258, 1544], [2258, 1624], [1430, 1624]], '외아?   묘친 두목 정말 해출어요', 0.06364758657059728), ([[1364, 1620], [1741, 1620], [1741, 1697], [1364, 1697]], '프런 빠보같음', 0.37213085197873164), ([[1760, 1620], [2080, 1620], [2080, 1696], [1760, 1696]], '폐획에 설마', 0.8186169312460928), ([[2098, 1622], [2338, 1622], [2338, 1694], [2098, 1694]], '걸려줄까', 0.6306167244911194), ([[1416, 1698], [1594, 1698], [1594, 1772], [1416, 1772]], '햇페-', 0.21624912003299346), ([[1614, 1698], [1736, 1698], [1736, 1772], [1614, 1772]], '@결', 0.19249187671721413), ([[1756, 1698], [2274, 1698], [2274, 1774], [1756, 1774]], '성공해버리네 크 크 크', 0.1480370057685857), ([[1370.1588936020132, 71.39067232241574], [1492.7715056286295, 40.362317491044905], [1504.8411063979868, 92.60932767758426], [1382.2284943713705, 124.6376825089551]], "'코욕 ", 0.2179753222523795)]
[([[710, 656], [1664, 656], [1664, 732], [710, 732]], '이후 그녀가 제대로 의식올 되찾앗올때', 0.773962653624865), ([[532, 720], [1838, 720], [1838, 794], [532, 794]], '그녀의 눈앞에 펼쳐진 것은 업견들이 모인 광경이엿다.', 0.5142108475479321), ([[508, 842], [1868, 842], [1868, 921], [508, 921]], '눈올 맞추며 자기들끼리 서열올 재확인한 업견들 중에서', 0.5054608146972027), ([[590, 908], [1786, 908], [1786, 984], [590, 984]], '가장 으뜯으로 보이는 녀석이 움직이기 시작해다.', 0.2803810124299873), ([[479, 1037], [695, 1037], [695, 1105], [479, 1105]], '나이트의', 0.9996801018714905), ([[714, 1032], [1530, 1032], [1530, 1108], [714, 1108]], '의식이 돌아윗음올 확인한 묘진의', 0.30254515764334594), ([[1550, 1034], [1898, 1034], [1898, 1108], [1550, 1108]], '업견은 이유고', 0.275722948751613), ([[706, 1098], [868, 1098], [868, 1170], [706, 1170]], '그녀의', 0.999441845943364), ([[888, 1098], [1632, 1098], [1632, 1172], [888, 1172]], '후방으로 접근하기 시작하눈데', 0.4491736716211406)]
[([[75, 261], [233, 261], [233, 323], [75, 323]], '크웃 ..', 0.7344558945770776), ([[255, 257], [603, 257], [603, 325], [255, 325]], '머리가 . 아파', 0.24168443981713697), ([[663, 257], [963, 257], [963, 325], [663, 325]], '몸도 뜨거위', 0.6848896494812406), ([[1475, 236], [2028, 236], [2028, 310], [1475, 310]], '아아; 드디어 일어낫군_', 0.3428489048842765), ([[348, 320], [732, 320], [732, 394], [348, 394]], '여기논 어디지?', 0.8622376974784922), ([[1236, 300], [1560, 300], [1560, 374], [1236, 374]], '약조햇당대로', 0.42391684754457326), ([[1578, 302], [1872, 302], [1872, 374], [1578, 374]], '년 오늘부터', 0.6603591469615678), ([[1890, 300], [2352, 300], [2352, 374], [1890, 374]], '매드니스 단원이다:', 0.8385021978903409), ([[1617, 731], [1733, 731], [1733, 795], [1617, 795]], '대신', 0.9998034327575284), ([[1757, 724], [1980, 724], [1980, 799], [1757, 799]], '지금까지', 0.9659987092018127), ([[1996, 726], [2344, 726], [2344, 798], [1996, 798]], '네가 저절러온', 0.6773543030154423), ([[1626, 798], [2356, 798], [2356, 870], [1626, 870]], '죄약에 대한 벌을 받아야한다.', 0.5290326573628299), ([[31, 1421], [255, 1421], [255, 1489], [31, 1489]], '그게무슨', 0.7933886051177979), ([[312, 1414], [746, 1414], [746, 1493], [312, 1493]], '난 나변짓 같은건', 0.2613607705036391)]
