2287606
22
[([[267, 57], [311, 57], [311, 101], [267, 101]], '울지록', 0.033833946576163766), ([[259, 91], [307, 91], [307, 111], [259, 111]], '소나기가', 0.9198712013462528), ([[257, 107], [283, 107], [283, 125], [257, 125]], '내리', 0.9988861562761011), ([[236, 120], [308, 120], [308, 144], [236, 144]], '제길 염터리', 0.9100476246999627), ([[241, 139], [301, 139], [301, 157], [241, 157]], '일기예보야,', 0.8484547464197495), ([[67, 475], [115, 475], [115, 495], [67, 495]], '이런곳데', 0.13676932454109192), ([[67, 493], [115, 493], [115, 513], [67, 513]], '집미라니', 0.6369747519493103), ([[62, 512], [118, 512], [118, 536], [62, 536]], '(운이 중군', 0.87525156827514)]
[([[87, 65], [123, 65], [123, 101], [87, 101]], '4', 0.10570410092871985), ([[143, 77], [171, 77], [171, 97], [143, 97]], '하약', 0.5273334648324256), ([[465, 91], [491, 91], [491, 111], [465, 111]], '으응', 0.553109469966186), ([[199, 381], [239, 381], [239, 401], [199, 401]], '어떤가', 0.8566803932189941), ([[193, 401], [243, 401], [243, 421], [193, 421]], '그녀들의', 0.8147329688072205), ([[193, 421], [243, 421], [243, 441], [193, 441]], '태크나은', 0.35936808586120605), ([[453, 421], [487, 421], [487, 439], [453, 439]], '으~음', 0.8351934008850832), ([[331, 437], [359, 437], [359, 457], [331, 457]], '아양', 0.46440434198129005)]
[([[77, 65], [181, 65], [181, 89], [77, 89]], '클림복제민간)이라', 0.35154104673736225), ([[90, 85], [171, 85], [171, 111], [90, 111]], '인격은 없지만', 0.9833511732857584), ([[105, 107], [155, 107], [155, 127], [105, 127]], '테크나은', 0.2117529660463333), ([[105, 127], [155, 127], [155, 147], [105, 147]], '끝내주지', 0.9996921420097351), ([[63, 557], [91, 557], [91, 577], [63, 577]], '아앗', 0.4455519226717133), ([[45, 737], [69, 737], [69, 755], [45, 755]], '89', 0.09843437186408824)]
[([[210, 46], [250, 46], [250, 70], [210, 70]], '어째서', 0.868689081995859), ([[457, 59], [481, 59], [481, 77], [457, 77]], '어.', 0.42074197865801355), ([[209, 69], [237, 69], [237, 89], [209, 89]], '이런', 0.9897636138668663), ([[305, 311], [355, 311], [355, 331], [305, 331]], '그결위해', 0.6629670858383179), ([[295, 331], [355, 331], [355, 351], [295, 351]], '여러가지로', 0.9972846501488034), ([[437, 323], [465, 323], [465, 343], [437, 343]], '나는', 0.9799165112294936), ([[288, 348], [356, 348], [356, 372], [288, 372]], '연구틀 해지', 0.45685141981083577), ([[434, 340], [466, 340], [466, 364], [434, 364]], '말아.', 0.6716468149640148), ([[61, 369], [99, 369], [99, 389], [61, 389]], '그래서', 0.9998399135679835), ([[374, 364], [414, 364], [414, 388], [374, 388]], '영원한', 0.6052180228321314), ([[54, 388], [106, 388], [106, 412], [54, 412]], '킬론까지', 0.20270338654518127), ([[374, 384], [412, 384], [412, 408], [374, 408]], '젊음율', 0.727550344589938), ([[49, 409], [109, 409], [109, 429], [49, 429]], '만들어냄다', 0.11005005014993058), ([[374, 404], [414, 404], [414, 428], [374, 428]], '원있다', 0.3122570655514439), ([[278, 468], [356, 468], [356, 492], [278, 492]], '하지만 왜인지', 0.8024916019255103), ([[316, 488], [356, 488], [356, 512], [316, 512]], '글론은', 0.3199944259419236), ([[61, 507], [99, 507], [99, 527], [61, 527]], '아프혹', 0.40691076733665077), ([[294, 508], [356, 508], [356, 532], [294, 532]], "'여성채밖에", 0.189898003576965), ([[269, 529], [355, 529], [355, 549], [269, 549]], '성공하지 못하다', 0.714400958342107)]
[([[284, 64], [336, 64], [336, 88], [284, 88]], '사용하수', 0.3745587170124054), ([[474, 74], [508, 74], [508, 98], [474, 98]], '웨이!', 0.10974021802892954), ([[294, 84], [334, 84], [334, 108], [294, 108]], '맛도록', 0.1647774338516613), ([[307, 107], [335, 107], [335, 125], [307, 125]], '해리', 0.8770963877149048), ([[111, 155], [151, 155], [151, 175], [111, 175]], '주인념', 0.6014484538758398), ([[178, 406], [208, 406], [208, 430], [178, 430]], '아양', 0.19490784342248488), ([[57, 459], [107, 459], [107, 479], [57, 479]], '아아아아', 0.8446811437606812), ([[307, 567], [333, 567], [333, 585], [307, 585]], '후우', 0.8634282785528307)]
[([[460, 76], [488, 76], [488, 100], [460, 100]], '우음', 0.8757140608097669), ([[355, 123], [381, 123], [381, 143], [355, 143]], '후움', 0.9563619286287783), ([[187, 493], [211, 493], [211, 513], [187, 513]], '우음', 0.7959755359627737), ([[159, 611], [185, 611], [185, 631], [159, 631]], '후음', 0.44149066089617284), ([[51.65309877495292, 79.1308037522599], [91.60121839507109, 46.025866617175424], [163.34690122504708, 143.8691962477401], [122.39878160492891, 175.97413338282456]], '주', 0.3190512495735085)]
[([[431, 105], [461, 105], [461, 125], [431, 125]], '유미!', 0.6027847376598152), ([[69, 201], [121, 201], [121, 221], [69, 221]], '준비해라', 0.9067232608795166), ([[117, 323], [155, 323], [155, 343], [117, 343]], '오시조', 0.8659458644227628), ([[117, 343], [155, 343], [155, 363], [117, 363]], '주인님', 0.6902219669470445), ([[55, 423], [83, 423], [83, 443], [55, 443]], '잠깐', 0.9998905042434469), ([[54, 440], [114, 440], [114, 464], [54, 464]], '기다려멋', 0.6535726189613342), ([[322, 532], [368, 532], [368, 556], [322, 556]], '무엇릎?', 0.12741783261299133), ([[269, 607], [295, 607], [295, 627], [269, 627]], '우울', 0.23006514119065616), ([[49, 739], [73, 739], [73, 755], [49, 755]], '0:', 0.0036193585176473595)]
[([[424, 58], [488, 58], [488, 82], [424, 82]], '수십년만의', 0.9739520199023854), ([[70, 84], [98, 84], [98, 114], [70, 114]], '그', 0.9999635222900594), ([[434, 78], [474, 78], [474, 102], [434, 102]], '감추을', 0.3375173079366427), ([[429, 99], [483, 99], [483, 119], [429, 119]], '네 육체로', 0.6482914599886852), ([[417, 119], [493, 119], [493, 139], [417, 139]], '맛보게 되는군', 0.6593096144366789), ([[37, 119], [131, 119], [131, 157], [37, 157]], '그만뒤~', 0.34825780987739563), ([[43, 511], [75, 511], [75, 531], [43, 531]], '아아', 0.9701736671329627), ([[242, 508], [274, 508], [274, 532], [242, 532]], '으록', 0.2461942025570019), ([[380, 508], [412, 508], [412, 532], [380, 532]], '히익', 0.33817782625290405), ([[42, 530], [92, 530], [92, 554], [42, 554]], "'아아아", 0.3349713385105133), ([[41, 661], [85, 661], [85, 681], [41, 681]], '아파~', 0.9991290639310467)]
[([[419, 53], [445, 53], [445, 73], [419, 73]], '으응', 0.9644778331593273), ([[168, 62], [210, 62], [210, 86], [168, 86]], '어떤가', 0.7614819901329913), ([[141, 85], [207, 85], [207, 105], [141, 105]], '자신의 몸어', 0.6618963163412699), ([[267, 77], [293, 77], [293, 97], [267, 97]], '흐응', 0.8627972423666388), ([[159, 105], [207, 105], [207, 125], [159, 125]], '범해지는', 0.5947223901748657), ([[158, 122], [210, 122], [210, 146], [158, 146]], "'기분은?", 0.4757523258327558), ([[254, 198], [306, 198], [306, 222], [254, 222]], '아하하다', 0.29861193895339966), ([[255, 219], [307, 219], [307, 239], [255, 239]], '그리워다', 0.3686644602939846), ([[246, 236], [314, 236], [314, 260], [246, 260]], '이 팩조이는', 0.2314196079007563), ([[261, 259], [299, 259], [299, 279], [261, 279]], '감촉기', 0.05365727427566364), ([[63, 359], [91, 359], [91, 379], [63, 379]], '아아', 0.4872877550103176), ([[111, 511], [135, 511], [135, 531], [111, 531]], '으응', 0.1465416174828827), ([[407, 585], [433, 585], [433, 601], [407, 601]], '허의', 0.6432173783682529), ([[52, 636], [120, 636], [120, 660], [52, 660]], '어배서 내가', 0.30706519062006843), ([[56, 656], [108, 656], [108, 680], [56, 680]], '이런일올,', 0.5910084022671611), ([[53, 743], [77, 743], [77, 757], [53, 757]], '9', 0.3013904250824595)]
[([[99, 87], [125, 87], [125, 105], [99, 105]], '아앗', 0.6988394083215954), ([[327, 365], [353, 365], [353, 385], [327, 385]], '아름', 0.2609897082651789), ([[261, 461], [289, 461], [289, 479], [261, 479]], '아아', 0.9774437347150363)]
[([[105, 317], [133, 317], [133, 337], [105, 337]], '슬습', 0.17051087802800183), ([[452, 324], [502, 324], [502, 348], [452, 348]], '중은가?', 0.7850141525268555), ([[94, 334], [146, 334], [146, 358], [94, 358]], '쌀컷갈군', 0.1229185238480568), ([[68, 542], [126, 542], [126, 574], [68, 574]], '안에는', 0.8948738049417989), ([[416, 558], [444, 558], [444, 586], [416, 586]], '그.', 0.34827976378837966), ([[56, 572], [138, 572], [138, 604], [56, 604]], '싸지마맛!', 0.4615877003596085), ([[404, 588], [466, 588], [466, 620], [404, 620]], '그만뒤]', 0.22017677128314972), ([[53, 743], [77, 743], [77, 757], [53, 757]], '47', 0.8783566493904122)]
[([[30, 26], [354, 26], [354, 130], [30, 130]], '특학@알불히다', 0.0018982260187066233), ([[363, 115], [477, 115], [477, 151], [363, 151]], '화애0닫0', 0.014151685081159885), ([[403, 303], [431, 303], [431, 323], [403, 323]], '실레', 0.9905015660587051), ([[390, 320], [444, 320], [444, 344], [390, 344]], '합니다야', 0.8427352905273438), ([[115, 411], [155, 411], [155, 431], [115, 431]], '아무도', 0.9992300198598539), ([[100, 428], [170, 428], [170, 452], [100, 452]], '[안개신가요?', 0.7152349766692628)]
[([[163, 125], [217, 125], [217, 165], [163, 165]], '04', 0.8094580469728119), ([[377, 113], [469, 113], [469, 157], [377, 157]], '아아아', 0.8440047739795172), ([[390, 158], [456, 158], [456, 206], [390, 206]], '아양', 0.7590860824272598)]
[([[77, 127], [103, 127], [103, 143], [77, 143]], '싸고', 0.9360456499546418), ([[70, 142], [106, 142], [106, 166], [70, 166]], '있어.', 0.979948945915364), ([[342, 124], [398, 124], [398, 182], [342, 182]], '71', 0.628840072493054), ([[71, 163], [101, 163], [101, 183], [71, 183]], '안에.', 0.785731103060186), ([[52, 284], [98, 284], [98, 308], [52, 308]], '그 몸음', 0.6686968012134737), ([[343, 293], [371, 293], [371, 313], [343, 313]], '정말', 0.9993829416201012), ([[53, 307], [131, 307], [131, 327], [53, 327]], '대신철 육체가', 0.5017403472605373), ([[340, 310], [382, 310], [382, 334], [340, 334]], '중앙어', 0.6162536746001275), ([[52, 324], [120, 324], [120, 348], [52, 348]], '손에 들어올', 0.5787380347924623), ([[275, 321], [315, 321], [315, 341], [275, 341]], "'그렇개", 0.31127530586190166), ([[53, 347], [93, 347], [93, 365], [53, 365]], '테니까', 0.9197732598013302), ([[265, 341], [315, 341], [315, 361], [265, 361]], '낙담하진', 0.961488664150238), ([[287, 361], [315, 361], [315, 381], [287, 381]], '말계', 0.43828579811082147), ([[423, 531], [461, 531], [461, 551], [423, 551]], '앞으로', 0.9865240094307108), ([[416, 548], [468, 548], [468, 572], [416, 572]], '몇섭년이', 0.6353445053100586), ([[420, 568], [464, 568], [464, 592], [420, 592]], '결락진', 0.06750276495266772), ([[419, 589], [467, 589], [467, 609], [419, 609]], '모르지만', 0.9806431531906128), ([[421, 609], [463, 609], [463, 629], [421, 629]], '말이야!', 0.8359940052032471), ([[297.5439777606179, 564.3863310579156], [398.44089792778465, 540.1351359999204], [410.4560222393821, 610.6136689420844], [310.55910207221535, 634.8648640000796]], ':벼', 0.008008465823852753)]
[([[434, 70], [488, 70], [488, 94], [434, 94]], '결국 나는', 0.9480524376717266), ([[433, 91], [489, 91], [489, 111], [433, 111]], '이 저녁에', 0.7442053675078198), ([[411, 111], [489, 111], [489, 131], [411, 131]], '머물기로 찢다', 0.19168549962352563), ([[49, 269], [109, 269], [109, 289], [49, 289]], '머리손질이', 0.9022136313594578), ([[48, 286], [110, 286], [110, 310], [48, 310]], '끝쎄습니다', 0.11578610386889344), ([[301, 373], [355, 373], [355, 393], [301, 393]], '원래 콤올', 0.5843158587051888), ([[300, 390], [352, 390], [352, 414], [300, 414]], '돌려발는', 0.5746079087257385), ([[301, 411], [351, 411], [351, 431], [301, 431]], '그날까지', 0.9996297359466553), ([[448, 484], [488, 484], [488, 508], [448, 508]], '이곳의', 0.9922744914247081), ([[427, 505], [485, 505], [485, 525], [427, 525]], '데미드로서', 0.647926179714631), ([[437, 525], [487, 525], [487, 545], [437, 545]], '살아가게', 0.9918020963668823), ([[449, 545], [487, 545], [487, 565], [449, 565]], '되없다', 0.8868600213321376), ([[93, 575], [133, 575], [133, 595], [93, 595]], '고마위', 0.9955387578866385), ([[248, 740], [312, 740], [312, 768], [248, 768]], '트꼴)', 0.01632810455058007)]
[([[395, 3], [437, 3], [437, 49], [395, 49]], '떼', 0.023954094774218726), ([[66, 74], [114, 74], [114, 100], [66, 100]], '후~와', 0.9989892969357258), ([[58, 98], [120, 98], [120, 124], [58, 124]], '살젓같다', 0.5239353775978088), ([[98, 248], [160, 248], [160, 272], [98, 272]], '부담기지지', 0.9684284742517941), ([[109, 269], [147, 269], [147, 289], [109, 289]], '마시오', 0.9992247208439232), ([[460, 268], [500, 268], [500, 292], [460, 292]], '갑자기', 0.9700534596835316), ([[103, 289], [153, 289], [153, 309], [103, 309]], '오랜만의', 0.5493756000689999), ([[430, 286], [500, 286], [500, 310], [430, 310]], "'신세틀 저서", 0.1613211751249833), ([[103, 309], [153, 309], [153, 329], [103, 329]], '손님이니', 0.7027072310447693), ([[437, 309], [499, 309], [499, 329], [437, 329]], '죄송합니다', 0.8392967666282479), ([[62, 324], [92, 324], [92, 348], [62, 348]], '편히', 0.9960966551730751), ([[57, 345], [95, 345], [95, 365], [57, 365]], '옛도록', 0.24140998449933593), ([[61, 365], [89, 365], [89, 385], [61, 385]], '하오', 0.9970660713758334), ([[291, 539], [317, 539], [317, 559], [291, 559]], '예넷', 0.0528314296445516), ([[50, 560], [96, 560], [96, 584], [50, 584]], '그럼 좀', 0.9943100672842535), ([[290, 556], [318, 556], [318, 580], [290, 580]], '정말', 0.9989919119797325), ([[422, 552], [502, 552], [502, 576], [422, 576]], '목욕올 햇으니', 0.4828938323163729), ([[48, 580], [98, 580], [98, 604], [48, 604]], '얻어먹것', 0.22573186457157135), ([[284, 576], [324, 576], [324, 600], [284, 600]], '신세가', 0.9982958684227049), ([[433, 570], [492, 570], [492, 597], [433, 597]], "'식사라도?", 0.8648970436180495), ([[52, 600], [94, 600], [94, 624], [52, 624]], '습니다', 0.8953446188101196), ([[284, 596], [324, 596], [324, 620], [284, 620]], '많내요', 0.16480155600925347), ([[45, 737], [67, 737], [67, 753], [45, 753]], '81', 0.973216261282631)]
[([[82, 68], [124, 68], [124, 92], [82, 92]], '그렇군', 0.8355667579075907), ([[260, 62], [324, 62], [324, 86], [260, 86]], '학창사절의', 0.5474987140755072), ([[256, 82], [324, 82], [324, 106], [256, 106]], '중은 추억이', 0.44028027399475334), ([[449, 77], [487, 77], [487, 97], [449, 97]], '호요~', 0.7738217454285747), ([[260, 102], [324, 102], [324, 126], [260, 126]], '팀것감아서', 0.17969167894187885), ([[447, 97], [487, 97], [487, 117], [447, 117]], '혼자서', 0.9888405429538626), ([[459, 117], [487, 117], [487, 137], [459, 137]], '여행', 0.9998670714276573), ([[439, 135], [487, 135], [487, 155], [439, 155]], '이라니 .', 0.6174527071000036), ([[273, 279], [325, 279], [325, 299], [273, 299]], '아뇨 뭐 ~', 0.3539619269467718), ([[234, 296], [328, 296], [328, 320], [234, 320]], '근데 이런 산중예', 0.6240589659394862), ([[222, 316], [328, 316], [328, 340], [222, 340]], "'이렇제 좋은 저택이", 0.2264314860675613), ([[239, 337], [327, 337], [327, 357], [239, 357]], "'외물출 올찾어요", 0.09880465688990889), ([[45, 347], [83, 347], [83, 367], [45, 367]], '덕분에', 0.9408744086306546), ([[44, 364], [106, 364], [106, 388], [44, 388]], '실아습니다', 0.2283739789005132), ([[232, 422], [274, 422], [274, 446], [232, 446]], '하지만', 0.5580192968501575), ([[437, 419], [485, 419], [485, 439], [437, 439]], '허하하~', 0.5761862397193909), ([[223, 445], [271, 445], [271, 465], [223, 465]], '있어주지', 0.8300361037254333), ([[444, 438], [486, 438], [486, 462], [444, 462]], '마음에', 0.6513404443078137), ([[101, 455], [123, 455], [123, 473], [101, 473]], '예?', 0.9912596896403338), ([[221, 465], [271, 465], [271, 485], [221, 485]], '안듣다면', 0.34049737453460693), ([[290, 458], [342, 458], [342, 482], [290, 482]], '그럴수는', 0.7334127426147461), ([[437, 459], [485, 459], [485, 479], [437, 479]], '들없다면', 0.39704129099845886), ([[220, 482], [274, 482], [274, 506], [220, 506]], '곤란하지', 0.9944688677787781), ([[293, 479], [331, 479], [331, 499], [293, 499]], '없지요', 0.9986008396532268), ([[447, 479], [485, 479], [485, 499], [447, 499]], '있어도', 0.9910317289568299), ([[447, 499], [485, 499], [485, 519], [447, 519]], '좋아요', 0.9910451337559306)]
[([[95, 159], [117, 159], [117, 179], [95, 179]], "'아;", 0.29827235702056243), ([[86, 176], [130, 176], [130, 200], [86, 200]], '이라.?', 0.4615432620048523), ([[462, 298], [510, 298], [510, 322], [462, 322]], '(어라라?', 0.5208515883527501), ([[463, 575], [507, 575], [507, 593], [463, 593]], '수술실로', 0.9068745374679565)]
[([[459, 531], [485, 531], [485, 551], [459, 551]], '뒤야', 0.49450758681951407), ([[434, 568], [486, 568], [486, 594], [434, 594]], '잠들없터', 0.07424765080213547), ([[451, 591], [485, 591], [485, 611], [451, 611]], '건기?', 0.7859511442865459), ([[471, 743], [497, 743], [497, 761], [471, 761]], '새4', 0.08697350324879123)]
[([[335, 101], [359, 101], [359, 121], [335, 121]], '이', 0.9893436936615707), ([[236, 316], [266, 316], [266, 340], [236, 340]], '눈음', 0.7828540337553341), ([[454, 324], [496, 324], [496, 348], [454, 348]], '어떻계', 0.3193913691712834), ([[231, 337], [271, 337], [271, 357], [231, 357]], '멋는기', 0.9429774474050789), ([[455, 347], [495, 347], [495, 367], [455, 367]], '된거야', 0.3856843987890701), ([[458, 364], [496, 364], [496, 388], [458, 388]], '이거?', 0.9966386314115153), ([[261, 469], [295, 469], [295, 489], [261, 489]], '어옛', 0.8732550268053705), ([[463, 479], [503, 479], [503, 499], [463, 499]], '어떤가', 0.9523582172280516), ([[259, 489], [297, 489], [297, 507], [259, 507]], '어깨서', 0.3325309157371521), ([[473, 499], [499, 499], [499, 519], [473, 519]], '몸의', 0.9978669405842185), ([[454, 516], [502, 516], [502, 540], [454, 540]], '상태는?', 0.5979698300361633), ([[222, 574], [266, 574], [266, 598], [222, 598]], '내가?', 0.9395481970740479)]
[([[292, 62], [332, 62], [332, 86], [292, 86]], '자네의', 0.9942271571132398), ([[53, 77], [97, 77], [97, 97], [53, 97]], '이녀석!', 0.8919587731361389), ([[53, 97], [95, 97], [95, 117], [53, 117]], '내 콤들', 0.2999118016607281), ([[298, 82], [328, 82], [328, 124], [298, 124]], '몸유', 0.20239427376484484), ([[53, 117], [91, 117], [91, 137], [53, 137]], '들려쥐', 0.1444203767935616), ([[292, 122], [332, 122], [332, 146], [292, 146]], '밭있다', 0.15273044016952694), ([[261, 171], [287, 171], [287, 191], [261, 191]], '놔품', 0.6279537778579539), ([[249, 191], [299, 191], [299, 211], [249, 211]], '교체해지', 0.24460555613040924), ([[79, 303], [115, 303], [115, 323], [79, 323]], '이뤄]', 0.364877834124166), ([[98, 526], [148, 526], [148, 550], [98, 550]], '이녀석둘', 0.6477920413017273), ([[441, 531], [491, 531], [491, 549], [441, 549]], '왜그리나', 0.9815716743469238), ([[93, 549], [153, 549], [153, 569], [93, 569]], '이거 뇌쥐!', 0.6192762748087136), ([[440, 548], [488, 548], [488, 572], [440, 572]], '어결사리', 0.26586484909057617), ([[402, 567], [491, 567], [491, 592], [402, 592]], '아름다운 육체록', 0.45687778814929825), ([[402, 588], [490, 588], [490, 612], [402, 612]], '선문해 주엎는데', 0.5351283426801905), ([[471, 741], [495, 741], [495, 755], [471, 755]], '8운', 0.0030794165370603274)]
[([[469, 59], [505, 59], [505, 79], [469, 79]], '그용어', 0.5439313623434986), ([[85, 83], [145, 83], [145, 103], [85, 103]], '알려주어도', 0.8569497957158051), ([[223, 73], [277, 73], [277, 93], [223, 93]], '무 무엇음', 0.2553601881872603), ([[430, 76], [508, 76], [508, 100], [430, 100]], '어물리개 좁다', 0.13563376107963607), ([[84, 100], [148, 100], [148, 124], [84, 124]], '상관없켓지', 0.6176327060148549), ([[237, 93], [277, 93], [277, 113], [237, 113]], '주사한', 0.2313027241349927), ([[445, 95], [508, 95], [508, 121], [445, 121]], '여성스리위', 0.7767499655774562), ([[249, 113], [277, 113], [277, 131], [249, 131]], '기야', 0.6449616925460351), ([[440, 116], [508, 116], [508, 140], [440, 140]], '(지논계 좋아', 0.3064630224608677), ([[55, 161], [81, 161], [81, 181], [55, 181]], '몸의', 0.9943878817417487), ([[55, 181], [91, 181], [91, 201], [55, 201]], '자유름', 0.9783302056539103), ([[53, 201], [81, 201], [81, 221], [53, 221]], '조금', 0.9999929193367925), ([[52, 218], [116, 218], [116, 242], [52, 242]], '[저환한거야', 0.11853988429377305), ([[445, 397], [505, 397], [505, 417], [445, 417]], '그녀들예게', 0.16263375392697912), ([[418, 414], [506, 414], [506, 438], [418, 438]], '여성이리는 것예', 0.33570971047566206), ([[169, 439], [203, 439], [203, 459], [169, 459]], '어이;', 0.26074293848529484), ([[364, 414], [414, 414], [414, 466], [364, 466]], '#;', 0.2205016610219263), ([[439, 437], [505, 437], [505, 457], [439, 457]], '대해 착실히', 0.7555937583473973), ([[439, 455], [505, 455], [505, 475], [439, 475]], '배우도록 해', 0.9908868783305529)]
