2290209
11
[([[86, 69], [1200, 69], [1200, 148], [86, 148]], '특어과 여경과 세@토대학 부속병원간호사가 마침내 ^데웨', 0.13424133850627012), ([[1060, 432], [1248, 432], [1248, 530], [1060, 530]], '카리노', 0.8356632417805201), ([[1060, 521], [1250, 521], [1250, 620], [1060, 620]], '아스', 0.8848658760276868), ([[36, 876], [220, 876], [220, 972], [36, 972]], '시지마', 0.9995737757544029), ([[37, 969], [217, 969], [217, 1059], [37, 1059]], '키리코', 0.9685488316247044), ([[703, 1473], [1243, 1473], [1243, 1561], [703, 1561]], "'하로안들히 또 슬콤 다내사엉5싸", 0.002339021830238358), ([[271, 1522], [1271, 1522], [1271, 1685], [271, 1685]], '오-무사 ]고', 0.0021828230474949905), ([[323, 1652], [1006, 1652], [1006, 1798], [323, 1798]], '카[ -9', 0.10203853588291362), ([[538.043064939372, 1458.0574389967883], [722.8511412388801, 1488.4639071489148], [707.956935060628, 1556.9425610032117], [523.1488587611199, 1527.5360928510852]], '50느7', 0.048875220119953156), ([[1012.9780847968506, 1685.0435921231513], [1275.68277148828, 1722.2590420739036], [1255.0219152031495, 1825.9564078768487], [992.3172285117199, 1788.7409579260964]], '국오퍼레하현', 0.06342856079341733)]
[([[935, 11], [1003, 11], [1003, 85], [935, 85]], '6', 0.18409991051095975), ([[688, 88], [934, 88], [934, 140], [688, 140]], '하아: 0 뜨거워9', 0.4315721449173498), ([[984, 56], [1240, 56], [1240, 136], [984, 136]], '그 하아 @하아"', 0.17418445962557), ([[732, 134], [896, 134], [896, 190], [732, 190]], '몹쓸 정액은', 0.800926025207874), ([[1011, 103], [1249, 103], [1249, 171], [1011, 171]], '4 쌀계요 누나;', 0.29988501711488935), ([[360, 182], [462, 182], [462, 232], [360, 232]], '으우 ', 0.6459314247397643), ([[541, 173], [611, 173], [611, 239], [541, 239]], '4', 0.22659045192302418), ([[676, 182], [922, 182], [922, 234], [676, 234]], '전부 적날이에요  드', 0.18037512346019252), ([[291, 227], [531, 227], [531, 287], [291, 287]], '어; 얼굴에 쌀게 "', 0.3478188594730225), ([[566, 224], [614, 224], [614, 276], [566, 276]], '4', 0.19515366492879682), ([[272, 334], [530, 334], [530, 388], [272, 388]], '와앗이 엄청많이다', 0.0564283001148439), ([[305, 377], [529, 377], [529, 438], [305, 438]], '냄새_긍정액올', 0.04267322065507802), ([[560, 400], [586, 400], [586, 446], [560, 446]], '1', 0.8546312394063449), ([[288, 428], [546, 428], [546, 484], [288, 484]], '데많이블러쥐표9', 0.06467577041500235), ([[1194, 546], [1246, 546], [1246, 628], [1194, 628]], '6', 0.691781350327858), ([[279, 661], [349, 661], [349, 729], [279, 729]], '73', 0.7447481548586602), ([[1169, 635], [1237, 635], [1237, 719], [1169, 719]], '7', 0.9920011423514694), ([[160, 708], [192, 708], [192, 740], [160, 740]], '0', 0.8652713388300981), ([[290, 716], [352, 716], [352, 772], [290, 772]], '73', 0.2062948756251895), ([[155, 753], [225, 753], [225, 819], [155, 819]], '숲', 0.07989369778528133), ([[707, 954], [804, 954], [804, 1169], [707, 1169]], '틈', 0.020570838257904178), ([[526.8836873886971, 65.069499109577], [592.0813503015835, 44.24397459333868], [625.1163126113029, 162.93050089042302], [558.9186496984165, 183.75602540666134]], '듯', 0.5390947166447155), ([[106.42180591537223, 630.0209216321368], [166.10929204708867, 624.2830778765049], [179.57819408462777, 783.9790783678632], [120.89070795291133, 789.7169221234951]], '<', 0.1953839716874919), ([[135.16441171299198, 822.1891762223615], [184.6798700145645, 780.0257158077485], [266.835588287008, 887.8108237776385], [217.3201299854355, 929.9742841922515]], '술', 0.12124317312123267)]
[]
[]
[]
[]
[]
[([[20, 26], [132, 26], [132, 126], [20, 126]], '@', 0.11558168307389227), ([[854, 58], [1087, 58], [1087, 109], [854, 109]], '아용어 아앗이하야:', 0.2831213325421644), ([[1129, 61], [1191, 61], [1191, 105], [1129, 105]], '하악', 0.977159057021039), ([[847, 103], [945, 103], [945, 147], [847, 147]], '키리코 .', 0.2984603096509549), ([[956, 102], [1242, 102], [1242, 150], [956, 150]], '좀 더 만처쥐0 비버쥐9', 0.16665918487405226), ([[5, 149], [69, 149], [69, 239], [5, 239]], '9', 0.5467161051820426), ([[515, 253], [591, 253], [591, 297], [515, 297]], '네, 네', 0.7147702878867066), ([[539, 293], [637, 293], [637, 337], [539, 337]], '응하앗 .', 0.19778587348977092), ([[0, 272], [92, 272], [92, 410], [0, 410]], '23', 0.13590313879645002), ([[521, 331], [690, 331], [690, 381], [521, 381]], '기분 좋아요0', 0.5302906742519713), ([[1015, 631], [1051, 631], [1051, 675], [1015, 675]], '"', 0.1351771305614955), ([[32, 626], [152, 626], [152, 776], [32, 776]], '0', 0.2573369815882529), ([[151, 955], [257, 955], [257, 995], [151, 995]], '하아 . 0', 0.2674353883309514), ([[175, 993], [295, 993], [295, 1037], [175, 1037]], "'아스나씨:", 0.6039347082788642), ([[173, 1035], [315, 1035], [315, 1079], [173, 1079]], '저 이제: - 0', 0.434411169473714), ([[92, 1100], [342, 1100], [342, 1148], [92, 1148]], '괜찮아0 같이 가자9', 0.26908397405658224), ([[156, 1166], [368, 1166], [368, 1216], [156, 1216]], '가요이가아 가9', 0.24683097922268354), ([[54, 1232], [170, 1232], [170, 1280], [54, 1280]], '가버려9', 0.7501837611198425), ([[374, 1340], [502, 1340], [502, 1498], [374, 1498]], '6', 0.1301005422593704), ([[1060, 1255], [1176, 1255], [1176, 1546], [1060, 1546]], '중', 0.5866014647147644), ([[502, 1568], [622, 1568], [622, 1800], [502, 1800]], '""', 0.410701946206962), ([[959, 1723], [1059, 1723], [1059, 1787], [959, 1787]], '00', 0.9931774457690721), ([[1.2635137157510803, 796.1081097260087], [88.75974836339816, 744.0206301134739], [169.7364862842489, 903.8918902739913], [83.24025163660184, 955.9793698865261]], '움', 0.4848884335587833), ([[1138.5320342250013, 1063.0078233275365], [1238.4669571930083, 1050.2190667149187], [1276.4679657749987, 1389.9921766724635], [1175.5330428069917, 1401.7809332850813]], '품', 0.47174975567862987), ([[726.0831947897603, 1587.0221321480394], [1000.7096049045189, 1680.6908181801532], [943.9168052102397, 1831.9778678519606], [669.2903950954811, 1739.3091818198468]], '[이구', 0.018225956665155543)]
[([[314, 0], [484, 0], [484, 66], [314, 66]], '(0', 0.41107885457869336), ([[1098, 28], [1254, 28], [1254, 60], [1098, 60]], '저도   가켓어요9', 0.7166864363823919), ([[1097, 55], [1253, 55], [1253, 93], [1097, 93]], '응운웃9 가요오0', 0.21503447694984276), ([[308, 76], [368, 76], [368, 104], [308, 104]], '하아; ', 0.33905696868896484), ([[384, 76], [480, 76], [480, 108], [384, 108]], '굉장해요  ', 0.9118529262662656), ([[332, 106], [516, 106], [516, 136], [332, 136]], '가아이 가요; 가버려9', 0.6938427514180806), ([[279, 101], [343, 101], [343, 215], [279, 215]], '뿐', 0.0450388266074242), ([[751, 149], [838, 149], [838, 218], [751, 218]], '000', 0.029213179664734062), ([[692, 216], [812, 216], [812, 248], [692, 248]], '하아   이하양:', 0.2929416833471878), ([[690, 246], [734, 246], [734, 278], [690, 278]], '아웃', 0.3272575708054668), ([[750, 246], [824, 246], [824, 278], [750, 278]], '아아야  :', 0.16736721384364514), ([[30, 326], [72, 326], [72, 358], [30, 358]], '오옷', 0.9973885695703012), ([[88, 326], [112, 326], [112, 354], [88, 354]], '욕', 0.9963966939688049), ([[28, 356], [154, 356], [154, 388], [28, 388]], '푹푹, 와버려요(', 0.4263717758912623), ([[610, 780], [714, 780], [714, 894], [610, 894]], '과', 0.04674576222558713), ([[1039.1627412231403, 549.0319100231366], [1181.909830354821, 613.5944390340414], [1139.8372587768597, 701.9680899768634], [997.090169645179, 637.4055609659586]], '0', 0.3034573643371665), ([[120.75304952445576, 627.0024396195646], [203.97112541083283, 570.5721864729179], [241.24695047554425, 628.9975603804354], [158.02887458916717, 685.4278135270821]], '상', 0.02507508769927913), ([[1196.5852008910972, 614.0078236140765], [1278.8697642058285, 628.1366640237883], [1233.4147991089028, 900.9921763859235], [1151.1302357941715, 886.8633359762117]], '@', 0.8353443088459791), ([[513.1990038171119, 670.0188809227719], [671.8988274444367, 803.1480737047193], [578.8009961828881, 915.9811190772281], [419.10117255556327, 782.8519262952807]], '떼우', 0.014586512779185976)]
[([[873, 475], [985, 475], [985, 591], [873, 591]], '))', 0.1933462249092584)]
[([[871, 473], [987, 473], [987, 591], [871, 591]], '))', 0.31348538063771153)]
