2292297
8
[]
[([[774, 178], [896, 178], [896, 210], [774, 210]], '있지 오늘도', 0.6050053445270814), ([[762, 210], [908, 210], [908, 242], [762, 242]], '레스트 때문에', 0.2601968003638638), ([[777, 241], [893, 241], [893, 277], [777, 277]], '지처버럿어', 0.3211365689608247), ([[384, 828], [456, 828], [456, 860], [384, 860]], '상으로', 0.9994325551995369), ([[374, 860], [466, 860], [466, 890], [374, 890]], '마스터의', 0.9993998408317566), ([[360, 892], [482, 892], [482, 924], [360, 924]], '마력올 갖고', 0.9252322739720463), ([[362, 924], [476, 924], [476, 956], [362, 956]], '싶은데에~', 0.1369098389627399), ([[555, 1227], [673, 1227], [673, 1263], [555, 1263]], '효율적이라', 0.6054060613295553), ([[577, 1259], [651, 1259], [651, 1295], [577, 1295]], '편활것', 0.5544730806803653), ([[1101, 1265], [1203, 1265], [1203, 1301], [1101, 1301]], '안에 직접', 0.9987612526482669), ([[564, 1294], [664, 1294], [664, 1326], [564, 1326]], '같거튼~?', 0.766567619876684), ([[1080, 1298], [1224, 1298], [1224, 1330], [1080, 1330]], '주입해 준다면', 0.7785233746909627)]
[([[668, 52], [718, 52], [718, 82], [668, 82]], '뭐야', 0.34506436195632323), ([[656, 82], [728, 82], [728, 112], [656, 112]], '그 반응', 0.9952335761094087), ([[206, 112], [272, 112], [272, 142], [206, 142]], '오늘은', 0.9998053639802933), ([[668, 112], [716, 112], [716, 142], [668, 142]], '완전', 0.9999792638135037), ([[1205, 101], [1265, 101], [1265, 143], [1205, 143]], '푸춧', 0.07563461911568138), ([[192, 142], [284, 142], [284, 172], [192, 172]], '이 정도로', 0.9996724591095978), ([[555, 141], [737, 141], [737, 185], [555, 185]], '놀려먹기   숙먹이네', 0.2896270201573198), ([[204, 172], [272, 172], [272, 202], [204, 202]], '용서해', 0.9994890568648568), ([[576, 184], [622, 184], [622, 214], [576, 214]], '너무', 0.9999615622905302), ([[58, 202], [146, 202], [146, 232], [58, 232]], '바이바이', 0.9976319074630737), ([[214, 202], [262, 202], [262, 232], [214, 232]], '줄게', 0.9926255475732458), ([[564, 214], [634, 214], [634, 244], [564, 244]], '종잖아', 0.5046479802517934), ([[36, 232], [166, 232], [166, 264], [36, 264]], '동정 마스터{', 0.2290874313738289), ([[566, 244], [630, 244], [630, 274], [566, 274]], '마스터', 0.99991059619093), ([[584, 624], [680, 624], [680, 732], [584, 732]], '뉴', 0.029182648410142065), ([[552, 720], [610, 720], [610, 774], [552, 774]], '7', 0.15076316689257485), ([[454, 1720], [482, 1720], [482, 1750], [454, 1750]], '()', 0.9383767614089232)]
[([[1109, 199], [1137, 199], [1137, 219], [1109, 219]], '어', 0.9999794961073007), ([[1148, 194], [1172, 194], [1172, 226], [1148, 226]], '음', 0.9893770127929571), ([[1118, 240], [1178, 240], [1178, 266], [1118, 266]], '저기.', 0.9908550628488095), ([[170, 282], [230, 282], [230, 306], [170, 306]], '제대로', 0.8759322762489319), ([[164, 318], [238, 318], [238, 346], [164, 346]], '유대감을', 0.7104867100715637), ([[160, 354], [244, 354], [244, 386], [160, 386]], '쌀고 나서', 0.558628636716917), ([[1008, 352], [1056, 352], [1056, 380], [1008, 380]], '역시', 0.9991137668402849), ([[176, 390], [226, 390], [226, 420], [176, 420]], '갈까', 0.5462969472912464), ([[981, 395], [1083, 395], [1083, 431], [981, 431]], '이런 일은', 0.9832387717684871), ([[104, 472], [146, 472], [146, 498], [104, 498]], '좀 더', 0.9925428433039983), ([[96, 504], [152, 504], [152, 530], [96, 530]], '단계틀', 0.4207016484491176), ([[100, 536], [150, 536], [150, 562], [100, 562]], '밟고서', 0.7631663453149775), ([[86, 572], [152, 572], [152, 596], [86, 596]], '하는 게.', 0.6051298454928218), ([[877, 967], [891, 967], [891, 993], [877, 993]], '8', 0.9603779575658997), ([[1116, 1348], [1146, 1348], [1146, 1374], [1116, 1374]], '아', 0.9993353994616427), ([[586, 1426], [617, 1426], [617, 1475], [586, 1475]], '옷', 0.9614994424339329), ([[828, 1542], [890, 1542], [890, 1598], [828, 1598]], ')', 0.0902764508848044)]
[([[910, 326], [934, 326], [934, 364], [910, 364]], '5', 0.9998725693293729), ([[38, 734], [70, 734], [70, 812], [38, 812]], '형', 0.25809914149319013), ([[833, 1285], [851, 1285], [851, 1311], [833, 1311]], '7', 0.9924918018277964), ([[1213.5326350097305, 1473.0273975827085], [1248.5101011329232, 1482.8856152610028], [1224.4673649902695, 1565.9726024172915], [1189.4898988670768, 1556.1143847389972]], '$', 0.4250597889913479)]
[([[642, 774], [672, 774], [672, 806], [642, 806]], '으', 0.9800327502342867), ([[978, 932], [1026, 932], [1026, 980], [978, 980]], '언', 0.16727632700512007), ([[982, 964], [1034, 964], [1034, 1030], [982, 1030]], '꽃', 0.007117089134374199), ([[1087, 1691], [1127, 1691], [1127, 1771], [1087, 1771]], '(2', 0.01920360973149654)]
[([[529, 171], [589, 171], [589, 267], [529, 267]], '#', 0.017981596436295044), ([[451, 1063], [497, 1063], [497, 1105], [451, 1105]], '0 ,', 0.12347745298589934), ([[1034.289131459427, 1443.0854389836506], [1061.4412004136202, 1452.2562854188427], [1048.710868540573, 1489.9145610163494], [1021.5587995863798, 1480.7437145811573]], '@', 0.02595789138245963)]
[([[1194, 1554], [1222, 1554], [1222, 1594], [1194, 1594]], '실', 0.4354838347644687), ([[1120.5390089471964, 1435.0212966297202], [1159.3081885830725, 1440.5646572325272], [1142.4609910528036, 1552.9787033702798], [1103.6918114169275, 1547.4353427674728]], '꿀', 0.19180436623352026), ([[277.1780050634732, 1527.0680303808392], [345.86540143745003, 1551.8476680806039], [328.8219949365268, 1596.9319696191608], [260.13459856254997, 1572.1523319193961]], '꾸옥', 0.08323380145918302), ([[1085.5326350097305, 1557.0273975827085], [1115.807367472654, 1561.431607810401], [1102.4673649902695, 1649.9726024172915], [1073.192632527346, 1645.568392189599]], '꿀', 0.16402323875900038)]
