2305167
12
[([[1106, 109], [1200, 109], [1200, 149], [1106, 149]], '화장실올', 0.7417589074891378), ([[1107, 145], [1205, 145], [1205, 181], [1107, 181]], '찾지못해', 0.8985751271247864), ([[1089, 179], [1223, 179], [1223, 217], [1089, 217]], '조금흘러버린', 0.2977710430040541), ([[1122, 214], [1190, 214], [1190, 246], [1122, 246]], '코우카', 0.9847401417533344), ([[1054, 444], [1104, 444], [1104, 470], [1054, 470]], '우으.', 0.9614383593637169), ([[1036, 470], [1126, 470], [1126, 500], [1036, 500]], '참지못하고', 0.9992923600657823), ([[1036, 498], [1126, 498], [1126, 528], [1036, 528]], '조금 실수틀', 0.3067998296267105), ([[1029, 523], [1122, 523], [1122, 553], [1029, 553]], '해버로어요.', 0.7619828252490177), ([[998, 632], [1062, 632], [1062, 660], [998, 660]], '수영복은', 0.8246528518548466), ([[982, 655], [1076, 655], [1076, 681], [982, 681]], '왜들취보시는', 0.4215848313793336), ([[1002, 682], [1058, 682], [1058, 708], [1002, 708]], '건가요!', 0.4241582751274109), ([[236, 932], [342, 932], [342, 962], [236, 962]], '장난치지말고', 0.9130825880709448), ([[270, 960], [310, 960], [310, 986], [270, 986]], '빨리', 0.9999913177602461), ([[242, 988], [338, 988], [338, 1014], [242, 1014]], '닦아주세요', 0.9940780539240665), ([[158, 1058], [250, 1058], [250, 1084], [158, 1084]], '다른사람이', 0.990484897831163), ([[152, 1084], [258, 1084], [258, 1114], [152, 1114]], '오면들등수도', 0.600139122554381), ([[166, 1112], [244, 1112], [244, 1140], [166, 1140]], '있다구요', 0.985956002691271)]
[]
[]
[]
[([[397, 59], [441, 59], [441, 75], [397, 75]], '바깥에서', 0.9794476075074979), ([[387, 73], [449, 73], [449, 91], [387, 91]], '어린이상대로', 0.9997158243777855), ([[393, 91], [447, 91], [447, 107], [393, 107]], '발정하다니', 0.9995274824323581), ([[335, 113], [377, 113], [377, 133], [335, 133]], '최약의', 0.7725019783501481), ([[325, 135], [385, 135], [385, 153], [325, 153]], '어른이네요', 0.6678649232330218), ([[339, 153], [371, 153], [371, 173], [339, 173]], '정말!', 0.9959967378614356), ([[558, 245], [603, 245], [603, 265], [558, 265]], '설마 당신', 0.9991584813518447), ([[559, 265], [601, 265], [601, 281], [559, 281]], '이곳어서', 0.8098604083061218), ([[557, 281], [603, 281], [603, 297], [557, 297]], '하실 생각', 0.9747465899300176), ([[551, 297], [609, 297], [609, 313], [551, 313]], '이신건가요!', 0.8369081137103864), ([[927, 309], [975, 309], [975, 325], [927, 325]], "다 . 당신'", 0.5204258594181125), ([[923, 325], [977, 325], [977, 341], [923, 341]], '손가락으로', 0.7659576807233501), ([[929, 343], [973, 343], [973, 359], [929, 359]], '장난치면', 0.9839964509010315), ([[931, 359], [971, 359], [971, 373], [931, 373]], "안돼요'", 0.45965108275413513), ([[111, 425], [135, 425], [135, 439], [111, 439]], '역시', 0.999394993461038), ([[83, 437], [159, 437], [159, 457], [83, 457]], '수상한 번태씨률', 0.6213968144166048), ([[91, 457], [155, 457], [155, 473], [91, 473]], '믿으면안돼는', 0.8646905854853603), ([[99, 473], [147, 473], [147, 489], [99, 489]], '거워어요!', 0.23704648246109608), ([[6, 506], [80, 506], [80, 562], [6, 562]], '콤북', 0.034226709952846775), ([[1179, 647], [1231, 647], [1231, 665], [1179, 665]], '거건더러운', 0.37055613041090674), ([[1177, 663], [1235, 663], [1235, 681], [1177, 681]], '긋이라구요!', 0.8449897442032868), ([[1145, 727], [1169, 727], [1169, 745], [1145, 745]], '아옷;', 0.17439020686969495), ([[1127, 741], [1191, 741], [1191, 761], [1127, 761]], '국은 손가락이', 0.6383753252047643), ([[1141, 759], [1179, 759], [1179, 777], [1141, 777]], '들어와 ,', 0.7516814513653602), ([[495.49602592903216, 538.1265529812898], [551.7234577092828, 506.0291244048934], [607.5039740709678, 614.8734470187102], [551.2765422907172, 647.9708755951066]], ']', 0.15060766001829506), ([[224.86977832225475, 756.0712487458125], [331.3076923076923, 778.5384615384615], [313.1302216777452, 852.9287512541875], [206.69230769230768, 830.4615384615385]], '쨌빛', 0.06729630619436626)]
[([[201, 69], [227, 69], [227, 85], [201, 85]], '하앗.', 0.4054773898529343), ([[719, 63], [765, 63], [765, 79], [719, 79]], '안에 싸도', 0.9579125249978028), ([[717, 79], [767, 79], [767, 95], [717, 95]], '되나구요?', 0.7269269893790279), ([[187, 85], [241, 85], [241, 103], [187, 103]], '끝난건가요', 0.9613542564205622), ([[1191, 93], [1237, 93], [1237, 109], [1191, 109]], '코우카~', 0.9990088939666748), ([[151, 117], [175, 117], [175, 133], [151, 133]], '정말.', 0.9580749273300171), ([[1199, 113], [1233, 113], [1233, 127], [1199, 127]], '오빠~', 0.9998814145789963), ([[125, 133], [209, 133], [209, 149], [125, 149]], '다른아이들에계도', 0.5006931063424974), ([[665, 127], [707, 127], [707, 147], [665, 147]], '좋올대로', 0.12507396936416626), ([[1185, 129], [1243, 129], [1243, 149], [1185, 149]], '어디있어?', 0.9996469604802309), ([[131, 149], [205, 149], [205, 165], [131, 165]], '이러면 바람피는', 0.6011971334839737), ([[655, 147], [707, 147], [707, 163], [655, 163]], '하세요 . 옷', 0.23812889690438124), ([[141, 167], [183, 167], [183, 181], [141, 181]], '거니까요', 0.9990540146827698), ([[549, 355], [603, 355], [603, 373], [549, 373]], '매일 이렇계', 0.2805174709295118), ([[553, 373], [601, 373], [601, 389], [553, 389]], '안에 싸면', 0.9534971574730917), ([[1129, 417], [1179, 417], [1179, 433], [1129, 433]], '미소기?', 0.9991442561149597), ([[525, 425], [559, 425], [559, 441], [525, 441]], '언젠간', 0.992850124835968), ([[509, 441], [573, 441], [573, 457], [509, 457]], '아기생겨버린', 0.8398935182906268), ([[1137, 435], [1169, 435], [1169, 455], [1137, 455]], '잠깐', 0.9999666198591575), ([[519, 457], [553, 457], [553, 473], [519, 473]], '다구요', 0.9931076309723914), ([[1121, 453], [1187, 453], [1187, 473], [1121, 473]], '멈추주세요!', 0.3824279076812718), ([[1053, 703], [1087, 703], [1087, 717], [1053, 717]], '어깨서', 0.8245927036364603), ([[1041, 719], [1097, 719], [1097, 735], [1041, 735]], '더빨라지는', 0.7648921989111198), ([[1051, 735], [1089, 735], [1089, 751], [1051, 751]], '건데요', 0.9894502707352042), ([[993, 779], [1047, 779], [1047, 795], [993, 795]], '이러다 정말', 0.9622418232077805), ([[993, 795], [1047, 795], [1047, 811], [993, 811]], '미소기데게', 0.48018420428040115), ([[993, 811], [1049, 811], [1049, 827], [993, 827]], '들켜버려요!', 0.3660213881223012)]
[]
[]
[]
[([[1106, 109], [1200, 109], [1200, 149], [1106, 149]], '화장실올', 0.7674015379656579), ([[1107, 145], [1205, 145], [1205, 181], [1107, 181]], '찾지못해', 0.8967908620834351), ([[1089, 179], [1223, 179], [1223, 217], [1089, 217]], '조금흘러버린', 0.30665491195789896), ([[1122, 214], [1190, 214], [1190, 246], [1122, 246]], '코우카', 0.977894183045445), ([[1054, 444], [1094, 444], [1094, 470], [1054, 470]], '우으', 0.9909187736179815), ([[1036, 470], [1126, 470], [1126, 500], [1036, 500]], '참지못하고', 0.9994051769639609), ([[1036, 498], [1126, 498], [1126, 528], [1036, 528]], '조금 실수록', 0.2859425392063615), ([[1029, 523], [1122, 523], [1122, 553], [1029, 553]], '해버로어요.', 0.7893122351554182), ([[998, 632], [1062, 632], [1062, 660], [998, 660]], '수영복은', 0.8345401995486084), ([[982, 655], [1076, 655], [1076, 681], [982, 681]], '왜들취보시는', 0.4556885002511461), ([[1002, 682], [1058, 682], [1058, 708], [1002, 708]], '건가요!', 0.3952854871749878), ([[236, 932], [342, 932], [342, 962], [236, 962]], '장난치지말고', 0.9220411231213291), ([[270, 960], [310, 960], [310, 986], [270, 986]], '빨리', 0.9999902219451473), ([[242, 988], [338, 988], [338, 1014], [242, 1014]], '닦아주세요', 0.9945954738966164), ([[158, 1058], [250, 1058], [250, 1084], [158, 1084]], '다른사람이', 0.9906718052314439), ([[152, 1084], [258, 1084], [258, 1114], [152, 1114]], '오면들등수도', 0.6258405451747221), ([[166, 1112], [244, 1112], [244, 1140], [166, 1140]], '있다구요', 0.9965932097104836)]
[([[397, 59], [441, 59], [441, 75], [397, 75]], '바깥에서', 0.9736964963567043), ([[387, 75], [449, 75], [449, 91], [387, 91]], '어린이상대로', 0.9997836213068464), ([[393, 91], [447, 91], [447, 107], [393, 107]], '발정하다니', 0.9994884024551262), ([[335, 113], [377, 113], [377, 133], [335, 133]], '최약의', 0.7377778172406262), ([[325, 135], [385, 135], [385, 153], [325, 153]], '어른이네요', 0.6479832473906131), ([[339, 153], [371, 153], [371, 171], [339, 171]], '정말!', 0.9734941751864588), ([[559, 247], [603, 247], [603, 263], [559, 263]], '설마 당신', 0.9998157516725856), ([[559, 265], [601, 265], [601, 281], [559, 281]], '이곳어서', 0.7982020974159241), ([[557, 281], [603, 281], [603, 297], [557, 297]], '하실 생각', 0.946093102565559), ([[551, 297], [609, 297], [609, 313], [551, 313]], '이신건가요!', 0.7107125501713418), ([[927, 309], [975, 309], [975, 325], [927, 325]], "다 . 당신'", 0.5305086257485888), ([[923, 325], [977, 325], [977, 341], [923, 341]], '손가락으로', 0.9065340789403633), ([[929, 343], [973, 343], [973, 359], [929, 359]], '장난치면', 0.9915639758110046), ([[931, 359], [971, 359], [971, 373], [931, 373]], "안돼요'", 0.5803882479667664), ([[111, 425], [135, 425], [135, 439], [111, 439]], '역시', 0.9995524298105235), ([[85, 441], [159, 441], [159, 457], [85, 457]], '수상한 번태씨률', 0.3296630032343317), ([[91, 457], [155, 457], [155, 473], [91, 473]], '믿으면 안돼는', 0.6384201799162891), ([[99, 473], [147, 473], [147, 489], [99, 489]], '거워어요!', 0.28019961361660495), ([[6, 506], [80, 506], [80, 562], [6, 562]], '콤북', 0.01462686366982101), ([[1179, 647], [1231, 647], [1231, 665], [1179, 665]], '거건더러운', 0.3030526780180268), ([[1177, 663], [1235, 663], [1235, 681], [1177, 681]], '긋이라구요!', 0.8749000996985989), ([[1145, 727], [1169, 727], [1169, 745], [1145, 745]], '아옷;', 0.2232807026379269), ([[1127, 741], [1192, 741], [1192, 761], [1127, 761]], '국은 손가락이', 0.756828019485849), ([[1141, 759], [1177, 759], [1177, 777], [1141, 777]], '들어와', 0.9862705775599908), ([[495.49602592903216, 538.1265529812898], [551.717707000546, 505.02866249317486], [607.5039740709678, 614.8734470187102], [551.282292999454, 647.9713375068251]], ']', 0.12195873518010902), ([[225.92344805679357, 754.0646188713868], [332.3456876890731, 779.6310985475301], [312.0765519432064, 854.9353811286132], [206.6543123109269, 830.3689014524699]], '쨌빛', 0.13809028714468058)]
[([[201, 69], [227, 69], [227, 85], [201, 85]], '하앗.', 0.48928346017009566), ([[719, 63], [765, 63], [765, 79], [719, 79]], '안에 싸도', 0.9681085200391154), ([[717, 79], [767, 79], [767, 95], [717, 95]], '되나구요?', 0.6964109089084405), ([[187, 85], [241, 85], [241, 103], [187, 103]], '끝난건가요', 0.9842614675595052), ([[1191, 93], [1237, 93], [1237, 109], [1191, 109]], '코우카~', 0.9982756605559788), ([[151, 117], [175, 117], [175, 133], [151, 133]], '정말.', 0.8135196566581726), ([[1199, 113], [1233, 113], [1233, 127], [1199, 127]], '오빠~', 0.7249389886856079), ([[125, 133], [209, 133], [209, 149], [125, 149]], '다른아이들에계도', 0.5017709120760653), ([[665, 127], [707, 127], [707, 147], [665, 147]], '좋올대로', 0.1727554351091385), ([[1185, 129], [1243, 129], [1243, 149], [1185, 149]], '어디있어?', 0.9996213162934173), ([[131, 149], [205, 149], [205, 165], [131, 165]], '이러면바람피는', 0.9085930640028095), ([[655, 147], [689, 147], [689, 161], [655, 161]], '하세요', 0.9987249786283579), ([[141, 167], [183, 167], [183, 181], [141, 181]], '거니까요', 0.9987565875053406), ([[549, 355], [605, 355], [605, 373], [549, 373]], '매일 이뤄계', 0.28111819068156), ([[553, 373], [601, 373], [601, 389], [553, 389]], '안에 싸면', 0.9729992016326184), ([[1129, 417], [1179, 417], [1179, 433], [1129, 433]], '미소기?', 0.9988494515419006), ([[525, 425], [559, 425], [559, 441], [525, 441]], '언젠간', 0.7577770352363586), ([[509, 441], [573, 441], [573, 457], [509, 457]], '아기 생겨버린', 0.5895222483215576), ([[1137, 435], [1169, 435], [1169, 455], [1137, 455]], '잠깐', 0.9999931722173684), ([[519, 457], [563, 457], [563, 473], [519, 473]], '다구요 ,', 0.4983099602665701), ([[1121, 453], [1187, 453], [1187, 473], [1121, 473]], '멈추주세요!', 0.472391990789963), ([[1053, 703], [1087, 703], [1087, 717], [1053, 717]], '어깨서', 0.46645821461241577), ([[1041, 719], [1097, 719], [1097, 735], [1041, 735]], '더빨라지는', 0.5882438737350069), ([[1051, 735], [1089, 735], [1089, 751], [1051, 751]], '건데요', 0.9862283970111664), ([[993, 779], [1047, 779], [1047, 795], [993, 795]], '이러다 정말', 0.7314278584562907), ([[993, 795], [1047, 795], [1047, 811], [993, 811]], '미소기데게', 0.7270582398341837), ([[993, 811], [1049, 811], [1049, 827], [993, 827]], '들켜버려요', 0.4750898971926728)]
