2309632
127
[([[30, 22], [168, 22], [168, 126], [30, 126]], '야', 0.5252234201545478), ([[277, 7], [415, 7], [415, 159], [277, 159]], '점', 0.999918573259698), ([[879, 0], [1057, 0], [1057, 153], [879, 153]], '가', 0.999949694312491), ([[1113, 11], [1251, 11], [1251, 155], [1113, 155]], '조', 0.9569708990321466), ([[24, 116], [176, 116], [176, 274], [24, 274]], '한', 0.9985256864707139), ([[281, 169], [421, 169], [421, 321], [281, 321]], '원', 0.9999592308385132), ([[909, 143], [1041, 143], [1041, 313], [909, 313]], '솜', 0.9916517461317689), ([[1107, 155], [1243, 155], [1243, 315], [1107, 315]], '그', 0.9987825286827956), ([[190, 288], [288, 288], [288, 316], [190, 316]], '맣7 * 7표', 0.004506823661072022), ([[292, 334], [424, 334], [424, 458], [292, 458]], '이', 0.9989015497922118), ([[901, 331], [1035, 331], [1035, 463], [901, 463]], '이', 0.9977188021848384), ([[1102, 322], [1250, 322], [1250, 494], [1102, 494]], '망', 0.9954028633446796), ([[19, 275], [178, 275], [178, 960], [19, 960]], "'", 0.754280437314506), ([[308, 674], [412, 674], [412, 820], [308, 820]], '논', 0.7432985346403918), ([[901, 519], [1251, 519], [1251, 707], [901, 707]], '큰 국', 0.32399766765473054), ([[1122, 810], [1236, 810], [1236, 842], [1122, 842]], '[어우)이어', 0.0001115408140709089), ([[789, 833], [1280, 833], [1280, 960], [789, 960]], '예사실렁없묶', 0.0012988356836206277), ([[290.9179748946285, 520.0418761407077], [401.3852710727456, 506.54093449220375], [418.0820251053715, 676.9581238592923], [306.6147289272544, 691.4590655077963]], '잎', 0.3825434963489194)]
[([[52, 20], [339, 20], [339, 99], [52, 99]], '{미고정운런뱃밟', 0.0019325242021639918), ([[933, 19], [1271, 19], [1271, 103], [933, 103]], '장스@|모진', 0.00015102857417562208), ([[58, 84], [300, 84], [300, 158], [58, 158]], '민전민트전이', 0.011925577703956107), ([[1025, 89], [1145, 89], [1145, 149], [1025, 149]], '@혜', 0.017657604211468794), ([[47, 133], [347, 133], [347, 289], [47, 289]], '@그고', 0.2970113271750721), ([[939, 139], [1227, 139], [1227, 227], [939, 227]], '동주스 벤의', 0.0005071247232754207), ([[956, 204], [1252, 204], [1252, 282], [956, 282]], '어고심인컨', 0.00027193287094109465), ([[17, 257], [333, 257], [333, 346], [17, 346]], '현@@표하 쥐', 0.0001888127826945802), ([[926, 264], [1240, 264], [1240, 342], [926, 342]], '장@득중세기하@', 6.673751234675188e-05), ([[23, 313], [367, 313], [367, 405], [23, 405]], '또집 기@거_때)', 0.0009259570712980002)]
[([[1005, 28], [1219, 28], [1219, 112], [1005, 112]], '@훨인자-', 0.00515349537218752), ([[998, 92], [1226, 92], [1226, 168], [998, 168]], '@흉세권핑램', 0.0018867446758835315), ([[970, 152], [1256, 152], [1256, 226], [970, 226]], '던되_%기}  ', 0.0006327809878731132), ([[944, 208], [1225, 208], [1225, 294], [944, 294]], '@영이고안 {', 0.020188157220968977)]
[([[1060, 78], [1216, 78], [1216, 154], [1060, 154]], '@밀일', 0.03374862811057051), ([[1018, 138], [1254, 138], [1254, 216], [1018, 216]], '객주증적', 0.001923636649735272)]
[([[33, 37], [185, 37], [185, 101], [33, 101]], '@회해)', 0.12494560583558026), ([[22, 94], [206, 94], [206, 170], [22, 170]], '고실임전3', 0.009668414687873892), ([[996, 60], [1246, 60], [1246, 140], [996, 140]], '@@#해)', 0.01899443724702035), ([[52, 152], [174, 152], [174, 232], [52, 232]], '손히트', 0.02171915345358184), ([[1018, 122], [1192, 122], [1192, 200], [1018, 200]], '(틀냄이에이', 0.0024952986113790663), ([[2, 218], [228, 218], [228, 290], [2, 290]], '문현자째', 0.003941434435546398), ([[56, 275], [167, 275], [167, 347], [56, 347]], '냉영', 0.015963661067362703), ([[42, 336], [184, 336], [184, 410], [42, 410]], '@운롭', 0.004261593485932113), ([[44, 398], [188, 398], [188, 476], [44, 476]], '@규어입', 0.011200527660548687)]
[([[37, 39], [196, 39], [196, 118], [37, 118]], '민런밟', 0.0039336442321698155), ([[1022, 40], [1264, 40], [1264, 120], [1022, 120]], '온레@친"록', 0.0015696815537569408), ([[58, 102], [174, 102], [174, 178], [58, 178]], '퍼지랑', 0.00443475316702695), ([[1034, 102], [1214, 102], [1214, 178], [1034, 178]], '예직임하이', 0.0009324382667205851), ([[37, 167], [197, 167], [197, 231], [37, 231]], '엔동', 0.010193236379983985), ([[1050, 162], [1236, 162], [1236, 238], [1050, 238]], '@문이배', 0.03372931107878685), ([[28, 222], [206, 222], [206, 300], [28, 300]], '@웬의', 0.024544058036771708), ([[1038, 226], [1248, 226], [1248, 302], [1038, 302]], '굉정품--', 0.00030895753699782143), ([[1040, 280], [1248, 280], [1248, 365], [1040, 365]], "'@레인앗", 0.0013218357143951261)]
[([[965, 39], [1265, 39], [1265, 123], [965, 123]], '@눈중위)', 0.0011962494423707229), ([[1023, 197], [1171, 197], [1171, 259], [1023, 259]], '@찌@로', 0.013874872587621212)]
[([[29, 25], [151, 25], [151, 91], [29, 91]], '@회해', 0.1302310461380512), ([[915, 21], [1125, 21], [1125, 85], [915, 85]], '@@|-|', 0.0023946401023716484), ([[12, 83], [199, 83], [199, 157], [12, 157]], '@런지로', 0.07066337019205093), ([[856, 75], [1164, 75], [1164, 155], [856, 155]], '@폐전물어야', 0.00623822582926983), ([[30, 146], [182, 146], [182, 220], [30, 220]], '때증', 0.022260099178037653), ([[916, 162], [1146, 162], [1146, 238], [916, 238]], '엔직임점}', 0.025137166233023107), ([[32, 206], [184, 206], [184, 284], [32, 284]], '@현진', 0.032274008827959534), ([[899, 220], [1121, 220], [1121, 304], [899, 304]], '필_없하@의', 0.01760783943538285), ([[26, 268], [188, 268], [188, 342], [26, 342]], '젯어증', 0.008200103391999074), ([[22, 326], [196, 326], [196, 406], [22, 406]], '@완터훨입', 0.0025817930736934756)]
[([[851, 24], [1210, 24], [1210, 113], [851, 113]], '@화스 @질증', 0.0016762980024735317), ([[904, 90], [1152, 90], [1152, 166], [904, 166]], '@훌안지털', 0.01190723766301143), ([[820, 148], [1199, 148], [1199, 234], [820, 234]], '멘계지물진뜩집로롭 @', 0.00040199825032608834)]
[([[64, 40], [154, 40], [154, 94], [64, 94]], '밟:)', 0.008657778557541091), ([[46, 90], [170, 90], [170, 166], [46, 166]], '따문껏', 0.012886835531823184), ([[942, 108], [966, 108], [966, 140], [942, 140]], '0', 0.7793969196260302), ([[1048, 92], [1220, 92], [1220, 168], [1048, 168]], '십소딩', 0.00081623737514363), ([[12, 147], [207, 147], [207, 233], [12, 233]], '@운제하-', 0.005799537113065766), ([[983, 161], [1131, 161], [1131, 221], [983, 221]], '딱재여', 0.020821319530675734), ([[30, 209], [189, 209], [189, 293], [30, 293]], '@점켓', 0.050760597609191695), ([[961, 209], [1119, 209], [1119, 295], [961, 295]], '솟8하역}', 0.0008981796665111433), ([[52, 272], [128, 272], [128, 348], [52, 348]], "']요", 0.014810460778536965), ([[5, 331], [215, 331], [215, 415], [5, 415]], '따_ 짓80', 4.273318755468588e-05)]
[([[73, 37], [165, 37], [165, 97], [73, 97]], '@30', 0.056564177753233455), ([[40, 92], [196, 92], [196, 166], [40, 166]], '@고방@', 0.017084132879972458), ([[43, 157], [197, 157], [197, 219], [43, 219]], '@로:', 0.356315579558014), ([[929, 148], [1184, 148], [1184, 232], [929, 232]], '0 요직9)', 0.013767717469397965), ([[1083, 187], [1160, 187], [1160, 228], [1083, 228]], '@서', 0.031972217170669615), ([[6, 214], [206, 214], [206, 290], [6, 290]], '따로-안', 0.0022426180075854063), ([[974, 214], [1140, 214], [1140, 290], [974, 290]], '{지롭 ', 0.19844208657741547)]
[([[70, 18], [208, 18], [208, 96], [70, 96]], '@필째', 0.06132213552922613), ([[894, 25], [1167, 25], [1167, 111], [894, 111]], '@절[내내)', 0.010815523290409116), ([[24, 82], [254, 82], [254, 156], [24, 156]], '@$볕없', 0.005625591613352299), ([[935, 117], [1069, 117], [1069, 183], [935, 183]], '@히', 0.005110494797568553), ([[51, 141], [216, 141], [216, 217], [51, 217]], '@ 교대', 0.011313152499496937), ([[1002, 171], [1124, 171], [1124, 236], [1002, 236]], '@@문의대', 0.021722327837933868), ([[42, 204], [222, 204], [222, 276], [42, 276]], '모필 @어', 0.004246821697878068), ([[12, 262], [284, 262], [284, 340], [12, 340]], ' 입램히립왕기0', 4.72494676400004e-06)]
[([[506, 196], [798, 196], [798, 318], [506, 318]], '맨드프이', 0.003162924898788333), ([[565, 303], [685, 303], [685, 395], [565, 395]], '칭', 0.030007417051411744)]
[([[912, 28], [1116, 28], [1116, 108], [912, 108]], '(뿐', 0.37671649695537485), ([[903, 131], [941, 131], [941, 179], [903, 179]], '(0', 0.129402658763021), ([[1004, 120], [1176, 120], [1176, 196], [1004, 196]], '@고진물', 0.004771361593157053), ([[920, 186], [1034, 186], [1034, 260], [920, 260]], '매순기', 0.0021938992896950943)]
[([[1020, 28], [1100, 28], [1100, 82], [1020, 82]], '@', 0.8661057536034242), ([[45, 79], [247, 79], [247, 165], [45, 165]], '손의진장', 0.024540770798921585), ([[971, 90], [1155, 90], [1155, 152], [971, 152]], '@@항@|(', 0.000812600919892486), ([[104, 144], [194, 144], [194, 218], [104, 218]], '@]', 0.04101171529523435), ([[897, 141], [1231, 141], [1231, 227], [897, 227]], '@습고어처숨기몸||', 3.589507700889789e-06), ([[11, 201], [209, 201], [209, 289], [11, 289]], '7분0히 의', 0.005580812908683251)]
[([[38, 22], [260, 22], [260, 98], [38, 98]], '{)@하쁨끼', 0.0019708105421217745), ([[1047, 27], [1167, 27], [1167, 89], [1047, 89]], '@혜-', 0.02809813386936139), ([[42, 84], [254, 84], [254, 160], [42, 160]], '8인주록', 0.02087152935564518), ([[1018, 82], [1236, 82], [1236, 160], [1018, 160]], '@힘손@액', 0.005911441512932211), ([[0, 141], [259, 141], [259, 221], [0, 221]], '움_@어없이', 0.0027440736798579157), ([[998, 144], [1250, 144], [1250, 218], [998, 218]], '{재@진-때', 0.010354296656037223), ([[54, 206], [244, 206], [244, 282], [54, 282]], '@고진퍽', 0.01547594927251339), ([[982, 204], [1230, 204], [1230, 282], [982, 282]], '@임제버 의', 0.0033596913609646646), ([[38, 266], [262, 266], [262, 342], [38, 342]], '오젯짚세', 0.0018312622560188174), ([[40, 326], [258, 326], [258, 406], [40, 406]], '멘없쾌', 0.000718874254448586)]
[([[40, 18], [282, 18], [282, 98], [40, 98]], '@렉롭친립', 0.002422454703104288), ([[938, 8], [1214, 8], [1214, 86], [938, 86]], '@러로똑키국', 0.0012489894234983293), ([[56, 80], [268, 80], [268, 156], [56, 156]], '대용화증', 0.009215517900884151), ([[924, 66], [1214, 66], [1214, 146], [924, 146]], '동중로어]습퍼밟', 0.0004507624703887517), ([[38, 138], [280, 138], [280, 218], [38, 218]], '켓밟)', 0.03441208228468895), ([[944, 128], [1206, 128], [1206, 208], [944, 208]], '엔입뱃다', 0.02842719294130802), ([[0, 199], [292, 199], [292, 279], [0, 279]], '때기나훨집@', 0.0002492676311175863), ([[962, 190], [1186, 190], [1186, 270], [962, 270]], '@졸@|', 0.05633408247049076), ([[38, 262], [286, 262], [286, 336], [38, 336]], '@스되비딩이', 0.0018562226628870179), ([[997, 285], [1119, 285], [1119, 347], [997, 347]], '@히해', 0.06016599663007491), ([[0, 317], [289, 317], [289, 403], [0, 403]], '@밟입해트둠기입', 0.00019269604294969048), ([[963, 335], [1183, 335], [1183, 419], [963, 419]], '갑고입프간', 0.00010320886305838517)]
[([[556, 102], [724, 102], [724, 252], [556, 252]], '변', 0.24990458207003385), ([[557, 219], [725, 219], [725, 383], [557, 383]], '면', 0.1877640406154093), ([[544, 560], [734, 560], [734, 612], [544, 612]], "'", 0.6062955219042578)]
[([[15, 32], [405, 32], [405, 193], [15, 193]], '중중임안 생이', 0.0001014979999736049), ([[822, 31], [1280, 31], [1280, 189], [822, 189]], "'뼈탕#되이", 0.00022115553570795166), ([[102, 163], [257, 163], [257, 242], [102, 242]], '@@치@읽', 0.05360865369240233), ([[105, 221], [310, 221], [310, 298], [105, 298]], '또플', 0.002400930253315188), ([[946, 212], [1217, 212], [1217, 298], [946, 298]], '예시밟@', 3.0009192414581776e-05), ([[50, 284], [364, 284], [364, 362], [50, 362]], '{위물해트진넷닷늄', 0.00021128731521885164), ([[876, 266], [1237, 266], [1237, 364], [876, 364]], "불'현운 대센", 5.94437592160483e-05), ([[47, 339], [363, 339], [363, 427], [47, 427]], '@반문순밟', 0.00670425659717834), ([[881, 335], [1227, 335], [1227, 421], [881, 421]], '씹영트터쾌', 0.004882965019929355), ([[542, 558], [735, 558], [735, 618], [542, 618]], '#뇨 입표', 0.00341443617846592)]
[([[32, 17], [281, 17], [281, 103], [32, 103]], '기심되언따움', 0.010594344967878973), ([[1021, 11], [1207, 11], [1207, 99], [1021, 99]], '된롭정"원', 0.0005174219280848738), ([[45, 79], [270, 79], [270, 160], [45, 160]], '훨회말인원', 0.0005918260261202259), ([[1003, 72], [1230, 72], [1230, 150], [1003, 150]], '@절@꽤위움', 0.0022666798124439014), ([[63, 141], [250, 141], [250, 219], [63, 219]], '된장히자', 0.013345655985176563), ([[975, 133], [1257, 133], [1257, 217], [975, 217]], '@기리 @고학셈권', 0.00041150887563867625), ([[50, 202], [262, 202], [262, 280], [50, 280]], '된#의운', 0.0005796569748781621), ([[1021, 196], [1207, 196], [1207, 270], [1021, 270]], '렉학스', 0.01765929050799969), ([[88, 264], [230, 264], [230, 336], [88, 336]], '민진-', 0.07704770167929419), ([[969, 251], [1223, 251], [1223, 337], [969, 337]], '붐예해중 @', 0.030611914952924084), ([[30, 324], [270, 324], [270, 404], [30, 404]], '물8매줌@', 0.004739128698726042), ([[967, 360], [1261, 360], [1261, 444], [967, 444]], '무리품@국치', 0.0007192502005856308), ([[1017, 421], [1212, 421], [1212, 500], [1017, 500]], '히액', 0.013718146386935057), ([[974, 484], [1256, 484], [1256, 560], [974, 560]], '@고미입진침)', 0.008462777982648472), ([[542, 558], [735, 558], [735, 618], [542, 618]], '#뇨 입표', 0.004233569785898385), ([[961, 543], [1275, 543], [1275, 635], [961, 635]], '@@문집#되물훨치', 0.0007659890467549775)]
[([[43, 11], [231, 11], [231, 97], [43, 97]], '@@손원', 0.006590455770492554), ([[1047, 19], [1181, 19], [1181, 83], [1047, 83]], '@하히', 0.2084427554993461), ([[76, 74], [192, 74], [192, 150], [76, 150]], ') 일', 0.02965236308457826), ([[1000, 72], [1256, 72], [1256, 152], [1000, 152]], '@@륙듭지@@', 0.002639041114067336), ([[36, 134], [232, 134], [232, 212], [36, 212]], '{@-@해', 0.0007237473580590013), ([[1032, 136], [1222, 136], [1222, 216], [1032, 216]], '@넷콩', 0.0606887823936764), ([[12, 194], [258, 194], [258, 274], [12, 274]], '@히물렉넷', 0.002746681666069204), ([[1002, 194], [1248, 194], [1248, 274], [1002, 274]], '@훨전하체', 0.0007115031177592075), ([[58, 258], [210, 258], [210, 334], [58, 334]], '괜원제', 0.019229457493881143), ([[1002, 251], [1249, 251], [1249, 337], [1002, 337]], '@@이어넷', 0.018265298509211433), ([[56, 318], [206, 318], [206, 394], [56, 394]], '@', 0.5000870620643241), ([[1032, 318], [1180, 318], [1180, 396], [1032, 396]], '공뱃진의', 7.990412268554792e-05), ([[542, 558], [735, 558], [735, 618], [542, 618]], '#뇨 입표', 0.004603186388165317)]
[([[902, 14], [1234, 14], [1234, 91], [902, 91]], '책레]문-되이이', 0.004532457780802609), ([[23, 19], [335, 19], [335, 179], [23, 179]], '(라로움;', 0.0028862409086116946), ([[932, 74], [1240, 74], [1240, 154], [932, 154]], '(문문]문)', 0.14953299796681088), ([[27, 147], [334, 147], [334, 233], [27, 233]], '컴력름률진롭히편세', 0.00010462681328364746), ([[950, 170], [1026, 170], [1026, 244], [950, 244]], '%%', 0.02563590061103029), ([[1051, 169], [1226, 169], [1226, 250], [1051, 250]], '[@델흑햇}', 0.0007032261064210502), ([[72, 212], [286, 212], [286, 290], [72, 290]], '플문주)', 0.002500226255506277), ([[965, 223], [1210, 223], [1210, 309], [965, 309]], '문집문집@넷', 0.040383857102149416), ([[2, 272], [362, 272], [362, 350], [2, 350]], '@@쓰포씩싸눈껍질로', 0.0018079553650727758), ([[960, 290], [1220, 290], [1220, 366], [960, 366]], '@식달런만}', 0.004254012675758051), ([[9, 333], [353, 333], [353, 417], [9, 417]], '문문집하로 있59', 0.0009552876036183815), ([[992, 352], [1144, 352], [1144, 430], [992, 430]], '짓되-', 0.001193387234774511), ([[542, 558], [735, 558], [735, 618], [542, 618]], '#뇨 입표', 0.0073919183862726)]
[([[29, 11], [327, 11], [327, 95], [29, 95]], '@ 진때젠|명', 0.00021079349806041095), ([[933, 11], [1246, 11], [1246, 96], [933, 96]], '(문질문질 질문질', 0.14574576871313372), ([[69, 69], [285, 69], [285, 153], [69, 153]], ' 상말째', 0.0022391134407371283), ([[974, 74], [1202, 74], [1202, 154], [974, 154]], '주0음자째', 0.020133814942199325), ([[43, 125], [317, 125], [317, 283], [43, 283]], '(31기', 0.00941082276403904), ([[914, 134], [1264, 134], [1264, 214], [914, 214]], '둘닥이이흰롭}', 0.0014035955611242708), ([[940, 198], [1200, 198], [1200, 278], [940, 278]], '콤표표교전로이', 0.002876847085360107), ([[67, 250], [291, 250], [291, 335], [67, 335]], '@_@훨세', 0.003407351993858472), ([[896, 256], [1242, 256], [1242, 336], [896, 336]], '중쓸진하언갈현없@', 5.735909114343094e-05), ([[25, 313], [295, 313], [295, 397], [25, 397]], '@친-어줌의', 0.03512627382495778), ([[542, 558], [735, 558], [735, 618], [542, 618]], '#노 입표', 0.005769674324761317)]
[([[50, 30], [342, 30], [342, 110], [50, 110]], '@처@런지로_', 0.0047580283226414865), ([[962, 14], [1236, 14], [1236, 92], [962, 92]], '미야회어밟)', 0.0014457927933830819), ([[40, 92], [310, 92], [310, 168], [40, 168]], '8스_패트이', 0.0033199566125392483), ([[1003, 71], [1196, 71], [1196, 156], [1003, 156]], '@출플인', 0.014968691393733025), ([[33, 152], [320, 152], [320, 228], [33, 228]], '@이괜워야이', 0.002237028866235635), ([[996, 134], [1168, 134], [1168, 212], [996, 212]], '손퓨인사죄', 0.009060303204524025), ([[6, 212], [348, 212], [348, 292], [6, 292]], '진문 생하@숙의', 0.00041646809275141936), ([[1020, 196], [1182, 196], [1182, 272], [1020, 272]], '젊찌-째', 0.014166595414280891), ([[957, 250], [1236, 250], [1236, 340], [957, 340]], '[옛@숨째)', 0.0006009249741715083), ([[908, 312], [1271, 312], [1271, 399], [908, 399]], '태@_`없스멘입만', 5.976795752312556e-05), ([[909, 373], [1271, 373], [1271, 461], [909, 461]], '@출음집뒷콤-_-키', 2.684943536634089e-05)]
[([[59, 11], [259, 11], [259, 95], [59, 95]], '무흰어로다', 0.0029787539759963144), ([[931, 11], [1244, 11], [1244, 95], [931, 95]], '(움문_ 음질문질', 0.0808636178171524), ([[17, 63], [277, 63], [277, 223], [17, 223]], '@전방-', 0.008448882028460503), ([[136, 74], [290, 74], [290, 150], [136, 150]], '(언괜', 0.0005008841910064508), ([[979, 71], [1197, 71], [1197, 155], [979, 155]], '@락비지입인', 0.007312832733654202), ([[968, 135], [1168, 135], [1168, 213], [968, 213]], '올@멘인', 0.01243547722697258), ([[32, 198], [250, 198], [250, 276], [32, 276]], '@젊의', 0.013235790824109426), ([[962, 196], [1214, 196], [1214, 274], [962, 274]], '단진물@@@끼', 0.0019854000851249973), ([[986, 256], [1192, 256], [1192, 334], [986, 334]], '@물올세', 0.03317738696932793), ([[913, 315], [1265, 315], [1265, 399], [913, 399]], '진문인렉로 @@질로', 0.0005211701587342924), ([[1009, 373], [1131, 373], [1131, 460], [1009, 460]], "'굽프", 0.002701929953750466), ([[542, 558], [735, 558], [735, 618], [542, 618]], '#뇨 입표', 0.0035777786777278675)]
[([[70, 12], [256, 12], [256, 86], [70, 86]], '@진임켓', 0.006125164218246937), ([[1061, 19], [1169, 19], [1169, 81], [1061, 81]], '@충', 0.09430943021902675), ([[98, 70], [224, 70], [224, 146], [98, 146]], '@실해', 0.07678104416964701), ([[1050, 72], [1162, 72], [1162, 150], [1050, 150]], '{', 0.20806963717593963), ([[47, 130], [274, 130], [274, 216], [47, 216]], '@달입키교', 0.023813284371584455), ([[1022, 164], [1236, 164], [1236, 242], [1022, 242]], '텍탕사@계', 0.0030392944895006923), ([[18, 187], [303, 187], [303, 279], [18, 279]], '`@고@유장 움', 0.00352097124049455), ([[1014, 226], [1262, 226], [1262, 304], [1014, 304]], '@지씨증째', 0.010301387283316836), ([[41, 261], [243, 261], [243, 327], [41, 327]], '@멘계어', 0.006324411369860172), ([[994, 288], [1240, 288], [1240, 368], [994, 368]], '`고@줌 @', 0.015824001504377395), ([[544, 560], [734, 560], [734, 616], [544, 616]], '표: 늙표', 0.017451109040230083)]
[([[1014, 3], [1203, 3], [1203, 90], [1014, 90]], '@러태므움', 0.009034988960077732), ([[971, 69], [1243, 69], [1243, 153], [971, 153]], '손해문밟', 0.0032069396693259478), ([[963, 152], [1253, 152], [1253, 314], [963, 314]], '@@@9', 0.008744051679968834), ([[927, 285], [1280, 285], [1280, 369], [927, 369]], '@콤젠-있장짚언제', 0.0003172552373047597), ([[998, 347], [1214, 347], [1214, 427], [998, 427]], '넷진쾌', 0.0010462378729881178), ([[542, 556], [735, 556], [735, 618], [542, 618]], '* )#', 0.01150698121637106)]
[([[1006, 54], [1240, 54], [1240, 132], [1006, 132]], '@@늘입페-}', 0.016674430774015522), ([[994, 116], [1248, 116], [1248, 192], [994, 192]], '@예롭@언', 0.002585853539841828), ([[993, 174], [1249, 174], [1249, 260], [993, 260]], '존식맑-', 0.00027613004203885794), ([[1052, 240], [1188, 240], [1188, 312], [1052, 312]], '@기양', 0.027157999575138092), ([[542, 556], [735, 556], [735, 618], [542, 618]], '* )#', 0.0085942717269063)]
[([[38, 54], [284, 54], [284, 132], [38, 132]], '여락워트지문', 0.0036100989280873673), ([[1041, 61], [1163, 61], [1163, 123], [1041, 123]], '@회해', 0.05920544303103431), ([[14, 116], [310, 116], [310, 194], [14, 194]], '대양밥맵키-', 5.873204819050175e-05), ([[1025, 109], [1218, 109], [1218, 196], [1025, 196]], '@눕프벌답', 0.000147079362087182), ([[1059, 183], [1181, 183], [1181, 247], [1059, 247]], '문달교3', 0.01048573199659586), ([[15, 234], [271, 234], [271, 321], [15, 321]], '국플화@인하-', 0.0009268547332487513), ([[1011, 231], [1192, 231], [1192, 320], [1011, 320]], '콤훨센의', 0.0008898527594283223), ([[542, 556], [735, 556], [735, 618], [542, 618]], '뉘* 입#', 0.003328038162538548)]
[([[85, 51], [267, 51], [267, 137], [85, 137]], '@분히월', 0.014039802365005016), ([[1022, 56], [1220, 56], [1220, 132], [1022, 132]], '@@따이직터', 0.023534270075962864), ([[70, 118], [282, 118], [282, 192], [70, 192]], '@용증세', 0.12285494804382324), ([[965, 113], [1279, 113], [1279, 201], [965, 201]], '@직이지호인 밟)', 0.004744026386437297), ([[66, 178], [280, 178], [280, 254], [66, 254]], '태사빗틱 )', 0.001939925650701077), ([[1036, 180], [1188, 180], [1188, 246], [1036, 246]], '멘요하', 0.019900145342974008), ([[66, 236], [282, 236], [282, 316], [66, 316]], '@@문@빨', 0.014384384980258487), ([[972, 236], [1268, 236], [1268, 314], [972, 314]], '센@째퍼교체', 0.0009263344591057584), ([[3, 293], [345, 293], [345, 379], [3, 379]], '민단@하 숨원)', 0.0032234238290984483), ([[996, 294], [1247, 294], [1247, 380], [996, 380]], '현덧핸버관 ', 0.005297925213093921), ([[64, 358], [288, 358], [288, 436], [64, 436]], '@양히문교움 ', 0.00788784951137119), ([[1037, 359], [1205, 359], [1205, 445], [1037, 445]], '@올판', 0.019712307677742458), ([[8, 416], [339, 416], [339, 502], [8, 502]], '콤접치영  춤퍼', 0.0005089216117177847), ([[1005, 417], [1218, 417], [1218, 497], [1005, 497]], '@뱃@필관', 0.008664088221736626), ([[959, 475], [1241, 475], [1241, 559], [959, 559]], '@플해해줌 의', 0.006074903377711791), ([[542, 556], [735, 556], [735, 618], [542, 618]], '뉘* )#', 0.001833069047861465)]
[([[66, 20], [396, 20], [396, 100], [66, 100]], '(고장이괴&@_때', 0.00032527474066520366), ([[881, 19], [1280, 19], [1280, 107], [881, 107]], '@쓸로움-읽이히잠세', 0.0002579329029917998), ([[41, 79], [387, 79], [387, 163], [41, 163]], '주히장읽이용하춤언', 0.0010913776217399834), ([[976, 78], [1160, 78], [1160, 158], [976, 158]], '갑플편밟', 0.00014877074863761663), ([[0, 133], [431, 133], [431, 291], [0, 291]], '속양@오 @쉽요', 0.0001509695151656606), ([[589, 115], [729, 115], [729, 301], [589, 301]], '7', 0.33745445125737206), ([[900, 138], [1228, 138], [1228, 282], [900, 282]], '@동이키기동안', 0.00012831264431859362), ([[70, 262], [400, 262], [400, 340], [70, 340]], '@젠문준비진열', 0.010888590389990753), ([[891, 259], [1269, 259], [1269, 345], [891, 345]], '전물진품빗등', 0.0008746240558417941), ([[61, 323], [405, 323], [405, 407], [61, 407]], '괴문로@언어호기켓)', 0.0002526883091089048)]
[([[4, 4], [108, 4], [108, 84], [4, 84]], '훨', 0.36217783289708905), ([[0, 364], [345, 364], [345, 468], [0, 468]], '활콤렉록툼 @짚[제', 8.815207885109921e-05), ([[0, 478], [238, 478], [238, 578], [0, 578]], '플픽렉렉픽픽', 0.0003410511478964264)]
[([[43, 3], [269, 3], [269, 165], [43, 165]], '@무고', 0.009102199316482483), ([[938, 2], [1232, 2], [1232, 161], [938, 161]], '매교', 0.09100298359268308), ([[74, 164], [282, 164], [282, 240], [74, 240]], '잠데고교', 0.00764029985293746), ([[922, 138], [1262, 138], [1262, 212], [922, 212]], '예히갈]핑엔@', 0.00010892843358690526), ([[58, 226], [256, 226], [256, 304], [58, 304]], '%%@되양(', 0.009516500701636824), ([[942, 194], [1256, 194], [1256, 274], [942, 274]], '옆현스핸트질이이', 0.00018565830379615927), ([[80, 288], [276, 288], [276, 360], [80, 360]], '짓교-', 0.001094191831868897), ([[972, 250], [1226, 250], [1226, 341], [972, 341]], '[준_문의장^', 0.0003535864030133046), ([[71, 342], [282, 342], [282, 422], [71, 422]], '요지@록_', 0.04020575439415223), ([[1010, 320], [1150, 320], [1150, 392], [1010, 392]], '@준센@', 0.04005039110779762), ([[17, 407], [89, 407], [89, 473], [17, 473]], ')', 0.11213752481307981), ([[926, 391], [1275, 391], [1275, 481], [926, 481]], '@워_@@입@꽤', 0.0003812490150936249), ([[29, 393], [358, 393], [358, 557], [29, 557]], '@_하인!', 0.000174611423265085), ([[978, 458], [1218, 458], [1218, 538], [978, 538]], '즈진탤움문집', 0.001124220272453988), ([[100, 530], [220, 530], [220, 604], [100, 604]], '@되의', 0.09415634121076175), ([[992, 520], [1168, 520], [1168, 596], [992, 596]], '@_전', 0.016414971085218392)]
[([[40, 22], [324, 22], [324, 98], [40, 98]], '@뱃) 끝웨', 0.0032412171737433706), ([[1061, 37], [1171, 37], [1171, 97], [1061, 97]], '`@', 0.10073732959358822), ([[27, 71], [341, 71], [341, 231], [27, 231]], '텔하요다', 0.012666458263993263), ([[1015, 87], [1196, 87], [1196, 168], [1015, 168]], '(음집문집', 0.042951061677329455), ([[1026, 210], [1102, 210], [1102, 286], [1026, 286]], '문집', 0.0664889203983356), ([[62, 246], [242, 246], [242, 320], [62, 320]], '(유집 유집}', 0.02860788102638588), ([[1016, 270], [1180, 270], [1180, 348], [1016, 348]], '붙문', 0.04737050249765986), ([[74, 308], [174, 308], [174, 380], [74, 380]], '[문고트', 0.007842839695513248), ([[20, 362], [293, 362], [293, 448], [20, 448]], '@문문- ', 0.03618087369882401)]
[([[65, 36], [178, 36], [178, 105], [65, 105]], '@줍양', 0.02134085993158856), ([[1078, 28], [1230, 28], [1230, 108], [1078, 108]], '(움째)', 0.008809184655547142), ([[9, 93], [286, 93], [286, 174], [9, 174]], '[젓낙률유@', 0.001125484430349043), ([[19, 155], [291, 155], [291, 241], [19, 241]], '@주댁문]집', 0.013536486036607382), ([[1134, 136], [1218, 136], [1218, 216], [1134, 216]], '@및', 0.03459118854152238), ([[49, 210], [258, 210], [258, 301], [49, 301]], "'@출등스되", 0.0016344963782451553), ([[1034, 191], [1231, 191], [1231, 284], [1034, 284]], '깥씬:요', 0.0008634196128696203), ([[85, 273], [229, 273], [229, 363], [85, 363]], '{훨위위원', 0.00453343079395751), ([[74, 338], [232, 338], [232, 412], [74, 412]], '@로]', 0.05722886798793145), ([[46, 398], [222, 398], [222, 478], [46, 478]], '@뽑@@', 0.00550412992015481)]
[([[50, 32], [120, 32], [120, 82], [50, 82]], '@옳', 0.0322538007454322), ([[145, 27], [359, 27], [359, 111], [145, 111]], '고알터질주_', 0.00019958502898280374), ([[920, 25], [1279, 25], [1279, 109], [920, 109]], '쓸잔 문@정태부', 0.00542861957035494), ([[32, 86], [331, 86], [331, 170], [32, 170]], '컴부치되-', 0.0008806762102279664), ([[956, 89], [1238, 89], [1238, 169], [956, 169]], '그런@운문', 0.007821425305735307), ([[60, 152], [140, 152], [140, 226], [60, 226]], '@원', 0.10494441582462478), ([[72, 188], [104, 188], [104, 220], [72, 220]], ':', 0.07515206984901912), ([[125, 157], [351, 157], [351, 221], [125, 221]], '[따미트지지}', 0.025887833389217314), ([[988, 152], [1166, 152], [1166, 226], [988, 226]], '한고쿠이', 0.0032141718547791243), ([[12, 204], [355, 204], [355, 297], [12, 297]], ';종움랗안8$', 0.00010260471392223734), ([[926, 242], [1234, 242], [1234, 320], [926, 320]], '(음집문_ 문질문', 0.10199842313799375), ([[24, 312], [340, 312], [340, 388], [24, 388]], '(운실문_)유문', 0.03573733306947443), ([[916, 300], [1229, 300], [1229, 389], [916, 389]], '@죽움 콤등류', 0.0005158549803520333), ([[23, 368], [330, 368], [330, 457], [23, 457]], '@름등 탤질트', 0.0013697126112794515)]
[([[76, 20], [234, 20], [234, 98], [76, 98]], '(음문집', 0.1890680193901062), ([[1026, 17], [1243, 17], [1243, 103], [1026, 103]], '젖째최나교움', 3.0934550300360584e-05), ([[87, 79], [229, 79], [229, 163], [87, 163]], '문문', 0.18993920321776517), ([[1038, 80], [1226, 80], [1226, 156], [1038, 156]], '완뱃@자}', 0.0006911470187806689), ([[82, 144], [230, 144], [230, 218], [82, 218]], '[현복프화', 0.0006032882479329239), ([[996, 140], [1272, 140], [1272, 220], [996, 220]], '&용애손_인때때', 0.0005931796590323734), ([[77, 201], [219, 201], [219, 287], [77, 287]], '@#뷰', 0.005046150418054565), ([[1010, 204], [1248, 204], [1248, 280], [1010, 280]], '_비입쾌', 0.06460907310247421), ([[1016, 258], [1247, 258], [1247, 342], [1016, 342]], '젖저워씩찬 ', 2.753640589150894e-05), ([[183, 307], [263, 307], [263, 375], [183, 375]], '점제', 0.07950161344978074), ([[1012, 322], [1258, 322], [1258, 396], [1012, 396]], '모프프롭증증제', 0.010074099291516831), ([[96, 360], [254, 360], [254, 438], [96, 438]], '@존', 0.24855962854954178), ([[998, 380], [1245, 380], [1245, 466], [998, 466]], '@청진분-', 0.004863850319114017), ([[47, 418], [261, 418], [261, 506], [47, 506]], '넘 요없9', 0.00072407200939157)]
[([[71, 19], [332, 19], [332, 98], [71, 98]], '쎄스장물표', 0.0007731442433791777), ([[1054, 25], [1174, 25], [1174, 88], [1054, 88]], '@회해', 0.29347072150069914), ([[88, 82], [314, 82], [314, 160], [88, 160]], '품진트롭@', 0.005030842736403184), ([[1004, 82], [1262, 82], [1262, 160], [1004, 160]], '던진@언기', 0.0002270282529938503), ([[47, 141], [359, 141], [359, 225], [47, 225]], '@플문_해텔렉판', 0.0009571214816547349), ([[1031, 139], [1197, 139], [1197, 225], [1031, 225]], '@안예이', 0.0016905253287404776), ([[62, 202], [342, 202], [342, 280], [62, 280]], '원고분@이-', 0.006663654910859717), ([[1028, 202], [1242, 202], [1242, 280], [1028, 280]], '쓸자어질표', 0.017206486800688845), ([[74, 264], [288, 264], [288, 340], [74, 340]], '-어즌인', 0.004604755435138941), ([[1035, 261], [1233, 261], [1233, 345], [1035, 345]], '존@@안)', 0.008943938429369143), ([[26, 362], [374, 362], [374, 442], [26, 442]], '(움문 )은주움)', 0.03626616283504577), ([[28, 484], [170, 484], [170, 532], [28, 532]], '(따하`', 0.005989372730255127), ([[199, 483], [340, 483], [340, 538], [199, 538]], '{학지교피', 0.006285659423924176), ([[32, 519], [153, 519], [153, 562], [32, 562]], '@-리:', 0.0007717878324910998), ([[205, 521], [327, 521], [327, 559], [205, 559]], '[다로눈', 0.00161480694077909), ([[103, 543], [249, 543], [249, 629], [103, 629]], '[#닭', 0.009935548547234968)]
[([[11, 21], [379, 21], [379, 107], [11, 107]], '(문집문집빨퓨8))', 0.0023876507584751384), ([[1049, 27], [1155, 27], [1155, 91], [1049, 91]], '예언', 0.040454434286377294), ([[1021, 79], [1165, 79], [1165, 163], [1021, 163]], '표대품', 0.0826031472484262), ([[46, 135], [341, 135], [341, 211], [46, 211]], '@지웨인방원진', 0.02186231433698482), ([[998, 153], [1199, 153], [1199, 240], [998, 240]], '(뺨', 0.15782356030825628), ([[69, 195], [317, 195], [317, 281], [69, 281]], '흰@해움문', 0.011169057662948121), ([[97, 265], [277, 265], [277, 331], [97, 331]], '@트<', 0.028257908140613026), ([[1010, 248], [1236, 248], [1236, 326], [1010, 326]], '@또어엉&', 0.0007461636589013846), ([[32, 315], [354, 315], [354, 395], [32, 395]], '@@__주입@', 0.005377722309559427), ([[1035, 317], [1177, 317], [1177, 377], [1035, 377]], '뒤젠웨의', 0.0013557536294683814), ([[47, 375], [301, 375], [301, 463], [47, 463]], '청어활춤-', 0.0012913897790970716), ([[1019, 367], [1193, 367], [1193, 455], [1019, 455]], '@ 안_', 0.026728259399533272)]
[([[30, 22], [168, 22], [168, 126], [30, 126]], '야', 0.6757145220033262), ([[277, 7], [415, 7], [415, 159], [277, 159]], '점', 0.9997127391666425), ([[879, 0], [1059, 0], [1059, 151], [879, 151]], '가', 0.999961972598161), ([[1113, 11], [1251, 11], [1251, 155], [1113, 155]], '조', 0.9673422524447552), ([[23, 115], [179, 115], [179, 277], [23, 277]], '한', 0.9990215312002562), ([[280, 166], [424, 166], [424, 322], [280, 322]], '원', 0.9999492174873836), ([[910, 144], [1038, 144], [1038, 312], [910, 312]], '솜', 0.9965334231350234), ([[1107, 155], [1243, 155], [1243, 313], [1107, 313]], '그', 0.9362401629772457), ([[190, 288], [288, 288], [288, 316], [190, 316]], '{노 박#', 0.00934210072272267), ([[292, 334], [424, 334], [424, 458], [292, 458]], '이', 0.9993073947854647), ([[902, 334], [1034, 334], [1034, 462], [902, 462]], '이', 0.9977957249817315), ([[1102, 320], [1250, 320], [1250, 496], [1102, 496]], '망', 0.9969680675971269), ([[19, 275], [178, 275], [178, 960], [19, 960]], "'", 0.7712841212691188), ([[289, 519], [421, 519], [421, 679], [289, 679]], '잎', 0.3926305818095557), ([[899, 519], [1253, 519], [1253, 707], [899, 707]], '큰 국', 0.2118701774319377), ([[310, 674], [412, 674], [412, 822], [310, 822]], '논', 0.5524585919723712), ([[1122, 810], [1236, 810], [1236, 842], [1122, 842]], '[어지-이어', 0.00011149699389136417), ([[1127, 839], [1231, 839], [1231, 901], [1127, 901]], ':18', 0.027108584483637108), ([[1123, 898], [1233, 898], [1233, 928], [1123, 928]], '장스말 (', 0.03931091965998754)]
[([[20, 26], [405, 26], [405, 107], [20, 107]], '@레미사움관밟지@`', 1.6988546646584912e-05), ([[948, 34], [1280, 34], [1280, 114], [948, 114]], '@=스고@호3쾌', 2.1376747205605972e-05), ([[26, 116], [348, 116], [348, 196], [26, 196]], '@따임하예외인생', 0.0006416548748464484), ([[1006, 96], [1230, 96], [1230, 176], [1006, 176]], '@`해사진문', 0.0022121011574454535), ([[75, 173], [275, 173], [275, 251], [75, 251]], "'7시@고밟", 0.0008363723644867686), ([[1026, 158], [1170, 158], [1170, 234], [1026, 234]], '@져되앗', 0.005010154098272324), ([[28, 234], [343, 234], [343, 319], [28, 319]], '하_의적퇴훨이하렉', 0.00040670767462926236), ([[994, 216], [1240, 216], [1240, 296], [994, 296]], '@핸물@', 0.002637677127495408), ([[67, 297], [308, 297], [308, 376], [67, 376]], "'불 회츠때", 0.0002943258311788654), ([[976, 278], [1260, 278], [1260, 356], [976, 356]], '@_전고 증-제', 0.0051848402166854626), ([[62, 360], [270, 360], [270, 436], [62, 436]], '민찮언인', 0.00022064596123527735), ([[1046, 346], [1157, 346], [1157, 408], [1046, 408]], '피종와', 0.00932985475969486)]
[([[550, 276], [812, 276], [812, 402], [550, 402]], '@훨.입', 0.017972292378544807), ([[595, 387], [705, 387], [705, 479], [595, 479]], '웬', 0.08022671551464189)]
[([[952, 28], [1224, 28], [1224, 106], [952, 106]], '괴즈렉스언밟', 0.00043836777688673225), ([[975, 87], [1203, 87], [1203, 171], [975, 171]], '@템또낯', 0.002212531166151166), ([[966, 150], [1174, 150], [1174, 228], [966, 228]], '모랫츠인지죄', 0.00028156177809156324), ([[891, 202], [1280, 202], [1280, 294], [891, 294]], '대탑방안트지진입득다)', 0.0002847660882012782), ([[885, 233], [1280, 233], [1280, 380], [885, 380]], '집벼하다)', 0.0004894271093331313)]
[([[20, 20], [342, 20], [342, 100], [20, 100]], '@망애주입"틱', 0.016758779257356995), ([[1093, 29], [1227, 29], [1227, 91], [1093, 91]], '@회의', 0.4646606271980166), ([[0, 84], [170, 84], [170, 162], [0, 162]], '주문@지다', 0.007111036595204612), ([[69, 71], [377, 71], [377, 233], [69, 233]], '[출해] ', 0.04404150817515216), ([[1098, 86], [1248, 86], [1248, 162], [1098, 162]], '예하문', 0.052063198232444576), ([[1072, 146], [1274, 146], [1274, 222], [1072, 222]], '@- @', 0.11490654967005046), ([[44, 204], [313, 204], [313, 282], [44, 282]], '@울치@플-야', 0.0006080660248498076), ([[60, 264], [298, 264], [298, 342], [60, 342]], '@해조터', 0.11647725850343704), ([[67, 323], [293, 323], [293, 407], [67, 407]], '[롭액', 0.0102908292821179)]
[([[124, 25], [236, 25], [236, 94], [124, 94]], '[백롭', 0.033084670424016284), ([[1043, 19], [1273, 19], [1273, 103], [1043, 103]], '온현체하웬', 0.00027297042841422086), ([[30, 77], [327, 77], [327, 163], [30, 163]], '@텍임하인@등', 0.0002995106854654737), ([[1100, 82], [1212, 82], [1212, 160], [1100, 160]], '@일', 0.1286936203860404), ([[84, 140], [276, 140], [276, 288], [84, 288]], '양불교', 0.0009450399753592524), ([[1039, 133], [1273, 133], [1273, 293], [1039, 293]], '@떡', 0.015193607410283345), ([[34, 260], [287, 260], [287, 348], [34, 348]], '집표워퉁 야', 0.0012324840227500736)]
[([[134, 15], [262, 15], [262, 93], [134, 93]], '@뻗', 0.16108500065986342), ([[1016, 30], [1280, 30], [1280, 110], [1016, 110]], '(집질 [냄', 0.001847484581397029), ([[53, 73], [345, 73], [345, 157], [53, 157]], '@플@기@', 0.0017180939006363279), ([[29, 135], [369, 135], [369, 221], [29, 221]], '@동 요9소째', 0.0035404783285028236), ([[1040, 150], [1256, 150], [1256, 230], [1040, 230]], '%입리%', 0.00027922686422243714), ([[72, 198], [322, 198], [322, 278], [72, 278]], '[_습딩', 0.006821946706622839), ([[46, 258], [348, 258], [348, 338], [46, 338]], '@뽑 ]- |?', 0.00027539051795082956), ([[53, 347], [317, 347], [317, 433], [53, 433]], '@-입연', 0.02244100533425808), ([[114, 412], [224, 412], [224, 484], [114, 484]], '(레', 0.011026640803816053), ([[75, 465], [299, 465], [299, 555], [75, 555]], '@습다)', 0.04742537811398506)]
[([[50, 60], [174, 60], [174, 134], [50, 134]], '@하젠', 0.02935326670356829), ([[418, 62], [678, 62], [678, 142], [418, 142]], '소스의진', 0.01246647723019123), ([[989, 25], [1280, 25], [1280, 111], [989, 111]], "@'어람뻐질", 0.00018174647331830506), ([[0, 116], [184, 116], [184, 196], [0, 196]], '@쫓기밟-', 0.010655058544972968), ([[466, 122], [627, 122], [627, 200], [466, 200]], "'문 팎", 0.1267840713262558), ([[1026, 92], [1204, 92], [1204, 168], [1026, 168]], '고취임전@', 0.0009127906152294439), ([[1026, 150], [1244, 150], [1244, 230], [1026, 230]], '@렉치하않', 0.0027602484220234018), ([[436, 184], [616, 184], [616, 264], [436, 264]], '&발문전이', 0.009478050165557653), ([[1062, 212], [1210, 212], [1210, 288], [1062, 288]], '{요롭째', 0.009310206398367882), ([[1027, 267], [1203, 267], [1203, 353], [1027, 353]], '채증9', 0.008336600646353547), ([[1015, 351], [1239, 351], [1239, 515], [1015, 515]], '(부안)', 0.029449129477143288)]
[([[469, 31], [609, 31], [609, 91], [469, 91]], '@웬째', 0.027935002663523844), ([[474, 80], [636, 80], [636, 158], [474, 158]], '@레장데', 0.1559874415397644), ([[1066, 94], [1166, 94], [1166, 166], [1066, 166]], '@뺨', 0.010301559935365688), ([[448, 146], [658, 146], [658, 220], [448, 220]], '[고조인트', 0.0062680412560862115), ([[1106, 172], [1136, 172], [1136, 210], [1106, 210]], '0', 0.9869762717558537), ([[443, 201], [655, 201], [655, 287], [443, 287]], '@습 스)', 0.0011647541961885219), ([[1064, 212], [1224, 212], [1224, 288], [1064, 288]], '@문입', 0.06677709658464658), ([[1054, 274], [1232, 274], [1232, 350], [1054, 350]], '도입청1', 0.05409608781337738), ([[1041, 333], [1243, 333], [1243, 410], [1041, 410]], '@판@', 0.09253186485372725)]
[([[512, 29], [779, 29], [779, 107], [512, 107]], '딱다사@인의 )', 0.0006083892074574644), ([[1006, 30], [1128, 30], [1128, 110], [1006, 110]], '@@육', 0.2336921922895868), ([[8, 92], [249, 92], [249, 170], [8, 170]], '@분중뱃', 0.0028600837104022503), ([[473, 87], [821, 87], [821, 171], [473, 171]], '면이물하 @남/', 0.0012557651573743447), ([[528, 150], [762, 150], [762, 228], [528, 228]], '떠께주일렉}', 0.0009384194659276827), ([[454, 212], [842, 212], [842, 290], [454, 290]], '@@프콤미스훨렉렉피', 0.0025250720361515216), ([[1040, 211], [1245, 211], [1245, 290], [1040, 290]], '@판 @', 0.0602983683347702), ([[538, 272], [716, 272], [716, 350], [538, 350]], '씩문준 의', 0.002202952392888681)]
[([[551, 25], [769, 25], [769, 109], [551, 109]], '@심밟)', 0.041942422701309635), ([[1, 69], [139, 69], [139, 215], [1, 215]], '@곰', 0.04047982047331765), ([[122, 76], [198, 76], [198, 150], [122, 150]], '움', 0.03248872096486921), ([[505, 87], [823, 87], [823, 171], [505, 171]], '면리어 음[물하', 0.000694392940658231), ([[467, 149], [856, 149], [856, 233], [467, 233]], '[_하운-조어 텔렉내', 3.6014225283513976e-05), ([[1021, 159], [1177, 159], [1177, 219], [1021, 219]], '@} 멘', 0.05406917259097099), ([[520, 212], [806, 212], [806, 288], [520, 288]], '@빗지둥디이렉하', 0.00017866019387054687), ([[975, 209], [1237, 209], [1237, 293], [975, 293]], '@정죽발문@', 0.00039223793182237017), ([[457, 268], [863, 268], [863, 354], [457, 354]], '@옛비청 움주안춤 @', 0.0002815891690724834)]
[([[521, 147], [779, 147], [779, 261], [521, 261]], '피의주리', 0.2519547939300537), ([[550, 254], [748, 254], [748, 380], [550, 380]], '얇', 0.01275134564011765), ([[523, 383], [785, 383], [785, 643], [523, 643]], '', 0.0)]
[([[558, 32], [774, 32], [774, 106], [558, 106]], '(울)원)', 0.17996784383099654), ([[1033, 29], [1237, 29], [1237, 113], [1033, 113]], '(뿐충팅', 0.0073204683139920235), ([[434, 88], [856, 88], [856, 166], [434, 166]], '예하하 )이직로"진이데의', 0.0007954739031732393), ([[1044, 84], [1205, 84], [1205, 170], [1044, 170]], '@언', 0.09215353104315754), ([[435, 145], [897, 145], [897, 231], [435, 231]], '@이전로-문은조둘낱', 0.0014699142132305642), ([[1047, 152], [1201, 152], [1201, 228], [1047, 228]], '@안', 0.23905456771038425), ([[436, 212], [858, 212], [858, 292], [436, 292]], '@진망진지순청어진중@', 0.00015329901403618408)]
[([[420, 28], [868, 28], [868, 108], [420, 108]], '@,고간권밟)', 0.0026324191871165505), ([[477, 87], [815, 87], [815, 171], [477, 171]], '카리히-@어둘-', 0.0017615922007519357), ([[1015, 87], [1273, 87], [1273, 171], [1015, 171]], '@정물고로@움', 0.0025385692415102173), ([[534, 150], [754, 150], [754, 228], [534, 228]], '진진름 선히', 0.006681440787176443), ([[1088, 152], [1200, 152], [1200, 224], [1088, 224]], '-렉이', 0.028950935771746608), ([[550, 214], [698, 214], [698, 290], [550, 290]], '@준 @', 0.3962861895561218), ([[1019, 209], [1269, 209], [1269, 293], [1019, 293]], '{입이인움', 0.007532621597451758), ([[1086, 270], [1206, 270], [1206, 348], [1086, 348]], '@안', 0.28056082142349315), ([[1043, 329], [1245, 329], [1245, 417], [1043, 417]], '@@ @', 0.018359096720814705)]
[([[53, 25], [253, 25], [253, 111], [53, 111]], '@소스', 0.07932325419808547), ([[1074, 36], [1154, 36], [1154, 88], [1074, 88]], '(오', 0.6383708383557417), ([[26, 90], [284, 90], [284, 168], [26, 168]], '{진방장교', 0.004678669811055922), ([[40, 152], [266, 152], [266, 226], [40, 226]], '물고동@', 0.0006864380557090044), ([[1036, 150], [1264, 150], [1264, 230], [1036, 230]], '넷신격<맛', 0.0004557723712134002), ([[10, 212], [298, 212], [298, 288], [10, 288]], '진발지장인짚', 0.0013419700727443904), ([[1045, 207], [1270, 207], [1270, 291], [1045, 291]], '낙-민볕', 0.007401132024824619), ([[9, 271], [299, 271], [299, 355], [9, 355]], '/ 청영안 ~', 0.0027664171707342104), ([[1030, 272], [1262, 272], [1262, 352], [1030, 352]], '훈런진탕 ', 0.004738398953865397)]
[([[1100, 34], [1216, 34], [1216, 114], [1100, 114]], '(뺨', 0.6297737738433516), ([[1077, 175], [1235, 175], [1235, 263], [1077, 263]], '@%육', 0.06443481200760456)]
[([[36, 28], [316, 28], [316, 106], [36, 106]], '@럭@등증', 0.008498405435288032), ([[976, 25], [1280, 25], [1280, 109], [976, 109]], '잡지스@페롭', 0.00013897210570150328), ([[64, 90], [260, 90], [260, 166], [64, 166]], '넷신플관해', 0.0006384606302361497), ([[1037, 87], [1224, 87], [1224, 166], [1037, 166]], '양버안소컵', 0.006122352552733272), ([[28, 149], [323, 149], [323, 229], [28, 229]], '@랜비로깜음꽤', 0.0005526488518647515), ([[1027, 149], [1244, 149], [1244, 233], [1027, 233]], '@7안', 0.0027022184701687977), ([[0, 214], [354, 214], [354, 288], [0, 288]], '문정특간저트햇', 0.00046627639394741007), ([[0, 271], [307, 271], [307, 351], [0, 351]], '@질권트렉줌 @', 0.0015752542159426898), ([[989, 246], [1277, 246], [1277, 334], [989, 334]], '@@씬반고@', 0.021482092692524893), ([[1024, 314], [1242, 314], [1242, 392], [1024, 392]], '갑 입편쾌', 0.0007607706936105215)]
[([[604, 186], [722, 186], [722, 288], [604, 288]], '@', 0.8093180685647248), ([[563, 261], [765, 261], [765, 373], [563, 373]], '@일자', 0.12738805671718997), ([[535, 348], [794, 348], [794, 460], [535, 460]], '@력폐이', 0.02169722318649292)]
[([[58, 20], [210, 20], [210, 96], [58, 96]], '면린안', 0.001319182176189208), ([[985, 25], [1261, 25], [1261, 109], [985, 109]], '민_텍어쨌밟)', 0.0001517828458687057), ([[42, 84], [226, 84], [226, 158], [42, 158]], '직-로때', 0.017496591433882713), ([[1012, 90], [1232, 90], [1232, 170], [1012, 170]], '@텔출@세', 0.020674377251472673), ([[36, 146], [226, 146], [226, 222], [36, 222]], '@륙번관', 0.0010324810864403844), ([[966, 150], [1278, 150], [1278, 230], [966, 230]], '@_-인주문@', 0.0206370786219607), ([[32, 204], [232, 204], [232, 284], [32, 284]], '때어물인', 0.003658308181911707), ([[1015, 211], [1189, 211], [1189, 295], [1015, 295]], '손교스주', 0.00709932716563344), ([[0, 251], [242, 251], [242, 416], [0, 416]], '@출@', 0.009403511635002899), ([[136, 266], [258, 266], [258, 342], [136, 342]], '퓨텔없', 0.003930568873897216), ([[1062, 272], [1184, 272], [1184, 352], [1062, 352]], '@입', 0.062217587884623234), ([[976, 332], [1264, 332], [1264, 410], [976, 410]], '@앗입되)', 0.05520129194669724), ([[5, 425], [305, 425], [305, 509], [5, 509]], '@!시>랑%)', 0.0003452822164666765), ([[1015, 393], [1231, 393], [1231, 479], [1015, 479]], '@"음집-틱', 0.030147297164294585), ([[1026, 450], [1209, 450], [1209, 530], [1026, 530]], '(질등)', 0.030782455578446388)]
[([[8, 40], [358, 40], [358, 116], [8, 116]], '@들어관등)', 0.004623173331685455), ([[1064, 20], [1246, 20], [1246, 100], [1064, 100]], '카인웬', 0.003836144295418896), ([[12, 96], [369, 96], [369, 186], [12, 186]], '@찍 움-@의5가 @', 0.0002687571776488485), ([[1064, 80], [1244, 80], [1244, 160], [1064, 160]], '@름런록', 0.011466264724731445), ([[1044, 142], [1238, 142], [1238, 222], [1044, 222]], '@퍼심자', 0.00221899407915771), ([[103, 191], [257, 191], [257, 255], [103, 255]], '@하해)', 0.2249253426698526), ([[1057, 201], [1249, 201], [1249, 287], [1057, 287]], '@동인]흙', 0.026464180403726636), ([[40, 246], [284, 246], [284, 326], [40, 326]], '콤권@이하이', 0.0014012964005273223), ([[1060, 268], [1206, 268], [1206, 342], [1060, 342]], '@준@', 0.01840888803466421), ([[1011, 351], [1280, 351], [1280, 437], [1011, 437]], '@름문떠품최)', 0.00041863732039857727)]
[([[1056, 28], [1242, 28], [1242, 104], [1056, 104]], '@린미스', 0.002725396305322647), ([[34, 88], [276, 88], [276, 168], [34, 168]], '던진름움문', 0.001391375695071511), ([[1024, 88], [1142, 88], [1142, 168], [1024, 168]], '@-입', 0.0036051996644146564), ([[1124, 86], [1274, 86], [1274, 166], [1124, 166]], '@표@세', 0.033935606479644775), ([[74, 154], [244, 154], [244, 220], [74, 220]], '(패미만', 0.012485668063163757), ([[1024, 144], [1269, 144], [1269, 231], [1024, 231]], '스그하운-문집', 0.004227106418572694), ([[44, 206], [269, 206], [269, 292], [44, 292]], '@하인표@', 0.0030753213534206333), ([[1038, 212], [1214, 212], [1214, 288], [1038, 288]], '@칭이', 0.15175499855474756), ([[0, 268], [275, 268], [275, 354], [0, 354]], '러움고움전진하이', 0.0015721807165865423), ([[1049, 299], [1207, 299], [1207, 379], [1049, 379]], '@달탕', 0.026264766945943374), ([[4, 331], [267, 331], [267, 412], [4, 412]], '취립 귀연양이', 0.0037277772968368245), ([[1062, 362], [1202, 362], [1202, 442], [1062, 442]], '운문', 0.17784801179485216), ([[1058, 422], [1198, 422], [1198, 502], [1058, 502]], '@탤탕', 0.030467535500318995), ([[1051, 483], [1197, 483], [1197, 569], [1051, 569]], '퓨문', 0.03679071885405848)]
[([[64, 30], [274, 30], [274, 104], [64, 104]], '예회해@', 0.056396886706352234), ([[934, 23], [1275, 23], [1275, 114], [934, 114]], '@리름등) 중문질)', 0.0024818932458360175), ([[10, 84], [325, 84], [325, 169], [10, 169]], '진락@런고@노', 0.00036175138678967266), ([[956, 116], [1254, 116], [1254, 196], [956, 196]], '앞쓸태-나', 0.025040089109500965), ([[58, 152], [280, 152], [280, 226], [58, 226]], '@진"히', 0.040314726531505585), ([[947, 171], [1261, 171], [1261, 258], [947, 258]], '@ 잡@합이', 0.011128154992426646), ([[48, 210], [288, 210], [288, 290], [48, 290]], '기분장 팬꽂', 0.013479255860217303), ([[37, 269], [291, 269], [291, 355], [37, 355]], '@중인터기득', 0.0014731530649790955), ([[987, 269], [1207, 269], [1207, 357], [987, 357]], '0> 9점', 0.01460961675493301), ([[985, 321], [1221, 321], [1221, 485], [985, 485]], '소력', 0.01175103837710258), ([[990, 456], [1218, 456], [1218, 528], [990, 528]], '@탈[@)', 0.005598227353802556)]
[([[133, 19], [253, 19], [253, 83], [133, 83]], '@하하', 0.013206982749766652), ([[998, 14], [1256, 14], [1256, 94], [998, 94]], '민도되롭늑닷', 6.643094775705604e-05), ([[16, 72], [367, 72], [367, 158], [16, 158]], '@씬진진되찍@즈데@', 0.0002739129027799433), ([[1014, 76], [1250, 76], [1250, 154], [1014, 154]], '@기주스름', 0.003192735134762601), ([[58, 136], [360, 136], [360, 212], [58, 212]], '@굽기뱃@이적럼', 0.0033276536917115048), ([[1064, 136], [1208, 136], [1208, 212], [1064, 212]], '주문청', 0.029714416578952768), ([[62, 196], [360, 196], [360, 276], [62, 276]], '민외해디납 @', 2.6599040524999498e-05), ([[1017, 191], [1217, 191], [1217, 277], [1017, 277]], '시분의', 0.0014824069976349095), ([[116, 288], [306, 288], [306, 362], [116, 362]], '{무랜집로', 0.0006997455513343632), ([[1078, 278], [1196, 278], [1196, 358], [1078, 358]], '@@입', 0.26861053381230143), ([[90, 350], [296, 350], [296, 422], [90, 422]], '미외트헤야', 0.028360710232372462), ([[992, 340], [1264, 340], [1264, 418], [992, 418]], '@숨미입진의', 0.000699220462089874), ([[94, 410], [294, 410], [294, 486], [94, 486]], '@@물장0', 0.0036136200690488206), ([[1020, 394], [1252, 394], [1252, 546], [1020, 546]], '또무', 0.004541834221676495), ([[522, 404], [776, 404], [776, 646], [522, 646]], ',', 0.059122500175590176)]
[([[67, 19], [187, 19], [187, 83], [67, 83]], '@회하', 0.3419237953400301), ([[1010, 16], [1102, 16], [1102, 88], [1010, 88]], '예앗', 0.16104675754656922), ([[1123, 19], [1209, 19], [1209, 83], [1123, 83]], '@앗', 0.2177297315598952), ([[0, 71], [299, 71], [299, 157], [0, 157]], '`달퍼]젠', 0.0020303500500227483), ([[1013, 79], [1097, 79], [1097, 141], [1013, 141]], '@앗', 0.2534502092676459), ([[1118, 76], [1206, 76], [1206, 138], [1118, 138]], '예앗', 0.028202199298126108), ([[36, 136], [212, 136], [212, 212], [36, 212]], '@@양전@의', 0.0028450429479416404), ([[1032, 134], [1184, 134], [1184, 214], [1032, 214]], '@질탕', 0.04110319204351676), ([[4, 194], [288, 194], [288, 274], [4, 274]], '@전물-물`', 0.013921528715034402), ([[1032, 196], [1172, 196], [1172, 274], [1032, 274]], '움문', 0.0279405294516821), ([[37, 255], [255, 255], [255, 341], [37, 341]], '전매@증', 0.002146136248484254), ([[1075, 286], [1255, 286], [1255, 366], [1075, 366]], '끝-', 0.017419245692836424), ([[35, 309], [258, 309], [258, 405], [35, 405]], '@콤순질질', 0.001802896940171578), ([[979, 345], [1237, 345], [1237, 429], [979, 429]], '줍인내움히의', 0.0011473451640956233), ([[56, 382], [222, 382], [222, 456], [56, 456]], '@-', 0.44064761113523493), ([[1010.8675748105346, 285.0922063442613], [1099.3725653422382, 300.1033793898917], [1087.1324251894653, 359.9077936557387], [998.6274346577618, 345.8966206101083]], '@', 0.2782994874463931)]
[([[26, 24], [346, 24], [346, 104], [26, 104]], '@@`밟)', 0.00608433795270329), ([[1032, 14], [1188, 14], [1188, 92], [1032, 92]], '@름탕', 0.03321585485166399), ([[34, 84], [342, 84], [342, 164], [34, 164]], '@회이진물랗랑', 0.0013119491294791507), ([[1034, 74], [1178, 74], [1178, 152], [1034, 152]], '문문', 0.38563037551663387), ([[32, 146], [330, 146], [330, 226], [32, 226]], '콤문_진스_드', 0.00033012866991476673), ([[923, 151], [1280, 151], [1280, 235], [923, 235]], '전훨이 - @물안', 0.002186453676195059), ([[16, 208], [360, 208], [360, 284], [16, 284]], '@반운@)분 이판극', 9.039333731699771e-05), ([[978, 214], [1186, 214], [1186, 292], [978, 292]], '푹뛰-웨이', 0.0019445323590042626), ([[40, 268], [302, 268], [302, 346], [40, 346]], '품대품유어켓이', 0.005507736877741221), ([[967, 273], [1239, 273], [1239, 359], [967, 359]], '중주어]집', 0.020315709627164065), ([[5, 328], [354, 328], [354, 415], [5, 415]], '@름하문_문)', 0.0045555101789790265), ([[1040, 376], [1074, 376], [1074, 406], [1040, 406]], '0)', 0.06337551660501757), ([[994, 394], [1212, 394], [1212, 474], [994, 474]], '쓸실_어환익', 0.0020228462477229403), ([[1004, 456], [1200, 456], [1200, 534], [1004, 534]], '무@량교@_)', 0.001274771096191637), ([[1031.8302423892474, 332.09843009655873], [1138.5334192434213, 346.4871464448379], [1129.1697576107526, 404.90156990344127], [1021.4665807565785, 391.5128535551621]], '@]이', 0.00614590467474627)]
[([[84, 9], [212, 9], [212, 83], [84, 83]], '예해해', 0.07596448170130665), ([[1047, 21], [1275, 21], [1275, 105], [1047, 105]], '(문% @)', 0.0163772308023141), ([[5, 67], [291, 67], [291, 155], [5, 155]], '@정히주집이하의', 2.518183450551506e-05), ([[24, 130], [310, 130], [310, 208], [24, 208]], '@간외관지롭-해', 0.00928752552341713), ([[1097, 135], [1187, 135], [1187, 197], [1097, 197]], '@째', 0.006458625699275883), ([[30, 190], [301, 190], [301, 270], [30, 270]], '@@@블제문쥐', 0.023604516697163798), ([[1071, 183], [1193, 183], [1193, 273], [1071, 273]], '뜯기움', 0.014752083687064823), ([[10, 250], [321, 250], [321, 334], [10, 334]], '@트렉띄_@|권', 0.0006947443379837585), ([[28, 314], [264, 314], [264, 392], [28, 392]], '전분@준$', 0.010691482946286551)]
[([[56, 16], [293, 16], [293, 101], [56, 101]], '메@폐스다_', 0.0013498030133339734), ([[1035, 27], [1191, 27], [1191, 89], [1035, 89]], '@회해)', 0.8274358645656271), ([[42, 82], [268, 82], [268, 160], [42, 160]], '@직스켜넷이', 0.00039793462828680774), ([[946, 80], [1278, 80], [1278, 160], [946, 160]], '대장스고히심퍼때)', 6.386933906411973e-05), ([[0, 144], [352, 144], [352, 220], [0, 220]], '@히히) ]사움편-', 0.0004520356036782113), ([[949, 141], [1239, 141], [1239, 225], [949, 225]], '딱 품젠의', 0.0025177366819073626), ([[72, 204], [282, 204], [282, 282], [72, 282]], '손진등중문', 0.014759863193457552), ([[972, 204], [1256, 204], [1256, 284], [972, 284]], '조교이하인손이)', 0.001979287511742072), ([[23, 261], [326, 261], [326, 342], [23, 342]], '전뱃진품-3', 0.0016551106234914596), ([[1022, 264], [1164, 264], [1164, 342], [1022, 342]], '@임이', 0.028224400343613554), ([[40, 326], [312, 326], [312, 404], [40, 404]], '고스지문분묵', 0.003569585473404649), ([[98, 392], [215, 392], [215, 458], [98, 458]], '-야', 0.07260031304346443)]
[([[66, 18], [287, 18], [287, 102], [66, 102]], '@현짓"미락', 0.0006285056949254406), ([[1010, 20], [1222, 20], [1222, 98], [1010, 98]], '손진물어-없_', 0.005377910850363343), ([[66, 82], [288, 82], [288, 158], [66, 158]], '@정원플큼', 0.006849023932174717), ([[960, 82], [1270, 82], [1270, 160], [960, 160]], '괴조 엉히청언제', 0.0015946479800557942), ([[36, 144], [278, 144], [278, 218], [36, 218]], '미전0트웨이', 0.0077718881559105946), ([[1006, 142], [1218, 142], [1218, 220], [1006, 220]], '스롭@열', 0.01941305585205555), ([[0, 204], [358, 204], [358, 282], [0, 282]], '간정@째렉 수요히-', 0.00035389505627870057), ([[992, 204], [1238, 204], [1238, 282], [992, 282]], '0_고`일친3', 0.013084935241516106), ([[0, 261], [315, 261], [315, 347], [0, 347]], '유전해움실이춤@', 0.0020043134854842073), ([[1008, 264], [1178, 264], [1178, 340], [1008, 340]], '[러들이', 0.0031785350292921066), ([[942, 319], [1280, 319], [1280, 405], [942, 405]], '@고롭인고_@편', 7.345151366297888e-05), ([[947, 383], [1241, 383], [1241, 467], [947, 467]], '@접짓-  춤_', 0.014022008332727532)]
[([[570, 166], [722, 166], [722, 420], [570, 420]], '숨', 0.06703370925112395), ([[550, 394], [684, 394], [684, 520], [550, 520]], '톤', 0.004782639725704252)]
[([[28, 20], [204, 20], [204, 100], [28, 100]], '@체큰위', 0.014830864034593105), ([[802, 22], [890, 22], [890, 94], [802, 94]], '영젯', 0.04651460223832888), ([[1038, 20], [1280, 20], [1280, 98], [1038, 98]], '매주렉-습@', 0.00010378010280989817), ([[28, 84], [204, 84], [204, 156], [28, 156]], '(탈기트로다', 0.0032019792775204153), ([[790, 82], [910, 82], [910, 162], [790, 162]], '@@@', 0.006265526729621002), ([[1052, 80], [1266, 80], [1266, 160], [1052, 160]], '스@과', 0.16815534909651164), ([[44, 146], [184, 146], [184, 220], [44, 220]], '훨@', 0.06958539752980915), ([[777, 151], [929, 151], [929, 213], [777, 213]], '@멘스', 0.022806881091875158), ([[68, 212], [122, 212], [122, 264], [68, 264]], '떼', 0.4949015611214804), ([[774, 204], [916, 204], [916, 278], [774, 278]], '@  ', 0.04512578023244206), ([[1094, 204], [1220, 204], [1220, 280], [1094, 280]], '@장', 0.13398839064180457), ([[4, 263], [223, 263], [223, 343], [4, 343]], '을>수밟)', 7.603619595566302e-05), ([[743, 263], [957, 263], [957, 349], [743, 349]], '@틀질픽', 0.15523594617843628), ([[1017, 261], [1280, 261], [1280, 345], [1017, 345]], "'@방득맛", 0.0005715470375754787), ([[758, 328], [940, 328], [940, 402], [758, 402]], '@@론틱', 0.0034927658271044493), ([[1052.1459214080216, 140.1733834625153], [1222.6929011892796, 128.05697775511555], [1223.8540785919784, 212.8266165374847], [1052.3070988107204, 224.94302224488445]], '손#빗적', 0.014938212931156158)]
[([[22, 40], [208, 40], [208, 114], [22, 114]], '@문@틱', 0.012158973446169783), ([[521, 33], [679, 33], [679, 119], [521, 119]], '중유앞', 0.002654960337448722), ([[815, 63], [935, 63], [935, 125], [815, 125]], '진진', 0.059650894506891636), ([[1052, 15], [1275, 15], [1275, 105], [1052, 105]], '항장의훌롭안', 0.0013613555615640501), ([[2, 97], [225, 97], [225, 178], [2, 178]], '진@문', 0.01059563970034046), ([[576, 108], [632, 108], [632, 158], [576, 158]], '예', 0.33763300050681266), ([[807, 115], [953, 115], [953, 194], [807, 194]], '실레어해', 0.016291920095682144), ([[1088, 90], [1238, 90], [1238, 150], [1088, 150]], '[짓세', 0.2553703525564564), ([[18, 160], [210, 160], [210, 238], [18, 238]], '분@해', 0.002419320909788616), ([[497, 153], [709, 153], [709, 239], [497, 239]], '동쨌@롭이', 0.003246334390173455), ([[806, 180], [942, 180], [942, 256], [806, 256]], '숨등', 0.005759711087365992), ([[1077, 145], [1245, 145], [1245, 213], [1077, 213]], '[즈)', 0.02090501167269321), ([[38, 224], [152, 224], [152, 298], [38, 298]], '려이', 0.05160520644414832), ([[1105, 201], [1219, 201], [1219, 285], [1105, 285]], '큰수움', 0.008308293989930219), ([[1042, 262], [1246, 262], [1246, 342], [1042, 342]], '@안트하@', 0.02709272493271706)]
[([[1047, 19], [1280, 19], [1280, 105], [1047, 105]], '@뺨%위째', 0.010762900592921872)]
[([[1056, 46], [1090, 46], [1090, 72], [1056, 72]], '0', 0.9552413277341465), ([[21, 67], [173, 67], [173, 151], [21, 151]], '$또입입트', 0.005454581471645172), ([[979, 77], [1271, 77], [1271, 161], [979, 161]], '@입편-기패', 3.0128975071784447e-05), ([[32, 132], [208, 132], [208, 210], [32, 210]], '{직훨이', 0.012942229397594929), ([[34, 192], [250, 192], [250, 272], [34, 272]], '민플부~세_', 0.0016751610944324257), ([[985, 160], [1272, 160], [1272, 250], [985, 250]], '민직임물켓$밟}', 8.440609265568276e-05), ([[14, 251], [265, 251], [265, 335], [14, 335]], '신문 신청@', 0.0037739970836201753), ([[1026, 217], [1217, 217], [1217, 307], [1026, 307]], '발뱃훨자', 0.004024520568067394), ([[60, 313], [215, 313], [215, 393], [60, 393]], '려의', 0.025131261305440265), ([[972, 288], [1244, 288], [1244, 368], [972, 368]], '@양로 끝외', 0.03330772261821529), ([[156.7894562468896, 54.07354122449474], [266.74157276121537, 70.14357068821369], [251.2105437531104, 155.92645877550527], [141.25842723878463, 139.85642931178631]], '주', 0.05877708865808984)]
[([[17, 25], [363, 25], [363, 111], [17, 111]], '@따 $팬권`육', 0.0005029870575063879), ([[998, 14], [1208, 14], [1208, 94], [998, 94]], '@물임진지증', 0.012343148548649999), ([[978, 72], [1232, 72], [1232, 152], [978, 152]], '@어의끼]셋', 0.0016482996560902082), ([[37, 105], [368, 105], [368, 190], [37, 190]], '예하하진시@짓패 ', 0.0010179327646537859), ([[976, 129], [1229, 129], [1229, 215], [976, 215]], '한스이] 공월', 0.010367395187764365), ([[96, 171], [323, 171], [323, 245], [96, 245]], '@백증째', 0.0006442160229198635), ([[945, 191], [1223, 191], [1223, 277], [945, 277]], '&천진즐 춤 요', 0.0004945227820600285), ([[124, 230], [294, 230], [294, 304], [124, 304]], '{망교', 0.1791972129555676), ([[70, 290], [352, 290], [352, 366], [70, 366]], '@최진뷰이지 ', 0.00326147682537387), ([[1004, 292], [1156, 292], [1156, 372], [1004, 372]], '진문움 ', 0.014406803995370865), ([[70, 350], [350, 350], [350, 428], [70, 428]], '민-인', 0.03958021997600636), ([[118, 412], [262, 412], [262, 488], [118, 488]], '@정문애', 0.006820080801844597)]
[([[1002, 24], [1096, 24], [1096, 100], [1002, 100]], '(움', 0.16662829725744313), ([[1118, 24], [1222, 24], [1222, 102], [1118, 102]], '짧움', 0.03780996466863686), ([[56, 79], [247, 79], [247, 160], [56, 160]], '넷@-만', 0.001202992396429181), ([[19, 141], [278, 141], [278, 221], [19, 221]], '@@계@진3', 0.010832791084176516), ([[996, 142], [1238, 142], [1238, 220], [996, 220]], '@장고-]필', 0.0005047359635539384), ([[68, 204], [226, 204], [226, 280], [68, 280]], '된찮적', 0.015354983203247031), ([[1060, 206], [1216, 206], [1216, 282], [1060, 282]], '팬속월', 0.001748098899332046), ([[76, 264], [224, 264], [224, 340], [76, 340]], '@근젠', 0.005169850012066238), ([[1007, 261], [1233, 261], [1233, 345], [1007, 345]], '@간의진의', 0.00012758089855568612), ([[7, 323], [253, 323], [253, 407], [7, 407]], '진뜩적어줌-', 0.007714481230467568)]
[([[69, 19], [281, 19], [281, 103], [69, 103]], '@교끝웬에', 0.0011741943311919512), ([[973, 19], [1280, 19], [1280, 103], [973, 103]], '(`짧 짧@움', 0.004935978872529317), ([[0, 80], [348, 80], [348, 160], [0, 160]], '@랜훨없요밥0요천@', 1.2821398830196538e-05), ([[964, 104], [1280, 104], [1280, 184], [964, 184]], '@90)[장@관-', 0.0011086560672781268), ([[60, 140], [288, 140], [288, 218], [60, 218]], '맨찮@@', 0.041151463985443115), ([[24, 204], [318, 204], [318, 282], [24, 282]], '@쨌밟입기쾌', 0.00011837846228043482), ([[1009, 157], [1247, 157], [1247, 319], [1009, 319]], '3', 0.008314203490990268), ([[66, 264], [280, 264], [280, 342], [66, 342]], '{찮의하', 0.004496991168707609), ([[1081, 295], [1187, 295], [1187, 361], [1081, 361]], '@}', 0.14479814796652732), ([[17, 323], [291, 323], [291, 407], [17, 407]], '@스전령 @', 0.00390993423401825), ([[1002, 348], [1212, 348], [1212, 426], [1002, 426]], '@량늘어@', 0.003099168749128663)]
[([[54, 20], [272, 20], [272, 100], [54, 100]], '@_째', 0.013896891140206799), ([[987, 19], [1215, 19], [1215, 105], [987, 105]], '(입)&@움', 0.018716147852865732), ([[34, 78], [291, 78], [291, 162], [34, 162]], '@친원로육데', 0.0009279769642940715), ([[1058, 92], [1086, 92], [1086, 126], [1058, 126]], '9', 0.6710873365631329), ([[1117, 89], [1239, 89], [1239, 151], [1117, 151]], '짓짓}', 0.019294135127775676), ([[55, 139], [272, 139], [272, 224], [55, 224]], ' 어텔<', 0.004488436970859766), ([[968, 142], [1244, 142], [1244, 220], [968, 220]], '떨확기지직눈@', 0.0005034935897311902), ([[22, 202], [304, 202], [304, 282], [22, 282]], '@@둥스기훨위', 0.0019890221655802583), ([[1015, 201], [1203, 201], [1203, 289], [1015, 289]], '쓸@활', 0.015346243089223065), ([[34, 266], [252, 266], [252, 342], [34, 342]], '진어값-', 0.012755909003317356), ([[1044, 264], [1208, 264], [1208, 344], [1044, 344]], '끝@ @)', 0.021658094726714715)]
[([[52, 16], [162, 16], [162, 94], [52, 94]], '존@야', 0.017655989258029883), ([[1088, 22], [1212, 22], [1212, 98], [1088, 98]], '(표', 0.34546930553802), ([[42, 78], [234, 78], [234, 158], [42, 158]], '조필세', 0.008633187561578886), ([[1059, 79], [1223, 79], [1223, 167], [1059, 167]], '붐', 0.15920560503856507), ([[25, 137], [251, 137], [251, 221], [25, 221]], '{입안입롭', 0.02533320363256276), ([[58, 200], [222, 200], [222, 278], [58, 278]], '또템', 0.007306983252756456), ([[18, 263], [219, 263], [219, 332], [18, 332]], '@로요', 0.3701379734153011), ([[1023, 229], [1241, 229], [1241, 317], [1023, 317]], '@표유%@', 0.014697765302302948), ([[1088.930985278494, 191.44816761268697], [1162.8981018005982, 178.86873789788007], [1168.069014721506, 222.55183238731303], [1094.1018981994018, 234.13126210211993]], '%걸9', 0.001989561399478241)]
[([[58, 22], [182, 22], [182, 94], [58, 94]], '@해닷', 0.009842723228987778), ([[1092, 32], [1196, 32], [1196, 80], [1092, 80]], '@@이', 0.4325026721231395), ([[13, 66], [248, 66], [248, 235], [13, 235]], '도션', 0.006106921657556986), ([[1049, 71], [1280, 71], [1280, 227], [1049, 227]], '(콤각', 0.0012564675222986887), ([[26, 206], [212, 206], [212, 280], [26, 280]], '@@기이', 0.01373427826911211), ([[1039, 237], [1277, 237], [1277, 323], [1039, 323]], '#@로움', 0.0013640816323459148), ([[1044, 298], [1271, 298], [1271, 384], [1044, 384]], '@종히-}', 0.003492669368397779)]
[([[28, 26], [186, 26], [186, 106], [28, 106]], '@콤 ', 0.016695669453847553), ([[66, 82], [152, 82], [152, 160], [66, 160]], '한맙', 0.013132173594030905), ([[776, 26], [896, 26], [896, 174], [776, 174]], "'연", 0.08078945688932695), ([[1100, 92], [1192, 92], [1192, 170], [1100, 170]], '@`', 0.016151803412646593), ([[0, 143], [213, 143], [213, 227], [0, 227]], '@인진-딴', 0.06727917173354458), ([[748, 152], [894, 152], [894, 228], [748, 228]], "'@여야", 0.048327237367630005), ([[28, 214], [142, 214], [142, 280], [28, 280]], '기의', 0.01325836243321962), ([[788, 212], [898, 212], [898, 288], [788, 288]], '동안', 0.16165535789546517), ([[777, 270], [913, 270], [913, 354], [777, 354]], '@출', 0.22473854447681665), ([[771, 339], [881, 339], [881, 401], [771, 401]], '멘야', 0.20986516714303116)]
[([[764, 30], [918, 30], [918, 106], [764, 106]], '{미하락', 0.04978051781654358), ([[1070, 24], [1250, 24], [1250, 98], [1070, 98]], '무랜이', 0.009533606057848162), ([[58, 70], [164, 70], [164, 146], [58, 146]], '@3', 0.03314378433002833), ([[727, 87], [955, 87], [955, 173], [727, 173]], '@@원', 0.2561447078035003), ([[1041, 81], [1280, 81], [1280, 167], [1041, 167]], '손@플관뭄', 0.0016421652453241533), ([[1, 125], [223, 125], [223, 211], [1, 211]], '@@취째', 0.018388787284493446), ([[784, 150], [900, 150], [900, 228], [784, 228]], '렌즈지', 0.10476156950166798), ([[1104, 146], [1216, 146], [1216, 220], [1104, 220]], '종련_', 0.15276807007632034), ([[3, 187], [221, 187], [221, 273], [3, 273]], '무 쓸수스', 0.00029759102719617033), ([[718, 214], [968, 214], [968, 288], [718, 288]], '코전매트컵', 0.0023851325188710736), ([[1049, 205], [1267, 205], [1267, 289], [1049, 289]], '@진숨돼', 0.0005590597284026444), ([[726, 266], [958, 266], [958, 414], [726, 414]], '러라교만', 0.0006860218127258122)]
[([[553, 171], [765, 171], [765, 307], [553, 307]], '기뻐위', 0.16995327501910268), ([[582, 286], [732, 286], [732, 586], [582, 586]], '뿐', 0.9878389893177797)]
[([[13, 28], [354, 28], [354, 114], [13, 114]], '@발고스회질켜', 0.006431309831551867), ([[990, 12], [1262, 12], [1262, 92], [990, 92]], '괴발라다숨-)', 0.0002698767480728249), ([[102, 91], [271, 91], [271, 170], [102, 170]], "'@프뚫", 0.015927938744425774), ([[994, 74], [1264, 74], [1264, 154], [994, 154]], '대스집샌람', 0.0005409678231183473), ([[51, 148], [322, 148], [322, 236], [51, 236]], '@퍼고전로', 0.008307225198753376), ([[1056, 136], [1202, 136], [1202, 212], [1056, 212]], '주문해 ', 0.05995354428887367), ([[69, 209], [301, 209], [301, 295], [69, 295]], "'민조의치@", 0.012060955534898898), ([[1024, 194], [1194, 194], [1194, 274], [1024, 274]], '샌등트', 0.02653770583338573), ([[16, 273], [335, 273], [335, 353], [16, 353]], '@회하]신입편밟', 0.00016286605608400008), ([[1032, 256], [1224, 256], [1224, 332], [1032, 332]], '손제위째', 0.003332925960421562), ([[28, 336], [350, 336], [350, 414], [28, 414]], '무리지언전@활', 0.004734906666531706), ([[985, 313], [1263, 313], [1263, 399], [985, 399]], '#@터쾌', 0.0047335997223854065), ([[18, 392], [355, 392], [355, 482], [18, 482]], '컴치하진되주이트', 0.0010944238551512545), ([[1007, 399], [1251, 399], [1251, 483], [1007, 483]], '@영재끗', 0.006961530540138483), ([[80, 458], [254, 458], [254, 536], [80, 536]], '(힘진롭기@', 0.010552123734951131), ([[988, 466], [1248, 466], [1248, 538], [988, 538]], '@젯퍼입진-', 0.005462838816622551), ([[979, 521], [1273, 521], [1273, 605], [979, 605]], '집텔물틱', 0.0022335622925311327)]
[([[964, 34], [1192, 34], [1192, 114], [964, 114]], '어)로동` ', 0.0022102980058477727), ([[80, 76], [300, 76], [300, 152], [80, 152]], '{진로런탕해', 0.010664331050981652), ([[970, 98], [1186, 98], [1186, 172], [970, 172]], '@이교', 0.1086889205107614), ([[37, 131], [330, 131], [330, 220], [37, 220]], '@@없 -', 0.003617767788169667), ([[972, 154], [1142, 154], [1142, 232], [972, 232]], '엔요의', 0.01482918731148613), ([[31, 193], [349, 193], [349, 277], [31, 277]], '@입@노', 0.09717079997062683), ([[968, 216], [1184, 216], [1184, 294], [968, 294]], '콤고입종침', 0.00021395089643471335), ([[73, 255], [307, 255], [307, 341], [73, 341]], '긴찮@ @)', 0.0034646444076449094)]
[([[55, 15], [371, 15], [371, 104], [55, 104]], '@@컨 @트', 0.024114608456656167), ([[1038, 14], [1234, 14], [1234, 92], [1038, 92]], '@씬진전', 0.01505377609282732), ([[94, 74], [318, 74], [318, 152], [94, 152]], '초어0초덜0', 0.0008905356332569015), ([[1036, 76], [1230, 76], [1230, 152], [1036, 152]], '@직경짓권', 0.012179738622831122), ([[51, 163], [379, 163], [379, 247], [51, 247]], '@즈적@어쇄 @', 0.00047320236396444613), ([[1028, 136], [1202, 136], [1202, 214], [1028, 214]], '@@기@이', 0.004513704214815332), ([[1012, 196], [1256, 196], [1256, 274], [1012, 274]], '@_기)런', 0.0025917967762048113), ([[76, 228], [356, 228], [356, 304], [76, 304]], '@지넷이원', 0.003886320706052382), ([[1044, 256], [1218, 256], [1218, 334], [1044, 334]], '@인적립', 0.025443917140364647), ([[53, 287], [341, 287], [341, 371], [53, 371]], '`가-훨@', 0.00022813500784480073), ([[1007, 313], [1221, 313], [1221, 397], [1007, 397]], '고집@ 봄요', 0.01509943184414744), ([[518, 402], [780, 402], [780, 644], [518, 644]], '>', 0.04712174548218062)]
[([[81, 31], [350, 31], [350, 115], [81, 115]], '@%)물어언이', 0.007012403548688496), ([[1015, 41], [1119, 41], [1119, 103], [1015, 103]], '@', 0.28735697450260034), ([[105, 93], [365, 93], [365, 177], [105, 177]], '웬빛-규귀움', 0.0013717685745752621), ([[964, 94], [1190, 94], [1190, 168], [964, 168]], '{필리언째', 0.0013833257418047978), ([[134, 156], [336, 156], [336, 232], [134, 232]], '@판물@', 0.05486167222261429), ([[934, 153], [1182, 153], [1182, 233], [934, 233]], '{진움빗롭 @', 0.00602707240152513), ([[75, 242], [399, 242], [399, 334], [75, 334]], '%%꺼 리꽤', 0.00047110194870325796), ([[992, 248], [1166, 248], [1166, 326], [992, 326]], '@"', 0.0487970322929409)]
[([[88, 32], [278, 32], [278, 110], [88, 110]], '넷자전텔', 0.011053177528083324), ([[914, 24], [1258, 24], [1258, 105], [914, 105]], '@`움타_증켓', 0.004732079600707009), ([[75, 94], [247, 94], [247, 170], [75, 170]], '[@요없이', 0.18554993323959215), ([[980, 85], [1153, 85], [1153, 162], [980, 162]], '도안물 이', 0.003860586211866568), ([[54, 154], [310, 154], [310, 232], [54, 232]], '예직일청-3', 0.002694112032641689), ([[916, 146], [1250, 146], [1250, 226], [916, 226]], '넷음핸@탕때', 0.0002653080775479271), ([[13, 211], [347, 211], [347, 299], [13, 299]], '용@입입일소 |간제', 0.000681680146888653), ([[923, 197], [1253, 197], [1253, 359], [923, 359]], '@냐@불_', 0.003170994875079025), ([[72, 274], [252, 274], [252, 350], [72, 350]], '@@입전@', 0.09069579335099148), ([[26, 334], [340, 334], [340, 412], [26, 412]], '린액로지로지지닭', 0.0006576680488389814), ([[1007, 353], [1132, 353], [1132, 433], [1007, 433]], '@`', 0.1567943588352286), ([[16, 396], [312, 396], [312, 476], [16, 476]], '@국비트일', 0.0015285670983663075)]
[([[91, 25], [312, 25], [312, 101], [91, 101]], '@어째교째', 0.006253103786640414), ([[946, 27], [1215, 27], [1215, 103], [946, 103]], '{@:', 0.004966757875321061), ([[84, 81], [321, 81], [321, 167], [84, 167]], '원물]월', 0.012400832027196884), ([[1002, 88], [1128, 88], [1128, 162], [1002, 162]], '@문', 0.15215085343513474), ([[94, 150], [296, 150], [296, 226], [94, 226]], "'즐언@", 0.006019881926476955), ([[966, 146], [1156, 146], [1156, 224], [966, 224]], '@깥집', 0.0046785988046608275), ([[78, 238], [329, 238], [329, 324], [78, 324]], '@밟짧밟)', 0.010586439732352942), ([[960, 240], [1208, 240], [1208, 318], [960, 318]], '@음체적스틱', 0.02243293696983321), ([[908, 296], [1257, 296], [1257, 384], [908, 384]], '현전해  말이퇴', 0.011080333212517803), ([[910, 358], [1221, 358], [1221, 446], [910, 446]], '8집유움집입기@', 0.0001094002476778444)]
[([[38, 26], [334, 26], [334, 102], [38, 102]], '@런@진관지이', 0.004599970618356338), ([[947, 23], [1225, 23], [1225, 107], [947, 107]], '@밟쓸위))', 0.008803123570427035), ([[7, 84], [358, 84], [358, 168], [7, 168]], '@@종@ -디주 @주', 0.00046518246923854187), ([[941, 111], [1231, 111], [1231, 195], [941, 195]], '헌옮) 물잡@째', 0.0016213423691739306), ([[40, 143], [353, 143], [353, 227], [40, 227]], '신정인고히진', 0.04328509511710449), ([[959, 173], [1207, 173], [1207, 257], [959, 257]], '잔@히-', 0.0004442931094672531), ([[79, 205], [324, 205], [324, 283], [79, 283]], '투찬밀봉히전트', 1.821070461229811e-05), ([[955, 232], [1173, 232], [1173, 316], [955, 316]], '@@요하이', 0.00850201736878527), ([[38, 264], [327, 264], [327, 355], [38, 355]], '{움이심죄히야', 0.00015662960852583737), ([[950, 298], [1226, 298], [1226, 374], [950, 374]], '둘등_@물', 0.0005109927077706493), ([[76, 366], [328, 366], [328, 446], [76, 446]], '@밟>톱', 0.016459909575483607), ([[920, 357], [1236, 357], [1236, 437], [920, 437]], '문인@0필-', 0.0016484828270920697)]
[([[954, 20], [1217, 20], [1217, 110], [954, 110]], '(뺨름', 0.08169102068243134), ([[1008, 118], [1224, 118], [1224, 196], [1008, 196]], '걸@_되이', 0.0006648085555334334), ([[960, 178], [1208, 178], [1208, 258], [960, 258]], '진@@히집', 0.0030520499189193684), ([[998, 238], [1170, 238], [1170, 318], [998, 318]], '@인하', 0.1097916525284596), ([[996, 301], [1139, 301], [1139, 373], [996, 373]], '@애', 0.1627006172897937), ([[371.4380115389096, 768.0197638525166], [431.08511618401945, 755.0739339602057], [465.5619884610904, 925.9802361474834], [405.91488381598055, 938.9260660397943]], '봄', 0.028098593589164444)]
[([[100, 26], [248, 26], [248, 102], [100, 102]], '@_문', 0.00426834160536338), ([[18, 74], [329, 74], [329, 236], [18, 236]], '지도술입안따', 0.0003248052613155387), ([[910, 86], [1222, 86], [1222, 166], [910, 166]], '장@권리깊이하다', 0.00035733213819778007), ([[15, 204], [296, 204], [296, 289], [15, 289]], '@반해트기이', 0.0012013718852807857), ([[956, 184], [1216, 184], [1216, 260], [956, 260]], '{이직퍼짓', 0.024193932611946595), ([[949, 239], [1221, 239], [1221, 327], [949, 327]], '필질안상하@반', 0.0012808386339861078), ([[1000, 308], [1168, 308], [1168, 382], [1000, 382]], '@달히남', 0.026389284059405327)]
[([[118, 26], [266, 26], [266, 104], [118, 104]], '동`@@', 0.058024704456329346), ([[905, 23], [1263, 23], [1263, 107], [905, 107]], '@라리이런되적"록', 0.0006449374192572835), ([[86, 86], [298, 86], [298, 160], [86, 160]], '@닮청지연3', 0.003932359996411883), ([[962, 88], [1168, 88], [1168, 162], [962, 162]], '건속하롭이', 0.020157360672056805), ([[25, 137], [357, 137], [357, 295], [25, 295]], '@자움 뼈뼈', 0.00013555786423602806), ([[955, 136], [1217, 136], [1217, 294], [955, 294]], '@안움침@', 0.0005449422229912746), ([[964, 268], [1208, 268], [1208, 344], [964, 344]], '@친-틱훨', 0.0004412680638348872), ([[965, 325], [1207, 325], [1207, 409], [965, 409]], '요)히리렉입', 0.0031493546854500423)]
[([[137, 45], [245, 45], [245, 113], [137, 113]], '매재', 0.08045433097169138), ([[969, 36], [1217, 36], [1217, 132], [969, 132]], '오낙움]이', 0.0010640333870279716), ([[90, 100], [292, 100], [292, 174], [90, 174]], '@즈@', 0.11721900679563693), ([[1014, 106], [1214, 106], [1214, 186], [1014, 186]], '@장데_', 0.079890675842762), ([[21, 158], [364, 158], [364, 242], [21, 242]], '@때롭내프언제', 0.0005214159153963632), ([[1006, 168], [1228, 168], [1228, 246], [1006, 246]], '권달@젠해', 0.002731137847973625), ([[80, 222], [304, 222], [304, 302], [80, 302]], '기분주@적', 0.013499109097013174), ([[1012, 228], [1220, 228], [1220, 308], [1012, 308]], '지분중임정', 0.050770914726514314), ([[56, 304], [325, 304], [325, 389], [56, 389]], '@[없럿0)', 0.0016614850321748202), ([[1037, 297], [1151, 297], [1151, 359], [1037, 359]], '@예앗', 0.10249244861561624), ([[981, 365], [1248, 365], [1248, 445], [981, 445]], '@싸렉/0)', 0.0006308847997794137)]
[([[97, 17], [227, 17], [227, 83], [97, 83]], '@{양', 0.028101756423531268), ([[72, 74], [274, 74], [274, 152], [72, 152]], '임인오침|증', 0.0001874297979802255), ([[1009, 47], [1218, 47], [1218, 121], [1009, 121]], '@리언리교', 0.025797860516031335), ([[94, 138], [276, 138], [276, 214], [94, 214]], '진교심스', 0.004010814242064953), ([[957, 103], [1275, 103], [1275, 189], [957, 189]], '@써진지||양입', 0.0004203388190277381), ([[998, 168], [1194, 168], [1194, 242], [998, 242]], '멘권만고으', 0.0110378203594441), ([[110, 198], [264, 198], [264, 274], [110, 274]], '친음데', 0.03514413916251966), ([[36, 256], [294, 256], [294, 336], [36, 336]], '기분존@@9 ', 0.008969358577290497), ([[980, 260], [1251, 260], [1251, 346], [980, 346]], '@[[0)', 0.0015679703329593757), ([[50, 360], [319, 360], [319, 445], [50, 445]], '@[제로0)', 0.001509210475340512)]
[([[22, 46], [338, 46], [338, 122], [22, 122]], '@리래} 써지}', 0.022412961676245395), ([[1001, 39], [1232, 39], [1232, 129], [1001, 129]], '@정친업@}', 0.01083310435603316), ([[8, 108], [354, 108], [354, 186], [8, 186]], '@@@_발물렉원제', 0.006849801118373485), ([[1033, 106], [1183, 106], [1183, 183], [1033, 183]], '@밝깥}', 0.0020827832631766796), ([[28, 168], [282, 168], [282, 246], [28, 246]], '진정직전인-의', 0.014241192951003664), ([[971, 165], [1255, 165], [1255, 251], [971, 251]], '@직해활주이쪽', 0.006897192435939081), ([[50, 254], [318, 254], [318, 332], [50, 332]], '@렉쨌럿0', 0.0006474739081077925), ([[958, 228], [1258, 228], [1258, 306], [958, 306]], '{꼽등겹[해0', 5.367853548520499e-05), ([[989, 325], [1258, 325], [1258, 406], [989, 406]], '@짓와음절남', 5.9954960240128326e-05)]
[([[22, 32], [352, 32], [352, 110], [22, 110]], '@청퉁어-@', 0.05941100521523507), ([[1004, 16], [1252, 16], [1252, 90], [1004, 90]], '@장데@', 0.24493859708309174), ([[981, 71], [1273, 71], [1273, 159], [981, 159]], '예입]터#', 0.00011635779709506588), ([[20, 136], [356, 136], [356, 216], [20, 216]], '@하어@전트 만', 0.0024051234073747194), ([[1022, 172], [1178, 172], [1178, 244], [1022, 244]], '@닭', 0.2624042506375773), ([[117, 207], [227, 207], [227, 267], [117, 267]], '미팬의', 0.005944351110846714), ([[1021, 230], [1178, 230], [1178, 302], [1021, 302]], '@둘', 0.40197549583112563), ([[128, 258], [352, 258], [352, 336], [128, 336]], '집 집톱)', 0.019079450239680495), ([[952, 289], [1280, 289], [1280, 370], [952, 370]], '@춘중뱃집뱃', 0.0008149217034655995)]
[([[90, 32], [290, 32], [290, 182], [90, 182]], '(]}', 0.022298973804590828), ([[1034, 52], [1187, 52], [1187, 118], [1034, 118]], '@재', 0.5113885365461311), ([[955, 103], [1269, 103], [1269, 189], [955, 189]], '@밟량히전|네@)', 9.070680450646768e-05), ([[1042, 170], [1150, 170], [1150, 242], [1042, 242]], '[중@이', 0.03505770489573479), ([[70, 200], [340, 200], [340, 280], [70, 280]], '@`)탤히로므롭', 0.0010741531920348474), ([[987, 225], [1240, 225], [1240, 310], [987, 310]], '@장하춤@', 0.001808471124019638), ([[73, 263], [291, 263], [291, 339], [73, 339]], '짓퓨하@', 0.002520507900044322), ([[985, 313], [1203, 313], [1203, 399], [985, 399]], '@중교양 ', 0.01674988702339311), ([[373.44958326707695, 767.0189573726161], [434.36873751855836, 756.1179598069224], [462.55041673292305, 927.9810426273839], [402.63126248144164, 938.8820401930776]], '"', 0.07076952621629573)]
[([[4, 48], [337, 48], [337, 122], [4, 122]], '@하하다고권-쾌', 0.00039028668632194177), ([[947, 103], [1280, 103], [1280, 187], [947, 187]], '@정순고하 습', 0.004463207908986593), ([[17, 99], [335, 99], [335, 261], [17, 261]], '@3 @ 0', 0.007985285507987378), ([[1037, 169], [1191, 169], [1191, 237], [1037, 237]], '넷텍스다', 0.015704071149230003), ([[1004, 228], [1228, 228], [1228, 308], [1004, 308]], '@종@@', 0.14854542911052704), ([[92, 264], [252, 264], [252, 340], [92, 340]], '@레어제', 0.0999411940574646), ([[24, 324], [304, 324], [304, 402], [24, 402]], '{지@롭야', 0.0021849367092101053)]
[([[118, 46], [296, 46], [296, 124], [118, 124]], '{움랜3', 0.0005931155756115913), ([[1026, 48], [1126, 48], [1126, 126], [1026, 126]], '@빵}', 0.08633471565736917), ([[136, 106], [282, 106], [282, 184], [136, 184]], '훌안', 0.32033204491056666), ([[1000, 136], [1226, 136], [1226, 210], [1000, 210]], '{@훨-', 0.014864751137793064), ([[109, 173], [303, 173], [303, 241], [109, 241]], '@정히질', 0.012448357418179512), ([[996, 192], [1236, 192], [1236, 270], [996, 270]], '@깜장@인', 0.010222021197542027), ([[91, 221], [283, 221], [283, 312], [91, 312]], '@`@젠내', 0.01095651336555467), ([[993, 251], [1239, 251], [1239, 335], [993, 335]], '콤동필훨훨', 0.0038491831978338174), ([[1002, 316], [1206, 316], [1206, 394], [1002, 394]], '팬영요간의', 0.0010212132892926773)]
[([[140, 52], [250, 52], [250, 132], [140, 132]], '@뿐', 0.1470724838208872), ([[1006, 54], [1188, 54], [1188, 130], [1006, 130]], '무레이', 0.12450812998000539), ([[89, 112], [299, 112], [299, 190], [89, 190]], '@웬증', 0.41144301949291157), ([[960, 114], [1232, 114], [1232, 194], [960, 194]], '믿조등워집로움', 0.0005407180425868309), ([[70, 174], [298, 174], [298, 254], [70, 254]], '넷_칙닷', 0.0032958334777504206), ([[974, 176], [1178, 176], [1178, 250], [974, 250]], '종롭로7전이', 0.006936730767784275), ([[82, 234], [300, 234], [300, 314], [82, 314]], '?문어', 0.058440811314547925), ([[920, 236], [1272, 236], [1272, 314], [920, 314]], '팬임동훨세', 0.00772779973787244), ([[39, 293], [351, 293], [351, 381], [39, 381]], '민닷로미이어호만', 0.00010275107505689494), ([[972, 298], [1176, 298], [1176, 374], [972, 374]], '뵙@헤_', 0.0056630754843354225)]
[([[528, 258], [772, 258], [772, 384], [528, 384]], '-리치오', 0.27526628971099854), ([[582, 360], [726, 360], [726, 484], [582, 484]], '톤', 0.016817611655577602)]
[([[16, 35], [305, 35], [305, 107], [16, 107]], '@_가@짓브로체', 0.0005165588852738097), ([[765, 37], [867, 37], [867, 103], [765, 103]], '@쨌', 0.10964162788701187), ([[1000, 32], [1270, 32], [1270, 110], [1000, 110]], '미밟)', 0.010752890703702698), ([[0, 94], [332, 94], [332, 174], [0, 174]], '끝지롭연어_제', 0.00341297072620255), ([[718, 94], [896, 94], [896, 172], [718, 172]], '표요이', 0.015771618822712326), ([[1031, 91], [1246, 91], [1246, 168], [1031, 168]], '필리치언껍 ', 0.00810227763573613), ([[64, 156], [213, 156], [213, 230], [64, 230]], '엘연워9', 0.006325152399919157), ([[1029, 151], [1207, 151], [1207, 235], [1029, 235]], '콤물적', 0.004210500192105778), ([[28, 216], [294, 216], [294, 294], [28, 294]], '{고껍집빗3', 0.0026486029612505417), ([[1082, 216], [1198, 216], [1198, 292], [1082, 292]], '[%씹입', 0.0064010946080088615), ([[56, 276], [252, 276], [252, 354], [56, 354]], '괜주의@)', 0.023515947481641687), ([[998, 276], [1258, 276], [1258, 352], [998, 352]], '@하입밟', 0.020746372640132904), ([[78, 372], [244, 372], [244, 444], [78, 444]], '예무레', 0.0202961835774614), ([[1021, 327], [1257, 327], [1257, 485], [1021, 485]], '올다', 0.08570043270060962), ([[23, 425], [281, 425], [281, 511], [23, 511]], '뽑물워렉 @', 0.0012784346330922745)]
[([[77, 31], [227, 31], [227, 95], [77, 95]], '@이국', 0.12789641081964365), ([[969, 21], [1253, 21], [1253, 105], [969, 105]], '영 [(밟', 0.03162974350601167), ([[61, 85], [205, 85], [205, 159], [61, 159]], ';존@@', 0.001684417948126793), ([[1030, 123], [1150, 123], [1150, 185], [1030, 185]], '@회예', 0.011454770267875438), ([[32, 138], [277, 138], [277, 231], [32, 231]], '샌재 즈로', 0.0004294515595810368), ([[1010, 176], [1208, 176], [1208, 254], [1010, 254]], '@적딩', 0.022066717967391014), ([[62, 208], [206, 208], [206, 286], [62, 286]], '존인진@', 0.00289522553794086), ([[1000, 238], [1178, 238], [1178, 318], [1000, 318]], '@면_데0', 0.0003938486303131712)]
[([[1034, 20], [1154, 20], [1154, 98], [1034, 98]], '(.(', 0.014065761119127274), ([[942, 92], [1260, 92], [1260, 172], [942, 172]], '@@ ) 완입-걸', 0.0007138037087352457), ([[1102, 156], [1178, 156], [1178, 232], [1102, 232]], '|', 0.004086559690691383), ([[1002, 237], [1199, 237], [1199, 326], [1002, 326]], '손@진자', 0.07795272767543793), ([[995, 295], [1224, 295], [1224, 382], [995, 382]], '@청))', 0.014457945711910725), ([[984, 365], [1196, 365], [1196, 441], [984, 441]], '@집어집 야', 0.09982216261673815)]
[([[945, 59], [1280, 59], [1280, 145], [945, 145]], '무_이모렉적죄', 0.0026448611221528543), ([[991, 120], [1238, 120], [1238, 197], [991, 197]], '@우확히체', 0.0004126437900984129), ([[961, 177], [1273, 177], [1273, 265], [961, 265]], '@해로센덕', 0.0019066414226030235)]
[([[106, 12], [289, 12], [289, 97], [106, 97]], '책심력', 0.0050114070675036), ([[1003, 30], [1259, 30], [1259, 114], [1003, 114]], '집어심쾌)', 0.00891073245598496), ([[36, 71], [361, 71], [361, 156], [36, 156]], '@찍이하과@@입', 0.0007364480279572985), ([[1062, 96], [1152, 96], [1152, 172], [1062, 172]], '(]벼', 0.019210510534485734), ([[80, 138], [310, 138], [310, 218], [80, 218]], '청영주주', 0.009938596747815609), ([[88, 200], [266, 200], [266, 276], [88, 276]], '작@이', 0.016748782016003654), ([[1049, 175], [1215, 175], [1215, 253], [1049, 253]], '엔입@유', 0.020299377244317518), ([[1030, 234], [1233, 234], [1233, 314], [1030, 314]], '@떠 @', 0.024129021912813187), ([[38, 294], [353, 294], [353, 381], [38, 381]], '@@]적-@입역', 0.001506796466484029), ([[87, 355], [303, 355], [303, 439], [87, 439]], '도인적월', 0.032428327947854996), ([[1052, 344], [1204, 344], [1204, 408], [1052, 408]], '@하째', 0.025596911372660312), ([[43, 415], [343, 415], [343, 501], [43, 501]], '@트터틱', 0.0004368240770418197), ([[1023, 397], [1237, 397], [1237, 481], [1023, 481]], '숨입리코', 1.8080956579069607e-05)]
[([[54, 14], [336, 14], [336, 92], [54, 92]], '@@움@@극젠', 0.0020157381206098884), ([[925, 7], [1240, 7], [1240, 97], [925, 97]], '한어되부돌안네입', 3.960813021825539e-05), ([[66, 76], [280, 76], [280, 154], [66, 154]], '신 려이', 0.0010507373372092843), ([[919, 71], [1280, 71], [1280, 157], [919, 157]], '쓸신인입터$', 0.00037691337017720593), ([[24, 186], [220, 186], [220, 258], [24, 258]], '예앗)이', 0.06804607808589935), ([[241, 187], [327, 187], [327, 255], [241, 255]], '예애', 0.1800891521209445), ([[945, 153], [1253, 153], [1253, 309], [945, 309]], '뼈태', 0.04566000056274442), ([[20, 250], [98, 250], [98, 304], [20, 304]], '@부', 0.052748774910073896), ([[119, 241], [329, 241], [329, 325], [119, 325]], '집 전위', 0.011098889634013176), ([[934, 280], [1273, 280], [1273, 365], [934, 365]], "'면달@갑해-빨", 0.0007319115754556136), ([[514, 402], [780, 402], [780, 644], [514, 644]], '2', 0.03968467279796273)]
[([[1051, 39], [1164, 39], [1164, 104], [1051, 104]], '@@3갈', 0.015505648218095303), ([[1024, 88], [1243, 88], [1243, 174], [1024, 174]], '@의질이', 0.021343016996979713), ([[985, 153], [1201, 153], [1201, 237], [985, 237]], '진-0자0', 0.0011307332113586694), ([[1038, 216], [1226, 216], [1226, 294], [1038, 294]], '@센로속', 0.027534188702702522), ([[1006, 275], [1208, 275], [1208, 355], [1006, 355]], "물@이$ '", 0.019353284012128078)]
[([[85, 39], [430, 39], [430, 130], [85, 130]], '[책로째물 _인@', 0.002487694181772398), ([[1002, 46], [1238, 46], [1238, 122], [1002, 122]], '@애진상@', 0.015750918304193326), ([[1, 39], [409, 39], [409, 201], [1, 201]], '계플태-빼', 0.0011460075383241345), ([[999, 101], [1277, 101], [1277, 185], [999, 185]], '손일적뱃전뷰', 0.00010324060852402945), ([[1006, 165], [1264, 165], [1264, 243], [1006, 243]], '대현초천히', 0.020870126142127778), ([[84, 200], [332, 200], [332, 278], [84, 278]], '질격롭렉', 0.0016288069309666753), ([[998, 224], [1239, 224], [1239, 310], [998, 310]], '멋보자용80', 0.0009629976576736986), ([[76, 262], [322, 262], [322, 336], [76, 336]], '일기트런때', 0.0030204212826746), ([[18, 318], [359, 318], [359, 405], [18, 405]], '[반로@이들선줌 &', 0.0003222310125810407)]
[([[98, 49], [279, 49], [279, 130], [98, 130]], '@션정적날', 0.0038745203292624023), ([[72, 112], [298, 112], [298, 190], [72, 190]], '맨갑@ 입', 0.005656514010144692), ([[125, 189], [213, 189], [213, 249], [125, 249]], '@_', 0.03725890839951691), ([[1072, 176], [1166, 176], [1166, 252], [1072, 252]], '짓문', 0.0067155338134330545), ([[78, 244], [166, 244], [166, 322], [78, 322]], '@', 0.3849446179685856), ([[122, 304], [200, 304], [200, 382], [122, 382]], '편', 0.3620905286369158)]
[([[94, 34], [274, 34], [274, 110], [94, 110]], '(기이@', 0.005555706098675728), ([[1056, 34], [1236, 34], [1236, 108], [1056, 108]], '(주물', 0.012948635870310565), ([[41, 93], [287, 93], [287, 177], [41, 177]], '@롭-제비하이', 0.0055213989209749615), ([[1069, 91], [1203, 91], [1203, 175], [1069, 175]], '주하', 0.020760450743710364), ([[1082, 162], [1202, 162], [1202, 216], [1082, 216]], "@':", 0.16282214648444715), ([[20, 234], [102, 234], [102, 308], [20, 308]], '(', 0.9971757830344927), ([[126, 236], [304, 236], [304, 312], [126, 312]], '잔향', 0.04963742691489283), ([[1070, 210], [1256, 210], [1256, 290], [1070, 290]], '손의지', 0.04387373477220535), ([[1069, 267], [1217, 267], [1217, 353], [1069, 353]], '히입*의', 0.0010823954362422228)]
[([[111, 37], [197, 37], [197, 99], [111, 99]], '예', 0.32003260142268175), ([[1032, 32], [1224, 32], [1224, 108], [1032, 108]], '(품또주쥐', 0.0004779733361490423), ([[60, 88], [288, 88], [288, 168], [60, 168]], '@팬로안', 0.0545034259557724), ([[1045, 93], [1264, 93], [1264, 170], [1045, 170]], '@이지뚜', 0.01318748958317165), ([[11, 151], [293, 151], [293, 237], [11, 237]], '엉어진표 중 @', 0.0009057109656340384), ([[1048, 152], [1220, 152], [1220, 232], [1048, 232]], '갑@ 기', 0.009616662748157978), ([[56, 274], [150, 274], [150, 350], [56, 350]], '(옆', 0.08389355470455312), ([[1046, 258], [1130, 258], [1130, 334], [1046, 334]], '(', 0.840735739597509), ([[39, 333], [253, 333], [253, 419], [39, 419]], '굶', 0.014917911514890969), ([[1077, 315], [1183, 315], [1183, 399], [1077, 399]], '굶움', 0.016515830682746493)]
[([[1043, 97], [1222, 97], [1222, 169], [1043, 169]], '(부근록록통', 0.014886806485767177), ([[1026, 162], [1222, 162], [1222, 242], [1026, 242]], '움원', 0.08023133511341639)]
[([[1036, 104], [1181, 104], [1181, 200], [1036, 200]], '(축포용', 0.0899646207690239)]
[([[84, 32], [212, 32], [212, 106], [84, 106]], '낙린이', 0.015100383199751377), ([[1087, 37], [1207, 37], [1207, 99], [1087, 99]], '@', 0.40190302531654254), ([[41, 89], [259, 89], [259, 177], [41, 177]], '생뱃된', 0.0010100612808111842), ([[1013, 87], [1275, 87], [1275, 173], [1013, 173]], '손-뱃)', 0.030662786215543747), ([[49, 149], [251, 149], [251, 235], [49, 235]], '@워적', 0.016518463609561544), ([[1035, 151], [1263, 151], [1263, 227], [1035, 227]], '@훌가진기)', 0.0007896805923966658), ([[91, 219], [207, 219], [207, 285], [91, 285]], '`핸뱃', 0.0027181424407769967), ([[1042, 216], [1258, 216], [1258, 292], [1042, 292]], '사양증', 0.001809593577091407), ([[38, 270], [253, 270], [253, 354], [38, 354]], '@반어전적)', 0.008599697191614655), ([[1039, 269], [1257, 269], [1257, 355], [1039, 355]], '@권뷰', 0.008576441187670121)]
[([[75, 51], [169, 51], [169, 111], [75, 111]], '@@}', 0.26944372238789976), ([[1021, 41], [1277, 41], [1277, 127], [1021, 127]], '(캐뚜_탤탕 )', 0.004838283454607851), ([[26, 102], [237, 102], [237, 180], [26, 180]], '@의진이 이', 0.0003093556830437814), ([[1083, 101], [1219, 101], [1219, 181], [1083, 181]], '@집', 0.42006536302485564), ([[14, 164], [298, 164], [298, 244], [14, 244]], '짧의 켓|', 0.0009665221438604802), ([[1038, 162], [1224, 162], [1224, 242], [1038, 242]], '@훨}(', 0.0732378214597702), ([[30, 226], [278, 226], [278, 304], [30, 304]], '어콤/품진로움', 0.0005154484101362644), ([[41, 281], [242, 281], [242, 369], [41, 369]], '@@안@', 0.009060855954885483)]
[([[54, 60], [280, 60], [280, 138], [54, 138]], '실씬치@@', 0.12926346649368195), ([[998, 44], [1098, 44], [1098, 122], [998, 122]], '@', 0.9238616672422637), ([[1120, 44], [1204, 44], [1204, 120], [1120, 120]], '질', 0.06900297129377364), ([[4, 120], [292, 120], [292, 200], [4, 200]], '@_밀주 _위이', 0.002921092262007194), ([[672, 112], [748, 112], [748, 186], [672, 186]], '~', 0.9566368305768467), ([[970, 104], [1280, 104], [1280, 184], [970, 184]], '@왜)닿물물어제', 0.0010251288904309977), ([[46, 184], [252, 184], [252, 264], [46, 264]], '@)촬', 0.05887972763442845), ([[1031, 161], [1229, 161], [1229, 245], [1031, 245]], '진일--}', 0.011627529660732256), ([[97, 243], [189, 243], [189, 327], [97, 327]], '생', 0.040521838041378766), ([[1049, 223], [1167, 223], [1167, 307], [1049, 307]], '@데의', 0.028930104621671022)]
[([[945, 19], [1221, 19], [1221, 105], [945, 105]], '@똑0품육 ', 0.009263635434304565), ([[936, 118], [1270, 118], [1270, 196], [936, 196]], ';8의진-락때지', 0.00017297387782014268), ([[977, 173], [1229, 173], [1229, 259], [977, 259]], '@히훨어제리', 0.019145806331647232), ([[1000, 232], [1189, 232], [1189, 318], [1000, 318]], '@교', 0.19709516086318957), ([[922, 292], [1245, 292], [1245, 379], [922, 379]], '원천진@  춤', 0.0009418250659075336), ([[500, 389], [831, 389], [831, 654], [500, 654]], "<'", 0.11945106127775587)]
[([[1055, 87], [1241, 87], [1241, 173], [1055, 173]], '@%', 0.15321209659242668), ([[368.2918871587354, 324.0139338318787], [579.7299987601565, 489.894014815739], [481.7081128412646, 613.9860661681213], [270.2700012398435, 448.105985184261]], '장', 0.005124806848650687)]
[([[1136, 18], [1210, 18], [1210, 470], [1136, 470]], '{', 0.04884112550886588)]
[([[60, 44], [242, 44], [242, 118], [60, 118]], '트랜이결', 0.020774370059370995), ([[1049, 47], [1187, 47], [1187, 111], [1049, 111]], '@회해', 0.5050470934032638), ([[34, 102], [268, 102], [268, 180], [34, 180]], '텔리 @코움', 0.011011863239809436), ([[1020, 102], [1226, 102], [1226, 180], [1020, 180]], '진스스밟)', 0.006523021938610707), ([[0, 162], [284, 162], [284, 242], [0, 242]], '종롭어 방관대', 0.0037887721117719816), ([[1019, 159], [1241, 159], [1241, 245], [1019, 245]], '전일장엔', 0.009345428086817265), ([[0, 221], [311, 221], [311, 311], [0, 311]], '@어진이빨증퍼재', 0.000216015962490156), ([[1020, 224], [1238, 224], [1238, 298], [1020, 298]], '대무전인닷', 0.005423419799388469), ([[23, 283], [281, 283], [281, 371], [23, 371]], '집랍요짓밟)', 0.0010422636892196313), ([[1032, 279], [1221, 279], [1221, 370], [1032, 370]], '그템]', 0.002038110311002244), ([[972, 346], [1280, 346], [1280, 424], [972, 424]], '@기언번려데0', 0.000322484767915775)]
[([[556, 150], [730, 150], [730, 470], [556, 470]], '뿐', 0.01981601759973395)]
[([[986, 16], [1250, 16], [1250, 94], [986, 94]], '미모되_문뱃', 0.0002796486545508407), ([[988, 76], [1262, 76], [1262, 154], [988, 154]], '@친"짚', 0.007533078547567129), ([[1016, 136], [1192, 136], [1192, 216], [1016, 216]], '손물주', 0.05250875638418454), ([[1066, 198], [1186, 198], [1186, 276], [1066, 276]], '[@씹입', 0.003003588950604297), ([[982, 258], [1254, 258], [1254, 332], [982, 332]], '@짓입진쾌', 0.01701219555639992), ([[1013, 317], [1233, 317], [1233, 403], [1013, 403]], '@발음집렉', 0.10331647221825956), ([[1030, 382], [1216, 382], [1216, 456], [1030, 456]], '@발쾌', 0.012822662002692466)]
[([[32, 16], [242, 16], [242, 94], [32, 94]], '조콤질물', 0.014329589903354645), ([[1022, 18], [1144, 18], [1144, 90], [1022, 90]], '@권', 0.22844284209847868), ([[30, 74], [244, 74], [244, 154], [30, 154]], '@@몸', 0.05938780037727748), ([[1019, 81], [1139, 81], [1139, 143], [1019, 143]], '@회-', 0.013102240279899717), ([[24, 138], [250, 138], [250, 210], [24, 210]], '&고권계', 0.0016680816188454628), ([[1016, 133], [1175, 133], [1175, 210], [1016, 210]], '씬계지국', 0.0006855407846160233), ([[36, 196], [238, 196], [238, 276], [36, 276]], '선물어', 0.06181775778532028), ([[996, 198], [1196, 198], [1196, 274], [996, 274]], '어떠` @입', 0.004912741393972589), ([[60, 258], [214, 258], [214, 334], [60, 334]], '랜찮-', 0.002178434044655838), ([[13, 317], [223, 317], [223, 401], [13, 401]], '@하끝외', 0.0031031009275466204)]
[([[118, 26], [170, 26], [170, 74], [118, 74]], '떼', 0.7240910541772259), ([[1005, 11], [1191, 11], [1191, 95], [1005, 95]], '@역@8입', 0.007412195031332893), ([[54, 74], [266, 74], [266, 154], [54, 154]], '@증밟 )', 0.01762098823670188), ([[1018, 76], [1178, 76], [1178, 152], [1018, 152]], '이프인질', 0.0020033575128763914), ([[44, 136], [286, 136], [286, 216], [44, 216]], '8리스탕하틱', 0.0006861364928839514), ([[979, 131], [1212, 131], [1212, 221], [979, 221]], '맨잡의93', 0.0007980420870040561), ([[8, 198], [280, 198], [280, 276], [8, 276]], '{진름 중@', 0.005453011888896177)]
[([[1034, 34], [1180, 34], [1180, 156], [1034, 156]], '계', 0.058857714186535626)]
[([[1033, 21], [1155, 21], [1155, 85], [1033, 85]], '@회해', 0.16614922700596388), ([[10, 10], [222, 10], [222, 162], [10, 162]], '핸씬', 0.021564909562606534), ([[952, 74], [1230, 74], [1230, 154], [952, 154]], '댐장의귀인언데이', 0.000938396622112908), ([[56, 138], [176, 138], [176, 214], [56, 214]], '넷진움', 0.002882266250976537), ([[1018, 136], [1206, 136], [1206, 216], [1018, 216]], '오미지장', 0.004208149388432503), ([[24, 198], [206, 198], [206, 274], [24, 274]], '&일증', 0.002137818348658871), ([[1016, 200], [1172, 200], [1172, 274], [1016, 274]], '몽)귀의', 0.0034375460676029724), ([[42, 260], [190, 260], [190, 336], [42, 336]], '민인넷', 0.009988350470538554), ([[24, 324], [169, 324], [169, 390], [24, 390]], '민되야', 0.014979434375272526)]
[([[1006, 28], [1220, 28], [1220, 106], [1006, 106]], '무리로지 )', 0.00454359600723847), ([[999, 95], [1051, 95], [1051, 139], [999, 139]], '@', 0.33004493607609575), ([[1044, 88], [1228, 88], [1228, 168], [1044, 168]], '{_템입열', 0.0013476762406741357), ([[19, 109], [209, 109], [209, 197], [19, 197]], '맨@', 0.016136792400591425), ([[990, 152], [1238, 152], [1238, 230], [990, 230]], '중#플탕@', 0.00023182651166362553), ([[25, 167], [203, 167], [203, 329], [25, 329]], '[8', 0.0801605553030381), ([[17, 297], [209, 297], [209, 381], [17, 381]], '@_끼많>', 0.0003279690524939047)]
