2310983
41
[([[221, 925], [259, 925], [259, 979], [221, 979]], '기', 0.16502497002764827), ([[238, 980], [262, 980], [262, 1004], [238, 1004]], '0', 0.44802818335155337), ([[17.77412199988134, 227.00170079212106], [120.21065338153778, 203.0014792345096], [282.22587800011866, 920.998299207879], [180.78934661846222, 944.9985207654904]], '1', 0.10491324630823229), ([[631.4100031799904, 322.45600508798475], [648.6372889329931, 307.0684709082316], [680.5899968200096, 343.54399491201525], [663.3627110670069, 358.9315290917684]], '=', 0.0395440509278453)]
[([[19, 71], [275, 71], [275, 181], [19, 181]], '가라! !', 0.9490124884579599), ([[40, 182], [258, 182], [258, 280], [40, 280]], '1호! !', 0.6137387390538055), ([[553, 227], [823, 227], [823, 339], [553, 339]], '그릇!?', 0.4977962076663971), ([[56.324271168692654, 776.0120198402636], [496.9527398616897, 950.6607271618078], [431.67572883130737, 1094.9879801597363], [-7.952739861689668, 920.3392728381922]], '파재?해', 0.3486734926700592)]
[([[42, 12], [308, 12], [308, 66], [42, 66]], '후후후후.  구 =', 0.10448505331836494), ([[124, 64], [230, 64], [230, 114], [124, 114]], '어때?', 0.9999478304416382), ([[36, 108], [318, 108], [318, 164], [36, 164]], '내 개조노우무의', 0.9717948506171634), ([[60, 157], [295, 157], [295, 213], [60, 213]], '전격공격이!?', 0.9612088916698538), ([[606, 158], [670, 158], [670, 210], [606, 210]], '옷', 0.5944599763324732), ([[595, 483], [739, 483], [739, 545], [595, 545]], '이뜰', 0.02103211704064796), ([[511, 529], [823, 529], [823, 595], [511, 595]], '상상 이상-로', 0.16490867536540066), ([[604, 582], [732, 582], [732, 634], [604, 634]], '안돼뇨', 0.03000332789319896), ([[529, 627], [805, 627], [805, 691], [529, 691]], '안@의식아', 0.11334210946449304)]
[([[661, 157], [743, 157], [743, 199], [661, 199]], '으으', 0.9148316314406798)]
[([[554, 266], [602, 266], [602, 316], [554, 316]], '여', 0.9999812842291114), ([[639, 265], [763, 265], [763, 319], [639, 319]], '여기는', 0.29469630662876806), ([[104, 820], [288, 820], [288, 994], [104, 994]], '(', 0.8340444498783341)]
[([[38, 58], [348, 58], [348, 110], [38, 110]], '일어난 모양이네국 =', 0.45317297916865684), ([[100, 100], [286, 100], [286, 150], [100, 150]], '내 실험실에', 0.9988493489784961), ([[64, 140], [260, 140], [260, 192], [64, 192]], '온 겉 환영해-', 0.49509124915551966), ([[289, 157], [315, 157], [315, 177], [289, 177]], '=', 0.12482144118952565), ([[612, 330], [736, 330], [736, 382], [612, 382]], '당신은', 0.9998569819492169)]
[([[106, 24], [232, 24], [232, 84], [106, 84]], '적당하', 0.480334819865835), ([[45, 72], [293, 72], [293, 132], [45, 132]], '인간을 골라서', 0.562881224038398), ([[28, 122], [312, 122], [312, 178], [28, 178]], '실험체로 쓸려고', 0.9437169608894439), ([[598, 140], [760, 140], [760, 196], [598, 196]], '어지간한', 0.9925174117088318), ([[32, 170], [270, 170], [270, 226], [32, 226]], '생각햇없는데', 0.19217575661457328), ([[580, 188], [776, 188], [776, 240], [580, 240]], '일반인보다', 0.9999649739337427), ([[594, 236], [764, 236], [764, 292], [594, 292]], '훨씬 종은', 0.7105773278194553), ([[552, 282], [801, 282], [801, 342], [552, 342]], '대상을 얻다니', 0.35470384592182896), ([[580, 332], [772, 332], [772, 388], [580, 388]], '턱키잡아크', 0.30723190659050836)]
[([[17, 17], [317, 17], [317, 80], [17, 80]], '이런 짓율 하다니', 0.6992066497331654), ([[42, 70], [326, 70], [326, 124], [42, 124]], '다른 하어로들이', 0.9310927629397794), ([[102, 118], [264, 118], [264, 172], [102, 172]], '가만있지', 0.9979726076126099), ([[74, 164], [262, 164], [262, 218], [74, 218]], '않울거야 "', 0.1953541785933562), ([[568, 538], [750, 538], [750, 586], [568, 586]], '쉽게 패배름', 0.24775397473738112), ([[520, 582], [798, 582], [798, 630], [520, 630]], '인정하지 안네국 =', 0.2791399943051462), ([[514, 622], [804, 622], [804, 672], [514, 672]], '것보다 자기 자신올', 0.7502543614784182), ([[574, 666], [746, 666], [746, 714], [574, 714]], '걱정하는게', 0.4070525053230804), ([[547, 705], [765, 705], [765, 755], [547, 755]], '좋율거야 ! =', 0.4352574919907762)]
[([[690, 160], [750, 160], [750, 208], [690, 208]], '옷', 0.3781102111662591), ([[624, 206], [748, 206], [748, 260], [624, 260]], '능력이', 0.9980564142005575), ([[642, 254], [762, 254], [762, 306], [642, 306]], '나오질', 0.7507002949714661), ([[622, 302], [782, 302], [782, 354], [622, 354]], '않아  !?', 0.7401013109992697), ([[46, 694], [313, 694], [313, 756], [46, 756]], '후후후후   크 국', 0.20036028861871907), ([[15, 745], [349, 745], [349, 807], [15, 807]], '그런 위험한 능력에', 0.7348548314597676), ([[58, 798], [306, 798], [306, 852], [58, 852]], '아무런 대책도', 0.9971766166306154), ([[39, 842], [326, 842], [326, 904], [39, 904]], '세워두지 않있올', 0.4177630483492758), ([[50, 894], [310, 894], [310, 950], [50, 950]], '리가 없잡아? =', 0.5346590726648391), ([[135.30769230769232, 51.53846153846154], [286.0579839983679, 27.492746106208067], [292.6923076923077, 88.46153846153847], [140.9420160016321, 111.50725389379193]], '표물콤물', 0.031835731118917465)]
[([[608, 388], [754, 388], [754, 442], [608, 442]], '@웃어', 0.042390136601712106), ([[105, 463], [255, 463], [255, 505], [105, 505]], '자: 크 크', 0.40573597259392247), ([[599, 435], [765, 435], [765, 495], [599, 495]], '분화지만', 0.667701708951912), ([[54, 506], [312, 506], [312, 560], [54, 560]], '그럼 이제 어서', 0.9621464875126051), ([[615, 483], [747, 483], [747, 543], [615, 543]], '죄근은', 0.04319660658668666), ([[98, 552], [268, 552], [268, 608], [98, 608]], '내 실험에', 0.9925191309369844), ([[556, 524], [807, 524], [807, 598], [556, 598]], '데말영밤관?', 0.03325671109816066), ([[34, 598], [333, 598], [333, 661], [34, 661]], '참여해주실까 ?', 0.6616625350673843), ([[600, 582], [766, 582], [766, 638], [600, 638]], '괜찮아@', 0.04552140086889267), ([[148, 664], [180, 664], [180, 688], [148, 688]], '크', 0.5140710617543078), ([[187, 665], [213, 665], [213, 685], [187, 685]], '크', 0.12804965869340013), ([[597, 627], [769, 627], [769, 687], [597, 687]], '어떻레문', 0.35689324140548706), ([[529, 665], [823, 665], [823, 793], [529, 793]], '대른되어록금기', 0.0006551116973858419), ([[567, 771], [795, 771], [795, 833], [567, 833]], '와줄기야지', 0.051633788302643535), ([[124.15889360201312, 1037.3906723224156], [248.82216441369704, 1005.4297436552436], [259.8411063979869, 1058.6093276775844], [135.17783558630296, 1089.5702563447564]], '스음 ', 0.18661780880005804)]
[([[32, 456], [298, 456], [298, 510], [32, 510]], '후후후후:  구 크', 0.20964937339044834), ([[611, 403], [773, 403], [773, 517], [611, 517]], '히교', 0.0028187844477662143), ([[713, 473], [753, 473], [753, 493], [713, 493]], '638', 0.004489761910117583), ([[62, 504], [272, 504], [272, 560], [62, 560]], '내가 발명한', 0.9874090523896879), ([[566, 508], [658, 508], [658, 560], [566, 560]], '마이', 0.3825708273205137), ([[68, 554], [268, 554], [268, 608], [68, 608]], '세퇴광선에', 0.24280514278636758), ([[598, 498], [823, 498], [823, 624], [598, 624]], '하', 0.1283478614144684), ([[22, 602], [312, 602], [312, 656], [22, 656]], '언제까지 버리 수', 0.4300088740580282), ([[626, 604], [758, 604], [758, 660], [626, 660]], '배사 ?', 0.062392311420910604), ([[32, 648], [262, 648], [262, 702], [32, 702]], '있올려나:  =', 0.18804017773030068), ([[264, 662], [296, 662], [296, 688], [264, 688]], '크', 0.37899072074171514), ([[215, 863], [311, 863], [311, 925], [215, 925]], '죄임', 0.0595561788368524)]
[([[556, 522], [732, 522], [732, 578], [556, 578]], '후후후후 ', 0.9326337501202775), ([[535, 569], [773, 569], [773, 629], [535, 629]], '무서워하지마', 0.9807663792694842), ([[536, 620], [662, 620], [662, 672], [536, 672]], '아가씨', 0.999971437465754), ([[668, 630], [762, 630], [762, 658], [668, 658]], '"구구', 0.07031672159313035), ([[44, 936], [366, 936], [366, 992], [44, 992]], '잠~시만 내 실험에', 0.9898722575899233), ([[20, 984], [390, 984], [390, 1040], [20, 1040]], '참여해쥐으면 하는 것', 0.20895289604508063), ([[68, 1032], [336, 1032], [336, 1086], [68, 1086]], '뿐이니까: = 크', 0.12142036180930338), ([[643.3204595160191, 306.07797591888243], [683.9698484809835, 333.5757359312881], [668.6795404839809, 354.92202408111757], [629.0301515190165, 327.4242640687119]], '(114"', 0.38453843857483166)]
[([[72, 60], [274, 60], [274, 116], [72, 116]], '머릿숙에"', 0.03358542554491196), ([[88, 108], [254, 108], [254, 160], [88, 160]], '문가가억', 0.013915100134909153), ([[97, 153], [245, 153], [245, 215], [97, 215]], '싫어', 0.9751751935990989), ([[623, 270], [793, 270], [793, 335], [623, 335]], "도안다'", 0.08040068298578262), ([[626, 326], [792, 326], [792, 378], [626, 378]], '다마기$', 0.021882666274905205), ([[626, 370], [792, 370], [792, 426], [626, 426]], '밑리오"', 0.11268435418605804), ([[92, 756], [256, 756], [256, 812], [92, 812]], '후후후후', 0.6605396163383322), ([[156, 820], [224, 820], [224, 844], [156, 844]], '크 크', 0.3215479552745819)]
[([[604, 202], [740, 202], [740, 252], [604, 252]], '자 그럼-', 0.8626534169691902), ([[574, 248], [806, 248], [806, 305], [574, 305]], '너느 누구지?', 0.5609900954771461), ([[604, 298], [744, 298], [744, 354], [604, 354]], '말해화 ', 0.6640071868896484)]
[([[675, 115], [715, 115], [715, 155], [675, 155]], '네', 0.9831543194579808), ([[654, 160], [738, 160], [738, 210], [654, 210]], '저논', 0.640417622720037), ([[616, 204], [779, 204], [779, 264], [616, 264]], '주인남의', 0.9845723509788513), ([[618, 254], [782, 254], [782, 310], [618, 310]], '종입니다', 0.991921603679657), ([[56, 679], [257, 679], [257, 733], [56, 733]], '옳~지율지!', 0.1560168283355709), ([[122, 742], [190, 742], [190, 766], [122, 766]], '크 키', 0.2517299225048686), ([[96, 776], [218, 776], [218, 830], [96, 830]], '실험은', 0.99881326719512), ([[48, 824], [264, 824], [264, 880], [48, 880]], '대성공이군!', 0.9783509621271893), ([[122, 886], [190, 886], [190, 910], [122, 910]], '크 키', 0.21509742374208743)]
[([[666, 170], [748, 170], [748, 220], [666, 220]], '그건', 0.9978017386787651), ([[628, 218], [754, 218], [754, 270], [628, 270]], '그렇고', 0.9965411424636841), ([[603, 262], [813, 262], [813, 322], [603, 322]], '엄청난 비율', 0.9752190456779888), ([[620, 314], [796, 314], [796, 366], [620, 366]], '이잡아!', 0.8436181545257568), ([[604, 360], [812, 360], [812, 414], [604, 414]], '그러고 보니', 0.9935856951780229), ([[634, 410], [784, 410], [784, 464], [634, 464]], '이 여자!', 0.9746371026979563), ([[630, 456], [786, 456], [786, 512], [630, 512]], '유에이의', 0.9908629059791565), ([[612, 506], [808, 506], [808, 560], [612, 560]], '미스?에서', 0.0920825312714563), ([[627, 553], [787, 553], [787, 607], [627, 607]], '우승햇던', 0.45771607756614685), ([[628, 602], [788, 602], [788, 656], [628, 656]], '여잔가? !', 0.9761427411448604), ([[110, 818], [302, 818], [302, 992], [110, 992]], '(', 0.09120854585685212)]
[([[42, 454], [264, 454], [264, 506], [42, 506]], '조 좋아 !', 0.9242231264879183), ([[22, 500], [278, 500], [278, 556], [22, 556]], '구속을 풀 테니', 0.48633033931146274), ([[689, 513], [737, 513], [737, 557], [689, 557]], '네', 0.9998402659312546), ([[66, 550], [238, 550], [238, 604], [66, 604]], '옷올 벗고', 0.42999635241074297), ([[40, 598], [264, 598], [264, 652], [40, 652]], '알쪽이 되라!', 0.2976298087168424)]
[([[73, 101], [255, 101], [255, 145], [73, 145]], '오 오오:', 0.6201804053371724), ([[33, 144], [285, 144], [285, 204], [33, 204]], '이거 대단하군:', 0.8452844306137872), ([[140, 208], [208, 208], [208, 234], [140, 234]], '크 크', 0.5098087787628174), ([[562, 188], [808, 188], [808, 242], [562, 242]], '분명 남자들이', 0.7496979331861263), ([[604, 236], [764, 236], [764, 290], [604, 290]], '떠받들어', 0.8272428157468894), ([[596, 284], [770, 284], [770, 338], [596, 338]], '취젯지: !', 0.09870610627263811), ([[103, 807], [325, 807], [325, 993], [103, 993]], '@', 0.08414321407743675)]
[([[118, 20], [202, 20], [202, 72], [118, 72]], '이런', 0.999935431638645), ([[50, 66], [270, 66], [270, 122], [50, 122]], '야한 겉 달고', 0.6571196308371968), ([[54, 116], [266, 116], [266, 168], [54, 168]], '다니면서:  !', 0.5103018727224109), ([[55, 159], [268, 159], [268, 220], [55, 220]], '하어로 같은', 0.5566859520933076), ([[14, 212], [306, 212], [306, 266], [14, 266]], '것보다 창녀가 더', 0.7097916845179973), ([[661, 205], [709, 205], [709, 249], [661, 249]], '네', 0.9997161828224854), ([[10, 257], [310, 257], [310, 313], [10, 313]], '어울린다고! 양!?', 0.9699062054573299), ([[664, 250], [748, 250], [748, 302], [664, 302]], '면목', 0.9879296856826556), ([[606, 296], [782, 296], [782, 352], [606, 352]], '없습니다:', 0.48898315572481144), ([[102, 811], [325, 811], [325, 995], [102, 995]], '@', 0.009479435307939765), ([[549.1394255660866, 497.06203640599784], [618.9558752653031, 532.2736737481338], [595.8605744339134, 577.9379635940021], [525.0441247346969, 543.7263262518662]], "'물정", 0.48944206527043826)]
[([[80, 516], [194, 516], [194, 564], [80, 564]], '그래:', 0.958912008822458), ([[46, 562], [254, 562], [254, 618], [46, 618]], '종은 생각이', 0.8695482270550123), ([[622, 586], [784, 586], [784, 640], [622, 640]], '후후후후', 0.999426007270813), ([[42, 610], [206, 610], [206, 664], [42, 664]], '떠올린어', 0.3394622504711151), ([[686, 648], [752, 648], [752, 672], [686, 672]], '크 크', 0.060751982033252716), ([[116, 672], [182, 672], [182, 696], [116, 696]], '크 크', 0.2865894900708069), ([[535.20963218369, 295.04476321647195], [666.9935802707237, 342.70027513125467], [644.79036781631, 396.95523678352805], [513.0064197292763, 349.29972486874533]], '주물중물', 0.1936783790588379)]
[]
[([[76, 74], [198, 74], [198, 128], [76, 128]], '다음날', 0.9999650367200591), ([[0, 127], [17, 127], [17, 163], [0, 163]], '', 0.0), ([[414, 336], [444, 336], [444, 450], [414, 450]], '틈', 0.1182218898038947), ([[414, 452], [444, 452], [444, 628], [414, 628]], '6', 0.1648613041469682)]
[([[611, 27], [795, 27], [795, 93], [611, 93]], '데이름음', 0.14737153053283691), ([[374, 87], [793, 87], [793, 199], [374, 199]], '@-메 떠의', 0.01601518669016484), ([[364, 216], [796, 216], [796, 288], [364, 288]], '명없는여자 탤런이진~', 0.06758756247439958), ([[17, 296], [312, 296], [312, 362], [17, 362]], '그리고이녀석이', 0.17255902165599668), ([[19, 350], [446, 350], [446, 442], [19, 442]], '돼3도운문{3', 0.43542537195943753), ([[7, 457], [482, 457], [482, 589], [7, 589]], '탑미슬질어"-지룻량', 0.00042168192517229715), ([[19, 557], [395, 557], [395, 625], [19, 625]], '노훈문틀래초한 것:', 0.01340592494288268), ([[25, 815], [319, 815], [319, 1003], [25, 1003]], '안 @딸', 0.12011796236038208), ([[61, 975], [285, 975], [285, 1039], [61, 1039]], '알려춘마`', 0.049212780536172625)]
[([[625, 413], [697, 413], [697, 481], [625, 481]], '와', 0.9999639991185774), ([[679, 585], [747, 585], [747, 659], [679, 659]], '약', 0.6444154914506193), ([[130.77692215456645, 10.002262220125596], [212.61892505266448, 24.61234475624083], [125.22307784543356, 524.9977377798745], [43.38107494733551, 510.3876552437592]], '#', 0.05541528159845677), ([[631.4100031799904, 322.45600508798475], [648.6372889329931, 307.0684709082316], [680.5899968200096, 343.54399491201525], [663.3627110670069, 358.9315290917684]], '줄', 0.01570407595005463), ([[243.80896025041034, 484.0020277943263], [311.58086877830607, 494.37798652580705], [239.19103974958966, 972.9979722056737], [171.4191312216939, 962.622013474193]], '7', 0.0142238570673483), ([[404.2356553232105, 952.1202838594368], [759.1545525477145, 798.8830385885045], [790.7643446767895, 904.8797161405632], [434.84544745228555, 1058.1169614114954]], '술랍술령6이', 0.0033997315147393462)]
[([[76, 92], [268, 92], [268, 148], [76, 148]], '거기 빌런!', 0.9615795708716053), ([[76, 140], [268, 140], [268, 196], [76, 196]], '멈추세요!', 0.9849949947903468), ([[637, 323], [749, 323], [749, 365], [637, 365]], '오오:.', 0.508777916431427), ([[613, 365], [791, 365], [791, 419], [613, 419]], '히어로다!', 0.5309566180645496), ([[22, 704], [220, 704], [220, 758], [22, 758]], '히어로가:?', 0.3732777057322019), ([[610, 756], [772, 756], [772, 812], [610, 812]], '하어로가', 0.6234257817268372), ([[628, 806], [746, 806], [746, 858], [628, 858]], '윗다', 0.11126493065929133)]
[([[18, 36], [298, 36], [298, 186], [18, 186]], '!1???', 0.4607294526091435), ([[638, 316], [726, 316], [726, 366], [638, 366]], '내가', 0.9999290254448385), ([[576, 364], [790, 364], [790, 418], [576, 418]], '상대해주마!', 0.9969403242758336)]
[([[124, 36], [192, 36], [192, 86], [124, 86]], '옛:', 0.5691636160901781), ([[40, 84], [306, 84], [306, 136], [40, 136]], '히: 히어로:?', 0.7289666208274133), ([[494, 72], [776, 72], [776, 124], [494, 124]], '근데 저 아가씨:', 0.8472141461752846), ([[460, 120], [818, 120], [818, 176], [460, 176]], '유에이의 미스?에서', 0.4244424769509171), ([[504, 168], [772, 168], [772, 224], [504, 224]], '본 적이 잇는 거', 0.4864830233868828), ([[106, 228], [268, 228], [268, 284], [106, 284]], '{소리야', 0.14020195603370667), ([[558, 216], [684, 216], [684, 270], [558, 270]], '같은데', 0.6778024308350044), ([[100, 276], [274, 276], [274, 330], [100, 330]], '저건 그냥', 0.9998861780833653), ([[88, 326], [264, 326], [264, 380], [88, 380]], '치녀잖아', 0.6687524318695068), ([[648, 344], [772, 344], [772, 398], [648, 398]], '거짓말', 0.9999383325929406), ([[630, 394], [788, 394], [788, 444], [630, 444]], '이지: !?', 0.8802373704873679), ([[40, 450], [192, 450], [192, 500], [40, 500]], '치녀다:', 0.926665186882019), ([[681, 593], [739, 593], [739, 633], [681, 633]], '나 ', 0.2659387156015979), ([[614, 636], [823, 636], [823, 690], [614, 690]], '저 아가씨가', 0.9992913544796884), ([[631, 682], [802, 682], [802, 738], [631, 738]], '구해준 적', 0.9748287231495275), ([[657, 728], [762, 728], [762, 788], [657, 788]], '있어:', 0.8255051231570766), ([[62, 796], [148, 796], [148, 850], [62, 850]], '뛰야', 0.4207844985033753), ([[18, 846], [153, 846], [153, 896], [18, 896]], '저 여자', 0.9993664163182708), ([[402, 956], [488, 956], [488, 1006], [402, 1006]], '야해-', 0.9260473878550955)]
[([[80, 42], [382, 42], [382, 98], [80, 98]], '당신같은 빌런은!', 0.5358340492311957), ([[124, 90], [298, 90], [298, 144], [124, 144]], '저의 필살', 0.9993563325103583), ([[490, 46], [802, 46], [802, 150], [490, 150]], "'적벌다리", 0.7445840440308759), ([[488, 139], [805, 139], [805, 249], [488, 249]], '자지교태', 0.9778864979743958), ([[550, 240], [752, 240], [752, 338], [550, 338]], '탤스로', 0.14080709165199454), ([[611, 617], [771, 617], [771, 667], [611, 667]], '쓰러뜨러', 0.49975475668907166), ([[576, 666], [808, 666], [808, 720], [576, 720]], '줄테니까요!!', 0.5054930502471098), ([[625, 959], [715, 959], [715, 1025], [625, 1025]], '응성', 0.45217445845009924), ([[41.21942860774904, 947.0381717990401], [201.99778638623323, 1003.8118167909122], [177.78057139225098, 1064.9618282009599], [16.00221361376678, 1008.1881832090878]], '움성웅성', 0.6052042841911316), ([[687.0248357320592, 996.2844414890011], [814.824352060365, 979.1170986264234], [819.9751642679408, 1043.7155585109988], [692.175647939635, 1060.8829013735767]], '움성 66', 0.09259684128952539)]
[([[37, 63], [389, 63], [389, 155], [37, 155]], '옷 홀 옷옷', 0.026759535887256544), ([[555.9632031319512, 406.09025785212214], [626.6843715560199, 426.07960420404737], [612.0367968680488, 474.90974214787786], [541.3156284439801, 454.92039579595263]], '울륭', 0.111246731677775), ([[173.5171823341929, 490.53780113522436], [243.8116232347224, 471.36626194994534], [255.4828176658071, 523.4621988647756], [185.1883767652776, 542.6337380500547]], '출륭', 0.2810721787441434), ([[624.2672065083736, 670.0384618295502], [760.9985427292441, 725.8571725973624], [737.7327934916264, 778.9615381704498], [600.0014572707559, 723.1428274026376]], '흔들혼플', 0.0390142984688282), ([[88.15261937282273, 748.0514788571463], [229.96803785194484, 788.3318319867998], [211.84738062717727, 843.9485211428537], [70.03196214805516, 803.6681680132002]], '훈들:들', 0.1495063453912735), ([[619.0248357320592, 967.2844414890011], [710.0524766003077, 951.1551594243625], [717.9751642679408, 1014.7155585109989], [626.9475233996923, 1030.8448405756376]], '움성', 0.7796213508514178), ([[40.303473966853005, 949.03473966853], [199.99553998043285, 1002.7501592864131], [177.696526033147, 1062.9652603314698], [18.00446001956715, 1009.2498407135869]], '움성웅성', 0.5463055372238159), ([[690.341306738663, 993.1993576285181], [811.8828843429455, 982.2063643022127], [813.658693261337, 1047.800642371482], [693.1171156570545, 1058.7936356977873]], '운성히', 0.0488697756610235)]
[([[620, 30], [780, 30], [780, 84], [620, 84]], '주인남의', 0.9970908164978027), ([[82, 78], [206, 78], [206, 128], [82, 128]], '어때!?', 0.7097871985552554), ([[582, 78], [818, 78], [818, 132], [582, 132]], '세뇌광선으로', 0.5076745754876432), ([[638, 124], [765, 124], [765, 184], [638, 184]], '허리틀', 0.2623168736168976), ([[602, 174], [802, 174], [802, 228], [602, 228]], '흔들때마다', 0.9949182651279549), ([[620, 222], [784, 222], [784, 278], [620, 278]], '기분증게', 0.9177375435829163), ([[604, 270], [800, 270], [800, 326], [604, 326]], '절정하는길', 0.42531228412930244), ([[604, 318], [802, 318], [802, 372], [604, 372]], '반복하도록', 0.9986113627132398), ([[576, 362], [823, 362], [823, 424], [576, 424]], '암시에 걸리고', 0.969689218776153), ([[550, 414], [793, 414], [793, 470], [550, 470]], '울있거튼! ! 0', 0.18827110688523294), ([[182, 480], [250, 480], [250, 534], [182, 534]], '출령', 0.10245360246570757), ([[623.2516257571808, 671.040119541782], [760.9998380360717, 724.9523820541764], [737.7483742428192, 777.959880458218], [600.0001619639283, 724.0476179458236]], '흔들흔들', 0.104543037712574), ([[88.14231399598147, 749.0527433674499], [229.96334584241052, 788.2845877559167], [211.85768600401852, 843.9472566325501], [70.0366541575895, 804.7154122440833]], '훈들:들', 0.05560433492064476), ([[618.9699482330199, 968.3008291689657], [710.0524766003077, 951.1551594243625], [719.0300517669801, 1014.6991708310343], [626.9475233996923, 1030.8448405756376]], '움성', 0.5338921163632613), ([[40.211774839897174, 948.0389258829615], [200.99650101891083, 1003.763417129618], [177.78822516010283, 1064.9610741170386], [16.003498981089177, 1009.236582870382]], '움성웅성', 0.6751266121864319), ([[689.1736368240006, 995.2424562488021], [810.8158972277703, 981.1044461964935], [814.8263631759994, 1045.7575437511978], [693.1841027722297, 1059.8955538035066]], '움성히', 0.1198556608613687)]
[([[42, 36], [194, 36], [194, 86], [42, 86]], '게다가 :', 0.3179536701728996), ([[62, 82], [182, 82], [182, 134], [62, 134]], '호웃9', 0.44916961073706807), ([[656, 100], [742, 100], [742, 152], [656, 152]], '증쪽', 0.37237760898347033), ([[6, 128], [240, 128], [240, 184], [6, 184]], '기   기분종은', 0.42400853937405614), ([[616, 148], [740, 148], [740, 198], [616, 198]], '되도록', 0.9998464518545691), ([[62, 178], [184, 178], [184, 232], [62, 232]], '절정올', 0.9485034235977757), ([[612, 196], [816, 196], [816, 248], [612, 248]], '호옷 호웃이', 0.4417292634645073), ([[62, 226], [186, 226], [186, 280], [62, 280]], '반복할', 0.7569293196780281), ([[612, 244], [820, 244], [820, 298], [612, 298]], '암시도 걸려', 0.7850195030538043), ([[21, 273], [164, 273], [164, 328], [21, 328]], '때마다 ', 0.9590611457824707), ([[608, 292], [808, 292], [808, 346], [608, 346]], '있으니까안', 0.9469988778891885), ([[42, 324], [170, 324], [170, 376], [42, 376]], '쾌락이', 0.2867904582591758), ([[62, 370], [180, 370], [180, 422], [62, 422]], '아양0', 0.19669697974064512), ([[180, 480], [250, 480], [250, 534], [180, 534]], '출', 0.9683968209385831), ([[556.0293498376011, 405.0790340093668], [628.793694551124, 429.44015915931277], [610.9706501623989, 477.9209659906332], [539.206305448876, 453.55984084068723]], '출평', 0.1362720757967626), ([[623.2516257571808, 671.040119541782], [760.9998380360717, 724.9523820541764], [737.7483742428192, 777.959880458218], [600.0001619639283, 724.0476179458236]], '흔들흔들', 0.13900308310985565), ([[88.15261937282273, 748.0514788571463], [229.96334584241052, 788.2845877559167], [211.84738062717727, 843.9485211428537], [70.0366541575895, 804.7154122440833]], '훈들:들', 0.07826145738363266), ([[619.0248357320592, 967.2844414890011], [710.085278918683, 951.1896010228675], [717.9751642679408, 1014.7155585109989], [625.914721081317, 1030.8103989771325]], '움성', 0.8331259307617114), ([[40.211774839897174, 947.0389258829615], [201.99654203571484, 1002.7648075871848], [177.78822516010283, 1063.9610741170386], [16.003457964285175, 1008.2351924128152]], '움성웅성', 0.6107343435287476), ([[689.1736368240006, 995.2424562488021], [810.8158972277703, 981.1044461964935], [814.8263631759994, 1045.7575437511978], [693.1841027722297, 1059.8955538035066]], '움성히', 0.09932350844634706)]
[([[121, 119], [161, 119], [161, 163], [121, 163]], '학', 0.23439700201583946), ([[88, 163], [202, 163], [202, 218], [88, 218]], '이앗 .', 0.27442076802253723), ([[580, 236], [776, 236], [776, 288], [580, 288]], '히그웃!? 0', 0.3908083025446356), ([[625, 959], [715, 959], [715, 1025], [625, 1025]], '응성_', 0.18078654766506025), ([[554.9805585009541, 406.0872393055339], [626.6769839097201, 426.05787392562206], [612.0194414990459, 475.9127606944661], [539.3230160902799, 455.94212607437794]], '울륭', 0.11345358413870787), ([[173.5171823341929, 490.53780113522436], [243.8116232347224, 471.36626194994534], [255.4828176658071, 523.4621988647756], [185.1883767652776, 542.6337380500547]], '출륭', 0.2273821160510306), ([[623.2516257571808, 671.040119541782], [760.9998380360717, 724.9523820541764], [737.7483742428192, 777.959880458218], [600.0001619639283, 724.0476179458236]], '흔들흔들', 0.1666572391986847), ([[88.15261937282273, 748.0514788571463], [229.96334584241052, 788.2845877559167], [211.84738062717727, 843.9485211428537], [70.0366541575895, 804.7154122440833]], '훈들:들', 0.13195845484733582), ([[40.29650905826692, 949.0354396768425], [200.99559255588036, 1002.7516357672469], [178.70349094173307, 1061.9645603231575], [18.00440744411962, 1009.2483642327531]], '움성웅성', 0.6492472887039185), ([[689.1736368240006, 995.2424562488021], [810.8158972277703, 981.1044461964935], [814.8263631759994, 1045.7575437511978], [693.1841027722297, 1059.8955538035066]], '움성히', 0.10482832953533622)]
[([[37, 21], [572, 21], [572, 120], [37, 120]], '응오오오오욕분!', 0.3291622256222236), ([[625, 959], [715, 959], [715, 1025], [625, 1025]], '응성', 0.44650992916551485), ([[538.3909178719197, 158.0309951448124], [583.5825997857125, 145.0283521964463], [615.6090821280803, 267.9690048551876], [570.4174002142875, 279.9716478035537]], '톤', 0.11714095090362608), ([[120.24651888150316, 696.047499163875], [238.0, 742.0], [218.75348111849684, 786.952500836125], [101.0, 742.0]], "'후들훈들", 0.24694519818597774), ([[492.52901684970954, 762.018513991311], [673.8243699167714, 854.5589187834793], [649.4709831502905, 900.981486008689], [468.17563008322867, 809.4410812165207]], '푸슈우유움원', 0.10607348153587651), ([[40.31030298491003, 948.0340601475913], [200.99804010775566, 1003.8343659146093], [178.68969701508996, 1062.9659398524086], [18.001959892244344, 1008.1656340853907]], '움성웅성', 0.328025758266449), ([[686.9699482330199, 997.3008291689657], [814.848556152176, 980.1536522602806], [820.0300517669801, 1043.6991708310343], [692.151443847824, 1060.8463477397192]], '홍성 :', 0.03117748163640499)]
[([[144, 494], [310, 494], [310, 594], [144, 594]], '거기', 0.999927845357817), ([[85, 589], [371, 589], [371, 697], [85, 697]], '까지야!', 0.3768924731180809), ([[166, 912], [246, 912], [246, 990], [166, 990]], '!?', 0.9656276110486066), ([[631.4100031799904, 322.45600508798475], [648.6372889329931, 307.0684709082316], [680.5899968200096, 343.54399491201525], [663.3627110670069, 358.9315290917684]], '=', 0.01596681550035428)]
[([[92, 66], [208, 66], [208, 118], [92, 118]], '후우어', 0.6159403922698006), ([[90, 114], [208, 114], [208, 166], [90, 166]], '후우어', 0.6412753308026113), ([[90, 162], [176, 162], [176, 216], [90, 216]], '후우', 0.9933254246031464), ([[586, 142], [742, 142], [742, 196], [586, 196]], '후잇9 9', 0.14141285697964626), ([[770, 506], [802, 506], [802, 564], [770, 564]], '등', 0.09969921234021317), ([[516, 1044], [544, 1044], [544, 1078], [516, 1078]], '빚', 0.005033602458809128), ([[92.57685578162591, 313.02244434728357], [125.33777230674472, 301.01428678041225], [165.4231442183741, 414.97755565271643], [131.6622276932553, 426.98571321958775]], '후', 0.8639507182853237), ([[643.665182741938, 502.0112228548768], [681.5675089600152, 513.7095573957641], [638.334817258062, 660.9887771451232], [600.4324910399848, 649.2904426042359]], '@', 0.01664443540682492), ([[116.2370141040878, 697.0487100118849], [236.99926771220817, 740.9062614419968], [218.76298589591218, 786.9512899881151], [97.00073228779183, 743.0937385580032]], '훈들훈들', 0.1905844360589981), ([[621.1736368240006, 966.2424562488021], [712.2203284520915, 953.3365065827983], [717.8263631759994, 1016.7575437511979], [626.7796715479085, 1029.6634934172018]], '움성', 0.3959827258147861), ([[41.23430074684594, 946.0367277671977], [201.99944642424595, 1004.9058888655971], [177.76569925315405, 1065.9632722328022], [16.000553575754044, 1007.0941111344029]], '운성웅성', 0.4273360073566437), ([[686.9699482330199, 997.3008291689657], [814.848556152176, 980.1536522602806], [820.0300517669801, 1043.6991708310343], [692.151443847824, 1060.8463477397192]], '홍성 :', 0.040391940623521805)]
[([[772, 506], [800, 506], [800, 568], [772, 568]], '응', 0.1346960537865991), ([[89.47657607740979, 314.02747273539296], [123.4118191437063, 301.0169883611538], [166.5234239225902, 418.97252726460704], [133.5881808562937, 431.9830116388462]], '후', 0.2148467202527451), ([[643.6629307100384, 503.01137450856805], [681.5824658511835, 514.7185434572483], [638.3370692899616, 660.988625491432], [600.4175341488165, 649.2814565427517]], '@', 0.003182476426602854), ([[115.36417842007317, 698.0405916765708], [236.0, 742.0], [218.63582157992684, 785.9594083234292], [98.0, 742.0]], '훈들후들', 0.15972307324409485), ([[618.7864056378821, 969.3592169136464], [708.9847266977723, 951.0854807205062], [718.2135943621179, 1012.6407830863536], [628.0152733022277, 1030.9145192794938]], '응성', 0.8947046835530563), ([[40.29650905826692, 950.0354396768425], [201.0, 1006.0], [178.70349094173307, 1062.9645603231575], [19.0, 1006.0]], '응성웅성', 0.581590473651886), ([[685.8200063599809, 1004.9120101759695], [808.8279776640626, 976.4376087138955], [819.1799936400191, 1031.0879898240305], [696.1720223359374, 1059.5623912861045]], '움성', 0.3640956944503544)]
[([[56, 14], [264, 14], [264, 68], [56, 68]], '그 아가씨름', 0.6960976075477199), ([[82, 62], [240, 62], [240, 116], [82, 116]], '놓아쥐! !', 0.4222747097302303), ([[574, 0], [618, 0], [618, 135], [574, 135]], '겁', 0.007246781776186817), ([[56, 107], [266, 107], [266, 164], [56, 164]], '죽기 싫으면', 0.9673864152362882), ([[20, 156], [304, 156], [304, 212], [20, 212]], '쓸데없는 저항은', 0.8019474785416998), ([[78, 204], [242, 204], [242, 258], [78, 258]], '그만두고', 0.9838710171878935), ([[646, 190], [726, 190], [726, 240], [646, 240]], '욕! !', 0.6079189777374268), ([[56, 252], [265, 252], [265, 308], [56, 308]], '투항하는 게', 0.9624972859736641), ([[72, 300], [252, 300], [252, 356], [72, 356]], '종올거야!', 0.2728670191079711), ([[599, 319], [785, 319], [785, 381], [599, 381]], '이녀석-', 0.3991759717464447), ([[621, 367], [763, 367], [763, 433], [621, 433]], '-플젠', 0.013259742907581931), ([[621, 417], [767, 417], [767, 483], [621, 483]], '밟어또', 0.0070944388820120274), ([[628, 464], [758, 464], [758, 520], [628, 520]], '분명', 0.9996621675788312), ([[566, 516], [654, 516], [654, 572], [566, 572]], '자창', 0.9442184054966325), ([[604, 504], [823, 504], [823, 630], [604, 630]], '흥히여뷰입', 0.028965372770978545), ([[621, 609], [764, 609], [764, 665], [621, 665]], '학생:!', 0.7805983424186707), ([[130.20901965046855, 796.0164716112453], [396.99989787773814, 935.9377052528599], [319.7909803495314, 1073.9835283887546], [54.00010212226185, 935.0622947471401]], '두통', 0.6092809224562993)]
[([[572, 46], [798, 46], [798, 96], [572, 96]], '후후후  = =', 0.24409821698263492), ([[606, 92], [766, 92], [766, 146], [606, 146]], '바보갈은', 0.961995005607605), ([[566, 138], [799, 138], [799, 199], [566, 199]], '여자군   국 국', 0.13279127953038594), ([[377, 375], [451, 375], [451, 419], [377, 419]], '학: .', 0.3204658627510071), ([[383, 421], [429, 421], [429, 465], [383, 465]], '구', 0.999994277962287), ([[333, 464], [459, 464], [459, 520], [333, 520]], '구해쥐', 0.9085354604563887), ([[17, 709], [301, 709], [301, 769], [17, 769]], '하어로의 난입은', 0.7635413928260426), ([[72, 760], [246, 760], [246, 814], [72, 814]], '솔직히 좀', 0.9998342858175775), ([[60, 808], [258, 808], [258, 862], [60, 862]], '긴장되지만', 0.1828757632688039), ([[27, 853], [289, 853], [289, 913], [27, 913]], '이런 종지 않은', 0.44712908580406674), ([[17, 902], [303, 902], [303, 962], [17, 962]], '타이망에 나타날', 0.733583299618071), ([[60, 952], [250, 952], [250, 1004], [60, 1004]], '줄이야 =', 0.24340499280891723)]
[([[34, 38], [186, 38], [186, 90], [34, 90]], '어이: =', 0.3541097325042459), ([[34, 84], [192, 84], [192, 140], [34, 140]], '인질에게', 0.7308821082115173), ([[575, 0], [617, 0], [617, 189], [575, 189]], "'", 0.1977548586335196), ([[46, 134], [178, 134], [178, 188], [46, 188]], '무슨 일', 0.9584618700467229), ([[16, 180], [210, 180], [210, 236], [16, 236]], '일어나는컵', 0.27937460322704594), ([[34, 230], [189, 230], [189, 280], [34, 280]], '보고싶지', 0.9975168108940125), ([[634, 240], [698, 240], [698, 292], [634, 292]], '긋', 0.03756786742334928), ([[52, 278], [172, 278], [172, 332], [52, 332]], '않다면', 0.9997076349370578), ([[50, 322], [173, 322], [173, 382], [50, 382]], '암전히', 0.7471457844551311), ([[50, 370], [177, 370], [177, 430], [50, 430]], '있어야', 0.9987054355483764), ([[46, 422], [178, 422], [178, 474], [46, 474]], '하는 건', 0.5651480689049933), ([[68, 470], [154, 470], [154, 520], [68, 520]], '그쪽', 0.9998878069327183), ([[26, 518], [152, 518], [152, 572], [26, 572]], '이라고:', 0.8827691078186035), ([[110, 808], [304, 808], [304, 1006], [110, 1006]], '(', 0.955314497996401)]
[([[50, 52], [173, 52], [173, 106], [50, 106]], '우선은', 0.9998431482985257), ([[52, 100], [204, 100], [204, 154], [52, 154]], '손 들어!', 0.996280821538431), ([[18, 148], [238, 148], [238, 202], [18, 202]], '허튼 짓 하면', 0.9871643075525766), ([[584, 145], [807, 145], [807, 201], [584, 201]], '아   알깊어?', 0.12613555698320322), ([[47, 195], [208, 195], [208, 251], [47, 251]], '인질들이', 0.8763914108276367), ([[608, 196], [780, 196], [780, 248], [608, 248]], '내가 대신', 0.9996785926231578), ([[23, 243], [234, 243], [234, 299], [23, 299]], '다치는 꼴을', 0.7004446217178051), ([[572, 242], [822, 242], [822, 296], [572, 296]], '잡혀줄 테니까', 0.39042575290011167), ([[18, 294], [242, 294], [242, 346], [18, 346]], '보게 펼거야!', 0.21009264305558806), ([[615, 289], [775, 289], [775, 345], [615, 345]], '인질들은', 0.6313774585723877), ([[624, 340], [766, 340], [766, 392], [624, 392]], '풀어쥐!', 0.9815781116485596), ([[124, 822], [300, 822], [300, 1002], [124, 1002]], '(', 0.49905768657439253)]
[([[46, 56], [299, 56], [299, 110], [46, 110]], '옳~지용지국 =', 0.33107578243770824), ([[52, 104], [296, 104], [296, 160], [52, 160]], '그렇게 가만히', 0.9329420405368942), ([[63, 151], [281, 151], [281, 203], [63, 203]], '있으라고~ 크', 0.319801299446079), ([[587, 153], [793, 153], [793, 219], [587, 219]], '실수해트린', 0.18783289449403906), ([[607, 205], [777, 205], [777, 265], [607, 265]], '결까과 @', 0.02486650274601784), ([[623, 253], [759, 253], [759, 313], [623, 313]], '그치만', 0.9434600429102246), ([[581, 297], [801, 297], [801, 361], [581, 361]], '씹상황예전', 0.01872061334724587), ([[570, 348], [810, 348], [810, 408], [570, 408]], '못본페하교', 0.21130486720834638), ([[581, 395], [803, 395], [803, 459], [581, 459]], '진파철숙국', 0.004016624094911232), ([[559, 436], [819, 436], [819, 553], [559, 553]], '@환?:', 0.020761026069521904), ([[611, 497], [653, 497], [653, 543], [611, 543]], '야', 0.947051809973928), ([[605, 537], [782, 537], [782, 602], [605, 602]], '틈플렉저', 0.04347889497876167), ([[573, 589], [815, 589], [815, 651], [573, 651]], '인질만이라3', 0.10690318546931991), ([[581, 637], [803, 637], [803, 699], [581, 699]], "'하켓어", 0.05367149061108892)]
