2313224
31
[([[219, 164], [328, 164], [328, 231], [219, 231]], '대체', 0.9991238794724632), ([[136, 238], [339, 238], [339, 313], [136, 313]], '어달 의서', 0.10203231134466051), ([[164, 329], [314, 329], [314, 413], [164, 413]], '어린이', 0.9812540956373036), ([[178, 418], [294, 418], [294, 494], [178, 494]], '라는', 0.9748527244593073), ([[185, 497], [318, 497], [318, 577], [185, 577]], '거지?', 0.9990722209078889), ([[437, 645], [497, 645], [497, 724], [437, 724]], '이', 0.9948799749982165), ([[363, 742], [581, 742], [581, 865], [363, 865]], '라인"', 0.9932505193102067), ([[374, 867], [566, 867], [566, 947], [374, 947]], '이 보이지', 0.3615960458550222), ([[384, 960], [561, 960], [561, 1027], [384, 1027]], '양느결까?', 0.24122384176412004), ([[414, 1641], [558, 1641], [558, 1719], [414, 1719]], '애쓰다', 0.31474128112045524), ([[1693, 2164], [1822, 2164], [1822, 2244], [1693, 2244]], '생일도', 0.41761217046962806), ([[1701, 2253], [1803, 2253], [1803, 2338], [1701, 2338]], '건작', 0.9567402576087833), ([[1651, 2337], [1852, 2337], [1852, 2406], [1651, 2406]], '지난다고생', 0.15563487097774525)]
[]
[([[286, 801], [796, 801], [796, 1072], [286, 1072]], '나낮9', 0.03789213135699054), ([[2179, 2006], [2531, 2006], [2531, 2153], [2179, 2153]], '안0 `', 0.06764511955389349), ([[2427, 2825], [2500, 2825], [2500, 2867], [2427, 2867]], '`마3', 0.05411478631524061), ([[2512, 2834], [2583, 2834], [2583, 2876], [2512, 2876]], '%양', 0.0346380929138999), ([[436.7831160183173, 225.02244409639908], [881.364037592003, 287.0761762194221], [828.2168839816827, 561.9775559036009], [383.63596240799706, 498.9238237805779]], '!;)', 0.0005719781921608559), ([[2243.7420916806, 554.067140234077], [2440.703583072229, 368.006514099645], [2782.2579083194, 797.932859765923], [2586.296416927771, 983.9934859003549]], '동', 0.14638190064579248), ([[2189.5801975839245, 1103.0732601347524], [2405.7646785882466, 924.0073098347126], [2696.4198024160755, 1347.9267398652476], [2480.2353214117534, 1526.9926901652875]], '속', 0.004664581807801937), ([[2142.6911317135064, 1597.0079552420232], [2192.9033618930403, 1609.7492391296078], [2143.3088682864936, 1802.9920447579768], [2093.0966381069597, 1790.2507608703922]], '{', 0.4630568475947747)]
[([[611, 1654], [839, 1654], [839, 1807], [611, 1807]], '호>', 0.038350214828907936), ([[2184, 2003], [2527, 2003], [2527, 2149], [2184, 2149]], '건7 ', 0.004208067897707224), ([[2427, 2825], [2500, 2825], [2500, 2867], [2427, 2867]], '`마3', 0.016788916115772972), ([[2512, 2834], [2583, 2834], [2583, 2876], [2512, 2876]], '%양', 0.026318789784103108), ([[560.4126039873481, 465.0156945634091], [635.4676618828729, 441.0099457524857], [704.5873960126519, 673.984305436591], [630.5323381171271, 697.9900542475143]], "'", 0.6047040156558161)]
[([[61, 2711], [211, 2711], [211, 2762], [61, 2762]], '식37? _ @7양', 0.006249134747540313)]
[([[61, 2711], [211, 2711], [211, 2762], [61, 2762]], '담67? _ @7양', 0.0046390304357552875)]
[([[34, 2221], [85, 2221], [85, 2252], [34, 2252]], '[;', 0.03504362278500785), ([[108, 2230], [134, 2230], [134, 2261], [108, 2261]], '"8', 0.9016045262031197), ([[499.4710935662174, 411.02335729825654], [547.5963100479355, 433.1433260517323], [499.5289064337826, 535.9766427017435], [451.4036899520645, 513.8566739482677]], '!', 0.07732116959202617)]
[([[1147, 112], [1255, 112], [1255, 196], [1147, 196]], '1다', 0.03143272291927789), ([[1284, 107], [1519, 107], [1519, 191], [1284, 191]], '생조임 다', 0.2385349618262048), ([[232, 166], [392, 166], [392, 233], [232, 233]], '아까부터', 0.9155644774436951), ([[247, 247], [369, 247], [369, 313], [247, 313]], '뭐야?', 0.5607605743244181), ([[258, 323], [351, 323], [351, 383], [258, 383]], '자꾸', 0.4323857637057485), ([[1323, 837], [1435, 837], [1435, 892], [1323, 892]], '아니', 0.9997966053680224), ([[1300, 902], [1493, 902], [1493, 989], [1300, 989]], '\'그런거"', 0.9996407227122068), ([[1305, 999], [1463, 999], [1463, 1077], [1305, 1077]], '할 시간', 0.8591222008893635), ([[1319, 1085], [1457, 1085], [1457, 1160], [1319, 1160]], '없다고', 0.9957533679989456), ([[1474, 1166], [1608, 1166], [1608, 1219], [1474, 1219]], '파망찰거', 0.468921959400177), ([[1530, 1226], [1603, 1226], [1603, 1282], [1530, 1282]], '한복', 0.049423892917044764), ([[376, 1213], [524, 1213], [524, 1345], [376, 1345]], '여', 0.1535104754115446), ([[1465, 1283], [1613, 1283], [1613, 1356], [1465, 1356]], '남앗다고;;', 0.7966457371250201), ([[313, 2853], [409, 2853], [409, 2879], [313, 2879]], '@렇형_만79', 0.00068087763779487)]
[([[313, 2853], [409, 2853], [409, 2879], [313, 2879]], '@토형_079', 0.003907842581216874)]
[([[1352, 74], [1510, 74], [1510, 160], [1352, 160]], '게어머', 0.430945211034425), ([[1552, 76], [1649, 76], [1649, 166], [1552, 166]], '정', 0.11225757503826017), ([[1438, 173], [1586, 173], [1586, 261], [1438, 261]], '주입"', 0.18103343169577105), ([[2199, 109], [2520, 109], [2520, 363], [2199, 363]], '5장', 0.003358435927161649), ([[694, 386], [788, 386], [788, 448], [694, 448]], '(하채곳', 0.050748735666275024), ([[375, 476], [441, 476], [441, 554], [375, 554]], '후옷', 0.4483997575036294), ([[2319, 949], [2540, 949], [2540, 1210], [2319, 1210]], '핑', 0.5573566948911299), ([[2612, 940], [2880, 940], [2880, 1132], [2612, 1132]], '피8', 0.051171719132457334), ([[82, 1213], [127, 1213], [127, 1369], [82, 1369]], '탑', 0.004347227828100708), ([[2193, 1558], [2417, 1558], [2417, 1627], [2193, 1627]], '(1/ 0', 0.6809226639303905), ([[2105, 1621], [2416, 1621], [2416, 1711], [2105, 1711]], "'굳돈 () 제거팀", 0.06604721577769808), ([[2110, 1709], [2416, 1709], [2416, 1793], [2110, 1793]], '굳톱 (0) 제거팅', 0.13444503940726563), ([[2108, 1779], [2416, 1779], [2416, 1865], [2108, 1865]], '굳톱 (0) 제거독', 0.0929014026066873), ([[2106, 1870], [2373, 1870], [2373, 1950], [2106, 1950]], '로통 고거되!', 0.010818577263123887), ([[6, 1923], [169, 1923], [169, 1967], [6, 1967]], "('6:_", 0.004354551098115834), ([[685.8834305481831, 54.06253187883003], [797.0679183558896, 77.78421339594607], [777.1165694518169, 162.93746812116996], [664.9320816441104, 139.21578660405393]], '허익 ', 0.33664065511386654), ([[1752.9520182697156, 176.52650413737902], [1941.915916586811, 13.011986383819895], [2143.0479817302844, 302.473495862621], [1954.084083413189, 464.9880136161801]], '광', 0.022410781787641554), ([[2442.8739372854457, 432.0198189066589], [2756.877094433959, 512.2118377927943], [2680.1260627145543, 779.9801810933411], [2366.122905566041, 698.7881622072057]], '평', 0.06921016169812422), ([[134.81787110214887, 1380.0701172580505], [200.6833305240914, 1349.0233743482656], [257.1821288978511, 1483.9298827419495], [191.3166694759086, 1514.9766256517344]], '힘', 0.0039039164542400417)]
[([[1022.8099186518884, 117.47273155123179], [1187.320831449415, 79.80529611516742], [1202.1900813481116, 171.5272684487682], [1037.679168550585, 209.1947038848326]], "')", 0.02787418614067523), ([[825.0474406941576, 118.13682892851827], [1044.823792359615, 98.5034718544709], [1046.9525593058424, 216.86317107148173], [827.176207640385, 236.4965281455291]], ')', 0.3755308645894001)]
[]
[([[1353, 21], [1589, 21], [1589, 455], [1353, 455]], '뭐', 0.10116452117597508), ([[1110, 676], [1398, 676], [1398, 1170], [1110, 1170]], '흙', 0.02511085334621388), ([[1515, 863], [1599, 863], [1599, 981], [1515, 981]], '앗', 0.3363276626377889), ([[1030.3018543169903, 108.13186762873788], [1169.6595085888189, 97.21671827209188], [1171.6981456830097, 193.8681323712621], [1032.3404914111811, 204.7832817279081]], '1)', 0.1901062958035583), ([[829.9919929875355, 118.14475161399503], [1043.6391196835816, 96.21983978370216], [1048.0080070124645, 214.85524838600497], [833.3608803164184, 236.78016021629784]], ')', 0.9859832453017248)]
[([[8, 1923], [169, 1923], [169, 1967], [8, 1967]], "(엷6 :_'", 0.002780548730797183)]
[([[908, 82], [995, 82], [995, 146], [908, 146]], '저기', 0.9957512958221217), ([[867, 166], [1065, 166], [1065, 241], [867, 241]], '예 부적절', 0.3955542067851716), ([[1798, 160], [1891, 160], [1891, 215], [1798, 215]], '아니', 0.1266308088318399), ([[914, 233], [1043, 233], [1043, 293], [914, 293]], '하다고.', 0.9056320786476135), ([[900, 297], [1074, 297], [1074, 370], [900, 370]], '회사에서', 0.8535937666893005), ([[931, 370], [1051, 370], [1051, 432], [931, 432]], '이런건', 0.7808121896409593), ([[1009, 554], [1161, 554], [1161, 651], [1009, 651]], '_지?', 0.06702280443348438), ([[163, 1063], [236, 1063], [236, 1123], [163, 1123]], '모르', 0.8003175518069963), ([[146, 1114], [268, 1114], [268, 1176], [146, 1176]], '켓논데', 0.07608338470222994), ([[636, 1113], [778, 1113], [778, 1230], [636, 1230]], '(', 0.45582040914525024), ([[1607, 1148], [1763, 1148], [1763, 1309], [1607, 1309]], '5', 0.16532433428801596), ([[19, 1284], [81, 1284], [81, 1346], [19, 1346]], '별', 0.9991411623392565), ([[22, 1342], [101, 1342], [101, 1404], [22, 1404]], '상관', 0.9578383836063601), ([[8, 1408], [158, 1408], [158, 1472], [8, 1472]], '업양나?', 0.5873498916625977), ([[27, 1496], [60, 1496], [60, 1536], [27, 1536]], '구', 0.4019057459746733), ([[194, 1584], [242, 1584], [242, 1644], [194, 1644]], '뭐', 0.9986863876791894), ([[101, 1756], [177, 1756], [177, 1896], [101, 1896]], '욕', 0.35959466429219233), ([[1429, 1769], [1642, 1769], [1642, 1932], [1429, 1932]], '쥐', 0.4216088850194524), ([[46, 2051], [153, 2051], [153, 2111], [46, 2111]], '귀엽네', 0.8101853564532934), ([[74, 2106], [119, 2106], [119, 2139], [74, 2139]], '37', 0.20416717394501444), ([[78, 2218], [164, 2218], [164, 2335], [78, 2335]], '뼈', 0.047657225554814886), ([[1668, 2766], [1794, 2766], [1794, 2880], [1668, 2880]], '굶', 0.02757410262630433), ([[1252.2890926509606, 257.01404406930004], [1472.7703401728277, 421.1338161011568], [1378.7109073490394, 545.9859559307], [1158.2296598271723, 381.8661838988432]], '*고', 0.007060378576724643), ([[1354.287953291017, 639.028211466813], [1415.4831731637855, 609.0129791535905], [1493.712046708983, 782.971788533187], [1432.5168268362145, 812.9870208464095]], '올', 0.8538204366018967), ([[1296.1312555144739, 1023.0188768328989], [1544.882726281136, 1140.8373174922274], [1468.8687444855261, 1292.9811231671013], [1220.117273718864, 1176.1626825077726]], '건?', 0.025551858954774357), ([[1309.793029315765, 1419.0331335469211], [1572.7228760806174, 1458.2527871107372], [1537.206970684235, 1644.9668664530789], [1274.2771239193826, 1605.7472128892628]], '뒤례', 0.30148542934868017), ([[1719.02844535573, 1502.0262390810049], [1843.0898103647332, 1462.2671752980527], [1913.97155464427, 1722.9737609189951], [1790.9101896352668, 1761.7328247019473]], '떠', 0.008389157051028384), ([[629.1625217238557, 2150.0439563766286], [728.913996795019, 2195.830104821606], [697.8374782761443, 2260.9560436233714], [598.086003204981, 2215.169895178394]], '일빼씨', 0.0006442347261767381), ([[1537.1618094688172, 2486.154675866021], [1596.6575049005694, 2432.019668160491], [1703.8381905311828, 2566.845324133979], [1643.3424950994306, 2620.980331839509]], '월', 0.013943635402470511)]
[([[636, 1116], [778, 1116], [778, 1228], [636, 1228]], '26', 0.0680884942117844), ([[627.0863768078794, 2145.046492717219], [730.7732648857545, 2187.9925580346153], [699.9136231921206, 2260.953507282781], [595.2267351142455, 2219.0074419653847]], '', 0.0)]
[([[1659, 60], [1714, 60], [1714, 202], [1659, 202]], '응', 0.8502302810803144), ([[1996, 155], [2044, 155], [2044, 208], [1996, 208]], '눈', 0.9988933288870072), ([[1151, 126], [1227, 126], [1227, 276], [1151, 276]], '@', 0.18211376019125058), ([[1976, 203], [2067, 203], [2067, 280], [1976, 280]], '금방', 0.7936813532357572), ([[1980, 270], [2065, 270], [2065, 323], [1980, 323]], '옛네', 0.459672971017642), ([[2647, 264], [2687, 264], [2687, 320], [2647, 320]], '조', 0.9924840823828198), ([[2659, 411], [2743, 411], [2743, 495], [2659, 495]], '평', 0.08010011215461876), ([[2744, 577], [2784, 577], [2784, 628], [2744, 628]], '9', 0.24291981163657184), ([[771, 1046], [879, 1046], [879, 1110], [771, 1110]], '잠}로', 0.22408467005076677), ([[1243, 1053], [1394, 1053], [1394, 1138], [1243, 1138]], '짜약', 0.12199188821278817), ([[2707, 1031], [2787, 1031], [2787, 1122], [2707, 1122]], '주록', 0.26900043952278885), ([[785, 1112], [861, 1112], [861, 1167], [785, 1167]], '무슨.', 0.5983943277112742), ([[1003, 1201], [1199, 1201], [1199, 1373], [1003, 1373]], '저 ', 0.2676751052606427), ([[250, 1707], [385, 1707], [385, 1815], [250, 1815]], '차', 0.06719959945720522), ([[944, 1673], [1193, 1673], [1193, 1823], [944, 1823]], '깜기', 0.010762938104977141), ([[832.4597040961579, 1236.0292776846527], [871.3607633524149, 1232.1887295753902], [879.5402959038421, 1337.9707223153473], [840.6392366475851, 1340.8112704246098]], '춤', 0.896594005731405), ([[1641.0539410037902, 1300.0248790720148], [1833.705851976314, 1389.7591967364783], [1767.9460589962098, 1525.9751209279852], [1574.294148023686, 1437.2408032635217]], '젓객', 0.0007573966231381305), ([[1456.2282796300356, 1783.015678898876], [1671.938154704306, 1934.4682374871518], [1576.7717203699644, 2066.984321101124], [1362.061845295694, 1915.5317625128482]], '끝)', 0.025661680469250357)]
[]
[([[1145, 23], [1219, 23], [1219, 80], [1145, 80]], '앗;', 0.10994097405745125), ([[57, 66], [152, 66], [152, 141], [57, 141]], '하창', 0.04519829627958452), ([[1125, 78], [1211, 78], [1211, 144], [1125, 144]], '안쪽', 0.9960269406111286), ([[1123, 137], [1255, 137], [1255, 193], [1123, 193]], '그렇지"', 0.36324623227119446), ([[1815, 150], [1910, 150], [1910, 216], [1815, 216]], '나얼것', 0.17751507690761276), ([[1136, 189], [1237, 189], [1237, 238], [1136, 238]], '하면 ', 0.06580673588838298), ([[1288, 181], [1328, 181], [1328, 250], [1288, 250]], '옷', 0.9859678571476849), ([[1819, 222], [1904, 222], [1904, 284], [1819, 284]], '끝네', 0.3439880603295942), ([[1358, 249], [1427, 249], [1427, 313], [1358, 313]], '날', 0.06112010556171299), ([[1513, 280], [1577, 280], [1577, 347], [1513, 347]], '여', 0.0032757026593688426), ([[1822, 524], [1960, 524], [1960, 722], [1822, 722]], '짧', 0.17977579357534612), ([[18, 893], [181, 893], [181, 955], [18, 955]], '자극넣편', 0.21395321190357208), ([[15, 962], [194, 962], [194, 1024], [15, 1024]], '눈 떠지논거', 0.8707364765947205), ([[46, 1024], [146, 1024], [146, 1087], [46, 1087]], '진짜', 0.9990061534365645), ([[10, 1097], [205, 1097], [205, 1166], [10, 1166]], '젊다니까구', 0.11371644778975819), ([[1713, 1470], [1807, 1470], [1807, 1510], [1713, 1510]], '사', 0.41246837395405933), ([[1741, 1498], [1799, 1498], [1799, 1525], [1741, 1525]], '(시', 0.4510399202997185), ([[1778, 1756], [1882, 1756], [1882, 1918], [1778, 1918]], '옛', 0.0517553309034382), ([[1830, 1917], [1909, 1917], [1909, 2071], [1830, 2071]], '8', 0.2851767309084643), ([[1792, 2663], [1861, 2663], [1861, 2797], [1792, 2797]], '하', 0.37262231346177543), ([[68.56458599890797, 1822.0573249863498], [177.64939645700642, 1746.0117181409223], [322.435414001092, 1982.9426750136502], [213.35060354299358, 2058.9882818590777]], '유', 0.026132582753114697)]
[]
[([[305, 46], [365, 46], [365, 106], [305, 106]], '아', 0.9986135999850063), ([[439, 22], [575, 22], [575, 209], [439, 209]], '부', 0.09173594481809122), ([[1064, 239], [1133, 239], [1133, 287], [1064, 287]], '지"', 0.9645089435376124), ([[295, 268], [352, 268], [352, 325], [295, 325]], "또'", 0.9913778202197012), ([[1040, 293], [1147, 293], [1147, 348], [1040, 348]], '진짜', 0.9936964516585105), ([[271, 325], [403, 325], [403, 392], [271, 392]], '안끼"', 0.869549189012544), ([[1134, 411], [1250, 411], [1250, 485], [1134, 485]], '대번', 0.46417973329134865), ([[1119, 475], [1270, 475], [1270, 547], [1119, 547]], '질리지도', 0.6366331577301025), ([[1142, 544], [1229, 544], [1229, 605], [1142, 605]], '8고', 0.37973995148478457), ([[1123, 599], [1246, 599], [1246, 665], [1123, 665]], '맘대로', 0.6421418468257787), ([[1106, 654], [1289, 654], [1289, 729], [1106, 729]], '질나사정"', 0.5531544335326443), ([[942, 955], [1006, 955], [1006, 1031], [942, 1031]], '꼭', 0.9181338331661983), ([[923, 1035], [998, 1035], [998, 1084], [923, 1084]], '안고', 0.9923595985465351), ([[869, 1098], [1063, 1098], [1063, 1153], [869, 1153]], '안 놔주는', 0.5630409956089149), ([[918, 1159], [1021, 1159], [1021, 1207], [918, 1207]], '어제수', 0.06775279320172395), ([[916, 1211], [1050, 1211], [1050, 1264], [916, 1264]], '엉잖아구', 0.3769059181213379), ([[131, 1694], [195, 1694], [195, 1743], [131, 1743]], '모"', 0.9994670525589541), ([[116, 1743], [185, 1743], [185, 1816], [116, 1816]], '딸', 0.01680082308880415), ([[164, 1888], [249, 1888], [249, 1945], [164, 1945]], '비퀴.', 0.6848389828244138), ([[1323, 2153], [1469, 2153], [1469, 2263], [1323, 2263]], '찌안 ', 0.016710939486591997), ([[1870, 2192], [1921, 2192], [1921, 2247], [1870, 2247]], '더', 0.9998183332941721), ([[231, 2229], [306, 2229], [306, 2293], [231, 2293]], '끼', 0.4093921833488281), ([[1712, 2232], [1765, 2232], [1765, 2319], [1712, 2319]], '루', 0.987149898461329), ([[1856, 2246], [1945, 2246], [1945, 2296], [1856, 2296]], '하면', 0.9942732647527172), ([[1826, 2290], [1989, 2290], [1989, 2365], [1826, 2365]], '[플리려나기', 0.17413408372472983), ([[331, 2414], [431, 2414], [431, 2465], [331, 2465]], '아니?', 0.48783056806965536), ([[1260, 2376], [1397, 2376], [1397, 2508], [1260, 2508]], '팬', 0.014365426789340108), ([[303, 2466], [449, 2466], [449, 2529], [303, 2529]], '벗어날하', 0.17371264100074768), ([[908, 2438], [950, 2438], [950, 2552], [908, 2552]], '%', 0.26614298641347034), ([[314, 2524], [432, 2524], [432, 2588], [314, 2588]], '얹다고', 0.5945641829491439), ([[1249, 2606], [1369, 2606], [1369, 2661], [1249, 2661]], '씨면세', 0.6449003565983112), ([[971, 2665], [1062, 2665], [1062, 2727], [971, 2727]], '조금은', 0.42515429243586605), ([[1240, 2662], [1387, 2662], [1387, 2735], [1240, 2735]], '(꾸이멘', 0.008723381906747818), ([[964, 2724], [1064, 2724], [1064, 2788], [964, 2788]], '원여', 0.6909539375157989), ([[1831, 2645], [1897, 2645], [1897, 2817], [1831, 2817]], '물', 0.4125847543006991), ([[963, 2783], [1063, 2783], [1063, 2839], [963, 2839]], '지논데', 0.9625485866938265), ([[1271, 2792], [1363, 2792], [1363, 2880], [1271, 2880]], '오', 0.38030079730748767), ([[1465, 2790], [1520, 2790], [1520, 2880], [1465, 2880]], '#', 0.036200339229722545), ([[237.35422072375337, 534.008342009255], [675.730617426335, 786.3398686209024], [564.6457792762467, 970.991657990745], [126.26938257366498, 719.6601313790976]], '[못로 3', 0.003966757148291574), ([[1215.401328905286, 2165.0199335792904], [1283.2316320391606, 2156.281065521419], [1303.598671094714, 2332.9800664207096], [1235.7683679608394, 2341.718934478581]], '닭', 0.08151984222354614), ([[1853.9080146377473, 2465.0398005371376], [2020.927150363279, 2508.4291398546884], [1985.0919853622527, 2631.9601994628624], [1818.072849636721, 2589.5708601453116]], '절', 0.11675189581555756), ([[335.9632031319513, 2573.0902578521222], [422.4881196245686, 2585.5750169100743], [412.0367968680487, 2641.9097421478778], [325.5118803754314, 2628.4249830899257]], '이기', 0.8706502958310635)]
[]
[([[900, 483], [1961, 483], [1961, 1026], [900, 1026]], '찌거어', 0.3850880094067506), ([[1193, 1299], [1290, 1299], [1290, 1380], [1193, 1380]], '불', 0.12399503023275216), ([[691, 2135], [830, 2135], [830, 2308], [691, 2308]], '잇', 0.15922456033273225)]
[([[1786, 123], [1852, 123], [1852, 191], [1786, 191]], '잇', 0.8754324288442064), ([[1756, 202], [1890, 202], [1890, 266], [1756, 266]], '아다', 0.14482982494786212), ([[69, 228], [390, 228], [390, 376], [69, 376]], '빵빵', 0.2629280634500946), ([[1755, 270], [1898, 270], [1898, 345], [1755, 345]], '들다고:', 0.1543746292591095), ([[2665, 287], [2752, 287], [2752, 349], [2665, 349]], '이미', 0.9993666759162629), ([[2668, 348], [2747, 348], [2747, 410], [2668, 410]], '다들', 0.9759104462887942), ([[2636, 420], [2781, 420], [2781, 488], [2636, 488]], '알고있든', 0.032500993460416794), ([[1033, 560], [1090, 560], [1090, 611], [1033, 611]], '하', 0.9663619677833282), ([[2112, 422], [2288, 422], [2288, 644], [2112, 644]], '양', 0.9510524687796682), ([[187, 1399], [253, 1399], [253, 1516], [187, 1516]], '흐', 0.09701948445013286), ([[1808, 1498], [1870, 1498], [1870, 1571], [1808, 1571]], '뭐', 0.9999524360590648), ([[1777, 1581], [1910, 1581], [1910, 1643], [1777, 1643]], '어때구', 0.7091853499320198), ([[649, 1702], [743, 1702], [743, 1769], [649, 1769]], '존나', 0.8603113914071043), ([[646, 1766], [753, 1766], [753, 1817], [646, 1817]], '나오다.', 0.8252958059310913), ([[1728.5253021940114, 599.018807644542], [1777.1968796181168, 608.9226029594615], [1750.4746978059886, 736.981192355458], [1702.8031203818832, 727.0773970405385]], '하', 0.20041922044463778), ([[127.5550418025401, 1160.0141562998795], [179.13113531937654, 1153.0919950138077], [200.4449581974599, 1330.9858437001205], [148.86886468062346, 1337.9080049861923]], '용', 0.09161116869290797)]
[]
[]
[([[1340, 302], [1436, 302], [1436, 358], [1340, 358]], '으욕"', 0.7719663911994948), ([[843, 345], [1061, 345], [1061, 435], [843, 435]], '춘드움)', 0.0025168596766889095), ([[1329, 367], [1463, 367], [1463, 427], [1329, 427]], '애새끼', 0.9740965915562816), ([[1333, 437], [1459, 437], [1459, 501], [1333, 501]], '맞구만.', 0.522858760564762), ([[1451, 645], [1571, 645], [1571, 719], [1451, 719]], '보지논', 0.8980632795195035), ([[1449, 727], [1573, 727], [1573, 791], [1449, 791]], '하나도', 0.9080143293267353), ([[1421, 798], [1629, 798], [1629, 861], [1421, 861]], '안 자락네키', 0.21893573890595286), ([[23.14471515106384, 75.04585090489371], [86.2173202373163, 68.67546243845013], [95.85528484893617, 183.9541490951063], [32.7826797626837, 190.32453756154987]], '응', 0.09889321347742452), ([[1025.945256169098, 412.0934345469491], [1111.7487731704628, 431.2819758341146], [1099.054743830902, 479.9065654530509], [1013.2512268295371, 460.7180241658854]], '쇼~', 0.40018062094079265)]
[([[845, 437], [927, 437], [927, 473], [845, 473]], '스', 0.2016360077070658), ([[1019, 423], [1069, 423], [1069, 465], [1019, 465]], '4', 0.9501174257406007)]
[([[43, 47], [136, 47], [136, 296], [43, 296]], '올', 0.8817870640769456), ([[1004.3181173400716, 518.0442294613597], [1168.6224503036733, 356.00605439119056], [1521.6818826599285, 771.9557705386403], [1357.3775496963267, 933.9939456088094]], '평', 0.051745452961221794)]
[]
[([[44, 590], [218, 590], [218, 668], [44, 668]], '유아얹행', 0.15157125890254974), ([[90, 668], [170, 668], [170, 722], [90, 722]], '해', 0.991595952910135), ([[59, 732], [202, 732], [202, 801], [59, 801]], '말도 잘', 0.7106981028210324), ([[79, 799], [195, 799], [195, 865], [79, 865]], '못하는', 0.6316887397752018), ([[54, 866], [212, 866], [212, 929], [54, 929]], '거4고3?', 0.21391947265751574)]
