2313226
16
[([[1225, 2842], [1375, 2842], [1375, 2880], [1225, 2880]], '@.어탁보 -"응', 6.93426291106967e-05)]
[([[259, 195], [399, 195], [399, 250], [259, 250]], '"그잘나선', 0.538703605554706), ([[283, 243], [394, 243], [394, 291], [283, 291]], '엄고"7', 0.45177191495895386), ([[242, 296], [414, 296], [414, 340], [242, 340]], '여기서 이러고', 0.8727475252120365), ([[235, 339], [452, 339], [452, 401], [235, 401]], "앞는결 알'되면", 0.09503708483729754), ([[261, 398], [402, 398], [402, 454], [261, 454]], '니 친구들이', 0.578662528917831), ([[286, 450], [388, 450], [388, 501], [286, 501]], '어떻지', 0.9416112403966619), ([[277, 493], [415, 493], [415, 548], [277, 548]], '생각활까구', 0.7305668388863731), ([[459, 745], [512, 745], [512, 843], [459, 843]], '호', 0.9998854431537474), ([[1001, 1746], [1072, 1746], [1072, 1801], [1001, 1801]], '젓', 0.07352251261460196), ([[1000, 1909], [1091, 1909], [1091, 1971], [1000, 1971]], "질로'", 0.04170850914616133), ([[1094, 2831], [1223, 2831], [1223, 2879], [1094, 2879]], '530$_47양', 0.0045510767054902385), ([[539.5012706500846, 629.0177891011848], [590.5906073092449, 624.1831115318074], [603.4987293499154, 782.9822108988152], [552.4093926907551, 787.8168884681926]], '옷', 0.37444316746997686), ([[1106.8302423892474, 1648.0984300965588], [1210.530080803308, 1662.4784836502079], [1199.1697576107526, 1720.9015699034412], [1096.469919196692, 1706.5215163497921]], '집"', 0.004631536945206723)]
[([[1094, 2831], [1223, 2831], [1223, 2879], [1094, 2879]], '530$_47양', 0.005591575155789214)]
[([[1459, 337], [1513, 337], [1513, 388], [1459, 388]], '다', 0.9999880791065721), ([[1435, 399], [1551, 399], [1551, 466], [1435, 466]], '닥치고', 0.9578620835208045), ([[1428, 473], [1550, 473], [1550, 548], [1428, 548]], '허리나', 0.9799210785337777), ([[1424, 541], [1573, 541], [1573, 632], [1424, 632]], '흔요.', 0.46533668678421747), ([[579, 2286], [1047, 2286], [1047, 2443], [579, 2443]], '25?인', 0.0025515344459563494), ([[1214, 3621], [1401, 3621], [1401, 3673], [1214, 3673]], "'", 0.5043012601944987)]
[([[584, 2282], [1051, 2282], [1051, 2446], [584, 2446]], '23권기', 0.0006060798186808825), ([[1214, 3621], [1401, 3621], [1401, 3673], [1214, 3673]], "'", 0.5877023559500891)]
[([[1243, 2645], [1326, 2645], [1326, 2676], [1243, 2676]], '@53머?', 0.002816144541715765), ([[1337, 2651], [1385, 2651], [1385, 2682], [1337, 2682]], '예', 0.07114971578723672), ([[687.8596357149363, 2379.026022157106], [1025.3336401550764, 2440.0255230172784], [978.1403642850637, 2647.973977842894], [640.6663598449235, 2587.9744769827216]], '깨', 0.03734871884672941)]
[([[1836, 2832], [1992, 2832], [1992, 2876], [1836, 2876]], '@,5_#7', 0.008084401699884997), ([[865.2821863608303, 242.0322686052163], [948.913996795019, 312.8301048216059], [901.7178136391697, 368.9677313947837], [818.086003204981, 298.1698951783941]], '44', 0.15547676708002736)]
[([[550, 1833], [617, 1833], [617, 1908], [550, 1908]], '벼', 0.021838651280964294), ([[1354, 2831], [1513, 2831], [1513, 2879], [1354, 2879]], '@식-7:_님', 0.0006245549411625394)]
[([[1711, 365], [1812, 365], [1812, 496], [1711, 496]], '멋저', 0.19783341388746972), ([[1671, 481], [1874, 481], [1874, 556], [1671, 556]], '기다리서조_', 0.5960640409347235), ([[1702, 627], [1836, 627], [1836, 693], [1702, 693]], '달업', 0.0075399414688271885), ([[1684, 694], [1870, 694], [1870, 761], [1684, 761]], '오몽습니다', 0.05132552489021448), ([[1559, 2853], [1628, 2853], [1628, 2879], [1559, 2879]], '(05373', 0.4981477733202334), ([[1634, 2861], [1677, 2861], [1677, 2878], [1634, 2878]], '(7니', 0.0041850904485502705)]
[([[1561, 2853], [1628, 2853], [1628, 2879], [1561, 2879]], '05373', 0.13640780183818121), ([[1634, 2861], [1677, 2861], [1677, 2878], [1634, 2878]], '(7댁', 0.00385701675119459)]
[([[1596, 436], [1812, 436], [1812, 588], [1596, 588]], '적', 0.48108054512704257), ([[1312, 684], [1588, 684], [1588, 832], [1312, 832]], '4', 0.5074944246648307), ([[530, 786], [584, 786], [584, 906], [530, 906]], '@', 0.5978276022943305), ([[385, 891], [449, 891], [449, 1013], [385, 1013]], '6', 0.24392352221692537), ([[1796, 864], [2008, 864], [2008, 1038], [1796, 1038]], '적', 0.8451036496019384), ([[78, 1978], [205, 1978], [205, 2019], [78, 2019]], '05073_4움', 0.011739246684381912), ([[1817.1857434687827, 584.0150736571311], [2066.9925826026215, 744.4287640882436], [1965.8142565312173, 897.9849263428689], [1715.0074173973787, 737.5712359117564]], '책,', 0.04419482995720474), ([[1952.8691768210958, 1146.0376523164377], [2206.1276160668585, 1190.6241279777137], [2175.130823178904, 1329.9623476835623], [1921.8723839331412, 1285.3758720222863]], '낱심', 0.02132546278536663)]
[([[81, 1979], [205, 1979], [205, 2019], [81, 2019]], '05073_4움', 0.0375256970949881)]
[([[929, 196], [1023, 196], [1023, 251], [929, 251]], '자 ~', 0.9935833811759949), ([[896, 261], [1034, 261], [1034, 314], [896, 314]], '사버려', 0.8128193064689738), ([[902, 315], [1063, 315], [1063, 370], [902, 370]], '싸버려"', 0.44019848108291626), ([[877, 358], [1095, 358], [1095, 443], [877, 443]], '사버려"', 0.3587825046259426), ([[993, 678], [1074, 678], [1074, 800], [993, 800]], '(', 0.05627782681658666), ([[1027, 1711], [1094, 1711], [1094, 1789], [1027, 1789]], '부', 0.25855489319746994), ([[748, 1867], [812, 1867], [812, 1942], [748, 1942]], '속"', 0.04007431695951901), ([[718, 1976], [795, 1976], [795, 2064], [718, 2064]], '늦', 0.04368752431815892), ([[1075, 2056], [1157, 2056], [1157, 2117], [1075, 2117]], '저꾸', 0.41285763828322414), ([[806, 2068], [881, 2068], [881, 2157], [806, 2157]], '속', 0.9795619343345265), ([[892, 2245], [977, 2245], [977, 2306], [892, 2306]], '짧', 0.32595058842390756), ([[1049, 2221], [1137, 2221], [1137, 2294], [1049, 2294]], '쭉', 0.1431466173960736), ([[1545, 2834], [1701, 2834], [1701, 2874], [1545, 2874]], '(도어;_(9', 0.010150384817508785)]
[([[1545, 2834], [1699, 2834], [1699, 2874], [1545, 2874]], "('어;_(9", 0.005862293988595898)]
[([[929, 196], [1023, 196], [1023, 251], [929, 251]], '자 ~', 0.9941389560699463), ([[896, 261], [1034, 261], [1034, 314], [896, 314]], '사버려', 0.7732566449669369), ([[902, 315], [1063, 315], [1063, 370], [902, 370]], '싸버려"', 0.4000808894634247), ([[877, 358], [1095, 358], [1095, 443], [877, 443]], '사버려"', 0.563394917425894), ([[1020, 1710], [1101, 1710], [1101, 1790], [1020, 1790]], '욕', 0.03471736054175367), ([[748, 1867], [812, 1867], [812, 1942], [748, 1942]], '수"', 0.033978853066659945), ([[1098, 1834], [1176, 1834], [1176, 1925], [1098, 1925]], '승', 0.0063237091833224235), ([[718, 1976], [795, 1976], [795, 2064], [718, 2064]], '늦', 0.0630688588730246), ([[1108, 1959], [1172, 1959], [1172, 2036], [1108, 2036]], '쉬', 0.07014354425183811), ([[806, 2068], [881, 2068], [881, 2157], [806, 2157]], '속', 0.9742667549632564), ([[1066, 2053], [1177, 2053], [1177, 2122], [1066, 2122]], '저너', 0.1359046774325608), ([[892, 2245], [977, 2245], [977, 2306], [892, 2306]], '짧', 0.25108843043426887), ([[1049, 2221], [1137, 2221], [1137, 2294], [1049, 2294]], '쭉', 0.11330526172986666), ([[1545, 2834], [1701, 2834], [1701, 2874], [1545, 2874]], '(도처;_(9', 0.009792804483674611)]
[([[1545, 2834], [1699, 2834], [1699, 2876], [1545, 2876]], '(5373_8', 0.009543010372274816)]
