2317973
11
[([[491, 233], [609, 233], [609, 295], [491, 295]], '질객!', 0.12448069319912265), ([[291, 288], [404, 288], [404, 328], [291, 328]], '꼭메에3에', 0.01512791811160815), ([[81, 329], [213, 329], [213, 481], [81, 481]], '잎', 0.033504539138738076), ([[616, 440], [816, 440], [816, 518], [616, 518]], "'어무와 !", 0.23754662137013563), ([[185, 525], [247, 525], [247, 563], [185, 563]], '으위', 0.15354274903159637), ([[620, 604], [688, 604], [688, 660], [620, 660]], '호원', 0.3967893497287033), ([[414.11152606349873, 17.179935530193525], [560.0230470525593, 0.03085299289589649], [564.8884739365012, 88.82006446980648], [418.97695294744074, 104.9691470071041]], '질객', 0.04254086061148491), ([[364.41788425364706, 151.14015182042365], [501.4978943185362, 142.02188983769318], [501.58211574635294, 224.85984817957635], [364.5021056814638, 232.97811016230682]], '질객', 0.05044198051925099), ([[4.17990404835747, 208.30956821760861], [175.26073019776163, 167.87646580516815], [193.82009595164254, 278.6904317823914], [21.73926980223836, 319.12353419483185]], '질뼈', 0.01690100432654336), ([[220.6712678358369, 244.5754088880901], [330.3686602863771, 228.56796231480035], [335.3287321641631, 272.42459111190993], [224.63133971362288, 287.43203768519965]], '진객', 0.11825607446920036), ([[681.0992057419106, 286.16547272889056], [836.8157642460347, 268.421071458183], [841.9007942580894, 364.83452727110944], [685.1842357539653, 381.578928541817]], '질썩!', 0.04676929289699664), ([[236.9719194937464, 423.5522631393689], [290.9311739665052, 413.2781956025309], [297.02808050625356, 447.4477368606311], [243.06882603349482, 457.7218043974691]], '고격', 0.08633029558900313), ([[289.5430712064641, 445.3775281716354], [335.29473359435116, 439.06759276265166], [338.4569287935359, 468.6224718283646], [292.70526640564884, 474.93240723734834]], ')적', 0.008730541089202692)]
[([[536, 28], [638, 28], [638, 104], [536, 104]], '꿀쩍', 0.9662931522236352), ([[451, 172], [602, 172], [602, 285], [451, 285]], '꿀쩍', 0.8314455225460543), ([[691.8363533994712, 283.0617219550298], [830.1029509539306, 306.6490941147306], [810.1636466005288, 398.9382780449702], [672.8970490460694, 374.3509058852694]], '꿀쩍', 0.7767143806680424)]
[]
[([[19, 182], [202, 182], [202, 311], [19, 311]], '조쁨', 0.016867579139506938), ([[59, 365], [193, 365], [193, 511], [59, 511]], '야', 0.5811690146383661), ([[669.9074644389061, 397.10030797009324], [806.8642405684175, 414.7308733098201], [798.0925355610939, 462.89969202990676], [661.1357594315825, 446.2691266901799]], '우으으으으옷"', 0.27467384146247287)]
[([[388, 0], [512, 0], [512, 126], [388, 126]], '부륙', 0.1721578903452562), ([[369.05253006743607, 236.14669844507804], [604.4147092636284, 218.77871296058166], [604.947469932564, 327.853301554922], [370.5852907363715, 346.22128703941837]], '부무무무릇', 0.04962207066748915), ([[50.14357068821368, 597.2584272387846], [416.39793423488436, 549.582569369133], [422.8564293117863, 632.7415727612154], [56.60206576511563, 680.417430630867]], '마아마마앗-]', 0.10251060897152604)]
[([[388, 0], [512, 0], [512, 126], [388, 126]], '부륙', 0.1721578903452562), ([[369.05253006743607, 236.14669844507804], [604.4147092636284, 218.77871296058166], [604.947469932564, 327.853301554922], [370.5852907363715, 346.22128703941837]], '부무무무릇', 0.04962207066748915), ([[50.86197055698816, 593.896335225374], [416.45314218630756, 551.7383895380576], [421.1380294430118, 634.103664774626], [55.54685781369242, 676.2616104619424]], '아마마마앗-]', 0.10852364623525886)]
[([[299, 0], [430, 0], [430, 84], [299, 84]], '질껍', 0.013992220958758617), ([[500, 28], [576, 28], [576, 78], [500, 78]], '국', 0.30654306459269165), ([[627, 9], [717, 9], [717, 77], [627, 77]], '우램', 0.10159175660441891), ([[0, 162], [154, 162], [154, 271], [0, 271]], '질껏', 0.0621882626301056), ([[487, 207], [585, 207], [585, 275], [487, 275]], '웨', 0.019348826654976614), ([[91, 419], [229, 419], [229, 507], [91, 507]], '우웬', 0.26188148403158), ([[652, 444], [776, 444], [776, 520], [652, 520]], '커', 0.3901672959764291), ([[513.263428220882, 148.3112561963815], [604.1521478166983, 137.21438184449352], [607.736571779118, 184.6887438036185], [516.8478521833017, 195.78561815550648]], '켜', 0.08182553558278016), ([[641.9613785480575, 297.23392775664723], [843.093585965696, 279.0637751314375], [845.0386214519425, 357.76607224335277], [643.906414034304, 375.9362248685625]], '우웨에억', 0.5456235408782959)]
[([[299, 0], [430, 0], [430, 84], [299, 84]], '질껍', 0.013992220958758617), ([[500, 28], [576, 28], [576, 78], [500, 78]], '국', 0.30654306459269165), ([[627, 9], [717, 9], [717, 77], [627, 77]], '우램', 0.10159175660441891), ([[0, 162], [154, 162], [154, 271], [0, 271]], '질껏', 0.0621882626301056), ([[487, 207], [585, 207], [585, 275], [487, 275]], '웨', 0.019348826654976614), ([[91, 419], [229, 419], [229, 507], [91, 507]], '우웬', 0.26188148403158), ([[652, 444], [776, 444], [776, 520], [652, 520]], '커', 0.3901672959764291), ([[513.263428220882, 148.3112561963815], [604.1521478166983, 137.21438184449352], [607.736571779118, 184.6887438036185], [516.8478521833017, 195.78561815550648]], '켜', 0.08182553558278016), ([[641.9613785480575, 297.23392775664723], [843.093585965696, 279.0637751314375], [845.0386214519425, 357.76607224335277], [643.906414034304, 375.9362248685625]], '우웨에억', 0.5456235408782959)]
[([[536, 28], [638, 28], [638, 102], [536, 102]], '꿀쩍', 0.9819870379722038), ([[452, 172], [601, 172], [601, 285], [452, 285]], '꿀쩍', 0.551955587931357), ([[512, 274], [584, 274], [584, 346], [512, 346]], '출목', 0.023163926981161397), ([[405, 297], [501, 297], [501, 389], [405, 389]], '켓', 0.09007408712483311), ([[669, 379], [765, 379], [765, 443], [669, 443]], '클목', 0.03836551610233265), ([[651, 437], [778, 437], [778, 521], [651, 521]], '커엽', 0.051013575863610425), ([[114.73514962106927, 106.18441268852253], [437.7377517197714, 77.19055242510427], [439.26485037893076, 194.8155873114775], [116.26224828022865, 223.80944757489573]], '슈우우유움', 0.22339927259118084), ([[690.8484673703015, 283.06044001786455], [830.0727347881455, 306.57959120808005], [811.1515326296985, 399.93955998213545], [670.9272652118545, 376.42040879191995]], '꿀쩍', 0.8371091298356905)]
[([[536, 28], [638, 28], [638, 102], [536, 102]], '꿀쩍', 0.983664295606013), ([[452, 171], [601, 171], [601, 285], [452, 285]], '꿀쩍', 0.7190692823159031), ([[515, 277], [559, 277], [559, 339], [515, 339]], '콜', 0.16682210871852376), ([[405, 297], [501, 297], [501, 389], [405, 389]], '켓', 0.08665504533935664), ([[669, 379], [765, 379], [765, 443], [669, 443]], '클목', 0.043971914092674425), ([[651, 437], [778, 437], [778, 521], [651, 521]], '커엽', 0.04834306836363794), ([[113.80525438119008, 105.17310260149752], [438.74367065761305, 77.20354779453052], [440.1947456188099, 195.82689739850247], [114.25632934238695, 224.79645220546948]], '슈우우유육', 0.1739803050556721), ([[690.8719580218869, 282.0579928123029], [830.1366257021139, 307.728136311252], [810.1280419781131, 400.9420071876971], [669.8633742978861, 375.271863688748]], '꿀쩍', 0.7344200646870942)]
[([[536, 28], [638, 28], [638, 104], [536, 104]], '꿀쩍', 0.9637004193924235), ([[451, 172], [602, 172], [602, 285], [451, 285]], '꿀쩍', 0.8227480656772029), ([[691.8239833327128, 283.06304499422885], [830.1029509539306, 306.6490941147306], [811.1760166672872, 397.93695500577115], [672.8970490460694, 374.3509058852694]], '꿀쩍', 0.7461559737515572)]
