2321677
27
[([[4, 218], [560, 218], [560, 266], [4, 266]], "@)순트컵다$3숲'넘33더033", 4.389579399053055e-06), ([[385, 256], [518, 256], [518, 305], [385, 305]], ':-39', 0.16989825665950775), ([[22, 334], [174, 334], [174, 366], [22, 366]], '@@흉주이저더', 0.0008122017918807077), ([[22, 360], [268, 360], [268, 392], [22, 392]], '@여골@ 5 30-.,)', 0.00020656267819433568)]
[([[672, 224], [992, 224], [992, 297], [672, 297]], '물론 여유론죄', 0.18117689425883632)]
[([[609, 219], [1055, 219], [1055, 287], [609, 287]], '제~대로 바달라문요3', 0.21884228007822334)]
[([[670, 214], [998, 214], [998, 288], [670, 288]], '훈룻 $ 어때요3', 0.06829855170621978), ([[655, 281], [1009, 281], [1009, 345], [655, 345]], '지금 저 야해요3', 0.44863041901558437)]
[([[691, 161], [1005, 161], [1005, 229], [691, 229]], '동이 정말 종음', 0.4991146070944519), ([[697, 221], [995, 221], [995, 287], [697, 287]], '선배률 위해저', 0.2903742845878958), ([[655, 283], [999, 283], [999, 347], [655, 347]], '동도 서비스에요', 0.4560771285312549)]
[([[660, 174], [1033, 174], [1033, 241], [660, 241]], '(나 이런 모습으로', 0.8901268689672863), ([[721, 233], [973, 233], [973, 301], [721, 301]], '동올 짜면세', 0.16701950055822365), ([[672, 287], [1030, 287], [1030, 365], [672, 365]], '흥분하고 있어', 0.46453922739727777)]
[([[647, 165], [1041, 165], [1041, 233], [647, 233]], '(완전히 변태잡아?', 0.38597545032024244), ([[690, 222], [1000, 222], [1000, 294], [690, 294]], '하지만 선배터', 0.2875367527100946), ([[647, 286], [1049, 286], [1049, 352], [647, 352]], '좋아해주세 기빠이)', 0.1514389852126632)]
[([[805, 99], [1001, 99], [1001, 165], [805, 165]], '에측헤6', 0.012411549687385559), ([[827, 161], [979, 161], [979, 225], [827, 225]], '선배', 0.14669512022857153), ([[800, 216], [1000, 216], [1000, 288], [800, 288]], '하요심에', 0.06589093059301376), ([[810, 273], [995, 273], [995, 349], [810, 349]], ')다요3', 0.03234189748764038)]
[([[823, 89], [965, 89], [965, 153], [823, 153]], '아앗@', 0.36078243239438), ([[779, 145], [1019, 145], [1019, 213], [779, 213]], '최조해하제', 0.23511661661487526), ([[817, 209], [985, 209], [985, 273], [817, 273]], '마제오', 0.37398276454395296)]
[([[852, 108], [946, 108], [946, 162], [852, 162]], '웃6', 0.09896140314494747), ([[754, 156], [996, 156], [996, 230], [754, 230]], '물어올다@', 0.08027337867948521)]
[([[831, 91], [979, 91], [979, 151], [831, 151]], '야양공형', 0.00555340526625514), ([[824, 144], [980, 144], [980, 216], [824, 216]], '엉덩이', 0.4791972740106288), ([[762, 204], [1004, 204], [1004, 278], [762, 278]], '안쪽-제6(', 0.02803488829934675)]
[([[858, 60], [1034, 60], [1034, 132], [858, 132]], ')유긋~', 0.00032859237398952246), ([[744, 388], [1047, 388], [1047, 465], [744, 465]], '@늘음 선애-', 0.023062670407912676), ([[694, 452], [1092, 452], [1092, 524], [694, 524]], '바탕에 앞습내타포', 0.029212166975741728)]
[([[749, 101], [993, 101], [993, 165], [749, 165]], '옷06 오육@', 0.007461417460791573), ([[790, 156], [988, 156], [988, 228], [790, 228]], '@팎에터', 0.03102257288992405), ([[784, 216], [998, 216], [998, 288], [784, 288]], '품움품워', 0.02550361305475235)]
[([[748, 152], [1030, 152], [1030, 224], [748, 224]], '마음 나와0', 0.010273344603689127), ([[711, 211], [1078, 211], [1078, 284], [711, 284]], '떼움례 @-오', 0.006266427864799815)]
[([[757, 113], [1015, 113], [1015, 181], [757, 181]], '엉덩이 잔뜩', 0.10046046105191064), ([[789, 171], [985, 171], [985, 239], [789, 239]], '-세숙제', 0.005286203697323799), ([[777, 235], [999, 235], [999, 301], [777, 301]], '용과올례', 0.010489938780665398), ([[793, 295], [941, 295], [941, 359], [793, 359]], '같이(', 0.01438759285092142)]
[([[862, 130], [954, 130], [954, 182], [862, 182]], '웃60', 0.04772025719285011), ([[800, 176], [1010, 176], [1010, 248], [800, 248]], '마용플하', 0.06459717452526093)]
[([[819, 99], [977, 99], [977, 167], [819, 167]], '선배국', 0.056175609974036124), ([[758, 154], [1034, 154], [1034, 227], [758, 227]], '입예 씹 훨에', 0.015728051652374998), ([[770, 216], [1028, 216], [1028, 288], [770, 288]], '#돼대 용걷}', 0.017011673731451987), ([[795, 281], [1001, 281], [1001, 347], [795, 347]], '싸버럿하', 0.004792755004018545)]
[([[771, 103], [967, 103], [967, 171], [771, 171]], '오오요용이', 0.142036951317078), ([[739, 154], [1042, 154], [1042, 232], [739, 232]], '멈춘집 &@:%', 0.007976962356698463)]
[([[777, 93], [977, 93], [977, 159], [777, 159]], '장내에터', 0.33718085289001465), ([[797, 153], [955, 153], [955, 221], [797, 221]], '정액에', 0.2420363080330944), ([[721, 202], [1039, 202], [1039, 286], [721, 286]], '-체하 -어8', 0.005663143593792848)]
[([[106, 105], [285, 105], [285, 173], [106, 173]], '선@ 석', 0.22135799816743384), ([[783, 89], [977, 89], [977, 151], [783, 151]], '@아아형(', 0.040956706702560366), ([[112, 160], [275, 160], [275, 235], [112, 235]], '바타에', 0.07642694752714338), ([[794, 144], [1008, 144], [1008, 218], [794, 218]], '용-} 잔물', 0.027700301297956476), ([[77, 227], [271, 227], [271, 293], [77, 293]], '플렉오8(', 0.05711366856976299), ([[754, 206], [1036, 206], [1036, 278], [754, 278]], '따버없어요0', 0.06166993732777784)]
[([[858, 60], [1034, 60], [1034, 132], [858, 132]], ')유긋~', 0.0003231187874916941), ([[800, 390], [1058, 390], [1058, 464], [800, 464]], '살워) 선배', 0.00730544444428394), ([[789, 446], [1076, 446], [1076, 530], [789, 530]], '잡 훨없에오3', 0.046127870916511195)]
[([[858, 60], [1034, 60], [1034, 132], [858, 132]], ')유긋~', 0.0003643501549959183), ([[723, 379], [1069, 379], [1069, 447], [723, 447]], '선애에 요청으로', 0.0664729926300157), ([[745, 439], [1045, 439], [1045, 507], [745, 507]], '턱메라 앞데저', 0.05838103629824489), ([[716, 498], [1078, 498], [1078, 572], [716, 572]], '용마} @고습내@', 0.032007368677355534)]
[([[858, 60], [1034, 60], [1034, 132], [858, 132]], ')유긋~', 0.0004873713478446007), ([[819, 337], [1018, 337], [1018, 413], [819, 413]], '흉매장음', 0.6744576096534729), ([[845, 403], [997, 403], [997, 469], [845, 469]], '오늘다', 0.5171209910927428), ([[772, 460], [1066, 460], [1066, 532], [772, 532]], '쾌현입데타포', 0.014998388484612107)]
[([[858, 60], [1034, 60], [1034, 132], [858, 132]], ')유긋~', 0.0004230362537782639), ([[720, 348], [1096, 348], [1096, 422], [720, 422]], '(콤데 이렵 공예선', 0.009861210232243565), ([[759, 406], [1064, 406], [1064, 480], [759, 480]], '동-면 눈료화}', 0.02509794954887266), ([[753, 473], [1069, 473], [1069, 541], [753, 541]], "'와베람레도68)", 0.0054184076694920305)]
[([[856, 60], [1034, 60], [1034, 132], [856, 132]], '3맛:~', 0.0009806795278564095), ([[662, 338], [1099, 338], [1099, 422], [662, 422]], '(트엿제면 어떡하지3', 0.04338934134521299), ([[749, 407], [1010, 407], [1010, 480], [749, 480]], '@제만 동이', 0.22813380347057421), ([[706, 470], [1061, 470], [1061, 539], [706, 539]], '멈춘집 입@#에)', 0.007409365728809585)]
[([[858, 60], [1034, 60], [1034, 132], [858, 132]], ')유긋~', 0.00040589648415334523), ([[767, 407], [1057, 407], [1057, 473], [767, 473]], '이러반 선백', 0.12696710941594946), ([[736, 466], [1078, 466], [1078, 538], [736, 538]], '찬물 따버팎타@', 0.003349744324507194)]
[([[729, 185], [991, 185], [991, 253], [729, 253]], '헤에~3 이', 0.4151899017977315), ([[669, 245], [1055, 245], [1055, 313], [669, 313]], '비치늄 순영복으로', 0.6731424031078695), ([[681, 306], [1051, 306], [1051, 374], [681, 374]], '요중 싸달라고요3', 0.65177274112505)]
