2322553
23
[([[1946, 2440], [2068, 2440], [2068, 2472], [1946, 2472]], '@석어마3_4"9', 0.000657201719430365)]
[([[426, 62], [480, 62], [480, 110], [426, 110]], '어', 0.9998477755307569), ([[432, 120], [482, 120], [482, 176], [432, 176]], '잘', 0.9997425245101113), ([[394, 176], [510, 176], [510, 224], [394, 224]], '모켓고', 0.3310534855261857), ([[412, 222], [500, 222], [500, 278], [412, 278]], '축추구', 0.31300615311295943), ([[878, 718], [956, 718], [956, 790], [878, 790]], '참비', 0.008884722994946217), ([[996, 770], [1056, 770], [1056, 826], [996, 826]], '국', 0.09734337173181817), ([[1290, 776], [1346, 776], [1346, 878], [1290, 878]], '흉', 0.19515987911010146), ([[1049, 871], [1089, 871], [1089, 935], [1049, 935]], '용', 0.7853675734038781), ([[1181, 883], [1223, 883], [1223, 961], [1181, 961]], '음', 0.9167590730656663), ([[920, 1126], [1029, 1126], [1029, 1182], [920, 1182]], '(귀엽네.', 0.8807024912013288), ([[1660, 1226], [1732, 1226], [1732, 1252], [1660, 1252]], '대리', 0.015220755170705863), ([[890.9959964937677, 832.0723758069976], [990.6662171444732, 854.8642216915765], [975.0040035062323, 914.9276241930024], [874.3337828555268, 892.1357783084235]], '국나"', 0.11944635604781137)]
[([[1658, 1224], [1734, 1224], [1734, 1254], [1658, 1254]], '이리}', 0.001785462413864659)]
[([[1369, 2841], [1474, 2841], [1474, 2880], [1369, 2880]], '\'5373_@"]', 0.0017588164954797246)]
[([[200, 140], [240, 140], [240, 166], [200, 166]], '지 ', 0.8461382030980721), ([[189, 171], [267, 171], [267, 211], [189, 211]], '진짜"', 0.9766513802360673), ([[283, 263], [393, 263], [393, 307], [283, 307]], '아무데나', 0.6034690141677856), ([[279, 311], [409, 311], [409, 347], [279, 347]], '사시눈국나 ', 0.173446335236813), ([[1235, 589], [1279, 589], [1279, 625], [1235, 625]], '뽑', 0.007452406493893504), ([[1182, 828], [1284, 828], [1284, 904], [1182, 904]], '올', 0.08223461488758321), ([[968, 890], [1044, 890], [1044, 966], [968, 966]], "낫'", 0.07888532782685935), ([[1130, 1114], [1238, 1114], [1238, 1188], [1130, 1188]], '부류 ', 0.028469501737082584)]
[]
[([[69, 187], [157, 187], [157, 231], [69, 231]], '하룻요?', 0.4046894311904907), ([[245, 179], [301, 179], [301, 215], [245, 215]], '이 ', 0.5230061849281294), ([[212, 228], [342, 228], [342, 280], [212, 280]], '이렇제요?', 0.6324811867517925)]
[]
[]
[([[395, 405], [437, 405], [437, 477], [395, 477]], '씨', 0.2863547013317316)]
[([[476, 850], [576, 850], [576, 964], [476, 964]], '0', 0.9997680321763625), ([[1509, 1781], [1676, 1781], [1676, 1836], [1509, 1836]], "'", 0.6047040156558161), ([[1097.8306954218135, 176.23812939816048], [1223.035445979201, 151.89348890989794], [1235.1693045781865, 240.76187060183952], [1109.964554020799, 266.10651109010206]], '기', 0.4873130279934266), ([[951.4614393345138, 326.3997422697357], [1120.598237819271, 185.5096069106172], [1224.5385606654863, 339.6002577302643], [1054.401762180729, 480.4903930893828]], '1', 0.028176049565789896)]
[([[336, 176], [508, 176], [508, 232], [336, 232]], '겁혀버컷네?', 0.06288384172166411), ([[364, 250], [464, 250], [464, 300], [364, 300]], '절-대', 0.976576940923148), ([[348, 290], [499, 290], [499, 347], [348, 347]], '도 못구겨', 0.35658703526063107)]
[]
[]
[([[348, 630], [424, 630], [424, 772], [348, 772]], '3', 0.013873729053025308), ([[469, 1937], [607, 1937], [607, 2073], [469, 2073]], '봇', 0.030516744725023415), ([[1403, 2389], [1565, 2389], [1565, 2431], [1403, 2431]], "'", 0.6047040156558161), ([[960.3126493870592, 1828.0157566378916], [1191.8755375999328, 1968.071689570379], [1123.6873506129407, 2075.9842433621084], [892.1244624000672, 1936.928310429621]], "부문 '", 0.09305729775573952), ([[485.86401127970703, 2083.04972858866], [629.8292462783878, 2114.608438771075], [603.135988720293, 2222.95027141134], [459.1707537216122, 2192.391561228925]], '사', 0.056979860895030265)]
[]
[]
[([[557, 125], [657, 125], [657, 169], [557, 169]], '아무', 0.9208044026973788), ([[554, 172], [660, 172], [660, 224], [554, 224]], '못하구?', 0.11713608411642261), ([[571, 265], [633, 265], [633, 307], [571, 307]], '호4', 0.09368080408874815), ([[556, 310], [672, 310], [672, 366], [556, 366]], '국짓되?', 0.0906168520450592), ([[582, 476], [662, 476], [662, 580], [582, 580]], '#', 0.9995515849330019)]
[([[595, 479], [663, 479], [663, 573], [595, 573]], '#', 0.9956114862001328)]
[([[282, 224], [356, 224], [356, 324], [282, 324]], '앉', 0.3154836401443539), ([[907, 327], [967, 327], [967, 431], [907, 431]], '용용', 0.015260353547763568), ([[132, 654], [180, 654], [180, 774], [132, 774]], '@', 0.2167676377330432), ([[1542, 722], [1810, 722], [1810, 1012], [1542, 1012]], '장', 0.2480564487966639), ([[1628, 1612], [1828, 1612], [1828, 1834], [1628, 1834]], '광', 0.40733452247994606), ([[196, 1956], [364, 1956], [364, 2004], [196, 2004]], '(53*오 _ 쇼 선', 0.031877206906899665), ([[1271, 1787], [1539, 1787], [1539, 2047], [1271, 2047]], '광', 0.21122873717344248), ([[200.16252172385566, 329.0439563766287], [294.8732191378622, 372.58140195714196], [262.83747827614434, 439.9560436233713], [168.12678086213782, 395.41859804285804]], '(', 0.9451637543888616), ([[197.33633635160402, 791.0315316918424], [251.23074656105757, 785.364958946598], [262.663663648396, 909.9684683081576], [207.76925343894243, 914.635041053402]], '약', 0.3233534082291989), ([[1752.1125739744746, 1032.0115832223796], [2116.8235677896223, 1231.5407714760613], [1972.8874260255254, 1482.9884167776204], [1609.1764322103777, 1283.4592285239387]], '4', 0.0996555164501709), ([[805.0447629990498, 1388.0175535741528], [1035.6096705930013, 1520.5117072156595], [923.9552370009502, 1711.9824464258472], [693.3903294069987, 1580.4882927843405]], '묘6', 0.00371971410439915)]
[([[197, 1957], [293, 1957], [293, 1997], [197, 1997]], '(53*오', 0.002003468000365042), ([[301, 1963], [363, 1963], [363, 2003], [301, 2003]], '~"님', 0.06267435813886885)]
[([[1016, 84], [1096, 84], [1096, 188], [1016, 188]], '잠짝', 0.010647431416922985), ([[358, 222], [434, 222], [434, 318], [358, 318]], '양', 0.9783029693867462), ([[326, 366], [422, 366], [422, 516], [326, 516]], '벼', 0.3328593510065083), ([[635, 1375], [707, 1375], [707, 1437], [635, 1437]], '명]', 0.0028832045817534266), ([[1334, 1783], [1478, 1783], [1478, 1832], [1334, 1832]], "6형7'_479", 0.0004238552734758613), ([[672.0506043880225, 697.037615289084], [868.7865429813708, 749.746690312385], [837.9493956119775, 846.962384710916], [641.2134570186292, 793.253309687615]], '파약', 0.002691909500254921), ([[148.14471515106385, 1169.0458509048938], [289.9597668411532, 1215.1986811904878], [266.85528484893615, 1277.9541490951062], [125.04023315884679, 1231.8013188095122]], '1', 0.03289763544957225)]
[([[1305, 1784], [1475, 1784], [1475, 1829], [1305, 1829]], '@주67;_#마삼', 0.00025582185479861757), ([[147.24358573462106, 1171.0409887585138], [287.9688901458018, 1216.3407806618836], [265.7564142653789, 1276.9590112414862], [126.0311098541982, 1231.6592193381164]], '가', 0.33429922910001153)]
