2322114
110
[([[1621, 0], [1989, 0], [1989, 138], [1621, 138]], '이', 0.05924657404507294), ([[775, 1429], [874, 1429], [874, 1583], [775, 1583]], '[', 0.011589578960125524), ([[992, 1417], [1107, 1417], [1107, 1595], [992, 1595]], '9', 0.9999983310706426)]
[([[21, 47], [827, 47], [827, 127], [21, 127]], '자; 그러면 조금데이태웨 불가나', 0.1243095286813328), ([[1619, 0], [1956, 0], [1956, 138], [1619, 138]], '신', 0.058675689622361915), ([[21, 126], [820, 126], [820, 206], [21, 206]], '아 안대{이상태에서몸 흔들면;', 0.20895213322991327), ([[23, 189], [791, 189], [791, 264], [23, 264]], '부학관가습까지 자극되버트어되', 0.03844791170268494), ([[23, 246], [816, 246], [816, 321], [23, 321]], '정신과가: 정신이 나가 나가아앗]', 0.46628615031171833), ([[21, 329], [771, 329], [771, 406], [21, 406]], '야야; 나도슬슬 끌려세못참젯다.', 0.19383686673443482), ([[772, 1416], [876, 1416], [876, 1567], [772, 1567]], '[', 0.03976175959997641), ([[993, 1405], [1114, 1405], [1114, 1580], [993, 1580]], '9', 0.9999995231628986), ([[1648.795083583487, 549.0213570543317], [2053.5316702536356, 611.0394815757186], [1997.204916416513, 898.9786429456683], [1592.4683297463644, 836.9605184242814]], '2)', 0.10067598662011831)]
[([[1612, 0], [1999, 0], [1999, 212], [1612, 212]], '세', 0.11753584346326207), ([[769, 1404], [879, 1404], [879, 1570], [769, 1570]], '[', 0.3658977394827936), ([[990, 1392], [1107, 1392], [1107, 1570], [990, 1570]], '9', 0.9999967813517721), ([[1364, 2093], [1479, 2093], [1479, 2195], [1364, 2195]], '5', 0.5685772247432084), ([[1307, 2173], [1534, 2173], [1534, 2288], [1307, 2288]], '또사', 0.5916471916115635), ([[1338.1827206624912, 754.0151858210154], [1601.9946042129372, 906.5127777547767], [1505.8172793375088, 1066.9848141789846], [1242.0053957870628, 914.4872222452233]], "'스고", 0.05915087241527545)]
[([[872, 1390], [1145, 1390], [1145, 1584], [872, 1584]], "'", 0.08408900203900149), ([[1310, 2170], [1528, 2170], [1528, 2296], [1310, 2296]], "'", 0.5768610242840033), ([[1358, 2254], [1447, 2254], [1447, 2338], [1358, 2338]], "'", 0.2364042682395997)]
[([[300, 318], [631, 318], [631, 631], [300, 631]], '꽤', 0.2984040242163246), ([[1682, 741], [2019, 741], [2019, 1081], [1682, 1081]], '퍽', 0.9822148464924254), ([[765, 1415], [882, 1415], [882, 1595], [765, 1595]], '[', 0.03219365187337431), ([[989, 1387], [1117, 1387], [1117, 1594], [989, 1594]], '9', 0.9999979734431044), ([[1362, 2086], [1461, 2086], [1461, 2190], [1362, 2190]], '5', 0.6236756578063165), ([[1305, 2166], [1550, 2166], [1550, 2281], [1305, 2281]], '표 5', 0.14556571597328358), ([[1355, 2253], [1468, 2253], [1468, 2352], [1355, 2352]], '소', 0.48387905835042844), ([[1274.120703156325, 1314.0175789081206], [1444.1362349784813, 1373.547009162241], [1360.879296843675, 1607.9824210918794], [1190.8637650215187, 1547.452990837759]], '2', 0.43931484130895626)]
[([[1626, 0], [1823, 0], [1823, 160], [1626, 160]], '새', 0.061203899614842294), ([[767, 1401], [882, 1401], [882, 1570], [767, 1570]], '[', 0.4619315072001342), ([[990, 1395], [1104, 1395], [1104, 1568], [990, 1568]], '9', 0.9999952316341023), ([[1438, 2172], [1542, 2172], [1542, 2285], [1438, 2285]], '쇼', 0.10521168005429704), ([[1352, 2245], [1469, 2245], [1469, 2355], [1352, 2355]], '소', 0.1157033191646093), ([[1364.2734774253015, 2057.016503356635], [1484.9350025860147, 2097.3437476910585], [1412.7265225746985, 2308.983496643365], [1293.0649974139853, 2268.6562523089415]], '쇼', 0.8995571181213222)]
[([[194, 1762], [489, 1762], [489, 2130], [194, 2130]], '%', 0.15304730809341383), ([[343, 2030], [739, 2030], [739, 2346], [343, 2346]], '푹', 0.11338414479113457), ([[1342, 2120], [1574, 2120], [1574, 2325], [1342, 2325]], '토도', 0.25164905907307467), ([[1360.2734774253015, 2019.0165033566352], [1485.8263671838263, 2057.223310376868], [1417.7265225746985, 2270.983496643365], [1293.1736328161737, 2232.776689623132]], '쇼', 0.9627833444042722)]
[([[1629, 0], [1981, 0], [1981, 152], [1629, 152]], '신', 0.1443625360949774), ([[767, 1401], [882, 1401], [882, 1570], [767, 1570]], '[', 0.5458786207530899), ([[992, 1397], [1102, 1397], [1102, 1568], [992, 1568]], '9', 0.9999978542339392), ([[1415, 2173], [1532, 2173], [1532, 2297], [1415, 2297]], ')', 0.5603437861196312), ([[1354, 2258], [1467, 2258], [1467, 2349], [1354, 2349]], '또', 0.03566206020121343), ([[1398.3066997182568, 2057.0141430972903], [1517.8573976621117, 2128.7381760663957], [1393.6933002817432, 2335.9858569027097], [1274.1426023378883, 2264.2618239336043]], '쇼', 0.34183852946648585)]
[([[1614, 0], [1995, 0], [1995, 168], [1614, 168]], '신:', 0.02799751270801053), ([[767, 1415], [879, 1415], [879, 1595], [767, 1595]], '[', 0.0658488634742902), ([[986, 1387], [1114, 1387], [1114, 1594], [986, 1594]], '9', 0.9999974966064862), ([[1425, 2161], [1549, 2161], [1549, 2293], [1425, 2293]], '쇼', 0.13331206571912535), ([[1388.3811365033282, 2060.0136849752166], [1489.140304867568, 2109.520990184129], [1387.6188634966718, 2313.9863150247834], [1286.859695132432, 2263.479009815871]], '쇼', 0.9730216639957376)]
[([[1619, 0], [1892, 0], [1892, 155], [1619, 155]], '버', 0.02464161411523258), ([[1317, 894], [1423, 894], [1423, 973], [1317, 973]], '내', 0.14619229564164815), ([[767, 1401], [882, 1401], [882, 1570], [767, 1570]], '[', 0.5233674910445849), ([[990, 1395], [1104, 1395], [1104, 1566], [990, 1566]], '9', 0.9999920129935482), ([[1414, 2170], [1540, 2170], [1540, 2305], [1414, 2305]], '사', 0.6714504712590497), ([[1361, 2252], [1460, 2252], [1460, 2338], [1361, 2338]], '7', 0.7343728795712003), ([[1396.2833380897098, 2059.015112726122], [1513.7335234319735, 2127.519240170864], [1396.7166619102902, 2329.984887273878], [1279.2664765680265, 2262.480759829136]], '쇼', 0.1511570472800381)]
[([[764, 1529], [889, 1529], [889, 1690], [764, 1690]], "'", 0.36346242709898036), ([[1264, 1925], [1357, 1925], [1357, 2009], [1264, 2009]], "'", 0.15849933345990408), ([[337, 1926], [654, 1926], [654, 2148], [337, 2148]], "'", 0.263870429841532), ([[732, 1983], [912, 1983], [912, 2104], [732, 2104]], "'", 0.5768610242840033), ([[1583, 2343], [1744, 2343], [1744, 2469], [1583, 2469]], "'", 0.5768610242840033), ([[1660.6494143012897, 1805.5336780037073], [1778.7952594708674, 1902.5254915780242], [1601.3505856987103, 2113.4663219962927], [1483.2047405291326, 2016.4745084219758]], "'", 0.5768610242840033), ([[1266.111527650976, 2099.2342080670496], [1712.2211942465574, 1973.9647557830572], [1751.888472349024, 2161.7657919329504], [1305.7788057534426, 2287.035244216943]], "'", 0.623603451972091), ([[192.27895796232374, 2172.23166369859], [770.9538586739912, 2057.3475245900654], [797.7210420376763, 2311.76833630141], [219.04614132600872, 2425.6524754099346]], "'", 0.623603451972091), ([[1386.1466541165682, 2287.7572856429592], [1626.162908060227, 2121.904002372966], [1718.8533458834318, 2294.2427143570408], [1478.837091939773, 2461.095997627034]], "'", 0.5768610242840033), ([[402.16462731368676, 2403.62558379201], [713.2320168994906, 2317.412319714395], [744.8353726863132, 2478.37441620799], [433.7679831005094, 2564.587680285605]], "'", 0.5768610242840033)]
[([[769, 1523], [879, 1523], [879, 1689], [769, 1689]], '[', 0.2936786498427324), ([[992, 1512], [1109, 1512], [1109, 1692], [992, 1692]], '9', 0.9999880791065721), ([[336, 1920], [644, 1920], [644, 2154], [336, 2154]], '또표', 0.44125947331843135), ([[1251, 1923], [1363, 1923], [1363, 2031], [1251, 2031]], '살', 0.0070697338530898435), ([[1400, 1801], [1769, 1801], [1769, 2229], [1400, 2229]], '{', 0.9045665911161258), ([[597, 2152], [777, 2152], [777, 2300], [597, 2300]], '또', 0.5910513631825189), ([[1301, 2147], [1423, 2147], [1423, 2271], [1301, 2271]], '{', 0.15000744186935222), ([[1327, 2358], [1440, 2358], [1440, 2466], [1327, 2466]], '(', 0.16255586925009258), ([[1587, 2343], [1742, 2343], [1742, 2471], [1587, 2471]], '또', 0.4757062440428719), ([[554, 2530], [678, 2530], [678, 2660], [554, 2660]], '1', 0.06573577371530437), ([[191.22785227632505, 2174.120301177738], [583.3717642215641, 2083.119786591582], [622.772147723675, 2352.879698822262], [230.62823577843588, 2443.880213408418]], '교표', 0.27981470072465403), ([[1390.6565099460472, 2251.413851719445], [1667.0267882371738, 2153.772295488749], [1718.3434900539528, 2348.586148280555], [1441.9732117628262, 2446.227704511251]], '}표', 0.04970613507402675), ([[397.9147665880642, 2400.693159717031], [711.144895156843, 2311.3144987879105], [745.0852334119357, 2473.306840282969], [430.855104843157, 2562.6855012120895]], '[표', 0.09166124855905858)]
[([[1434, 59], [1755, 59], [1755, 128], [1434, 128]], '근래3 옛다!', 0.08237018770109121), ([[1437, 113], [1941, 113], [1941, 192], [1437, 192]], '의가 근렇게 주_ 넣고', 0.0702063711115067), ([[1438, 174], [1909, 174], [1909, 246], [1438, 246]], '싶어하면 자지남이랑', 0.133136267855892), ([[1436, 232], [1919, 232], [1919, 306], [1436, 306]], '자궁 키스 시켜주마!!', 0.4508994235590452), ([[1781, 764], [2014, 764], [2014, 1006], [1781, 1006]], '9', 0.1112358853968951), ([[772, 1549], [874, 1549], [874, 1706], [772, 1706]], '[', 0.14654584368722912), ([[987, 1541], [1104, 1541], [1104, 1716], [987, 1716]], '9', 0.9999976158156301), ([[80.68114954758428, 230.01402873646197], [515.7542159140854, 111.23120765559587], [671.3188504524157, 823.9859712635381], [236.24578408591458, 942.7687923444041]], '꽃', 0.19621730552238947), ([[1363.3666779040848, 332.00716336055194], [2026.8320792987913, 616.9380787231231], [1924.6333220959152, 829.9928366394481], [1262.1679207012087, 545.0619212768769]], '뿌그외욕!?!', 0.23656689568544628)]
[([[502, 781], [735, 781], [735, 913], [502, 913]], '걸레로', 0.32648900234653777), ([[771, 1428], [879, 1428], [879, 1590], [771, 1590]], '[', 0.22358043810351091), ([[992, 1417], [1109, 1417], [1109, 1593], [992, 1593]], '9', 0.9999983310706426), ([[1198, 1297], [1405, 1297], [1405, 1621], [1198, 1621]], '0', 0.055272655117954095), ([[101, 1595], [309, 1595], [309, 1733], [101, 1733]], '권내', 0.008232754372158192), ([[338, 1819], [642, 1819], [642, 2055], [338, 2055]], '또노', 0.526875204880198), ([[1253, 1824], [1368, 1824], [1368, 1935], [1253, 1935]], '또', 0.14306830761246747), ([[1396, 1701], [1771, 1701], [1771, 2131], [1396, 2131]], '{', 0.8105018224470975), ([[1307, 2056], [1415, 2056], [1415, 2173], [1307, 2173]], '{', 0.20624663830528167), ([[1587, 2246], [1742, 2246], [1742, 2372], [1587, 2372]], '또', 0.8623228917923029), ([[1631.325363643901, 1086.1005182443794], [1792.7868347578271, 1075.0756403082726], [1794.674636356099, 1196.8994817556206], [1632.2131652421729, 1207.9243596917274]], '보기', 0.36829337191864364), ([[303.9639632360221, 1131.699097060862], [494.7417983706142, 1077.7792359693563], [517.0360367639779, 1182.300902939138], [326.2582016293858, 1236.2207640306437]], '완경대', 0.4186487926831095), ([[1781.10053565714, 1399.0213023656543], [1993.7078420548862, 1497.6808667321977], [1919.89946434286, 1647.9786976343457], [1708.2921579451138, 1548.3191332678023]], '(', 0.31000865938864663), ([[199.10100947821792, 2062.1403976256447], [732.769756383901, 1969.074895312519], [754.8989905217821, 2224.8596023743553], [222.23024361609902, 2317.925104687481]], '노표 {', 0.18546988487006683), ([[1379.8292994374676, 2179.9073887061754], [1624.647468364369, 2024.121150554724], [1716.1707005625324, 2199.0926112938246], [1471.352531635631, 2355.878849445276]], '표[', 0.02321715730875427), ([[398.1669471814676, 2306.9175362625497], [708.9069576873487, 2213.0540922341347], [744.8330528185325, 2374.0824637374503], [435.0930423126512, 2467.9459077658653]], '[표', 0.04587714312676116)]
[([[21, 34], [469, 34], [469, 109], [21, 109]], '국희 0꾸히희학(', 0.1404558772546344), ([[1627, 0], [1954, 0], [1954, 152], [1627, 152]], '신', 0.01752446670275276), ([[22, 96], [308, 96], [308, 164], [22, 164]], '너; 넣없다노(', 0.2465745722295291), ([[348, 92], [468, 92], [468, 171], [348, 171]], '분행드', 0.14903878353381625), ([[513, 90], [928, 90], [928, 170], [513, 170]], '드데어덩어쩐어노(', 0.03209805632460137), ([[23, 151], [906, 151], [906, 226], [23, 226]], '한달 만에하분자지 십입 렉스; 최고용-', 0.051065281207739496), ([[22, 235], [561, 235], [561, 309], [22, 309]], '푸흐흐 아 진짜 웃기네', 0.4133166126777471), ([[26, 298], [572, 298], [572, 367], [26, 367]], '그싸가지없터여우년이', 0.3877205573554166), ([[25, 354], [784, 354], [784, 426], [25, 426]], '넣자마자 가버리는 자재중독 변태', 0.3711493266561664), ([[21, 412], [791, 412], [791, 485], [21, 485]], '암돼지로 변하다니; 정말 재방구만', 0.3613171461748588), ([[23, 495], [750, 495], [750, 568], [23, 568]], '잘난듯이 창녀라고소개햇으면서', 0.8538683199681941), ([[23, 554], [640, 554], [640, 629], [23, 629]], '자지 보다 먼저 가버리다니;', 0.5336038170009959), ([[24, 616], [653, 616], [653, 684], [24, 684]], '진짜 글러먹은 암키년이구만', 0.5866912155100841), ([[1757, 790], [2033, 790], [2033, 1063], [1757, 1063]], "'0", 0.07526182075448219), ([[769, 1545], [877, 1545], [877, 1710], [769, 1710]], '[', 0.302046931285588), ([[992, 1541], [1104, 1541], [1104, 1716], [992, 1716]], '9', 0.9999973773973494)]
[([[21, 48], [624, 48], [624, 123], [21, 123]], '자 그런면건춘장스러운겁', 0.0208019330524819), ([[1622, 0], [1950, 0], [1950, 143], [1622, 143]], '신', 0.010421088985846316), ([[21, 111], [690, 111], [690, 183], [21, 183]], '때버리고본격적으로가불가?', 0.3737310713324652), ([[104, 187], [656, 187], [656, 262], [104, 262]], '예앗: 3 지금 뭐하려분.', 0.22670021475616434), ([[0, 711], [103, 711], [103, 954], [0, 954]], ')', 0.9990236759185791), ([[772, 1546], [874, 1546], [874, 1706], [772, 1706]], '[', 0.19362003511762182), ([[990, 1539], [1104, 1539], [1104, 1716], [990, 1716]], '9', 0.9999951124251005), ([[26.867574810534634, 188.09220634426126], [111.13666879111695, 199.63231590731388], [101.13242518946537, 262.9077936557387], [16.86333120888305, 251.36768409268612]], '에;', 0.8273999624545167)]
[([[18, 47], [577, 47], [577, 127], [18, 127]], '크크 자지만 덩어든데물', 0.06025096111648273), ([[21, 104], [595, 104], [595, 183], [21, 183]], '세상 다라진 표정이라다', 0.2180382198154495), ([[18, 167], [444, 167], [444, 240], [18, 240]], '그렇게 기분 종나?', 0.5490584620664841), ([[25, 244], [453, 244], [453, 322], [25, 322]], '넷 부학어 데에앗:', 0.2009937356937734), ([[25, 306], [708, 306], [708, 381], [25, 381]], '오랜만의 십입 절정이라 분히', 0.336886520293154), ([[23, 364], [657, 364], [657, 439], [23, 439]], '자궁까지 떨리고 있다구요오', 0.35353472116784246), ([[22, 426], [430, 426], [430, 493], [22, 493]], '그런데 그건왜 ?', 0.6087791133202839), ([[770, 1546], [874, 1546], [874, 1709], [770, 1709]], '[', 0.29792083638938394), ([[992, 1541], [1104, 1541], [1104, 1716], [992, 1716]], '9', 0.9999963045154381), ([[1239.9407440329433, 1435.0267318522779], [1406.6758114254183, 1463.0261338150558], [1367.0592559670567, 1674.9732681477221], [1200.3241885745817, 1646.9738661849442]], '6', 0.7983094978606609)]
[([[21, 48], [708, 48], [708, 125], [21, 125]], '뭐긴 뛰야; 자지 봉맛에 취해세', 0.14365480002161027), ([[25, 106], [838, 106], [838, 183], [25, 183]], '손님 접대페대로못하늘 돼지년한켓', 0.10545707613072909), ([[21, 164], [730, 164], [730, 241], [21, 241]], '예절 주입 좀지켜주려고하지대', 0.14806875441793016), ([[23, 248], [267, 248], [267, 323], [23, 323]], '꾸이이의', 0.650974690914154), ([[24, 310], [608, 310], [608, 378], [24, 378]], '자 잠깐아직 절정 중인데', 0.8952569885915316), ([[23, 365], [555, 365], [555, 440], [23, 440]], '수서 넣어버리려어언', 0.1824868272842599), ([[772, 1695], [874, 1695], [874, 1857], [772, 1857]], '[', 0.10586964093603513), ([[986, 1688], [1110, 1688], [1110, 1882], [986, 1882]], '9', 0.9998294781095707), ([[1238.2181392213722, 1532.0132931083454], [1412.8, 1555.6], [1367.7818607786278, 1871.9867068916546], [1193.2, 1848.4]], '2', 0.19175461497401702)]
[([[22, 44], [713, 44], [713, 132], [22, 132]], '잠깐은문 잠깐이하이 새량-', 0.012995357879859564), ([[19, 107], [987, 107], [987, 185], [19, 185]], '창녀} 말이야; 이렇게] 자궁입유로자지루', 0.0964553066160744), ([[25, 165], [759, 165], [759, 244], [25, 244]], '덥 키스하면서] 질로 필라하듯이', 0.49040424530573495), ([[23, 225], [420, 225], [420, 300], [23, 300]], '쥐여째는거라고민', 0.07287408315298027), ([[15, 296], [682, 296], [682, 441], [15, 441]], '꾸중 -0-0[입,?@', 0.001079599763407535), ([[775, 1695], [876, 1695], [876, 1857], [775, 1857]], '0', 0.1823167718276899), ([[987, 1689], [1104, 1689], [1104, 1881], [987, 1881]], '9', 0.6821508907082677), ([[1227, 1589], [1376, 1589], [1376, 1807], [1227, 1807]], '5', 0.2814485212440019)]
[([[19, 43], [707, 43], [707, 129], [19, 129]], '그것되모트델세쫓집이락시곡', 0.005177935377408648), ([[21, 108], [627, 108], [627, 181], [21, 181]], '자지 달라교로물 거린거내', 0.13732189662617666), ([[25, 169], [438, 169], [438, 242], [25, 242]], '암돼지 쫓집년아]', 0.6666176681734078), ([[775, 1526], [878, 1526], [878, 1693], [775, 1693]], '[', 0.14341659284588104), ([[994, 1521], [1107, 1521], [1107, 1701], [994, 1701]], '9', 0.9999978542339392), ([[1072.522198725642, 64.00422799877317], [1849.021202003416, 481.7960395408204], [1734.477801274358, 682.9957720012268], [958.978797996584, 264.2039604591796]], '@히이이이익::', 0.0004578574582645562), ([[313.41260398734806, 340.0156945634091], [392.8277700200191, 332.36967936918734], [412.58739601265194, 548.984305436591], [333.1722299799809, 556.6303206308127]], "'", 0.7412536726780026), ([[191.3451314735725, 732.0052302456387], [488.45020693024196, 704.9360479803419], [541.6548685264275, 1439.9947697543612], [245.54979306975807, 1467.0639520196582]], '#', 0.025228115040232035)]
[([[21, 48], [561, 48], [561, 123], [21, 123]], '이렇계 잘 설명해적-', 0.05066362458722059), ([[1631, 0], [1984, 0], [1984, 123], [1631, 123]], '신', 0.05095003111772933), ([[21, 107], [510, 107], [510, 183], [21, 183]], '앞으로잘 하라고흥?', 0.3017011287193485), ([[25, 183], [660, 183], [660, 258], [25, 258]], '뭐 그래로 허벌 갈보치고분', 0.1435834352956377), ([[21, 243], [366, 243], [366, 316], [21, 316]], '꽤 쓸만햇다고', 0.7397132287583521), ([[24, 316], [433, 316], [433, 389], [24, 389]], '부헤: 부혜회하액_', 0.17938637157986176), ([[22, 373], [517, 373], [517, 451], [22, 451]], '감사. 감사합니타아앗', 0.5862462335540287), ([[23, 464], [660, 464], [660, 537], [23, 537]], '야; 야 다 셋으면 저리비켜;', 0.4862376746363663), ([[21, 522], [669, 522], [669, 595], [21, 595]], '나도 이 년한테 갚아주야함게', 0.2315831322601095), ([[23, 583], [660, 583], [660, 656], [23, 656]], '잔뜩 있으니까 말이야 흐흉', 0.27726509064777366), ([[323, 670], [441, 670], [441, 763], [323, 763]], '좁', 0.01037128935892917), ([[775, 1429], [874, 1429], [874, 1585], [775, 1585]], '0', 0.02503554198056457), ([[992, 1417], [1102, 1417], [1102, 1593], [992, 1593]], '9', 0.9999983310706426), ([[1205, 1307], [1397, 1307], [1397, 1584], [1205, 1584]], '0', 0.5284816791121472), ([[1252, 2152], [1349, 2152], [1349, 2255], [1252, 2255]], '꼭', 0.6836042337012636), ([[420, 2249], [594, 2249], [594, 2402], [420, 2402]], ')', 0.03848358764977555), ([[1331.905250286339, 2145.024981270822], [1516.6209812936324, 2182.858697028915], [1465.094749713661, 2411.975018729178], [1281.3790187063676, 2374.141302971085]], '" ', 0.06788548190332205), ([[1280.0986481080286, 2466.0290456744415], [1424.7987115673857, 2540.634506588448], [1367.9013518919714, 2648.9709543255585], [1222.2012884326143, 2575.365493411552]], '셋', 0.1903264669472584)]
[([[19, 48], [726, 48], [726, 129], [19, 129]], '문흐하 어떠철 데년미근렇제', 0.008082152112767626), ([[1621, 0], [1953, 0], [1953, 133], [1621, 133]], '이', 0.011706627058432284), ([[20, 106], [594, 106], [594, 190], [20, 190]], '깔보터 쓰기의자지가3', 0.20784855746803255), ([[22, 188], [658, 188], [658, 269], [22, 269]], '부히이익73 마; 말물안되:', 0.05171264927463604), ([[1034, 150], [1129, 150], [1129, 236], [1034, 236]], '새?', 0.0069227306819827005), ([[23, 243], [778, 243], [778, 321], [23, 321]], '자지가 0 이렇게 크타고오오?', 0.3386344733513678), ([[24, 325], [610, 325], [610, 394], [24, 394]], '크크 어때? 4시고 싶지?', 0.4607095230859733), ([[24, 386], [835, 386], [835, 455], [24, 455]], '빨리 보지에봉고 존나 떡치고 싶치?', 0.49787275510883655), ([[772, 1427], [876, 1427], [876, 1592], [772, 1592]], '[', 0.22238294491652155), ([[992, 1417], [1102, 1417], [1102, 1593], [992, 1593]], '9', 0.9999984502798362), ([[1251.0634328174883, 1289.0208951117393], [1416.746594962667, 1326.1059456211763], [1362.9365671825117, 1554.9791048882607], [1198.253405037333, 1518.8940543788237]], '5', 0.2135060851472339)]
[([[584, 965], [1518, 965], [1518, 1118], [584, 1118]], '물질달이레 붙잡히', 0.019871972981568217), ([[415, 1099], [1688, 1099], [1688, 1251], [415, 1251]], '양돼제로 퍼교 텅화 @리}', 0.0047198602810392945), ([[197, 1230], [1902, 1230], [1902, 1380], [197, 1380]], '이출 @출름 리켓 남지물움 원합', 0.0022388095009301086), ([[169, 1360], [1929, 1360], [1929, 1513], [169, 1513]], '쓰립-이 동연움 히페 되움데히', 0.0047936884782819045)]
[([[21, 14], [395, 14], [395, 87], [21, 87]], '넷 네앗- 빨리베', 0.02599580484123876), ([[1658, 0], [1952, 0], [1952, 125], [1658, 125]], '대다', 0.028723298373363907), ([[23, 68], [892, 68], [892, 145], [23, 145]], '빨리 넣어세 질편하켓 떡치고 싶어오3', 0.03520800226460902), ([[19, 124], [884, 124], [884, 209], [19, 209]], '흑인님의터대자지락존과게 중서넣되', 0.0060523782464142264), ([[23, 189], [591, 189], [591, 262], [23, 262]], '싶어오옷:] 분히히히림속', 0.009566635115669726), ([[20, 272], [514, 272], [514, 348], [20, 348]], '그러면 명세해보라고;', 0.6794371662163952), ([[17, 323], [803, 323], [803, 411], [17, 411]], '네련이얼마나 글러먹은 암컷인지; ', 0.1618915525749347), ([[22, 393], [619, 393], [619, 461], [22, 461]], '얼마나 자지에 미치 년인지', 0.41894553776218735), ([[23, 448], [807, 448], [807, 523], [23, 523]], '대 자지 앞에저 망세하면 넣어주마]', 0.44772917995925754), ([[772, 1427], [874, 1427], [874, 1592], [772, 1592]], '[', 0.23717813259190113), ([[992, 1417], [1102, 1417], [1102, 1593], [992, 1593]], '9', 0.9999984502798362), ([[1254.1446161639935, 1299.0166354146345], [1421.9801309084644, 1349.0116064420745], [1345.8553838360065, 1599.9833645853655], [1178.0198690915356, 1549.9883935579255]], '0', 0.494516034941185)]
[([[25, 50], [606, 50], [606, 125], [25, 125]], '부히히어 일켓습내타앗]', 0.054415234014377624), ([[1627, 0], [1950, 0], [1950, 128], [1627, 128]], '이이', 0.008180939024367393), ([[25, 108], [708, 108], [708, 181], [25, 181]], '자지 중록암돼지 창녀아락 한', 0.09158321937555142), ([[21, 161], [895, 161], [895, 245], [21, 245]], '위대하신흑인차지남에계 명제합내다}', 0.14259911671844316), ([[1347, 339], [2023, 339], [2023, 405], [1347, 405]], '자지남들에게 건방지게 꿀엇런', 0.2909250389372226), ([[1349, 397], [2018, 397], [2018, 466], [1349, 466]], '옛날의 아라가 명칭햇습니다! !', 0.5449334312199791), ([[74, 961], [663, 961], [663, 1045], [74, 1045]], '앞으로는 자지남이 주시든', 0.19235505644252712), ([[75, 1024], [773, 1024], [773, 1099], [75, 1099]], '쫓물과 쾌락에 충성흘다할퇴베', 0.1061199920824046), ([[76, 1088], [835, 1088], [835, 1157], [76, 1157]], '부디 소녀의미전한 헌벌 갈로에레', 0.0849851558228239), ([[75, 1141], [895, 1141], [895, 1219], [75, 1219]], '우람하 자지남흘배줄어중제요오옷집', 0.05220665438107644), ([[772, 1429], [874, 1429], [874, 1592], [772, 1592]], '[', 0.19395103512053513), ([[992, 1417], [1102, 1417], [1102, 1593], [992, 1593]], '9', 0.9999982118614561), ([[1251.1446161639935, 1300.0166354146345], [1417.7944982781205, 1347.7892706877442], [1342.8553838360065, 1600.9833645853655], [1176.2055017218795, 1552.2107293122558]], '0', 0.38939654703924376)]
[([[18, 48], [840, 48], [840, 125], [18, 125]], '뚜하하해근렇제시하되남자한켓', 0.0272129854875728), ([[1658, 0], [1986, 0], [1986, 130], [1658, 130]], '어이', 0.008766489528714316), ([[23, 108], [741, 108], [741, 183], [23, 183]], '추잡한 말로애원하눈 꼴이라니5', 0.4563825975584916), ([[20, 166], [675, 166], [675, 244], [20, 244]], '자존심되 걸래가 되버럿잖나;', 0.2266674209870264), ([[23, 248], [498, 248], [498, 321], [23, 321]], '꾸희희학6 자존심요?', 0.33215643091908864), ([[20, 305], [687, 305], [687, 381], [20, 381]], '그딴거량 렉스활수있는 것도', 0.09321837006809626), ([[22, 368], [493, 368], [493, 434], [22, 434]], '아단데 왜 필요하조?', 0.13195139408242915), ([[18, 419], [787, 419], [787, 498], [18, 498]], '저듭 자지남이 주는 쾌락과 쫓물만', 0.14720688992841124), ([[1453, 403], [1604, 403], [1604, 535], [1453, 535]], '"봄', 0.004803040716123793), ([[23, 477], [803, 477], [803, 558], [23, 558]], '있으면 뭐문지 할 수있다유요오옷}', 0.1467056583558364), ([[770, 1164], [874, 1164], [874, 1324], [770, 1324]], '[', 0.05548873822079159), ([[986, 1148], [1110, 1148], [1110, 1335], [986, 1335]], '9', 0.9999970197699817), ([[467.12935589027506, 1940.019958407996], [565.4724906507329, 1848.0058758405403], [857.8706441097249, 2195.980041592004], [759.5275093492671, 2287.9941241594597]], '콩', 0.03183853793424252)]
[([[19, 37], [286, 37], [286, 106], [19, 106]], '근래; 맞아', 0.22498517023952955), ([[14, 88], [190, 88], [190, 229], [14, 229]], '잘출질', 0.204861348907166), ([[125, 82], [615, 82], [615, 234], [125, 234]], '질따움움 탤펼열줄렉', 0.000404310753304847), ([[504, 90], [746, 90], [746, 231], [504, 231]], '주진임하', 0.05554966256022453), ([[23, 246], [503, 246], [503, 325], [23, 325]], '꾸혹? 선물이라니: ?', 0.23918817829663397), ([[23, 305], [613, 305], [613, 378], [23, 378]], '자; 잠깐?저렇게 문 결로', 0.12521621511752945), ([[23, 365], [530, 365], [530, 438], [23, 438]], '무슨 짓율 하시려고?', 0.562775333395045), ([[772, 1164], [872, 1164], [872, 1322], [772, 1322]], '[', 0.030350068001247843), ([[984, 1148], [1108, 1148], [1108, 1335], [984, 1335]], '9', 0.9999991655351472)]
[([[18, 27], [273, 27], [273, 102], [18, 102]], '왜권왜야]', 0.18169961550057354), ([[21, 84], [757, 84], [757, 163], [21, 163]], '자지 달라되아가리벌질때마켓', 0.01707573014078358), ([[23, 144], [723, 144], [723, 219], [23, 219]], '땅구명되 같이 물줄어저서가스가', 0.04315003876521406), ([[18, 201], [776, 201], [776, 279], [18, 279]], '재어마와서 냄새가 존나 난다고', 0.2932712280732022), ([[24, 283], [650, 283], [650, 351], [24, 351]], '끄5 ,그이이익3자; 잠깐.', 0.07210255279071752), ([[23, 340], [717, 340], [717, 413], [23, 413]], '아직엉덩이는 준비가 안팎는데', 0.24524500965598683), ([[18, 399], [762, 399], [762, 471], [18, 471]], "그런 무지막지 한걸 넣으펴어언내'", 0.29219167577817207), ([[21, 475], [791, 475], [791, 552], [21, 552]], '그런거 치고는 존나 잘 들어가눈데', 0.4149851115856022), ([[25, 538], [465, 538], [465, 611], [25, 611]], '업살부리지 말리교', 0.2373828966526098), ([[783, 1184], [863, 1184], [863, 1295], [783, 1295]], '9', 0.9692439877341066), ([[986, 1126], [1112, 1126], [1112, 1328], [986, 1328]], '9', 0.42499710062451473), ([[1387.5770889924079, 717.0633967149686], [1471.61024268647, 642.0116416144868], [1641.4229110075921, 860.9366032850314], [1557.38975731353, 935.9883583855132]], '논', 0.011693658380530714), ([[459.88903904178113, 787.6671171253433], [607.4151455234395, 732.3221904462472], [640.1109609582189, 842.3328828746567], [492.5848544765605, 897.6778095537528]], '|', 0.266680512266376), ([[1607.156041832832, 1821.0091326768425], [1897.1092130721042, 1786.6416432372698], [1950.843958167168, 2360.9908673231575], [1660.8907869278958, 2395.35835676273]], '못', 0.14238940324845828)]
[([[18, 30], [305, 30], [305, 109], [18, 109]], '꾸히이이익', 0.8098362369155153), ([[21, 88], [615, 88], [615, 164], [21, 164]], '안돼] 빗걸때문에다리에', 0.13685240077293487), ([[25, 151], [485, 151], [485, 224], [25, 224]], '힘이 풀련버런어엇빌', 0.03636024864312648), ([[79, 237], [468, 237], [468, 879], [79, 879]], '%', 0.3093471989399319), ([[282, 831], [618, 831], [618, 1306], [282, 1306]], '옛', 0.2586567985463297), ([[775, 1636], [876, 1636], [876, 1799], [775, 1799]], '0', 0.05588327302588425), ([[987, 1629], [1104, 1629], [1104, 1822], [987, 1822]], '9', 0.9999694858180386), ([[1216, 1527], [1388, 1527], [1388, 1793], [1216, 1793]], '2', 0.8715115964987632), ([[1008.5102050082259, 109.00413648697399], [2027.4439940828674, 534.3485222628229], [1921.489794991774, 758.995863513026], [903.5560059171327, 333.651477737177]], '@교오오오욕???', 0.28926372103536974)]
[([[21, 48], [870, 48], [870, 125], [21, 125]], '하 이년} 아과처럼자지만 넣어논데도', 0.08735288626525846), ([[1678, 0], [1979, 0], [1979, 130], [1678, 130]], '어', 0.04224883002313384), ([[16, 108], [690, 108], [690, 181], [16, 181]], '가버렇데: 조류암캐년 하교는', 0.060998875473779836), ([[22, 189], [548, 189], [548, 262], [22, 262]], '부끄으욕2자; 잠깐:', 0.14502044756024338), ([[23, 248], [543, 248], [543, 321], [23, 321]], '지금유문잡아당기면노', 0.2585258658670162), ([[28, 310], [612, 310], [612, 378], [28, 378]], '보보지에 힘이: 고끄으옥', 0.12635520269340275), ([[22, 386], [511, 386], [511, 455], [22, 455]], '야보지에 집중안해?', 0.6522786033957306), ([[23, 441], [544, 441], [544, 521], [23, 521]], '넣자마자 풀어전버리눈', 0.28925439922647295), ([[23, 500], [507, 500], [507, 573], [23, 573]], '허벌보지가 어응나?', 0.4650359489996015), ([[780, 1192], [864, 1192], [864, 1305], [780, 1305]], '9', 0.9988168403472173), ([[986, 1148], [1110, 1148], [1110, 1333], [986, 1333]], '9', 0.999999046325911)]
[([[18, 50], [935, 50], [935, 129], [18, 129]], '보지에입{안주과내 변태버돼지년아싹', 0.011932655217546426), ([[1631, 0], [1957, 0], [1957, 145], [1631, 145]], '대', 0.015505071773304957), ([[20, 141], [560, 141], [560, 225], [20, 225]], '뿌끄으으으으올3!', 0.09424991088741125), ([[78, 354], [660, 354], [660, 1085], [78, 1085]], '꽤', 0.3392165179935205), ([[1229, 1573], [1385, 1573], [1385, 1862], [1229, 1862]], '2', 0.6319466530285922)]
[([[18, 23], [134, 23], [134, 100], [18, 100]], '역쇄', 0.0496924314542107), ([[120, 15], [786, 15], [786, 167], [120, 167]], '[지아야렉기부립되픽하하만', 0.0003440030251376646), ([[19, 87], [133, 87], [133, 153], [19, 153]], '은럼', 0.10490455407965274), ([[245, 72], [689, 72], [689, 161], [245, 161]], '쌀걀프교 }림없이', 0.0015998466299322726), ([[18, 139], [461, 139], [461, 219], [18, 219]], '자궁에담아되라탄', 0.020069598979461357), ([[772, 1636], [874, 1636], [874, 1799], [772, 1799]], '[', 0.13451076663020345), ([[987, 1629], [1104, 1629], [1104, 1824], [987, 1824]], '9', 0.9999995231628986), ([[1229, 1533], [1386, 1533], [1386, 1751], [1229, 1751]], '5', 0.08072693108465501), ([[1033.0519434201942, 64.00473070346352], [1620.588953343904, -240.99817437171467], [2304.948056579806, 1255.9952692965364], [1717.411046656096, 1561.9981743717146]], '도', 0.02249460640094214), ([[108.28706432994632, 363.00619897191325], [392.57485830017794, 293.5306135661463], [548.7129356700536, 1019.9938010280868], [263.42514169982206, 1088.4693864338537]], '축', 0.43262809784616607), ([[125.34198298721743, 1731.0083279950886], [291.4633844980642, 1648.0041296585987], [532.6580170127826, 2177.9916720049114], [366.5366155019358, 2260.9958703414013]], '푹', 0.44632806190196916)]
[([[23, 53], [337, 53], [337, 131], [23, 131]], '굳국 어떠나', 0.030976383461504428), ([[1647, 0], [1948, 0], [1948, 125], [1647, 125]], '어이', 0.0033453631052310544), ([[21, 108], [754, 108], [754, 188], [21, 188]], '미년발밑에외되남자의 정액에', 0.3209438636310274), ([[22, 175], [709, 175], [709, 243], [22, 243]], '자궁과지 함락되소감은 크크', 0.3139940191924836), ([[25, 249], [176, 249], [176, 318], [25, 318]], '부화;(', 0.18254075944423676), ([[216, 248], [377, 248], [377, 321], [216, 321]], '분히3', 0.11127453686803669), ([[23, 306], [537, 306], [537, 379], [23, 379]], '최고; 최고없어오오,(', 0.36191280616887056), ([[23, 389], [411, 389], [411, 462], [23, 462]], '이런 멋진 자지름', 0.6043567779553299), ([[22, 447], [555, 447], [555, 521], [22, 521]], '이제서야 알게되다니닐', 0.29579205979404544), ([[26, 508], [513, 508], [513, 576], [26, 576]], '앞으로 자위 따위로는', 0.9158596183228118), ([[27, 562], [571, 562], [571, 637], [27, 637]], '만족 못할거 같아오', 0.9055211941120193), ([[0, 625], [232, 625], [232, 691], [0, 691]], '멘부히히히', 0.026406516589358518), ([[770, 1164], [872, 1164], [872, 1324], [770, 1324]], '[', 0.049441902052521636), ([[986, 1148], [1108, 1148], [1108, 1335], [986, 1335]], '9', 0.43258662846108165), ([[1264, 1829], [1354, 1829], [1354, 1939], [1264, 1939]], '걱', 0.16162425578738837), ([[558, 1917], [708, 1917], [708, 2034], [558, 2034]], '허중', 0.0005604992469754823), ([[1217, 2223], [1385, 2223], [1385, 2362], [1217, 2362]], '주름', 0.35088463813158133), ([[1380.3226417108224, 1827.014344375407], [1555.3145535434808, 1992.367025818779], [1461.6773582891776, 2094.985655624593], [1286.6854464565192, 1929.632974181221]], '과가', 0.011812168506832352)]
[([[448, 183], [1634, 183], [1634, 327], [448, 327]], '기용창술자} 아락} 한 (썰량)', 0.021683114101052857), ([[454, 452], [1662, 452], [1662, 569], [454, 569]], '도직텔이레 물욕적인 패배와 함', 0.023865078026552987), ([[661, 553], [1419, 553], [1419, 663], [661, 663]], '상품의로 조페되-서', 0.04190528584881217), ([[237, 642], [1848, 642], [1848, 763], [237, 763]], '줍폐의 올만햇터 모습 따륙문 찾이붙순 없백', 0.001142894960489293), ([[505, 739], [1585, 739], [1585, 862], [505, 862]], '암돼지로 태외해베린 아라 한', 0.05248721079689574), ([[522, 929], [1570, 929], [1570, 1041], [522, 1041]], '탄림히게 단/ 되없권 몸매늄', 0.015359020296486451), ([[495, 1026], [1595, 1026], [1595, 1138], [495, 1138]], '레속되늄 순컷들의 씨베리기에', 0.09590315350747741), ([[237, 1115], [1846, 1115], [1846, 1238], [237, 1238]], '붙복: 자궁 때문에 상 배람기 상태3} 되어', 0.04443022702701429), ([[598, 1212], [1502, 1212], [1502, 1327], [598, 1327]], '온몸이 자제만움 팀해름', 0.0687987262890531), ([[501, 1307], [1587, 1307], [1587, 1429], [501, 1429]], '진신 오올 보지과} 되어버라', 0.03262156198776712), ([[434, 1494], [1651, 1494], [1651, 1618], [434, 1618]], '지내물울 문해털 권방훨 성격로', 0.020272744503166622), ([[525, 1593], [1554, 1593], [1554, 1710], [525, 1710]], '좌지에계 문움당합 이훈로날', 0.0537268755653519), ([[251, 1686], [1833, 1686], [1833, 1806], [251, 1806]], '자제와 정액 냄새름 찾아 꽃문명올 벌렁이면', 0.018348949961961483), ([[464, 1782], [1619, 1782], [1619, 1902], [464, 1902]], '꿀론렉리늄 압돼지만이 남계 -', 0.028529938114641346), ([[546, 1973], [1543, 1973], [1543, 2085], [546, 2085]], '조문가 끝병움 상품으로세', 0.014624191103429506), ([[569, 2070], [1516, 2070], [1516, 2182], [569, 2182]], '사고 팔리기블 밥복해다가}', 0.02710071875045589), ([[568, 2159], [1515, 2159], [1515, 2279], [568, 2279]], '현재{ 엘리오 뒷세계의', 0.11048956159410249), ([[454, 2259], [1631, 2259], [1631, 2371], [454, 2371]], '암컷 스트질-의 기등답 창여로', 0.028564793544870966), ([[476, 2350], [1608, 2350], [1608, 2471], [476, 2471]], '관계 뵙입이 문화켓 경말햇털', 0.005902073926996495), ([[605, 2450], [1476, 2450], [1476, 2560], [605, 2560]], '펴문합 내달움상대로', 0.05815106648318929), ([[297, 2540], [1787, 2540], [1787, 2661], [297, 2661]], '문애의 보제 랜살률 "눈 입율 하보 있터', 0.006818002434299622)]
[([[21, 36], [708, 36], [708, 114], [21, 114]], '@흐 이제부테진짜 시작인데', 0.049600047150331845), ([[1608, 0], [1987, 0], [1987, 158], [1608, 158]], '버', 0.19524654565117316), ([[18, 93], [890, 93], [890, 172], [18, 172]], '웃고있든들이있냐3 빨리준비하라교', 0.14831601378837614), ([[23, 189], [654, 189], [654, 262], [23, 262]], '꾸히이있이 좋아좋아요 {', 0.11125147004174223), ([[22, 245], [735, 245], [735, 322], [22, 322]], '이런난독 질편 렉스는 저야말로', 0.32357534368933166), ([[26, 310], [329, 310], [329, 378], [26, 378]], '환영이라고요', 0.992271136850146), ([[770, 1490], [874, 1490], [874, 1646], [770, 1646]], '[', 0.17922356245421955), ([[990, 1478], [1107, 1478], [1107, 1656], [990, 1656]], '9', 0.9999976158156301), ([[1247.103382468164, 1347.019149755036], [1408.7266964154405, 1378.0292146936958], [1359.896617531836, 1622.980850244964], [1198.2733035845595, 1591.9707853063042]], '6', 0.3847257952250551)]
[([[22, 49], [708, 49], [708, 124], [22, 124]], '씩스리고3 보간 자궁에 달렉서', 0.019712170454726327), ([[20, 106], [732, 106], [732, 183], [20, 183]], '쫓물에 칠수렉나? 뛰라는기야씨', 0.010730013373030999), ([[19, 192], [419, 192], [419, 345], [19, 345]], '꾸요욕숙', 0.03759286180138588), ([[1577, 671], [1878, 671], [1878, 944], [1577, 944]], '7', 0.9410680777741085), ([[768, 1556], [896, 1556], [896, 1699], [768, 1699]], '[', 0.4634305610955245), ([[999, 1534], [1131, 1534], [1131, 1707], [999, 1707]], '9', 0.9998919992998623), ([[1509.911621478978, 299.01558961633106], [1873.882018249239, 409.92535894756503], [1769.088378521022, 723.984410383669], [1406.117981750761, 612.0746410524349]], '(5', 0.0511047165092462)]
[([[21, 48], [595, 48], [595, 125], [21, 125]], '자지 맛 자보게해주니값', 0.023914416271121022), ([[21, 111], [406, 111], [406, 183], [21, 183]], '착각하내 본데베', 0.2481607103218565), ([[21, 165], [946, 165], [946, 240], [21, 240]], '우리간 내모기달드해주려되온줄아다?', 0.036446756361167766), ([[23, 223], [847, 223], [847, 298], [23, 298]], '니 새끼 존나 괴롭히려국-온거라고!', 0.16347097407639025), ([[21, 302], [750, 302], [750, 379], [21, 379]], '꾸이익남? 멋; 멈취- 멈취오옷내', 0.02899278449411153), ([[22, 364], [924, 364], [924, 440], [22, 440]], '국폭력은 여기서 허락이 안되다구요옷! !', 0.09812892643796108), ([[22, 427], [371, 427], [371, 493], [22, 493]], '꾸헤에에에액써', 0.31959140302106503), ([[21, 489], [672, 489], [672, 562], [21, 562]], '가계 주인이랑 합의 햇으니까', 0.3263427716830379), ([[26, 550], [540, 550], [540, 619], [26, 619]], '돼지 먹 따는 소리말고나', 0.39637197929564844), ([[25, 607], [481, 607], [481, 680], [25, 680]], '암전히 처 맞으라고', 0.5320794395185532), ([[771, 1410], [882, 1410], [882, 1586], [771, 1586]], '[', 0.01710395314930424), ([[983, 1386], [1115, 1386], [1115, 1597], [983, 1597]], '9', 0.999999046325911), ([[266, 2756], [332, 2756], [332, 2807], [266, 2807]], '7', 0.49073684239034776), ([[1701, 2772], [1855, 2772], [1855, 2847], [1701, 2847]], '%--', 0.16787755489349365), ([[74.99398780165873, 1301.4681353487913], [338.59977581304327, 1102.7642257035907], [452.00601219834124, 1301.5318646512087], [187.4002241869567, 1500.2357742964093]], '고직', 0.019867645898673243)]
[([[20, 43], [998, 43], [998, 131], [20, 131]], '아주근램우유통에요 중결 얼마닥 숨소문지', 0.001083539776852553), ([[1627, 0], [1804, 0], [1804, 125], [1627, 125]], '대', 0.002879868353151141), ([[23, 108], [773, 108], [773, 183], [23, 183]], '보지보다 허벌이라 자지가아니라', 0.4374610517533049), ([[23, 167], [577, 167], [577, 242], [23, 242]], '팔을 넣어 속속 들어가네', 0.37934077878057515), ([[1348, 313], [1941, 313], [1941, 386], [1348, 386]], '부끼이이익:!! !그 그만  !', 0.2896810241124613), ([[1342, 372], [1952, 372], [1952, 446], [1342, 446]], '거긴 팔 넣는 긋이 아나앗! !', 0.43212808609790476), ([[1348, 461], [1880, 461], [1880, 534], [1348, 534]], '실컷 가슴에 꽃박아농고', 0.3690387619159321), ([[1347, 521], [1719, 521], [1719, 590], [1347, 590]], '쾌소리하고있네,', 0.2822642781852301), ([[1345, 580], [1897, 580], [1897, 648], [1345, 648]], '그렇시간에 좀 빨아먹게', 0.4238101941682855), ([[305, 586], [433, 586], [433, 707], [305, 707]], '서', 0.16784344815710117), ([[1344, 633], [1934, 633], [1934, 714], [1344, 714]], '우유나 데뽑어화 이 새까?', 0.11575768285380097), ([[769, 1415], [877, 1415], [877, 1581], [769, 1581]], '[', 0.2609820463113124), ([[989, 1403], [1110, 1403], [1110, 1587], [989, 1587]], '9', 0.9999727012590007), ([[110.1052076333013, 325.0408170925903], [537.156973193757, 261.04744449699643], [567.8947923666987, 644.9591829074097], [140.8430268062429, 708.9525555030036]], '꽤', 0.04944870791362721), ([[1246.0803025990715, 1302.0192321178097], [1414.2938746632594, 1340.2179281405483], [1354.9196974009285, 1584.9807678821903], [1187.7061253367406, 1545.7820718594517]], '0', 0.22196680322210582)]
[([[21, 50], [771, 50], [771, 125], [21, 125]], '자지먹고싶으면데양양거리-세', 0.14142604115609225), ([[21, 108], [854, 108], [854, 183], [21, 183]], '애원할 젓이지5 건방지게눈군맘대로', 0.34069849446525), ([[24, 165], [487, 165], [487, 242], [24, 242]], '렉스틀 하자말자해내', 0.06144682340988022), ([[0, 689], [453, 689], [453, 1456], [0, 1456]], '올', 0.6458087139262716), ([[771, 1451], [882, 1451], [882, 1633], [771, 1633]], '[', 0.0022192407188083157), ([[986, 1432], [1112, 1432], [1112, 1625], [986, 1625]], '9', 0.9999963045154381), ([[1262.5377389969863, 829.0039574240021], [1799.4639958860332, 1285.5757755060506], [1651.4622610030137, 1466.996042575998], [1114.5360041139668, 1011.4242244939494]], '백고이이]', 0.017968266167499827)]
[([[21, 48], [834, 48], [834, 125], [21, 125]], '이 참에9동안의 복순량 창보로서의', 0.18349379787470627), ([[1637, 0], [1951, 0], [1951, 137], [1637, 137]], ')', 0.02978728321658597), ([[21, 111], [678, 111], [678, 183], [21, 183]], '마음가짐올 젖 보짓 동균덩에', 0.2233284789691122), ([[23, 165], [487, 165], [487, 242], [23, 242]], '씩 다준입지켜줌마입', 0.07438188760516055), ([[23, 248], [582, 248], [582, 321], [23, 321]], '꾸학 근근만있근만', 0.040595421043310806), ([[23, 309], [456, 309], [456, 381], [23, 381]], '배때리지마세요', 0.6640319836698433), ([[23, 363], [690, 363], [690, 438], [23, 438]], '임신 상태라 민감: ! 끄우육!', 0.34805281828261464), ([[21, 457], [732, 457], [732, 530], [21, 530]], '여태까지 보지 렉스 실컷 해농고', 0.5909517279149086), ([[23, 513], [606, 513], [606, 588], [23, 588]], '이제 와서 임신 타령이다?', 0.6238997079240004), ([[24, 577], [434, 577], [434, 646], [24, 646]], '아직 덜 혼나구만]', 0.21997618898081714), ([[767, 1534], [882, 1534], [882, 1701], [767, 1701]], '[', 0.49902029615731536), ([[990, 1523], [1107, 1523], [1107, 1703], [990, 1703]], '9', 0.9999945163801982), ([[1212, 1448], [1406, 1448], [1406, 1690], [1212, 1690]], '0', 0.6186726938751441)]
[([[22, 53], [207, 53], [207, 122], [22, 122]], '뚜하항]', 0.07228610664606094), ([[21, 106], [786, 106], [786, 183], [21, 183]], '때략 수물보지량 젖탤이에서계속', 0.07214405752177012), ([[23, 169], [773, 169], [773, 242], [23, 242]], '뽑어대는거 보면 진짜로 글러먹은', 0.46917843694800376), ([[23, 228], [366, 228], [366, 300], [23, 300]], '마조새끼군만;', 0.44128793312968867), ([[23, 306], [586, 306], [586, 380], [23, 380]], '꾸회에액내 지; 진짜로이', 0.30904111659751254), ([[607, 307], [812, 307], [812, 376], [607, 376]], '임신해서', 0.9999110102653503), ([[22, 366], [515, 366], [515, 434], [22, 434]], '가 가슴이 민감한데; .', 0.121683404623366), ([[537, 366], [704, 366], [704, 432], [537, 432]], '꾸욕: !', 0.26081041869025556), ([[23, 423], [825, 423], [825, 496], [23, 496]], '계속 괴롭히면우유 계속 나외아아]', 0.48022927729228393), ([[767, 1424], [882, 1424], [882, 1593], [767, 1593]], '[', 0.27898796798844216), ([[986, 1409], [1108, 1409], [1108, 1598], [986, 1598]], '9', 0.9999907016970297), ([[1212, 1331], [1386, 1331], [1386, 1577], [1212, 1577]], '0', 0.41284712967746273), ([[1676, 1786], [1926, 1786], [1926, 2011], [1676, 2011]], '세', 0.2553094625295813), ([[1745.9904539642337, 134.01243094788776], [2127.3825182799983, 301.59748913942144], [1981.0095460357663, 621.9875690521122], [1599.617481720002, 454.40251086057856]], '셋', 0.7945885042036629), ([[95.88039800996282, 1099.0149253736056], [483.3125571916342, 1216.7910499612044], [370.1196019900372, 1557.9850746263944], [-16.312557191634177, 1441.2089500387956]], '씨', 0.12233972669224968)]
[([[18, 48], [924, 48], [924, 125], [18, 125]], '그래? 스러면매되 같이괴롭히출렉니값', 0.015768990690815825), ([[1626, 0], [1989, 0], [1989, 140], [1626, 140]], '헬', 0.018412634398011996), ([[21, 111], [622, 111], [622, 183], [21, 183]], '어디 한번 보지랑 젖행이로', 0.3511509711946715), ([[23, 165], [530, 165], [530, 238], [23, 238]], '절정 분소홀 해보자과', 0.4728042935408712), ([[20, 237], [931, 237], [931, 321], [20, 321]], '그리되암돼지품 압돼지답게사람말 하지', 0.1039887301672223), ([[21, 298], [922, 298], [922, 382], [21, 382]], '말서말활때마다 분학꿀꿀 불여이년야!', 0.053899902452422106), ([[21, 369], [255, 369], [255, 443], [21, 443]], '부흙석? 자', 0.15902641010806856), ([[273, 368], [758, 368], [758, 442], [273, 442]], '잠깐 못구멍올 막으면', 0.38629136239325035), ([[23, 420], [528, 420], [528, 501], [23, 501]], '숨흘 실숙가 _분렉혜핵', 0.06601376187238768), ([[156, 486], [242, 486], [242, 559], [156, 559]], '7', 0.005561064955515116), ([[1568, 900], [2069, 900], [2069, 1358], [1568, 1358]], '찍', 0.06110315326060545), ([[771, 1453], [879, 1453], [879, 1631], [771, 1631]], '[', 0.011465068029383796), ([[986, 1432], [1110, 1432], [1110, 1632], [986, 1632]], '9', 0.43026154424835766), ([[17, 1767], [183, 1767], [183, 1893], [17, 1893]], '시디', 0.0037208436024676046)]
[([[20, 48], [888, 48], [888, 125], [20, 125]], "'하하] 옛날에막도도하되상년맛나?", 0.016653652528744487), ([[1626, 0], [1989, 0], [1989, 140], [1626, 140]], '헬', 0.018412634398011996), ([[21, 110], [711, 110], [711, 183], [21, 183]], '진짜 돼지새끼라 해되 믿켓네5', 0.11294683556747351), ([[24, 178], [904, 178], [904, 267], [24, 267]], '당연히 돼지지 못군명에 손가락이문개', 0.13388060120066825), ([[23, 241], [726, 241], [726, 318], [23, 318]], '들어가는계 사람일리가 있냐33', 0.223102565719427), ([[21, 308], [650, 308], [650, 394], [21, 394]], '꾸함이 큰만}극만 ! 숨막혀_', 0.010332962627833698), ([[23, 369], [474, 369], [474, 447], [23, 447]], '더;더리물못버테어엇', 0.026698989039586115), ([[24, 433], [344, 433], [344, 502], [24, 502]], '살려주어어 꿀', 0.6389261043050268), ([[390, 430], [555, 430], [555, 507], [390, 507]], '꾸이익', 0.4653979386713794), ([[1568, 913], [2069, 913], [2069, 1352], [1568, 1352]], '꽤;', 0.2093794312500542), ([[771, 1453], [879, 1453], [879, 1631], [771, 1631]], '[', 0.020719256028884026), ([[986, 1432], [1110, 1432], [1110, 1634], [986, 1634]], '9', 0.7882066651064326), ([[13, 1766], [202, 1766], [202, 1898], [13, 1898]], '시', 0.1304709765416625)]
[([[311, 2248], [645, 2248], [645, 2512], [311, 2512]], "')", 0.051501972780677314), ([[748.5797931428526, 1176.0336353141909], [1524.2460733737132, 785.8726002809262], [1604.4202068571474, 1024.9663646858091], [828.7539266262869, 1415.1273997190738]], '꾸회0', 0.16085025261944752), ([[246.20357097158706, 1592.0474913629953], [713.7262132996306, 1555.321151048311], [715.796429028413, 1848.9525086370047], [248.27378670036947, 1885.678848951689]], '떼', 0.014293949458737965)]
[([[23, 53], [721, 53], [721, 127], [23, 127]], '부흐히햇이 중고압쾌지아라큼', 0.07162488629392065), ([[1603, 0], [1953, 0], [1953, 138], [1603, 138]], '이', 0.08995931370040822), ([[19, 105], [898, 105], [898, 191], [19, 191]], '지명해춘지타니5 감사합네다 준_입 0', 0.0076836150644910865), ([[21, 171], [674, 171], [674, 244], [21, 244]], '비록 폐기 직전 갈보년이지만', 0.7379153909193784), ([[23, 227], [654, 227], [654, 305], [23, 305]], '최선흘 다해서 자지임들에계', 0.2093133974972425), ([[23, 290], [523, 290], [523, 363], [23, 363]], '봉사해드리켓습니다양', 0.7546744688535314), ([[589, 287], [783, 287], [783, 359], [589, 359]], '꾸히항어', 0.00919601836507498), ([[1756, 651], [2053, 651], [2053, 883], [1756, 883]], '0', 0.1310201719206816), ([[775, 1429], [874, 1429], [874, 1585], [775, 1585]], '0', 0.05413999990576657), ([[992, 1417], [1104, 1417], [1104, 1593], [992, 1593]], '9', 0.9999980926522767), ([[1254.0878182901974, 1307.0198206745438], [1414.0215125206541, 1349.4238762324983], [1351.9121817098026, 1578.9801793254562], [1191.9784874793459, 1537.5761237675017]], '0', 0.17895179972175246)]
[([[23, 50], [422, 50], [422, 123], [23, 123]], '파 이떤- 얼마내다', 0.08501962188035195), ([[265, 37], [721, 37], [721, 197], [265, 197]], '월퓨픽이-다& =', 0.01392533880152842), ([[706, 53], [774, 53], [774, 119], [706, 119]], '럿', 0.06542922297146347), ([[1541, 0], [1986, 0], [1986, 150], [1541, 150]], "'", 0.03173963586429651), ([[24, 112], [284, 112], [284, 178], [24, 178]], '맞으면서되', 0.5334256741932865), ([[23, 180], [951, 180], [951, 258], [23, 258]], '진짜 마족변태암돼지라분표현으로다다', 0.2590147428432774), ([[22, 236], [677, 236], [677, 321], [22, 321]], '설명 불가능하 암캐년이구만믿', 0.08124005137570929), ([[25, 320], [343, 320], [343, 393], [25, 393]], '꿀 군이: 익', 0.1776211257927125), ([[21, 374], [545, 374], [545, 451], [21, 451]], '질직 스관강되종지만하', 0.036752827437625604), ([[22, 440], [446, 440], [446, 506], [22, 506]], '이제 자지 . 자지로', 0.8404286332732478), ([[22, 499], [484, 499], [484, 565], [22, 565]], '가버리게 해주요오 (', 0.6005061692250503), ([[767, 1437], [882, 1437], [882, 1606], [767, 1606]], '[', 0.43933775535060704), ([[990, 1428], [1104, 1428], [1104, 1606], [990, 1606]], '9', 0.9999946355891645), ([[1209, 1294], [1396, 1294], [1396, 1544], [1209, 1544]], '6', 0.6950116653047331)]
[([[18, 48], [820, 48], [820, 127], [18, 127]], '그렇게 흔나고아직로자지름 찾나?', 0.06322999891080515), ([[21, 108], [609, 108], [609, 183], [21, 183]], '쫓물에 되까지 침수된건가', 0.10595503213852404), ([[24, 170], [481, 170], [481, 239], [24, 239]], '말울 못살아 처먹네:', 0.23680289840795055), ([[23, 248], [568, 248], [568, 321], [23, 321]], '꾸으욕;  너무 너문해에', 0.4512560414922743), ([[553, 279], [593, 279], [593, 308], [553, 308]], '5', 0.48405926826036705), ([[22, 306], [606, 306], [606, 383], [22, 383]], '자지맛올 보여주고 이렇제', 0.25962864488835913), ([[19, 358], [419, 358], [419, 443], [19, 443]], '어태우다니이잇.', 0.29732533650396226), ([[23, 435], [674, 435], [674, 507], [23, 507]], '뛰야; 이제는 반응도 없장아?', 0.3944488891150214), ([[25, 493], [494, 493], [494, 566], [25, 566]], '벌써 익숙해 진거야?', 0.9410695882476773), ([[287, 809], [520, 809], [520, 934], [287, 934]], '오`', 0.03974585136580805), ([[771, 1507], [879, 1507], [879, 1676], [771, 1676]], '[', 0.11461140174198192), ([[990, 1494], [1107, 1494], [1107, 1674], [990, 1674]], '9', 0.9999854565195534), ([[1198, 1362], [1409, 1362], [1409, 1679], [1198, 1679]], '6', 0.7955521747171623), ([[495.46159234210495, 1079.4545331846205], [590.2459997660325, 1147.2150541836847], [438.53840765789505, 1351.5454668153795], [343.7540002339676, 1283.7849458163153]], '터', 0.30215772898504056)]
[([[18, 12], [247, 12], [247, 86], [18, 86]], '문흐황씨', 0.012288662604987621), ([[1553, 0], [1988, 0], [1988, 145], [1553, 145]], '<', 0.17076984742094314), ([[23, 70], [590, 70], [590, 145], [23, 145]], '소녀국더분못참습내다 _]', 0.028624449965234892), ([[21, 129], [775, 129], [775, 206], [21, 206]], '더 이상 약한 척 하긴 재미없로요', 0.6552737827360889), ([[23, 210], [381, 210], [381, 282], [23, 282]], '호 못참젯다고?', 0.3741821328443673), ([[23, 266], [831, 266], [831, 340], [23, 340]], '너야 말로근런 몸뚱아리로-옛날처럼 ', 0.20268709332912144), ([[23, 323], [687, 323], [687, 400], [23, 400]], '우리흘때려둘렉수가 있제나?', 0.05124665826455424), ([[1280, 398], [1401, 398], [1401, 454], [1280, 454]], '오내', 0.0679260567383216), ([[21, 417], [588, 417], [588, 492], [21, 492]], '자; 잠깐 저년노 머리가 !', 0.4966551510449321), ([[769, 1417], [877, 1417], [877, 1581], [769, 1581]], '[', 0.2334330637218649), ([[989, 1403], [1114, 1403], [1114, 1587], [989, 1587]], '9', 0.9999787808590241), ([[1248.3167184270003, 348.6334368540005], [1350.552458603764, 290.16470912265436], [1373.6832815729997, 339.3665631459995], [1271.447541396236, 397.83529087734564]], '사', 0.01528740436409276), ([[1238.167168559853, 1260.01445452377], [1423.991943604726, 1292.1042535851877], [1367.832831440147, 1595.98554547623], [1182.008056395274, 1562.8957464148123]], '6', 0.6311248474995913)]
[([[1667, 0], [1982, 0], [1982, 99], [1667, 99]], '`', 0.027987993936841926), ([[20, 67], [961, 67], [961, 151], [20, 151]], '홍 이제안세알아차련뒷자 늦없습내타', 0.020379451230979465), ([[23, 167], [422, 167], [422, 240], [23, 240]], '설마 저 저건노3', 0.257533550910154), ([[23, 241], [766, 241], [766, 318], [23, 318]], '뛰야3? 아직 힘이외터거워어3', 0.19867660257922823), ([[769, 1408], [882, 1408], [882, 1588], [769, 1588]], '[', 0.03060126302822952), ([[983, 1386], [1120, 1386], [1120, 1597], [983, 1597]], '9', 0.999998569489037)]
[([[17, 68], [901, 68], [901, 147], [17, 147]], '문흐흥] 당신들이계속근렇메마온다면', 0.025037045106513847), ([[23, 131], [793, 131], [793, 206], [23, 206]], '소녀가 가만히 당합 출발와나요3', 0.10741992624032638), ([[23, 212], [455, 212], [455, 285], [23, 285]], '우리가 잘못햇어', 0.7416075504761003), ([[22, 266], [548, 266], [548, 343], [22, 343]], '그근냥다시 갈렉니과', 0.04607575454346189), ([[25, 329], [584, 329], [584, 402], [25, 402]], '하5 한번만 바주라 응대?', 0.1879931878019787), ([[22, 404], [495, 404], [495, 473], [22, 473]], '야;야! 지; 진정해세', 0.19075286107604422), ([[24, 460], [502, 460], [502, 529], [24, 529]], '우린 손님이야] 손님]', 0.7293091407729245), ([[22, 510], [611, 510], [611, 596], [22, 596]], '해칠 생각인건 아니켓지-적(', 0.3828832794462459), ([[771, 1428], [879, 1428], [879, 1590], [771, 1590]], '[', 0.1789936580251359), ([[990, 1415], [1107, 1415], [1107, 1593], [990, 1593]], '9', 0.9999970197699817), ([[1231.164270220762, 1263.0145553358689], [1414.9374150131255, 1287.2150689986454], [1369.835729779238, 1597.9854446641311], [1187.0625849868745, 1573.7849310013546]], '6', 0.9540170739055611)]
[([[19, 22], [768, 22], [768, 100], [19, 100]], '@으흥; 해치타노교 느럴리가요0', 0.007323577853128587), ([[1629, 0], [1806, 0], [1806, 108], [1629, 108]], '대', 0.01012979510779477), ([[21, 86], [444, 86], [444, 159], [21, 159]], '자지름안주젯다면', 0.17580562641709274), ([[25, 142], [856, 142], [856, 215], [25, 215]], '당신들이지료 쓰러질때까지버터서', 0.2013344786859006), ([[23, 201], [924, 201], [924, 276], [23, 276]], '강제로 자지름 취여따드리켓사율리다 핏', 0.01693325802816048), ([[24, 262], [279, 262], [279, 331], [24, 331]], '부회혜혜핵', 0.11223036290922644), ([[23, 333], [906, 333], [906, 411], [23, 411]], ':되야; 진짜 대가리가 정액에 절여저서', 0.5898176760649517), ([[20, 392], [352, 392], [352, 468], [20, 468]], '미친거엿나 53', 0.2814336894135091), ([[22, 467], [708, 467], [708, 548], [22, 548]], '크흡..이딴 암돼지한터 좋다니', 0.15466667291005318), ([[24, 532], [319, 532], [319, 599], [24, 599]], '쪽팔리구만 .', 0.6194503451056379), ([[769, 1458], [882, 1458], [882, 1624], [769, 1624]], '[', 0.43001201861194716), ([[990, 1446], [1104, 1446], [1104, 1622], [990, 1622]], '9', 0.9999959468882622), ([[1206, 1325], [1406, 1325], [1406, 1556], [1206, 1556]], '6', 0.4667426145993012)]
[([[21, 48], [908, 48], [908, 127], [21, 127]], '그래; 종탓 어)데년미먼저기절하다', 0.020487392628069017), ([[1629, 0], [1954, 0], [1954, 147], [1629, 147]], '<', 0.016312953713204514), ([[21, 104], [692, 104], [692, 183], [21, 183]], '우리가 먼저 지치다 해보자과', 0.29925495513035055), ([[23, 189], [474, 189], [474, 262], [23, 262]], '크흐흥 종습리다 !', 0.12786742804043946), ([[25, 248], [964, 248], [964, 321], [25, 321]], '소년의 몸올 당신들이 감당 할수있올지논', 0.11756408556033092), ([[25, 305], [477, 305], [477, 381], [25, 381]], "모르젯네요~ 분흐흥'", 0.17156404831332162), ([[767, 1401], [882, 1401], [882, 1570], [767, 1570]], '[', 0.45990746902223023), ([[990, 1392], [1107, 1392], [1107, 1568], [990, 1568]], '9', 0.9999952316341023), ([[1364, 2093], [1479, 2093], [1479, 2195], [1364, 2195]], '5', 0.5545578711804389), ([[1305, 2173], [1534, 2173], [1534, 2288], [1305, 2288]], '또 사', 0.5203342801743503), ([[1335.1796753448157, 754.0152992410609], [1600.9960603286722, 906.5836707824226], [1505.8203246551843, 1065.9847007589392], [1240.0039396713278, 913.4163292175774]], "':항", 0.009420935192707553)]
[([[1306, 2172], [1533, 2172], [1533, 2293], [1306, 2293]], "'", 0.5768610242840033), ([[973.2560073005335, 1377.0609043976287], [1211.3188411747442, 1353.9706422642407], [1218.7439926994666, 1569.9390956023713], [981.6811588252558, 1593.0293577357593]], "'", 0.4475716465047732)]
[([[21, 14], [282, 14], [282, 87], [21, 87]], '굳히히임0', 0.03523617448490957), ([[329, 14], [683, 14], [683, 87], [329, 87]], '떠띄간다앗 ', 0.08647745560370972), ([[23, 72], [656, 72], [656, 147], [23, 147]], '보지랑 마슴이 찌근러지면저', 0.0991351295284155), ([[23, 131], [656, 131], [656, 204], [23, 204]], '모유오중 철정분;소오오옷-', 0.2278692359214656), ([[23, 201], [870, 201], [870, 278], [23, 278]], '푸하하 아까 보다 몸이데 존득해진레', 0.30402090223590844), ([[25, 260], [957, 260], [957, 336], [25, 336]], '손맛중네] 진작하게 변신시길걸근랫구만]', 0.15936549015622445), ([[22, 335], [648, 335], [648, 422], [22, 422]], '@:! 아까 뭐라햇다? 뭐?', 0.16755213550687498), ([[23, 401], [674, 401], [674, 476], [23, 476]], '감당가능하나고?|맞을때만다', 0.08844258630463413), ([[25, 462], [721, 462], [721, 534], [25, 534]], '절정하는 마조 돼지새계주제에', 0.15532434428452), ([[25, 518], [480, 518], [480, 591], [25, 591]], '건방지게 물고있어노', 0.08942326359639176), ([[1684, 741], [2021, 741], [2021, 1078], [1684, 1078]], '팩', 0.9304745994609256), ([[767, 1415], [882, 1415], [882, 1597], [767, 1597]], '[', 0.01074665501758082), ([[988, 1386], [1120, 1386], [1120, 1595], [988, 1595]], '9', 0.9999988079074598), ([[1362, 2089], [1461, 2089], [1461, 2190], [1362, 2190]], '5', 0.48536278629677554), ([[1305, 2169], [1550, 2169], [1550, 2279], [1305, 2279]], '표 냐', 0.26351219415664673), ([[1355, 2255], [1468, 2255], [1468, 2354], [1355, 2354]], '5', 0.13983321199959065), ([[1265.0916842499964, 1321.0187588499125], [1436.1593847100153, 1358.0710252932854], [1377.9083157500036, 1606.9812411500875], [1206.8406152899847, 1569.9289747067146]], '2', 0.27412860439289943)]
[([[21, 12], [780, 12], [780, 91], [21, 91]], '맞아-맞아 저자글러먹움마족', 0.04825937069636487), ([[1551, 0], [1818, 0], [1818, 157], [1551, 157]], '*', 0.00428482093005661), ([[22, 69], [778, 69], [778, 153], [22, 153]], '돼지새픽에롭근런비까데 터어', 0.011135134523656429), ([[21, 129], [330, 129], [330, 206], [21, 206]], '괴롭혀워어엇', 0.09530640686397064), ([[21, 223], [762, 223], [762, 301], [21, 301]], '그래 놓다; 계속해서괴롭히주마 ', 0.17364573245403722), ([[767, 1401], [882, 1401], [882, 1570], [767, 1570]], '[', 0.5024945553543603), ([[992, 1395], [1104, 1395], [1104, 1566], [992, 1566]], '9', 0.9999958276792178), ([[1433, 2171], [1545, 2171], [1545, 2299], [1433, 2299]], '또', 0.2830742359287832), ([[1350, 2241], [1473, 2241], [1473, 2355], [1350, 2355]], '또', 0.11191877269438066), ([[1397.1706426919304, 2064.0264821094834], [1488.3283364349745, 2112.1053520353357], [1384.8293573080696, 2308.9735178905166], [1293.6716635650255, 2260.8946479646643]], '쇼', 0.6933443469287148)]
[([[18, 46], [600, 46], [600, 127], [18, 127]], '이야 넘전방지되여운자', 0.18503851065770985), ([[1603, 0], [1953, 0], [1953, 138], [1603, 138]], '이', 0.08995931370040822), ([[23, 106], [1001, 106], [1001, 187], [23, 187]], '돼지가 되버럿다내 긍런것로모로고평범한', 0.04607660479533837), ([[23, 164], [692, 164], [692, 242], [23, 242]], '년들 사이에서 창과외없장과;', 0.29962393813567734), ([[19, 237], [819, 237], [819, 323], [19, 323]], '암돼지라더니 진짜로이럽 살덩어리', 0.2873787599165995), ([[23, 302], [631, 302], [631, 376], [23, 376]], '일줄이야; 굽에도 올컷다구:', 0.16210067624527433), ([[21, 386], [674, 386], [674, 460], [21, 460]], '꾸홍? 어머; 옛날에 소녀한터', 0.395825842652991), ([[25, 444], [638, 444], [638, 521], [25, 521]], '당하여던 도적 분들이군요?', 0.2633270701297528), ([[1758, 653], [2053, 653], [2053, 885], [1758, 885]], ')', 0.09217658727880362), ([[772, 1429], [874, 1429], [874, 1585], [772, 1585]], '[', 0.1222444283208155), ([[992, 1417], [1107, 1417], [1107, 1593], [992, 1593]], '9', 0.9999983310706426), ([[1253.1704017821944, 1300.015647228153], [1424.758799913971, 1349.7471888582115], [1348.8295982178056, 1608.984352771847], [1177.241200086029, 1560.2528111417885]], '04', 0.05739904629635384)]
[([[17, 40], [459, 40], [459, 130], [17, 130]], '꾸흥이의이양)', 0.016451006539576894), ([[22, 112], [891, 112], [891, 205], [22, 205]], '온몸이 주먹질에 피그런지면서', 0.12478098699423643), ([[17, 184], [522, 184], [522, 274], [17, 274]], '가버려어어어어엇', 0.5317938044621728), ([[194, 1760], [489, 1760], [489, 2130], [194, 2130]], '%', 0.09514549229156533), ([[346, 2032], [739, 2032], [739, 2346], [346, 2346]], '푹', 0.4488597686722109), ([[1344, 2118], [1556, 2118], [1556, 2323], [1344, 2323]], '도도', 0.3997788287282118), ([[1362.2767581253977, 2019.016354571287], [1486.9933112291185, 2059.4094152304274], [1416.7232418746023, 2271.9836454287133], [1292.0066887708815, 2231.5905847695726]], '쇼', 0.9889282595116846)]
[([[1639, 0], [1812, 0], [1812, 138], [1639, 138]], "0'", 0.00551306933383989), ([[18, 97], [278, 97], [278, 177], [18, 177]], '으레히)', 0.37348297238349915), ([[302, 93], [914, 93], [914, 190], [302, 190]], '보제에 자지카 박히컷', 0.0679807121208337), ([[22, 168], [718, 168], [718, 256], [22, 256]], '처럼 온몸이 찌료 피켓(', 0.01344813959236049), ([[21, 241], [205, 241], [205, 325], [21, 325]], '최고:', 0.3402339197686117), ([[267, 242], [522, 242], [522, 326], [267, 326]], '최고야,(', 0.8276945994347149), ([[767, 1401], [882, 1401], [882, 1570], [767, 1570]], '[', 0.5183195351355749), ([[992, 1395], [1102, 1395], [1102, 1566], [992, 1566]], '9', 0.9999966621426779), ([[1397.3339112846052, 2058.0138708305226], [1510.754940406797, 2124.826774540889], [1389.6660887153948, 2329.9861291694774], [1276.245059593203, 2264.173225459111]], '쇼', 0.3576372086089954), ([[1320.978441701598, 2276.2878968483096], [1489.9190498104258, 2141.1351135442715], [1559.021558298402, 2255.7121031516904], [1390.0809501895742, 2391.8648864557285]], '내사', 0.013633592401026896)]
[([[19, 52], [1007, 52], [1007, 129], [19, 129]], '으히외데; 더욱데때권취노복지로 가슴도', 0.003680193777990817), ([[1619, 0], [1823, 0], [1823, 158], [1619, 158]], '새', 0.15666841713066848), ([[22, 109], [831, 109], [831, 190], [22, 190]], '배도 내 {듣 총아; 4시커마때력세', 0.002744725046859883), ([[23, 170], [874, 170], [874, 246], [23, 246]], '또우유 짜면서가버리게해젊어요요', 0.2350281832413394), ([[21, 243], [710, 243], [710, 318], [21, 318]], '이야 진짜 최강마조압돼지다;', 0.13196739135032742), ([[25, 302], [300, 302], [300, 377], [25, 377]], '반좀기절합', 0.2244467789162587), ([[25, 359], [298, 359], [298, 437], [25, 437]], '질질싸면서', 0.8130398581014132), ([[282, 296], [601, 296], [601, 444], [282, 444]], '(앞태월대터 .', 0.0036724355527510953), ([[24, 436], [383, 436], [383, 504], [24, 504]], '으기징하다 장해', 0.08550311709494003), ([[18, 493], [573, 493], [573, 566], [18, 566]], '크래 니가 이것다 이켜어트', 0.2063157023915439), ([[765, 1413], [882, 1413], [882, 1595], [765, 1595]], '[', 0.020700415216437174), ([[986, 1389], [1114, 1389], [1114, 1594], [986, 1594]], '9', 0.4490806917123223), ([[1423, 2163], [1549, 2163], [1549, 2296], [1423, 2296]], '요', 0.36973066013988287), ([[1392.30765064209, 2060.018449539188], [1486.3019599479107, 2109.0709634108775], [1381.69234935791, 2310.981550460812], [1287.6980400520893, 2261.9290365891225]], '쇼', 0.914978556106746)]
[([[21, 50], [858, 50], [858, 123], [21, 123]], '자; 니가근렇게 원하던자지다 자자', 0.1590614952791321), ([[1566, 0], [1923, 0], [1923, 152], [1566, 152]], "'", 0.05026748209744114), ([[20, 101], [842, 101], [842, 186], [20, 186]], '화곤하게 숨서 줄테니까 각오하리교', 0.08127169649482469), ([[23, 189], [836, 189], [836, 264], [23, 264]], '꾸히햇.. ! 드디어! 드데어자지즈', 0.1413801191442567), ([[23, 248], [604, 248], [604, 321], [23, 321]], '심치어 이렇게나 잔프으욕', 0.1990911598773559), ([[656, 251], [817, 251], [817, 317], [656, 317]], '후히햇', 0.5391217701050415), ([[1313, 890], [1426, 890], [1426, 976], [1313, 976]], '청', 0.01567676846448962), ([[769, 1406], [879, 1406], [879, 1570], [769, 1570]], '[', 0.22667657129648333), ([[990, 1395], [1104, 1395], [1104, 1566], [990, 1566]], '9', 0.9999892711927174), ([[1361, 2252], [1460, 2252], [1460, 2338], [1361, 2338]], '7', 0.7119928210403295), ([[1340.842267494209, 2049.024832615069], [1580.549784121541, 2107.7936504730183], [1518.157732505791, 2335.975167384931], [1278.450215878459, 2277.2063495269817]], '쇼0', 0.11048836907512104)]
[([[760, 1519], [899, 1519], [899, 1703], [760, 1703]], "'", 0.3189923342417842), ([[987, 1493], [1137, 1493], [1137, 1679], [987, 1679]], "'", 0.4070184603463076), ([[1606, 1840], [1725, 1840], [1725, 1957], [1606, 1957]], "'", 0.4228750846412055), ([[343, 1932], [489, 1932], [489, 2086], [343, 2086]], "'", 0.3753782651373605), ([[1267, 1929], [1358, 1929], [1358, 2006], [1267, 2006]], "'", 0.41283839780689746), ([[1533, 1934], [1686, 1934], [1686, 2062], [1533, 2062]], "'", 0.5768610242840033), ([[504, 2027], [641, 2027], [641, 2142], [504, 2142]], "'", 0.42506546260057476), ([[1307, 2157], [1431, 2157], [1431, 2265], [1307, 2265]], "'", 0.5768610242840033), ([[1585, 2343], [1744, 2343], [1744, 2469], [1585, 2469]], "'", 0.5768610242840033), ([[1438.181464273759, 2042.0872284470947], [1726.8375623897862, 2018.5037331612791], [1729.818535726241, 2183.9127715529053], [1440.1624376102138, 2208.496266838721]], "'", 0.5768610242840033), ([[195.40299269691295, 2173.223941575304], [777.5214629728447, 2065.517821417145], [800.597007303087, 2310.776058424696], [218.47853702715537, 2418.482178582855]], "'", 0.623603451972091), ([[1390.5500078556067, 2265.655032207988], [1665.4688708405072, 2158.356247204982], [1723.4499921443933, 2351.344967792012], [1448.5311291594928, 2458.643752795018]], "'", 0.5768610242840033), ([[401.7514071133791, 2398.456472721544], [712.9810704205164, 2316.7498102256786], [743.2485928866208, 2483.543527278456], [432.0189295794836, 2565.2501897743214]], "'", 0.5768610242840033)]
[([[26, 55], [90, 55], [90, 117], [26, 117]], '후', 0.999876383787214), ([[107, 53], [655, 53], [655, 119], [107, 119]], '간만에 화곤하게 놀앞네', 0.6712092272489105), ([[24, 112], [754, 112], [754, 180], [24, 180]], '이 정도로 수서주으면 만족하나?', 0.4833595137559772), ([[25, 189], [804, 189], [804, 264], [25, 264]], '파; 그렇게 처맞고도 멀정하터 년이', 0.35299641640054397), ([[23, 252], [867, 252], [867, 325], [23, 325]], '온 몸에 쫓물 수서 넣으니까 기절햇네{', 0.3883185799969018), ([[26, 312], [662, 312], [662, 380], [26, 380]], '진짜 암컷들이 더 무섭구만:', 0.5154597401476043), ([[24, 413], [542, 413], [542, 479], [24, 479]], '으히 . 헤.. 크혜에액 ,', 0.11186183291110763), ([[497, 771], [744, 771], [744, 919], [497, 919]], '걸레워', 0.08567451240732066), ([[1623, 1075], [1802, 1075], [1802, 1209], [1623, 1209]], '보]', 0.871721112904371), ([[772, 1427], [876, 1427], [876, 1589], [772, 1589]], '[', 0.14980489015371834), ([[992, 1415], [1109, 1415], [1109, 1590], [992, 1590]], '9', 0.9999945163801982), ([[1199, 1232], [1399, 1232], [1399, 1600], [1199, 1600]], '2', 0.9692595969126074), ([[341, 1821], [642, 1821], [642, 2055], [341, 2055]], '또 {', 0.21408560854302797), ([[1257, 1827], [1370, 1827], [1370, 1935], [1257, 1935]], '논', 0.0065471486512100885), ([[1397, 1701], [1770, 1701], [1770, 2131], [1397, 2131]], '{', 0.7803475802190327), ([[597, 2055], [745, 2055], [745, 2203], [597, 2203]], '1', 0.3620637010111274), ([[1307, 2058], [1415, 2058], [1415, 2175], [1307, 2175]], '4', 0.08483275452528805), ([[1583, 2246], [1744, 2246], [1744, 2374], [1583, 2374]], '또', 0.3686581420780044), ([[303.76212111684777, 1129.7101512388585], [494.4107885486311, 1077.0313290341905], [516.2378788831522, 1183.2898487611415], [326.5892114513689, 1236.9686709658095]], '원경대', 0.2714020311832428), ([[1803.202384421879, 1386.0167492407243], [1995.9624157386809, 1530.8055171188232], [1896.797615578121, 1661.9832507592757], [1704.0375842613191, 1517.1944828811768]], '사', 0.3611187696523679), ([[78.26351371575107, 1611.1081097260087], [300.9355554420862, 1596.6827248043492], [300.73648628424894, 1718.8918902739913], [78.06444455791382, 1733.3172751956508]], '권시', 0.02808994381503282), ([[205.8625885003627, 2058.076239005078], [590.5116032320353, 1997.170029754853], [611.1374114996373, 2257.923760994922], [226.4883967679647, 2317.8299702451473]], ':표', 0.2250117380748896), ([[1377.0687293367716, 2179.1512045408977], [1622.5342811947376, 2018.9750713485907], [1719.9312706632284, 2200.8487954591023], [1474.4657188052624, 2361.0249286514095]], '표[', 0.015179893606640314), ([[399.332775130417, 2306.8648804173345], [708.9069576873487, 2214.0540922341347], [744.667224869583, 2375.1351195826655], [435.0930423126512, 2468.9459077658653]], '[표', 0.1056380933347378)]
[([[22, 43], [988, 43], [988, 127], [22, 127]], '뭐; 그래로 재돼어의지주 돌리와아켓데', 0.02495832729061871), ([[19, 112], [477, 112], [477, 178], [19, 178]], '그럼 나중에 보자고', 0.888520972356997), ([[23, 189], [458, 189], [458, 267], [23, 267]], '다음엔 더 화곤하게', 0.5390895700083862), ([[449, 183], [729, 183], [729, 333], [449, 333]], "'돌안증-", 0.02841927383330307), ([[18, 250], [458, 250], [458, 325], [18, 325]], '기대하고있으라고:', 0.39723377708224233), ([[23, 351], [876, 351], [876, 424], [23, 424]], '넷요 네에앗요 소녀 기다리고외올테니', 0.03741420315513244), ([[23, 404], [818, 404], [818, 483], [23, 483]], '언제튼지치명해주세요있분헤히히', 0.06935999625603487), ([[769, 1523], [882, 1523], [882, 1689], [769, 1689]], '[', 0.28569611508613946), ([[992, 1512], [1109, 1512], [1109, 1692], [992, 1692]], '9', 0.9999934434998217), ([[336, 1920], [644, 1920], [644, 2154], [336, 2154]], '또표', 0.5597131643141819), ([[1251, 1923], [1363, 1923], [1363, 2034], [1251, 2034]], '또', 0.035737317950875536), ([[1396, 1799], [1772, 1799], [1772, 2229], [1396, 2229]], '{표', 0.3620218513275352), ([[1301, 2147], [1423, 2147], [1423, 2273], [1301, 2273]], '$', 0.02459336743099727), ([[1584, 2340], [1743, 2340], [1743, 2472], [1584, 2472]], '또', 0.9320441926508103), ([[557, 2532], [680, 2532], [680, 2660], [557, 2660]], '1', 0.10390283330779315), ([[192.28622728812783, 2180.3604773728307], [747.5066855823502, 2044.0152070917845], [786.7137727118721, 2306.6395226271693], [232.4933144176498, 2442.9847929082157]], '표표 {', 0.10641565918922424), ([[1393.0544243046713, 2249.3265458280284], [1671.704016468181, 2155.0318187560465], [1721.9455756953287, 2356.6734541719716], [1442.295983531819, 2450.9681812439535]], '파표', 0.1677897098102936), ([[397.4898594896255, 2402.816536315764], [710.0129346373137, 2310.168879127279], [745.5101405103745, 2472.183463684236], [432.98706536268634, 2563.831120872721]], '{표', 0.09814760515423333)]
[([[1621, 0], [1989, 0], [1989, 138], [1621, 138]], '이', 0.05924657404507294), ([[775, 1429], [874, 1429], [874, 1583], [775, 1583]], '[', 0.011589578960125524), ([[992, 1417], [1107, 1417], [1107, 1595], [992, 1595]], '9', 0.9999983310706426)]
[([[1616, 0], [1993, 0], [1993, 145], [1616, 145]], '어', 0.03686802334890715), ([[1751, 646], [2055, 646], [2055, 883], [1751, 883]], '0', 0.03707723688717213), ([[775, 1429], [874, 1429], [874, 1585], [775, 1585]], '0', 0.05150692012472291), ([[992, 1417], [1107, 1417], [1107, 1593], [992, 1593]], '9', 0.9999980926522767)]
[([[776, 1453], [868, 1453], [868, 1586], [776, 1586]], "'", 0.5660653702809135), ([[967, 1309], [1370, 1309], [1370, 1618], [967, 1618]], "'", 0.30768172723307785)]
[([[19, 48], [629, 48], [629, 123], [19, 123]], '호오 리억음하눈문근래3', 0.2612805591528163), ([[1603, 0], [1953, 0], [1953, 138], [1603, 138]], '이', 0.08995931370040822), ([[25, 108], [843, 108], [843, 183], [25, 183]], '당한 만큼 쫓질로 렉아 주례햇는데:', 0.05036596707030203), ([[23, 165], [932, 165], [932, 243], [23, 243]], '꼴을 보비이제 꽃질은 포상인거 갈은데3', 0.10325552830693796), ([[22, 246], [568, 246], [568, 321], [22, 321]], '꾸흐흐학@ 맞아요 맞아!', 0.1845977927517968), ([[23, 308], [878, 308], [878, 381], [23, 381]], '지명도 안오는 폐급 창녀인 소녀에계능', 0.3123756464681394), ([[25, 365], [782, 365], [782, 440], [25, 440]], '손림이 있다는 것 만으로도 엄청난', 0.5566660464947495), ([[24, 426], [333, 426], [333, 493], [24, 493]], '포상이라구요', 0.996393140211642), ([[1745, 651], [2053, 651], [2053, 883], [1745, 883]], '0', 0.008536067821425297), ([[772, 1429], [874, 1429], [874, 1587], [772, 1587]], '[', 0.1159147178674722), ([[992, 1417], [1104, 1417], [1104, 1593], [992, 1593]], '9', 0.9999982118614561), ([[1251.1400661558123, 1312.017614201821], [1411.8095917689384, 1346.1112125531529], [1356.8599338441877, 1597.982385798179], [1195.1904082310616, 1563.8887874468471]], '2', 0.2602212939017967)]
[([[1616, 0], [1993, 0], [1993, 145], [1616, 145]], '어', 0.03686802334890715), ([[1753, 649], [2052, 649], [2052, 885], [1753, 885]], '0', 0.07239831177582179), ([[775, 1429], [874, 1429], [874, 1585], [775, 1585]], '0', 0.06588282312410243), ([[992, 1417], [1107, 1417], [1107, 1593], [992, 1593]], '9', 0.9999986886982448), ([[1254.0750647721022, 1310.021399077408], [1412.5762206897725, 1350.4548276606697], [1354.9249352278978, 1565.978600922592], [1196.4237793102275, 1524.5451723393303]], '5', 0.5468431275597005)]
[([[1616, 0], [1993, 0], [1993, 145], [1616, 145]], '어', 0.03686802334890715), ([[1752, 652], [2047, 652], [2047, 877], [1752, 877]], '0', 0.12567098650301123), ([[772, 1429], [874, 1429], [874, 1585], [772, 1585]], '[', 0.14626049096208593), ([[992, 1417], [1107, 1417], [1107, 1595], [992, 1595]], '9', 0.9999979734431044), ([[1263.1512115743144, 1304.016379774741], [1426.9846135288815, 1365.3290222864698], [1334.8487884256856, 1606.983620225259], [1171.0153864711185, 1545.6709777135302]], '2', 0.2718592390171217)]
[([[1616, 0], [1993, 0], [1993, 145], [1616, 145]], '어', 0.03686802334890715), ([[1753, 648], [2053, 648], [2053, 890], [1753, 890]], '0', 0.06235154603380999), ([[772, 1429], [874, 1429], [874, 1585], [772, 1585]], '[', 0.15686906332029427), ([[992, 1417], [1102, 1417], [1102, 1593], [992, 1593]], '9', 0.9999984502798362), ([[1250.132971329542, 1313.0179061749166], [1409.3258630010612, 1342.6452076121222], [1359.867028670458, 1596.9820938250834], [1199.6741369989388, 1567.3547923878778]], '2', 0.28509938916249666)]
[([[1626, 0], [1992, 0], [1992, 140], [1626, 140]], '^', 0.6198614539445977), ([[1758, 657], [2047, 657], [2047, 879], [1758, 879]], ')', 0.19366908346279388), ([[772, 1429], [874, 1429], [874, 1583], [772, 1583]], '[', 0.09443664280048836), ([[992, 1417], [1102, 1417], [1102, 1593], [992, 1593]], '9', 0.9999978542339392)]
[([[1598, 0], [1990, 0], [1990, 148], [1598, 148]], '^', 0.07716795194656711), ([[1709, 609], [2034, 609], [2034, 887], [1709, 887]], "')", 0.029569119882336452), ([[772, 1429], [874, 1429], [874, 1585], [772, 1585]], '[', 0.1800564514390004), ([[992, 1417], [1107, 1417], [1107, 1593], [992, 1593]], '9', 0.999998569489037), ([[1254.1606711946738, 1312.0167798668424], [1416.499718834788, 1353.8310651055726], [1350.8393288053262, 1603.9832201331576], [1187.500281165212, 1563.1689348944274]], '2', 0.932864602090433)]
[([[1623, 0], [1987, 0], [1987, 133], [1623, 133]], '이', 0.06066704307736703), ([[1756, 649], [2050, 649], [2050, 883], [1756, 883]], '0', 0.019789026140186516), ([[772, 1429], [872, 1429], [872, 1583], [772, 1583]], '[', 0.05393937959046746), ([[989, 1414], [1114, 1414], [1114, 1594], [989, 1594]], '9', 0.9999997615814351), ([[1202, 1301], [1412, 1301], [1412, 1691], [1202, 1691]], '소', 0.2023223587216627)]
[([[1623, 0], [1992, 0], [1992, 140], [1623, 140]], '신^', 0.0076521368371004666), ([[1571, 592], [2031, 592], [2031, 881], [1571, 881]], '학)', 0.032829925417900085), ([[772, 1416], [876, 1416], [876, 1567], [772, 1567]], '[', 0.03232100608248545), ([[993, 1405], [1117, 1405], [1117, 1580], [993, 1580]], '9', 0.9999996423721633), ([[1232.9221928890745, 1288.0305948477123], [1373.9218946416788, 1268.7302696811403], [1399.0778071109255, 1501.9694051522877], [1258.0781053583212, 1521.2697303188597]], '{', 0.024470081053682202)]
[([[1716, 759], [2023, 759], [2023, 1017], [1716, 1017]], "'0", 0.02197211466191376), ([[772, 1549], [874, 1549], [874, 1709], [772, 1709]], '[', 0.1755148252706853), ([[990, 1541], [1104, 1541], [1104, 1716], [990, 1716]], '9', 0.9999965429335909), ([[79.74512158241967, 221.0129089055963], [513.3380315282552, 107.14638700468045], [667.2548784175804, 828.9870910944037], [233.66196847174479, 943.8536129953195]], '꽃', 0.4805883733479419)]
[([[1547, 0], [1994, 0], [1994, 162], [1547, 162]], '<', 0.07478868498103086), ([[1756, 787], [2036, 787], [2036, 1064], [1756, 1064]], "'", 0.25363013130169065), ([[772, 1549], [874, 1549], [874, 1706], [772, 1706]], '[', 0.08045749770924093), ([[990, 1539], [1107, 1539], [1107, 1716], [990, 1716]], '9', 0.9999926090377045), ([[1232, 1457], [1382, 1457], [1382, 1643], [1232, 1643]], '시', 0.04720080822409134)]
[([[1617, 0], [1991, 0], [1991, 155], [1617, 155]], '신^', 0.13226783693152727), ([[772, 1546], [874, 1546], [874, 1706], [772, 1706]], '[', 0.26454095873762995), ([[990, 1539], [1104, 1539], [1104, 1716], [990, 1716]], '9', 0.9999940395444042)]
[([[20, 51], [302, 51], [302, 120], [20, 120]], '호오 근래?', 0.516464217181644), ([[1619, 0], [1956, 0], [1956, 138], [1619, 138]], '신', 0.053966833932728386), ([[20, 102], [707, 102], [707, 187], [20, 187]], '이걸 그렇제가지고 심없실고?', 0.10907355559914253), ([[21, 187], [345, 187], [345, 264], [21, 264]], '부히이이익-', 0.1512112434229322), ([[23, 247], [367, 247], [367, 325], [23, 325]], '자짓 자지다앗-', 0.16373384496808352), ([[25, 305], [363, 305], [363, 380], [25, 380]], '한달만에 보는', 0.9502819772990511), ([[21, 362], [379, 362], [379, 437], [21, 437]], '자지넘이다아앗-', 0.4119079154739611), ([[1756, 649], [2058, 649], [2058, 889], [1756, 889]], '3', 0.06744300660011504), ([[775, 1427], [874, 1427], [874, 1587], [775, 1587]], '[', 0.02186085829031814), ([[992, 1417], [1107, 1417], [1107, 1593], [992, 1593]], '9', 0.9999988079074598)]
[([[772, 1546], [874, 1546], [874, 1704], [772, 1704]], '[', 0.23243050579790836), ([[990, 1541], [1102, 1541], [1102, 1716], [990, 1716]], '9', 0.9999969005608733), ([[1209, 1440], [1392, 1440], [1392, 1657], [1209, 1657]], '0', 0.06227871281019781)]
[([[772, 1695], [874, 1695], [874, 1857], [772, 1857]], '[', 0.06351953405570132), ([[986, 1686], [1110, 1686], [1110, 1882], [986, 1882]], '9', 0.9996064554137145), ([[1244.2337589046492, 1530.0127671394794], [1420.5411671303025, 1560.1799422422762], [1363.7662410953508, 1875.9872328605206], [1187.4588328696975, 1845.8200577577238]], '0', 0.17469416397732918)]
[([[775, 1695], [876, 1695], [876, 1857], [775, 1857]], '0', 0.2910913764653742), ([[986, 1688], [1108, 1688], [1108, 1882], [986, 1882]], '9', 0.9003823988797888), ([[1220, 1546], [1381, 1546], [1381, 1807], [1220, 1807]], '6', 0.5880312156954837)]
[([[775, 1526], [878, 1526], [878, 1693], [775, 1693]], '[', 0.16536941502864977), ([[992, 1518], [1109, 1518], [1109, 1701], [992, 1701]], '9', 0.5221508749399809), ([[291.28679005022474, 340.01957891408983], [390.4793702292192, 323.4742671748108], [422.71320994977526, 547.9804210859102], [323.5206297707808, 564.5257328251893]], '"', 0.08672771837269977), ([[185.36212259040298, 733.0050864182665], [479.4125672381325, 701.6626382097685], [543.6378774095971, 1439.9949135817335], [250.5874327618675, 1470.3373617902316]], '7', 0.005410533143122509)]
[([[1626, 0], [1992, 0], [1992, 135], [1626, 135]], '이심', 0.0101396144956219), ([[772, 1429], [874, 1429], [874, 1587], [772, 1587]], '[', 0.0634245991584601), ([[992, 1417], [1104, 1417], [1104, 1593], [992, 1593]], '9', 0.9999983310706426), ([[1204, 1319], [1392, 1319], [1392, 1581], [1204, 1581]], '2', 0.14394823830941395), ([[1253, 2153], [1345, 2153], [1345, 2248], [1253, 2248]], '꼭', 0.050885526028434436), ([[307.63283961763, 670.217333935202], [475.5037184871573, 638.1298627453199], [489.36716038237, 749.782666064798], [321.4962815128427, 781.8701372546801]], '', 0.0), ([[1331.9412158069513, 2147.0243830108407], [1513.392737207306, 2179.950325836165], [1467.0587841930487, 2409.9756169891593], [1285.607262792694, 2377.049674163835]], '속륙', 0.017032221628081868), ([[419.37035657123465, 2254.0739222835814], [584.6366859720218, 2244.181491208237], [586.6296434287653, 2399.9260777164186], [420.3633140279782, 2410.818508791763]], '있', 0.00575492516142978), ([[1280.0986481080286, 2466.0290456744415], [1424.7987115673857, 2540.634506588448], [1366.9013518919714, 2648.9709543255585], [1222.2012884326143, 2575.365493411552]], '셋', 0.14544001426962527)]
[([[1622, 0], [1988, 0], [1988, 130], [1622, 130]], '이사', 0.023536976498253606), ([[772, 1429], [876, 1429], [876, 1592], [772, 1592]], '[', 0.18777468179283474), ([[992, 1417], [1102, 1417], [1102, 1593], [992, 1593]], '9', 0.9999984502798362), ([[1209, 1317], [1389, 1317], [1389, 1531], [1209, 1531]], '6', 0.24338625275254344)]
[([[1624, 0], [1991, 0], [1991, 130], [1624, 130]], '^', 0.007064919720166041), ([[772, 1429], [874, 1429], [874, 1592], [772, 1592]], '[', 0.1925510433428821), ([[992, 1417], [1104, 1417], [1104, 1593], [992, 1593]], '9', 0.9999982118614561), ([[1251.1706080927872, 1304.0163847475167], [1414.3831279050958, 1344.7045680073857], [1348.8293919072128, 1598.9836152524833], [1185.6168720949042, 1557.2954319926143]], '0', 0.1534676717126473)]
[([[1659, 0], [1989, 0], [1989, 133], [1659, 133]], '어^', 0.04554725112159968), ([[1453, 403], [1604, 403], [1604, 535], [1453, 535]], '"봄', 0.0082914496515554), ([[279, 513], [407, 513], [407, 630], [279, 630]], '좁', 0.009276717762559061), ([[770, 1164], [874, 1164], [874, 1326], [770, 1326]], '[', 0.06386224603108204), ([[986, 1148], [1108, 1148], [1108, 1335], [986, 1335]], '9', 0.9999959468882622), ([[468.12935589027506, 1941.019958407996], [566.4736682002658, 1849.0059051693413], [857.8706441097249, 2196.980041592004], [759.5263317997342, 2287.994094830659]], '콩', 0.04685653339035789)]
[([[770, 1164], [874, 1164], [874, 1324], [770, 1324]], '[', 0.04916909346877052), ([[986, 1148], [1110, 1148], [1110, 1335], [986, 1335]], '9', 0.9999974966064862)]
[([[783, 1184], [863, 1184], [863, 1293], [783, 1293]], '9', 0.9888903246672989), ([[986, 1124], [1110, 1124], [1110, 1328], [986, 1328]], '9', 0.42727788824744445), ([[1436.8977778369124, 715.033778741672], [1639.6294073449144, 764.1106740999641], [1599.1022221630876, 913.966221258328], [1396.3705926550856, 864.8893259000359]], '꽤', 0.0169131506982092), ([[459.62762683902395, 788.7573551492671], [605.2628561495687, 732.2180279841454], [639.372373160976, 841.2426448507329], [493.73714385043127, 897.7819720158546]], '|', 0.1758032345602425), ([[1590.082810019514, 1837.0105168508057], [1880.9640147882183, 1787.1590919695252], [1960.917189980486, 2352.9894831491943], [1670.0359852117817, 2402.840908030475]], '못', 0.760584912996709)]
[([[23, 70], [514, 70], [514, 146], [23, 146]], '국 꼬학3자; 잠깐_0', 0.0672169205733962), ([[1621, 0], [1989, 0], [1989, 138], [1621, 138]], '심', 0.004732548439584372), ([[21, 130], [634, 130], [634, 205], [21, 205]], '이게; 이레무습짓이조 3', 0.333994272876467), ([[21, 190], [420, 190], [420, 263], [21, 263]], '왜 못넣계 하는', 0.27284801931668373), ([[25, 275], [640, 275], [640, 352], [25, 352]], '뭐친 뭐야; 자지에미처외는', 0.15781493303104155), ([[20, 329], [691, 329], [691, 414], [20, 414]], '내년한터 딱 어울리는 복수지', 0.25690591368643617), ([[21, 420], [817, 420], [817, 495], [21, 495]], '끄으욕 .! 그근런 . 말도 안되는 {7', 0.1802825431356322), ([[23, 482], [525, 482], [525, 555], [23, 555]], '눈 앞에 자지가 외는데 ', 0.33917798680270117), ([[24, 544], [403, 544], [403, 612], [24, 612]], '못 넣게 하다니;', 0.4317989091167431), ([[1697, 600], [2045, 600], [2045, 901], [1697, 901]], '0', 0.30107506391665595), ([[772, 1429], [874, 1429], [874, 1585], [772, 1585]], '[', 0.1410072730578884), ([[992, 1417], [1104, 1417], [1104, 1593], [992, 1593]], '9', 0.9999977350247811), ([[1251.1573058133497, 1309.0169147524064], [1412.8102170024194, 1344.1118344870415], [1354.8426941866503, 1599.9830852475936], [1193.1897829975806, 1564.8881655129585]], '2', 0.21396732110510186)]
[([[97, 211], [452, 211], [452, 866], [97, 866]], '*', 0.09510269578257269), ([[284, 832], [616, 832], [616, 1305], [284, 1305]], '옛', 0.5622981371818838), ([[775, 1636], [874, 1636], [874, 1796], [775, 1796]], '0', 0.15607878722898594), ([[987, 1631], [1104, 1631], [1104, 1824], [987, 1824]], '9', 0.9999994039536411), ([[1213, 1528], [1394, 1528], [1394, 1801], [1213, 1801]], '2', 0.5531729819240105)]
[([[780, 1190], [864, 1190], [864, 1307], [780, 1307]], '9', 0.9989088175771599), ([[984, 1148], [1110, 1148], [1110, 1335], [984, 1335]], '9', 0.9999988079074598)]
[([[1540, 0], [2001, 0], [2001, 212], [1540, 212]], '세', 0.25709242660912324), ([[43, 339], [684, 339], [684, 1105], [43, 1105]], '꽤', 0.8062786528148571)]
[([[1669, 512], [1942, 512], [1942, 1103], [1669, 1103]], '꼭', 0.7017762576615496), ([[1647, 1073], [1887, 1073], [1887, 1457], [1647, 1457]], '숲', 0.8476922907272041), ([[772, 1636], [876, 1636], [876, 1801], [772, 1801]], '[', 0.1791161342739267), ([[987, 1631], [1104, 1631], [1104, 1824], [987, 1824]], '9', 0.9999994039536411), ([[1222, 1537], [1383, 1537], [1383, 1752], [1222, 1752]], '6', 0.07996486076479314), ([[78.42259247955641, 236.00406604850505], [365.78208320715197, 169.27983693303923], [545.5774075204436, 1027.9959339514949], [257.21791679284803, 1093.7201630669608]], '푹', 0.667412014998181), ([[126.33355237939368, 1732.0085427963536], [291.46587501483555, 1648.0041741721761], [534.6664476206063, 2173.9914572036464], [369.53412498516445, 2257.995825827824]], '푹', 0.09240613714212831)]
[([[1654, 0], [1982, 0], [1982, 130], [1654, 130]], '어', 0.02475275903436014), ([[772, 1164], [872, 1164], [872, 1324], [772, 1324]], '[', 0.03438517103063732), ([[986, 1148], [1110, 1148], [1110, 1335], [986, 1335]], '9', 0.9999976158156301), ([[557, 1916], [712, 1916], [712, 2037], [557, 2037]], '꾸붙', 0.003723592279572765), ([[1217, 2223], [1388, 2223], [1388, 2362], [1217, 2362]], '주름', 0.6959427126036517), ([[615.9459448540332, 693.3405393394365], [768.3365895336846, 640.6087846944733], [792.0540551459668, 717.6594606605635], [639.6634104663154, 770.3912153055267]], '스>', 0.01185809929448687), ([[1314.4121165381152, 1776.0101679515292], [1560.1065763483555, 1983.5614157784773], [1465.5878834618848, 2098.989832048471], [1219.8934236516445, 1890.4385842215227]], '-월26', 0.002340526320040226)]
[([[1538, 0], [2002, 0], [2002, 206], [1538, 206]], '세^', 0.07571488211678129), ([[770, 1490], [874, 1490], [874, 1648], [770, 1648]], '[', 0.23119512337557158), ([[986, 1477], [1108, 1477], [1108, 1659], [986, 1659]], '9', 0.9999973773973494)]
[([[233, 8], [361, 8], [361, 185], [233, 185]], '11', 0.3034303551174915), ([[1574, 665], [1879, 665], [1879, 945], [1574, 945]], '7', 0.9944275977774311), ([[767, 1555], [899, 1555], [899, 1705], [767, 1705]], '[', 0.5209617251510146), ([[999, 1532], [1138, 1532], [1138, 1712], [999, 1712]], '9', 0.9999907016970297), ([[1542.9833488213608, 261.01230632219756], [1917.5138411483495, 436.9262167527845], [1762.0166511786392, 757.9876936778024], [1386.4861588516505, 582.0737832472155]], '(', 0.7014813899255081)]
[([[943, 768], [1187, 768], [1187, 903], [943, 903]], '~문', 0.003714467120233148), ([[769, 1408], [882, 1408], [882, 1588], [769, 1588]], '[', 0.04311476241898404), ([[986, 1387], [1114, 1387], [1114, 1596], [986, 1596]], '9', 0.9999964237245109), ([[1704, 2770], [1853, 2770], [1853, 2847], [1704, 2847]], '%-', 0.08900256244453106), ([[66.31045658278836, 1287.7277761907403], [358.46525673296304, 1108.5552073429278], [468.6895434172116, 1317.2722238092597], [176.534743267037, 1496.4447926570722]], '끄니', 0.009804647406953852)]
[([[1554, 0], [1987, 0], [1987, 135], [1554, 135]], "<감'", 0.0012796047490402983), ([[423, 378], [555, 378], [555, 609], [423, 609]], '|7', 0.001110945792215682), ([[298, 581], [433, 581], [433, 709], [298, 709]], '시', 0.2407634494922064), ([[488, 621], [533, 621], [533, 654], [488, 654]], '2', 0.26915315174926846), ([[770, 1418], [874, 1418], [874, 1578], [770, 1578]], '[', 0.12622371743955174), ([[989, 1403], [1110, 1403], [1110, 1587], [989, 1587]], '9', 0.9999808073964722), ([[91.18130383743964, 387.10199295666723], [430.40691293130755, 271.17143617478496], [512.8186961625604, 602.8980070433328], [173.59308706869243, 718.828563825215]], '폐', 0.06964725879930711), ([[1240.023186500344, 1299.0216962577433], [1409.769128132743, 1328.6593807839079], [1364.976813499656, 1567.9783037422567], [1194.230871867257, 1538.3406192160921]], '2', 0.13088473801751466)]
[([[97, 708], [439, 708], [439, 1446], [97, 1446]], '올', 0.6996868604382058), ([[771, 1451], [882, 1451], [882, 1631], [771, 1631]], '"', 0.0027504090627550465), ([[989, 1432], [1110, 1432], [1110, 1625], [989, 1625]], '9', 0.999994277962287)]
[([[21, 47], [485, 47], [485, 125], [21, 125]], '이야 이떤좀 바라;', 0.03403281236929346), ([[1629, 0], [1957, 0], [1957, 128], [1629, 128]], '이이', 0.0015905456674883901), ([[23, 104], [948, 104], [948, 185], [23, 185]], '넣어줄 생각되 안랫든데지혼자 발정나저', 0.14432990066986906), ([[23, 167], [593, 167], [593, 240], [23, 240]], '보짓물 존나 쏟아내는결?', 0.7011343656294219), ([[23, 248], [584, 248], [584, 321], [23, 321]], '부히하의{ 이이렇런면', 0.0782885588922564), ([[23, 306], [658, 306], [658, 381], [23, 381]], '왜냐지름 보여주나고요옷3!', 0.04283241157467545), ([[20, 364], [656, 364], [656, 438], [20, 438]], '그그때는 제가 잘 못햇으니', 0.7981351724213861), ([[22, 427], [641, 427], [641, 495], [22, 495]], '제발, 제발 좀 넣어주세요옷', 0.3960348492109146), ([[22, 510], [656, 510], [656, 584], [22, 584]], '사과 할 거면 진작 햇어야지?', 0.725823511451146), ([[23, 570], [521, 570], [521, 642], [23, 642]], '이제외서논 늦없다고~', 0.40121400639090143), ([[772, 1432], [869, 1432], [869, 1580], [772, 1580]], '[', 0.02509866108226788), ([[991, 1414], [1114, 1414], [1114, 1594], [991, 1594]], '9', 0.9999996423721633), ([[1208, 1304], [1406, 1304], [1406, 1696], [1208, 1696]], '소', 0.07848390352841594)]
[([[1625, 0], [1995, 0], [1995, 145], [1625, 145]], '신^', 0.1708083160225221), ([[767, 1534], [882, 1534], [882, 1701], [767, 1701]], '[', 0.4651655202365532), ([[989, 1522], [1110, 1522], [1110, 1704], [989, 1704]], '9', 0.999975204621478)]
[([[767, 1424], [882, 1424], [882, 1593], [767, 1593]], '[', 0.26101542043397785), ([[987, 1410], [1104, 1410], [1104, 1595], [987, 1595]], '9', 0.6060571426188399), ([[1674, 1786], [1926, 1786], [1926, 2007], [1674, 2007]], '세', 0.6943420937954023), ([[1746.992932922968, 134.01236996480085], [2129.419181900794, 302.72489032105904], [1983.007067077032, 622.9876300351991], [1599.5808180992065, 454.27510967894096]], '셋', 0.13665165906207122), ([[95.9308633881415, 1100.0142907164925], [492.25602583902435, 1227.4401738100364], [379.0691366118585, 1553.9857092835075], [-17.256025839024367, 1426.5598261899636]], '-', 0.0455028357983025), ([[1257.1803126334526, 1294.016003416386], [1419.4898300321981, 1336.8202550949034], [1349.8196873665474, 1591.983996583614], [1187.5101699678019, 1549.1797449050966]], '5', 0.04158150952385942)]
[([[1625, 0], [1995, 0], [1995, 152], [1625, 152]], '버^', 0.0438282663664514), ([[1568, 895], [2069, 895], [2069, 1356], [1568, 1356]], '꽤;', 0.2756744879733582), ([[771, 1453], [879, 1453], [879, 1631], [771, 1631]], '[', 0.012541435759949648), ([[986, 1432], [1110, 1432], [1110, 1632], [986, 1632]], '9', 0.3838674786285675), ([[203.05853258388493, 184.01055324126793], [553.7220002499563, 417.17561453212494], [353.9414674161151, 713.989446758732], [3.2779997500436764, 480.82438546787506]], '시새', 0.00829717001953832), ([[-5.946193712030689, 1768.198166530973], [284.38672024016, 1694.2758516843978], [316.94619371203066, 1885.801833469027], [25.613279759840026, 1958.7241483156022]], '_', 0.09949376324627313)]
[([[237, 1582], [672, 1582], [672, 1875], [237, 1875]], '빼', 0.1937959560084579), ([[305, 2249], [644, 2249], [644, 2509], [305, 2509]], "'실", 0.052190865638496536)]
[([[1545, 0], [1987, 0], [1987, 135], [1545, 135]], "'어^", 0.0470571124511805), ([[767, 1437], [882, 1437], [882, 1606], [767, 1606]], '[', 0.4119138022538813), ([[992, 1431], [1104, 1431], [1104, 1606], [992, 1606]], '9', 0.9999979734431044), ([[1204, 1293], [1399, 1293], [1399, 1540], [1204, 1540]], '6', 0.409974530690312)]
[([[289, 813], [516, 813], [516, 934], [289, 934]], '쇼', 0.020173270311829805), ([[635, 1024], [706, 1024], [706, 1075], [635, 1075]], '[나', 0.04336027179968658), ([[771, 1507], [879, 1507], [879, 1676], [771, 1676]], '[', 0.08714894637479631), ([[990, 1496], [1107, 1496], [1107, 1674], [990, 1674]], '9', 0.9999972581882197), ([[1203, 1379], [1397, 1379], [1397, 1642], [1203, 1642]], '6', 0.9938340162198642), ([[492.65611889860935, 1078.405204702543], [589.2356128554788, 1147.1963408337247], [438.34388110139065, 1353.594795297457], [341.76438714452115, 1284.8036591662753]], '터', 0.2649862824673086)]
[([[1549, 0], [1991, 0], [1991, 155], [1549, 155]], '<^', 0.057269971927426534), ([[1254, 271], [1294, 271], [1294, 318], [1254, 318]], '타', 0.38133555686755827), ([[1278, 398], [1401, 398], [1401, 454], [1278, 454]], '오내', 0.07790680748367633), ([[769, 1417], [877, 1417], [877, 1581], [769, 1581]], '[', 0.24936210129382985), ([[989, 1403], [1110, 1403], [1110, 1585], [989, 1585]], '9', 0.9999809266046213), ([[1248.6076433315134, 349.4975796624806], [1350.5058283550704, 289.130793951291], [1374.3923566684866, 337.5024203375194], [1271.4941716449296, 398.869206048709]], '등사', 0.02582049765103615), ([[1237.137248636496, 1265.0155120945897], [1419.9641517669281, 1296.079457085164], [1367.862751363504, 1590.9844879054103], [1184.0358482330719, 1560.920542914836]], '6', 0.8516109968889433)]
[([[1644, 0], [1994, 0], [1994, 135], [1644, 135]], '어}', 0.011219555749193703), ([[771, 1408], [884, 1408], [884, 1588], [771, 1588]], '[', 0.002353519743712576), ([[986, 1387], [1114, 1387], [1114, 1594], [986, 1594]], '9', 0.9999974966064862)]
[([[772, 1429], [876, 1429], [876, 1587], [772, 1587]], '[', 0.06099921438931233), ([[992, 1417], [1104, 1417], [1104, 1593], [992, 1593]], '9', 0.9999976158156301), ([[1198, 1276], [1403, 1276], [1403, 1583], [1198, 1583]], '6', 0.7703650867120224)]
[([[1578, 0], [1985, 0], [1985, 135], [1578, 135]], ';', 0.14770973558623357), ([[769, 1458], [879, 1458], [879, 1624], [769, 1624]], '[', 0.4142451881585316), ([[990, 1446], [1107, 1446], [1107, 1622], [990, 1622]], '9', 0.9999960660973137), ([[1219, 1340], [1393, 1340], [1393, 1550], [1219, 1550]], '6', 0.21319572437285306)]
