2325591
175
[([[17, 55], [271, 55], [271, 217], [17, 217]], '기교', 0.015501297372338005), ([[1223, 345], [1503, 345], [1503, 533], [1223, 533]], '모유', 0.996997852898855), ([[1509, 419], [1703, 419], [1703, 511], [1509, 511]], '엄마와', 0.9859384981499718), ([[1289, 520], [1725, 520], [1725, 645], [1289, 645]], '비밀의 관계', 0.9974885020995693), ([[71, 1154], [200, 1154], [200, 1219], [71, 1219]], '흙서히', 0.01427593151765871), ([[242, 1166], [1018, 1166], [1018, 1216], [242, 1216]], '% < 0#주위반 7 / > > 3 > 2화 못10스우지{워/ & * 벼-', 0.00019736590000174342), ([[1036, 1172], [1290, 1172], [1290, 1210], [1036, 1210]], "'비청 *하 ? * 2소", 0.0021422385766107855)]
[([[1482, 192], [1632, 192], [1632, 266], [1482, 266]], '평소처럼', 0.9980551600456238), ([[1474, 266], [1642, 266], [1642, 320], [1474, 320]], '해주깊니?', 0.29224774069184783)]
[([[385, 753], [543, 753], [543, 819], [385, 819]], '불일도  ', 0.29503904272255776)]
[([[345, 757], [597, 757], [597, 819], [345, 819]], '줄기 부분도0', 0.9707797650592226)]
[([[406, 732], [536, 732], [536, 782], [406, 782]], '정성스레', 0.9974067211151123), ([[368, 784], [540, 784], [540, 836], [368, 836]], '할아 줄게요:', 0.3269482246979929), ([[311, 823], [349, 823], [349, 861], [311, 861]], '잇', 0.11305480806692003), ([[300.1715728752538, 868.1715728752538], [376.9950489002219, 846.3486452358691], [385.8284271247462, 883.8284271247462], [310.0049510997781, 905.6513547641309]], '쿠퍼액', 0.9952097698672667), ([[299.7230723179238, 905.7061506225467], [398.2973264036955, 880.7355710239682], [406.2769276820762, 917.2938493774533], [308.7026735963045, 942.2644289760318]], '나앉다9', 0.38259077072143555)]
[([[1802, 388], [1952, 388], [1952, 440], [1802, 440]], '엄마 입에', 0.8260681685697269), ([[1790, 442], [1956, 442], [1956, 494], [1790, 494]], '들어가요~.', 0.9993241588590358)]
[]
[]
[]
[]
[([[1704, 342], [1906, 342], [1906, 396], [1704, 396]], '역시 히로 장의', 0.652174700988107), ([[1688, 394], [1920, 394], [1920, 446], [1688, 446]], '자지름 입에 물면', 0.34622078303276055), ([[1698, 444], [1911, 444], [1911, 499], [1698, 499]], '모유가 자동으로', 0.695016195814491), ([[1738, 496], [1838, 496], [1838, 546], [1738, 546]], '나와: :', 0.2675782716848939)]
[([[304, 248], [418, 248], [418, 296], [304, 296]], '엄마!', 0.9854200747986845), ([[246, 298], [428, 298], [428, 348], [246, 348]], '갈 거 같아요:', 0.974618619375065)]
[]
[([[1840, 284], [1928, 284], [1928, 338], [1840, 338]], '좋아!', 0.96953636913872), ([[1776, 340], [1988, 340], [1988, 396], [1776, 396]], '목구멍 안쪽에', 0.7290196299789163), ([[1836, 396], [1932, 396], [1932, 450], [1836, 450]], '싸람', 0.39365876771784547)]
[([[1366, 922], [1442, 922], [1442, 1002], [1366, 1002]], '0', 0.925870221331607)]
[([[1816, 300], [1964, 300], [1964, 354], [1816, 354]], '굉장해  `', 0.136114485787192), ([[1775, 355], [1999, 355], [1999, 416], [1775, 416]], '아직도 나와9', 0.8364427357438682)]
[]
[]
[([[1900, 278], [2044, 278], [2044, 334], [1900, 334]], '이하하나', 0.352130651473999), ([[1900, 334], [1980, 334], [1980, 386], [1900, 386]], '안혹:', 0.6115416063446114), ([[1907, 383], [2030, 383], [2030, 431], [1907, 431]], '(이렇게나', 0.7045662885447269), ([[1909, 427], [1969, 427], [1969, 469], [1909, 469]], '잔뜩', 0.9997053219535406)]
[]
[([[1794, 394], [2032, 394], [2032, 448], [1794, 448]], '잘 먹엇습니다0', 0.30908301865197746)]
[([[384, 326], [498, 326], [498, 374], [384, 374]], '하로 장:', 0.5793278055735968), ([[404, 376], [504, 376], [504, 424], [404, 424]], '엄마도', 0.9923384189605713), ([[384, 424], [526, 424], [526, 478], [384, 478]], '기분 증계', 0.37271632504168567), ([[360, 476], [550, 476], [550, 528], [360, 528]], '만들어 주럼?', 0.6712829935273886)]
[([[194, 344], [300, 344], [300, 392], [194, 392]], '그래0', 0.7399773215492137), ([[172, 396], [324, 396], [324, 446], [172, 446]], '더 격하게.', 0.8468588109669001), ([[2182, 882], [2206, 882], [2206, 912], [2182, 912]], '+0', 0.4095518396802304), ([[2137, 947], [2153, 947], [2153, 973], [2137, 973]], '^', 0.9919633860736212), ([[2187.405095554342, 871.331719774987], [2233.3717598956105, 828.2425707207194], [2253.594904445658, 855.668280225013], [2207.6282401043895, 898.7574292792806]], '화미/', 0.00036772712528577577), ([[2170.4421259126166, 892.0390939795767], [2199.0449729219467, 906.4061341776008], [2167.5578740873834, 970.9609060204233], [2138.9550270780533, 957.5938658223992]], '8', 0.2937602478967314), ([[2115.5821950741206, 951.5087142361381], [2155.067051470698, 981.78674784785], [2061.4178049258794, 1096.491285763862], [2021.932948529302, 1066.21325215215]], '@', 0.2147091287984928), ([[2030.3559608561636, 1051.6139943366293], [2071.858049983097, 1082.4787288713121], [1954.6440391438364, 1227.3860056633707], [1913.141950016903, 1197.5212711286879]], '터', 0.0191925883440911)]
[([[1452, 170], [1528, 170], [1528, 220], [1452, 220]], '앗0', 0.20262827035059236)]
[([[1884, 386], [2028, 386], [2028, 442], [1884, 442]], '넣을 테니', 0.4363298132408335), ([[1874, 442], [1990, 442], [1990, 492], [1874, 492]], '잘 보럼', 0.7788313209106242), ([[2013, 449], [2033, 449], [2033, 479], [2013, 479]], '2', 0.6635950916479629)]
[]
[([[1513, 225], [1728, 225], [1728, 385], [1513, 385]], '-어', 0.012897129378976772)]
[([[1736, 224], [1872, 224], [1872, 278], [1736, 278]], '합체하고', 0.5496076345443726), ([[1730, 276], [1874, 276], [1874, 328], [1730, 328]], '잇는 모습', 0.3292564723829249), ([[1700, 328], [1902, 328], [1902, 376], [1700, 376]], '제대로 화쥐 ! !', 0.7661807552964792)]
[]
[([[118, 322], [192, 322], [192, 370], [118, 370]], '아양', 0.6470569322104053), ([[84, 370], [254, 370], [254, 420], [84, 420]], '엄마도 다시', 0.9914599276716295), ([[74, 422], [224, 422], [224, 472], [74, 472]], '갈 거 같애', 0.7971296248650966)]
[]
[([[102, 268], [258, 268], [258, 316], [102, 316]], '안 돼앗: .!', 0.575075404943936), ([[94, 318], [264, 318], [264, 366], [94, 366]], '모유가 몇질', 0.4976685320535534), ([[140, 368], [214, 368], [214, 416], [140, 416]], '않앗.', 0.461517851653524)]
[]
[([[452, 210], [603, 210], [603, 267], [452, 267]], '안에 잔뜩', 0.9693741514850505), ([[468, 266], [574, 266], [574, 316], [468, 316]], '쌍네0', 0.27398542404890586)]
[([[1448, 240], [1690, 240], [1690, 294], [1448, 294]], '벌써 새버로어0', 0.2546967892795083)]
[([[371, 593], [413, 593], [413, 635], [371, 635]], '자', 0.8489841449161754), ([[354, 642], [458, 642], [458, 692], [354, 692]], '저번에', 0.9994547153631875), ([[152, 680], [214, 680], [214, 710], [152, 710]], '엉덩이', 0.9988652911893414), ([[146, 710], [276, 710], [276, 760], [146, 760]], '이쪽에도', 0.9341214299201965), ([[314, 692], [500, 692], [500, 746], [314, 746]], '연습햇없지?', 0.9072777650001748), ([[132, 760], [290, 760], [290, 810], [132, 810]], '넣어보럽어', 0.16275263767740863)]
[([[754, 216], [904, 216], [904, 270], [754, 270]], '앗 . 귀두', 0.38475207821966845), ([[739, 267], [881, 267], [881, 321], [739, 321]], '들어올어드', 0.1665095446949879)]
[]
[([[306, 266], [438, 266], [438, 316], [306, 316]], '어떡해9', 0.9520959854125977), ([[252, 320], [492, 320], [492, 374], [252, 374]], '살짝 지료어  . 0', 0.4070452309605081)]
[([[478, 330], [641, 330], [641, 390], [478, 390]], '히로 장  ', 0.17665413729507595), ([[415, 391], [707, 391], [707, 453], [415, 453]], '세계 박을 수 왜게', 0.2200208245236715), ([[486, 456], [628, 456], [628, 512], [486, 512]], '되없네 9', 0.40084769613538557)]
[([[690, 126], [818, 126], [818, 266], [690, 266]], '0', 0.6824226825617785)]
[([[659, 107], [850, 107], [850, 197], [659, 197]], '야 대애', 0.4199755738304356), ([[645.6574839128131, 195.64370978203266], [869.0738013029417, 163.02335159705856], [875.3425160871869, 237.35629021796734], [651.9261986970583, 269.97664840294146]], '애애애!!', 0.28105336629197136)]
[]
[([[300, 160], [436, 160], [436, 212], [300, 212]], '나, 나:', 0.3998362318142784), ([[280, 216], [456, 216], [456, 272], [280, 272]], '친아들에계', 0.6171625492528495), ([[247, 270], [491, 270], [491, 332], [247, 332]], '동구멍 수서저서', 0.5212548503133348), ([[304, 332], [436, 332], [436, 386], [304, 386]], '시오후키', 0.9857132434844971), ([[259, 390], [470, 390], [470, 446], [259, 446]], '해버로어   0', 0.28869243612781625)]
[([[299, 873], [432, 873], [432, 929], [299, 929]], '아들에게', 0.4905226230621338), ([[287, 926], [443, 926], [443, 995], [287, 995]], '엉덩이틀', 0.8712525963783264), ([[288, 996], [446, 996], [446, 1050], [288, 1050]], '범해지다니', 0.9677593580523578), ([[250, 1050], [426, 1050], [426, 1100], [250, 1100]], '너무 흥분돼:', 0.6458753040077891)]
[([[1748, 300], [1862, 300], [1862, 354], [1748, 354]], '이것이', 0.9870034172891566), ([[1710, 356], [1900, 356], [1900, 410], [1710, 410]], '엄마와 나의', 0.9875249591391365), ([[1728, 412], [1882, 412], [1882, 466], [1728, 466]], '비밀이다.', 0.9947389204107024), ([[280, 676], [388, 676], [388, 728], [280, 728]], '엄마와', 0.9775541117247587), ([[242, 728], [424, 728], [424, 780], [242, 780]], '이런 관계가', 0.9949952217391262), ([[273, 779], [390, 779], [390, 833], [273, 833]], '된 것은', 0.9411506750156465), ([[244, 832], [420, 832], [420, 884], [244, 884]], '그때부터다.', 0.8456502527751577)]
[([[286, 924], [440, 924], [440, 978], [286, 978]], '아아:  0', 0.5711740792110612), ([[285, 985], [443, 985], [443, 1053], [285, 1053]], '안 돼어', 0.4499472387930924)]
[([[221, 971], [471, 971], [471, 1031], [221, 1031]], '또갈 거 같애  .', 0.416408642717245)]
[([[1457, 145], [1533, 145], [1533, 189], [1457, 189]], '엄마::', 0.6376935839653015), ([[1425, 191], [1581, 191], [1581, 235], [1425, 235]], '엉덩이 안에', 0.981481130300491), ([[1447, 237], [1557, 237], [1557, 281], [1447, 281]], '쌀게요?', 0.8805381059646606)]
[([[275, 461], [337, 461], [337, 541], [275, 541]], '(', 0.9888841603238099), ([[89, 724], [238, 724], [238, 814], [89, 814]], '하7', 0.11524354139924221)]
[([[399, 0], [715, 0], [715, 319], [399, 319]], '9', 0.10166580440505868)]
[([[188, 412], [304, 412], [304, 462], [188, 462]], '히로 장', 0.5588687177593062), ([[157, 464], [335, 464], [335, 518], [157, 518]], '잘 햇어요이', 0.42938938939356347), ([[118, 780], [262, 780], [262, 830], [118, 830]], '엄마 잔뜩', 0.9902199590791553), ([[90, 832], [228, 832], [228, 882], [90, 882]], '가버로어', 0.4647533595561981)]
[([[180, 764], [342, 764], [342, 820], [180, 820]], '피곤하니?', 0.878058927445256), ([[138, 818], [382, 818], [382, 872], [138, 872]], '슬슬 밥먹올까이', 0.6020469585610528)]
[([[605, 943], [669, 943], [669, 983], [605, 983]], '난: .', 0.5207828283309937), ([[552, 988], [722, 988], [722, 1036], [552, 1036]], '엄마 모유가', 0.9869094992220192), ([[380, 1036], [458, 1036], [458, 1084], [380, 1084]], '좀더', 0.802814375112813), ([[586, 1038], [662, 1038], [662, 1088], [586, 1088]], '좋아:', 0.8409141831763937), ([[348, 1086], [454, 1086], [454, 1134], [348, 1134]], '주세요:', 0.9294674396514893)]
[([[326, 876], [460, 876], [460, 928], [326, 928]], '알걀어요', 0.5017836093902588), ([[164, 1010], [252, 1010], [252, 1066], [164, 1066]], '그럼:', 0.5425219865914446)]
[([[158, 264], [322, 264], [322, 318], [158, 318]], '좀 더 세게', 0.6299040385363478), ([[130, 316], [350, 316], [350, 370], [130, 370]], '처박지 않으면', 0.9633574999985655), ([[104, 370], [378, 370], [378, 422], [104, 422]], '모유 안 줄 거야0', 0.9757828305063765), ([[1932, 388], [2048, 388], [2048, 444], [1932, 444]], '하양0', 0.34460868651804244), ([[1922, 444], [2046, 444], [2046, 496], [1922, 496]], '좀 더!!', 0.7126210318482379)]
[]
[]
[([[1382, 176], [1480, 176], [1480, 224], [1382, 224]], '엄마의', 0.9990362985428358), ([[480, 210], [685, 210], [685, 262], [480, 262]], '속속 자라령0', 0.5849261400436326), ([[1376, 226], [1476, 226], [1476, 274], [1376, 274]], '모유로', 0.9990450382594004)]
[([[65, 1149], [229, 1149], [229, 1217], [65, 1217]], '드)', 0.39594817148391565)]
[([[1585, 1033], [1793, 1033], [1793, 1117], [1585, 1117]], '번 외 편', 0.8870205355166642), ([[1646, 1123], [2162, 1123], [2162, 1203], [1646, 1203]], '제어금교용 간어고+미@', 0.00013260474204598524)]
[([[1844, 298], [1944, 298], [1944, 346], [1844, 346]], '엄마의', 0.9951473855323711), ([[1842, 348], [1944, 348], [1944, 398], [1842, 398]], '아침은', 0.9912075743546398), ([[1839, 401], [1945, 401], [1945, 445], [1839, 445]], '빠르다', 0.9991181907768816)]
[([[1806, 210], [1930, 210], [1930, 262], [1806, 262]], '히로 장 ,', 0.6458948514527276), ([[1806, 264], [1936, 264], [1936, 318], [1806, 318]], '잘 잦다.', 0.39198865407535993)]
[([[1870, 280], [2040, 280], [2040, 328], [1870, 328]], '엄마는 항상', 0.8694936830818292), ([[1866, 330], [2040, 330], [2040, 378], [1866, 378]], '아침이 되면', 0.9000740124046264), ([[1904, 378], [2004, 378], [2004, 428], [1904, 428]], '모유틀', 0.14399286152837867), ([[1864, 430], [2040, 430], [2040, 478], [1864, 478]], '먹이러 온다.', 0.9844839485459563), ([[369, 815], [547, 815], [547, 875], [369, 875]], '아침 먹을', 0.3693498624132953), ([[337, 873], [573, 873], [573, 939], [337, 939]], '시간이에요0', 0.7690138110890582)]
[([[214, 840], [348, 840], [348, 890], [214, 890]], '아침에는', 0.31903708245612034), ([[166, 888], [401, 888], [401, 945], [166, 945]], '모유가 쌓여있어', 0.9334132445831476), ([[230, 940], [332, 940], [332, 990], [230, 990]], '가슴이', 0.9996507875049364), ([[160, 992], [402, 992], [402, 1040], [160, 1040]], '아프다고 한다  .', 0.8977186187449828)]
[([[176, 748], [282, 748], [282, 796], [176, 796]], '아아  ', 0.7930140495300293), ([[156, 796], [298, 796], [298, 846], [156, 846]], '아침 일찍', 0.9980297185136077), ([[144, 846], [318, 846], [318, 898], [144, 898]], '히로 장에게', 0.18817500056992856), ([[144, 896], [318, 896], [318, 950], [144, 950]], '모유 먹이기', 0.9978430066527263), ([[121, 943], [336, 943], [336, 1000], [121, 1000]], '참울 수 없없9', 0.3188949394293728), ([[284.92858477420174, 215.03591313560568], [492.13575790320493, 263.81262757308], [456.07141522579826, 395.96408686439435], [248.86424209679507, 347.18737242692]], '0', 0.28001840406091105)]
[([[1231, 193], [1271, 193], [1271, 231], [1231, 231]], '앗', 0.37385297315637445), ([[1197, 235], [1330, 235], [1330, 287], [1197, 287]], '쉬아하고', 0.5155296921730042), ([[1170, 286], [1360, 286], [1360, 338], [1170, 338]], '싶나 보구나?', 0.9923521659131442), ([[2014, 576], [2106, 576], [2106, 624], [2014, 624]], '엄마: ', 0.5765625238418579), ([[2008, 626], [2092, 626], [2092, 674], [2008, 674]], '빨리:', 0.6142484435823992)]
[([[956, 302], [1164, 302], [1164, 358], [956, 358]], '다녀올습니다', 0.5026197418751074), ([[1636, 300], [1788, 300], [1788, 356], [1636, 356]], '몇 주 전.', 0.7834021436803146), ([[316, 492], [406, 492], [406, 540], [316, 540]], '어라?', 0.969145354228783), ([[290, 542], [430, 542], [430, 592], [290, 592]], '엄마 어디', 0.9945509199768431), ([[300, 592], [422, 592], [422, 642], [300, 642]], '나갖나?', 0.2937643826007843)]
[([[1706, 274], [1906, 274], [1906, 326], [1706, 326]], '자   평소처럼', 0.5246999844984576), ([[1754, 328], [1858, 328], [1858, 378], [1754, 378]], '입으로', 0.998551569990093), ([[1690, 377], [1862, 377], [1862, 431], [1690, 431]], '받아줄게요:', 0.8198392709231381)]
[([[1782, 318], [1856, 318], [1856, 368], [1782, 368]], '후후', 0.9993386957159492), ([[1712, 370], [1954, 370], [1954, 424], [1712, 424]], '이렇게 딱딱하면', 0.7190543502533375), ([[1710, 422], [1958, 422], [1958, 474], [1710, 474]], '잘 안 나올 렌데?', 0.2688060165545728)]
[([[1802, 288], [1910, 288], [1910, 338], [1802, 338]], '엄마가:', 0.9910238981246948), ([[1770, 342], [1970, 342], [1970, 390], [1770, 390]], '도와줄게요0', 0.7564257720969793)]
[([[1794, 268], [1874, 268], [1874, 316], [1794, 316]], '자아:', 0.8622844290437977), ([[1786, 319], [1910, 319], [1910, 369], [1786, 369]], '괴롭지?', 0.9979442358016968), ([[1760, 372], [1936, 372], [1936, 424], [1760, 424]], '얼른 싸람0', 0.2098193999139355)]
[]
[([[383, 272], [525, 272], [525, 332], [383, 332]], '하지만 .', 0.8932955862273969), ([[388, 334], [538, 334], [538, 388], [388, 388]], '아직 쌀게', 0.6598411935178209), ([[404, 388], [528, 388], [528, 440], [404, 440]], '남앗지?', 0.7206911444664001), ([[1713, 397], [1901, 397], [1901, 459], [1713, 459]], '시원하니?', 0.9301590533045715)]
[]
[]
[]
[([[228, 616], [388, 616], [388, 672], [228, 672]], '아침 가장', 0.9974333837768345), ([[174, 666], [442, 666], [442, 744], [174, 744]], '진하고 따뜻한', 0.6279474182853945), ([[173, 741], [443, 741], [443, 801], [173, 801]], '오줌이 목구멍으로', 0.7578727632845883), ([[209, 799], [409, 799], [409, 859], [209, 859]], '흘러들어오니', 0.9993060463488709), ([[220, 860], [390, 860], [390, 914], [220, 914]], '느껴버럿 9', 0.30660814545897785), ([[757, 833], [909, 833], [909, 945], [757, 945]], "7'", 0.6567277671080795)]
[([[1718, 196], [1808, 196], [1808, 244], [1718, 244]], '엄마?', 0.9951735222351497)]
[([[1945, 216], [2048, 216], [2048, 268], [1945, 268]], '아침에', 0.9409092242911975), ([[1912, 270], [2084, 270], [2084, 318], [1912, 318]], '오중쌀 때는', 0.7263025468939456), ([[1932, 318], [2064, 318], [2064, 366], [1932, 366]], '화장실올', 0.9844557642936707), ([[1896, 367], [2098, 367], [2098, 420], [1896, 420]], '거의 사용하지', 0.9997866010741395), ([[1942, 420], [2050, 420], [2050, 468], [1942, 468]], '않듣다.', 0.22523711621761322)]
[]
[([[474, 252], [557, 252], [557, 305], [474, 305]], '하아:', 0.8819216392291571), ([[422, 303], [637, 303], [637, 369], [422, 369]], '잔뜩 삶네0', 0.37407058171502666)]
[([[276, 270], [450, 270], [450, 320], [276, 320]], '아직 시간이', 0.8884098992408855), ([[1871, 263], [1965, 263], [1965, 307], [1871, 307]], '엄마는', 0.9007470729653054), ([[278, 320], [450, 320], [450, 372], [278, 372]], '많이 이르니', 0.9905306228574846), ([[1850, 308], [1986, 308], [1986, 356], [1850, 356]], '내 오중올', 0.5243648091214516), ([[242, 371], [488, 371], [488, 426], [242, 426]], '히로 장이량 같이', 0.6804599360157692), ([[1802, 358], [2032, 358], [2032, 406], [1802, 406]], '전부 마서버린 뒤', 0.8799481169508404), ([[1851, 405], [1985, 405], [1985, 449], [1851, 449]], '웃올 벗고', 0.5350220613940541), ([[228, 424], [502, 424], [502, 474], [228, 474]], '좀 더 자도 되객니?', 0.32077507568614877), ([[1801, 449], [2030, 449], [2030, 499], [1801, 499]], '침대로 들어온다.', 0.9818907044146133)]
[([[256, 506], [432, 506], [432, 554], [256, 554]], '응 괜찮아요', 0.9913825302355298)]
[([[278, 456], [522, 456], [522, 506], [278, 506]], '나는 이런 아침이', 0.9307328154069627), ([[324, 506], [474, 506], [474, 556], [324, 556]], '정말 좋다.', 0.9956411011984939), ([[120, 1155], [447, 1155], [447, 1227], [120, 1227]], '구매해주서서', 0.8620698764056314), ([[471, 1149], [763, 1149], [763, 1235], [471, 1235]], '감사합니다', 0.6042412951881357), ([[871, 1159], [1041, 1159], [1041, 1225], [871, 1225]], '-키요', 0.5627719101677056)]
[]
[]
[([[1108, 92], [1228, 92], [1228, 144], [1108, 144]], '히로키', 0.699835524436746)]
[([[1669, 367], [1741, 367], [1741, 411], [1669, 411]], '엄마', 0.9872258019832172), ([[374, 392], [514, 392], [514, 440], [374, 440]], '깨우는 게', 0.46967419447561365), ([[1620, 414], [1756, 414], [1756, 462], [1620, 462]], '자고있네', 0.2631089389324188), ([[372, 442], [522, 442], [522, 490], [372, 490]], '나으려나?', 0.9931782681557134), ([[1443, 501], [1631, 501], [1631, 545], [1443, 545]], '그것도 가슴을', 0.657862173795186), ([[1438, 546], [1604, 546], [1604, 594], [1438, 594]], '내놓은 채로:', 0.5287214328162346)]
[]
[([[1958, 358], [2028, 358], [2028, 412], [1958, 412]], '어?', 0.9997281636500451)]
[]
[([[1571, 319], [1755, 319], [1755, 379], [1571, 379]], '저건 모유?', 0.8929072747534068), ([[442, 521], [542, 521], [542, 573], [442, 573]], '엄마는', 0.8374280981907991), ([[404, 576], [580, 576], [580, 630], [404, 630]], '아직 모유가', 0.9920715834471566), ([[396, 634], [584, 634], [584, 686], [396, 686]], '나오는구나:?', 0.8653856403173106)]
[]
[([[1570, 296], [1712, 296], [1712, 348], [1570, 348]], '굉장해: .', 0.5856405083341848), ([[1530, 354], [1754, 354], [1754, 410], [1530, 410]], '점점 흘러나와.', 0.7986527323441368)]
[([[1718, 258], [1822, 258], [1822, 314], [1718, 314]], '모유는', 0.979493260383606), ([[1664, 318], [1878, 318], [1878, 374], [1664, 374]], '무슨 맛일까?', 0.6967838870042179), ([[468, 606], [588, 606], [588, 656], [468, 656]], '아기 때', 0.820730434607406), ([[404, 660], [653, 660], [653, 716], [404, 716]], '엄마 모유틀 먹고', 0.30119933389851444), ([[436, 720], [620, 720], [620, 774], [436, 774]], '자컷올 팀데', 0.0705969136525686), ([[366, 778], [692, 778], [692, 834], [366, 834]], "전혀 기억이 안 나:' .", 0.42127150191279383)]
[]
[([[416, 873], [574, 873], [574, 923], [416, 923]], '안 일어나네:', 0.9888558419384222)]
[([[1874, 316], [2068, 316], [2068, 368], [1874, 368]], '다녀앉습니다', 0.30296099189969206)]
[]
[]
[([[404, 732], [432, 732], [432, 764], [404, 764]], '9', 0.74385856377015), ([[368.08955369908847, 668.0835899750776], [405.68109170239364, 655.0466058007735], [430.91044630091153, 731.9164100249224], [393.31890829760636, 744.9533941992265]], '3', 0.03292048828545391)]
[]
[]
[]
[]
[]
[]
[([[1044, 270], [1164, 270], [1164, 318], [1044, 318]], '생각햇든', 0.4186059236526489), ([[1934, 276], [2048, 276], [2048, 330], [1934, 330]], '전다: .', 0.3930062068821416), ([[1043, 319], [1164, 319], [1164, 371], [1043, 371]], '맛이당은', 0.22757863998413086), ([[1934, 336], [2056, 336], [2056, 392], [1934, 392]], '따뜻해!', 0.9503232836723328), ([[992, 370], [1188, 370], [1188, 418], [992, 418]], '조금 다르지만 -', 0.41801467645375306)]
[([[852, 138], [958, 138], [958, 188], [852, 188]], '어서와', 0.9963858160105901), ([[842, 192], [958, 192], [958, 242], [842, 242]], '히로 장', 0.47504984859420396), ([[1656, 234], [2012, 234], [2012, 290], [1656, 290]], '이 사람은 우리 엄마다.', 0.9803930002564187), ([[1682, 290], [1988, 290], [1988, 346], [1682, 346]], '아빠는 출장이 잦아', 0.8042461734021633), ([[1718, 348], [1952, 348], [1952, 402], [1718, 402]], '단 둘이 지내는', 0.8891789130681741), ([[1734, 402], [1932, 402], [1932, 456], [1734, 456]], '경우가 많다 .', 0.6541062447892458), ([[1724, 456], [1948, 456], [1948, 512], [1724, 512]], '언제나 상냥한', 0.37194874094210256), ([[1678, 512], [1990, 512], [1990, 568], [1678, 568]], '사랑하는 우리 엄마.', 0.8509196507865681), ([[112, 541], [322, 541], [322, 592], [112, 592]], '밥 금방 되니까', 0.8126176004052218), ([[164, 594], [266, 594], [266, 642], [164, 642]], '조금만', 0.9998607672809888), ([[140, 642], [290, 642], [290, 692], [140, 692]], '기다리럼?', 0.575492663460259), ([[449, 1013], [681, 1013], [681, 1079], [449, 1079]], '에미코 (38)', 0.86597000062056)]
[([[1936, 232], [2078, 232], [2078, 282], [1936, 282]], '근데 원가', 0.6424655770250788), ([[1884, 284], [2128, 284], [2128, 338], [1884, 338]], '그리운 느낌이야', 0.9830303037922827), ([[1654, 912], [1828, 912], [1828, 966], [1654, 966]], '평생 이러고', 0.9081150923446646), ([[1682, 966], [1800, 966], [1800, 1018], [1682, 1018]], '싶어: .', 0.7487909149250401)]
[]
[([[446, 194], [550, 194], [550, 246], [446, 246]], '옛: .?', 0.6925820970102916)]
[([[700, 296], [874, 296], [874, 350], [700, 350]], '아직 모유가', 0.9969131910795784), ([[702, 348], [866, 348], [866, 402], [702, 402]], '나온다는 겉', 0.7053781659930211), ([[682, 402], [892, 402], [892, 454], [682, 454]], '들 젓만으로도', 0.4612779604574243), ([[687, 452], [884, 452], [884, 506], [687, 506]], '부끄러운데:  !', 0.7616839283961258), ([[1830, 514], [1944, 514], [1944, 562], [1830, 562]], '어덧리', 0.2881591672470675), ([[1790, 564], [1984, 564], [1984, 620], [1790, 620]], '하로 장도 참,', 0.5440416378968529), ([[1770, 617], [2002, 617], [2002, 669], [1770, 669]], '자고있는 사이에', 0.6628020765723913), ([[1790, 670], [1984, 670], [1984, 722], [1790, 722]], '멋대로 가슴을', 0.5345055561030421), ([[1815, 722], [1958, 722], [1958, 776], [1815, 776]], '빨다니:  .', 0.4384374978977917), ([[259, 797], [407, 797], [407, 857], [259, 857]], '따꼼하게', 0.2503124475479126), ([[191, 855], [473, 855], [473, 919], [191, 919]], '흔올 내아켓어:  .', 0.3762986334797037)]
[([[132, 852], [320, 852], [320, 900], [132, 900]], '후후: . 그래도', 0.586691604247066), ([[128, 900], [320, 900], [320, 953], [128, 953]], '살짝 귀엽네 9', 0.7210181568802273), ([[98, 952], [352, 952], [352, 1002], [98, 1002]], '이렇계나 마시는 데', 0.6954709705963518), ([[120, 1002], [327, 1002], [327, 1052], [120, 1052]], '몰두하다니: . 0', 0.2642015811856219)]
[([[1605, 271], [1767, 271], [1767, 333], [1605, 333]], '하로 장?', 0.5179435150896845)]
[([[1037, 207], [1135, 207], [1135, 251], [1037, 251]], '허로 장', 0.40864673256874084), ([[1017, 253], [1147, 253], [1147, 297], [1017, 297]], '그럼 못써', 0.8323791325241524), ([[976, 292], [1195, 292], [1195, 345], [976, 345]], '자고 있는 여자의', 0.84480973589328), ([[992, 338], [1176, 338], [1176, 387], [992, 387]], '가슴을 멋대로', 0.8364484030929946), ([[1037, 385], [1131, 385], [1131, 429], [1037, 429]], '빨다니.', 0.5908234715461731), ([[187, 793], [313, 793], [313, 837], [187, 837]], '그런 짓은', 0.6787475430188039), ([[140, 839], [351, 839], [351, 883], [140, 883]], '엄마한데만 하련 ,', 0.3797730004435986), ([[197, 883], [303, 883], [303, 927], [197, 927]], '알깊다?', 0.10389930009841919)]
[([[1893, 273], [2007, 273], [2007, 317], [1893, 317]], '자, 잘못', 0.8075170129868597), ([[1882, 318], [2020, 318], [2020, 366], [1882, 366]], '햇어요: :!', 0.5213788649758331)]
[([[1236, 168], [1334, 168], [1334, 216], [1236, 216]], '앞으로', 0.9936258377906628), ([[1198, 218], [1374, 218], [1374, 270], [1198, 270]], '가슴을 빨고', 0.9017651961834788), ([[1199, 267], [1369, 267], [1369, 317], [1199, 317]], '싶올 때는: :', 0.3647464085533918)]
[([[1594, 210], [1822, 210], [1822, 262], [1594, 262]], '"\'엄마; 가슴 빨게', 0.14361362360838031), ([[522, 262], [642, 262], [642, 312], [522, 312]], '알앗니?', 0.26148462295532227), ([[1612, 258], [1808, 258], [1808, 306], [1612, 306]], '해주세요 하고', 0.9944579806508833), ([[1590, 304], [1828, 304], [1828, 354], [1590, 354]], '제대로 부탁하령?', 0.5141582324575219)]
[([[478, 746], [550, 746], [550, 796], [478, 796]], '네~.', 0.9136928729797785)]
[([[1406, 168], [1580, 168], [1580, 218], [1406, 218]], '자 이리온0', 0.9201087252094581)]
[([[1281, 139], [1349, 139], [1349, 201], [1281, 201]], "'", 0.5768610242840033), ([[1208, 226], [1403, 226], [1403, 280], [1208, 280]], '이놈 원행지?', 0.19122845399861782), ([[320, 468], [454, 468], [454, 518], [320, 518]], '사양말고', 0.9979397058486938), ([[285, 515], [488, 515], [488, 569], [285, 569]], '잔뜩 마시련0', 0.5201101638834563)]
[([[1881, 333], [1975, 333], [1975, 377], [1881, 377]], '엄마 .', 0.7900146842002869), ([[1872, 380], [1982, 380], [1982, 428], [1872, 428]], '이건 좀', 0.9985087849575673), ([[1842, 430], [2008, 430], [2008, 478], [1842, 478]], '부끄러워요', 0.9988875717498595)]
[([[1883, 305], [2005, 305], [2005, 369], [1883, 369]], '안 돼.', 0.9430819153785706), ([[184, 587], [397, 587], [397, 641], [184, 641]], '히로 장때문에', 0.7172961815506512), ([[170, 640], [412, 640], [412, 696], [170, 696]], '점점 흘러나오고', 0.9996327221900119), ([[1868, 664], [1978, 664], [1978, 718], [1868, 718]], '엄마가', 0.9994040636572851), ([[220, 694], [362, 694], [362, 746], [220, 746]], '있으니까', 0.8790814280509949), ([[1846, 718], [1996, 718], [1996, 770], [1846, 770]], '자능 틈에', 0.5189474942562949), ([[192, 746], [390, 746], [390, 800], [192, 800]], '빨리 마시럼?', 0.495134928951774), ([[1834, 768], [2014, 768], [2014, 822], [1834, 822]], '몰래 가슴을', 0.7736278723735752), ([[1840, 822], [2002, 822], [2002, 876], [1840, 876]], '반 벌이야!', 0.5159301703395265)]
[]
[([[1646, 242], [1788, 242], [1788, 292], [1646, 292]], '그래그래', 0.99979709204095), ([[1650, 296], [1786, 296], [1786, 346], [1650, 346]], '아기처럼', 0.9954524636268616), ([[1662, 348], [1780, 348], [1780, 400], [1662, 400]], '더 쪽쪽', 0.9680755400536935), ([[1636, 400], [1774, 400], [1774, 454], [1636, 454]], '빨아보럼', 0.7600864768028259), ([[358, 506], [432, 506], [432, 560], [358, 560]], '민가', 0.3861839147375839), ([[286, 560], [500, 560], [500, 616], [286, 616]], '기분 좋아: : 0', 0.5433578264206587)]
[([[1137, 153], [1247, 153], [1247, 197], [1137, 197]], '어머나?', 0.9993937611579895)]
[([[1599, 137], [1738, 137], [1738, 189], [1599, 189]], '하로 장도', 0.7508075201652012), ([[830, 196], [930, 196], [930, 244], [830, 244]], '꼬추가', 0.7981678247451782), ([[1588, 188], [1754, 188], [1754, 238], [1588, 238]], '벌써 남자가', 0.9993778822756297), ([[578, 238], [676, 238], [676, 286], [578, 286]], '엄마의', 0.998835081444797), ([[816, 244], [944, 244], [944, 292], [816, 292]], '이렇게나', 0.7499445676803589), ([[1600, 238], [1738, 238], [1738, 286], [1600, 286]], '다 뒷네0', 0.5431813850221299), ([[528, 286], [728, 286], [728, 338], [528, 338]], '가슴을 빨아서', 0.7400681416797977), ([[788, 292], [968, 292], [968, 340], [788, 340]], '커다랗게:  0', 0.43702056428278724), ([[556, 334], [702, 334], [702, 384], [556, 384]], '흥분햇니?', 0.5154312372603298)]
[([[1418, 204], [1520, 204], [1520, 252], [1418, 252]], '바지도', 0.9998913253023296), ([[1644, 224], [1776, 224], [1776, 272], [1644, 272]], '이대로면', 0.9995403289794922), ([[1395, 252], [1545, 252], [1545, 302], [1395, 302]], '벗어불까?', 0.8645383039661202), ([[1652, 274], [1772, 274], [1772, 322], [1652, 322]], '괴롭지?', 0.9980173110961914), ([[1516, 728], [1604, 728], [1604, 782], [1516, 782]], '옛!?', 0.929646936514849)]
[([[1642, 337], [1842, 337], [1842, 391], [1642, 391]], '자 엄마의 손', 0.9374491432483766), ([[1656, 390], [1828, 390], [1828, 446], [1656, 446]], '기분 종지?', 0.648986929206994)]
[]
[([[1688, 326], [1794, 326], [1794, 376], [1688, 376]], '껍질도', 0.999171868527439), ([[1630, 378], [1814, 378], [1814, 434], [1630, 434]], '이렇게 하면:', 0.632743610588353)]
[([[830, 180], [902, 180], [902, 228], [830, 228]], '후후', 0.9987619501791841), ([[824, 232], [932, 232], [932, 280], [824, 280]], '미안해 ,', 0.8650028830567087), ([[820, 282], [940, 282], [940, 330], [820, 330]], '아팎니?', 0.15961876511573792), ([[1662, 300], [1812, 300], [1812, 348], [1662, 348]], '자 이걸로', 0.4453947978397612), ([[1668, 350], [1810, 350], [1810, 398], [1668, 398]], '히로 장도', 0.7008886791803723), ([[1606, 398], [1840, 398], [1840, 452], [1606, 452]], '어른이 되없어요', 0.6424466396259488)]
[([[1660, 306], [1820, 306], [1820, 358], [1660, 358]], '자 가슴도', 0.9959054996312017), ([[1684, 359], [1792, 359], [1792, 409], [1684, 409]], '제대로', 0.999997040503424), ([[1654, 410], [1824, 410], [1824, 466], [1654, 466]], '빨아아지0', 0.47286401862439376)]
[]
[([[742, 168], [848, 168], [848, 216], [742, 216]], '괜찮아 ,', 0.7556915385618035), ([[698, 218], [898, 218], [898, 266], [698, 266]], '이대로 싸람이', 0.14318688040066194), ([[1674, 322], [1758, 322], [1758, 370], [1674, 370]], '엄마:', 0.9346100649010612), ([[1604, 370], [1840, 370], [1840, 422], [1604, 422]], '기분이 이상해요.', 0.7904250512829978), ([[1580, 422], [1832, 422], [1832, 472], [1580, 472]], '오중 나올 거 같아:', 0.8985126043860134)]
[]
[]
[]
[([[507, 185], [620, 185], [620, 236], [507, 236]], '하로 장', 0.4463225986785189), ([[512, 238], [586, 238], [586, 286], [512, 286]], '이건', 0.9983869156705472), ([[482, 286], [648, 286], [648, 340], [482, 340]], '정액이라고', 0.88891433019008), ([[464, 336], [666, 336], [666, 392], [464, 392]], '하는 거란다0', 0.5543006632405622), ([[318, 594], [522, 594], [522, 648], [318, 648]], '앞으로 엄마가', 0.9956249405406109), ([[352, 642], [484, 642], [484, 694], [352, 694]], '이것저것', 0.9989145994186401), ([[319, 688], [512, 688], [512, 743], [319, 743]], '가르쳐줄게0', 0.638844572346928)]
[]
[([[1634, 306], [1706, 306], [1706, 356], [1634, 356]], '사실', 0.9996140409802928), ([[1566, 358], [1780, 358], [1780, 412], [1566, 412]], '엄마랑 나에컨', 0.3107716301131225), ([[1566, 410], [1780, 410], [1780, 464], [1566, 464]], '둘만의 비밀이', 0.9862272272350466), ([[1594, 464], [1754, 464], [1754, 516], [1594, 516]], '하나 있다.', 0.6354840118703919), ([[156, 738], [372, 738], [372, 790], [156, 790]], '그때의 엄마는', 0.9715384031344357), ([[120, 790], [408, 790], [408, 844], [120, 844]], '평소와 너무 달라서', 0.8991284762273982), ([[166, 842], [358, 842], [358, 894], [166, 894]], '깜짝 놀랍다.', 0.3809906810432034), ([[1772, 826], [1920, 826], [1920, 882], [1772, 882]], '무이오한 !', 6.586430275717304e-06), ([[1885, 871], [1939, 871], [1939, 913], [1885, 913]], '"3%', 0.008974468795974402)]
[]
[([[1736, 252], [1882, 252], [1882, 302], [1736, 302]], '그때부터 ', 0.8793968481556025), ([[1765, 301], [1865, 301], [1865, 353], [1765, 353]], '엄마의', 0.9964477291917891), ([[1735, 350], [1898, 350], [1898, 403], [1735, 403]], '모유처리는', 0.8176254911180691), ([[1746, 404], [1888, 404], [1888, 452], [1746, 452]], '내 일과가', 0.6212928157768648), ([[1762, 454], [1868, 454], [1868, 502], [1762, 502]], '되없다.', 0.585003426828524)]
[([[1584, 230], [1754, 230], [1754, 280], [1584, 280]], '왜 그러니?', 0.9975751254483586), ([[1614, 284], [1726, 284], [1726, 334], [1614, 334]], '명하니.', 0.6884645819664001)]
[([[1520, 196], [1688, 196], [1688, 246], [1520, 246]], '벌써 이렇게', 0.671593750108652), ([[1554, 246], [1656, 246], [1656, 294], [1554, 294]], '모유가', 0.9960191629585483), ([[592, 290], [670, 290], [670, 344], [592, 344]], '얼른', 0.802881819214817), ([[1524, 296], [1684, 296], [1684, 346], [1524, 346]], '흘러넘치고', 0.5494704086047435), ([[540, 346], [722, 346], [722, 402], [540, 402]], '마서주럼 0', 0.4516098934877835), ([[1548, 346], [1656, 346], [1656, 394], [1548, 394]], '있단다.', 0.8573291897773743)]
[([[942, 142], [1076, 142], [1076, 192], [942, 192]], '처음에는', 0.816644549369812), ([[928, 192], [1090, 192], [1090, 246], [928, 246]], '언제나처럼', 0.9991657858205543), ([[904, 242], [1088, 242], [1088, 294], [904, 294]], '혀로 천천히:.', 0.3520651110770778)]
[([[918, 174], [1096, 174], [1096, 222], [918, 222]], '그래 그렇게.', 0.8464620041098601), ([[898, 222], [1118, 222], [1118, 270], [898, 270]], '잘하고 있어요0', 0.7889938419123356)]
[([[962, 180], [1062, 180], [1062, 232], [962, 232]], '엄마의', 0.9985243204280143), ([[932, 228], [1090, 228], [1090, 278], [932, 278]], '함물유두에', 0.4167242192245586), ([[902, 274], [1120, 274], [1120, 328], [902, 328]], '허름 넣어보런?', 0.45739712092200635)]
[([[962, 120], [1050, 120], [1050, 168], [962, 168]], '좁더!', 0.42604918948480114), ([[944, 166], [1070, 166], [1070, 216], [944, 216]], '쑤시면서', 0.2837526500225067), ([[958, 214], [1055, 214], [1055, 264], [958, 264]], '동시에', 0.9992858318017438), ([[926, 263], [1050, 263], [1050, 311], [926, 311]], '빨아주럼', 0.31105560064315796)]
[([[949, 147], [1017, 147], [1017, 189], [949, 189]], '그래', 0.999918404676329), ([[904, 192], [1104, 192], [1104, 244], [904, 244]], '유두릎 마음껏', 0.45053643237028407), ([[924, 240], [1078, 240], [1078, 292], [924, 292]], '빨아내렵0', 0.41752117351829604)]
[]
[([[1914, 120], [2026, 120], [2026, 170], [1914, 170]], '히로 장', 0.597844834875184), ([[1884, 168], [2064, 168], [2064, 220], [1884, 220]], '밥 먹기 전에', 0.9378460881304118), ([[1812, 372], [1884, 372], [1884, 420], [1812, 420]], '잠깐', 0.9999860915683209), ([[1778, 422], [1918, 422], [1918, 470], [1778, 470]], '도와줄 수', 0.7240351993732599), ([[1788, 472], [1910, 472], [1910, 520], [1788, 520]], '있올까?', 0.2510124742984772)]
[([[1040, 206], [1352, 206], [1352, 398], [1040, 398]], '<', 0.7952497025499383), ([[1003.145605799779, 9.022828455867764], [1198.9604028704057, 108.87503768314322], [1135.854394200221, 227.97717154413223], [940.0395971295944, 127.12496231685678]], '7', 0.9645352981201007)]
[([[942, 162], [1044, 162], [1044, 212], [942, 212]], '후후 ', 0.9792643039240353), ([[890, 212], [1096, 212], [1096, 266], [890, 266]], '모유범먹이네.', 0.23312795256409952), ([[882, 262], [1106, 262], [1106, 316], [882, 316]], '옷올 벗어불까?', 0.7366365234499981)]
[([[1708, 268], [1848, 268], [1848, 316], [1708, 316]], '내 일과는', 0.6659429646040905), ([[1681, 314], [1874, 314], [1874, 369], [1681, 369]], '모유처리만이', 0.9981624415583826), ([[1706, 368], [1848, 368], [1848, 416], [1706, 416]], '아니다:  .', 0.630345564286165)]
[]
[([[272, 259], [375, 259], [375, 311], [272, 311]], '엄마는', 0.9441008459103296), ([[242, 312], [404, 312], [404, 362], [242, 362]], '정기적으로', 0.9998635734551424), ([[236, 362], [410, 362], [410, 412], [236, 412]], '자지가 고프', 0.6884822708991191), ([[238, 412], [408, 412], [408, 462], [238, 462]], '모양이다  .', 0.5451861275281843), ([[1862, 872], [2000, 872], [2000, 926], [1862, 926]], '이렇게나', 0.6198961138725281), ([[1818, 922], [2036, 922], [2036, 978], [1818, 978]], '발기하다니:  0', 0.487968269992814), ([[1848, 972], [2010, 972], [2010, 1026], [1848, 1026]], '언제나처럼', 0.9989949555737591), ([[1807, 1023], [2055, 1023], [2055, 1083], [1807, 1083]], '그게 하고 싶니?', 0.8650011709683808)]
[([[1594, 198], [1834, 198], [1834, 246], [1594, 246]], '엄마 가슴 사이에', 0.9951475305302977), ([[1642, 248], [1782, 248], [1782, 298], [1642, 298]], '끼우는 걸', 0.22325692378681358), ([[1640, 297], [1788, 297], [1788, 347], [1640, 347]], '좋아하지?', 0.9938070345932646)]
[]
[([[1637, 173], [1729, 173], [1729, 217], [1637, 217]], '자아 `', 0.5360752908672533), ([[1652, 222], [1754, 222], [1754, 270], [1652, 270]], '꼬추가', 0.8206993220150645), ([[486, 282], [696, 282], [696, 330], [486, 330]], '아아 굉장해0', 0.7899153026181973), ([[1604, 272], [1800, 272], [1800, 322], [1604, 322]], '없어젊어요~!', 0.4144256774422939), ([[472, 331], [712, 331], [712, 380], [472, 380]], '모유가 또 나와이', 0.6270322552343717)]
[([[1582, 208], [1816, 208], [1816, 262], [1582, 262]], '껍질도 벗겨저서', 0.8588971420873419), ([[531, 257], [635, 257], [635, 305], [531, 305]], '언제든', 0.9900279504015027), ([[1598, 260], [1798, 260], [1798, 310], [1598, 310]], '점점 커지네0', 0.6916688760433146), ([[490, 307], [676, 307], [676, 357], [490, 357]], '싸고 싶올 때', 0.8638073230729405), ([[536, 360], [630, 360], [630, 408], [536, 408]], '싸람?', 0.776293063079398)]
[([[541, 215], [611, 215], [611, 259], [541, 259]], '후후', 0.9990667434944733), ([[540, 264], [642, 264], [642, 312], [540, 312]], '꼬추가', 0.8006349958621295), ([[1656, 244], [1878, 244], [1878, 294], [1656, 294]], '아양 모유가: `', 0.3658393071486866), ([[238, 290], [354, 290], [354, 344], [238, 344]], '모유가', 0.9982952491346185), ([[494, 314], [684, 314], [684, 364], [494, 364]], '움질거리네0', 0.6909074256911301), ([[1640, 298], [1858, 298], [1858, 350], [1640, 350]], '계속 새어나와:', 0.8421449137000635), ([[192, 346], [396, 346], [396, 400], [192, 400]], '새는 걸 보고', 0.582598726603724), ([[506, 364], [674, 364], [674, 414], [506, 414]], '갈 것 같아?', 0.7925838073955928), ([[1650, 348], [1836, 348], [1836, 400], [1650, 400]], '부끄러워라 .', 0.7331976739619591), ([[210, 402], [382, 402], [382, 456], [210, 456]], '흥분햇니?', 0.8980937554441036)]
[([[1528, 94], [1606, 94], [1606, 148], [1528, 148]], '실은', 0.9989217167921713), ([[1506, 150], [1658, 150], [1658, 202], [1506, 202]], '히로 장이', 0.8014000106541199), ([[540, 202], [654, 202], [654, 256], [540, 256]], '가슴이', 0.9995552627711335), ([[1476, 204], [1688, 204], [1688, 260], [1476, 260]], '돌아오기만을', 0.5816914265032476), ([[508, 258], [688, 258], [688, 314], [508, 314]], '빵빵해저서', 0.9945585582959927), ([[1476, 260], [1682, 260], [1682, 314], [1476, 314]], '기다렇어0 0', 0.47831929714673677), ([[509, 313], [685, 313], [685, 367], [509, 367]], '말이야0 0', 0.8420215059457645)]
[([[1909, 259], [2187, 259], [2187, 322], [1909, 322]], '걱렬하게 해줄게0', 0.34206736160934914), ([[1968, 316], [2122, 316], [2122, 370], [1968, 370]], '가슴 안에', 0.9928450055625437), ([[1964, 368], [2114, 368], [2114, 422], [1964, 422]], '잔뜩 싸람_', 0.6299225032740157)]
[([[1638, 164], [1740, 164], [1740, 236], [1638, 236]], '양0', 0.9259855403122105), ([[1478, 282], [1578, 282], [1578, 330], [1478, 330]], '엄마도', 0.9987955818723584), ([[1438, 332], [1616, 332], [1616, 382], [1438, 382]], '갈 거 같애0', 0.6898336385748786)]
[([[524, 218], [628, 218], [628, 270], [524, 270]], '좋아0', 0.5686064015920852), ([[488, 269], [666, 269], [666, 324], [488, 324]], '엄마랑 같이', 0.8481464782385691), ([[490, 324], [660, 324], [660, 374], [490, 374]], '가자꾸나이', 0.6410283172933763), ([[1902, 400], [2068, 400], [2068, 450], [1902, 450]], '엄마맛 !!', 0.49702823962235465), ([[1888, 450], [2080, 450], [2080, 502], [1888, 502]], '싸 싸옷: !!', 0.43420641964752554)]
[]
[]
[]
[([[1876, 148], [1986, 148], [1986, 202], [1876, 202]], '후춧어', 0.2176494228767263), ([[1608, 270], [1858, 270], [1858, 322], [1608, 322]], '모유 범버인 채로', 0.48411388800450195), ([[1674, 322], [1790, 322], [1790, 374], [1674, 374]], '가능 거', 0.7819570614763206), ([[1644, 376], [1822, 376], [1822, 428], [1644, 428]], '기분 종지 0', 0.2854939302513617), ([[861.4126039873481, 680.015694563409], [944.8629849771314, 722.4848256128372], [858.5873960126519, 888.984305436591], [776.1370150228686, 846.5151743871628]], '~', 0.08647878066371106)]
[([[1708, 226], [1822, 226], [1822, 278], [1708, 278]], '아직 더', 0.9987124169582534), ([[1662, 278], [1870, 278], [1870, 332], [1662, 332]], '쌀 수 있지? 0', 0.518716353761297)]
[([[1788, 292], [1884, 292], [1884, 342], [1788, 342]], '엄마의', 0.9921397347322026), ([[1752, 342], [1920, 342], [1920, 390], [1752, 390]], '고추 놀이는', 0.7337617516037068), ([[1738, 388], [1934, 388], [1934, 441], [1738, 441]], '한번 시작하면', 0.6420132734616658), ([[1787, 441], [1883, 441], [1883, 485], [1787, 485]], '좀처럼', 0.9918773787370669), ([[1734, 488], [1936, 488], [1936, 536], [1734, 536]], '끝나질 않분다.', 0.40580031136747424)]
[([[394, 704], [534, 704], [534, 756], [394, 756]], '히로 장의', 0.7128987845482834), ([[429, 757], [499, 757], [499, 801], [429, 801]], '고추', 0.9352635245528859), ([[380, 806], [548, 806], [548, 856], [380, 856]], '너무 좋아0', 0.7530320115368287)]
