2335113
14
[([[100, 86], [458, 86], [458, 164], [100, 164]], '언네빵 나용어!', 0.06587595667914224)]
[([[53, 94], [230, 94], [230, 181], [53, 181]], '간다]!', 0.6784681677818298), ([[1144, 620], [1174, 620], [1174, 644], [1144, 644]], '0', 0.344230414643917), ([[487.28664214679327, 287.0181860771476], [592.5457363360033, 269.45644973297084], [629.7133578532067, 510.9818139228524], [524.4542636639967, 529.5435502670291]], '*', 0.6100507823735057), ([[291.272393124891, 375.089572499564], [313.1396857134557, 386.8972054195349], [272.727606875109, 460.910427500436], [250.86031428654428, 448.1027945804651]], '틀', 0.6799526451332305), ([[61.59120522592515, 634.3283388133306], [167.17065817257168, 611.448437001961], [179.40879477407486, 687.6716611866694], [73.82934182742834, 710.551562998039]], "{음'", 0.025538615840879512), ([[1021.9154152542457, 639.2447440678317], [1157.3491974845556, 622.804877640228], [1162.0845847457545, 698.7552559321683], [1026.6508025154444, 715.195122359772]], "338'", 0.7584052681922913), ([[504.1539501058485, 684.4618503175453], [679.6235750505733, 655.2165803604246], [686.8460498941515, 731.5381496824547], [511.3764249494267, 760.7834196395754]], '센매~', 0.0780053800763688)]
[([[455, 15], [813, 15], [813, 77], [455, 77]], '와_ 쉬벌 실화나?', 0.9878485106606589), ([[449, 79], [963, 79], [963, 141], [449, 141]], '나번쩐데 아직도 빠빨하네', 0.31035266191343247), ([[981, 85], [1173, 85], [1173, 127], [981, 127]], '크 구크 크', 0.13610987641202163)]
[([[8, 13], [597, 13], [597, 78], [8, 78]], '야야]야! 잠깐: 안얹! 약]', 0.08728821359236412), ([[850, 32], [1184, 32], [1184, 84], [850, 84]], '제가 닦아드럽게영', 0.6630687420522896), ([[467, 991], [765, 991], [765, 1053], [467, 1053]], '아 미친 터질꺼', 0.9266060425022885), ([[782, 996], [902, 996], [902, 1050], [782, 1050]], '같아]', 0.810112490044485), ([[249.1783367600845, 228.4063449842873], [383.90317861288906, 193.76493779995283], [400.8216632399155, 281.5936550157127], [266.09682138711094, 317.2350622000472]], "깥름'", 0.08306735563181095), ([[952.7006641960766, 285.9713948117607], [1094.9093208084657, 241.77080322817935], [1116.2993358039234, 325.0286051882393], [973.0906791915343, 369.2291967718206]], ';-름', 0.11481342388496557)]
[([[52, 45], [325, 45], [325, 125], [52, 125]], "혜혜~청소끝'", 0.664059084870413), ([[802, 114], [1134, 114], [1134, 186], [802, 186]], "잘 먹어습니당'", 0.6583045292733856), ([[1044, 240], [1128, 240], [1128, 320], [1044, 320]], '햇째', 0.39665580365071373), ([[26, 832], [462, 832], [462, 880], [26, 880]], '아 안되껏다]! 다시 끌려로어]', 0.32208756543819456), ([[26, 874], [620, 874], [620, 924], [26, 924]], '이 쌍논이 오늘따라 여우짓올 많이하네????', 0.6887533938069199), ([[24, 918], [757, 918], [757, 966], [24, 966]], '기강 좀 잡아야켓어_저기가서 들이나 더 갖고와라', 0.5510204215274784)]
[([[742, 32], [849, 32], [849, 86], [742, 86]], '(하양~', 0.31796202063560486), ([[893, 31], [1227, 31], [1227, 91], [893, 91]], '선배 너무 거듭여영', 0.09922031191179492), ([[762, 110], [1024, 110], [1024, 158], [762, 158]], '인과응보 쌍년아]', 0.504717606438235), ([[762, 152], [1268, 152], [1268, 208], [762, 208]], '보지틀 너덜너덜하게 만들어중되다', 0.10996025010856098), ([[867, 259], [1047, 259], [1047, 417], [867, 417]], '꽉!', 0.06878130511090236), ([[1057, 397], [1119, 397], [1119, 475], [1057, 475]], '양', 0.9935350342502716), ([[828, 584], [958, 584], [958, 682], [828, 682]], '하응', 0.6729989687514327), ([[981, 787], [1091, 787], [1091, 877], [981, 877]], '파', 0.72352523431897), ([[34, 979], [581, 979], [581, 1043], [34, 1043]], '언니익 제련 모습 너무 낯설어_', 0.13608228818174467)]
[([[609, 59], [785, 59], [785, 125], [609, 125]], '어? 불이', 0.8978554314867297), ([[800, 64], [932, 64], [932, 120], [800, 120]], '하나도', 0.9999659314476219), ([[949, 65], [1187, 65], [1187, 127], [949, 127]], '안켜저%네', 0.324341635238275)]
[([[28, 858], [236, 858], [236, 910], [28, 910]], '외출 나가나?', 0.8316299257315422), ([[28, 906], [776, 906], [776, 960], [28, 960]], '첫! 오랜만에 일찍들어와서 놀래켜출려과 햇문데_', 0.3055853694216311)]
[([[652, 64], [986, 64], [986, 120], [652, 120]], '업라? 집에 있없니', 0.06391613312687325), ([[644, 130], [1174, 130], [1174, 182], [644, 182]], '뛰야?} 바닥이 왜 이렇게 너저분해]', 0.35681430123457386), ([[160, 120], [296, 120], [296, 240], [160, 240]], '비목', 0.07072034435542286), ([[644, 200], [1260, 200], [1260, 250], [644, 250]], '엔네도 참 왜 갑자기 안하던짓올 하느거야', 0.37973374255804593), ([[344, 235], [458, 235], [458, 314], [344, 314]], "화음'", 0.24388988947286966), ([[642, 244], [1194, 244], [1194, 296], [642, 296]], '한마디 해쥐아페어 밖에 불도 안키고_', 0.36740636592099946), ([[573, 385], [597, 385], [597, 405], [573, 405]], '6', 0.11083021984683228), ([[517, 385], [579, 385], [579, 451], [517, 451]], '8', 0.2178134683819657), ([[435.4071545639656, 599.0979519681214], [595.0647172913671, 587.7719099515831], [596.5928454360344, 705.9020480318786], [437.93528270863294, 716.2280900484169]], '비적', 0.15187029446637712)]
[([[390, 28], [1010, 28], [1010, 106], [390, 106]], '언역빵 왜 옷올 바닥에다 _', 0.21390101723558266), ([[544, 316], [572, 316], [572, 342], [544, 342]], '0', 0.6816082879229113), ([[193.92267866984864, 196.19792908321287], [371.9785603617518, 172.64504493876007], [379.0773213301514, 269.8020709167871], [200.02143963824818, 294.35495506123993]], '합아다', 0.11854365083456184)]
[([[28, 46], [936, 46], [936, 124], [28, 124]], '에에??.(에 언드 댁-뭐 뛰무머뭐하는__', 0.04316177321168886), ([[228, 776], [254, 776], [254, 802], [228, 802]], '0', 0.6248285984974622), ([[165, 783], [233, 783], [233, 855], [165, 855]], '4', 0.37542647129749085), ([[73.92267866984864, 448.1979290832129], [249.94706291004925, 424.60077619678594], [256.0773213301514, 521.8020709167871], [81.05293708995075, 545.399223803214]], '합안', 0.2176615061284459)]
[([[514, 32], [542, 32], [542, 58], [514, 58]], '0', 0.9757821690765276), ([[615, 33], [713, 33], [713, 73], [615, 73]], '하아~', 0.9985323026126492), ([[742, 30], [1260, 30], [1260, 80], [742, 80]], '선배 오늘 테탕데이  좋아지 석네여', 0.2878344979073101), ([[374, 28], [522, 28], [522, 130], [374, 130]], '찌3', 0.07293341039588284), ([[24, 186], [398, 186], [398, 306], [24, 306]], '찌부 <', 0.11785151373623091), ([[996, 293], [1122, 293], [1122, 360], [996, 360]], '#', 0.018877654763414853), ([[231.10263340389898, 399.3079002116969], [295.8601235989855, 338.2956209631111], [326.89736659610105, 380.6920997883031], [262.1398764010145, 441.7043790368889]], '8', 0.1538520444134841)]
[([[16, 22], [864, 22], [864, 70], [16, 70]], '그러나? 크 크  저번에 여친이량 하면서 이것저것 연구해빛논데', 0.3380787468027916), ([[16, 66], [782, 66], [782, 114], [16, 114]], '확실히  효과가 있구만! 자-이번엔 다른 자세로간다 옷차!', 0.26186308878978015)]
[([[24, 40], [342, 40], [342, 90], [24, 90]], '이건 어떤거 같나?', 0.8806608564510208), ([[764, 24], [1080, 24], [1080, 78], [764, 78]], '좁아여 선배 하아~', 0.6601717427300052), ([[765, 71], [1205, 71], [1205, 131], [765, 131]], '예무 흥분되서 -몸이 뜻기위_', 0.12276616303629317), ([[1083, 437], [1183, 437], [1183, 503], [1083, 503]], '화@', 0.05039196902561178), ([[264, 940], [290, 940], [290, 972], [264, 972]], '0', 0.8949609586964336), ([[168, 936], [274, 936], [274, 1014], [168, 1014]], "-}'", 0.04326245571465627), ([[84.08813320102061, 270.2054127246948], [209.93019404815007, 252.2578392172471], [215.9118667989794, 333.7945872753052], [91.06980595184994, 350.74216078275293]], '하다', 0.9922313415340176), ([[908.2349547837564, 991.1747739187817], [1044.4884526490405, 980.007698233973], [1046.7650452162436, 1058.8252260812183], [909.5115473509594, 1069.9923017660271]], '피3', 0.7565110784488631)]
