2337395
54
[([[134, 38], [180, 38], [180, 68], [134, 68]], '카라', 0.3490068981988177), ([[135, 77], [409, 77], [409, 117], [135, 117]], '선생님; 말할 게 하나 있다', 0.6040508661396045), ([[495, 161], [663, 161], [663, 197], [495, 197]], '말할 거? 원데?', 0.5718306993520557), ([[134, 238], [180, 238], [180, 268], [134, 268]], '카련', 0.11650692252605646), ([[135, 273], [293, 273], [293, 313], [135, 313]], '이 임신있다', 0.7051785317378275), ([[525, 363], [655, 363], [655, 401], [525, 401]], '뭐? 정말? !', 0.5278209620591789), ([[134, 436], [180, 436], [180, 466], [134, 466]], '카라', 0.191767321314562), ([[138, 476], [174, 476], [174, 508], [138, 508]], '응,', 0.3145830639208393), ([[171, 475], [409, 475], [409, 513], [171, 513]], '방금 진료름 받고윗다', 0.3940435669681921), ([[567, 555], [667, 555], [667, 593], [567, 593]], '중앞어! !', 0.4614110840254095), ([[495, 622], [667, 622], [667, 658], [495, 658]], '아싸아아아아! !', 0.7349801326208047), ([[134, 662], [178, 662], [178, 692], [134, 692]], '카련', 0.1554888624612146), ([[453, 779], [665, 779], [665, 819], [453, 819]], '무슨일 있어; 카린?', 0.441968120196721), ([[134, 828], [180, 828], [180, 858], [134, 858]], '카라', 0.2947251593930713), ([[137, 867], [349, 867], [349, 903], [137, 903]], '말할 게 하나 더 있다', 0.9564653793107669), ([[367, 949], [675, 949], [675, 985], [367, 985]], '우 우리 아기에 관한 얘기야?', 0.9708319543455838)]
[]
[]
[]
[([[596.951362344004, 2469.0789914704264], [637.5452136710504, 2438.0212650105555], [716.048637655996, 2548.9210085295736], [674.4547863289496, 2579.9787349894445]], '(', 0.00683655930800442)]
[([[609.7021449856152, 2482.1213684237605], [650.6064073145538, 2451.02631588263], [716.2978550143848, 2548.8786315762395], [675.3935926854462, 2579.97368411737]], '쇼', 0.038043398495276826)]
[([[678, 1861], [764, 1861], [764, 1941], [678, 1941]], '~', 0.8516206828610393), ([[1561, 2205], [1694, 2205], [1694, 2389], [1561, 2389]], '=', 0.1622435614383102), ([[609.7253751787239, 2481.117025965109], [651.6170575060797, 2452.027250181299], [714.2746248212761, 2548.882974034891], [673.3829424939203, 2578.972749818701]], '4', 0.03105098328455491)]
[([[608.945256169098, 2482.093434546949], [648.5153300529181, 2452.02217138615], [716.054743830902, 2549.906565453051], [676.4846699470819, 2579.97782861385]], '쇼', 0.055441256396395966)]
[([[678, 1863], [764, 1863], [764, 1941], [678, 1941]], '~', 0.8206937982296871), ([[1561, 2205], [1700, 2205], [1700, 2391], [1561, 2391]], '=', 0.10828875293058449), ([[610.7021449856152, 2483.1213684237605], [653.6064073145538, 2452.02631588263], [717.2978550143848, 2549.8786315762395], [674.3935926854462, 2580.97368411737]], '쇼', 0.0258652651161706)]
[([[688, 852], [754, 852], [754, 1073], [688, 1073]], '?', 0.3026589638162456), ([[317, 1653], [704, 1653], [704, 1741], [317, 1741]], '흐으으으유', 0.1455282325193371), ([[313, 1738], [1189, 1738], [1189, 1835], [313, 1835]], '아기블이 가만히 빗지름않이', 0.21784343679579932)]
[([[1399, 301], [1483, 301], [1483, 369], [1399, 369]], '세', 0.7620252909858358), ([[694, 841], [754, 841], [754, 1058], [694, 1058]], '"', 0.7841042575912525), ([[313, 1652], [856, 1652], [856, 1749], [313, 1749]], '아아아아아아약.@@', 0.05135672391491323)]
[([[132, 44], [176, 44], [176, 72], [132, 72]], '카라', 0.2249376789863285), ([[139, 81], [227, 81], [227, 117], [139, 117]], "아기 들'", 0.7648122622234055), ([[409, 155], [649, 155], [649, 195], [409, 195]], '아기들? 무슨 뜻이야?', 0.6233293579656349), ([[132, 238], [176, 238], [176, 262], [132, 262]], '카라', 0.2089399584426883), ([[141, 275], [273, 275], [273, 311], [141, 311]], '직접 화보라', 0.31667763574696295), ([[134, 346], [174, 346], [174, 370], [134, 370]], '카린', 0.2034550329411168), ([[461, 933], [659, 933], [659, 971], [461, 971]], '그냥 설카 아니야?', 0.5500067869692686)]
[([[688, 854], [754, 854], [754, 1076], [688, 1076]], '?', 0.2519524519065932), ([[318, 1659], [597, 1659], [597, 1740], [318, 1740]], '후 .. 하', 0.4221309946871407), ([[319, 1739], [940, 1739], [940, 1831], [319, 1831]], '머; 머리가. 느껴지하', 0.04983952466664064)]
[([[688, 854], [754, 854], [754, 1076], [688, 1076]], '?', 0.16860232633359917), ([[314, 1653], [884, 1653], [884, 1741], [314, 1741]], '흐으으으으@으음@', 0.24010454654098295)]
[([[744, 865], [812, 865], [812, 1064], [744, 1064]], '"', 0.07768023189686701), ([[318, 1652], [645, 1652], [645, 1741], [318, 1741]], '으으으으.', 0.31870536013486955)]
[([[744, 865], [812, 865], [812, 1064], [744, 1064]], '"', 0.08418284693594646), ([[315, 1651], [1056, 1651], [1056, 1749], [315, 1749]], '흐으으움 또나오교 있어@', 0.19203366276646375), ([[314, 1741], [544, 1741], [544, 1829], [314, 1829]], '아파앗', 0.5720807734815565)]
[([[744, 865], [812, 865], [812, 1064], [744, 1064]], '"', 0.0869998146996176), ([[314, 1653], [844, 1653], [844, 1746], [314, 1746]], '히, 힘을6 쥐아해@', 0.043769966268600705), ([[321, 1741], [729, 1741], [729, 1827], [321, 1827]], '흐으으@@올', 0.42513586243587415)]
[([[796, 879], [862, 879], [862, 1076], [796, 1076]], '"', 0.8044914070096674), ([[274, 1683], [308, 1683], [308, 1709], [274, 1709]], '-', 0.5966473724082597), ([[317, 1655], [884, 1655], [884, 1741], [317, 1741]], '흐으으으으@으음', 0.18273502236182293)]
[([[796, 879], [862, 879], [862, 1076], [796, 1076]], '"', 0.8348451565743211), ([[317, 1652], [904, 1652], [904, 1741], [317, 1741]], '흐으으6 흐우우우6', 0.047696408695437675), ([[319, 1741], [616, 1741], [616, 1829], [319, 1829]], '더, 데눈', 0.27157734218785556)]
[([[796, 879], [862, 879], [862, 1076], [796, 1076]], '"', 0.8476724908127018), ([[319, 1653], [812, 1653], [812, 1744], [319, 1744]], '으으월 나; 나외', 0.21738655188347142), ([[313, 1738], [1180, 1738], [1180, 1835], [313, 1835]], '아기가 느껴제! 나오고 있어@', 0.13046925786536975)]
[([[844, 891], [912, 891], [912, 1089], [844, 1089]], '"', 0.3412139720160532), ([[314, 1653], [817, 1653], [817, 1744], [314, 1744]], '두; 두명 남있다6', 0.153848802642001), ([[314, 1739], [904, 1739], [904, 1831], [314, 1831]], '햇(훈@ 햇햇후', 0.047614501455451784)]
[([[844, 889], [912, 889], [912, 1090], [844, 1090]], '"', 0.7571518421771231), ([[323, 1655], [580, 1655], [580, 1734], [323, 1734]], '으으으으_', 0.8954447379541179), ([[317, 1736], [756, 1736], [756, 1827], [317, 1827]], '조, 조금만 더어', 0.11682286174527548)]
[([[423, 61], [657, 61], [657, 99], [423, 99]], '아무것도 모르켓는데', 0.4813842693262651), ([[565, 187], [649, 187], [649, 227], [565, 227]], '잠깐만.', 0.9967145323753357), ([[549, 257], [647, 257], [647, 295], [549, 295]], '서; 설마.', 0.7297420216851777), ([[363, 321], [669, 321], [669, 361], [363, 361]], '다섯 쌍둥이름 임신한 거야?', 0.8764821873667107), ([[134, 398], [180, 398], [180, 428], [134, 428]], '카련', 0.13028360438170805), ([[137, 435], [215, 435], [215, 471], [137, 471]], '그렇다', 0.9996872634103796), ([[137, 499], [393, 499], [393, 535], [137, 535]], '너무 많이 해버린 것 같다', 0.9328234549164143), ([[401, 581], [669, 581], [669, 619], [401, 619]], '아냐! 내가 바라면 거야!', 0.6540816915354), ([[447, 649], [669, 649], [669, 685], [447, 685]], '나 지금 너무 행복해!', 0.7362515325694715), ([[134, 726], [180, 726], [180, 756], [134, 756]], '카련', 0.13406099709257135), ([[137, 763], [283, 763], [283, 799], [137, 799]], '저; 정말인가?', 0.6388533922331457), ([[586, 846], [668, 846], [668, 878], [586, 878]], '그래! ! !', 0.7857287534984302), ([[291, 909], [671, 909], [671, 945], [291, 945]], '네 커진 배름 볼 수 있다니 기대되네!', 0.686235710311403)]
[([[841, 888], [913, 888], [913, 1091], [841, 1091]], '"', 0.38183917304559145), ([[317, 1653], [821, 1653], [821, 1744], [317, 1744]], '흐으으으으으웃@', 0.104420502043726)]
[([[918, 957], [998, 957], [998, 1124], [918, 1124]], '%', 0.15067206497428742), ([[314, 1655], [817, 1655], [817, 1741], [314, 1741]], '아; 아파 아파.', 0.1714944122618459), ([[319, 1739], [940, 1739], [940, 1831], [319, 1831]], '머; 머리가@ 하얘지하.', 0.03822745534647755)]
[([[918, 957], [998, 957], [998, 1124], [918, 1124]], '%', 0.08972227336005645), ([[311, 1650], [793, 1650], [793, 1751], [311, 1751]], '까아아아아약@ @!', 0.05326539598334362), ([[311, 1738], [1081, 1738], [1081, 1835], [311, 1835]], '꽤; 겪다 @: 아기가 려다!', 0.015473203009703404)]
[([[918, 957], [996, 957], [996, 1124], [918, 1124]], '*', 0.07387587801762052), ([[314, 1651], [902, 1651], [902, 1744], [314, 1744]], '히 힘을 쥐아해엎(@', 0.015315577102987652), ([[313, 1738], [856, 1738], [856, 1835], [313, 1835]], '아아아아아아악@@@', 0.0957651004442248)]
[([[314, 1651], [904, 1651], [904, 1744], [314, 1744]], '햇(후 햇햇후 ', 0.06998854083953741), ([[314, 1739], [583, 1739], [583, 1829], [314, 1829]], '해낫다 ', 0.1365111768245697)]
[([[295, 1684], [827, 1684], [827, 1781], [295, 1781]], '해내어 선생님', 0.17182168699401335), ([[295, 1771], [908, 1771], [908, 1868], [295, 1868]], '우리 아기블음 낭앉다', 0.12436021332994669)]
[([[688, 852], [754, 852], [754, 1073], [688, 1073]], '?', 0.41489407811708645)]
[([[1399, 301], [1485, 301], [1485, 367], [1399, 367]], '씨', 0.11333078384766182), ([[694, 843], [754, 843], [754, 1058], [694, 1058]], '"', 0.784093385008422)]
[([[688, 854], [754, 854], [754, 1073], [688, 1073]], '?', 0.18316270176427807)]
[([[688, 854], [754, 854], [754, 1076], [688, 1076]], '?', 0.2969141913067439)]
[([[134, 36], [214, 36], [214, 68], [134, 68]], '리두7', 0.00032206764534094354), ([[138, 82], [266, 82], [266, 114], [138, 114]], '꽂어음-리', 0.0007807608692955412), ([[376, 160], [646, 160], [646, 198], [376, 198]], "'", 0.6037353141196355), ([[132, 232], [214, 232], [214, 264], [132, 264]], '트리끈활', 0.00024955556727945805), ([[138, 277], [346, 277], [346, 310], [138, 310]], "구'이모;다3나905)", 3.471053201604436e-06), ([[358, 278], [416, 278], [416, 310], [358, 310]], "'", 0.5768610242840033), ([[133, 339], [217, 339], [217, 375], [133, 375]], '플끈활', 0.0008021585665420684), ([[345, 948], [684, 948], [684, 1052], [345, 1052]], '몇 개월후', 0.789879774323054)]
[([[744, 865], [812, 865], [812, 1064], [744, 1064]], '"', 0.09103062031741516)]
[([[744, 865], [810, 865], [810, 1067], [744, 1067]], '"', 0.280715448518297)]
[([[744, 868], [812, 868], [812, 1064], [744, 1064]], '"', 0.16182016119081766)]
[([[796, 879], [862, 879], [862, 1078], [796, 1078]], '"', 0.827804356407146)]
[([[796, 879], [862, 879], [862, 1076], [796, 1076]], '"', 0.8317095373442953)]
[([[796, 879], [862, 879], [862, 1076], [796, 1076]], '"', 0.888238155334875)]
[([[841, 888], [913, 888], [913, 1091], [841, 1091]], '"', 0.3834485637598881)]
[([[841, 888], [913, 888], [913, 1091], [841, 1091]], '"', 0.40879562844828854)]
[([[841, 888], [913, 888], [913, 1091], [841, 1091]], '"', 0.3024848021985669)]
[([[918, 957], [998, 957], [998, 1124], [918, 1124]], '*', 0.06639414384686493)]
[([[134, 42], [182, 42], [182, 72], [134, 72]], '카라', 0.20882393203400865), ([[139, 81], [255, 81], [255, 117], [139, 117]], '서; 선생님.', 0.7970377230620336), ([[465, 161], [669, 161], [669, 197], [465, 197]], '무슨 일이야; 카린?', 0.5248397784985254), ([[138, 238], [184, 238], [184, 268], [138, 268]], '카라', 0.3573421411779836), ([[137, 277], [367, 277], [367, 313], [137, 313]], '어; 어떻게 해야하지?', 0.7657884489316282), ([[134, 346], [176, 346], [176, 372], [134, 372]], '카린', 0.2510202532159651), ([[132, 874], [178, 874], [178, 904], [132, 904]], '카린', 0.12452503577813073), ([[137, 911], [221, 911], [221, 947], [137, 947]], '우유가.', 0.9807950854301453), ([[233, 909], [389, 909], [389, 949], [233, 949]], '멈추지 안듣다', 0.24683525956501604), ([[136, 975], [515, 975], [515, 1015], [136, 1015]], '아기들도 오늘따라 엄청 활동적이다', 0.8849438859102992)]
[([[918, 957], [998, 957], [998, 1124], [918, 1124]], '*', 0.10734228481305141)]
[([[918, 957], [998, 957], [998, 1124], [918, 1124]], '*', 0.10969602849442683)]
[]
[]
[([[1399, 301], [1481, 301], [1481, 367], [1399, 367]], '씨', 0.19776053095155532), ([[694, 843], [754, 843], [754, 1055], [694, 1055]], '"', 0.9694507902060288)]
[([[475, 29], [657, 29], [657, 69], [475, 69]], '좋은 거 아니야?', 0.5152306710327105), ([[299, 92], [663, 92], [663, 131], [299, 131]], '우리 아기들이 건강하다는 거잖아', 0.5883030683389951), ([[283, 159], [661, 159], [661, 197], [283, 197]], '네 몸도 아기틀 위해 준비하고 있고', 0.4510659972654625), ([[549, 225], [637, 225], [637, 263], [549, 263]], '아젠장_', 0.40642011165618896), ([[267, 293], [663, 293], [663, 331], [267, 331]], '배량 가슴이 얼마나 커적는지 보니까', 0.24281985260866842), ([[369, 353], [661, 353], [661, 393], [369, 393]], '더 이상 참기가 힘들어적어', 0.5813480316258719), ([[132, 436], [176, 436], [176, 464], [132, 464]], '카라', 0.17683064489621944), ([[501, 551], [659, 551], [659, 591], [501, 591]], '무슨일 있어?', 0.8589446072702314), ([[132, 628], [178, 628], [178, 658], [132, 658]], '카라', 0.244905974607), ([[137, 667], [309, 667], [309, 705], [137, 705]], '오 온것 같다 .', 0.9857925588954901), ([[491, 748], [658, 748], [658, 787], [491, 787]], '오다니? 뭐가?', 0.7921547132328496), ([[132, 822], [178, 822], [178, 852], [132, 852]], '카라', 0.205723778492), ([[137, 861], [345, 861], [345, 901], [137, 901]], '야 양수가 터욱다 .', 0.673473580398026), ([[137, 927], [367, 927], [367, 965], [137, 965]], '지 진통이 시작맺다.', 0.5018511379657221), ([[545, 1009], [657, 1009], [657, 1045], [545, 1045]], '이런 미친', 0.6928952010258241), ([[164, 1078], [328, 1078], [328, 1126], [164, 1126]], '출산 이번트', 0.6161467376796568), ([[302, 1146], [512, 1146], [512, 1194], [302, 1194]], '카린의 출산으로', 0.4057806929335768), ([[515, 1231], [689, 1231], [689, 1295], [515, 1295]], '그)<', 0.7285454211695187), ([[205, 1300], [692, 1300], [692, 1363], [205, 1363]], '70 만. 예어`7-신:)', 0.0002943084585142728)]
[([[1097, 2314], [1144, 2314], [1144, 2329], [1097, 2329]], "'7:{54", 0.032878020557794846)]
[]
[]
