2339335
23
[([[1105, 1657], [1145, 1657], [1145, 1737], [1105, 1737]], '로', 0.0455138726547375)]
[([[627, 0], [940, 0], [940, 251], [627, 251]], '(시)', 0.27690921842748195), ([[1144, 50], [1382, 50], [1382, 152], [1144, 152]], '퍽 .. .!', 0.13757388965355163), ([[1264, 866], [1412, 866], [1412, 1030], [1264, 1030]], '0', 0.8664244080166306), ([[1464, 1174], [1703, 1174], [1703, 1282], [1464, 1282]], '흐으음', 0.9585560626377717)]
[([[645, 5], [895, 5], [895, 215], [645, 215]], '예', 0.002771044744247997), ([[1097, 71], [1233, 71], [1233, 135], [1097, 135]], '이전', 0.687369356131326), ([[1063, 147], [1264, 147], [1264, 199], [1063, 199]], '아니네', 0.9990494425298972), ([[1264, 866], [1410, 866], [1410, 1030], [1264, 1030]], '0', 0.9081590311162167), ([[1989, 1173], [2027, 1173], [2027, 1211], [1989, 1211]], '기', 0.4091929021063869), ([[1906.0194193243092, 1134.0970966215455], [2000.8320268259824, 1150.7148864824514], [1991.9805806756908, 1193.9029033784545], [1897.1679731740176, 1178.2851135175486]], "시:]'", 0.017331717535853386)]
[([[748, 38], [1138, 38], [1138, 136], [748, 136]], '라고 말하는', 0.7880113306533495), ([[794, 128], [1098, 128], [1098, 226], [794, 226]], '제이몹씨', 0.14474473893642426), ([[1571, 149], [1807, 149], [1807, 239], [1571, 239]], '들어보!', 0.8934476375579834), ([[1362, 231], [2007, 231], [2007, 315], [1362, 315]], '그델 잠깐의 실수 엿어', 0.48295671042780075), ([[1413, 313], [1959, 313], [1959, 397], [1413, 397]], '다신 그런일 없어 !', 0.9169639250839795), ([[745, 559], [882, 559], [882, 623], [745, 623]], '정말이', 0.7662039423684507), ([[870, 588], [898, 588], [898, 620], [870, 620]], '2', 0.9992055087426621), ([[895, 560], [982, 560], [982, 611], [895, 611]], '까?', 0.9880813830014626)]
[([[1376, 40], [1515, 40], [1515, 80], [1376, 80]], '아예서', 0.6105899696429271), ([[161, 49], [442, 49], [442, 136], [161, 136]], '그래서?', 0.9998756647109985), ([[1304, 90], [1601, 90], [1601, 156], [1304, 156]], '팔딱팔딱뛰네', 0.21594891419444237), ([[163, 155], [244, 155], [244, 216], [163, 216]], '니', 0.5755491063749538), ([[256, 143], [425, 143], [425, 234], [256, 234]], '여친', 0.9789497486188063), ([[103, 240], [513, 240], [513, 337], [103, 337]], '엉덩이보다', 0.9944466902353233), ([[1683, 325], [1839, 325], [1839, 389], [1683, 389]], '닥* !', 0.04532991722226143), ([[151, 341], [443, 341], [443, 437], [151, 437]], '괜찮야?', 0.8406115174293518), ([[1550, 396], [1970, 396], [1970, 470], [1550, 470]], '대답 안말꺼다!', 0.31811793711727837), ([[155, 601], [320, 601], [320, 694], [155, 694]], '그럼', 0.9957633348193282), ([[24, 696], [449, 696], [449, 811], [24, 811]], '좋다는 결로', 0.8475365797545878), ([[106, 801], [362, 801], [362, 870], [106, 870]], '아게어', 0.954126321096863), ([[147, 851], [191, 851], [191, 895], [147, 895]], '2', 0.9998352595472539), ([[221, 851], [279, 851], [279, 895], [221, 895]], '낯', 0.050413378068015824), ([[1751, 1135], [2041, 1135], [2041, 1203], [1751, 1203]], '닥치라고 !', 0.9357290190606411)]
[([[175, 51], [438, 51], [438, 142], [175, 142]], '입으로는', 0.8954302668571472), ([[143, 138], [470, 138], [470, 210], [143, 210]], '닥치 라면서', 0.9753167914685003), ([[205, 215], [405, 215], [405, 299], [205, 299]], '이쪽은', 0.9986623583769575), ([[1589, 225], [1844, 225], [1844, 339], [1589, 339]], '그럼 ,', 0.8392249941825867), ([[161, 295], [463, 295], [463, 381], [161, 381]], '솔직한결?', 0.7681360233855212), ([[1485, 347], [1905, 347], [1905, 485], [1485, 485]], '오늘부터', 0.9999056458473206), ([[141, 507], [277, 507], [277, 575], [141, 575]], '아직', 0.9979363558704468), ([[1528, 480], [1898, 480], [1898, 604], [1528, 604]], '[일이다', 0.45364446089620597), ([[75, 583], [349, 583], [349, 669], [75, 669]], '부족한거', 0.9915144443511963), ([[107, 667], [317, 667], [317, 751], [107, 751]], '같은데', 0.912071103814092), ([[103, 749], [313, 749], [313, 835], [103, 835]], '시간은', 0.9986417832663154), ([[39, 827], [375, 827], [375, 915], [39, 915]], '충분하다고', 0.9957392972868685), ([[112, 918], [262, 918], [262, 968], [112, 968]], '자기 (', 0.9962178935734671), ([[1710, 1112], [2019, 1112], [2019, 1175], [1710, 1175]], '엿이나 먹어', 0.9888280875786717), ([[1996, 1848], [2048, 1848], [2048, 1906], [1996, 1906]], '~', 0.015606939426664967), ([[1982.4816112402052, 1889.0168130991615], [2047.1467436139183, 1908.8753750994374], [2000.5183887597948, 2058.9831869008385], [1936.8532563860817, 2040.1246249005626]], '출', 0.2978614982737362)]
[([[1714, 44], [1968, 44], [1968, 100], [1714, 100]], '지난번에도', 0.9930951404897448), ([[620, 80], [936, 80], [936, 154], [620, 154]], '아직 배율이', 0.6161730950155601), ([[1760, 104], [1936, 104], [1936, 160], [1760, 160]], '그렇고 ,', 0.9564554348664402), ([[651, 145], [908, 145], [908, 225], [651, 225]], '부족한 것', 0.9652335313311525), ([[1708, 159], [1980, 159], [1980, 213], [1708, 213]], '대체 나한터', 0.825165343216385), ([[706, 218], [860, 218], [860, 294], [706, 294]], '같군 !', 0.9231716602984731), ([[1056, 200], [1290, 200], [1290, 256], [1056, 256]], '또 , 너나?', 0.8876211143711162), ([[1671, 216], [2019, 216], [2019, 283], [1671, 283]], '원하는 게 뭐야?', 0.2521589108725858)]
[([[1262, 26], [1310, 26], [1310, 74], [1262, 74]], '고', 0.9999997615814351), ([[586, 32], [924, 32], [924, 128], [586, 128]], '괜찮 깔?', 0.21204569740248286), ([[1051, 7], [1276, 7], [1276, 148], [1051, 148]], '손만 호들-', 0.30556379157366304), ([[1112, 136], [1258, 136], [1258, 186], [1112, 186]], '아무도', 0.9998267292976379), ([[128, 173], [230, 173], [230, 210], [128, 210]], '여기', 0.9891398338311911), ([[1082, 190], [1296, 190], [1296, 246], [1082, 246]], '의심안해!', 0.7236992622067475), ([[124, 221], [437, 221], [437, 281], [124, 281]], '괜찮은 거 맞아?', 0.18283150993142128), ([[1983, 1551], [2019, 1551], [2019, 1587], [1983, 1587]], '2', 0.16973427591517876), ([[1883.2055214030042, 1537.690490665708], [2005.0579980304778, 1515.7725155424569], [2011.7944785969958, 1567.309509334292], [1889.9420019695222, 1589.2274844575431]], '시운:`]', 0.00022771641504463512)]
[([[734, 37], [973, 37], [973, 130], [734, 130]], '덩치가', 0.7340809564463338), ([[671, 133], [977, 133], [977, 213], [671, 213]], '상당한데', 0.744400680065155), ([[762, 224], [958, 224], [958, 304], [762, 304]], '맞아?', 0.8758211277058172), ([[968, 435], [1133, 435], [1133, 555], [968, 555]], '명!', 0.9854090323265988), ([[1203, 563], [1481, 563], [1481, 627], [1203, 627]], '뭐! 맞다면', 0.9813992638816174), ([[1180, 630], [1508, 630], [1508, 702], [1180, 702]], '상관없지만!', 0.971223228260609), ([[1145, 1325], [1538, 1325], [1538, 1417], [1145, 1417]], '나들은 뭐나?', 0.31382803086586003)]
[([[341, 64], [541, 64], [541, 124], [341, 124]], '너 진짜', 0.9057498178845677), ([[969, 74], [1431, 74], [1431, 139], [969, 139]], '왜 그러니 명덩야?', 0.44686441331189036), ([[1757, 75], [1883, 75], [1883, 161], [1757, 161]], '빵!', 0.2770332181198394), ([[328, 130], [548, 130], [548, 202], [328, 202]], '괜찮나?', 0.9687550067901611), ([[1005, 145], [1067, 145], [1067, 187], [1005, 187]], '니', 0.5690094015487581), ([[1070, 140], [1374, 140], [1374, 216], [1070, 216]], '친구예계 줄', 0.8931073853241792), ([[980, 204], [1420, 204], [1420, 282], [980, 282]], '돈은 충분하다고 !', 0.9518359998979349), ([[699, 353], [855, 353], [855, 464], [699, 464]], '흐흡', 0.6703421770903104)]
[([[551, 34], [1012, 34], [1012, 112], [551, 112]], '여기 누군지 보보', 0.49319491553527756), ([[1271, 107], [1483, 107], [1483, 167], [1271, 167]], '이 목소린 .', 0.796957719270826), ([[551, 124], [955, 124], [955, 216], [551, 216]], '과연 우연일까?', 0.9860064235297856), ([[885, 307], [1001, 307], [1001, 415], [885, 415]], '명!', 0.2747297527730705)]
[([[873, 17], [1075, 17], [1075, 83], [873, 83]], '스스로는', 0.9553808584728316), ([[793, 74], [1155, 74], [1155, 137], [793, 137]], '이성 애자라는 데', 0.7107582580298036), ([[825, 135], [1127, 135], [1127, 195], [825, 195]], '과연 어떨까?', 0.5812806558133081), ([[1556, 160], [1646, 160], [1646, 214], [1556, 214]], '뭐?', 0.9992039388686506), ([[1452, 221], [1733, 221], [1733, 285], [1452, 285]], '난 아무말도', 0.9914606723708562), ([[1460, 277], [1694, 277], [1694, 355], [1460, 355]], '안행논데.', 0.07100041502144769), ([[1951, 1279], [1995, 1279], [1995, 1321], [1951, 1321]], '*', 0.21498872237316746), ([[1834.6271870540327, 1389.1359352701636], [1924.654563922387, 1303.5228640293753], [1959.3728129459673, 1352.8640647298364], [1869.345436077613, 1438.4771359706247]], '|:여', 0.0013149975752119315)]
[([[78, 40], [224, 40], [224, 100], [78, 100]], '하하!', 0.9694877053080578), ([[74, 116], [344, 116], [344, 188], [74, 188]], '질질싸는논게', 0.13667077241893427), ([[1063, 83], [1415, 83], [1415, 221], [1063, 221]], '입닥처', 0.07942724713625873), ([[74, 192], [458, 192], [458, 268], [74, 268]], '줍망은 과일갈네!', 0.42580830758740046), ([[1203, 341], [1679, 341], [1679, 401], [1203, 401]], '그럼 한번 더 쥐어자내올까?', 0.33190011635928446), ([[1286, 580], [1624, 580], [1624, 652], [1286, 652]], '안돼! 그만뒤!!', 0.6826464559713287)]
[([[1487, 341], [1898, 341], [1898, 465], [1487, 465]], '안되에옛!', 0.26701346586572083)]
[([[513, 5], [793, 5], [793, 69], [513, 69]], '이 고양이한터', 0.7213771734066484), ([[513, 75], [1119, 75], [1119, 139], [513, 139]], '누가 보스인지 알려주고싶은데?', 0.9802810381506919), ([[1546, 136], [1654, 136], [1654, 184], [1546, 184]], '저기 .', 0.6688851434743391), ([[1680, 132], [1812, 132], [1812, 188], [1680, 188]], '나한터', 0.6922295093592675), ([[694, 198], [1046, 198], [1046, 270], [694, 270]], '저건 호랑이야', 0.7084180968881464), ([[1543, 191], [1997, 191], [1997, 259], [1543, 259]], '무슨 볼일이라도 있어..?', 0.6712089608432019), ([[892, 366], [1060, 366], [1060, 446], [892, 446]], '그래?', 0.9999629031393806)]
[([[1393, 117], [1565, 117], [1565, 161], [1393, 161]], '구구 구', 0.3340101522483168), ([[97, 143], [533, 143], [533, 235], [97, 235]], '아 관객이 와군', 0.34099615501574315), ([[1378, 198], [1594, 198], [1594, 274], [1378, 274]], '게이다!', 0.975084662437439)]
[([[708, 89], [1100, 89], [1100, 168], [708, 168]], '이성 애자치 곧', 0.5975411135229143), ([[756, 160], [1064, 160], [1064, 251], [756, 251]], '능숙한결?', 0.799035942725316), ([[1493, 554], [1735, 554], [1735, 657], [1493, 657]], '흐으음!', 0.40530256469803494), ([[1923, 865], [2048, 865], [2048, 929], [1923, 929]], '고| 지', 0.007739516906440258)]
[([[743, 67], [1119, 67], [1119, 130], [743, 130]], '여친이 있다는데', 0.7782898790429025), ([[781, 126], [1079, 126], [1079, 186], [781, 186]], '과연 어떻까?', 0.5881343081269891), ([[1648, 490], [1830, 490], [1830, 568], [1648, 568]], '잠깐;', 0.4518402574128545), ([[1602, 578], [1870, 578], [1870, 654], [1602, 654]], '뭐라고 ?', 0.5973260131678372), ([[1675, 1445], [1693, 1445], [1693, 1467], [1675, 1467]], '그', 0.0028160763043703074), ([[1679.5837847110704, 1468.0437881420303], [1696.4667459049506, 1467.055225396039], [1700.4162152889296, 1518.9562118579697], [1683.5332540950494, 1520.944774603961]], '출', 0.02217469429344754)]
[([[727, 55], [1033, 55], [1033, 143], [727, 143]], '조용히쿠!', 0.33778217741489214), ([[717, 137], [991, 137], [991, 227], [717, 227]], '들키켓어', 0.2998712658882141), ([[651, 320], [838, 320], [838, 375], [651, 375]], '그냥 넣어', 0.8973735850314795), ([[577, 372], [905, 372], [905, 435], [577, 435]], '거긴 원래 자지틀', 0.2555951059985535), ([[581, 424], [905, 424], [905, 485], [581, 485]], '넣는 구멍이라고', 0.8537865122454402)]
[([[781, 8], [932, 8], [932, 73], [781, 73]], '이반,', 0.2315087830052458), ([[1318, 42], [1750, 42], [1750, 120], [1318, 120]], '어 ? 여친한데', 0.8505736296698125), ([[648, 82], [1060, 82], [1060, 156], [648, 156]], '어떻 가능거지?', 0.2495295984310634), ([[1319, 131], [1711, 131], [1711, 221], [1319, 221]], '가늘 길인데', 0.25453994872499286), ([[1729, 295], [1867, 295], [1867, 363], [1729, 363]], '근데,', 0.7769383707782406), ([[1559, 364], [2041, 364], [2041, 433], [1559, 433]], '왜 그렇게 쳐다보?', 0.2881412778496098)]
[([[1556, 712], [1936, 712], [1936, 784], [1556, 784]], '요즘 이성애자는', 0.507588502062457), ([[1578, 782], [1684, 782], [1684, 834], [1578, 834]], '이런', 0.9996968933218533), ([[1697, 781], [1863, 781], [1863, 823], [1697, 823]], '사다리', 0.9975830331017942), ([[1859, 777], [1903, 777], [1903, 845], [1859, 845]], '틀', 0.4413688065975272), ([[1598, 840], [1899, 840], [1899, 905], [1598, 905]], '달고다니나?', 0.9967197054463814), ([[1721, 1043], [1837, 1043], [1837, 1169], [1721, 1169]], '눕', 0.8987022180527937), ([[375, 1245], [569, 1245], [569, 1333], [375, 1333]], '쥐-잇', 0.20266038179397583), ([[353, 1351], [575, 1351], [575, 1465], [353, 1465]], '닥처', 0.11477888703045729)]
[([[149, 37], [253, 37], [253, 97], [149, 97]], '어 ?', 0.8212367296218872), ([[831, 57], [869, 57], [869, 107], [831, 107]], '응', 0.9936747753911277), ([[89, 121], [151, 121], [151, 165], [89, 165]], '너', 0.9988959500415149), ([[149, 115], [321, 115], [321, 183], [149, 183]], '구리?', 0.9999891255764863), ([[754, 104], [838, 104], [838, 136], [754, 136]], '개가', 0.9781719502679308), ([[835, 98], [958, 98], [958, 150], [835, 150]], '없으면', 0.9982583671814), ([[1433, 79], [1861, 79], [1861, 167], [1433, 167]], '짐작가는 곳이', 0.4446865213111482), ([[703, 151], [1003, 151], [1003, 195], [703, 195]], '시작 할 수가 없어', 0.44857455097067034), ([[1547, 163], [1755, 163], [1755, 247], [1547, 247]], '잇는데', 0.3212007301795334), ([[1451, 246], [1852, 246], [1852, 326], [1451, 326]], '데리러 갈까?', 0.9580191908500355), ([[1426, 508], [1635, 508], [1635, 587], [1426, 587]], '물론이지', 0.9102184176445007)]
[([[168, 67], [327, 67], [327, 133], [168, 133]], '뭐야?', 0.20779326558113098), ([[1553, 45], [1961, 45], [1961, 111], [1553, 111]], '어떡계 생각해?', 0.4055022205663031), ([[60, 133], [433, 133], [433, 214], [60, 214]], '월 찍는 거야!?', 0.365879064658904), ([[647, 13], [883, 13], [883, 221], [647, 221]], '', 0.0), ([[1663, 115], [1843, 115], [1843, 175], [1663, 175]], '이래도', 0.9992335295997506), ([[32, 199], [466, 199], [466, 272], [32, 272]], '난게이가 아니!!', 0.5736289189708366), ([[1556, 183], [1956, 183], [1956, 258], [1556, 258]], '이성 애자일까?', 0.5864907720031205), ([[1264, 866], [1412, 866], [1412, 1034], [1264, 1034]], '0', 0.9481601495026304), ([[1512, 1194], [1608, 1194], [1608, 1332], [1512, 1332]], '음', 0.9432783931623057)]
