2342083
68
[([[249, 377], [549, 377], [549, 397], [249, 397]], '줄아하던 선배틀 신입어게 내앗기논 이야기', 0.18544703857967715)]
[([[142, 1462], [296, 1462], [296, 1518], [142, 1518]], '기무라', 0.9473405135994473), ([[142, 1566], [618, 1566], [618, 1618], [142, 1618]], '아 선배 수고하져습니다', 0.5924858137033946), ([[140, 1618], [795, 1618], [795, 1670], [140, 1670]], '이번에 새로 입사한 기무라 입니다', 0.8269400565830628), ([[144, 1713], [466, 1713], [466, 1769], [144, 1769]], '잘 부탁드립니다', 0.5265743172031753)]
[([[537, 63], [927, 63], [927, 153], [537, 153]], '구월 15일 (금)', 0.3380893968495967), ([[539, 152], [923, 152], [923, 267], [539, 267]], '끈: 또', 0.0907260392022499), ([[547, 1021], [731, 1021], [731, 1251], [547, 1251]], '', 0.0), ([[116, 1458], [321, 1458], [321, 1520], [116, 1520]], '이노무에', 0.5739560723304749), ([[144, 1566], [854, 1566], [854, 1622], [144, 1622]], '같은 맨선에 살고 외는 덕에 부담 없이', 0.4614290863922187), ([[143, 1614], [728, 1614], [728, 1670], [143, 1670]], '집술활 수 있어서 중단 말이야"', 0.46896662471865735)]
[([[556, 1022], [730, 1022], [730, 1208], [556, 1208]], '7', 0.09302325914720555), ([[116, 1458], [321, 1458], [321, 1520], [116, 1520]], '이노무에', 0.641764223575592), ([[141, 1564], [700, 1564], [700, 1620], [141, 1620]], '신입인 기무라군은 만니푹어?', 0.25517881231832656), ([[146, 1666], [738, 1666], [738, 1720], [146, 1720]], '음 나분 녀석든 아뇨데 말이야"', 0.13945946433744055), ([[144, 1718], [620, 1718], [620, 1770], [144, 1770]], '조금 실수가 잦단 말이지', 0.9643777208022724)]
[([[542, 1008], [735, 1008], [735, 1220], [542, 1220]], '0', 0.03444435015638647), ([[116, 1458], [321, 1458], [321, 1520], [116, 1520]], '이노무에', 0.6440463066101074), ([[140, 1562], [537, 1562], [537, 1619], [140, 1619]], '이런, 틀리고 말앞네:', 0.5360904668255798), ([[142, 1668], [384, 1668], [384, 1716], [142, 1716]], '너무 마석나', 0.4127793295681138), ([[144, 1716], [604, 1716], [604, 1768], [144, 1768]], '오늘은 이만 좋내아켓다', 0.7795915163637341)]
[([[529, 67], [939, 67], [939, 153], [529, 153]], '외월.일 (화)', 0.12531290022297661), ([[537, 153], [923, 153], [923, 265], [537, 265]], '마표 : 15', 0.19884346546347412), ([[117, 1459], [319, 1459], [319, 1519], [117, 1519]], '안내방송', 0.9791016578674316), ([[142, 1564], [766, 1564], [766, 1621], [142, 1621]], '안내 말씀 드립니다: 베시 떼분에', 0.3420717134973648), ([[140, 1618], [719, 1618], [719, 1668], [140, 1668]], '미로 가는 {선로, 미미,7 열차가', 0.02808886122986071), ([[144, 1666], [814, 1666], [814, 1718], [144, 1718]], '약 [분 늦게 운행되어 버시 따분에', 0.22722440646848785), ([[146, 1716], [506, 1716], [506, 1766], [146, 1766]], '도착활 예정입니다', 0.9729623647659335), ([[144, 1766], [702, 1766], [702, 1820], [144, 1820]], '전동 열차 이용에 불편올 드러', 0.6684532083414525), ([[141, 1814], [506, 1814], [506, 1868], [141, 1868]], '대단히 죄송합니다', 0.9627391747112173)]
[([[116, 1458], [321, 1458], [321, 1520], [116, 1520]], '이노무에', 0.5116735100746155), ([[142, 1566], [564, 1566], [564, 1620], [142, 1620]], '사람들이 엄청 붐비네:', 0.9624503209839163), ([[139, 1616], [754, 1616], [754, 1670], [139, 1670]], '이러다 지각하는 거 아뇨가 몰라', 0.5742006818233949)]
[([[125, 65], [329, 65], [329, 125], [125, 125]], '이노무에', 0.7321415543556213), ([[157, 177], [259, 177], [259, 221], [157, 221]], '으으.', 0.8587942702990332), ([[151, 224], [574, 224], [574, 276], [151, 276]], '어떻게든 타긴 탓는데;', 0.335861697793008), ([[156, 274], [684, 274], [684, 324], [156, 324]], '그 어느 때보다도 더 붐비네', 0.8041472934726521)]
[([[125, 65], [329, 65], [329, 125], [125, 125]], '이노무에', 0.6711116433143616)]
[([[125, 65], [329, 65], [329, 125], [125, 125]], '이노무에', 0.7224360704421997)]
[([[529, 65], [939, 65], [939, 151], [529, 151]], '이월군일 (화)', 0.1539794333880358), ([[539, 152], [925, 152], [925, 265], [539, 265]], '17 : 55', 0.14306365902613313), ([[116, 1458], [321, 1458], [321, 1520], [116, 1520]], '이노무에', 0.6480046510696411), ([[142, 1566], [586, 1566], [586, 1618], [142, 1618]], '아 드디어 빠져나앉다', 0.4279190156322821), ([[146, 1613], [448, 1613], [448, 1668], [146, 1668]], '죽는 줄 알앞네~', 0.7095280690536901), ([[180, 1716], [758, 1716], [758, 1766], [180, 1766]], '어? 아 그 저기 어어 어절 수', 0.8470727427928042), ([[142, 1766], [562, 1766], [562, 1820], [142, 1820]], '없엎던 거니까 말이야', 0.19129130680411444)]
[([[537, 65], [925, 65], [925, 151], [537, 151]], '9월 15일 (금)', 0.3499462488629194), ([[541, 153], [925, 153], [925, 265], [541, 265]], '5구 : 대', 0.09602462236838784)]
[([[529, 67], [939, 67], [939, 153], [529, 153]], '외월.일 (화)', 0.21712209072396244), ([[535, 151], [923, 151], [923, 265], [535, 265]], ', : 17', 0.10583894895932877)]
[([[116, 1458], [321, 1458], [321, 1520], [116, 1520]], '이노무에', 0.6284510493278503), ([[142, 1568], [250, 1568], [250, 1616], [142, 1616]], '아아', 0.9998763433858974), ([[276, 1566], [424, 1566], [424, 1616], [276, 1616]], '지친다', 0.8615391009693801), ([[142, 1616], [802, 1616], [802, 1668], [142, 1668]], '정말이지 우리 회사 스레줄 말이야', 0.7063835612541685), ([[146, 1668], [752, 1668], [752, 1720], [146, 1720]], '도대체 어떤게 되어 먹은 거나고', 0.8344685856930054)]
[([[116, 1458], [321, 1458], [321, 1520], [116, 1520]], '이노무에', 0.5786669850349426), ([[142, 1566], [830, 1566], [830, 1620], [142, 1620]], '미안한데 나 잠깐 눈 좀 붙일 테니까', 0.7093980111690658), ([[146, 1616], [660, 1616], [660, 1670], [146, 1670]], '도착하면 깨워주지 압들래?', 0.40853488709645663)]
[([[124, 1438], [326, 1438], [326, 1494], [124, 1494]], '이노무에', 0.7519263180737331), ([[152, 1548], [418, 1548], [418, 1598], [152, 1598]], '구울.. 구울..', 0.48224091817268183)]
[([[541, 65], [921, 65], [921, 153], [541, 153]], '도월 외일 (월)', 0.2818803864307434), ([[539, 153], [925, 153], [925, 267], [539, 267]], '17 : 커7', 0.20579333277129286)]
[([[120, 1478], [325, 1478], [325, 1540], [120, 1540]], '이노무에', 0.7993204593658447), ([[152, 1588], [528, 1588], [528, 1640], [152, 1640]], '늘 신세가 많습니다', 0.8185166942182631), ([[153, 1645], [249, 1645], [249, 1685], [153, 1685]], '. 네', 0.30736028367908996), ([[411, 1643], [469, 1643], [469, 1685], [411, 1685]], '네', 0.9979929276143231), ([[150, 1686], [840, 1686], [840, 1742], [150, 1742]], '알계습니다 그럼 그런게 부장님에게', 0.4685060722099662), ([[150, 1738], [642, 1738], [642, 1792], [150, 1792]], '전해드리도록 하켓습니다', 0.8983169389246446)]
[]
[([[116, 1458], [321, 1458], [321, 1520], [116, 1520]], '이노무에', 0.5560420155525208), ([[144, 1566], [632, 1566], [632, 1620], [144, 1620]], '새 컴퓨터 설치논 끝날어?', 0.5570838102282824)]
[([[116, 1458], [321, 1458], [321, 1520], [116, 1520]], '이노무에', 0.5198996663093567), ([[166, 1568], [424, 1568], [424, 1618], [166, 1618]], "'그건 그럴고", 0.5546149530418761), ([[144, 1668], [296, 1668], [296, 1718], [144, 1718]], '화지 .?', 0.06359391071247969)]
[([[116, 1458], [321, 1458], [321, 1520], [116, 1520]], '이노무에', 0.6071824431419373), ([[142, 1566], [386, 1566], [386, 1616], [142, 1616]], '뵙지이이??!!', 0.08470331264180908)]
[([[164, 1462], [292, 1462], [292, 1514], [164, 1514]], '????', 0.9668799042701721), ([[142, 1566], [238, 1566], [238, 1618], [142, 1618]], '안녕_', 0.4432125389575958), ([[252, 1566], [634, 1566], [634, 1622], [252, 1622]], '오늘 일찍 출근하네:', 0.6378190352553113)]
[([[116, 1458], [321, 1458], [321, 1520], [116, 1520]], '이노무에', 0.5886624455451965), ([[142, 1568], [244, 1568], [244, 1616], [142, 1616]], '참나', 0.9993704684309513), ([[142, 1616], [632, 1616], [632, 1670], [142, 1670]], '나라서 다행인줄 알라고.', 0.8439182207086042), ([[142, 1716], [858, 1716], [858, 1770], [142, 1770]], '다른 사람이없으면 백프로 성희홍으로', 0.6011634558661607), ([[144, 1764], [578, 1764], [578, 1821], [144, 1821]], '은팔피 참들 거라고 너', 0.2931212022032601)]
[([[541, 65], [921, 65], [921, 153], [541, 153]], '도월 외일 (월)', 0.26237007704312815), ([[539, 152], [925, 152], [925, 267], [539, 267]], '19 : 래', 0.23356743248172093)]
[([[142, 1462], [296, 1462], [296, 1518], [142, 1518]], '기무라', 0.9471763904468314), ([[142, 1568], [340, 1568], [340, 1618], [142, 1618]], '저기 선배', 0.6374945707356872), ([[142, 1616], [864, 1616], [864, 1670], [142, 1670]], '이노무에 선배 좀 엄격하지 않습니까?', 0.7105973709711586)]
[([[435, 93], [571, 93], [571, 135], [435, 135]], "' |", 0.33644914627075195), ([[142, 1462], [296, 1462], [296, 1518], [142, 1518]], '기무라', 0.9131011099388655), ([[144, 1565], [802, 1565], [802, 1621], [144, 1621]], '그러고 보니 선배 작년에 이노우에', 0.8436434210116941), ([[144, 1618], [576, 1618], [576, 1668], [144, 1668]], '선배와 같이 일하석조?', 0.5714467056116976), ([[144, 1666], [786, 1666], [786, 1720], [144, 1720]], '원가 기분 맞취드길만한 도움 되는', 0.5893486757045712), ([[144, 1716], [646, 1716], [646, 1768], [144, 1768]], '조언이라던가 없으십니까?', 0.6983355214370948)]
[([[116, 1458], [321, 1458], [321, 1520], [116, 1520]], '이노무에', 0.5736144781112671), ([[142, 1568], [258, 1568], [258, 1616], [142, 1616]], '내가?', 0.9915096422330153), ([[141, 1618], [339, 1618], [339, 1668], [141, 1668]], '어떻다고?', 0.5895777741394719)]
[([[433, 95], [523, 95], [523, 133], [433, 133]], "'", 0.6084636505561356), ([[116, 1458], [321, 1458], [321, 1520], [116, 1520]], '이노무에', 0.5892212390899658), ([[144, 1566], [854, 1566], [854, 1620], [144, 1620]], '좋아! 오늘은 나와 함께 막차가 끊기기', 0.6013505516954322), ([[144, 1616], [600, 1616], [600, 1670], [144, 1670]], '전까지 야근들 해보자고.', 0.4986422992249905), ([[144, 1666], [682, 1666], [682, 1720], [144, 1720]], '일은 아주 많이 넘겨나니까:', 0.3821961115329439)]
[([[142, 92], [283, 92], [283, 136], [142, 136]], '기', 0.7969242805621093), ([[541, 65], [923, 65], [923, 151], [541, 151]], '도월 외일 (월)', 0.15758163191158125), ([[531, 153], [931, 153], [931, 265], [531, 265]], '떼 : 커7', 0.09053872939357653), ([[116, 1458], [321, 1458], [321, 1520], [116, 1520]], '이노무에', 0.5934382677078247), ([[144, 1566], [540, 1566], [540, 1620], [144, 1620]], '중앞으 ! 다 끝쳐다 !', 0.07233877256503678), ([[142, 1616], [872, 1616], [872, 1668], [142, 1668]], '어이 너희들 아침까지 코가 베들어지게', 0.703312828342736), ([[141, 1667], [448, 1667], [448, 1717], [141, 1717]], '마시러 가자고 !', 0.8231597756154221)]
[([[167, 93], [283, 93], [283, 135], [167, 135]], '이', 0.3738224333926645), ([[142, 1462], [296, 1462], [296, 1518], [142, 1518]], '기무라', 0.9451508561671162), ([[142, 1566], [520, 1566], [520, 1618], [142, 1618]], '지금 말씀이십니까?', 0.7205320201644543)]
[([[165, 93], [281, 93], [281, 135], [165, 135]], ')', 0.12125008441214025), ([[116, 1458], [321, 1458], [321, 1520], [116, 1520]], '이노무에', 0.5873635411262512), ([[141, 1564], [560, 1564], [560, 1620], [141, 1620]], '어차피 전철 끊격잡아', 0.3304361719439559), ([[142, 1668], [512, 1668], [512, 1716], [142, 1716]], '어? 년 빠지켓다고?', 0.5990786575592042), ([[144, 1718], [616, 1718], [616, 1766], [144, 1766]], '택시타고 먼저 가본다고?', 0.9624517011750401), ([[144, 1766], [694, 1766], [694, 1818], [144, 1818]], '그럼 내일 보자 늦지 말라고', 0.7984197097329294)]
[([[142, 92], [283, 92], [283, 136], [142, 136]], '기', 0.7969242805621093), ([[116, 1458], [321, 1458], [321, 1520], [116, 1520]], '이노무에', 0.5873635411262512), ([[142, 1566], [408, 1566], [408, 1616], [142, 1616]], '어절 수 없네', 0.9656611026645745), ([[142, 1665], [806, 1665], [806, 1719], [142, 1719]], '자 기무라군. 우리 둘기리 마시자고', 0.554306478555399)]
[([[116, 1458], [321, 1458], [321, 1520], [116, 1520]], '이노무에', 0.5744454264640808), ([[143, 1561], [834, 1561], [834, 1622], [143, 1622]], '전에는 지각하기 일쑤엿논데 웬일이', 0.3211866718893744), ([[143, 1621], [193, 1621], [193, 1663], [143, 1663]], '래', 0.9892585604933721)]
[([[537, 65], [925, 65], [925, 153], [537, 153]], '모 1일 (금)', 0.43600202963771617), ([[545, 153], [919, 153], [919, 267], [545, 267]], '12 : 17', 0.562396350431087)]
[([[116, 1458], [321, 1458], [321, 1520], [116, 1520]], '이노무에', 0.5198996663093567), ([[144, 1566], [678, 1566], [678, 1620], [144, 1620]], '응? 오늘 한 잔 하러 가자고?', 0.9536040570425524), ([[142, 1611], [658, 1611], [658, 1668], [142, 1668]], '저번에느 가지 못햇으니까?', 0.39939083787321356)]
[([[116, 1458], [321, 1458], [321, 1520], [116, 1520]], '이노무에', 0.5198996663093567), ([[146, 1568], [330, 1568], [330, 1616], [146, 1616]], '그래 . 뭐', 0.6574691406080614), ([[147, 1621], [283, 1621], [283, 1663], [147, 1663]], '그러자', 0.999468617114358), ([[146, 1716], [532, 1716], [532, 1768], [146, 1768]], '그럼 일 끝나고 보자', 0.9064640140434924)]
[([[537, 63], [927, 63], [927, 153], [537, 153]], '모 3일 (금)', 0.2377756283504072), ([[539, 151], [925, 151], [925, 265], [539, 265]], '14 : 뼈', 0.20586057844371453), ([[165, 1457], [274, 1457], [274, 1520], [165, 1520]], '부장', 0.9999632472652552), ([[142, 1568], [756, 1568], [756, 1618], [142, 1618]], '창고에서 자료 좀 가져다주돌나?', 0.3751179373383513)]
[([[164, 1462], [270, 1462], [270, 1510], [164, 1510]], '7777', 0.4931475520133972), ([[140, 1565], [248, 1565], [248, 1619], [140, 1619]], '잠깐!', 0.9084926541730645), ([[142, 1616], [690, 1616], [690, 1668], [142, 1668]], '회사에서논 안되다고 햇잡아!', 0.30803098625412084)]
[([[165, 1463], [269, 1463], [269, 1507], [165, 1507]], '7777', 0.9840117692947388), ([[144, 1566], [702, 1566], [702, 1618], [144, 1618]], '뭐 어떻습니까 이노무에 선배', 0.5665307315242638), ([[142, 1666], [550, 1666], [550, 1718], [142, 1718]], '저번에 해복잡습니까', 0.8426353378088471)]
[([[588, 66], [618, 66], [618, 128], [588, 128]], '=', 0.0375177679616181), ([[116, 1458], [321, 1458], [321, 1520], [116, 1520]], '이노무에', 0.5721603631973267), ([[146, 1566], [534, 1566], [534, 1618], [146, 1618]], '으응  . 안팎다니까 .', 0.23344130501461122)]
[([[142, 1462], [296, 1462], [296, 1518], [142, 1518]], '기무라', 0.9250768721301202), ([[144, 1566], [812, 1566], [812, 1620], [144, 1620]], '오 이런 속옷올 입고 출근하시다니', 0.5025881616838239), ([[144, 1616], [640, 1616], [640, 1670], [144, 1670]], '오늘도 의욕이 넘치시네요', 0.5871625358112785), ([[146, 1716], [822, 1716], [822, 1768], [146, 1768]], '보텔이람 저희 집 어디가 좋으세요?', 0.3554159466099209)]
[([[116, 1458], [321, 1458], [321, 1520], [116, 1520]], '이노무에', 0.6389374136924744), ([[180, 1568], [336, 1568], [336, 1616], [180, 1616]], '너네 집', 0.9247691498136137)]
[([[539, 65], [923, 65], [923, 151], [539, 151]], '도월 1일 (월)', 0.36432189885390265), ([[539, 153], [921, 153], [921, 263], [539, 263]], '마표 : 17', 0.1501271475793547), ([[116, 1458], [321, 1458], [321, 1520], [116, 1520]], '이노무에', 0.6102700233459473), ([[139, 1566], [778, 1566], [778, 1622], [139, 1622]], '하아, 기무라군 여전히 일 처리논', 0.6585380589687087), ([[141, 1614], [490, 1614], [490, 1668], [141, 1668]], '짐병이람 말이지.', 0.3259795938013591), ([[142, 1716], [852, 1716], [852, 1770], [142, 1770]], '어떤게 해야 능숙하게 만들 수 있올까', 0.42603360332788903)]
[([[116, 1458], [321, 1458], [321, 1520], [116, 1520]], '이노무에', 0.6216598749160767), ([[144, 1566], [478, 1566], [478, 1620], [144, 1620]], '신입은 만나밟어?', 0.24907261791172405), ([[142, 1616], [562, 1616], [562, 1668], [142, 1668]], '나중에 인사라도 해뒤', 0.9264229045951847)]
[([[537, 65], [923, 65], [923, 151], [537, 151]], '도 1일 (월', 0.4904126844813257), ([[539, 151], [925, 151], [925, 265], [539, 265]], '14 : 래', 0.17910023186186014), ([[165, 1463], [269, 1463], [269, 1507], [165, 1507]], '7777', 0.9808325171470642), ([[144, 1568], [202, 1568], [202, 1600], [144, 1600]], '아뭇_', 0.3218838577822715), ([[224, 1568], [286, 1568], [286, 1600], [224, 1600]], '아양', 0.9242688608276521), ([[306, 1568], [372, 1568], [372, 1600], [306, 1600]], '아응.', 0.8337263251321211)]
[([[163, 1489], [267, 1489], [267, 1533], [163, 1533]], '7777', 0.8001129031181335), ([[140, 1592], [340, 1592], [340, 1642], [140, 1642]], '이상하다?', 0.9992601035401784), ([[142, 1642], [838, 1642], [838, 1696], [142, 1696]], '회사에서논 안되다 하지 않으섞나요?', 0.23325281747795623)]
[([[163, 1489], [267, 1489], [267, 1533], [163, 1533]], '7777', 0.7577597498893738), ([[142, 1592], [498, 1592], [498, 1644], [142, 1644]], '참들 수 없으니까:', 0.5628842680633781)]
[([[162, 1486], [268, 1486], [268, 1534], [162, 1534]], '7777', 0.6677089333534241), ([[144, 1592], [496, 1592], [496, 1646], [144, 1646]], '응옷. 스응... 아암:', 0.40283057010270046)]
[([[531, 63], [933, 63], [933, 153], [531, 153]], '도리일 (금)', 0.16247383273894067), ([[539, 153], [925, 153], [925, 265], [539, 265]], '17 : 벼', 0.31028645105144725), ([[116, 1458], [321, 1458], [321, 1520], [116, 1520]], '이노무에', 0.5786175727844238), ([[142, 1566], [238, 1566], [238, 1618], [142, 1618]], '아뭇_', 0.5728842559408457), ([[276, 1568], [384, 1568], [384, 1616], [276, 1616]], '아암:', 0.7334118165166182), ([[419, 1571], [605, 1571], [605, 1615], [419, 1615]], '스으:. 듯 .', 0.197965201955192)]
[([[118, 1470], [321, 1470], [321, 1534], [118, 1534]], '이노무데', 0.4714598059654236), ([[142, 1582], [358, 1582], [358, 1632], [142, 1632]], '아뭇; 이거', 0.28714386494581634), ([[142, 1632], [388, 1632], [388, 1684], [142, 1684]], '기분 좋아아', 0.6362313849704929)]
[([[144, 1474], [298, 1474], [298, 1530], [144, 1530]], '기무라', 0.958559484454893), ([[144, 1582], [716, 1582], [716, 1636], [144, 1636]], '선배 슬슬 일하러 돌아가야쇼.', 0.44754298699043293)]
[]
[([[118, 1470], [323, 1470], [323, 1534], [118, 1534]], '이노무데', 0.40717846155166626), ([[143, 1580], [520, 1580], [520, 1636], [143, 1636]], '조금만, 조금만 더..', 0.6370055786004132)]
[([[116, 1458], [321, 1458], [321, 1520], [116, 1520]], '이노무에', 0.63420170545578), ([[142, 1566], [758, 1566], [758, 1620], [142, 1620]], '어 무슨 일이야.? 창고 쓰러고?', 0.5762155044039476), ([[146, 1668], [238, 1668], [238, 1716], [146, 1716]], '으름', 0.36347087413397183), ([[252, 1666], [814, 1666], [814, 1716], [252, 1716]], '우리도 참고에 자료 좀 가지러', 0.6317912182142716), ([[144, 1718], [342, 1718], [342, 1766], [144, 1766]], '온 거니까', 0.6564816932019852)]
[([[537, 65], [927, 65], [927, 153], [537, 153]], '4월 15일 (금)', 0.28256034317824885), ([[539, 153], [925, 153], [925, 265], [539, 265]], '[위 : 또', 0.05998674684098291)]
[([[531, 65], [931, 65], [931, 153], [531, 153]], '도근일 (금)', 0.27851012373830725), ([[539, 153], [923, 153], [923, 265], [539, 265]], '17 : 벼', 0.5082986769464848)]
[([[116, 1458], [321, 1458], [321, 1520], [116, 1520]], '이노무에', 0.5198996663093567), ([[142, 1568], [554, 1568], [554, 1620], [142, 1620]], '어리? 벌써 돌아가게?', 0.5435644490896903), ([[142, 1618], [288, 1618], [288, 1666], [142, 1666]], '빠르네', 0.9977507084014213), ([[144, 1716], [330, 1716], [330, 1766], [144, 1766]], '수고햇어:', 0.11273201892349224)]
[([[531, 65], [931, 65], [931, 153], [531, 153]], '도근일 (금)', 0.35999649508893483), ([[539, 150], [927, 150], [927, 266], [539, 266]], '17 : 려', 0.3691887840690504)]
[([[115, 1459], [319, 1459], [319, 1519], [115, 1519]], '차내방송', 0.9793365001678467), ([[140, 1566], [800, 1566], [800, 1620], [140, 1620]], '이번 역은 우리 열차의 마지막 역인', 0.7609658681678271), ([[140, 1616], [866, 1616], [866, 1670], [140, 1670]], '커역 입니다: 잊으신 물건이 없으신지', 0.21097218203286172), ([[144, 1666], [364, 1666], [364, 1718], [144, 1718]], '확인하시고', 0.9878771530918965)]
[([[119, 1473], [321, 1473], [321, 1533], [119, 1533]], '이노무에', 0.7468908429145813), ([[144, 1580], [460, 1580], [460, 1637], [144, 1637]], '흐응, 응릇; 흥옷.', 0.16027197581931604)]
[([[119, 1473], [323, 1473], [323, 1533], [119, 1533]], '이노무에', 0.8366380333900452), ([[142, 1582], [744, 1582], [744, 1636], [142, 1636]], '다들 집으로 돌아갖다고는 해도', 0.46443123494813837), ([[140, 1634], [446, 1634], [446, 1684], [140, 1684]], '이런 곳에서. 웃', 0.5735800249982403)]
[([[146, 1476], [298, 1476], [298, 1530], [146, 1530]], '기무라', 0.9826125550299896), ([[146, 1581], [856, 1581], [856, 1636], [146, 1636]], '그 선배 분명 이노우에 선배름 마음에', 0.5912104059240084), ([[144, 1632], [464, 1632], [464, 1685], [144, 1685]], '두고 있다니까요', 0.9981965832737488), ([[144, 1682], [382, 1682], [382, 1734], [144, 1734]], '괜찮켓어요?', 0.32697446127220003)]
[([[119, 1473], [323, 1473], [323, 1533], [119, 1533]], '이노무에', 0.8721137642860413), ([[260, 1584], [360, 1584], [360, 1632], [260, 1632]], '몰라', 0.5312332406622251), ([[338, 1634], [674, 1634], [674, 1682], [338, 1682]], '그런 거 모르니까', 0.9299194693457579)]
[]
[([[116, 1458], [321, 1458], [321, 1520], [116, 1520]], '이노무에', 0.5198996663093567), ([[143, 1571], [205, 1571], [205, 1613], [143, 1613]], '자', 0.9984449238073836), ([[140, 1616], [770, 1616], [770, 1668], [140, 1668]], '너도 이제 선배가 뒷으니 잘해화!', 0.7042625275013058)]
[([[537, 63], [927, 63], [927, 153], [537, 153]], '구월 15일 (금)', 0.36978793100578083), ([[541, 153], [925, 153], [925, 265], [541, 265]], '3려 : 또', 0.08819271306739639), ([[165, 1463], [269, 1463], [269, 1507], [165, 1507]], '7777', 0.9879528284072876), ([[141, 1566], [466, 1566], [466, 1618], [141, 1618]], '죄송합니다 선배', 0.9611187104873916), ([[144, 1616], [674, 1616], [674, 1670], [144, 1670]], '기것 맡기여터 일이엎논데..', 0.1808911891080998)]
[([[782, 184], [808, 184], [808, 210], [782, 210]], '2', 0.24917292568147875), ([[116, 1458], [321, 1458], [321, 1520], [116, 1520]], '이노무에', 0.6320233345031738), ([[144, 1566], [790, 1566], [790, 1620], [144, 1620]], '또야? 전에도 갈은 실수하더니 또?', 0.5587244367274845), ([[142, 1614], [632, 1614], [632, 1668], [142, 1668]], '하 다음에는 실수하지 마', 0.5150752752878595)]
