2343401
84
[([[622, 0], [955, 0], [955, 718], [622, 718]], '{', 0.16733303494352558), ([[640, 534], [936, 534], [936, 1058], [640, 1058]], '', 0.0), ([[650, 1020], [798, 1020], [798, 1140], [650, 1140]], '흙', 0.022671523902645596)]
[([[132, 254], [206, 254], [206, 286], [132, 286]], '토토가', 0.9929120750745865), ([[206, 248], [338, 248], [338, 298], [206, 298]], '만들어내는', 0.9440399656440358), ([[1362, 262], [1448, 262], [1448, 312], [1362, 312]], "'오늘은", 0.8888314370023116), ([[174, 298], [294, 298], [294, 348], [174, 348]], '매직 원은', 0.5712374422478232), ([[1346, 314], [1464, 314], [1464, 364], [1346, 364]], '매직 월올', 0.19577710207245771), ([[114, 350], [350, 350], [350, 398], [114, 398]], '인기 상품 중 하나로', 0.9967317990517568), ([[1349, 369], [1457, 369], [1457, 411], [1349, 411]], '준비하자 ,', 0.9356142538302622), ([[144, 400], [324, 400], [324, 450], [144, 450]], '독소나 독버섯올', 0.5027037436246953), ([[1309, 419], [1501, 419], [1501, 463], [1309, 463]], '최근 독버섯이나', 0.701563147505988), ([[119, 455], [351, 455], [351, 499], [119, 499]], '먹이로 하기 때문에', 0.6955318634167833), ([[1314, 470], [1498, 470], [1498, 518], [1314, 518]], '독초가 늘어나기', 0.9640382186515294), ([[124, 502], [344, 502], [344, 554], [124, 554]], '약초름 구분하는 데', 0.2873657154193368), ([[1329, 515], [1479, 515], [1479, 568], [1329, 568]], '시작해햇으니_', 0.32781402747014043), ([[148, 554], [316, 554], [316, 602], [148, 602]], '도움이 되니다.', 0.3621833452139887), ([[1328, 572], [1376, 572], [1376, 604], [1328, 604]], "'네", 0.3522686257208803), ([[1391, 575], [1473, 575], [1473, 611], [1391, 611]], '마스터', 0.999695453308001)]
[([[595, 67], [681, 67], [681, 151], [595, 151]], '양', 0.05198602496307125), ([[628, 142], [678, 142], [678, 190], [628, 190]], '(', 0.22332837838670017), ([[1387, 227], [1485, 227], [1485, 267], [1387, 267]], '마스터는', 0.7416630983352661), ([[1338, 270], [1532, 270], [1532, 320], [1338, 320]], '정확하게 토토의', 0.6535976785585942), ([[1356, 324], [1514, 324], [1514, 374], [1356, 374]], '기분 중은 곳을', 0.3131851019881809), ([[1340, 382], [1414, 382], [1414, 412], [1340, 412]], '찌르고', 0.9461828503017935), ([[1418, 376], [1528, 376], [1528, 424], [1418, 424]], '있습니다 .', 0.5294407325876136), ([[1350, 424], [1522, 424], [1522, 472], [1350, 472]], '토토도 호응하듯', 0.9584271480102877), ([[1366, 476], [1506, 476], [1506, 526], [1366, 526]], '보지틀 꽉꽉', 0.2557241705456773), ([[1370, 528], [1500, 528], [1500, 576], [1370, 576]], '조여움니다 .', 0.24012886958457846), ([[434, 872], [530, 872], [530, 986], [434, 986]], '(중', 0.9086605945995325), ([[440, 960], [542, 960], [542, 1056], [440, 1056]], '내', 0.009176157793633344)]
[([[464, 32], [516, 32], [516, 86], [464, 86]], '양', 0.2170522057077875), ([[673, 19], [757, 19], [757, 117], [673, 117]], '양', 0.8046192919020747), ([[577, 68], [702, 68], [702, 170], [577, 170]], "@닭'", 0.005673893428230409), ([[1402, 392], [1538, 392], [1538, 466], [1402, 466]], "'@0", 0.3229807265108547), ([[1356, 502], [1452, 502], [1452, 614], [1356, 614]], '중0', 0.05834025810256436), ([[1397, 593], [1463, 593], [1463, 695], [1397, 695]], '0', 0.5499092625317559), ([[435, 797], [532, 797], [532, 1057], [435, 1057]], '터"', 0.04361934477242315), ([[1275.8834409320689, 602.2055487535513], [1339.756823007769, 555.0260663873472], [1416.1165590679311, 674.7944512464487], [1352.243176992231, 721.9739336126528]], '3', 0.988500349243683)]
[([[187, 169], [343, 169], [343, 309], [187, 309]], '[궁이', 0.1935392357626043), ([[1272, 286], [1508, 286], [1508, 334], [1272, 334]], '잠시 후 토토의 배가', 0.9445787724061505), ([[240, 312], [336, 312], [336, 390], [240, 390]], '0', 0.5128881327551795), ([[1280, 336], [1492, 336], [1492, 386], [1280, 386]], '부풀어 올랍습니다 .', 0.22533441464873435), ([[1298, 388], [1478, 388], [1478, 438], [1298, 438]], '멋진 매직 월올', 0.22907180467958532), ([[1287, 441], [1373, 441], [1373, 485], [1287, 485]], '임신한', 0.9939286919795411), ([[1374, 438], [1488, 438], [1488, 486], [1374, 486]], '것입니다.', 0.9483813614533143)]
[([[117, 273], [305, 273], [305, 317], [117, 317]], '토토의 뱃속에서', 0.9011533555627951), ([[151, 325], [273, 325], [273, 369], [151, 369]], '매직 잃이', 0.5443199949015731), ([[1328, 318], [1451, 318], [1451, 358], [1328, 358]], '[마스터오', 0.7103418063527711), ([[150, 372], [270, 372], [270, 424], [150, 424]], '활발하게', 0.9790748953819275), ([[1304, 368], [1472, 368], [1472, 418], [1304, 418]], '잔뜩 만들어서', 0.9983098253015305), ([[1338, 426], [1406, 426], [1406, 452], [1338, 452]], '기뻐.', 0.7501707350018556), ([[162, 426], [260, 426], [260, 474], [162, 474]], '움직이고', 0.9988210797309875), ([[1052, 422], [1148, 422], [1148, 494], [1052, 494]], '(*이', 0.016800256338491592), ([[152, 476], [264, 476], [264, 524], [152, 524]], '있습니다 .', 0.5994993884610724), ([[248, 694], [292, 694], [292, 700], [248, 700]], '꽃-1미미미미 ?', 0.00024476082196896637), ([[1328, 692], [1358, 692], [1358, 698], [1328, 698]], '74  -5 ?', 0.009714668636830728), ([[1370, 692], [1392, 692], [1392, 698], [1370, 698]], '미매미', 0.04453473409857011)]
[([[1339, 293], [1415, 293], [1415, 333], [1339, 333]], '도구상', 0.9995068126531679), ([[1418, 296], [1450, 296], [1450, 324], [1418, 324]], '씨', 0.9978468100255213), ([[1347, 343], [1441, 343], [1441, 385], [1347, 385]], '매직 원', 0.9566210143322004), ([[1307, 394], [1485, 394], [1485, 435], [1307, 435]], '세 마리 주세요', 0.6907177141803531)]
[([[167, 296], [244, 296], [244, 341], [167, 341]], '[매번', 0.9943785261617801), ([[135, 349], [279, 349], [279, 393], [135, 393]], '감사합니다!', 0.6411158732233202), ([[159, 397], [251, 397], [251, 446], [159, 446]], '잠시만', 0.9998013033818858), ([[121, 453], [285, 453], [285, 495], [121, 495]], '기다려주세요', 0.9979032238201531), ([[248, 694], [292, 694], [292, 700], [248, 700]], '꽃-15미빨미미 ?', 0.00011325369112027553), ([[963, 819], [1073, 819], [1073, 967], [963, 967]], '(5', 0.1481220551227082), ([[935, 933], [1098, 933], [1098, 1123], [935, 1123]], "3'", 0.08573704821049767)]
[([[471, 9], [541, 9], [541, 75], [471, 75]], '(당', 0.48906571515576464), ([[534, 112], [562, 112], [562, 142], [534, 142]], '3', 0.14323167079589272), ([[484, 198], [512, 198], [512, 226], [484, 226]], '9', 0.9905224172809177), ([[1284, 326], [1480, 326], [1480, 376], [1284, 376]], '[여기 매직 원은', 0.5776289384749659), ([[124, 341], [286, 341], [286, 394], [124, 394]], '[감사합니다.', 0.7684749528995236), ([[122, 400], [146, 400], [146, 430], [122, 430]], '또', 0.9998840127247242), ([[150, 394], [284, 394], [284, 442], [150, 442]], '찾아주세요_', 0.8470406869065108), ([[1294, 378], [1472, 378], [1472, 428], [1294, 428]], '언제나 할력이', 0.3428187178097563), ([[1323, 433], [1431, 433], [1431, 475], [1323, 475]], '넘치네요', 0.9693443179130554), ([[248, 694], [298, 694], [298, 700], [248, 700]], '정 커미미_끼텔', 5.1351327623920435e-06), ([[634, 920], [658, 920], [658, 946], [634, 946]], '0', 0.9999926090377045), ([[570, 916], [652, 916], [652, 994], [570, 994]], "(중'", 0.20311545605295217), ([[402.24861924323466, 84.03536397828735], [462.55783184330517, 69.15314330779614], [492.75138075676534, 205.96463602171266], [432.44216815669483, 220.84685669220386]], '(', 0.4909213315953629)]
[([[948, 284], [1039, 284], [1039, 328], [948, 328]], '[도구상', 0.8285879492759705), ([[1042, 290], [1074, 290], [1074, 318], [1042, 318]], '씨', 0.9957762352002284), ([[923, 339], [1103, 339], [1103, 381], [923, 381]], '매직 원 2마리', 0.5616082020050451), ([[936, 386], [1086, 386], [1086, 434], [936, 434]], '제일 큰 결로', 0.48401308822845307), ([[965, 440], [1045, 440], [1045, 479], [965, 479]], '주세요', 0.9999416361911168), ([[895, 484], [1128, 484], [1128, 535], [895, 535]], "'매번 감사합니다!", 0.6885666107229148), ([[967, 541], [1055, 541], [1055, 585], [967, 585]], '잠시만', 0.9997014408858997), ([[927, 595], [1093, 595], [1093, 637], [927, 637]], '기다려주세요_', 0.8374905154143009)]
[([[670, 258], [750, 258], [750, 332], [670, 332]], '17', 0.5846020830784407), ([[1284, 305], [1355, 305], [1355, 348], [1284, 348]], '[토토,', 0.5169702768325806), ([[690, 324], [738, 324], [738, 386], [690, 386]], '3', 0.5017287367191017), ([[1243, 361], [1401, 361], [1401, 405], [1243, 405]], '할 수 있어?!', 0.5700575505714225), ([[1213, 409], [1253, 409], [1253, 453], [1213, 453]], '[근', 0.4539912004558196), ([[1260, 414], [1318, 414], [1318, 440], [1260, 440]], '거.. .', 0.25662284955581344), ([[1324, 414], [1352, 414], [1352, 452], [1324, 452]], '근', 0.6991755139376075), ([[25.74780193260012, 61.11291062930065], [72.696526033147, 39.03473966853008], [111.25219806739989, 129.88708937069936], [65.303473966853, 152.96526033146992]], '출', 0.0313870470893427), ([[1362.272393124891, 409.089572499564], [1434.9866672053436, 428.71747742652155], [1427.727606875109, 454.910427500436], [1355.0133327946564, 436.28252257347845]], '거  !', 0.356469191722358)]
[]
[([[1248, 326], [1390, 326], [1390, 374], [1248, 374]], "'으으으으으", 0.5506483448829129), ([[1221, 384], [1418, 384], [1418, 440], [1221, 440]], '099 90 ]', 0.009801692316915233), ([[803.360483865408, 114.02927413294738], [860.1157070251376, 107.32738553610477], [873.639516134592, 236.9707258670526], [816.8842929748624, 243.67261446389523]], "'중", 0.5117652890474124)]
[([[678, 324], [748, 324], [748, 372], [678, 372]], '(중0', 0.7214613793165553), ([[1301, 355], [1461, 355], [1461, 397], [1301, 397]], '5오오 이 녀석', 0.6046350073907131), ([[1262, 400], [1498, 400], [1498, 455], [1262, 455]], '훌륭하네 고마워요_', 0.8908699788457172), ([[1301, 457], [1457, 457], [1457, 501], [1301, 501]], '[감사합니다.', 0.7649090774094451), ([[1294, 512], [1318, 512], [1318, 542], [1294, 542]], '또', 0.9999761582841984), ([[1322, 506], [1458, 506], [1458, 554], [1322, 554]], '찾아주세요_', 0.6534887118348223), ([[1268, 556], [1494, 556], [1494, 606], [1268, 606]], '토토의 뱃속에 윗던', 0.2137302588153628), ([[1294, 608], [1468, 608], [1468, 658], [1294, 658]], '매직 월은 전부', 0.5892926515667065), ([[1288, 658], [1474, 658], [1474, 710], [1288, 710]], '팔아지워습니다', 0.5286201017431075), ([[666.0856728186886, 369.14272755840204], [685.7368086007534, 384.77122879149846], [651.9143271813114, 424.85727244159796], [631.2631913992466, 409.22877120850154]], '{', 0.6101234097943831)]
[([[70, 258], [224, 258], [224, 306], [70, 306]], '마수의 주문은', 0.7715002685185655), ([[92, 310], [202, 310], [202, 360], [92, 360]], '힘들지만', 0.9938520789146423), ([[1343, 300], [1435, 300], [1435, 344], [1343, 344]], '[도구상', 0.9296124577522278), ([[1438, 306], [1470, 306], [1470, 334], [1438, 334]], '씨', 0.9958604587262165), ([[96, 367], [200, 367], [200, 399], [96, 399]], '마스터와', 0.9839153289794922), ([[1329, 353], [1487, 353], [1487, 395], [1329, 395]], '마수 한 마리', 0.7765656981089677), ([[72, 412], [222, 412], [222, 462], [72, 462]], '토토는 보람올', 0.6428278215037877), ([[1363, 405], [1451, 405], [1451, 449], [1363, 449]], '주세요]', 0.708657443523407), ([[112, 470], [182, 470], [182, 502], [112, 502]], '느끼고', 0.9918334473918415), ([[1373, 450], [1455, 450], [1455, 501], [1373, 501]], '[매번', 0.86874162806184), ([[90, 516], [200, 516], [200, 564], [90, 564]], '있습니다 .', 0.7664568931992732), ([[99, 539], [121, 539], [121, 559], [99, 559]], '쇼', 0.0364428661098124), ([[1335, 505], [1481, 505], [1481, 549], [1335, 549]], '감사합니다!', 0.5911945670456668), ([[1347, 557], [1467, 557], [1467, 601], [1347, 601]], '그럼 내일', 0.9995829530272768), ([[1317, 608], [1487, 608], [1487, 650], [1317, 650]], '다시 와주세요', 0.9981264775575933)]
[([[620, 38], [722, 38], [722, 112], [620, 112]], '', 0.0), ([[73, 263], [181, 263], [181, 307], [73, 307]], '오랜만의', 0.9994727969169617), ([[588, 196], [688, 196], [688, 310], [588, 310]], '맺', 0.012524486893967846), ([[1346, 275], [1472, 275], [1472, 329], [1346, 329]], '[하룻밤이', 0.9766708398379675), ([[672, 302], [704, 302], [704, 334], [672, 334]], '9', 0.9979432678694735), ([[75, 317], [183, 317], [183, 359], [75, 359]], '근 주문에', 0.5634672019076654), ([[1312, 328], [1498, 328], [1498, 378], [1312, 378]], '결길 것 같지만', 0.5095577146619753), ([[75, 369], [181, 369], [181, 401], [75, 401]], '마스터와', 0.9700204133987427), ([[1331, 383], [1485, 383], [1485, 427], [1331, 427]], '힘내자 토토_', 0.4519083576742647), ([[95, 421], [161, 421], [161, 461], [95, 461]], '토토는', 0.9948089235391198), ([[1335, 431], [1473, 431], [1473, 471], [1335, 471]], '[네 마스터', 0.6772806816506303), ([[75, 467], [179, 467], [179, 511], [75, 511]], '긴장하고', 0.9996599555015564), ([[1373, 485], [1443, 485], [1443, 527], [1373, 527]], '토토는', 0.9975030154037429), ([[70, 518], [182, 518], [182, 566], [70, 566]], '있습니다 .', 0.7229387987614388), ([[78, 538], [102, 538], [102, 562], [78, 562]], '4', 0.07736736843910208), ([[1347, 535], [1469, 535], [1469, 577], [1347, 577]], '약간 기뻐', 0.9076695717428689), ([[1351, 587], [1467, 587], [1467, 625], [1351, 625]], '보이네요?', 0.9748915276827881)]
[([[93, 279], [193, 279], [193, 319], [93, 319]], '마스터는', 0.7855426669120789), ([[98, 324], [186, 324], [186, 372], [98, 372]], '천천히', 0.9868829784162555), ([[1325, 317], [1509, 317], [1509, 359], [1325, 359]], '토토의 자궁에서', 0.4198310897146526), ([[80, 382], [152, 382], [152, 414], [80, 414]], '토토의', 0.981710846590989), ([[154, 374], [208, 374], [208, 426], [154, 426]], '질흘', 0.17644250499191785), ([[1352, 364], [1480, 364], [1480, 414], [1352, 414]], '만들어지논', 0.5695576868942507), ([[93, 431], [195, 431], [195, 473], [93, 473]], '부드럽게', 0.7462694048881531), ([[1336, 414], [1496, 414], [1496, 464], [1336, 464]], '마수는 인간을', 0.7435299210680619), ([[104, 478], [182, 478], [182, 526], [104, 526]], '만들고', 0.9953113604732315), ([[1361, 471], [1473, 471], [1473, 515], [1361, 515]], '잘 따르고', 0.9693230844380389), ([[86, 530], [196, 530], [196, 578], [86, 578]], '있습니다 .', 0.4597794155952552), ([[1334, 516], [1498, 516], [1498, 570], [1334, 570]], '위험한 숲속올', 0.16000712029164899), ([[1351, 571], [1481, 571], [1481, 615], [1351, 615]], '이동하늘데', 0.5664335611927186), ([[254, 559], [330, 559], [330, 668], [254, 668]], '8', 0.04336405995401549), ([[1343, 621], [1485, 621], [1485, 665], [1343, 665]], '편리합니다.', 0.9255141126179279), ([[610.0864055220114, 24.041820189924827], [686.0346282059104, 15.850039604453325], [697.9135944779886, 152.95817981007517], [621.9653717940896, 161.14996039554669]], '숨', 0.0030876612734154207), ([[669.4872536463122, 771.0263603692285], [759.7891314261058, 839.5632605721682], [730.5127463536878, 877.9736396307715], [640.2108685738942, 809.4367394278318]], '&80', 0.0234320372314065), ([[816.3768986616567, 823.024302869206], [879.2544243629187, 816.3242218119673], [895.6231013383433, 966.975697130794], [832.7455756370813, 974.6757781880327]], '호', 0.045993341034930246)]
[([[1306, 278], [1504, 278], [1504, 326], [1306, 326]], '마수는 너무 커서', 0.43665624771301254), ([[1347, 331], [1423, 331], [1423, 375], [1347, 375]], '만드는', 0.997940336719576), ([[1430, 336], [1464, 336], [1464, 364], [1430, 364]], '데', 0.9987531021345184), ([[1367, 383], [1449, 383], [1449, 423], [1367, 423]], '시간이', 0.9985362248961626), ([[1346, 430], [1462, 430], [1462, 478], [1346, 478]], '걸립니다.', 0.8569906821253588), ([[1317, 485], [1495, 485], [1495, 527], [1317, 527]], '마스터와 토토는', 0.9866167546583758), ([[1351, 530], [1458, 530], [1458, 580], [1351, 580]], '밤새도록', 0.9964250326156616), ([[1337, 585], [1473, 585], [1473, 629], [1337, 629]], '계속합니다 .', 0.7371061435087679)]
[([[1247, 234], [1577, 234], [1577, 477], [1247, 477]], "' ;", 0.11764205939791507), ([[117, 699], [219, 699], [219, 741], [117, 741]], '흐아.', 0.432009420821329), ([[131, 769], [203, 769], [203, 805], [131, 805]], '자지', 0.9999871030887143), ([[107, 827], [227, 827], [227, 887], [107, 887]], '들어오고', 0.9991163015365601), ([[93, 897], [163, 897], [163, 933], [93, 933]], '이어', 0.9997266464846524), ([[102, 922], [128, 922], [128, 946], [102, 946]], '증', 0.037065341782867245), ([[1133.02191709277, 73.0251915997398], [1378.4119330994422, 151.30950753740447], [1323.97808290723, 304.9748084002602], [1078.5880669005578, 227.69049246259553]], '(', 0.9997285788675505)]
[([[427, 9], [669, 9], [669, 97], [427, 97]], '( `광흔드', 0.0012192290451314787), ([[1414, 344], [1488, 344], [1488, 398], [1414, 398]], '@', 0.9999294293456842), ([[261, 365], [386, 365], [386, 434], [261, 434]], '~의~-', 0.00022849782544653863), ([[475, 493], [559, 493], [559, 555], [475, 555]], '(', 0.011996243546541274), ([[82, 742], [246, 742], [246, 792], [82, 792]], '아아앗0 0', 0.12297031329809179), ([[76, 792], [256, 792], [256, 916], [76, 916]], '잔플퓨리 9', 0.005840533752390057), ([[294, 844], [390, 844], [390, 916], [294, 916]], '(당 `', 0.27630342160316435), ([[1475, 700], [1600, 700], [1600, 953], [1475, 953]], '$"', 0.2308535863740863), ([[305, 953], [395, 953], [395, 1017], [305, 1017]], '(89', 0.11585794987118031), ([[852, 1020], [882, 1020], [882, 1046], [852, 1046]], '~', 0.25647203923643147), ([[1275.2317787204026, 181.01968504785117], [1474.9771009816484, 299.17147952016416], [1409.7682212795974, 405.98031495214883], [1210.0228990183516, 287.82852047983584]], '{/*.', 0.008014537394046783), ([[1090.8436118307445, 307.0418432642737], [1333.1145064409113, 345.75102914395126], [1305.1563881692555, 476.9581567357263], [1063.8854935590887, 439.24897085604874]], '님물교', 0.012487740591142608), ([[955.0574282752855, 1003.5033708955139], [1068.7379509397158, 994.5760186896321], [1069.9425717247145, 1028.4966291044861], [956.2620490602841, 1037.423981310368]], "'내 -", 0.11419474927419464)]
[([[556, 0], [700, 0], [700, 95], [556, 95]], '"', 0.029683632663207726), ([[791, 73], [869, 73], [869, 135], [791, 135]], '6', 0.5048163509991923), ([[1378, 292], [1514, 292], [1514, 344], [1378, 344]], '모든 정액올', 0.4871706540623951), ([[1381, 349], [1515, 349], [1515, 393], [1381, 393]], '토토의 짙이', 0.5753875707930263), ([[1419, 399], [1481, 399], [1481, 441], [1419, 441]], '받아', 0.9825740959888637), ([[1393, 449], [1501, 449], [1501, 493], [1393, 493]], '들입니다.', 0.8231199167989133), ([[470, 486], [564, 486], [564, 562], [470, 562]], '(', 0.0025623275328554573), ([[1406, 504], [1490, 504], [1490, 534], [1406, 534]], '아기가', 0.9999602877832519), ([[1385, 549], [1509, 549], [1509, 597], [1385, 597]], '생길까요?', 0.775757657873298), ([[173, 777], [237, 777], [237, 839], [173, 839]], '(전', 0.02268009745283221), ([[960, 991], [1079, 991], [1079, 1036], [960, 1036]], "~'", 0.22762111094919005), ([[656.1085781235672, 38.13833124025691], [789.8522686891105, 18.47963556076796], [799.8914218764328, 131.86166875974308], [666.1477313108895, 151.52036443923205]], '용요', 0.24114700115354096), ([[1126.911399918824, 134.04565903400473], [1303.0654901139967, 166.1601706322386], [1278.088600081176, 278.9543409659953], [1101.9345098860033, 246.8398293677614]], '3', 0.06662675000257767), ([[1232.2647608449925, 240.0300823089092], [1340.9761196777174, 314.3448087826484], [1295.7352391550075, 379.9699176910908], [1186.0238803222826, 305.6551912173516]], '(0체', 0.010961498077470594), ([[1056.1075368557226, 329.02490971743487], [1141.4817092466074, 253.00725301263935], [1375.8924631442774, 539.9750902825651], [1290.5182907533926, 616.9927469873606]], '8', 0.6894681252195056), ([[204.37189129289175, 846.0329672824715], [248.44651954892976, 827.0166380443413], [299.62810870710825, 952.9670327175285], [256.55348045107024, 972.9833619556587]], '8', 0.15118145011047446), ([[158.17960583409956, 913.0421765907657], [219.61491095580928, 896.1646912884809], [250.82039416590044, 1025.9578234092342], [189.38508904419072, 1042.835308711519]], '[탑', 0.07091469529917904)]
[([[145, 177], [233, 177], [233, 221], [145, 221]], '잠시 후', 0.9984356276715238), ([[124, 230], [260, 230], [260, 262], [124, 262]], '토토의 배가', 0.938973042007895), ([[133, 279], [247, 279], [247, 323], [133, 323]], '커다람게', 0.3790881633758545), ([[118, 326], [256, 326], [256, 376], [118, 376]], '되엇습니다 .', 0.3154387305683087), ([[151, 379], [234, 379], [234, 421], [151, 421]], '무사히', 0.9996355777932695), ([[152, 428], [228, 428], [228, 478], [152, 478]], '마수름', 0.5656380907202457), ([[122, 480], [258, 480], [258, 528], [122, 528]], '임신햇네요', 0.8333670904351513), ([[799.2281155986319, 988.0599398312445], [901.9863387722835, 1020.6306415724234], [887.7718844013681, 1061.9400601687555], [784.0136612277165, 1029.3693584275766]], '0?0', 0.891588187418675)]
[([[1082, 189], [1200, 189], [1200, 249], [1082, 249]], '풍요로운', 0.81733638048172), ([[1086, 256], [1196, 256], [1196, 310], [1086, 310]], '자연에', 0.9997702639653605), ([[1076, 324], [1208, 324], [1208, 380], [1076, 380]], '둘러싸인', 0.9985905885696411), ([[1085, 383], [1199, 383], [1199, 446], [1085, 446]], '마법의', 0.765925744144082), ([[499, 401], [665, 401], [665, 537], [499, 537]], ':', 0.15963097893649447), ([[1073, 459], [1213, 459], [1213, 495], [1073, 495]], '나라에서', 0.9902508854866028), ([[1081, 517], [1205, 517], [1205, 579], [1081, 579]], '도구점올', 0.9484373927116394), ([[1077, 583], [1209, 583], [1209, 643], [1077, 643]], '운영하는', 0.6118022203445435), ([[1075, 651], [1211, 651], [1211, 695], [1075, 695]], '마스터와', 0.9550774230795497), ([[1057, 719], [1229, 719], [1229, 761], [1057, 761]], '마녀 토토의', 0.719971775973008), ([[1091, 787], [1195, 787], [1195, 823], [1091, 823]], '이야기', 0.9999720568930481)]
[([[134, 208], [204, 208], [204, 240], [134, 240]], '토토의', 0.9791429625386643), ([[139, 257], [197, 257], [197, 299], [139, 299]], '배는', 0.9798984955049712), ([[138, 304], [198, 304], [198, 352], [138, 352]], '점점', 0.9998845195881492), ([[126, 362], [212, 362], [212, 392], [126, 392]], '커다래', 0.9999164462919578), ([[123, 411], [209, 411], [209, 453], [123, 453]], '집니다,', 0.9106941223144531), ([[576, 1054], [705, 1054], [705, 1117], [576, 1117]], '9요의', 0.012460475915969505), ([[653, 1111], [768, 1111], [768, 1175], [653, 1175]], '@ $', 0.567755429995847), ([[765, 1169], [797, 1169], [797, 1185], [765, 1185]], '09', 0.9863140204225398)]
[([[173, 203], [285, 203], [285, 243], [173, 243]], '커다래진', 0.996444582939148), ([[154, 256], [216, 256], [216, 286], [154, 286]], '배가', 0.9998490333265065), ([[214, 250], [306, 250], [306, 300], [214, 300]], '활발히', 0.9996477593245761), ([[158, 300], [294, 300], [294, 350], [158, 350]], '움직입니다.', 0.9402570332127287), ([[189, 357], [271, 357], [271, 395], [189, 395]], '마수가', 0.9947848320007324), ([[150, 404], [306, 404], [306, 452], [150, 452]], '슬슬 나오려고', 0.8504294103320587), ([[155, 457], [301, 457], [301, 501], [155, 501]], '하는 걸지도!', 0.7492012996259095), ([[55, 845], [123, 845], [123, 907], [55, 907]], '80', 0.21996268824541398), ([[122, 922], [154, 922], [154, 956], [122, 956]], '0', 0.16537089358712453), ([[1094, 880], [1196, 880], [1196, 1024], [1094, 1024]], '(중이', 0.3853046299453978), ([[61.34173543490185, 906.2442560653724], [132.097320290193, 875.861264063998], [153.65826456509816, 928.7557439346276], [81.90267970980699, 959.138735936002]], '8애', 0.07634673230208726)]
[([[117, 93], [165, 93], [165, 131], [117, 131]], '0 0', 0.9074992537498474), ([[144, 98], [220, 98], [220, 180], [144, 180]], '4', 0.0075973251528994035), ([[1105, 165], [1239, 165], [1239, 281], [1105, 281]], '(8', 0.6780429668972582), ([[1225, 181], [1261, 181], [1261, 227], [1225, 227]], '0', 0.9514819639187841), ([[1400, 288], [1474, 288], [1474, 320], [1400, 320]], '드디어', 0.9999044019713106), ([[1124, 286], [1202, 286], [1202, 382], [1124, 382]], '8', 0.32311504397335966), ([[1406, 332], [1464, 332], [1464, 382], [1406, 382]], '출산', 0.9996494405139158), ([[1163, 383], [1203, 383], [1203, 429], [1163, 429]], '9', 0.9995244114942494), ([[1396, 388], [1478, 388], [1478, 420], [1396, 420]], '입니다', 0.9963783176714135)]
[([[254, 124], [366, 124], [366, 226], [254, 226]], "'@0", 0.37188282766829633), ([[1355, 359], [1497, 359], [1497, 403], [1355, 403]], '마수의 발이', 0.5329414537407835), ([[1085, 357], [1177, 357], [1177, 499], [1085, 499]], '중', 0.5439244665240608), ([[1355, 411], [1495, 411], [1495, 451], [1355, 451]], '보이기 시작', 0.8856090386335276), ([[1366, 458], [1480, 458], [1480, 506], [1366, 506]], '햇습니다 .', 0.7302650703899555), ([[1377, 483], [1399, 483], [1399, 501], [1377, 501]], '4', 0.0836950904654401), ([[1135, 493], [1223, 493], [1223, 593], [1135, 593]], '쇼', 0.0550307244366357), ([[1381, 511], [1471, 511], [1471, 555], [1381, 555]], '힘내라', 0.9958775970688545), ([[1375, 560], [1474, 560], [1474, 600], [1375, 600]], '힘내라!', 0.8887453079223633), ([[95.27558314492704, -13.981245302907974], [310.9927216007558, 99.5486218838466], [251.72441685507295, 206.98124530290798], [35.0072783992442, 92.4513781161534]], '\'{장@"', 0.1178424132103644), ([[1015.2127772401163, 118.01937797436153], [1133.8402852563488, 107.10399153717768], [1150.7872227598837, 352.98062202563847], [1033.1597147436512, 363.89600846282235]], "'", 0.4598687457809234)]
[([[0, 0], [240, 0], [240, 156], [0, 156]], '(8', 0.05110119308864447), ([[1430, 108], [1534, 108], [1534, 140], [1430, 140]], '마스터가', 0.9997575879096985), ([[178, 156], [254, 156], [254, 236], [178, 236]], '(', 0.24795935457043417), ([[1442, 152], [1518, 152], [1518, 202], [1442, 202]], '발목올', 0.6372674446835178), ([[0, 158], [132, 158], [132, 286], [0, 286]], '상', 0.057727003792224174), ([[1148, 198], [1264, 198], [1264, 302], [1148, 302]], '중', 0.1388568261600165), ([[1422, 204], [1538, 204], [1538, 252], [1422, 252]], '잡고 끌어', 0.6536804442946875), ([[1423, 257], [1533, 257], [1533, 301], [1423, 301]], '당길니다', 0.2428029328584671), ([[1451, 309], [1513, 309], [1513, 353], [1451, 353]], '힘내', 0.9883425434794284), ([[1440, 356], [1518, 356], [1518, 404], [1440, 404]], '앞으로', 0.999313084147066), ([[1437, 413], [1489, 413], [1489, 455], [1437, 455]], '조금;', 0.9809724250074181), ([[1132.1478758857115, -45.979818811485515], [1328.9694529365827, 68.95178191203269], [1249.8521241142885, 200.9798188114855], [1053.0305470634173, 85.04821808796731]], '88.', 0.31342537240293566)]
[([[1080, 212], [1250, 212], [1250, 390], [1080, 390]], '&', 0.07795927324993102), ([[1379, 343], [1465, 343], [1465, 385], [1379, 385]], '거대한', 0.9997633128055177), ([[1381, 397], [1463, 397], [1463, 435], [1381, 435]], '마수가', 0.9594859480857849), ([[1133, 375], [1241, 375], [1241, 521], [1133, 521]], '5', 0.9692308432602239), ([[1347, 443], [1493, 443], [1493, 485], [1347, 485]], '무사히 태어', 0.9992875709805856), ([[1360, 494], [1474, 494], [1474, 544], [1360, 544]], '낫습니다 ,', 0.3902032433826217), ([[1202, 494], [1280, 494], [1280, 588], [1202, 588]], '4', 0.1702137587373933), ([[12.460689136061408, 195.01819921370887], [70.44131592492803, 179.01218175880265], [117.5393108639386, 358.98180078629116], [59.55868407507197, 375.9878182411973]], '(', 0.47056074013383764)]
[([[1275, 401], [1453, 401], [1453, 443], [1275, 443]], '마스터와 토토는', 0.9807908944682411), ([[1307, 451], [1425, 451], [1425, 495], [1307, 495]], '산 중턱에', 0.9039726286850757), ([[1278, 498], [1444, 498], [1444, 548], [1278, 548]], '찾아똑습니다.', 0.14802823015389385), ([[1266, 550], [1464, 550], [1464, 600], [1266, 600]], '날씨가 중은 날은', 0.6699535799369849), ([[1250, 602], [1478, 602], [1478, 650], [1250, 650]], '가끔 나오서 장사흘', 0.5266600374830959), ([[1274, 654], [1449, 654], [1449, 699], [1274, 699]], '하기도 합니다,', 0.8691291086521882), ([[1436, 860], [1460, 860], [1460, 868], [1436, 868]], "'하 ", 0.02608240395784378), ([[1358, 872], [1480, 872], [1480, 880], [1358, 880]], '5   구3 국 - 나전  {자 = 515 소힘 3다', 1.0517016815150466e-05)]
[([[439, 385], [487, 385], [487, 425], [439, 425]], '0', 0.7396775317482849), ([[1225, 449], [1275, 449], [1275, 485], [1225, 485]], '[저', 0.6436729792396855), ([[1285, 453], [1499, 453], [1499, 493], [1285, 493]], '저기  . 마스터   !', 0.2761770796619743), ([[1301, 501], [1423, 501], [1423, 545], [1301, 545]], '토토는 조금', 0.9979498189910564), ([[1276, 550], [1448, 550], [1448, 598], [1276, 598]], '안절부절못하는', 0.4623040651409273), ([[1300, 600], [1430, 600], [1430, 650], [1300, 650]], '모습입니다', 0.9589996596602934), ([[240, 606], [364, 606], [364, 846], [240, 846]], '터', 0.0069365718271519605), ([[1358, 872], [1480, 872], [1480, 880], [1358, 880]], '5 구러오 국;  순간  {자 = "5+5+ "다 랗', 9.058136758511898e-06), ([[351.4257255601345, 674.0275458253983], [396.7617848127924, 664.0485561500592], [424.5742744398655, 789.9724541746017], [379.2382151872076, 800.9514438499408]], '@', 0.025502668945114104)]
[([[157, 321], [293, 321], [293, 363], [157, 363]], '어째서인지', 0.9693010315421918), ([[1323, 337], [1453, 337], [1453, 373], [1323, 373]], '마스터오 .', 0.4224560513465718), ([[132, 363], [316, 363], [316, 419], [132, 419]], '토토는 발정하고', 0.9875590082277071), ([[1336, 384], [1446, 384], [1446, 432], [1336, 432]], '오랜만의', 0.9993329644203186), ([[154, 420], [280, 420], [280, 468], [154, 468]], '있는 모습;', 0.22860130052427022), ([[1322, 436], [1444, 436], [1444, 484], [1322, 484]], '외출이라 ;', 0.5918660072990295), ([[128, 470], [320, 470], [320, 520], [128, 520]], '집중하지 않으면', 0.974929811554659), ([[1322, 492], [1456, 492], [1456, 520], [1322, 520]], '기버저서.  .', 0.09505336945065668), ([[138, 522], [308, 522], [308, 570], [138, 570]], '상품이 제대로', 0.9447747785066342), ([[1290, 538], [1488, 538], [1488, 588], [1290, 588]], '집중이 되지 않는', 0.2847490895680285), ([[118, 568], [334, 568], [334, 623], [118, 623]], '만들어지지 안논데', 0.5637537792919327), ([[1339, 593], [1437, 593], [1437, 637], [1339, 637]], '걸지도  ', 0.5640925019933343)]
[([[1174, 34], [1204, 34], [1204, 70], [1174, 70]], '1', 0.046559145599483154), ([[467, 17], [575, 17], [575, 151], [467, 151]], '0', 0.9875954048921045), ([[427, 123], [559, 123], [559, 233], [427, 233]], '@', 0.9919908127323573), ([[1106, 258], [1130, 258], [1130, 312], [1106, 312]], '8', 0.9307493322938996), ([[115, 443], [319, 443], [319, 491], [115, 491]], '[마스터 ! 으으;', 0.5802209966397464), ([[1323, 439], [1391, 439], [1391, 483], [1323, 483]], '[좋아', 0.9681403955453982), ([[1403, 441], [1457, 441], [1457, 483], [1403, 483]], '그럼', 0.9998288037937433), ([[137, 499], [311, 499], [311, 543], [137, 543]], '죄송합니다  !', 0.4819973804820722), ([[1302, 488], [1464, 488], [1464, 538], [1302, 538]], '조금 놀아불까 _', 0.38615602799746485), ([[262, 860], [290, 860], [290, 864], [262, 864]], ' - - 너_', 0.16253391284598953), ([[1119.6107541684355, 12.00842129086278], [1189.651679370667, 20.77411173344509], [1157.3892458315645, 260.99157870913723], [1087.348320629333, 251.2258882665549]], ':', 0.0040511343400773114)]
[([[1212, 178], [1392, 178], [1392, 230], [1212, 230]], '마법 도구점은', 0.9959156737355834), ([[126, 230], [368, 230], [368, 286], [126, 286]], '하지만 모험가들은', 0.7881916531844965), ([[1232, 240], [1370, 240], [1370, 288], [1232, 288]], '키라리 산', 0.8875921961066149), ([[150, 288], [340, 288], [340, 342], [150, 342]], '각자의 사명올', 0.6503969540665696), ([[1188, 294], [1408, 294], [1408, 348], [1188, 348]], '기숙에 잇습니다', 0.3986143909251003), ([[1294, 320], [1320, 320], [1320, 344], [1294, 344]], '증', 0.018777148886450767), ([[148, 346], [344, 346], [344, 398], [148, 398]], '완수하기 위해', 0.7864816340070255), ([[1189, 356], [1412, 356], [1412, 404], [1189, 404]], '귀라리 산에서는', 0.32565506167017405), ([[153, 412], [247, 412], [247, 444], [153, 444]], '키라리', 0.9429362709137948), ([[252, 406], [338, 406], [338, 456], [252, 456]], '산으로', 0.9934792288971933), ([[1197, 417], [1281, 417], [1281, 455], [1197, 455]], '고가의', 0.9995671000636903), ([[1283, 407], [1415, 407], [1415, 468], [1283, 468]], '마법석이', 0.8819433450698853), ([[120, 464], [368, 464], [368, 518], [120, 518]], '들어가눈 것입니다.', 0.6323428782441912), ([[1244, 470], [1358, 470], [1358, 524], [1244, 524]], '발굴되고', 0.4254848062992096), ([[144, 522], [350, 522], [350, 578], [144, 578]], '그런 모험가들올', 0.9252536652582175), ([[1192, 530], [1410, 530], [1410, 582], [1192, 582]], '어떤 질병이라도', 0.9804115286206884), ([[146, 577], [344, 577], [344, 632], [146, 632]], '지행하는 것이', 0.19388478582630989), ([[1176, 586], [1430, 586], [1430, 642], [1176, 642]], '고칠 수 있는 약초틀', 0.1713561280839585), ([[186, 642], [309, 642], [309, 684], [186, 684]], '마스터와', 0.8327736854553223), ([[1182, 644], [1422, 644], [1422, 700], [1182, 700]], '채집할 수 잇지만', 0.36665079690649655), ([[149, 697], [304, 697], [304, 741], [149, 741]], '마녀 코코의', 0.9973962394744517), ([[1202, 704], [1402, 704], [1402, 758], [1202, 758]], '흉쪽한 본스터도', 0.06951751227759223), ([[192, 756], [296, 756], [296, 808], [192, 808]], '입니다.', 0.9822710156440735), ([[1202, 762], [1402, 762], [1402, 814], [1202, 814]], '살고 있어 매우', 0.9892480013513514), ([[1184, 820], [1414, 820], [1414, 872], [1184, 872]], '위험한 곳입니다.', 0.6679626560214564)]
[([[1326, 246], [1508, 246], [1508, 298], [1326, 298]], '괜찮아 괜찮아', 0.8999513353907861), ([[1449, 273], [1475, 273], [1475, 293], [1449, 293]], '4', 0.6488866659396741), ([[1314, 300], [1520, 300], [1520, 348], [1314, 348]], '아직 시간 남맛고', 0.32456625805895106), ([[131, 685], [285, 685], [285, 721], [131, 721]], '으으 마스터..', 0.764538697430367), ([[151, 735], [275, 735], [275, 779], [151, 779]], '가슴으로 ', 0.45273501497087254), ([[1272, 942], [1302, 942], [1302, 974], [1272, 974]], '9', 0.9882361816357985), ([[1257.4127797804854, 795.0172562682501], [1330.302714135189, 825.1684287122426], [1264.5872202195146, 984.9827437317499], [1191.697285864811, 954.8315712877574]], '@', 0.981855838301815)]
[([[1332, 372], [1482, 372], [1482, 424], [1332, 424]], '토토의 가슴을', 0.7256777012960666), ([[1340, 428], [1474, 428], [1474, 460], [1340, 460]], '마사지하여', 0.6002115473528146), ([[1349, 477], [1465, 477], [1465, 521], [1349, 521]], '편안하게', 0.9197468757629395), ([[1355, 531], [1465, 531], [1465, 573], [1355, 573]], '해;시다', 0.19538961350917816), ([[238, 888], [372, 888], [372, 1010], [238, 1010]], '굶', 0.017488457363956655), ([[1173, 815], [1289, 815], [1289, 1026], [1173, 1026]], '중', 0.10334496793893777), ([[294, 996], [416, 996], [416, 1096], [294, 1096]], '@$', 0.35642023704592746)]
[([[1384, 338], [1428, 338], [1428, 370], [1384, 370]], '토토', 0.9745072803784065), ([[1340, 382], [1472, 382], [1472, 430], [1340, 430]], '기분 좋아?', 0.9469655757865665), ([[128, 498], [316, 498], [316, 550], [128, 550]], '아앗:" 호맛:', 0.15753914082857795), ([[146, 558], [310, 558], [310, 608], [146, 608]], '후앗:. 0 0', 0.16880056973291796), ([[1253, 637], [1369, 637], [1369, 829], [1253, 829]], '$', 0.03190542759015447), ([[307, 983], [371, 983], [371, 1055], [307, 1055]], '큰', 0.5759997570254463), ([[327, 1045], [397, 1045], [397, 1107], [327, 1107]], '0 ))', 0.9001986383228172), ([[316.58172471839407, 839.0109421213264], [375.3401177329985, 817.007233274535], [456.41827528160593, 1045.9890578786737], [397.6598822670015, 1067.992766725465]], '통', 0.00945190584205613), ([[1152.9379878872114, 848.0434522239799], [1241.8480596529641, 815.1320290830649], [1300.0620121127886, 995.9565477760201], [1211.1519403470359, 1028.867970916935]], '총', 0.07982280224547722)]
[([[1067, 11], [1109, 11], [1109, 57], [1067, 57]], '@', 0.9995623113920828), ([[414, 46], [470, 46], [470, 112], [414, 112]], '0', 0.32402268000683776), ([[1084, 54], [1132, 54], [1132, 108], [1084, 108]], '0', 0.726198264179434), ([[493, 177], [529, 177], [529, 217], [493, 217]], '8', 0.9492212855932394), ([[1139, 120], [1202, 120], [1202, 211], [1139, 211]], '%', 0.055492852163113504), ([[1137, 225], [1175, 225], [1175, 265], [1137, 265]], '@', 0.9732038198345414), ([[1262, 286], [1390, 286], [1390, 318], [1262, 318]], '마스터어어', 0.9991897785566343), ([[1418, 288], [1478, 288], [1478, 320], [1418, 320]], '0 0', 0.748766303062439), ([[1254, 332], [1486, 332], [1486, 380], [1254, 380]], '조금만 더 놀자 " 0', 0.2783863509121443), ([[1296, 382], [1462, 382], [1462, 430], [1296, 430]], '서로 빨아주기', 0.9969179397984109), ([[1300, 431], [1438, 431], [1438, 482], [1300, 482]], '놀이하자0', 0.6693998801842189), ([[1212, 716], [1286, 716], [1286, 804], [1212, 804]], '@', 0.12332275748485699), ([[1234, 800], [1306, 800], [1306, 876], [1234, 876]], '@매', 0.034523614803186574), ([[1273, 917], [1313, 917], [1313, 957], [1273, 957]], '@', 0.9819743191070671), ([[180.1132466948843, 959.0437916183316], [236.48317316378547, 917.0129791535905], [348.8867533051157, 1077.9562083816684], [292.51682683621453, 1120.9870208464095]], '8', 0.04023595934992219)]
[([[167, 143], [241, 143], [241, 179], [167, 179]], '아무도', 0.9999412232412648), ([[130, 188], [276, 188], [276, 240], [130, 240]], '찾울 수 없는', 0.691468171763765), ([[134, 240], [272, 240], [272, 288], [134, 288]], '수풀 속에서', 0.9434565427634511), ([[122, 292], [286, 292], [286, 340], [122, 340]], '조금 더 놀기로', 0.7831030315131786), ([[144, 340], [260, 340], [260, 390], [144, 390]], '햇습니다.', 0.9895788556290331), ([[130, 398], [204, 398], [204, 430], [130, 430]], '토토가', 0.6308054327964783), ([[204, 392], [282, 392], [282, 444], [204, 444]], '집중올', 0.8220594586932161), ([[134, 448], [192, 448], [192, 480], [134, 480]], '하지', 0.9998386656759896), ([[194, 444], [276, 444], [276, 494], [194, 494]], '않으면', 0.3847936763317821), ([[138, 494], [270, 494], [270, 544], [138, 544]], '중은 상품은', 0.6373492928170341), ([[160, 546], [250, 546], [250, 594], [160, 594]], '만들 수', 0.44799777730290935), ([[134, 591], [267, 591], [267, 647], [134, 647]], '없으니 "', 0.45064157672249777)]
[([[1387, 223], [1523, 223], [1523, 265], [1387, 265]], '으옷;. 0 0', 0.29933963403756064), ([[1406, 276], [1508, 276], [1508, 308], [1406, 308]], '마스터의', 0.9998631477355957), ([[1368, 328], [1424, 328], [1424, 356], [1368, 356]], '자지', 0.9999621523398174), ([[1429, 327], [1543, 327], [1543, 369], [1429, 369]], '좋아   0', 0.43477361679859855), ([[1320, 826], [1372, 826], [1372, 886], [1320, 886]], '대', 0.020143507061970434), ([[1400.401779182893, 547.0105287941625], [1522.4617562345688, 598.4369281092703], [1411.598220817107, 864.9894712058375], [1289.5382437654312, 814.5630718907297]], '흙', 0.04345492058838851)]
[([[1355, 253], [1411, 253], [1411, 297], [1355, 297]], '점점', 0.9999851643415568), ([[1417, 253], [1549, 253], [1549, 295], [1417, 295]], '단단해지고', 0.9988940766677328), ([[1367, 303], [1507, 303], [1507, 345], [1367, 345]], '커지고 있어', 0.9611144233836498), ([[1502, 308], [1532, 308], [1532, 340], [1502, 340]], '0', 0.889273653989008), ([[497, 379], [559, 379], [559, 443], [497, 443]], '3', 0.5790495728144975), ([[183.0955116463432, 495.0455652987975], [355.80747865859087, 533.1484277820008], [335.9044883536568, 611.9544347012024], [162.19252134140913, 573.8515722179992]], '*46', 0.06713654927198849)]
[([[1409, 195], [1497, 195], [1497, 237], [1409, 237]], '아양 0', 0.17286835610866547), ([[1374, 242], [1536, 242], [1536, 292], [1374, 292]], '거기록 #으면', 0.14663604710387265), ([[1349, 297], [1557, 297], [1557, 337], [1349, 337]], '안대애 0 0 0 0', 0.10853465005966176), ([[1321, 699], [1385, 699], [1385, 785], [1321, 785]], '3', 0.5738430825779552), ([[373.89192471727034, 239.04098368314936], [488.7692307692308, 217.15384615384616], [517.1080752827297, 403.95901631685064], [402.2307692307692, 424.84615384615387]], '호"', 0.18661460837107827), ([[1406.393592685446, 592.0263158826302], [1460.679581812611, 618.9082582640328], [1410.606407314554, 720.9736841173698], [1356.320418187389, 694.0917417359672]], '8', 0.003650291788623916)]
[([[1428, 142], [1502, 142], [1502, 172], [1428, 172]], '토토. .', 0.4220672388759109), ([[1506, 136], [1560, 136], [1560, 188], [1506, 188]], '슬슬', 0.6529335069469514), ([[1411, 189], [1565, 189], [1565, 233], [1411, 233]], '한계일지도 ', 0.9092227958752847), ([[747, 337], [793, 337], [793, 381], [747, 381]], '응응', 0.6856978329322797), ([[687, 389], [825, 389], [825, 431], [687, 431]], '토토의 입에', 0.9598378490825783), ([[829, 389], [883, 389], [883, 433], [829, 433]], '말고', 0.9996979890427956), ([[748, 444], [826, 444], [826, 476], [748, 476]], '보지에', 0.9982439172121891), ([[96, 474], [168, 474], [168, 546], [96, 546]], '3', 0.9979768505832567), ([[694, 488], [870, 488], [870, 536], [694, 536]], '뜻뜻 해주: 0', 0.23524857439444757), ([[156, 526], [204, 526], [204, 580], [156, 580]], '3', 0.7783159671171234), ([[351.99540215650944, 280.0360899754813], [537.3088915833312, 327.6556467888608], [502.00459784349056, 446.9639100245187], [317.6911084166688, 399.3443532111392]], '0이=', 0.11721197034533051)]
[([[1310, 276], [1486, 276], [1486, 324], [1310, 324]], '잔뜩 논 덕분에', 0.8485542790952528), ([[1324, 326], [1474, 326], [1474, 374], [1324, 374]], '토토의 자궁은', 0.49844848298476024), ([[1360, 376], [1436, 376], [1436, 428], [1360, 428]], '상품올', 0.9304080095385256), ([[1328, 428], [1472, 428], [1472, 478], [1328, 478]], '만들 준비가', 0.9748479136251551), ([[1334, 480], [1466, 480], [1466, 528], [1334, 528]], '되엇습니다', 0.6428749339753204)]
[([[25, 17], [111, 17], [111, 119], [25, 119]], '형', 0.0337592120959016), ([[1246, 130], [1488, 130], [1488, 180], [1246, 180]], '모험은 다양한 도구름', 0.3093416871964218), ([[1247, 185], [1481, 185], [1481, 229], [1247, 229]], '필요로 하게 덥니다,', 0.28057968450902737), ([[1272, 234], [1460, 234], [1460, 284], [1272, 284]], '마법석의 장소홀', 0.410475936762629), ([[1266, 284], [1462, 284], [1462, 334], [1266, 334]], '찾아내는 성수정 ,', 0.5538219981470119), ([[1288, 336], [1446, 336], [1446, 384], [1288, 384]], '모험의 피로틀', 0.23672055500720923), ([[445, 399], [487, 399], [487, 443], [445, 443]], '&', 0.034885262027623876), ([[1260, 386], [1472, 386], [1472, 436], [1260, 436]], '풀어주는 회복 주스 ,', 0.5440926427078586), ([[1284, 436], [1454, 436], [1454, 484], [1284, 484]], '팀색에 도움이', 0.4312819478510611), ([[1297, 495], [1431, 495], [1431, 535], [1297, 535]], '되는 마수 .', 0.3208005295001964), ([[175, 861], [353, 861], [353, 905], [175, 905]], '마스터와 토토는', 0.973755859773375), ([[168, 910], [356, 910], [356, 960], [168, 960]], '특별한 방법으로', 0.5968241649553863), ([[186, 960], [340, 960], [340, 1012], [186, 1012]], '도구릎 구하고', 0.43470047680118473), ([[206, 1014], [318, 1014], [318, 1062], [206, 1062]], '있습니다 .', 0.5424445358343549)]
[([[1263, 201], [1345, 201], [1345, 243], [1263, 243]], '후후후 ~', 0.5991106207637036), ([[1246, 256], [1362, 256], [1362, 288], [1246, 288]], '이제 보지', 0.9988364147786903), ([[1190, 300], [1410, 300], [1410, 350], [1190, 350]], '끈적끈적해9 9 9', 0.23148206279856265), ([[1254, 1010], [1306, 1010], [1306, 1060], [1254, 1060]], '6', 0.36463756644025125)]
[([[1220, 208], [1384, 208], [1384, 256], [1220, 256]], '앗 앗0 0 9', 0.2667472012023947), ([[1229, 263], [1349, 263], [1349, 303], [1229, 303]], '아앗0 0', 0.10434016772556892), ([[1186, 310], [1418, 310], [1418, 358], [1186, 358]], '잔뜩 넘어쥐 0 0 0', 0.51961994280219), ([[976, 892], [1054, 892], [1054, 994], [976, 994]], '"', 0.05506654626405183), ([[1456, 852], [1560, 852], [1560, 958], [1456, 958]], '{상@', 0.019430209201437794), ([[945, 1073], [1021, 1073], [1021, 1137], [945, 1137]], '0', 0.029520361104886428), ([[1096, 1102], [1144, 1102], [1144, 1150], [1096, 1150]], '0', 0.8272866441469127), ([[1198.9462716354556, 846.0370572234685], [1399.108919118883, 889.9070243180618], [1366.0537283645444, 1017.9629427765315], [1165.891080881117, 974.0929756819382]], ':국;', 0.003216899522063605), ([[1061.4202018956437, 898.0280795251289], [1154.8437895778547, 967.6398075982579], [1121.5797981043563, 1012.9719204748711], [1027.1562104221453, 943.3601924017421]], '*^', 0.01869750104387355), ([[1018.8686291501015, 1042.0804040507107], [1117.2133326521493, 1057.5405445443773], [1104.1313708498985, 1127.9195959492893], [1004.7866673478508, 1111.4594554556227]], '54', 0.8212999824567072), ([[1338.0607740540433, 1041.0442049728592], [1552.8229855422398, 1081.1267795012473], [1531.9392259459567, 1166.9557950271408], [1318.1770144577602, 1125.8732204987527]], '0336', 0.12315390259027481)]
[([[518, 24], [702, 24], [702, 146], [518, 146]], '2', 0.5934430395826986), ([[113, 733], [299, 733], [299, 777], [113, 777]], '마스터의 정자는', 0.9441506220958001), ([[134, 782], [274, 782], [274, 830], [134, 830]], '무사히 전부', 0.49981842945782656), ([[1387, 739], [1519, 739], [1519, 851], [1387, 851]], '경', 0.05990346358959986), ([[127, 837], [285, 837], [285, 879], [127, 879]], '토토의 자궁에', 0.3108475793474152), ([[1444, 824], [1522, 824], [1522, 920], [1444, 920]], '5', 0.011064248299207158), ([[160, 884], [252, 884], [252, 934], [160, 934]], '담을 수', 0.37580431271836695), ([[140, 936], [274, 936], [274, 984], [140, 984]], '있어습니다', 0.25284868300879637), ([[147, 961], [171, 961], [171, 979], [147, 979]], '+', 0.03743525996493724), ([[1028, 1086], [1088, 1086], [1088, 1140], [1028, 1140]], '(', 0.7878651942281891), ([[555.9866830797658, 119.04286034123683], [751.4793806272169, 156.50374194094917], [727.0133169202342, 260.9571396587632], [531.5206193727831, 223.49625805905083]], '고사', 0.10636882032902617), ([[1387.0866267888803, 911.0348109343308], [1461.5281221582209, 863.0116270083887], [1578.9133732111197, 1065.9651890656692], [1504.4718778417791, 1113.9883729916114]], '중', 0.018511634127414744), ([[958.9666700642312, 1009.0766894303488], [1077.7876290098868, 1032.2888330227177], [1064.0333299357687, 1089.9233105696512], [945.2123709901131, 1065.7111669772823]], '+2', 0.07081763615506165)]
[([[1288, 196], [1476, 196], [1476, 246], [1288, 246]], '마스터의 정자루', 0.5872992814624471), ([[1320, 248], [1444, 248], [1444, 296], [1320, 296]], '잔뜩 받아', 0.9966501083995195), ([[1305, 301], [1462, 301], [1462, 345], [1305, 345]], '토토는 무사히', 0.9943752655115671), ([[1300, 352], [1462, 352], [1462, 400], [1300, 400]], '임신햇습니다.', 0.5450802842441493), ([[1344, 400], [1420, 400], [1420, 450], [1344, 450]], '무엇올', 0.7850678306804589), ([[1312, 454], [1454, 454], [1454, 502], [1312, 502]], '남제 훨까?', 0.20702812647162921)]
[([[1200, 126], [1320, 126], [1320, 156], [1200, 156]], '에혜해 ...', 0.13706061483509427), ([[1168, 174], [1352, 174], [1352, 222], [1168, 222]], '오늘은 마스터랑', 0.7560936806935052), ([[1188, 226], [1332, 226], [1332, 276], [1188, 276]], '많이 놀아서', 0.8119461630111089), ([[1201, 281], [1317, 281], [1317, 317], [1201, 317]], '기뻐. 0', 0.5277854960072943), ([[451.1143743951309, 832.0218002211567], [663.819090885901, 931.4544155877285], [595.8856256048691, 1070.9781997788432], [383.180909114099, 971.5455844122715]], '{;:', 0.055412144092553135)]
[([[33, 313], [151, 313], [151, 425], [33, 425]], '호', 0.9802991240063399), ([[178, 398], [246, 398], [246, 450], [178, 450]], '(', 0.987658549137965), ([[816.2935252745643, -24.972229013033523], [1009.9990457734215, 44.86894593533852], [979.7064747254357, 119.97222901303353], [786.0009542265785, 48.13105406466148]], '군05', 0.045025965923427454), ([[1323.3280295531479, 724.0150590351994], [1512.701658686885, 872.0232178691845], [1431.6719704468521, 976.9849409648006], [1241.298341313115, 828.9767821308155]], '@02_', 0.13060863316059113)]
[([[422, 0], [596, 0], [596, 174], [422, 174]], '08', 0.3310141471962457), ([[1202, 192], [1238, 192], [1238, 222], [1202, 222]], '마 .', 0.27370826739470283), ([[1250, 190], [1336, 190], [1336, 222], [1250, 222]], '마스터', 0.9997695757314239), ([[1154, 236], [1384, 236], [1384, 284], [1154, 284]], '벌써 나올 것 같아!', 0.8400241209205258), ([[144, 696], [274, 696], [274, 744], [144, 744]], '오늘은 잔뜩', 0.9274448055740122), ([[165, 751], [255, 751], [255, 795], [165, 795]], '나올 것', 0.7764362884626216), ([[153, 801], [263, 801], [263, 845], [153, 845]], '같습니다.', 0.5054650122287956), ([[142, 848], [276, 848], [276, 898], [142, 898]], '슬슬 개점올', 0.8078648147449234), ([[142, 898], [278, 898], [278, 946], [142, 946]], '준비합시다', 0.9982117795091562), ([[1270, 892], [1396, 892], [1396, 966], [1270, 966]], '70', 0.5640018601535941), ([[1339, 959], [1381, 959], [1381, 1052], [1339, 1052]], '용', 0.40257266035553485), ([[929, 1075], [1059, 1075], [1059, 1137], [929, 1137]], '과 ', 0.022209010637661706)]
[([[1235, 239], [1365, 239], [1365, 283], [1235, 283]], '오늘 토토가', 0.8320517764393031), ([[1216, 286], [1380, 286], [1380, 334], [1216, 334]], '제공하는 것은', 0.8240024902149519), ([[1239, 339], [1355, 339], [1355, 383], [1239, 383]], '양수 주스.', 0.8368070319914191), ([[1225, 391], [1373, 391], [1373, 433], [1225, 433]], '체력 회복에', 0.6473692715269075), ([[1213, 441], [1381, 441], [1381, 485], [1213, 485]], '도움이 덥니다,', 0.3446116078518987), ([[1201, 495], [1399, 495], [1399, 531], [1201, 531]], '뒤에서 마스터가', 0.9727643617085585), ([[1200, 540], [1400, 540], [1400, 590], [1200, 590]], '손님들에계 주스트', 0.33511186031254336), ([[1190, 592], [1410, 592], [1410, 642], [1190, 642]], '대접하고 있습니다', 0.6717992688887157)]
[([[1197, 305], [1257, 305], [1257, 341], [1197, 341]], '으으~', 0.9849207825445648), ([[1159, 355], [1293, 355], [1293, 399], [1159, 399]], '가슴도 배도', 0.7840731323419168), ([[1163, 407], [1291, 407], [1291, 451], [1163, 451]], '꿀렇거려서', 0.4732232234586975), ([[1173, 459], [1279, 459], [1279, 497], [1173, 497]], '괴로위;.', 0.555977617287852), ([[368, 954], [472, 954], [472, 1050], [368, 1050]], '(8', 0.5494656739450101), ([[420, 1054], [476, 1054], [476, 1120], [420, 1120]], '5)', 0.1523023376886686), ([[910.4688359959604, 643.0141167240542], [987.3695618019101, 634.2847966121687], [1008.5311640040396, 850.9858832759458], [932.6304381980899, 858.7152033878313]], '@', 0.9851478423070184)]
[([[1122, 326], [1192, 326], [1192, 354], [1122, 354]], '아아~', 0.9997999957320215), ([[1199, 321], [1325, 321], [1325, 365], [1199, 365]], '가슴에서도', 0.5439617206566386), ([[1164, 376], [1286, 376], [1286, 408], [1164, 408]], '나와버려~', 0.6368692767518381), ([[926, 378], [998, 378], [998, 506], [926, 506]], '5', 0.44095628458467573), ([[1155, 425], [1291, 425], [1291, 465], [1155, 465]], '주스에 섞여', 0.8108679145552794), ([[1118, 468], [1331, 468], [1331, 523], [1118, 523]], '버린 것 같은데; ', 0.31073372285242523), ([[840, 580], [918, 580], [918, 674], [840, 674]], '%0', 0.032818603792034266), ([[102, 702], [212, 702], [212, 750], [102, 750]], '우유릎 탄', 0.2762978776814363), ([[123, 757], [191, 757], [191, 795], [123, 795]], '주스도', 0.9995348916604723), ([[103, 807], [211, 807], [211, 851], [103, 851]], '손남에계', 0.4308346211910248), ([[102, 854], [210, 854], [210, 902], [102, 902]], '호평이엇', 0.7688924074172974), ([[117, 909], [199, 909], [199, 953], [117, 953]], '숨니다', 0.765563489116984), ([[343, 957], [403, 957], [403, 1029], [343, 1029]], '0', 0.37168200832093135), ([[390, 1064], [444, 1064], [444, 1114], [390, 1114]], '9', 0.5834620472817278), ([[374.08955369908847, 999.0835899750776], [412.5345530305851, 980.0286568155585], [451.91044630091153, 1062.9164100249222], [413.4654469694149, 1082.9713431844414]], '동', 0.04445224962237071)]
[([[697, 21], [765, 21], [765, 81], [697, 81]], '0향', 0.014113267033387365), ([[619, 71], [681, 71], [681, 165], [619, 165]], '(향', 0.019599857236828767), ([[681, 183], [701, 183], [701, 205], [681, 205]], '9', 0.9969023649834732), ([[1347, 221], [1479, 221], [1479, 263], [1347, 263]], '마녀 토토는', 0.9905035054353419), ([[1314, 268], [1506, 268], [1506, 316], [1314, 316]], '괴로위 보입니다.', 0.6384654618077277), ([[447, 317], [513, 317], [513, 379], [447, 379]], '굶', 0.007481510841267358), ([[1326, 316], [1498, 316], [1498, 366], [1326, 366]], '[앞으로 조금만', 0.8745895745550405), ([[465, 371], [509, 371], [509, 425], [465, 425]], '꿀', 0.01758320510692002), ([[1348, 376], [1388, 376], [1388, 406], [1348, 406]], '데', 0.9505995924978414), ([[1388, 368], [1477, 368], [1477, 418], [1388, 418]], '힘내_', 0.2462306206296854), ([[411, 383], [471, 383], [471, 447], [411, 447]], '끼', 0.0031281915470232763), ([[443, 439], [479, 439], [479, 487], [443, 487]], '찌', 0.011067007102952608), ([[1322, 420], [1502, 420], [1502, 470], [1322, 470]], '마스터는 출산을', 0.4300028063411594), ([[1326, 472], [1492, 472], [1492, 520], [1326, 520]], '돕고 있습니다,', 0.5659620263933365), ([[1345, 527], [1481, 527], [1481, 569], [1345, 569]], '곧 성수정이', 0.9367131448705603), ([[1339, 577], [1481, 577], [1481, 619], [1339, 619]], '태어나니다,', 0.287473896816337)]
[([[1201, 211], [1327, 211], [1327, 255], [1201, 255]], '최근 토토는', 0.9957331004685587), ([[1194, 258], [1339, 258], [1339, 311], [1194, 311]], '계속 임신한', 0.8107551113575651), ([[1162, 312], [1368, 312], [1368, 360], [1162, 360]], '상태엿기 때문에', 0.5515772192383217), ([[1175, 365], [1357, 365], [1357, 409], [1175, 409]], '젖이 냉빵해저', 0.2352426974950584), ([[1206, 412], [1318, 412], [1318, 462], [1206, 462]], '있습니다.', 0.5741679683029935), ([[1211, 467], [1319, 467], [1319, 509], [1211, 509]], '작유해서', 0.8346261978149414), ([[1195, 513], [1339, 513], [1339, 565], [1195, 565]], '해결합시다', 0.9985222752626534), ([[335, 551], [401, 551], [401, 615], [335, 615]], '기대', 0.01765034454165392), ([[378, 602], [406, 602], [406, 628], [378, 628]], '9', 0.5794224619203305), ([[316, 616], [344, 616], [344, 646], [316, 646]], '@', 0.45428832660835283), ([[1194, 736], [1250, 736], [1250, 800], [1194, 800]], '(틈', 0.10405298329343617), ([[1207, 789], [1243, 789], [1243, 831], [1207, 831]], '동', 0.007503501207233365), ([[1194, 874], [1224, 874], [1224, 910], [1194, 910]], '!', 0.04820294781953671), ([[352.26190718873653, 623.0547781645348], [391.57106419571255, 633.5003570882017], [372.73809281126347, 699.9452218354652], [334.42893580428745, 689.4996429117983]], '병', 0.0030896757332175145)]
[([[1128, 140], [1298, 140], [1298, 190], [1128, 190]], '계약올 맺어도', 0.5511541627876523), ([[1070, 192], [1356, 192], [1356, 242], [1070, 242]], '몸의 궁합이 맞지 않으면', 0.6792258964252127), ([[1087, 242], [1338, 242], [1338, 292], [1087, 292]], '마녀에게 모든 정력올', 0.606199505584171), ([[1084, 302], [1116, 302], [1116, 330], [1084, 330]], '다', 0.9999966621426779), ([[1118, 294], [1346, 294], [1346, 342], [1118, 342]], '빼앗격 죽는 사람도', 0.3285434157964031), ([[1156, 346], [1266, 346], [1266, 394], [1156, 394]], '있습니다 .', 0.4200595986336841), ([[1088, 396], [1338, 396], [1338, 444], [1088, 444]], '토토는 한 번의 교미로', 0.8059886671481166), ([[1115, 451], [1223, 451], [1223, 493], [1115, 493]], '임신하기', 0.999841570854187), ([[1227, 451], [1313, 451], [1313, 493], [1227, 493]], '때문에', 0.9976183980334093), ([[1156, 498], [1272, 498], [1272, 546], [1156, 546]], '두 사람은', 0.9883716965534421), ([[335, 551], [401, 551], [401, 615], [335, 615]], '기대', 0.008297752606558767), ([[1116, 548], [1310, 548], [1310, 598], [1116, 598]], '매우 중은 관계틀', 0.319150419579403), ([[316, 616], [344, 616], [344, 646], [316, 646]], '@', 0.3828496152187313), ([[377, 601], [417, 601], [417, 643], [377, 643]], '%', 0.18210373848354866), ([[1104, 600], [1316, 600], [1316, 650], [1104, 650]], '구축하고 있습니다 .', 0.4452424746620232), ([[340, 632], [388, 632], [388, 694], [340, 694]], '', 0.0), ([[1194, 736], [1248, 736], [1248, 800], [1194, 800]], '(틈', 0.058700141198003604), ([[1207, 789], [1243, 789], [1243, 831], [1207, 831]], '동', 0.010874351535490101), ([[1167, 873], [1225, 873], [1225, 911], [1167, 911]], '0 3', 0.24031977355480194)]
[([[1138, 136], [1358, 136], [1358, 186], [1138, 186]], '토토의 젖은 영양이', 0.5978479162588836), ([[1132, 186], [1358, 186], [1358, 237], [1132, 237]], '풍부해 자양강장에', 0.9656762825960133), ([[1148, 238], [1342, 238], [1342, 288], [1148, 288]], '효과가 있습니다.', 0.39019449562815217), ([[1141, 295], [1351, 295], [1351, 337], [1141, 337]], '이번에는 마스터도', 0.7977003806622341), ([[1177, 343], [1315, 343], [1315, 387], [1177, 387]], '참지 못하고', 0.9964828441024743), ([[1144, 391], [1350, 391], [1350, 443], [1144, 443]], '사정해 버끗지만', 0.3754216306178418), ([[1156, 442], [1338, 442], [1338, 494], [1156, 494]], '마스터의 기운을', 0.8620119482709816), ([[1150, 494], [1344, 494], [1344, 542], [1150, 542]], '북돌아주어 토토는', 0.971174901722996), ([[1179, 549], [1317, 549], [1317, 591], [1179, 591]], '매우 기분이', 0.8687036357489923), ([[1148, 596], [1346, 596], [1346, 646], [1148, 646]], '중은 것 같습니다', 0.333466463933897), ([[284, 638], [332, 638], [332, 690], [284, 690]], '2', 0.7669193846418807), ([[333, 685], [355, 685], [355, 705], [333, 705]], '9', 0.9486876825444348), ([[1402, 806], [1430, 806], [1430, 830], [1402, 830]], '9', 0.9990577534185974), ([[1339, 807], [1409, 807], [1409, 869], [1339, 869]], '("', 0.03499700021593984), ([[1344, 868], [1404, 868], [1404, 900], [1344, 900]], '7어', 0.22705579884495086), ([[1360, 898], [1386, 898], [1386, 926], [1360, 926]], '5', 0.8001433965874902)]
[([[103, 199], [213, 199], [213, 243], [103, 243]], '아직 조금', 0.9923861411475192), ([[103, 251], [211, 251], [211, 295], [103, 295]], '괴로운 것', 0.9541454895605055), ([[102, 295], [201, 295], [201, 349], [102, 349]], '같은데;.', 0.1842317123789035), ([[1342, 830], [1366, 830], [1366, 870], [1342, 870]], '음', 0.997524841301356), ([[1386, 828], [1545, 828], [1545, 871], [1386, 871]], '아직도 우유가', 0.981320734004135), ([[1316, 876], [1568, 876], [1568, 926], [1316, 926]], '가득 차 있는 것 끝네', 0.3175117342331455), ([[847.1563385122679, 18.032400659482605], [1137.9349775524038, 76.8057362400105], [1113.843661487732, 169.96759934051738], [823.0650224475962, 111.1942637599895]], '3 @공 (0', 0.1480436850883475)]
[([[1163, 133], [1231, 133], [1231, 211], [1163, 211]], '8', 0.367787990236085), ([[133, 195], [195, 195], [195, 231], [133, 231]], '으으~', 0.988634104608258), ([[90, 247], [233, 247], [233, 285], [90, 285]], '부끄러워~0', 0.7245664122314793), ([[1400, 772], [1488, 772], [1488, 804], [1400, 804]], '하하하', 0.9823865294456482), ([[1350, 814], [1539, 814], [1539, 866], [1350, 866]], '가슴 누르자마자', 0.9730893851133117), ([[1362, 870], [1520, 870], [1520, 918], [1362, 918]], '젖꼭지가 불록', 0.4326863217980287), ([[1375, 923], [1509, 923], [1509, 967], [1375, 967]], '튀어나앉어', 0.34666973735393114), ([[1225.1631888689246, 167.05864096936497], [1271.9559440999165, 159.32776211024236], [1284.8368111310754, 249.94135903063503], [1238.0440559000835, 257.67223788975764]], '<', 0.88896240155103), ([[1476.4133484557115, 464.0215389976773], [1536.508455406733, 484.19854164610024], [1490.5866515442885, 615.9784610023227], [1431.491544593267, 594.8014583538998]], '3', 0.9862796682546673), ([[101.01471854987147, 1050.0486573537019], [158.51478047748944, 1004.0132587367052], [280.9852814501285, 1170.9513426462981], [224.48521952251056, 1217.9867412632948]], '@8', 0.21498889543474134)]
[([[1216, 4], [1264, 4], [1264, 52], [1216, 52]], '9', 0.12802677376103944), ([[1144, 150], [1198, 150], [1198, 202], [1144, 202]], '닭', 0.5379750390243885), ([[1366, 828], [1523, 828], [1523, 882], [1366, 882]], '우앗 아직도', 0.3097425048466305), ([[1344, 888], [1546, 888], [1546, 940], [1344, 940]], '나오고 있어;!', 0.6290341363412667), ([[1140.2666855696395, -14.973076252903363], [1293.9920095872178, 65.60031961651129], [1252.7333144303605, 140.97307625290335], [1099.0079904127822, 59.399680383488715]], '자짜', 0.001982581329966787), ([[1086.7716559418755, 111.42913985468844], [1190.9491140216937, 95.60791061434477], [1195.2283440581245, 147.57086014531154], [1092.0508859783063, 163.39208938565523]], '00', 0.4079872048129753), ([[7.170216104953374, 902.0383339334965], [64.50201051865602, 866.0140117160571], [156.82978389504663, 1027.9616660665035], [99.49798948134398, 1062.9859882839428]], '8', 0.010150347672258031), ([[78.06257472799024, 1019.0630529871278], [207.7755126891393, 1044.2414699890783], [192.93742527200976, 1106.9369470128722], [63.22448731086068, 1081.7585300109217]], '안우이', 0.02541305206814223)]
[([[440, 44], [494, 44], [494, 142], [440, 142]], '(', 0.12824732623862278), ([[1404, 506], [1452, 506], [1452, 574], [1404, 574]], '6', 0.3858854723198455), ([[1419, 577], [1455, 577], [1455, 639], [1419, 639]], '3', 0.999903562009937), ([[1437, 641], [1477, 641], [1477, 677], [1437, 677]], '80', 0.9755062296963206), ([[1453, 683], [1467, 683], [1467, 721], [1453, 721]], '0', 0.6184043676593696), ([[391.2070176794539, 126.05263259590419], [438.65642786354243, 117.23317706766713], [455.7929823205461, 212.94736740409581], [408.34357213645757, 222.76682293233287]], '호', 0.03280226051476398)]
[([[108, 174], [274, 174], [274, 224], [108, 224]], '개운해젓다0', 0.16143595700930133), ([[68, 226], [318, 226], [318, 274], [68, 274]], '이결로 야한 짓 해서', 0.8239095976869995), ([[72, 276], [310, 276], [310, 328], [72, 328]], '잔뜩 남울 수 있어0', 0.5624150205206412), ([[99, 333], [287, 333], [287, 371], [99, 371]], '고마위 마스터0', 0.8816639058478215), ([[1363, 815], [1525, 815], [1525, 851], [1363, 851]], '이제 거의 다', 0.711817152390679), ([[1327, 853], [1559, 853], [1559, 914], [1327, 914]], '나온 것 갈은데..?', 0.30246584340586274)]
[([[1282, 312], [1446, 312], [1446, 362], [1282, 362]], '오늘은 언제나', 0.9866596034774311), ([[1256, 364], [1470, 364], [1470, 414], [1256, 414]], '매장올 이용하시는', 0.5318777799552267), ([[1262, 414], [1464, 414], [1464, 466], [1262, 466]], '단골손님올 모시고', 0.5595325055699251), ([[1240, 466], [1482, 466], [1482, 516], [1240, 516]], '시연 판매틀 합니다.', 0.35697009194237234), ([[1264, 518], [1462, 518], [1462, 566], [1264, 566]], '손님이 원하는 결', 0.2219901551895121), ([[1262, 570], [1466, 570], [1466, 618], [1262, 618]], '물어보고 즉석에서', 0.8177001471262788), ([[1254, 620], [1474, 620], [1474, 668], [1254, 668]], '만들어 출산합니다', 0.8943508590655501)]
[([[1350, 234], [1428, 234], [1428, 262], [1350, 262]], '아아:', 0.22407523520535993), ([[1311, 280], [1454, 280], [1454, 323], [1311, 323]], '마녀 토토님;', 0.5979310402859955), ([[1294, 338], [1322, 338], [1322, 362], [1294, 362]], '이', 0.9955728286618957), ([[1328, 328], [1498, 328], [1498, 378], [1328, 378]], '얼마나 거록한', 0.5651432348019733), ([[1330, 382], [1460, 382], [1460, 430], [1330, 430]], '모습인지.', 0.4416176648703152), ([[111, 601], [255, 601], [255, 637], [111, 637]], '나도 마녀와', 0.9152726895572416), ([[83, 651], [279, 651], [279, 693], [83, 693]], '계약하고 싶어;', 0.7026938574936266)]
[([[1270, 66], [1433, 66], [1433, 539], [1270, 539]], '"', 0.2989536268970028), ([[1356, 534], [1384, 534], [1384, 566], [1356, 566]], '2', 0.5292585360670934), ([[460, 800], [542, 800], [542, 874], [460, 874]], '(중"', 0.921483107003117), ([[410.51870920234865, 894.6224510428184], [526.8938234234671, 855.9949533169085], [545.4812907976514, 917.3775489571816], [429.10617657653285, 956.0050466830915]], '(중"8', 0.5708436369895935), ([[448.1780050634732, 940.0680303808393], [485.1381468351909, 931.1312607605721], [501.8219949365268, 1009.9319696191607], [464.8618531648091, 1017.8687392394279]], '8', 0.8766115553016931)]
[([[1219, 297], [1319, 297], [1319, 341], [1219, 341]], '소, 손님:', 0.7867730499570281), ([[1228, 344], [1304, 344], [1304, 394], [1228, 394]], '주문올;', 0.4513574242591858), ([[128, 686], [162, 686], [162, 714], [128, 714]], '네', 0.9998831783082665), ([[177, 683], [313, 683], [313, 725], [177, 725]], '네 마녀님!', 0.38493897296724106), ([[109, 733], [331, 733], [331, 777], [109, 777]], '그럼 마인 한 마리', 0.9990003446339253), ([[125, 785], [317, 785], [317, 827], [125, 827]], '부탁드럽니다 !', 0.45561362832824365)]
[([[1256, 292], [1422, 292], [1422, 342], [1256, 342]], '확인햇습니다', 0.4430285615370035), ([[1243, 349], [1433, 349], [1433, 389], [1243, 389]], '마인 한 마리;.', 0.5413092505861409), ([[1281, 393], [1392, 393], [1392, 445], [1281, 445]], '군요." 0', 0.2404308292185653), ([[149, 691], [301, 691], [301, 731], [149, 731]], '(오오. . 역시', 0.5727966025049006), ([[106, 736], [344, 736], [344, 786], [106, 786]], '신성한 의식이라고는', 0.5653749119072569), ([[139, 788], [314, 788], [314, 832], [139, 832]], '해도 야해.)', 0.9779678762843176), ([[658, 990], [758, 990], [758, 1062], [658, 1062]], '@약', 0.11322230216192589)]
[([[1276, 238], [1310, 238], [1310, 264], [1276, 264]], '네', 0.9996372790294892), ([[1317, 233], [1401, 233], [1401, 277], [1317, 277]], '확실히', 0.9998754956810604), ([[1246, 282], [1404, 282], [1404, 332], [1246, 332]], '수정햇습니다(', 0.8415982407769019), ([[1396, 288], [1426, 288], [1426, 324], [1396, 324]], '0', 0.8477832371813889), ([[1250, 334], [1430, 334], [1430, 384], [1250, 384]], '지금부터 출산을', 0.4918305615599069), ([[1218, 386], [1458, 386], [1458, 434], [1218, 434]], '준비하켓습니다    0', 0.44416529322137227), ([[130, 654], [316, 654], [316, 708], [130, 708]], '질에서 꿈들꿈틀', 0.14914724860821238), ([[124, 705], [323, 705], [323, 754], [124, 754]], '움직이고 잇어;!', 0.7897408206361466), ([[138, 756], [306, 756], [306, 808], [138, 808]], '건강한 아이름', 0.6595946681711465), ([[130, 808], [316, 808], [316, 858], [130, 858]], '남울 것 같아', 0.4760620221032423), ([[971.7256884808556, 828.007530351573], [1014.6468607815915, 833.2789990927711], [994.2743115191444, 1019.992469648427], [951.3531392184085, 1014.7210009072289]], '}', 0.33561091840523716)]
[([[153, 217], [295, 217], [295, 253], [153, 253]], '토토의 배가', 0.9964652518689868), ([[152, 266], [288, 266], [288, 314], [152, 314]], '커층습니다.', 0.25307271182936064), ([[170, 314], [274, 314], [274, 366], [170, 366]], '손님들께', 0.8113873600959778), ([[134, 364], [310, 364], [310, 416], [134, 416]], '출산하는 모습올', 0.6068217162006467), ([[149, 421], [299, 421], [299, 463], [149, 463]], '보어드립니다', 0.2780371803178171)]
[([[470, 166], [530, 166], [530, 196], [470, 196]], '아아', 0.9997146777590874), ([[532, 160], [624, 160], [624, 208], [532, 208]], '마녀님;', 0.6073559522628784), ([[469, 213], [649, 213], [649, 257], [469, 257]], '저렇게나 배가', 0.8377047091861773), ([[504, 264], [614, 264], [614, 312], [504, 312]], '불러서. .', 0.3717235729741135), ([[916, 278], [966, 278], [966, 334], [916, 334]], '향', 0.053691430880196345), ([[150, 462], [178, 462], [178, 486], [150, 486]], '이', 0.9911141784616717), ([[182, 452], [264, 452], [264, 502], [182, 502]], '광경은', 0.9984809690573094), ([[117, 509], [295, 509], [295, 551], [117, 551]], '몇 번이나 화도', 0.43611325768420506), ([[137, 559], [279, 559], [279, 603], [137, 603]], '감동이야 !', 0.6691740038735569), ([[1393.4654469694149, 95.02865681555856], [1436.5800631689758, 100.71709513950005], [1424.5345530305851, 197.97134318444142], [1381.4199368310242, 192.28290486049997]], '흉', 0.006452152303664471)]
[([[1347, 129], [1409, 129], [1409, 271], [1347, 271]], '5', 0.7245834232790571), ([[1388, 210], [1412, 210], [1412, 242], [1388, 242]], '9', 0.5509927925071203), ([[1352, 267], [1394, 267], [1394, 335], [1352, 335]], '콩', 0.13000783329581456), ([[1364, 764], [1480, 764], [1480, 814], [1364, 814]], '파수햇다', 0.6871660435853014), ([[1196, 978], [1254, 978], [1254, 1004], [1196, 1004]], '이제', 0.9999091326038505), ([[1173, 1025], [1273, 1025], [1273, 1069], [1173, 1069]], '곧인가 ', 0.8334987163543701), ([[546.5843344079301, 95.01441547419392], [593.5103389933025, 85.02174322131317], [625.4156655920699, 250.98558452580608], [578.4896610066975, 260.97825677868684]], '8', 0.7091639723969365)]
[([[450, 84], [572, 84], [572, 246], [450, 246]], '("', 0.1668198102891288), ([[1366, 176], [1418, 176], [1418, 260], [1366, 260]], '달', 0.15605959628652855), ([[1410, 182], [1442, 182], [1442, 216], [1410, 216]], '이', 0.22685388399192963), ([[510, 246], [542, 246], [542, 280], [510, 280]], '9', 0.9993558967499325), ([[1400, 258], [1426, 258], [1426, 312], [1400, 312]], '8', 0.3634752198422575), ([[1392, 314], [1416, 314], [1416, 342], [1392, 342]], '3', 0.9959873955426843), ([[1388, 732], [1470, 732], [1470, 762], [1388, 762]], '머리가', 0.9895895145511476), ([[1390, 782], [1466, 782], [1466, 814], [1390, 814]], '보이기', 0.9980799464296598), ([[1366, 828], [1490, 828], [1490, 876], [1366, 876]], '시작해다', 0.616786003112793), ([[1156, 914], [1298, 914], [1298, 942], [1156, 942]], '머리가 커서', 0.9856477424191362), ([[1158, 960], [1288, 960], [1288, 1008], [1158, 1008]], '걸려있어 ', 0.8532032572310485), ([[1184, 1012], [1270, 1012], [1270, 1048], [1184, 1048]], '마녀님', 0.9985105580607889), ([[1166, 1060], [1286, 1060], [1286, 1108], [1166, 1108]], '고통스러워', 0.5890141745254595), ([[1186, 1116], [1266, 1116], [1266, 1148], [1186, 1148]], '보여. .', 0.3569797682971348)]
[([[406, 7], [529, 7], [529, 241], [406, 241]], '향', 0.26779926171093393), ([[1384, 99], [1437, 99], [1437, 190], [1384, 190]], '흙', 0.022746295430670083), ([[433, 233], [517, 233], [517, 357], [433, 357]], '호', 0.004221789472489912), ([[478, 300], [516, 300], [516, 332], [478, 332]], '00', 0.7802254657599098), ([[918, 280], [966, 280], [966, 332], [918, 332]], '뜻', 0.046651889075238984), ([[1384, 710], [1450, 710], [1450, 742], [1384, 742]], '오오..', 0.7410027384757996), ([[1353, 759], [1409, 759], [1409, 803], [1353, 803]], '점점', 0.9999489184017407), ([[1411, 759], [1491, 759], [1491, 803], [1411, 803]], '구멍이', 0.7348845601081848), ([[1384, 814], [1458, 814], [1458, 844], [1384, 844]], '커지고', 0.9992441964664373), ([[1378, 862], [1462, 862], [1462, 890], [1378, 890]], '이어;..', 0.2752835962044505), ([[1385, 883], [1407, 883], [1407, 903], [1385, 903]], '파', 0.013419327454615493), ([[1153, 951], [1301, 951], [1301, 993], [1153, 993]], '역시 마녀님', 0.9975946052214557), ([[1198, 1002], [1252, 1002], [1252, 1030], [1198, 1030]], '진이', 0.6955456339033632), ([[1163, 1053], [1291, 1053], [1291, 1091], [1163, 1091]], '부드러위: .', 0.11693108598633674), ([[457.6864649115986, 360.02472894307107], [476.7535962584039, 362.1474091980905], [469.3135350884014, 426.97527105692893], [451.2464037415961, 424.8525908019095]], '8', 0.9985478431705275)]
[([[1352, 350], [1506, 350], [1506, 398], [1352, 398]], '마인도 주술로', 0.9050269401815944), ([[1334, 400], [1524, 400], [1524, 448], [1334, 448]], "'소환하는 것보다", 0.8729724051775571), ([[1347, 455], [1515, 455], [1515, 499], [1347, 499]], '마녀의 몸에서', 0.8447312503875606), ([[1357, 507], [1505, 507], [1505, 549], [1357, 549]], '나온 개체가', 0.6543255220114312), ([[1356, 562], [1386, 562], [1386, 588], [1356, 588]], '더', 0.998356303050528), ([[1390, 554], [1508, 554], [1508, 602], [1390, 602]], '강합니다', 0.9560660123825073), ([[639, 863], [747, 863], [747, 1013], [639, 1013]], "1'", 0.09230770785608762)]
[([[275, 73], [313, 73], [313, 109], [275, 109]], '2', 0.9361865277078465), ([[239, 189], [281, 189], [281, 229], [239, 229]], '2', 0.5390453524792669), ([[1362, 412], [1430, 412], [1430, 444], [1362, 444]], '오오..', 0.824497640132904), ([[1443, 411], [1529, 411], [1529, 453], [1443, 453]], '마인이', 0.49465740211828657), ([[1346, 458], [1538, 458], [1538, 508], [1346, 508]], '곱플대고 있어;', 0.17116131087887465), ([[206.4150076048517, -8.986831172292135], [308.00892204018095, 14.760021105768637], [253.5849923951483, 238.98683117229214], [151.99107795981905, 214.23997889423137]], '[호', 0.02877399453160014)]
[([[694, 42], [778, 42], [778, 116], [694, 116]], '(명', 0.01792986082815429), ([[616, 92], [698, 92], [698, 166], [616, 166]], '[향', 0.3158119748661442), ([[737, 111], [781, 111], [781, 163], [737, 163]], '8', 0.8374972072570017), ([[146, 166], [363, 166], [363, 219], [146, 219]], '성수정은 점쟁이가', 0.8906870546455936), ([[158, 216], [346, 216], [346, 271], [158, 271]], '산속에서 보물이', 0.9048891067531305), ([[140, 272], [364, 272], [364, 322], [140, 322]], '있는 곳을 작는 점울', 0.1803400349764702), ([[163, 324], [343, 324], [343, 367], [163, 367]], '치기 위해 자주', 0.7238960202561983), ([[1392, 324], [1462, 324], [1462, 356], [1392, 356]], '토토의', 0.8992856187202927), ([[144, 376], [358, 376], [358, 424], [144, 424]], '사용되고 있습니다,', 0.8213294530265438), ([[1354, 370], [1498, 370], [1498, 418], [1354, 418]], '질에서 잔뜩', 0.8651399637145065), ([[161, 429], [345, 429], [345, 465], [161, 465]], '마스터와 토토가', 0.9816062787070944), ([[1374, 417], [1481, 417], [1481, 469], [1374, 469]], '성수정이', 0.9377495050430298), ([[146, 476], [358, 476], [358, 526], [146, 526]], '만들어내 성수정은', 0.9103232509615377), ([[1368, 472], [1480, 472], [1480, 520], [1368, 520]], '나음니다 ,', 0.17688622295419612), ([[170, 528], [332, 528], [332, 576], [170, 576]], '원하는 장소홀', 0.4228397315006391), ([[166, 580], [279, 580], [279, 625], [166, 625]], '알아내기', 0.9998564124107361), ([[281, 583], [339, 583], [339, 619], [281, 619]], '쉬위', 0.8799922983282257), ([[143, 633], [247, 633], [247, 677], [143, 677]], '점쟁이들', 0.9922806620597839), ([[254, 636], [362, 636], [362, 666], [254, 666]], '사이에서', 0.9971320033073425), ([[136, 686], [220, 686], [220, 716], [136, 716]], '펴파이', 0.8040911736343466), ([[225, 683], [365, 683], [365, 727], [225, 727]], '자자합니다.', 0.8448189503269462), ([[307, 791], [359, 791], [359, 809], [307, 809]], '{ 533', 0.016386978925385504), ([[306, 808], [368, 808], [368, 814], [306, 814]], '~취 7미] 미 ]미_', 0.00020925999157625017), ([[663.4417152740916, 145.03126593941502], [703.8448190755543, 137.07188872593366], [724.5582847259084, 243.96873406058498], [684.1551809244457, 251.92811127406634]], '형', 0.36968079160303446), ([[750.592091491776, 168.04203916052478], [770.3515812769673, 164.03114484898305], [781.407908508224, 219.95796083947522], [760.6484187230327, 223.96885515101695]], '8', 0.9999871254381674)]
[([[272, 82], [304, 82], [304, 114], [272, 114]], '00', 0.8909528252973837), ([[1388, 372], [1480, 372], [1480, 404], [1388, 404]], '머리가', 0.9926662623048873), ([[1378, 422], [1488, 422], [1488, 476], [1378, 476]], '나군다!', 0.1895364671945572), ([[363, 963], [407, 963], [407, 1017], [363, 1017]], '(', 0.5460343504269396), ([[406, 984], [444, 984], [444, 1008], [406, 1008]], '9', 0.16113499943987009), ([[423, 1009], [471, 1009], [471, 1051], [423, 1051]], '않', 0.03138245374820858), ([[449, 1057], [491, 1057], [491, 1107], [449, 1107]], '공', 0.17728800655760413), ([[189.32196074256024, 16.015332410581454], [297.4571298460347, -8.797381961675702], [355.67803925743976, 266.98466758941856], [247.54287015396528, 291.7973819616757]], '통;', 0.108127783802725)]
[([[1466, 170], [1514, 170], [1514, 222], [1466, 222]], '%', 0.8985833351548287), ([[300, 891], [453, 891], [453, 1115], [300, 1115]], '흙', 0.06292361031525218), ([[433, 1105], [475, 1105], [475, 1147], [433, 1147]], '9', 0.6331688656132464), ([[1426.522714295387, 18.00632893609055], [1561.0726163209254, 44.453693908414216], [1484.477285704613, 430.99367106390946], [1350.9273836790746, 404.5463060915858]], '용', 0.04982258746453283)]
[([[219, 27], [335, 27], [335, 169], [219, 169]], '(하', 0.07301032930196741), ([[279, 175], [319, 175], [319, 271], [279, 271]], '1', 0.9471071477487705), ([[1364, 10], [1510, 10], [1510, 395], [1364, 395]], '!', 0.11220897221575399), ([[1284, 564], [1426, 564], [1426, 618], [1284, 618]], '태어낫다!', 0.8367739501854944), ([[1272, 624], [1438, 624], [1438, 674], [1272, 674]], '태어낫다구!', 0.8678075992696057)]
[([[283, 177], [319, 177], [319, 269], [283, 269]], '1', 0.9260098234812553), ([[1365, 11], [1509, 11], [1509, 397], [1365, 397]], '!', 0.014508498044968343), ([[120, 550], [292, 550], [292, 600], [120, 600]], '거대한 마인을', 0.7084299826394734), ([[121, 597], [284, 597], [284, 652], [121, 652]], '출산햇습니다', 0.5016802609626664), ([[132, 654], [280, 654], [280, 702], [132, 702]], '손님들에제도', 0.7180481201891171), ([[112, 701], [293, 701], [293, 751], [112, 751]], '호평이엿습니다.', 0.6286981262308006), ([[139, 757], [271, 757], [271, 801], [139, 801]], '마녀 토토는', 0.9750992617738292), ([[143, 809], [265, 809], [265, 853], [143, 853]], '지금까지도', 0.4903823215454649), ([[136, 856], [272, 856], [272, 906], [136, 906]], '잔뜩 상품올', 0.9203042246647869), ([[118, 906], [288, 906], [288, 958], [118, 958]], '남고 있습니다.', 0.6185212302482084), ([[16, 1160], [96, 1160], [96, 1186], [16, 1186]], "8 (3 ! '", 0.06886604493374787), ([[212.79031815816916, 34.05640429240991], [311.0626982192757, 14.026316909966985], [336.20968184183084, 166.9435957075901], [237.93730178072428, 186.973683090033]], '(호', 0.1923421164806545)]
[([[1706, 219], [1857, 219], [1857, 284], [1706, 284]], '하로시는', 0.43891826272010803), ([[702, 275], [904, 275], [904, 332], [702, 332]], '그런 거 알아', 0.9941837374422344), ([[1703, 286], [1860, 286], [1860, 343], [1703, 343]], '인사 대신', 0.9294180871943448), ([[722, 326], [1266, 326], [1266, 465], [722, 465]], '동인지8((집', 0.2660170155065672), ([[1691, 346], [1872, 346], [1872, 407], [1691, 407]], '씩스하려분', 0.09694745387483751), ([[1724, 407], [1842, 407], [1842, 469], [1724, 469]], '남자야', 0.99885909783766), ([[172, 449], [378, 449], [378, 511], [172, 511]], '자 자백햇네!', 0.343721820734293), ([[201, 511], [354, 511], [354, 577], [201, 577]], '하로시랑', 0.5204194188117981), ([[587, 475], [1412, 475], [1412, 616], [587, 616]], '번역 커미선 받습니다', 0.6348687290121008), ([[1735, 531], [1813, 531], [1813, 586], [1735, 586]], '딱히', 0.9995160199020334), ([[190, 575], [365, 575], [365, 639], [190, 639]], '언제 햇어!', 0.9059208401467094), ([[663, 582], [862, 582], [862, 644], [663, 644]], "' 고치논 건", 0.2678080998338094), ([[1662, 593], [1890, 593], [1890, 655], [1662, 655]], '엄마 좋아이가', 0.51823989264196), ([[685, 645], [835, 645], [835, 707], [685, 707]], '인기남의', 0.9995700120925903), ([[1699, 652], [1848, 652], [1848, 715], [1699, 715]], '아니어도', 0.9999738931655884), ([[679, 708], [846, 708], [846, 770], [679, 770]], '증거잡야?', 0.5200856088827363), ([[1712, 718], [1837, 718], [1837, 773], [1712, 773]], '한다고!', 0.9680079817771912), ([[290, 781], [541, 781], [541, 943], [290, 943]], '가격:', 0.9989334183973876), ([[467, 863], [531, 863], [531, 923], [467, 923]], "'", 0.2415005298832762), ([[512, 784], [1695, 784], [1695, 932], [512, 932]], '장당 700~1000원 선에서 협의', 0.8232890040223693), ([[387, 927], [473, 927], [473, 996], [387, 996]], '갚을', 0.2586218538871856), ([[504, 938], [771, 938], [771, 1077], [504, 1077]], '컬러티', 0.8651085792030787), ([[832, 940], [1489, 940], [1489, 1078], [832, 1078]], '지금 보는 이정도', 0.9077342865310474), ([[414, 1132], [539, 1132], [539, 1187], [414, 1187]], '뭐 어때', 0.9691713792268649), ([[555, 1092], [1438, 1092], [1438, 1236], [555, 1236]], '작업 후 오타나 수정 등', 0.7886669973364685), ([[397, 1194], [558, 1194], [558, 1256], [397, 1256]], '닮는 것도', 0.8548699848562074), ([[398, 1243], [1586, 1243], [1586, 1391], [398, 1391]], '애프터 테어까지 깔끔하게 해서', 0.6220307882386708), ([[348, 1432], [428, 1432], [428, 1494], [348, 1494]], '곤란', 0.990195103027979), ([[683, 1398], [1317, 1398], [1317, 1543], [683, 1543]], '마무리 해드려오', 0.9995187736716041), ([[1686, 1424], [1765, 1424], [1765, 1479], [1686, 1479]], '자0', 0.3699838611833887), ([[329, 1494], [406, 1494], [406, 1547], [329, 1547]], '하네', 0.9994225527258016), ([[1654, 1487], [1799, 1487], [1799, 1542], [1654, 1542]], '히로시어', 0.24530528485774994), ([[1702, 1549], [1791, 1549], [1791, 1609], [1702, 1609]], "'기야", 0.9998717103418182), ([[255, 1553], [1720, 1553], [1720, 1675], [255, 1675]], '*후타 스컷 하드한 마조물  고어 식인 야오이;', 0.369528279789873), ([[161, 1675], [1842, 1675], [1842, 1801], [161, 1801]], '시무라 비스무리같은 작품은 추가금이 붙올 수 있습니다', 0.5744338818563637), ([[199, 1786], [315, 1786], [315, 1851], [199, 1851]], '골라도', 0.9824961705281866), ([[1090, 1774], [1175, 1774], [1175, 1836], [1090, 1836]], '생각', 0.9999648497092857), ([[1055, 1834], [1176, 1834], [1176, 1898], [1055, 1898]], '하지만', 0.9999052278669628), ([[228, 1923], [1778, 1923], [1778, 2049], [228, 2049]], '배경 폐이지는 실제 유료 의리 받은 작품입니다', 0.43966580421426715), ([[821, 2173], [1176, 2173], [1176, 2310], [821, 2310]], '탤레그램', 0.537439227104187), ([[172, 2341], [322, 2341], [322, 2403], [172, 2403]], '원망하지', 0.9992779493331909), ([[191, 2408], [269, 2408], [269, 2463], [191, 2463]], '말고', 0.9999543974144669), ([[500, 2327], [1492, 2327], [1492, 2471], [500, 2471]], '훌++~도/+ 값리|*나,.-..어', 4.557618880887878e-06), ([[513, 2425], [631, 2425], [631, 2480], [513, 2480]], '상피하', 0.6878389279324434), ([[506, 2482], [663, 2482], [663, 2539], [506, 2539]], '하지 마어', 0.30052903286268706), ([[1711, 2495], [1935, 2495], [1935, 2559], [1711, 2559]], '실크 드레스로', 0.6217640621690965), ([[1732, 2560], [1913, 2560], [1913, 2621], [1732, 2621]], '감싸줄게0', 0.6734334253228639), ([[915, 2652], [959, 2652], [959, 2707], [915, 2707]], '"', 0.9997470538850308)]
[([[1299, 191], [1477, 191], [1477, 233], [1299, 233]], '토토의 자굽에는', 0.23123874190492633), ([[1289, 241], [1487, 241], [1487, 285], [1289, 285]], '마력이 담겨있어', 0.9848422134651476), ([[83, 273], [273, 273], [273, 315], [83, 315]], '마스터는 마녀와', 0.7031272656068721), ([[1330, 296], [1384, 296], [1384, 322], [1330, 322]], '여러', 0.999891178571462), ([[1392, 296], [1444, 296], [1444, 324], [1392, 324]], '가지', 0.99981118733995), ([[104, 320], [248, 320], [248, 370], [104, 370]], '계약올 하고', 0.9377713220474515), ([[1320, 338], [1454, 338], [1454, 390], [1320, 390]], '마법 도구름', 0.33100404901745245), ([[75, 373], [273, 373], [273, 417], [75, 417]], '잔뜩 셈스합니다.', 0.4455916778749595), ([[1316, 390], [1458, 390], [1458, 442], [1316, 442]], '만들어) 수', 0.20926125007295177), ([[86, 422], [266, 422], [266, 470], [86, 470]], '위험한 광사에', 0.6207954608026119), ([[1330, 444], [1442, 444], [1442, 492], [1330, 492]], '있습니다 ,', 0.24527202156107317), ([[72, 472], [280, 472], [280, 522], [72, 522]], '도전하는 모험가루', 0.6937517262522972), ([[1318, 494], [1456, 494], [1456, 542], [1318, 542]], '말수가 적고', 0.9830744121260325), ([[84, 521], [264, 521], [264, 572], [84, 572]], '지행하는 일에', 0.22265958619693227), ([[1278, 542], [1498, 542], [1498, 593], [1278, 593]], '성격이 소심하지만', 0.8010381019416383), ([[96, 576], [256, 576], [256, 626], [96, 626]], '자부심올 갖고', 0.6572475635960137), ([[1306, 596], [1468, 596], [1468, 644], [1306, 644]], '렉스와 출산을', 0.3287283570502242), ([[120, 628], [230, 628], [230, 678], [120, 678]], '있습니다 .', 0.8204445990871795), ([[127, 651], [149, 651], [149, 671], [127, 671]], '4', 0.036459053873720615), ([[1284, 646], [1492, 646], [1492, 694], [1284, 694]], '너무나도 좋아하는', 0.9443525071528074), ([[1322, 698], [1452, 698], [1452, 748], [1322, 748]], '살짝 야한', 0.993315864572408), ([[1291, 751], [1479, 751], [1479, 795], [1291, 795]], '여자아이입니다.', 0.9508898009446852)]
