2345881
19
[([[183, 235], [552, 235], [552, 356], [183, 356]], '하지만 이런', 0.9605047711821555), ([[1395, 150], [1509, 150], [1509, 335], [1395, 335]], '(흙', 0.04097590169247376), ([[1598, 185], [1951, 185], [1951, 306], [1598, 306]], '극  불:을', 0.13226738167486954), ([[153, 339], [591, 339], [591, 456], [153, 456]], '수모름 당해도', 0.43155771491706374), ([[1592, 289], [1960, 289], [1960, 410], [1592, 410]], '저지르다니,', 0.6107469970046318), ([[111, 439], [631, 439], [631, 567], [111, 567]], '당신올 인정할 순', 0.33640619453869325), ([[1635, 393], [1923, 393], [1923, 510], [1635, 510]], '이래서야', 0.9985429644584656), ([[257, 539], [484, 539], [484, 664], [257, 664]], '없어요', 0.9999088067491786), ([[1625, 494], [1929, 494], [1929, 615], [1625, 615]], '캠린 실격', 0.3291133410678191), ([[1061, 550], [1445, 550], [1445, 784], [1061, 784]], '타느', 0.106014046021661), ([[1637, 593], [1926, 593], [1926, 718], [1637, 718]], '이데요:', 0.47765615582466125), ([[987, 1982], [1188, 1982], [1188, 2268], [987, 2268]], '1', 0.7317740596082309), ([[1500, 2112], [1724, 2112], [1724, 2236], [1500, 2236]], '당신쇼', 0.5836117029187062), ([[1773, 1885], [1907, 1885], [1907, 2208], [1773, 2208]], '좋', 0.012229669318969627), ([[163, 2197], [388, 2197], [388, 2324], [163, 2324]], '히익?', 0.30012168934229233), ([[1454, 2210], [1763, 2210], [1763, 2339], [1454, 2339]], '이름방의', 0.30412590503692627), ([[100, 2300], [451, 2300], [451, 2426], [100, 2426]], '뭐 훨해실', 0.4530129283369303), ([[1434, 2316], [1785, 2316], [1785, 2444], [1434, 2444]], '트레이너늄', 0.19085398618238728), ([[71, 2404], [489, 2404], [489, 2532], [71, 2532]], '생각이시최?', 0.43095062314424054), ([[1063, 2404], [1186, 2404], [1186, 2563], [1063, 2563]], '0', 0.048031761138887186), ([[1428, 2408], [1790, 2408], [1790, 2548], [1428, 2548]], '아니문요"', 0.1068626628917587), ([[945, 2590], [2040, 2590], [2040, 2880], [945, 2880]], '@진교실롭없고', 0.0013883480170213882), ([[591.419584784954, 597.0168583012088], [667.9706346410047, 584.1960926610013], [700.580415215046, 788.9831416987912], [624.0293653589953, 802.8039073389987]], '출', 0.6336732263935438), ([[1608.015690836707, 1151.0084994453466], [2046.961351744307, 1219.3540854849127], [1938.984309163293, 1843.9915005546534], [1500.038648255693, 1775.6459145150873]], '4', 0.6438728189090206), ([[306.2625530293668, 1749.0209333168557], [389.4724150353929, 1700.0085865266965], [526.7374469706332, 1950.9790666831443], [443.5275849646071, 2000.9914134733035]], '"', 0.9981914598478312)]
[([[1061, 549], [1445, 549], [1445, 783], [1061, 783]], '설느', 0.15175544937271518)]
[([[1063.910011062072, 561.084137169692], [1435.987361496007, 516.6529919060449], [1446.089988937928, 736.915862830308], [1074.012638503993, 781.3470080939551]], '뛰', 0.036459952983186605)]
[([[1067, 568], [1304, 568], [1304, 773], [1067, 773]], '세', 0.3921413953543471)]
[]
[([[914, 508], [1447, 508], [1447, 812], [914, 812]], '어무트', 0.01132756743175485), ([[625, 1080], [679, 1080], [679, 1106], [625, 1106]], "'쇼.", 0.12337855774008243), ([[1877, 1702], [1893, 1702], [1893, 1733], [1877, 1733]], '0', 0.9994996220126637), ([[1626, 2175], [1697, 2175], [1697, 2241], [1626, 2241]], '<', 0.02138721728728399), ([[1320, 2291], [1406, 2291], [1406, 2323], [1320, 2323]], '<', 0.15432216352679973), ([[1752.5939452479465, 1379.020663429875], [1841.535978342199, 1458.1300114536448], [1819.4060547520535, 1484.979336570125], [1730.464021657801, 1406.8699885463552]], '~실 ', 0.027228189632296562), ([[1852.4089355510744, 1573.0350586290253], [1892.1535816633664, 1567.1348947240635], [1906.5910644489256, 1666.9649413709747], [1866.8464183366336, 1673.8651052759365]], '(', 0.2581430511311602), ([[331.44377642240653, 1956.0520150387547], [393.91526111183265, 1993.2920080156978], [381.55622357759347, 2014.9479849612453], [318.08473888816735, 1977.7079919843022]], '칭9', 0.0059736790298097545)]
[([[912, 508], [1442, 508], [1442, 812], [912, 812]], '9;', 0.39047478793877183), ([[628, 1078], [679, 1078], [679, 1109], [628, 1109]], '쇼', 0.48569247052117603), ([[1759.5812608619278, 1382.0219781883143], [1842.5264492861522, 1458.1121029074134], [1819.4187391380722, 1484.9780218116857], [1736.4735507138478, 1408.8878970925866]], '~ .', 0.010498018004000187)]
[([[628, 1078], [677, 1078], [677, 1109], [628, 1109]], '쇼', 0.6773377545124646), ([[1320, 2291], [1406, 2291], [1406, 2323], [1320, 2323]], '<', 0.19854207260438272), ([[1758.5812608619278, 1382.0219781883143], [1842.5264492861522, 1458.1121029074134], [1819.4187391380722, 1484.9780218116857], [1736.4735507138478, 1408.8878970925866]], '^( 쇼', 0.004207072415134279), ([[331.44377642240653, 1954.0520150387547], [396.9780554239859, 1987.6378040700558], [382.55622357759347, 2012.9479849612453], [317.0219445760141, 1979.3621959299442]], '꼴콜', 0.0022590847908295856)]
[([[918, 517], [1443, 517], [1443, 807], [918, 807]], '9;', 0.051987776622198355), ([[625, 1080], [674, 1080], [674, 1106], [625, 1106]], "'고", 0.13946298147869518), ([[1627, 2172], [1702, 2172], [1702, 2244], [1627, 2244]], '<', 0.0149026036873528), ([[1320, 2291], [1406, 2291], [1406, 2323], [1320, 2323]], '<', 0.23465217021117724), ([[1756.5898029170498, 1380.021088295383], [1842.5207754410933, 1458.1015426543124], [1819.4101970829502, 1484.978911704617], [1733.4792245589067, 1406.8984573456876]], '사 .', 0.03131083771586418), ([[331.5296973673979, 1950.0370934146067], [394.92578128791973, 1992.3368229080716], [377.4703026326021, 2018.9629065853933], [314.07421871208027, 1976.6631770919284]], '증>', 0.006235309301068254)]
[([[190, 57], [507, 57], [507, 404], [190, 404]], '세', 0.9962222797063757), ([[714, 76], [924, 76], [924, 427], [714, 427]], '합', 0.34438850049879477), ([[1125, 178], [1218, 178], [1218, 371], [1125, 371]], '4', 0.6440246332049924), ([[1447, 304], [1552, 304], [1552, 508], [1447, 508]], '#', 0.1538377833632234), ([[935, 527], [1431, 527], [1431, 795], [935, 795]], '의', 0.062000338543271916), ([[874, 1032], [936, 1032], [936, 1202], [874, 1202]], '중', 0.04155408177561881), ([[823, 1244], [886, 1244], [886, 1383], [823, 1383]], '꿀', 0.12184483862826312), ([[1373, 1301], [1428, 1301], [1428, 1423], [1373, 1423]], '#', 0.5325640858410772), ([[1591, 1226], [1648, 1226], [1648, 1363], [1591, 1363]], '8', 0.9836228055963012), ([[1323, 1442], [1388, 1442], [1388, 1573], [1323, 1573]], '푹', 0.021971859404162908), ([[1420, 1637], [1535, 1637], [1535, 1920], [1420, 1920]], '맨', 0.0014050481243578355), ([[1797, 2038], [1967, 2038], [1967, 2367], [1797, 2367]], '{', 0.046770205581753155), ([[752, 2333], [1093, 2333], [1093, 2766], [752, 2766]], '4', 0.004622219329636579), ([[1307, 2331], [1415, 2331], [1415, 2626], [1307, 2626]], '밟', 0.006739889497758833), ([[1594, 2119], [1858, 2119], [1858, 2789], [1594, 2789]], '4', 0.1399620036190763), ([[1231.2954397994765, 92.17488645596993], [1371.8973371273594, 20.579028204784485], [1449.7045602005235, 210.82511354403007], [1309.1026628726406, 282.4209717952155]], '>', 0.11440423961399748), ([[772.2706989881711, 687.0295975545049], [839.1690244234476, 674.2652800244949], [864.7293010118289, 827.9704024454951], [797.8309755765524, 840.7347199755051]], '#', 0.10495130214445059), ([[174.52977319965575, 956.0092165912215], [267.2746343677699, 967.2213993354267], [234.47022680034425, 1234.9907834087785], [141.72536563223008, 1223.7786006645733]], '@', 0.0362967247754844), ([[420.99038087365307, 1045.119199338686], [606.6586194904506, 1013.6275874795218], [622.0096191263469, 1162.880800661314], [436.3413805095494, 1194.3724125204783]], '나:', 0.06258100874832212), ([[1603.103484154801, 1206.0087371412862], [1951.659696679805, 1252.8389079682959], [1868.896515845199, 1810.9912628587138], [1520.340303320195, 1764.1610920317041]], '0', 0.42206337056042287), ([[593.5292664433547, 1289.006518605105], [724.473972842212, 1304.731086156708], [676.4707335566453, 1683.993481394895], [546.526027157788, 1668.268913843292]], '!', 0.09205077029296493), ([[445.3857144618461, 1299.0085777340887], [610.62828596039, 1322.32426800301], [554.6142855381539, 1700.9914222659113], [389.37171403960997, 1677.67573199699]], '6', 0.21531413069175187), ([[25.25576085692873, 1317.006020958196], [364.31299470872256, 1281.6235986618226], [427.7442391430713, 2026.993979041804], [88.68700529127744, 2062.3764013381774]], '싹', 0.017993247702485782), ([[1862.5580786903408, 1590.0075134960214], [1963.4686248238845, 1609.7236134826876], [1903.4419213096592, 1909.9924865039786], [1802.5313751761155, 1890.2763865173124]], '', 0.0), ([[1196.251687221762, 1696.0059575266616], [1535.0719808980034, 1854.8775899139061], [1270.748312778238, 2417.994042473338], [931.9280191019965, 2258.1224100860936]], '전', 0.07831012117992842), ([[740.151666240637, 2037.0569930983208], [1059.579216041943, 2000.1592362180475], [1071.848333759363, 2258.943006901679], [753.420783958057, 2295.840763781953]], '거', 0.16960822671558162), ([[610.5320342250012, 2195.0078233275367], [714.7981002960871, 2222.3728923729], [636.4679657749988, 2521.9921766724633], [532.2018997039129, 2494.6271076271]], "'@", 0.31687876736225173)]
[([[918, 518], [1440, 518], [1440, 802], [918, 802]], '9', 0.2433317380640041), ([[628, 1078], [679, 1078], [679, 1109], [628, 1109]], '쇼', 0.2766864957603197), ([[1795, 1993], [1822, 1993], [1822, 2022], [1795, 2022]], '0', 0.008409447983208418), ([[1759.5812608619278, 1382.0219781883143], [1842.5412235024694, 1458.1399634128443], [1819.4187391380722, 1484.9780218116857], [1736.4587764975306, 1409.8600365871557]], '~워 <', 0.013679759059226552)]
[([[183, 235], [552, 235], [552, 356], [183, 356]], '하지만 이런', 0.9363016709020398), ([[1395, 150], [1509, 150], [1509, 335], [1395, 335]], '(흙', 0.05035041072196938), ([[1598, 185], [1951, 185], [1951, 306], [1598, 306]], '극 불:을', 0.13692709701953187), ([[153, 339], [591, 339], [591, 456], [153, 456]], '수모름 당해도', 0.46740969620391937), ([[1591, 286], [1959, 286], [1959, 413], [1591, 413]], '저지르다니,', 0.8779994484280664), ([[111, 439], [631, 439], [631, 567], [111, 567]], '당신올 인정할 순', 0.3256105109432306), ([[1635, 393], [1923, 393], [1923, 510], [1635, 510]], '이래서야', 0.9989612102508545), ([[257, 539], [484, 539], [484, 664], [257, 664]], '없어요', 0.9999088067491786), ([[1625, 494], [1929, 494], [1929, 615], [1625, 615]], '캠린 실격', 0.3272854291934635), ([[1058, 543], [1448, 543], [1448, 786], [1058, 786]], '샌드', 0.008125566370898686), ([[1637, 593], [1928, 593], [1928, 718], [1637, 718]], '이데요:', 0.3198126256465912), ([[996, 1982], [1146, 1982], [1146, 2264], [996, 2264]], '1', 0.5882900754022276), ([[1500, 2112], [1724, 2112], [1724, 2236], [1500, 2236]], '당신쇼', 0.5861882632990636), ([[1773, 1885], [1907, 1885], [1907, 2208], [1773, 2208]], '좋', 0.011664378799652875), ([[163, 2197], [388, 2197], [388, 2324], [163, 2324]], '히익?', 0.2836992624514672), ([[1454, 2210], [1763, 2210], [1763, 2339], [1454, 2339]], '이름방의', 0.32309046387672424), ([[100, 2300], [453, 2300], [453, 2426], [100, 2426]], '뭐 훨해실', 0.5453028017990325), ([[1436, 2316], [1785, 2316], [1785, 2444], [1436, 2444]], '트레이터늄', 0.40720301098539274), ([[73, 2404], [489, 2404], [489, 2532], [73, 2532]], '생각이시최?', 0.5752884653685023), ([[1428, 2408], [1790, 2408], [1790, 2548], [1428, 2548]], '아니문요"', 0.19208671951448528), ([[1052, 2400], [1226, 2400], [1226, 2675], [1052, 2675]], '0', 0.04401404754720084), ([[592.419584784954, 597.0168583012088], [669.0276913835262, 584.2077342941905], [700.580415215046, 788.9831416987912], [623.9723086164738, 801.7922657058095]], '출', 0.8341177204027908), ([[1606.0019043646528, 1155.008739221678], [2045.7420663048163, 1219.1396504441825], [1943.9980956353472, 1839.991260778322], [1504.2579336951837, 1775.8603495558175]], '4', 0.5911695949382114), ([[301.1967277877101, 1749.0230635061555], [388.4961420538583, 1695.0087940811954], [531.8032722122899, 1950.9769364938445], [444.5038579461417, 2004.9912059188046]], '"', 0.9978656248932936)]
[([[227, 173], [425, 173], [425, 403], [227, 403]], '야', 0.1069153517867969), ([[746, 191], [947, 191], [947, 414], [746, 414]], '0', 0.9883520839380822), ([[1034, 125], [1226, 125], [1226, 319], [1034, 319]], '야', 0.08221803592776045), ([[1541, 155], [1910, 155], [1910, 400], [1541, 400]], '/퍼사?', 0.0203069020062685), ([[1351, 285], [1515, 285], [1515, 437], [1351, 437]], '0', 0.3702862547734789), ([[457, 365], [638, 365], [638, 566], [457, 566]], '야', 0.4263759911879248), ([[1144, 343], [1314, 343], [1314, 511], [1144, 511]], '양', 0.18297390505626598), ([[1604, 375], [1845, 375], [1845, 492], [1604, 492]], '본 적이', 0.9388075082617816), ([[1467, 448], [1847, 448], [1847, 688], [1467, 688]], '@히어요', 0.03996746242046356), ([[339, 692], [430, 692], [430, 787], [339, 787]], '0', 0.9995953254106418), ([[255, 856], [379, 856], [379, 982], [255, 982]], '이', 0.4102942453421434), ([[589, 738], [658, 738], [658, 989], [589, 989]], '8', 0.13596797315929976), ([[1351, 2053], [1508, 2053], [1508, 2178], [1351, 2178]], '분명', 0.99779609464486), ([[1324, 2156], [1542, 2156], [1542, 2280], [1324, 2280]], '특기는', 0.42664050358049427), ([[1254, 2254], [1614, 2254], [1614, 2387], [1254, 2387]], '최면도줄""', 0.10199343578929722), ([[1069.2472396921996, 551.0591474445538], [1435.3960568201774, 525.22810937802], [1436.7527603078004, 750.9408525554462], [1069.6039431798226, 777.77189062198]], '{', 0.24412017762598737)]
[([[434, 113], [848, 113], [848, 247], [434, 247]], '재이 수련의', 0.831992438608341), ([[1621, 149], [1947, 149], [1947, 273], [1621, 273]], '후춧 제계', 0.5265362902143788), ([[451, 217], [824, 217], [824, 345], [451, 345]], '보지 시련에 ', 0.5680093315413081), ([[1591, 253], [1980, 253], [1980, 374], [1591, 374]], '낚이석군요?', 0.759761307656304), ([[167, 336], [390, 336], [390, 460], [167, 460]], '뼈빼한', 0.14329202294895219), ([[494, 325], [779, 325], [779, 451], [494, 451]], '도전해서', 0.9962977170944214), ([[1569, 356], [1999, 356], [1999, 480], [1569, 480]], '힘센 수영팬티', 0.21846047609529307), ([[175, 447], [387, 447], [387, 555], [175, 555]], '보지에', 0.9953601956367493), ([[521, 426], [754, 426], [754, 547], [521, 547]], '멋지게', 0.8795823401759563), ([[1653, 459], [1899, 459], [1899, 585], [1653, 585]], '남자가', 0.9999378508183289), ([[122, 541], [435, 541], [435, 664], [122, 664]], '우둑 솟은', 0.17589209185454693), ([[499, 529], [780, 529], [780, 651], [499, 651]], '이겨내는', 0.7766515612602234), ([[1594, 559], [1882, 559], [1882, 685], [1594, 685]], '잡여네요', 0.04019797965884209), ([[52, 628], [769, 628], [769, 767], [52, 767]], '낚짓대들 전개 |겁니다!', 0.26140823388250917), ([[1067, 568], [1306, 568], [1306, 773], [1067, 773]], '세', 0.19107651767260236), ([[95, 746], [467, 746], [467, 871], [95, 871]], '그러고 나선', 0.9216205603985903), ([[28, 845], [527, 845], [527, 973], [28, 973]], '오로지 피스톱질', 0.6452929614166173), ([[126, 943], [359, 943], [359, 1087], [126, 1087]], '이예요드', 0.8802095055580139), ([[1652, 910], [1721, 910], [1721, 1046], [1652, 1046]], '@', 0.7162304594410251), ([[1745, 1187], [1814, 1187], [1814, 1316], [1745, 1316]], '병', 0.5648961496968354), ([[1612, 1317], [1661, 1317], [1661, 1353], [1612, 1353]], '여', 0.02135607042226284), ([[340, 1607], [489, 1607], [489, 2124], [340, 2124]], "'", 0.061953856330678514), ([[884, 1672], [1211, 1672], [1211, 2135], [884, 2135]], '@', 0.7500776102667182), ([[1535, 1936], [1816, 1936], [1816, 2062], [1535, 2062]], '질척질척', 0.5877640247344971), ([[1752, 1505], [1898, 1505], [1898, 1920], [1752, 1920]], '#', 0.9938582599725123), ([[1412, 2037], [1938, 2037], [1938, 2165], [1412, 2165]], '음썩 젖은 보지에', 0.16162727122282328), ([[100, 2114], [514, 2114], [514, 2242], [100, 2242]], '시작하자마자', 0.9963620653387473), ([[1458, 2141], [1921, 2141], [1921, 2273], [1458, 2273]], '행행한 자지가 ', 0.18741220913763634), ([[86, 2217], [525, 2217], [525, 2343], [86, 2343]], '뵈달라 하서도', 0.8350129320733528), ([[988, 2190], [1299, 2190], [1299, 2328], [988, 2328]], '체 난자에', 0.8214045107447159), ([[1353, 2244], [1729, 2244], [1729, 2368], [1353, 2368]], '자지급 도뜻', 0.2683112214906256), ([[1767, 2244], [1927, 2244], [1927, 2365], [1767, 2365]], '도푹', 0.4739124872759175), ([[109, 2300], [500, 2300], [500, 2568], [109, 2568]], '핸호물', 0.030223265116027336), ([[998, 2343], [1279, 2343], [1279, 2467], [998, 2467]], '적중하면', 0.9950984716415405), ([[1445, 2344], [1904, 2344], [1904, 2473], [1445, 2473]], '사정할 때까지', 0.6030912341258882), ([[1028, 2447], [1260, 2447], [1260, 2571], [1028, 2571]], '당신의 ', 0.6709058880805969), ([[1424, 2444], [1931, 2444], [1931, 2578], [1424, 2578]], '질로 비거드리켓', 0.15047168261193927), ([[190, 2525], [424, 2525], [424, 2647], [190, 2647]], '거니관', 0.20355388235638625), ([[995, 2546], [1287, 2546], [1287, 2678], [995, 2678]], '승리에요', 0.9914792776107788), ([[1529, 2550], [1753, 2550], [1753, 2676], [1529, 2676]], '습니다', 0.6824339896644055), ([[97, 2622], [515, 2622], [515, 2757], [97, 2757]], '각오는렉조?', 0.3701812125545485), ([[821.3774764341784, 732.0277360627988], [873.031575638627, 727.3012911374999], [883.6225235658216, 857.9722639372012], [831.968424361373, 862.6987088625001]], '흉', 0.09548415890588391), ([[308.4691096951578, 988.0046977764147], [534.7924268000387, 1029.4931527670428], [426.5308903048422, 1612.9953022235854], [199.2075731999613, 1571.5068472329572]], '둥', 0.10569613640769049), ([[864.1601138259454, 2081.018572466365], [1008.0157853347331, 2119.1719930834647], [945.8398861740546, 2344.981427533635], [802.9842146652669, 2306.8280069165353]], '7', 0.10399407636384783)]
[([[501, 29], [801, 29], [801, 335], [501, 335]], '@', 0.40941918499834173), ([[201, 345], [345, 345], [345, 518], [201, 518]], '7"', 0.20687050089401127), ([[253, 559], [421, 559], [421, 785], [253, 785]], '울욕', 0.29693587613506384), ([[336, 600], [401, 600], [401, 639], [336, 639]], '1대', 0.0018530478924986748), ([[590, 313], [905, 313], [905, 793], [590, 793]], '헌', 0.2873888629639545), ([[1634, 376], [1790, 376], [1790, 1000], [1634, 1000]], '콩', 0.12111322358145404), ([[226, 766], [509, 766], [509, 892], [226, 892]], '호에옛0', 0.4444604218006134), ([[264, 1263], [557, 1263], [557, 1902], [264, 1902]], '소', 0.49501310496920325), ([[1028, 1773], [1166, 1773], [1166, 2008], [1028, 2008]], '환', 0.11823299787216968), ([[1549, 1895], [1697, 1895], [1697, 1999], [1549, 1999]], '다"', 0.938592466419782), ([[1547, 1983], [1762, 1983], [1762, 2111], [1547, 2111]], '단숨에', 0.9327739616953803), ([[938, 2096], [1026, 2096], [1026, 2200], [938, 2200]], '호', 0.9246311259348658), ([[1065, 2089], [1290, 2089], [1290, 2210], [1065, 2210]], "'효과는", 0.8271869421005249), ([[1479, 2087], [1773, 2087], [1773, 2221], [1479, 2221]], '안쪽까지드', 0.20479040093487405), ([[899, 2192], [1252, 2192], [1252, 2314], [899, 2314]], '굉장해요옷', 0.743127584527559), ([[869, 2296], [1209, 2296], [1209, 2422], [869, 2422]], '승호오옷뇨', 0.037065370928681604), ([[1504, 2393], [1676, 2393], [1676, 2581], [1504, 2581]], '좁"', 0.00617670820142098), ([[1556, 2540], [1642, 2540], [1642, 2626], [1556, 2626]], '8', 0.006975621958510425), ([[1474.9863175883372, 31.01427438596957], [1874.629672869373, 172.16202475301904], [1765.0136824116628, 457.98572561403046], [1365.370327130627, 316.837975246981]], '(((', 0.26638653901593556), ([[216.12972068902064, 174.03448068166028], [298.25829977891794, 158.4936456108361], [323.87027931097936, 321.9655193183397], [242.74170022108208, 337.5063543891639]], '"', 0.29902558955888026), ([[1181.6060308153108, 284.00485110161475], [1300.8561172290215, 304.5433870999492], [1232.3939691846892, 721.9951488983853], [1112.1438827709785, 702.4566129000508]], '#', 0.9317598330022889), ([[1435.156868340835, 489.0177796777907], [1588.6874062040051, 537.5941430529551], [1515.843131659165, 765.9822203222093], [1361.3125937959949, 717.4058569470449]], '1{', 0.14184061951683058), ([[712.0301535608453, 1063.0276873147925], [824.0802096757768, 1017.0343539157402], [916.9698464391547, 1271.9723126852075], [804.9197903242232, 1317.9656460842598]], '.', 0.08771105308725069), ([[1724.1518863945892, 2254.019991565288], [1864.896491823209, 2276.4917254136467], [1826.8481136054108, 2501.980008434712], [1686.103508176791, 2479.5082745863533]], '!"', 0.08135966551288082)]
[([[477, 304], [665, 304], [665, 436], [477, 436]], '자야', 0.16874095628448096), ([[1658, 297], [1809, 297], [1809, 405], [1658, 405]], '꽤"', 0.985563218182771), ([[448, 398], [692, 398], [692, 530], [448, 530]], '제 진심', 0.9980782866477966), ([[1550, 393], [1921, 393], [1921, 510], [1550, 510]], '꽤 하눈군요', 0.4737284336721164), ([[382, 507], [754, 507], [754, 639], [382, 639]], '질 비비기에', 0.9573358330682562), ([[1549, 494], [1987, 494], [1987, 615], [1549, 615]], '그치만 시런은', 0.47430261714379407), ([[426, 610], [711, 610], [711, 739], [426, 739]], '어디까지', 0.9955678582191467), ([[921, 513], [1448, 513], [1448, 807], [921, 807]], '9;', 0.0017220633060971919), ([[1539, 596], [1947, 596], [1947, 723], [1539, 723]], '사지금부터가', 0.3971640410589026), ([[341, 712], [798, 712], [798, 837], [341, 837]], '버달 수 있든지', 0.09428318866726144), ([[1656, 704], [1881, 704], [1881, 821], [1656, 821]], '본방 "', 0.6380560398101807), ([[413, 813], [723, 813], [723, 941], [413, 941]], '승부에외', 0.715390145778656), ([[625, 1080], [677, 1080], [677, 1106], [625, 1106]], "'1.", 0.10817984952769602), ([[713, 1331], [799, 1331], [799, 1480], [713, 1480]], '젯', 0.003931902416734412), ([[1285, 1470], [1353, 1470], [1353, 1655], [1285, 1655]], '출', 0.05289237309768513), ([[1374, 1476], [1590, 1476], [1590, 1791], [1374, 1791]], ')', 0.018702188027418742), ([[1855, 1574], [1899, 1574], [1899, 1670], [1855, 1670]], '(', 0.02152331063149404), ([[509, 1628], [620, 1628], [620, 1814], [509, 1814]], '탑', 0.01077968228378584), ([[1877, 1702], [1893, 1702], [1893, 1733], [1877, 1733]], '0', 0.9997491993819949), ([[215, 1821], [232, 1821], [232, 1843], [215, 1843]], '1', 0.8065326825891503), ([[952, 1751], [1360, 1751], [1360, 2130], [952, 2130]], '킬다', 0.22546934730792603), ([[143, 2078], [577, 2078], [577, 2206], [143, 2206]], '한심한 목소길', 0.8349298206181035), ([[1113, 2026], [1285, 2026], [1285, 2198], [1113, 2198]], '( `', 0.2248239666223526), ([[207, 2182], [522, 2182], [522, 2314], [207, 2314]], '내기 전에', 0.6692564428311223), ([[1320, 2291], [1406, 2291], [1406, 2323], [1320, 2323]], '<', 0.14413979994863357), ([[191, 2281], [537, 2281], [537, 2418], [191, 2418]], '항복하여도', 0.3095539206831656), ([[208, 2384], [536, 2384], [536, 2513], [208, 2513]], '좋다고요', 0.4492502808570862), ([[718, 2448], [874, 2448], [874, 2672], [718, 2672]], '8', 0.6889014564521858), ([[1428.945944854033, 174.04864559129294], [1606.2088452396542, 88.9807971536844], [1665.054055145967, 235.95135440870706], [1486.7911547603458, 322.0192028463156]], '20', 0.34472110695666985), ([[285.2137861998135, 955.4027108604968], [413.3985573523071, 1025.9800723431072], [204.78621380018652, 1399.5972891395031], [75.6014426476929, 1329.0199276568928]], '한', 0.18609971259071134), ([[793.5098405633283, 1215.0200548726061], [837.3586390366742, 1193.0107280875407], [913.4901594366717, 1348.9799451273939], [869.6413609633258, 1371.9892719124593]], '3', 0.24386547411606418), ([[559.5759984725581, 1183.004731570606], [705.009693644513, 1201.7708152334174], [642.4240015274419, 1668.995268429394], [496.99030635548695, 1649.2291847665826]], '6', 0.26858020875592103), ([[1759.601985123916, 1381.01985123916], [1846.6114420752958, 1458.2802656784306], [1821.398014876084, 1488.98014876084], [1734.3885579247042, 1411.7197343215694]], '~시 ', 0.12142957746982574), ([[1670.4303653258476, 1905.0055950856377], [1885.709510472633, 1970.8425132771235], [1732.5696346741524, 2471.9944049143623], [1517.290489527367, 2407.1574867228765]], '8', 0.09286814581423997)]
[([[196, 59], [496, 59], [496, 330], [196, 330]], '세', 0.9995388324398711), ([[732, 133], [915, 133], [915, 422], [732, 422]], '올', 0.3526621605605875), ([[1124, 179], [1217, 179], [1217, 373], [1124, 373]], '%0', 0.139354423399038), ([[1236, 48], [1448, 48], [1448, 401], [1236, 401]], '육', 0.4061228954146969), ([[1555, 220], [1907, 220], [1907, 341], [1555, 341]], '오호오오위', 0.28782520976026743), ([[242, 334], [572, 334], [572, 461], [242, 461]], '혹어호와', 0.05972188711166382), ([[1563, 324], [1674, 324], [1674, 441], [1563, 441]], '욕', 0.3524200904922772), ([[1723, 324], [1892, 324], [1892, 441], [1723, 441]], '오월', 0.33644837530276844), ([[318, 440], [489, 440], [489, 561], [318, 561]], '간닷', 0.8031556203528185), ([[1457, 377], [1899, 377], [1899, 551], [1457, 551]], "'#; 호위하횟", 0.020666391425664298), ([[184, 533], [624, 533], [624, 778], [184, 778]], '이적 -기운켓드', 0.001358036657942819), ([[625, 402], [764, 402], [764, 789], [625, 789]], '용', 0.25509302650084464), ([[935, 521], [1435, 521], [1435, 799], [935, 799]], "';", 0.028747037280141934), ([[1596, 521], [1852, 521], [1852, 754], [1596, 754]], '오염위', 0.06939913473920845), ([[328, 736], [557, 736], [557, 869], [328, 869]], '굉장한', 0.9376498623831739), ([[241, 815], [569, 815], [569, 989], [241, 989]], "'낚첫대하]-", 0.004892264074634271), ([[1651, 805], [1786, 805], [1786, 1064], [1651, 1064]], '올', 0.9842904403625461), ([[874, 1025], [936, 1025], [936, 1202], [874, 1202]], '중', 0.5179383749075441), ([[826, 1247], [881, 1247], [881, 1381], [826, 1381]], "'", 0.04340807819984449), ([[1373, 1301], [1428, 1301], [1428, 1423], [1373, 1423]], '#', 0.44075729784424666), ([[1591, 1224], [1648, 1224], [1648, 1363], [1591, 1363]], '8', 0.9979211178781497), ([[1423, 1641], [1526, 1641], [1526, 1803], [1423, 1803]], '10', 0.13644757015316852), ([[1869, 1613], [1953, 1613], [1953, 1750], [1869, 1750]], '0', 0.8983316954954859), ([[222, 1926], [537, 1926], [537, 2040], [222, 2040]], '캠린 보지', 0.5875922224941285), ([[1433, 1912], [1795, 1912], [1795, 2025], [1433, 2025]], '오오오옷시', 0.2969603933989214), ([[131, 2020], [636, 2020], [636, 2155], [131, 2155]], '자지에 4컷쑤경', 0.04068964317758896), ([[1504, 2010], [1787, 2010], [1787, 2131], [1504, 2131]], '피스톱질', 0.4925062954425812), ([[210, 2129], [493, 2129], [493, 2253], [210, 2253]], '당해버*', 0.116022989153862), ([[755, 1993], [1195, 1993], [1195, 2293], [755, 2293]], '의', 0.185113488727219), ([[1427, 2116], [1819, 2116], [1819, 2237], [1427, 2237]], '너무 경장햇(', 0.7394773610231612), ([[199, 2231], [572, 2231], [572, 2359], [199, 2359]], '정액 내탤게', 0.27645343078514933), ([[1470, 2210], [1690, 2210], [1690, 2336], [1470, 2336]], "'낚짓대", 0.700302243232727), ([[230, 2332], [554, 2332], [554, 2455], [230, 2455]], '만들뿐인', 0.6561009883880615), ([[575, 2242], [696, 2242], [696, 2435], [575, 2435]], '1', 0.15597778311617905), ([[1410, 2302], [1875, 2302], [1875, 2455], [1410, 2455]], "'낚짓대 자지0", 0.1351570243813658), ([[199, 2431], [426, 2431], [426, 2557], [199, 2557]], '오나홀', 0.48488423492747723), ([[1396, 2417], [1897, 2417], [1897, 2541], [1396, 2541]], '자지-피스톱으로', 0.4201925710839227), ([[249, 2538], [535, 2538], [535, 2652], [249, 2652]], '받으편세', 0.6186132431030273), ([[752, 2343], [1094, 2343], [1094, 2764], [752, 2764]], '7', 0.228865297683015), ([[1303, 2491], [1846, 2491], [1846, 2656], [1303, 2656]], '"보지 가버러넷', 0.10729485608139601), ([[65, 2630], [627, 2630], [627, 2765], [65, 2765]], '가버려어어어없0', 0.33650866094218684), ([[772.3119790838463, 667.0236967157701], [847.0392731071842, 658.4730477601729], [863.6880209161537, 831.9763032842299], [788.9607268928158, 840.5269522398271]], '%', 0.05777529672472448), ([[177.51456771421456, 963.0098225410999], [267.6124671858808, 976.39338828431], [228.48543228578544, 1233.9901774589002], [138.38753281411923, 1220.60661171569]], '"', 0.08270996057032765), ([[1520.1404831410791, 1260.0075390415093], [1879.2935778883002, 1227.9582654389499], [1925.8595168589209, 1927.9924609584907], [1565.7064221116998, 1960.0417345610501]], '%', 0.14343602843319392), ([[597.5318580444454, 1289.0064470133686], [726.7312116613274, 1307.8597104965672], [672.4681419555546, 1685.9935529866314], [543.2687883386726, 1667.1402895034328]], '!', 0.12939324087030002), ([[444.3822661327724, 1300.0086743266968], [610.7077739948036, 1323.373995917358], [554.6177338672276, 1699.9913256733032], [389.29222600519637, 1675.626004082642]], '$', 0.04721901705324516), ([[245.37895685516972, 1280.0048214729293], [533.5448688853711, 1408.173444194483], [268.6210431448303, 2003.9951785270707], [-19.544868885371134, 1875.826555805517]], '새', 0.241314565727202), ([[1326.4710935662174, 1445.0233572982565], [1376.7413505473946, 1441.2582495464285], [1386.5289064337826, 1569.9766427017435], [1336.2586494526054, 1574.7417504535715]], '#', 0.7113254728563199), ([[1190.425586281896, 1758.0051559016074], [1432.6347840016358, 1794.6635049573117], [1341.574413718104, 2378.9948440983926], [1099.3652159983642, 2342.336495042688]], '{', 0.30396151576642083), ([[403.4522809788061, 2439.204142068598], [643.2864782277123, 2392.7509779608026], [660.5477190211939, 2532.795857931402], [419.71352177228766, 2579.2490220391974]], "''롭9", 0.035152435302734375)]
[([[697, 184], [942, 184], [942, 443], [697, 443]], '오', 0.9803816281422684), ([[944, 341], [1028, 341], [1028, 441], [944, 441]], '(느', 0.03146806905618584), ([[84, 471], [613, 471], [613, 762], [84, 762]], '꽤<', 0.01244951838248565), ([[1590, 80], [1797, 80], [1797, 1006], [1590, 1006]], '"', 0.866181639518576), ([[829, 1108], [917, 1108], [917, 1389], [829, 1389]], '8', 0.20249223776149794), ([[1767, 1168], [1939, 1168], [1939, 1524], [1767, 1524]], '""', 0.054658837780348454), ([[453, 1509], [551, 1509], [551, 1713], [453, 1713]], '#', 0.08623321125946859), ([[1794, 1553], [1920, 1553], [1920, 1816], [1794, 1816]], '"', 0.9005341434479739), ([[1647, 1714], [1799, 1714], [1799, 1982], [1647, 1982]], '"', 0.2047409716952906), ([[974, 1903], [1084, 1903], [1084, 2146], [974, 2146]], '{', 0.10038214231898124), ([[126, 2321], [302, 2321], [302, 2662], [126, 2662]], '#', 0.03307728176000979), ([[1803, 2487], [1924, 2487], [1924, 2665], [1803, 2665]], '기', 0.5315221307092202), ([[1088.091846781627, 183.02062919579402], [1212.5663450346863, 117.00802027557835], [1367.908153218373, 442.979370804206], [1242.4336549653137, 509.99197972442164]], '꽃', 0.09204020955643788), ([[651.2493680120205, 399.06672095746745], [940.4960512537255, 380.3290055950725], [939.7506319879795, 575.9332790425326], [650.5039487462745, 594.6709944049276]], '~웃', 0.0349340984569078), ([[117.29323866215755, 1701.0166596377398], [217.51872070166306, 1663.0089717219375], [314.70676133784247, 1942.9833403622602], [213.48127929833694, 1981.9910282780625]], '#', 0.2617982527504523), ([[199.3854229763221, 2108.015748038281], [282.473938232693, 2079.0093627128667], [361.6145770236779, 2326.984251961719], [278.526061767307, 2355.9906372871333]], '뿐', 0.04403215006482242), ([[1013.219428607749, 2109.0381717990404], [1076.0931975154213, 2118.830774840476], [1057.780571392251, 2226.9618282009596], [994.9068024845787, 2217.169225159524]], '"', 0.19574142126089455)]
[([[227, 218], [438, 218], [438, 326], [227, 326]], '오혹"', 0.29029595598528735), ([[1063, 301], [1130, 301], [1130, 380], [1063, 380]], '@', 0.43982470141600416), ([[1228, 128], [1422, 128], [1422, 466], [1228, 466]], '움', 0.2228436776219036), ([[1665, 166], [1910, 166], [1910, 403], [1665, 403]], '월웃드', 0.13491369926035182), ([[122, 314], [279, 314], [279, 441], [122, 441]], '훌륭', 0.9919512114638145), ([[321, 324], [542, 324], [542, 434], [321, 434]], "'해요 ", 0.7944072484970093), ([[182, 414], [494, 414], [494, 548], [182, 548]], '이 수련의드', 0.09876591531273073), ([[1561, 469], [1627, 469], [1627, 563], [1561, 563]], '@', 0.02499395432700169), ([[1707, 382], [1863, 382], [1863, 499], [1707, 499]], '오옷', 0.7815107235731549), ([[131, 519], [550, 519], [550, 648], [131, 648]], '보지 시련으올', 0.538275296682851), ([[64, 624], [612, 624], [612, 747], [64, 747]], '옷어이겨내석군요드', 0.27408401614129657), ([[966, 541], [1428, 541], [1428, 784], [966, 784]], '"타', 0.011980188404730996), ([[209, 713], [688, 713], [688, 1145], [209, 1145]], '주원', 0.1498144035861837), ([[1603, 985], [1665, 985], [1665, 1078], [1603, 1078]], '@', 0.010776531037265613), ([[1728, 896], [1885, 896], [1885, 1167], [1728, 1167]], '@', 0.07268118932310941), ([[113, 1080], [274, 1080], [274, 1390], [113, 1390]], '용', 0.9208953663664978), ([[367, 1159], [607, 1159], [607, 1424], [367, 1424]], '기0', 0.16631992697887255), ([[1316, 1233], [1372, 1233], [1372, 1356], [1316, 1356]], '$', 0.44238208463163176), ([[1353, 1481], [1474, 1481], [1474, 1857], [1353, 1857]], '마', 0.017482191455031604), ([[264, 1788], [414, 1788], [414, 1969], [264, 1969]], '넷', 0.014698361952468986), ([[1119, 1803], [1218, 1803], [1218, 1970], [1119, 1970]], "'", 0.6570714623365035), ([[1676, 1841], [1833, 1841], [1833, 2020], [1676, 2020]], '0', 0.3676125509514918), ([[273, 2046], [772, 2046], [772, 2170], [273, 2170]], '보구보지 시련올', 0.26090882756557643), ([[1567, 2007], [1874, 2007], [1874, 2136], [1567, 2136]], '이 늘름한', 0.24294327996600487), ([[269, 2150], [703, 2150], [703, 2273], [269, 2273]], '해내신 증거로', 0.9729714807535573), ([[1000, 2009], [1259, 2009], [1259, 2324], [1000, 2324]], '나', 0.046479433671553494), ([[1572, 2121], [1793, 2121], [1793, 2229], [1572, 2229]], '자지로', 0.9998629008324699), ([[257, 2253], [714, 2253], [714, 2377], [257, 2377]], '제캠권 보지름', 0.2593674060510533), ([[1560, 2215], [1873, 2215], [1873, 2341], [1560, 2341]], '제오나홀', 0.5206193327903748), ([[210, 2347], [834, 2347], [834, 2483], [210, 2483]], '언제튼지오나홀처럽_', 0.08665613905942336), ([[1543, 2322], [1829, 2322], [1829, 2436], [1543, 2436]], '보지클 ', 0.08901567757129669), ([[254, 2447], [788, 2447], [788, 2582], [254, 2582]], '사용하실수-잇든', 0.09513426575674583), ([[1498, 2410], [1942, 2410], [1942, 2556], [1498, 2556]], '훌륭하 잔뜩', 0.99781738260502), ([[237, 2557], [739, 2557], [739, 2683], [237, 2683]], '권리플트질계옷', 0.18196688267818356), ([[1508, 2510], [1862, 2510], [1862, 2649], [1508, 2649]], '낚으여균요드', 0.08779161856894883), ([[255, 2667], [356, 2667], [356, 2775], [255, 2775]], '욕', 0.9872394418026467), ([[415, 2655], [713, 2655], [713, 2781], [415, 2781]], '오호옷"', 0.5395674109458923), ([[974, 2570], [1133, 2570], [1133, 2787], [974, 2787]], '8공', 0.021172115342019893), ([[181, 2762], [725, 2762], [725, 2880], [181, 2880]], '아직 -로"가아앗드', 0.06911857113867151), ([[1479.219131190557, 19.012198097823024], [1667.652699952547, 49.50659126280026], [1609.780868809443, 388.98780190217695], [1420.347300047453, 357.49340873719973]], '흙', 0.7551836140790193), ([[803.6205907533757, 684.0080008550058], [872.1760629520351, 699.0275161824786], [822.3794092466243, 938.9919991449942], [753.8239370479649, 924.9724838175214]], '{', 0.02445186553581835), ([[1650.2375624025544, 1152.0153038236056], [1792.6155440624689, 1138.1889198318145], [1817.7624375974456, 1438.9846961763944], [1675.3844559375311, 1453.8110801681855]], '유', 0.023591479110153024)]
