2346399
17
[([[5, 38], [273, 38], [273, 1339], [5, 1339]], '"', 0.25460815547080884), ([[444, 1214], [749, 1214], [749, 1280], [444, 1280]], '0총 처5 #처료', 0.02665826945068854), ([[817, 1149], [955, 1149], [955, 1191], [817, 1191]], '이어시', 0.0011244422574254046), ([[822, 1188], [950, 1188], [950, 1264], [822, 1264]], '"18', 0.22857316929128654), ([[819, 1261], [955, 1261], [955, 1299], [819, 1299]], '묘 시[곁 (', 0.038224425163813414), ([[829, 1300], [942, 1300], [942, 1333], [829, 1333]], '189초 출0=', 0.05581866866167189), ([[812, 1324], [962, 1324], [962, 1354], [812, 1354]], '#스; [출부-', 0.07977436396780371)]
[]
[]
[]
[]
[]
[]
[]
[]
[([[698, 96], [740, 96], [740, 124], [698, 124]], '에어', 0.914056473356192), ([[908, 94], [946, 94], [946, 120], [908, 120]], '와  ', 0.5011834745148243), ([[354, 178], [426, 178], [426, 208], [354, 208]], '부터야이', 0.16028684377670288), ([[359, 125], [425, 125], [425, 191], [359, 191]], '친:', 0.009205272157384705), ([[860, 148], [916, 148], [916, 210], [860, 210]], '연국', 0.33977732757899687), ([[128, 582], [184, 582], [184, 612], [128, 612]], '미소녀', 0.9997611104591954), ([[132, 606], [182, 606], [182, 638], [132, 638]], '3인의', 0.9893663545798848), ([[128, 630], [186, 630], [186, 662], [128, 662]], '옛찌한', 0.8343513636934803), ([[133, 651], [177, 651], [177, 711], [133, 711]], '봄임', 0.20822353425833676), ([[128, 702], [186, 702], [186, 732], [128, 732]], '이야*', 0.24119591107021626), ([[852, 980], [908, 980], [908, 1010], [852, 1010]], '저희도', 0.9970645904541016), ([[252, 1008], [306, 1008], [306, 1036], [252, 1036]], '오빠이', 0.28055277466773987), ([[842, 1004], [918, 1004], [918, 1036], [842, 1036]], '준비 완료', 0.9159562765957332), ([[850, 1028], [906, 1028], [906, 1058], [850, 1058]], '에요0', 0.4258630566565887), ([[209, 1071], [271, 1071], [271, 1177], [209, 1177]], '육', 0.11831573045179766), ([[357, 1099], [449, 1099], [449, 1219], [357, 1219]], '통', 0.5508643158120243), ([[791, 1091], [879, 1091], [879, 1185], [791, 1185]], '육밤', 0.0013829471264919532), ([[69, 1197], [133, 1197], [133, 1259], [69, 1259]], '뼈', 0.3311343370986073), ([[74, 1246], [130, 1246], [130, 1278], [74, 1278]], '셋이나', 0.8959572911262512), ([[74, 1270], [130, 1270], [130, 1302], [74, 1302]], '있어9', 0.752744908306906), ([[501.0578369393376, 1007.0494509237074], [573.6222671878597, 997.7611177687896], [586.9421630606624, 1119.9505490762926], [515.3777328121403, 1130.2388822312105]], '총', 0.7189576129042088), ([[681.1537115632518, 1148.0448886945671], [738.5619884610904, 1124.0197638525165], [788.8462884367482, 1257.9551113054329], [731.4380115389096, 1281.9802361474835]], '놈', 0.027829828715125737)]
[([[526, 94], [580, 94], [580, 120], [526, 120]], '아침부터', 0.9732331037521362), ([[538, 112], [568, 112], [568, 138], [538, 138]], "'염청", 0.17732150494944532), ([[533, 131], [577, 131], [577, 151], [533, 151]], '쥐어까', 0.5832617668185827), ([[484, 172], [516, 172], [516, 198], [484, 198]], '극권', 0.026608581420757286), ([[880, 164], [938, 164], [938, 188], [880, 188]], '아정말0', 0.4379212558269501), ([[1134, 174], [1188, 174], [1188, 198], [1134, 198]], '쿠로안에', 0.6362050175666809), ([[1134, 190], [1184, 190], [1184, 214], [1134, 214]], '또나햇', 0.4299226999282837), ([[833, 235], [875, 235], [875, 255], [833, 255]], '안예서', 0.7061944885180318), ([[816, 248], [894, 248], [894, 296], [816, 296]], '표3여9', 0.016484174877405167), ([[728, 406], [782, 406], [782, 430], [728, 430]], '굉장해다', 0.6134940981864929), ([[292, 538], [356, 538], [356, 564], [292, 564]], '잠깐 구로', 0.13078785956788008), ([[234, 580], [302, 580], [302, 604], [234, 604]], '오늘 아침은', 0.995310310558173), ([[230, 598], [304, 598], [304, 622], [230, 622]], '내 차례인데:', 0.41705998185636495), ([[112, 620], [150, 620], [150, 644], [112, 644]], '우%~(', 0.3360988199710846), ([[62, 708], [114, 708], [114, 732], [62, 732]], '잠꾸리기', 0.7623805999755859), ([[467, 699], [511, 699], [511, 739], [467, 739]], '오냐', 0.13231836452157708), ([[934, 700], [990, 700], [990, 764], [934, 764]], '선', 0.7521453510439393), ([[1089, 605], [1198, 605], [1198, 777], [1089, 777]], '8', 0.43906803966150676), ([[64, 718], [112, 718], [112, 802], [64, 802]], '#', 0.9939736595348201), ([[318, 760], [350, 760], [350, 804], [318, 804]], '방', 0.3484063387295464), ([[423, 765], [487, 765], [487, 809], [423, 809]], "''운늦도)", 0.05097268904718766), ([[693, 723], [757, 723], [757, 829], [693, 829]], '별', 0.23341785866182718), ([[751, 741], [811, 741], [811, 884], [751, 884]], '%', 0.009390031856520986), ([[698.70913834913, 81.0930546089968], [752.5947237553165, 40.019671294720766], [841.29086165087, 167.9069453910032], [787.4052762446835, 208.98032870527925]], '7', 0.24381699806008683), ([[472.719631200671, 164.46355744080526], [502.50515338941375, 160.68299078426296], [505.280368799329, 179.53644255919474], [475.49484661058625, 184.31700921573704]], '잔뜩', 0.9994454768098008), ([[1002.1630170010445, 167.00973104491356], [1274.9980942143163, 234.0982109633959], [1163.8369829989556, 668.9902689550864], [891.0019057856838, 601.9017890366041]], '2', 0.11752979491163629), ([[870.2583527229993, 666.0211726524883], [965.0923546699637, 654.6609306163217], [985.7416472770007, 866.9788273475117], [890.9076453300363, 878.3390693836783]], '꿀', 0.025959567163412522)]
[([[483, 101], [535, 101], [535, 121], [483, 121]], '아~예예', 0.9570397138595581), ([[1185, 105], [1215, 105], [1215, 125], [1185, 125]], '잠깐', 0.9999816240235012), ([[1008, 104], [1060, 104], [1060, 158], [1008, 158]], '(혀', 0.1679387232368867), ([[1172, 118], [1228, 118], [1228, 142], [1172, 142]], '이리야야', 0.7271834015846252), ([[453, 163], [483, 163], [483, 181], [453, 181]], '제가', 0.9997130763130756), ([[434, 176], [504, 176], [504, 202], [434, 202]], '나빠습니대]', 0.23902770227861664), ([[1110, 236], [1194, 236], [1194, 260], [1110, 260]], '교대해들라고', 0.5205830038648277), ([[300, 422], [354, 422], [354, 446], [300, 446]], '예해없어', 0.09806495159864426), ([[1009, 491], [1053, 491], [1053, 511], [1009, 511]], '에~에?', 0.6841298937797546), ([[262, 526], [302, 526], [302, 550], [262, 550]], '그러니', 0.999757669294368), ([[268, 542], [298, 542], [298, 566], [268, 566]], '오빠', 0.9909935956475511), ([[266, 560], [300, 560], [300, 584], [266, 584]], '힘내!', 0.9385160839593929), ([[991, 573], [1019, 573], [1019, 591], [991, 591]], '아직', 0.9987960769124791), ([[982, 590], [1028, 590], [1028, 614], [982, 614]], '안돼어', 0.5688719304784511), ([[101, 647], [129, 647], [129, 667], [101, 667]], '저기', 0.9999409106297269), ([[1098, 608], [1170, 608], [1170, 684], [1098, 684]], '(향', 0.03874642821855291), ([[94, 662], [148, 662], [148, 686], [94, 686]], '이리야  ', 0.33573524427586743), ([[749, 721], [807, 721], [807, 741], [749, 741]], '배 차지도', 0.9984397546793342), ([[46, 705], [110, 705], [110, 797], [46, 797]], '""', 0.5555602388721314), ([[145, 757], [291, 757], [291, 869], [145, 869]], '손', 0.13053647796965606), ([[468, 617], [609, 617], [609, 910], [468, 910]], '8', 0.011248307587983286), ([[741, 739], [813, 739], [813, 759], [741, 759]], '않앗는~걸어', 0.13792210360785354), ([[282.3520140502566, 47.021016373951944], [353.5324836064081, 30.118122951782368], [393.6479859497434, 220.97898362604806], [321.4675163935919, 236.88187704821763]], '뜻', 0.02185755802284839), ([[224.2270049206229, 177.03325707922554], [284.54118758621314, 152.0162860688617], [344.7729950793771, 310.96674292077444], [284.45881241378686, 335.9837139311383]], '"', 0.49548348853378243), ([[8.5881808562937, 766.0169883611537], [48.86463721451199, 761.0753271695187], [64.4118191437063, 896.9830116388463], [24.135362785488013, 901.9246728304813]], '셋', 0.09799981852484851), ([[192.07296070401088, 848.0866917312577], [298.92298863538696, 869.1258244479219], [287.9270392959891, 910.9133082687423], [182.07701136461304, 889.8741755520781]], '7~', 0.12207125722135082)]
[([[356, 36], [416, 36], [416, 141], [356, 141]], '빵', 0.0180537829933769), ([[485, 129], [529, 129], [529, 149], [485, 149]], '뭐라고', 0.6625909450350601), ([[1202, 14], [1257, 14], [1257, 149], [1202, 149]], '후', 0.9635688409413348), ([[95, 131], [137, 131], [137, 171], [95, 171]], '더', 0.9999539857435735), ([[761, 123], [807, 123], [807, 165], [761, 165]], '잘잘륙', 0.01808680847224066), ([[56, 122], [106, 122], [106, 210], [56, 210]], '출', 0.13881931469402176), ([[758, 158], [810, 158], [810, 182], [758, 182]], '한 거야  ', 0.9859552361973846), ([[1143, 167], [1189, 167], [1189, 187], [1143, 187]], '후아0', 0.592287981095556), ([[100, 172], [132, 172], [132, 208], [100, 208]], '똑', 0.9905441290756158), ([[1150, 184], [1182, 184], [1182, 208], [1150, 208]], "'만족", 0.9295468840437454), ([[1142, 200], [1188, 200], [1188, 224], [1142, 224]], '대만족]', 0.46614742279052734), ([[1233, 197], [1251, 197], [1251, 227], [1233, 227]], '옷', 0.8153334291001215), ([[46, 201], [155, 201], [155, 290], [46, 290]], '(알3닥', 0.0017639761790633202), ([[1101, 229], [1145, 229], [1145, 271], [1101, 271]], '올빠월', 0.48547007398445974), ([[722, 270], [764, 270], [764, 294], [722, 294]], '성욕의', 0.6892047385802016), ([[1096, 262], [1150, 262], [1150, 288], [1096, 288]], '버물리다', 0.29944321513175964), ([[61, 279], [135, 279], [135, 321], [61, 321]], '세요', 0.9999550717551025), ([[716, 286], [766, 286], [766, 310], [716, 310]], '화신야  ', 0.4764558735048007), ([[921, 263], [961, 263], [961, 327], [921, 327]], '8', 0.29735547774913584), ([[232, 406], [284, 406], [284, 496], [232, 496]], '병', 0.13252782469521662), ([[107, 525], [195, 525], [195, 589], [107, 589]], ')교유', 0.005354623802161019), ([[1043, 397], [1179, 397], [1179, 665], [1043, 665]], '급', 0.00694256868050136), ([[124, 580], [178, 580], [178, 604], [124, 604]], '되버럿네', 0.2596617341041565), ([[786, 576], [890, 576], [890, 694], [786, 694]], '초', 0.5372612721072443), ([[56, 668], [122, 668], [122, 716], [56, 716]], '바전염', 0.10988493138567568), ([[237, 671], [287, 671], [287, 707], [237, 707]], '아', 0.5105922059843557), ([[438, 694], [498, 694], [498, 742], [438, 742]], '퓨', 0.011707059149019594), ([[817, 641], [957, 641], [957, 775], [817, 775]], '익약 ;', 0.005290902947352405), ([[236, 697], [290, 697], [290, 854], [236, 854]], '곁', 0.023794173738579616), ([[382, 788], [460, 788], [460, 812], [382, 812]], '아그래 미인', 0.6022689345589839), ([[1120, 733], [1164, 733], [1164, 802], [1120, 802]], '3', 0.5907419086020695), ([[198.3069948509526, 23.04015571819248], [243.8437543457446, 18.290309122855433], [254.6930051490474, 120.95984428180752], [209.1562456542554, 125.70969087714457]], '병', 0.2729157322824136), ([[869.682983112633, 266.0083808287639], [912.4169004032766, 260.0145013529575], [940.317016887367, 466.9916191712361], [897.5830995967234, 472.9854986470425]], '{', 0.08113670487350433), ([[706.5632058550989, 609.0159202148551], [752.08390912197, 604.0987170026078], [768.4367941449011, 757.9840797851449], [722.91609087803, 762.9012829973922]], '유', 0.6753980412462433), ([[667.6306415724234, 654.0136612277165], [706.6077059522624, 648.0370680565229], [726.3693584275766, 798.9863387722835], [687.3922940477376, 804.9629319434771]], '"', 0.022358381182030485), ([[302.3477274371431, 666.0427285222872], [343.84644481414495, 681.8054949848627], [318.6522725628569, 751.9572714777128], [277.15355518585505, 737.1945050151373]], '@', 0.042622162563933585)]
[([[490, 108], [522, 108], [522, 132], [490, 132]], '그럼', 0.9995942342585791), ([[1038, 24], [1094, 24], [1094, 154], [1038, 154]], '장', 0.07709490035200961), ([[1150, 94], [1202, 94], [1202, 118], [1150, 118]], '우와앗0', 0.1997600495815277), ([[484, 124], [528, 124], [528, 148], [484, 148]], '오빠이', 0.35856608572695636), ([[185, 157], [231, 157], [231, 201], [185, 201]], '일핸', 0.07396086918432193), ([[431, 171], [501, 171], [501, 213], [431, 213]], '왜린도', 0.0094832767385306), ([[929, 99], [992, 99], [992, 250], [929, 250]], '앞', 0.8713523512519181), ([[1124, 176], [1166, 176], [1166, 200], [1124, 200]], '오늘도', 0.9999156892198018), ([[183, 195], [235, 195], [235, 215], [183, 215]], '보내쥐9', 0.20698079330045518), ([[1130, 194], [1160, 194], [1160, 218], [1130, 218]], '엄청', 0.9804851038126645), ([[440, 206], [482, 206], [482, 230], [440, 230]], '싶은데드', 0.49569129943847656), ([[1124, 212], [1166, 212], [1166, 236], [1124, 236]], '많아0', 0.39052666715295625), ([[116, 278], [146, 278], [146, 316], [116, 316]], '{', 0.30975615832409176), ([[83, 245], [143, 245], [143, 395], [83, 395]], '합', 0.18447563775396336), ([[717, 295], [761, 295], [761, 351], [717, 351]], '계', 0.9997938977589946), ([[44, 356], [96, 356], [96, 468], [44, 468]], '려', 0.46790885973882723), ([[492, 408], [560, 408], [560, 462], [492, 462]], '[아', 0.2045366641087787), ([[730, 412], [768, 412], [768, 442], [730, 442]], '여', 0.6378903255732702), ([[441, 447], [503, 447], [503, 507], [441, 507]], '사7', 0.012449209287115221), ([[4, 576], [34, 576], [34, 606], [4, 606]], '0', 0.7303106184689092), ([[993, 429], [1179, 429], [1179, 629], [993, 629]], '형', 0.05693934704065762), ([[849, 663], [891, 663], [891, 683], [849, 683]], '이리야', 0.9998103192898179), ([[19, 611], [75, 611], [75, 760], [19, 760]], '용', 0.7084815960527671), ([[100, 704], [154, 704], [154, 728], [100, 728]], '난독하다', 0.7415077090263367), ([[102, 666], [152, 666], [152, 716], [102, 716]], '망', 0.09860457863775096), ([[222, 649], [296, 649], [296, 815], [222, 815]], '위', 0.445953190396299), ([[837, 673], [903, 673], [903, 743], [837, 743]], '@', 0.015857354443427063), ([[347, 755], [415, 755], [415, 865], [347, 865]], '뷰', 0.017474268067490195), ([[410, 788], [444, 788], [444, 818], [410, 818]], '9', 0.3670524665022299), ([[681, 693], [725, 693], [725, 805], [681, 805]], '올', 0.1287352543108824), ([[792, 790], [856, 790], [856, 838], [792, 838]], '말혼뉘경', 0.0009841247228905559), ([[979, 587], [1224, 587], [1224, 910], [979, 910]], '행', 0.06859827987327893), ([[379, 851], [423, 851], [423, 897], [379, 897]], '몇', 0.07757557510763036), ([[870.6383790626988, 158.00817728564346], [931.1124890336466, 151.07772960888005], [956.3616209373012, 394.99182271435654], [895.8875109663534, 401.92227039112]], '"', 0.9971942344491289), ([[176.6434881600947, 713.0106010895911], [222.90478793802848, 709.0686124062579], [240.3565118399053, 892.9893989104089], [194.09521206197152, 897.9313875937421]], '2', 0.11056055780077045)]
[([[483, 39], [533, 39], [533, 81], [483, 81]], '에', 0.9978616951910659), ([[897, 115], [933, 115], [933, 133], [897, 133]], '어깨서', 0.7734911103913353), ([[1184, 118], [1220, 118], [1220, 142], [1184, 142]], '이런', 0.9652767039839756), ([[894, 128], [920, 128], [920, 154], [894, 154]], '망기', 0.8774222540580371), ([[892, 126], [940, 126], [940, 174], [892, 174]], '양갈', 0.014872678695866675), ([[886, 160], [944, 160], [944, 208], [886, 208]], "'해", 0.07360404408223221), ([[917, 181], [939, 181], [939, 201], [917, 201]], '게:', 0.35346187082042546), ([[115, 197], [151, 197], [151, 237], [115, 237]], '덮다', 0.031385486680890515), ([[1135, 215], [1163, 215], [1163, 235], [1135, 235]], '천연', 0.9376782813379516), ([[1132, 210], [1196, 210], [1196, 258], [1132, 258]], '채음', 0.2273009198734886), ([[60, 296], [130, 296], [130, 320], [60, 320]], '아미유장도', 0.9883211761395287), ([[54, 312], [134, 312], [134, 336], [54, 336]], '준비해서 와어', 0.3402053206539941), ([[25, 451], [65, 451], [65, 499], [25, 499]], '구', 0.3451293288950552), ([[491, 527], [543, 527], [543, 547], [491, 547]], '피스해서', 0.9992593037900483), ([[430, 604], [506, 604], [506, 628], [430, 628]], '이메스가키', 0.4938846573420086), ([[440, 622], [496, 622], [496, 646], [440, 646]], '귀여워다', 0.23156799376010895), ([[116, 683], [164, 683], [164, 709], [116, 709]], '아예어', 0.2735129495061649), ([[379, 659], [428, 659], [428, 756], [379, 756]], '강', 0.8886385050860532), ([[688, 544], [749, 544], [749, 770], [688, 770]], '출', 0.059062920223368565), ([[785, 695], [845, 695], [845, 737], [785, 737]], '팬히', 0.018214862698088013), ([[72, 778], [138, 778], [138, 802], [72, 802]], '두근두근0', 0.6284965120098234), ([[284, 664], [380, 664], [380, 875], [284, 875]], '8', 0.8299878144636388), ([[749, 789], [801, 789], [801, 807], [749, 807]], '아직이야', 0.9997572302818298), ([[1083, 723], [1153, 723], [1153, 785], [1083, 785]], '9', 0.03464913727770047), ([[737, 801], [807, 801], [807, 845], [737, 845]], '잔료어유는', 0.0364209581313824), ([[980, 770], [1142, 770], [1142, 874], [980, 874]], '(3)', 0.1376906702706358), ([[1102, 836], [1168, 836], [1168, 890], [1102, 890]], '언', 0.23464983150141538), ([[488.27253004752583, 80.05320432317573], [530.1605930276938, 70.13656255061623], [548.7274699524742, 157.94679567682425], [506.83940697230616, 167.86343744938375]], '헌', 0.4760900439782887), ([[756.4518433132068, 139.02509211395488], [801.9863939238321, 130.08163645700714], [824.5481566867932, 259.9749078860451], [779.0136060761679, 267.91836354299284]], '떠', 0.03033196639476987), ([[998.9036866264138, 360.05018422790977], [1070.542431405952, 304.0122659284652], [1205.0963133735863, 492.94981577209023], [1132.457568594048, 548.9877340715349]], '?', 0.13456944641285773), ([[245.3829424939203, 423.0272501812993], [294.6518316931407, 410.03041497334186], [328.61705750607973, 549.9727498187007], [280.3481683068593, 562.9695850266581]], '손', 0.022253563908192442), ([[9.481611240205295, 498.01681309916154], [72.05156947567917, 485.0694135375863], [108.5183887597947, 667.9831869008384], [45.948430524320834, 681.9305864624138]], ']', 0.008298228531330665)]
[([[157, 65], [187, 65], [187, 85], [157, 85]], '가도', 0.9998460831788454), ([[155, 85], [193, 85], [193, 103], [155, 103]], '관찮야', 0.8964237573481417), ([[735, 45], [779, 45], [779, 165], [735, 165]], '약', 0.02067128095474402), ([[1083, 67], [1123, 67], [1123, 125], [1083, 125]], '셈', 0.12463689074735385), ([[1161, 105], [1213, 105], [1213, 125], [1161, 125]], '우헤해어', 0.22579717636108398), ([[107, 143], [131, 143], [131, 163], [107, 163]], '자이', 0.9768150480701127), ([[557, 149], [599, 149], [599, 169], [557, 169]], '에젯어', 0.19721100264984245), ([[107, 159], [147, 159], [147, 179], [107, 179]], '유두로', 0.9907830915235037), ([[98, 174], [154, 174], [154, 200], [98, 200]], '가버려0', 0.368572860956192), ([[527, 191], [571, 191], [571, 255], [527, 255]], '짧', 0.09739003616516939), ([[688, 101], [742, 101], [742, 260], [688, 260]], '@', 0.30324214025498364), ([[1109, 189], [1173, 189], [1173, 233], [1109, 233]], "'미웃움9", 0.13184683869509942), ([[819, 243], [847, 243], [847, 261], [819, 261]], '여기', 0.9999272553144591), ([[1000, 185], [1065, 185], [1065, 299], [1000, 299]], '뼈', 0.054068107068979465), ([[1108, 224], [1172, 224], [1172, 248], [1108, 248]], '부드러워어', 0.3719618792501373), ([[809, 259], [857, 259], [857, 279], [809, 279]], '느껴저?', 0.9903127551078796), ([[471, 287], [517, 287], [517, 327], [471, 327]], '야', 0.796135699100887), ([[441, 323], [479, 323], [479, 387], [441, 387]], '잔', 0.33045316545235437), ([[58, 404], [92, 404], [92, 428], [58, 428]], '가버', 0.9911497184012745), ([[54, 422], [96, 422], [96, 446], [54, 446]], '려라)', 0.36411639918990896), ([[553, 593], [596, 593], [596, 678], [553, 678]], '꽤', 0.07575125237144675), ([[500, 742], [550, 742], [550, 808], [500, 808]], '꿀', 0.014105117321499883), ([[502, 724], [550, 724], [550, 788], [502, 788]], '엎쪽', 0.028963182366350596), ([[809, 705], [861, 705], [861, 749], [809, 749]], '아유)', 0.241792569675025), ([[856, 644], [911, 644], [911, 845], [856, 845]], '@', 0.06012620089294618), ([[1037, 709], [1165, 709], [1165, 823], [1037, 823]], '3', 0.8098382815979086), ([[237, 767], [298, 767], [298, 849], [237, 849]], '값', 0.23301369518391457), ([[266, 836], [292, 836], [292, 862], [266, 862]], '려', 0.9912241964576971), ([[448, 779], [498, 779], [498, 895], [448, 895]], '행', 0.22522794891843834), ([[759, 779], [821, 779], [821, 847], [759, 847]], '꽤', 0.030067565076770997), ([[997.5082087486045, 518.0428322257173], [1196.7966147561792, 489.96245428207624], [1219.4917912513956, 743.9571677742827], [1020.2033852438209, 772.0375457179238]], '넷', 0.1838930454987917), ([[700.5694580670755, 735.0154671323492], [744.0313950963306, 730.0893127171821], [758.4305419329245, 885.9845328676508], [715.9686049036694, 890.9106872828179]], '겁', 0.01599163811148685)]
[([[552, 70], [600, 70], [600, 94], [552, 94]], '응맛~0', 0.24347016215324402), ([[209, 101], [249, 101], [249, 119], [209, 119]], '오빠7', 0.3213665187358856), ([[1178, 100], [1220, 100], [1220, 124], [1178, 124]], '그럼어', 0.3998213227473876), ([[88, 108], [114, 108], [114, 142], [88, 142]], '목', 0.9994680397049969), ([[137, 127], [191, 127], [191, 147], [137, 147]], '계속하서', 0.8654757738113403), ([[90, 138], [122, 138], [122, 164], [90, 164]], '어', 0.999984383644037), ([[132, 142], [198, 142], [198, 168], [132, 168]], '잔뜩이야9', 0.6211996361577838), ([[1128, 190], [1178, 190], [1178, 238], [1128, 238]], '마주마', 0.2888786545658981), ([[1077, 227], [1115, 227], [1115, 265], [1077, 265]], '에', 0.9950481119624932), ([[1121, 229], [1185, 229], [1185, 249], [1121, 249]], '데코레이선', 0.39067135014768595), ([[1133, 247], [1173, 247], [1173, 267], [1133, 267]], '이야이', 0.7712055787196367), ([[118, 262], [152, 262], [152, 290], [118, 290]], '어', 0.9960920917876734), ([[1077, 271], [1107, 271], [1107, 291], [1077, 291]], '헤', 0.12004561069469677), ([[1075, 285], [1117, 285], [1117, 347], [1075, 347]], '행', 0.9993793735534986), ([[712, 340], [770, 340], [770, 364], [712, 364]], '오빠도 참', 0.8972267273137915), ([[704, 356], [778, 356], [778, 382], [704, 382]], "'엄청나와-0", 0.7038160292502369), ([[1078, 536], [1134, 536], [1134, 560], [1078, 560]], '조그마한', 0.9492137432098389), ([[1084, 552], [1126, 552], [1126, 576], [1084, 576]], '손으로', 0.8879629158139363), ([[1078, 570], [1132, 570], [1132, 594], [1078, 594]], '문질문질', 0.9996157288551331), ([[358, 592], [388, 592], [388, 616], [358, 616]], '엄청', 0.9928822645313673), ([[1084, 588], [1126, 588], [1126, 612], [1084, 612]], '뜻유어', 0.1729310147262931), ([[352, 610], [394, 610], [394, 634], [352, 634]], '많니요', 0.5523083639180153), ([[1012, 648], [1094, 648], [1094, 672], [1012, 672]], '미소녀 셋한례', 0.43967502140309594), ([[105, 677], [149, 677], [149, 693], [105, 693]], '오오~0', 0.7394486820699647), ([[1038, 666], [1068, 666], [1068, 690], [1038, 690]], '정액', 0.8021742893040631), ([[1012, 684], [1092, 684], [1092, 708], [1012, 708]], '버무리늄 거로', 0.45891857205400066), ([[1028, 700], [1078, 700], [1078, 724], [1028, 724]], '완-성어 ', 0.42260412417953636), ([[53, 725], [113, 725], [113, 745], [53, 745]], '아 좀 있다', 0.771956376477775), ([[60, 740], [102, 740], [102, 764], [60, 764]], '다같이', 0.9997149989823471), ([[57, 759], [105, 759], [105, 779], [57, 779]], '목욕하러', 0.7762735486030579), ([[61, 777], [101, 777], [101, 797], [61, 797]], '갈까다', 0.6548404243690706), ([[224, 812], [262, 812], [262, 842], [224, 842]], '홀쪽록', 0.013944100112354684), ([[266, 814], [402, 814], [402, 840], [266, 840]], '2@일10,)8<어디1#17', 0.00704216725108142), ([[448, 698], [642, 698], [642, 890], [448, 890]], '@움', 0.002675268028000635), ([[226, 838], [248, 838], [248, 846], [226, 846]], '5', 0.05950087661506487), ([[256, 838], [356, 838], [356, 846], [256, 846]], '(:해모하도치,-하섯하', 6.076855813553223e-07), ([[227, 845], [249, 845], [249, 859], [227, 859]], '타극]', 0.002233670235362788), ([[257, 845], [299, 845], [299, 859], [257, 859]], '7 7 7 {', 0.36843995522629325), ([[91.51683491303632, 160.0233996042741], [133.93166825580832, 153.08756737846522], [151.48316508696368, 272.97660039572594], [110.06833174419168, 278.9124326215348]], '경', 0.05868219415408604), ([[410.3950493959811, 355.0183150336881], [480.4603409534995, 329.01060130906114], [551.6049506040189, 539.981684966312], [482.5396590465005, 565.9893986909389]], '#', 0.024347257927818333), ([[861.9038403974048, 537.1326882781833], [973.194255771465, 510.27819572277275], [982.0961596025952, 549.8673117218167], [870.805744228535, 576.7218042772273]], '트그어', 0.2922583520412445), ([[305.5592446385145, 618.0194644152137], [342.97278468736545, 614.0955438678659], [354.4407553614855, 740.9805355847863], [317.02721531263455, 744.9044561321341]], '8', 0.20199476205224087)]
