2346140
17
[([[78, 52], [296, 52], [296, 382], [78, 382]], '남', 0.5867009884320318), ([[14, 710], [278, 710], [278, 1170], [14, 1170]], '입', 0.8772875005796301), ([[86, 1156], [206, 1156], [206, 1290], [86, 1290]], '%', 0.007396830937596521), ([[821, 1187], [965, 1187], [965, 1231], [821, 1231]], '지어시', 0.0014867773366974923), ([[427, 1257], [749, 1257], [749, 1325], [427, 1325]], '0한 # 5 #료', 0.027957852993083124), ([[826, 1228], [960, 1228], [960, 1308], [826, 1308]], '없18', 0.09062734371438495), ([[76, 1258], [204, 1258], [204, 1404], [76, 1404]], '4', 0.04588955180690224), ([[818, 1302], [968, 1302], [968, 1382], [818, 1382]], '패백', 0.10200511860465951), ([[814, 1371], [972, 1371], [972, 1402], [814, 1402]], '#지: [률부-', 0.015411667222261926), ([[1.1896515005305628, 378.0136844157047], [161.84852578041108, 314.015004607047], [305.81034849946946, 721.9863155842953], [145.15147421958892, 785.984995392953]], '음', 0.9363402862574368)]
[]
[]
[]
[]
[]
[]
[]
[]
[([[178, 122], [232, 122], [232, 190], [178, 190]], '1', 0.4857646687760422), ([[936, 142], [992, 142], [992, 168], [936, 168]], '어때-', 0.8966359839981382), ([[944, 166], [988, 166], [988, 194], [944, 194]], '보기', 0.9999967968410157), ([[936, 190], [992, 190], [992, 222], [936, 222]], '종지다', 0.26410548896461605), ([[68, 274], [146, 274], [146, 306], [68, 306]], '몸상태도', 0.9980486631393433), ([[86, 298], [128, 298], [128, 328], [86, 328]], '너무', 0.9996950390256752), ([[68, 322], [142, 322], [142, 354], [68, 354]], '좋아요0', 0.3590492308139801), ([[960, 284], [1016, 284], [1016, 400], [960, 400]], '말', 0.3667044352632729), ([[380, 686], [418, 686], [418, 714], [380, 714]], '예어', 0.7955877294198024), ([[324, 754], [382, 754], [382, 784], [324, 784]], '언제든', 0.9879065998018981), ([[312, 778], [392, 778], [392, 808], [312, 808]], '상대활수', 0.9387404768430075), ([[308, 802], [396, 802], [396, 834], [308, 834]], '있습니다9', 0.37272695671526307), ([[854, 830], [910, 830], [910, 860], [854, 860]], '오빠이', 0.36047985412693634), ([[806, 936], [884, 936], [884, 968], [806, 968]], '오늘 밤도', 0.5666947260457138), ([[806, 960], [884, 960], [884, 988], [806, 988]], '잔뜩 준비', 0.9635366771933146), ([[820, 984], [868, 984], [868, 1014], [820, 1014]], '햇에', 0.796700998644783), ([[180, 1154], [220, 1154], [220, 1184], [180, 1184]], '그럼', 0.9995071703301815), ([[172, 1178], [226, 1178], [226, 1204], [172, 1204]], '오빠7', 0.07641089707612991), ([[114, 1268], [190, 1268], [190, 1298], [114, 1298]], '오늘 밤도', 0.5373832883348441), ([[124, 1292], [180, 1292], [180, 1322], [124, 1322]], '힘내어', 0.521939494514727), ([[62, 1418], [104, 1418], [104, 1450], [62, 1450]], '@', 0.2746843146540279), ([[88, 1448], [128, 1448], [128, 1478], [88, 1478]], '9', 0.9992205232015863), ([[352.28229870452907, 41.043079247591145], [397.9953599988061, 29.083137784874765], [423.71770129547093, 135.95692075240885], [378.0046400011939, 147.91686221512524]], '병', 0.40579674821225353), ([[926.3517324339299, 364.02630893733766], [984.8505114162673, 354.21696669040506], [1006.6482675660701, 502.97369106266234], [947.1494885837327, 512.7830333095949]], '탑', 0.050552168029325495), ([[672.3720224662794, 1045.024685321748], [728.5946239101107, 1028.0221292060146], [772.6279775337206, 1187.975314678252], [715.4053760898893, 1204.9778707939854]], '8', 0.0065167372248267075), ([[67.2397140787303, 1340.058141511747], [106.25481079391864, 1332.160015509171], [121.7602859212697, 1414.941858488253], [82.74518920608136, 1422.839984490829]], '중', 0.7971005199479464)]
[([[538, 70], [578, 70], [578, 94], [538, 94]], '싫다)', 0.1806374292564117), ([[151, 87], [191, 87], [191, 107], [151, 107]], '그래도', 0.9991009864514125), ([[144, 102], [196, 102], [196, 126], [144, 126]], '괜찮아9', 0.45882648229599), ([[501, 137], [537, 137], [537, 153], [501, 153]], '진한거', 0.9946637355691024), ([[892, 124], [944, 124], [944, 148], [892, 148]], '아으야  ;', 0.22343895255383353), ([[939, 39], [990, 39], [990, 200], [939, 200]], '군', 0.4512746612389016), ([[1144, 124], [1210, 124], [1210, 148], [1144, 148]], '아침 첫발은', 0.5728980041148023), ([[1138, 140], [1188, 140], [1188, 164], [1138, 164]], '이리마장', 0.377462774515152), ([[501, 153], [537, 153], [537, 171], [501, 171]], '앞어7', 0.08390469265366676), ([[849, 201], [883, 201], [883, 219], [849, 219]], '천사의', 0.9986855484526818), ([[846, 214], [912, 214], [912, 238], [846, 238]], '받아버렇에', 0.3606391304188061), ([[1117, 233], [1147, 233], [1147, 249], [1117, 249]], '어짜', 0.6935068429478721), ([[1109, 249], [1135, 249], [1135, 267], [1109, 267]], '마마', 0.9953347559408896), ([[1116, 262], [1150, 262], [1150, 286], [1116, 286]], "'이야", 0.5557901859283447), ([[113, 551], [155, 551], [155, 571], [113, 571]], '난이제', 0.8048077178181954), ([[113, 569], [159, 569], [159, 587], [113, 587]], '오빠만의', 0.8036993145942688), ([[102, 582], [166, 582], [166, 606], [102, 606]], '것이나까이', 0.11702069883633251), ([[507, 595], [533, 595], [533, 615], [507, 615]], '나름', 0.8185570910700583), ([[487, 611], [551, 611], [551, 631], [487, 631]], '진짜 마마로', 0.9871986717734959), ([[492, 626], [546, 626], [546, 650], [492, 650]], '~만들려고', 0.2606836059289174), ([[486, 642], [552, 642], [552, 666], [486, 666]], '하고 있어0', 0.7302373885951395), ([[52, 698], [130, 698], [130, 722], [52, 722]], '좋아하는만큼', 0.757720042049491), ([[764, 712], [796, 712], [796, 736], [764, 736]], '오랫', 0.8742600837189627), ([[1059, 567], [1173, 567], [1173, 775], [1059, 775]], '규', 0.22874455350489686), ([[49, 713], [137, 713], [137, 757], [49, 757]], '도뜻로실찢적9', 0.006349791942564406), ([[443, 733], [521, 733], [521, 775], [443, 775]], '올경_', 0.006038019797339525), ([[756, 728], [802, 728], [802, 752], [756, 752]], '임신해:', 0.38525110483169556), ([[873, 639], [981, 639], [981, 847], [873, 847]], '류', 0.15234293476107386), ([[456, 766], [508, 766], [508, 790], [456, 790]], '같잡아니', 0.037123069167137146), ([[826, 742], [904, 742], [904, 836], [826, 836]], '표', 0.014586951387689562), ([[1093.3211876860223, 368.0164663320607], [1202.780394011801, 381.3610366002324], [1173.6788123139777, 601.9835336679394], [1064.219605988199, 588.6389633997676]], '"', 0.36140393970541496)]
[([[1180, 90], [1226, 90], [1226, 114], [1180, 114]], '정말-0', 0.850445032119751), ([[135, 117], [161, 117], [161, 137], [135, 137]], '천연', 0.9944685872148986), ([[139, 115], [213, 115], [213, 159], [139, 159]], '선빵', 0.008221291825186914), ([[509, 125], [569, 125], [569, 145], [509, 145]], '우리하고도', 0.9997856829887856), ([[504, 140], [560, 140], [560, 170], [504, 170]], '마력 공급', 0.27800211886387904), ([[519, 159], [557, 159], [557, 179], [519, 179]], '하자)', 0.1704469721679865), ([[772, 176], [832, 176], [832, 200], [772, 200]], "너무 야해'", 0.2632209448165092), ([[84, 190], [164, 190], [164, 218], [84, 218]], '무똑똑한 음란', 0.2997263284345089), ([[1153, 191], [1177, 191], [1177, 209], [1153, 209]], '오빠', 0.9933020369558615), ([[86, 208], [160, 208], [160, 232], [86, 232]], '마법소녀" 0', 0.42268399362984216), ([[1139, 209], [1189, 209], [1189, 227], [1139, 227]], '이리야만', 0.9991412162780762), ([[1132, 222], [1194, 222], [1194, 246], [1132, 246]], '상다해주지', 0.9436413605438411), ([[1136, 238], [1190, 238], [1190, 262], [1136, 262]], '말아 쥐어', 0.407246647617381), ([[741, 495], [825, 495], [825, 595], [741, 595]], '통', 0.08178981971875832), ([[963, 565], [1031, 565], [1031, 585], [963, 585]], "그그래오  '", 0.23869116083246167), ([[777, 583], [821, 583], [821, 619], [777, 619]], '9', 0.6092904095268672), ([[165, 615], [193, 615], [193, 633], [165, 633]], '이건', 0.9920987162743999), ([[152, 628], [206, 628], [206, 652], [152, 652]], '오늘 밤도', 0.9665671972663724), ([[150, 644], [208, 644], [208, 668], [150, 668]], '못 자켓네', 0.38736672545328166), ([[933, 675], [973, 675], [973, 695], [933, 695]], '저희도', 0.9952099074297749), ([[451, 699], [491, 699], [491, 719], [451, 719]], '거기가', 0.9777252432939694), ([[929, 691], [979, 691], [979, 711], [929, 711]], '준비되어', 0.9996591210365295), ([[95, 705], [147, 705], [147, 725], [95, 725]], '소자 로리', 0.5888933051875317), ([[925, 709], [985, 709], [985, 727], [925, 727]], '있어요   0', 0.3683291319544194), ([[70, 720], [170, 720], [170, 744], [70, 744]], '마법소녀 좋아하는', 0.7575096228409613), ([[430, 714], [514, 714], [514, 738], [430, 738]], '근질근질거터서', 0.45312594589082117), ([[432, 730], [508, 730], [508, 754], [432, 754]], '못잡없어요0', 0.1145319959609334), ([[70, 730], [167, 730], [167, 782], [70, 782]], "'쫓필문교", 0.0038991926304640092), ([[885, 726], [935, 726], [935, 851], [885, 851]], '뺨', 0.06732730279552257), ([[907, 845], [931, 845], [931, 865], [907, 865]], '0', 0.9549590426197483), ([[388.43431457505073, 19.040202025355335], [420.5074934032512, 11.032324301854231], [439.56568542494927, 96.95979797464467], [408.4925065967488, 104.96767569814577]], '"', 0.14979437052728972), ([[199.5326350097304, 45.027397582708495], [230.57722757228692, 39.041868075746876], [246.4673649902696, 137.9726024172915], [215.42277242771308, 142.95813192425314]], '올', 0.17147650736789277), ([[1077.566354436529, 270.0156912241026], [1121.37898852398, 260.0119813211137], [1155.433645563471, 419.9843087758974], [1111.62101147602, 429.9880186788863]], '"', 0.4728861656171581), ([[550.2397140787303, 372.0581415117469], [584.5180304212972, 357.0269079555461], [621.7602859212697, 446.9418584882531], [587.4819695787028, 462.9730920444539]], '샌', 0.012409684610621474)]
[([[215, 25], [229, 25], [229, 51], [215, 51]], '"', 0.658303988200263), ([[201, 45], [241, 45], [241, 97], [201, 97]], '"', 0.3545415893177619), ([[231, 91], [249, 91], [249, 113], [231, 113]], '씨', 0.269728129169696), ([[499, 137], [539, 137], [539, 155], [499, 155]], '쿠로도', 0.7630210459718965), ([[736, 104], [764, 104], [764, 156], [736, 156]], '7', 0.12141335605467507), ([[1035, 63], [1075, 63], [1075, 176], [1035, 176]], '8', 0.1640761332182885), ([[1193, 135], [1227, 135], [1227, 151], [1193, 151]], '이앗', 0.8872396101273563), ([[151, 163], [177, 163], [177, 179], [151, 179]], '아히', 0.3323473874140611), ([[476, 152], [560, 152], [560, 176], [476, 176]], '진짜 기분 좋아', 0.9620284509149108), ([[495, 169], [541, 169], [541, 189], [495, 189]], '보여-0', 0.2401755154132843), ([[1138, 196], [1188, 196], [1188, 220], [1138, 220]], '정액으로', 0.8050487637519836), ([[1140, 212], [1198, 212], [1198, 238], [1140, 238]], '(채우는거', 0.5287022104862539), ([[1141, 231], [1185, 231], [1185, 249], [1141, 249]], '최고-0', 0.5767453908920288), ([[104, 236], [156, 236], [156, 260], [104, 260]], '이리야장', 0.8885241150856018), ([[94, 252], [168, 252], [168, 276], [94, 276]], '그거 위험햇0', 0.35791829962698546), ([[449, 273], [487, 273], [487, 293], [449, 293]], '오빠이', 0.32017974208956335), ([[407, 287], [451, 287], [451, 327], [407, 327]], '안쪽부', 0.6781635953840529), ([[445, 287], [517, 287], [517, 331], [445, 331]], "'불학학거", 0.018953550286349524), ([[84, 336], [120, 336], [120, 366], [84, 366]], '9', 0.43788311066083807), ([[231, 485], [279, 485], [279, 503], [231, 503]], '자아~0', 0.6923965811729431), ([[218, 496], [294, 496], [294, 544], [218, 544]], '##물;', 0.046349119395017624), ([[672, 456], [746, 456], [746, 560], [672, 560]], '올', 0.14612794405800233), ([[1102, 514], [1180, 514], [1180, 540], [1102, 540]], '엄청난 기세로', 0.9702029020639112), ([[1109, 529], [1175, 529], [1175, 571], [1109, 571]], '평광가령서', 0.04767856978858308), ([[1182, 454], [1226, 454], [1226, 641], [1182, 641]], '푹', 0.018285916954102754), ([[103, 605], [125, 605], [125, 621], [103, 621]], '저기', 0.988239219291074), ([[101, 619], [129, 619], [129, 639], [101, 639]], '오빠', 0.964559154473205), ([[1056, 616], [1122, 616], [1122, 640], [1056, 640]], '아웃 가아니', 0.2226759535003421), ([[809, 641], [841, 641], [841, 655], [809, 655]], '로짜의', 0.3447689080033609), ([[1055, 627], [1125, 627], [1125, 691], [1055, 691]], '현양', 0.020113348179287775), ([[1066, 664], [1106, 664], [1106, 690], [1066, 690]], '정액으', 0.3822586669326107), ([[1167, 651], [1209, 651], [1209, 695], [1167, 695]], '0', 0.17229683369639393), ([[1058, 680], [1120, 680], [1120, 704], [1058, 704]], '가버려없0', 0.2708175337868478), ([[34, 732], [98, 732], [98, 756], [34, 756]], "'남겨주세요", 0.38826040494207914), ([[35, 715], [121, 715], [121, 753], [35, 753]], '셈문 ]실히', 0.015039020521861703), ([[741, 765], [789, 765], [789, 785], [741, 785]], '철렁철령', 0.8020491003990173), ([[329, 711], [397, 711], [397, 881], [329, 881]], '출', 0.3347891217113421), ([[735, 779], [797, 779], [797, 819], [735, 819]], '쥐어어이고', 0.5154886273818604), ([[562, 834], [618, 834], [618, 894], [562, 894]], '코', 0.19260050543232765), ([[201.35605709511347, 101.04163963237379], [239.00083206227126, 93.10119043204067], [255.64394290488653, 187.9583603676262], [217.99916793772874, 195.89880956795932]], '8', 0.2885056255301812), ([[41.6537571487741, 158.0099986737919], [87.88047379312229, 154.06495443154606], [106.34624285122591, 342.99000132620813], [59.11952620687771, 347.935045568454]], '{', 0.05478640851465233), ([[864.4322253580742, 479.01074945315855], [974.5670636336854, 466.43030346804574], [1007.5677746419258, 772.9892505468414], [896.4329363663146, 785.5696965319543]], '속', 0.10528546989547838)]
[([[50, 46], [74, 46], [74, 70], [50, 70]], '말', 0.5134314206807176), ([[45, 113], [67, 113], [67, 133], [45, 133]], '다', 0.9995919882287616), ([[393, 109], [449, 109], [449, 129], [393, 129]], "'나용네요", 0.10491425634082151), ([[471, 87], [507, 87], [507, 123], [471, 123]], '7', 0.7721790863957381), ([[943, 123], [1019, 123], [1019, 143], [943, 143]], '저 테크나으로', 0.40803543084326577), ([[51, 133], [71, 133], [71, 173], [51, 173]], '사', 0.02327672107194645), ([[91, 151], [131, 151], [131, 171], [91, 171]], '나오고', 0.9997678551468601), ([[942, 138], [1022, 138], [1022, 162], [942, 162]], '마지막 한방울', 0.9994091128078793), ([[969, 157], [997, 157], [997, 175], [969, 175]], '까지', 0.9961592984622166), ([[1143, 159], [1179, 159], [1179, 175], [1143, 175]], '드디어', 0.9976269296763006), ([[60, 166], [144, 166], [144, 196], [60, 196]], '8   엿는순간"', 0.20351795784331697), ([[1136, 170], [1178, 170], [1178, 194], [1136, 194]], '제 차례', 0.9927473068237305), ([[1139, 189], [1177, 189], [1177, 209], [1139, 209]], '네요0', 0.5256449010141216), ([[761, 215], [805, 215], [805, 235], [761, 235]], '후후차', 0.38348568260220656), ([[890, 236], [982, 236], [982, 260], [890, 260]], '쥐어짜 내줄 테니', 0.43524444064919254), ([[899, 253], [971, 253], [971, 273], [899, 273]], '각오하세요0', 0.4240373832070877), ([[59, 265], [97, 265], [97, 285], [59, 285]], '밀리고', 0.9982571286115125), ([[61, 283], [97, 283], [97, 301], [61, 301]], '있어:', 0.7168400400595951), ([[840, 388], [882, 388], [882, 412], [840, 412]], '아앗%', 0.10969323999817887), ([[142, 442], [174, 442], [174, 476], [142, 476]], '7', 0.25457326881255327), ([[801, 443], [849, 443], [849, 485], [801, 485]], '사운행', 0.013990497758487257), ([[209, 499], [269, 499], [269, 519], [209, 519]], '어떠신가요', 0.9060228841982055), ([[223, 517], [257, 517], [257, 533], [223, 533]], '오빠이', 0.6131216287612915), ([[160, 590], [222, 590], [222, 614], [160, 614]], '벌써 지치신', 0.9170627263706127), ([[165, 607], [215, 607], [215, 627], [165, 627]], '건가요0', 0.4940246641635895), ([[491, 661], [515, 661], [515, 679], [491, 679]], '포  ', 0.2521697546613126), ([[472, 674], [536, 674], [536, 698], [472, 698]], '조그라들고', 0.6698846112249228), ([[84, 732], [116, 732], [116, 762], [84, 762]], '9', 0.9931688545158437), ([[262, 614], [360, 614], [360, 816], [262, 816]], '#', 0.11284655531120791), ([[388, 717], [488, 717], [488, 789], [388, 789]], '얘 쭉:', 0.27850115299224854), ([[488, 690], [522, 690], [522, 714], [488, 714]], '있에', 0.7017052593524), ([[552, 674], [578, 674], [578, 740], [552, 740]], '셋', 0.32732601277452034), ([[95, 823], [141, 823], [141, 867], [95, 867]], '9', 0.27962629941158923), ([[147, 799], [189, 799], [189, 865], [147, 865]], '8', 0.6739393810275942), ([[144, 858], [170, 858], [170, 882], [144, 882]], '9', 0.9799290194224319), ([[112, 874], [140, 874], [140, 898], [112, 898]], '0', 0.9403381629681462), ([[158, 876], [184, 876], [184, 900], [158, 900]], '9', 0.8078394320124325), ([[1085.2326432122347, 254.0267979349567], [1234.995461259596, 338.68403846955187], [1187.7673567877653, 418.9732020650433], [1039.004538740404, 334.31596153044813]], '," 재사', 0.003940017995352738), ([[338.66518274193805, 395.0112228548768], [379.5282764952821, 389.0279859267564], [402.33481725806195, 553.9887771451232], [361.4717235047179, 558.9720140732436]], '군', 0.00635975137965894), ([[52.603517496455666, 551.0131141964805], [96.327380428799, 535.0089381529783], [156.39648250354435, 713.9868858035195], [111.672619571201, 729.9910618470217]], '통', 0.010272609749847561), ([[648.601192524161, 711.0893016884556], [717.6992200245799, 672.0222456140964], [786.398807475839, 810.9106983115444], [717.3007799754201, 850.9777543859036]], '{', 0.1360801306806394), ([[1158.1625279556556, 729.0390491255146], [1227.5535194836484, 722.7312335092028], [1237.8374720443444, 853.9609508744854], [1168.4464805163516, 860.2687664907972]], '소', 0.08646957865515592), ([[761.0955116463432, 791.0455652987976], [897.8791947830516, 835.5303401738397], [871.9044883536568, 907.9544347012024], [735.1208052169484, 862.4696598261603]], '(', 0.9982809070355394)]
[([[45, 51], [81, 51], [81, 147], [45, 147]], '값', 0.3662484178191825), ([[180, 24], [210, 24], [210, 124], [180, 124]], '요', 0.0799137307599409), ([[446, 136], [512, 136], [512, 160], [446, 160]], '무품품 음관', 0.20962902695600197), ([[777, 13], [915, 13], [915, 209], [777, 209]], '벼', 0.005794103025724695), ([[1168, 134], [1210, 134], [1210, 158], [1168, 158]], '이번엔', 0.96049457867545), ([[451, 155], [507, 155], [507, 175], [451, 175]], '마법 소녀', 0.5896696771293352), ([[1149, 151], [1229, 151], [1229, 193], [1149, 193]], '생표동령어', 0.017982581204925956), ([[860, 212], [896, 212], [896, 236], [860, 236]], '오옷?', 0.6451400930246515), ([[400, 268], [452, 268], [452, 292], [400, 292]], '부끄럽게', 0.6752981543540955), ([[832, 276], [882, 276], [882, 300], [832, 300]], '오호웃0', 0.3720345199108124), ([[390, 284], [458, 284], [458, 308], [390, 308]], '가능 목소리', 0.5468669064443566), ([[269, 319], [309, 319], [309, 339], [269, 339]], '시컷이', 0.1564753046576051), ([[387, 297], [463, 297], [463, 363], [387, 363]], '돈', 0.0026157220874623577), ([[598, 344], [632, 344], [632, 376], [598, 376]], '9', 0.9995381173492071), ([[1067, 383], [1113, 383], [1113, 401], [1067, 401]], '오1웃0', 0.2635025978088379), ([[225, 415], [255, 415], [255, 435], [225, 435]], "'잔뜩", 0.18100857978050963), ([[196, 426], [284, 426], [284, 474], [196, 474]], '`어껏', 0.0029004676353129107), ([[1026, 460], [1094, 460], [1094, 484], [1026, 484]], '넣고 있어0', 0.15227845810525237), ([[771, 549], [799, 549], [799, 567], [771, 567]], '에로', 0.9612922039628924), ([[795, 529], [867, 529], [867, 573], [795, 573]], '첫비화편서', 0.053002676118909436), ([[776, 562], [858, 562], [858, 586], [776, 586]], '보지 조이다내', 0.6205938526265385), ([[753, 651], [813, 651], [813, 695], [753, 695]], '안실화', 0.1550040294429187), ([[190, 692], [234, 692], [234, 716], [190, 716]], '가앗이', 0.23100274526066714), ([[763, 687], [803, 687], [803, 707], [763, 707]], '미유위', 0.982416384697917), ([[868, 708], [894, 708], [894, 786], [868, 786]], '못', 0.05529443367270037), ([[157, 777], [197, 777], [197, 795], [157, 795]], '가버려', 0.9592536681090285), ([[153, 793], [203, 793], [203, 813], [153, 813]], '여요옷이', 0.23238524794578552), ([[716, 782], [746, 782], [746, 812], [716, 812]], '가', 0.9999755622449449), ([[851, 765], [869, 765], [869, 823], [851, 823]], '유', 0.08657508932505298), ([[718, 810], [750, 810], [750, 858], [718, 858]], '야', 0.43975529057789586), ([[1056, 794], [1106, 794], [1106, 842], [1056, 842]], '4', 0.9330627654419779), ([[163.60350883972694, 81.02631629795209], [185.56654218095036, 80.05398065905806], [190.39649116027306, 161.9736837020479], [169.43345781904964, 163.94601934094194]], '경', 0.9383514974957485), ([[513.0759931346034, 294.05354095759], [628.7536054175238, 327.02982157423577], [606.9240068653966, 395.94645904241], [491.2463945824763, 361.97017842576423]], '07드', 0.16493399981078463), ([[1136.2866421467932, 328.0181860771476], [1232.9720106241475, 303.1395824702771], [1290.7133578532068, 551.9818139228523], [1194.0279893758525, 576.8604175297229]], '{', 0.2812389743487529)]
[([[132, 46], [186, 46], [186, 114], [132, 114]], '18', 0.07792249486348785), ([[872, 90], [924, 90], [924, 114], [872, 114]], '에혜하어', 0.02679372538847827), ([[1155, 157], [1179, 157], [1179, 175], [1155, 175]], '후우', 0.9955590985843267), ([[828, 182], [868, 182], [868, 206], [828, 206]], '오늘도', 0.9997529204895124), ([[824, 198], [888, 198], [888, 222], [824, 222]], '똑 도력햇어', 0.20249938589377353), ([[829, 219], [865, 219], [865, 235], [829, 235]], '오빠이', 0.3267381191253662), ([[1107, 251], [1145, 251], [1145, 271], [1107, 271]], '오늘도', 0.999744730528818), ([[1081, 265], [1135, 265], [1135, 305], [1081, 305]], '@랜@원', 0.0005407916032709181), ([[1111, 265], [1171, 265], [1171, 305], [1111, 305]], '환꼼하고', 0.023154152557253838), ([[1089, 301], [1163, 301], [1163, 321], [1089, 321]], '만족 대만족0', 0.2370743021234644), ([[468, 506], [499, 506], [499, 572], [468, 572]], '7', 0.020929118500308874), ([[1105, 597], [1143, 597], [1143, 617], [1105, 617]], '싫어0', 0.4275300759711283), ([[355, 607], [383, 607], [383, 627], [355, 627]], '다들', 0.3658246489939426), ([[345, 623], [393, 623], [393, 643], [345, 643]], '여러모로', 0.9333654046058655), ([[345, 639], [393, 639], [393, 659], [345, 659]], '도와직서', 0.736454963684082), ([[108, 628], [158, 628], [158, 690], [108, 690]], '짧로', 0.009001192879202917), ([[499, 657], [539, 657], [539, 677], [499, 677]], '고마위', 0.9739631284333276), ([[722, 652], [764, 652], [764, 676], [722, 676]], '이결로', 0.3854787134682961), ([[488, 672], [550, 672], [550, 696], [488, 696]], '이리야장0', 0.5631057395761242), ([[710, 668], [776, 668], [776, 692], [710, 692]], '내일 원고도', 0.6343622096533055), ([[723, 687], [761, 687], [761, 707], [723, 707]], '꾸준히', 0.9994174835730498), ([[708, 700], [778, 700], [778, 724], [708, 724]], '활수있지다', 0.14255081834813274), ([[1043, 709], [1069, 709], [1069, 729], [1043, 729]], '아직', 0.9978820197555223), ([[65, 717], [105, 717], [105, 735], [65, 735]], '아직도', 0.999627732071771), ([[1043, 707], [1109, 707], [1109, 751], [1043, 751]], '"직은_', 0.0064867702312767506), ([[39, 733], [67, 733], [67, 753], [39, 753]], '귀저', 0.5060570874578829), ([[91, 733], [119, 733], [119, 753], [91, 753]], '채로', 0.9982145366549212), ([[63, 731], [121, 731], [121, 773], [63, 773]], '[외늦어로:', 0.012818134549461041), ([[1054, 740], [1094, 740], [1094, 764], [1054, 764]], "'있어9", 0.37124425172805786), ([[291, 759], [341, 759], [341, 824], [291, 824]], '#', 0.676129874105559), ([[310, 764], [340, 764], [340, 804], [310, 804]], '맑올', 0.010494243367072859), ([[1000, 715], [1043, 715], [1043, 828], [1000, 828]], '봄', 0.039266874822460274), ([[540.2968374460654, 229.06228969796607], [568.5286548803641, 220.03508839726948], [592.7031625539346, 292.9377103020339], [564.4713451196359, 302.9649116027305]], '@', 0.4853652778212023), ([[569.5223026835262, 299.03827663786205], [594.4017536880042, 293.02702270876904], [611.4776973164738, 366.96172336213795], [586.5982463119958, 372.97297729123096]], '"', 0.28754059702942314), ([[855.6471377565017, 402.06551889196743], [952.1711889252439, 368.3638876214512], [1002.3528622434983, 532.9344811080326], [905.8288110747561, 567.6361123785488]], '대', 0.020908247558382165), ([[427.36307024470153, 479.0510355171494], [455.5729768989309, 472.04125051647725], [472.63692975529847, 548.9489644828506], [443.4270231010691, 555.9587494835228]], '통', 0.07937227774213884), ([[247.69194437343953, 728.0094988497201], [284.64544166187807, 724.041834506482], [299.3080556265605, 899.9905011502799], [261.35455833812193, 902.958165493518]], '{', 0.21770969260825357)]
[([[769, 99], [797, 99], [797, 119], [769, 119]], '진짜', 0.9347477034689853), ([[750, 114], [814, 114], [814, 138], [750, 138]], '터프하니어', 0.4149735150663764), ([[178, 128], [246, 128], [246, 152], [178, 152]], '내일도 잔뜩', 0.5557347227411706), ([[173, 145], [251, 145], [251, 165], [173, 165]], '도와출 테니까', 0.4526878897982565), ([[1129, 175], [1183, 175], [1183, 215], [1129, 215]], '이연@', 0.2021764537415515), ([[121, 211], [199, 211], [199, 231], [121, 231]], '원고 힘내쥐다', 0.4104347515357783), ([[1074, 131], [1141, 131], [1141, 315], [1074, 315]], '개', 0.8838167265256267), ([[1143, 211], [1165, 211], [1165, 227], [1143, 227]], "5와'", 0.10423608286074125), ([[1029, 367], [1055, 367], [1055, 383], [1029, 383]], '오빠', 0.785367006941723), ([[1007, 381], [1073, 381], [1073, 401], [1007, 401]], '수고햄어-0', 0.34850723974746994), ([[946, 456], [1012, 456], [1012, 480], [946, 480]], '오늘도 잔뜩', 0.990298218773485), ([[939, 471], [1019, 471], [1019, 515], [939, 515]], '귀외어워직저', 0.01053909757790048), ([[524, 558], [576, 558], [576, 606], [524, 606]], '법;', 0.11968081423444211), ([[95, 677], [127, 677], [127, 697], [95, 697]], '오빠', 0.9721645790486239), ([[237, 715], [305, 715], [305, 757], [237, 757]], '훨횟째', 0.035900725136645564), ([[735, 709], [791, 709], [791, 751], [735, 751]], '불안', 0.03661344377467265), ([[253, 751], [287, 751], [287, 769], [253, 769]], '솔직히', 0.997753322982561), ([[743, 743], [781, 743], [781, 763], [743, 763]], '있어', 0.9122123878861548), ([[52, 740], [100, 740], [100, 820], [52, 820]], '#', 0.5863721357799854), ([[232, 764], [306, 764], [306, 788], [232, 788]], '부끄러워요: "', 0.3106225049046115), ([[693, 801], [745, 801], [745, 821], [693, 821]], '따듯해)', 0.19311705231666565), ([[386, 822], [424, 822], [424, 852], [386, 852]], '포속릇', 0.015518106754396556), ([[429, 827], [489, 827], [489, 841], [429, 841]], '2019/12/31', 0.9101870387686776), ([[495, 825], [577, 825], [577, 839], [495, 839]], '-~,산어하대*변+97', 6.790786257457921e-05), ([[439, 837], [503, 837], [503, 849], [439, 849]], '다논+) #료', 0.007719372695537764), ([[386, 844], [414, 844], [414, 870], [386, 870]], '때뼈', 0.0046491017683444325), ([[417, 847], [517, 847], [517, 867], [417, 867]], '%-학못회@욕가히네어가', 7.404996799989335e-06), ([[624.9236451676887, 317.0386678308728], [717.5656351485038, 254.01066856464982], [858.0763548323113, 485.9613321691272], [765.4343648514962, 548.9893314353502]], '4', 0.09459016356516159), ([[391.3477274371431, 641.0427285222872], [484.96766336328204, 689.4322670441964], [463.6522725628569, 726.9572714777128], [370.03233663671796, 678.5677329558036]], '<사', 0.02618017197161025)]
