2347305
11
[([[47, 85], [131, 85], [131, 105], [47, 105]], '아니,계약상', 0.5137532001608288), ([[40, 100], [134, 100], [134, 124], [40, 124]], '그루 못한 돈올', 0.12345025197483506), ([[66, 120], [108, 120], [108, 144], [66, 144]], '몸으로', 0.9938899749168539), ([[47, 143], [129, 143], [129, 161], [47, 161]], '때우근고요  ?', 0.39978383292115843), ([[365, 317], [445, 317], [445, 337], [365, 337]], '재널 자제가', 0.9759295205145188), ([[348, 332], [462, 332], [462, 356], [348, 356]], '날라갈 수도 있는', 0.27698693300112925), ([[364, 348], [446, 348], [446, 372], [364, 372]], '위기입니다.', 0.9646869873359989), ([[332, 365], [477, 365], [477, 390], [332, 390]], '정말로 안하시켓어요?', 0.7020806779932791), ([[58, 454], [160, 454], [160, 478], [58, 478]], '하  하켓습나다 .', 0.12001351509172928), ([[45, 475], [169, 475], [169, 495], [45, 495]], '무부터 하면 덜7요', 0.4590098251704681), ([[413, 547], [475, 547], [475, 635], [413, 635]], '희', 0.8448551210979218)]
[]
[]
[([[334, 48], [464, 48], [464, 72], [334, 72]], '먼저, 다 벗어주시조', 0.6129316652521952), ([[336, 66], [460, 66], [460, 90], [336, 90]], '재널올 위해서라면', 0.7746353656976256), ([[327, 85], [471, 85], [471, 105], [327, 105]], '이성도는 가능하켓조?', 0.7585454224464256), ([[55, 245], [121, 245], [121, 263], [55, 263]], '가장 먼저', 0.9976615690120759), ([[31, 261], [145, 261], [145, 281], [31, 281]], '하근는 게  다 벗는', 0.19228204452207495), ([[33, 283], [99, 283], [99, 299], [33, 299]], '거리니 , 6', 0.2106822829358607), ([[98, 278], [144, 278], [144, 302], [98, 302]], '변태들', 0.965256850109918), ([[378, 268], [458, 268], [458, 320], [378, 320]], '부끄', 0.7281172778929977), ([[379, 517], [441, 517], [441, 537], [379, 537]], '햇습나다 .', 0.6965447290463597), ([[349, 535], [453, 535], [453, 553], [349, 553]], '세발 고격하 게', 0.4984524001743839), ([[341, 555], [459, 555], [459, 573], [341, 573]], '다루 주시다 마서요 .', 0.10042340649326548), ([[30, 558], [108, 558], [108, 608], [30, 608]], '부끄', 0.9978914548016786)]
[([[335, 97], [417, 97], [417, 115], [335, 115]], '아니 , 이런거', 0.4145689326417966), ([[327, 117], [425, 117], [425, 137], [327, 137]], '진짜 처음안다.', 0.6924370651720548), ([[349, 135], [407, 135], [407, 155], [349, 155]], '할7요 ', 0.23033756017684937), ([[64, 592], [194, 592], [194, 616], [64, 616]], '먼저 , 저의 자지부터', 0.6112124543857774), ([[50, 612], [202, 612], [202, 636], [50, 636]], '깨끗하게 청소해주세요', 0.7136224945295998), ([[384, 586], [456, 586], [456, 676], [384, 676]], '쥐', 0.23663646003866745)]
[([[64, 70], [194, 70], [194, 94], [64, 94]], '재널이 결린 일인데,', 0.4906558594249111), ([[51, 88], [210, 88], [210, 115], [51, 115]], '이성도밖에 못하십니까?', 0.6532855676127078), ([[376, 275], [445, 275], [445, 295], [376, 295]], '아니에혀;;', 0.26474756015462514), ([[366, 292], [448, 292], [448, 316], [366, 316]], '열심5, 해불', 0.42741274959606557), ([[385, 315], [439, 315], [439, 333], [385, 333]], '옆하앗', 0.18416178979085523), ([[196, 594], [246, 594], [246, 648], [196, 648]], '{', 0.04510717250958951), ([[443.02871413764274, 294.2516854477569], [472.86999505263555, 299.2906915317589], [469.97128586235726, 315.7483145522431], [440.13000494736445, 311.7093084682411]], '가 ,', 0.2672130052687904), ([[158.8069000274562, 622.1820800878598], [188.59047424901075, 604.0438225316279], [220.1930999725438, 661.8179199121402], [190.40952575098925, 678.9561774683721]], '움', 0.7570511243430111)]
[([[75, 73], [123, 73], [123, 91], [75, 91]], '팩 . 객  ', 0.19875253419942424), ([[47, 93], [151, 93], [151, 111], [47, 111]], '만족"하사나요 ?', 0.44909579528197413), ([[41, 113], [155, 113], [155, 131], [41, 131]], '이청도면  덜7요?', 0.11691214269825412), ([[344, 308], [474, 308], [474, 332], [344, 332]], '아식 더 남앗습니다,', 0.36865912838903064), ([[332, 328], [486, 328], [486, 352], [332, 352]], '만족하시긴 일러요 중 중', 0.6270995220829929), ([[91, 463], [125, 463], [125, 477], [91, 477]], '네 ?', 0.5936966238541984), ([[67, 479], [149, 479], [149, 499], [67, 499]], '또 밀  설마 .', 0.15649701330300544), ([[311, 478], [385, 478], [385, 516], [311, 516]], '주스록', 0.5515253985510323), ([[32, 578], [116, 578], [116, 652], [32, 652]], '하', 0.9988012332323457)]
[([[65, 153], [127, 153], [127, 173], [65, 173]], '하옥 하옥', 0.15999313012837926), ([[55, 175], [139, 175], [139, 193], [55, 193]], '그만 ! 그만 !', 0.4015231894391834), ([[37, 193], [151, 193], [151, 213], [37, 213]], '이거 너무.0-1-요 .', 0.23572725902555922), ([[362, 296], [426, 296], [426, 322], [362, 322]], '첫 색스트.', 0.25436252085380334), ([[347, 321], [449, 321], [449, 339], [347, 339]], '이런 사람한드.', 0.15018973691940665), ([[42, 346], [180, 346], [180, 370], [42, 370]], '아니네씨의 저녀답게', 0.7366831246003234), ([[32, 366], [188, 366], [188, 390], [32, 390]], '조이는 감이 있네요 중 중', 0.40589702638620806), ([[36, 386], [186, 386], [186, 410], [36, 410]], '솔식히 기분 중의시조?', 0.3348164580985983), ([[167, 520], [272, 520], [272, 584], [167, 584]], '볶<록', 0.054213932251169314), ([[16, 564], [185, 564], [185, 641], [16, 641]], '하%;', 0.08636905669821505), ([[370, 608], [436, 608], [436, 632], [370, 632]], '기분 증질 .', 0.10652923472248392), ([[363, 631], [445, 631], [445, 651], [363, 651]], '않아옷 하룻 ', 0.21565349915174462)]
[([[77, 329], [147, 329], [147, 347], [77, 347]], '제발 이제 ,', 0.710645275009131), ([[53, 345], [169, 345], [169, 365], [53, 365]], '그만해주세요 하앗', 0.6003563053306409), ([[311, 583], [441, 583], [441, 601], [311, 601]], '아프다  진짜 아프다 .', 0.46187129952480727), ([[298, 598], [436, 598], [436, 622], [298, 622]], '갈수록 7 분이 좋아저 .', 0.5255107978226932), ([[73.26537655636672, 227.9857635894567], [180.09013308091554, 172.31925960983955], [207.7346234436333, 229.0142364105433], [99.90986691908446, 283.68074039016045]], '하아', 0.9996546661904563), ([[393.0169070331803, 399.05385400194086], [490.677339508915, 435.6117414195647], [461.9830929668197, 507.94614599805914], [364.322660491085, 470.3882585804353]], '하룻', 0.5187843037678083)]
[([[31, 35], [192, 35], [192, 124], [31, 124]], '부르릇', 0.22260284215829612), ([[327, 117], [455, 117], [455, 135], [327, 135]], '사-주서서   끝사하니다 .', 0.14642999275361726), ([[36, 515], [174, 515], [174, 545], [36, 545]], '후 . 잘 사용햇습니다', 0.7521911930931559), ([[31, 541], [179, 541], [179, 561], [31, 561]], '다음어도 - 잘 부탁해요', 0.7757972345610616), ([[333, 605], [375, 605], [375, 619], [333, 619]], '크크 크', 0.15486378967761993), ([[374, 598], [482, 598], [482, 622], [374, 622]], '이렇거 이용활수', 0.2931686189511419), ([[355, 621], [457, 621], [457, 641], [355, 641]], '있다니 . 다음엔', 0.6748748491385089), ([[342, 638], [468, 638], [468, 664], [342, 664]], '누굴 사용해물까 .?', 0.3779453866578994), ([[336.368365967104, 368.1681566420992], [434.0115218004042, 358.72159061427925], [437.631634032896, 431.8318433579008], [339.9884781995958, 441.27840938572075]], '하룻', 0.2036412835718005)]
[]
