2347175
16
[([[2, 36], [282, 36], [282, 1209], [2, 1209]], '9', 0.05411783981386287), ([[821, 1171], [959, 1171], [959, 1213], [821, 1213]], '편어시', 0.00123589368870398), ([[445, 1230], [757, 1230], [757, 1309], [445, 1309]], '<동* 0 유로', 0.004890184412623699), ([[826, 1210], [954, 1210], [954, 1286], [826, 1286]], '"18', 0.11425651020553222), ([[823, 1283], [959, 1283], [959, 1319], [823, 1319]], ' 시곁미 |', 0.17012567063736903), ([[832, 1326], [944, 1326], [944, 1352], [832, 1352]], '18실초:0', 0.07462495166899594), ([[816, 1346], [964, 1346], [964, 1372], [816, 1372]], "#스' 빠출씀-", 0.003097481638933818), ([[86.23611233280234, 1172.0208556902826], [196.4, 1186.8], [169.76388766719768, 1382.9791443097174], [59.6, 1369.2]], '7', 0.9992125393085907)]
[]
[]
[]
[]
[]
[]
[]
[([[920, 106], [970, 106], [970, 130], [920, 130]], '정말~0', 0.6912868618965149), ([[820, 198], [868, 198], [868, 246], [820, 246]], '실로', 0.1815532740716961), ([[1112, 232], [1164, 232], [1164, 258], [1112, 258]], '스랗은', 0.3070127535871244), ([[1139, 251], [1167, 251], [1167, 271], [1139, 271]], '물건', 0.9998137160119397), ([[778, 262], [820, 262], [820, 286], [778, 286]], '온몸이', 0.6700994832379854), ([[1121, 269], [1161, 269], [1161, 287], [1121, 287]], "이야  '", 0.4366152747015199), ([[782, 278], [814, 278], [814, 302], [782, 302]], '끈적', 0.7546948171977248), ([[774, 296], [822, 296], [822, 320], [774, 320]], '끈척 0', 0.13083404302597046), ([[105, 493], [171, 493], [171, 513], [105, 513]], '내일도 같이', 0.9463214485899352), ([[108, 508], [168, 508], [168, 532], [108, 532]], '힘내자-0', 0.9087973709786802), ([[342, 588], [384, 588], [384, 612], [342, 612]], '후춧어', 0.4871709677351233), ([[289, 675], [339, 675], [339, 695], [289, 695]], '수고햇어', 0.2427697628736496), ([[295, 691], [335, 691], [335, 711], [295, 711]], '오빠이', 0.3726295530796051), ([[507, 729], [543, 729], [543, 749], [507, 749]], '아아~', 0.8877315250762269), ([[494, 746], [558, 746], [558, 770], [494, 770]], '흥분없어9', 0.10577151143558405), ([[1110.8375236125619, 252.37253305758654], [1140.4439764102308, 248.61618927352876], [1143.1624763874381, 269.6274669424135], [1113.5560235897692, 274.3838107264712]], '중은', 0.5849606058285012)]
[([[193, 39], [257, 39], [257, 111], [193, 111]], '떼', 0.17122891175759847), ([[871, 135], [947, 135], [947, 155], [871, 155]], '바속에서부터', 0.9215836320893319), ([[860, 146], [922, 146], [922, 194], [860, 194]], '음%%하', 0.010035858489573002), ([[907, 151], [957, 151], [957, 193], [907, 193]], '유이', 0.04027813252235127), ([[128, 186], [158, 186], [158, 210], [128, 210]], '그럼', 0.9939612199699233), ([[1172, 188], [1226, 188], [1226, 212], [1172, 212]], '예혜햇어', 0.15207292139530182), ([[109, 205], [175, 205], [175, 225], [109, 225]], '다시 한번0', 0.6124059917639437), ([[820, 268], [892, 268], [892, 292], [820, 292]], '행복해-00', 0.14847942357833832), ([[1129, 291], [1167, 291], [1167, 307], [1129, 307]], '오빠의', 0.9991903805592138), ([[49, 299], [121, 299], [121, 343], [49, 343]], '올발일칙밤', 0.0031245486895811973), ([[53, 303], [81, 303], [81, 319], [53, 319]], '오빠', 0.964508056640625), ([[1118, 304], [1148, 304], [1148, 330], [1118, 330]], '아침', 0.9585802746889931), ([[153, 364], [229, 364], [229, 505], [153, 505]], '병', 0.20667379282166198), ([[234, 506], [264, 506], [264, 530], [234, 530]], '정말', 0.9999296997804626), ([[215, 589], [257, 589], [257, 609], [215, 609]], '이저야', 0.9638697171193884), ([[204, 604], [268, 604], [268, 628], [204, 628]], '일어낫어9', 0.5747628053287088), ([[436, 632], [502, 632], [502, 656], [436, 656]], '아침인가"', 0.45147378407496663), ([[438, 668], [502, 668], [502, 692], [438, 692]], '이리야장다', 0.26435513038162717), ([[677, 729], [745, 729], [745, 771], [677, 771]], '0뒷자[', 0.009602914564311504), ([[1099, 538], [1275, 538], [1275, 910], [1099, 910]], '몇', 0.049019012492622416), ([[1004, 754], [1128, 754], [1128, 910], [1004, 910]], '및', 0.5545073601866193), ([[1147.230342157116, 296.0747450012914], [1181.2447055149896, 307.6607936984959], [1166.769657842884, 354.9252549987086], [1131.7552944850104, 343.3392063015041]], '@', 0.06316442606312567), ([[108.3300922577378, 533.0280978670799], [164.57368264066963, 516.0205959979586], [207.6699077422622, 667.9719021329201], [152.42631735933037, 684.9794040020414]], '질', 0.07765770696096652)]
[([[729, 97], [769, 97], [769, 117], [729, 117]], '오빠의', 0.6842243075370789), ([[806, 30], [910, 30], [910, 132], [806, 132]], '[', 0.5353184308849599), ([[718, 114], [776, 114], [776, 138], [718, 138]], '가능 얼굴', 0.8254882318200554), ([[268, 132], [342, 132], [342, 156], [268, 156]], '다 맡기는 거', 0.4258791663584176), ([[496, 132], [540, 132], [540, 156], [496, 156]], '평소엔', 0.9280259643676584), ([[715, 131], [781, 131], [781, 151], [715, 151]], '제다로 보니', 0.3962396542972188), ([[278, 150], [332, 150], [332, 174], [278, 174]], '안다  0', 0.3691167663803121), ([[480, 148], [554, 148], [554, 172], [480, 172]], '내가 하는 쪽', 0.30556187583444694), ([[480, 166], [556, 166], [556, 190], [480, 190]], '이없으니까다', 0.261547730744795), ([[243, 235], [271, 235], [271, 255], [243, 255]], '너무', 0.9999565047293953), ([[220, 252], [294, 252], [294, 276], [220, 276]], '부끄러워-0', 0.40626402408793977), ([[1168, 246], [1216, 246], [1216, 272], [1168, 272]], '올빠0', 0.36835189532017437), ([[1129, 357], [1181, 357], [1181, 401], [1129, 401]], '@낙워', 0.013389873958658031), ([[119, 415], [157, 415], [157, 435], [119, 435]], '그래도', 0.5961443876545968), ([[116, 430], [160, 430], [160, 454], [116, 454]], '기끔씩', 0.2423237373257475), ([[449, 413], [526, 413], [526, 458], [449, 458]], '03', 0.42019057760538936), ([[110, 446], [168, 446], [168, 474], [110, 474]], '이런것도', 0.9771995544433594), ([[57, 547], [112, 547], [112, 573], [57, 573]], '으려나다', 0.25381898880004883), ([[1029, 613], [1079, 613], [1079, 633], [1029, 633]], '러브러브', 0.813388466835022), ([[1032, 628], [1076, 628], [1076, 652], [1032, 652]], '커들이', 0.9504564322562306), ([[1020, 644], [1086, 644], [1086, 668], [1020, 668]], '아니니까이', 0.32739121882462885), ([[940, 742], [994, 742], [994, 766], [940, 766]], '러브러브;', 0.3344457935543257), ([[907, 757], [1017, 757], [1017, 799], [907, 799]], '종 그거구나', 0.4729347854600748), ([[1079, 711], [1189, 711], [1189, 837], [1079, 837]], '[', 0.007827213269395783), ([[80, 702], [533, 702], [533, 910], [80, 910]], '내8', 0.006328219001480128), ([[688.4789396203098, 205.4141973545267], [720.0348403081993, 201.79558966611754], [722.5210603796902, 227.5858026454733], [691.9651596918007, 232.20441033388246]], '기상한', 0.2100076169063735), ([[161.12919481811622, 350.17231699036455], [455.45775692929055, 276.53167904873544], [488.8708051818838, 480.82768300963545], [194.54224307070942, 553.4683209512646]], '3용', 0.0984630555970893), ([[1093.1228025548883, 555.0350319361027], [1166.5811976268394, 523.0153648527338], [1235.8771974451117, 701.9649680638973], [1162.4188023731606, 733.9846351472662]], '@', 0.043983791201842815), ([[691.3303654838761, 695.0224457097536], [762.4920142249273, 668.0121112339759], [830.6696345161239, 863.9775542902464], [758.5079857750727, 890.9878887660241]], '"', 0.13609873281030005)]
[([[197, 95], [253, 95], [253, 137], [197, 137]], '철학히관', 0.042373642325401306), ([[534, 80], [576, 80], [576, 104], [534, 104]], '오오옷', 0.5156617164611816), ([[661, 0], [799, 0], [799, 197], [661, 197]], '[>', 0.06429953086397665), ([[195, 133], [259, 133], [259, 153], [195, 153]], '소리 중아어', 0.25371849603902225), ([[1184, 126], [1226, 126], [1226, 152], [1184, 152]], '오우0', 0.9362783481174599), ([[496, 148], [538, 148], [538, 174], [496, 174]], '넘처9', 0.808244760251143), ([[145, 191], [171, 191], [171, 211], [145, 211]], '미유', 0.9924570771233083), ([[136, 204], [164, 204], [164, 228], [136, 228]], '짜망', 0.7598421351765684), ([[411, 189], [499, 189], [499, 295], [411, 295]], '[책', 0.006679524752680233), ([[1128, 240], [1194, 240], [1194, 264], [1128, 264]], '최고오웃0', 0.7079978495493835), ([[1131, 205], [1197, 205], [1197, 249], [1131, 249]], '오늘양놀도', 0.0179347810696694), ([[1070, 410], [1112, 410], [1112, 434], [1070, 434]], '오웃0', 0.787502795695632), ([[86, 526], [162, 526], [162, 574], [86, 574]], '안쪽질쓸', 0.030058570206165314), ([[102, 564], [144, 564], [144, 588], [102, 588]], '줄게0', 0.23681493967120504), ([[994, 632], [1034, 632], [1034, 656], [994, 656]], '드럽고', 0.6007898143935544), ([[1000, 652], [1028, 652], [1028, 682], [1000, 682]], '동증', 0.22484712967333023), ([[814, 670], [856, 670], [856, 694], [814, 694]], '네앗어', 0.1815066768602101), ([[994, 684], [1022, 684], [1022, 708], [994, 708]], '덩이', 0.8927346512560672), ([[989, 703], [1027, 703], [1027, 723], [989, 723]], '보면서', 0.9838171572287727), ([[933, 725], [985, 725], [985, 745], [933, 745]], '무똑둑한', 0.4529995322227478), ([[37, 741], [91, 741], [91, 783], [37, 783]], '어내앗 ', 0.004725550767034292), ([[777, 773], [805, 773], [805, 793], [777, 793]], '감사', 0.9999597921432808), ([[916, 735], [1003, 735], [1003, 784], [916, 784]], '미우임-]', 0.010702623576389268), ([[1054, 553], [1242, 553], [1242, 910], [1054, 910]], '맨', 0.019903673475937467), ([[770, 788], [810, 788], [810, 812], [770, 812]], '합니다', 0.4480553873011078), ([[770, 804], [810, 804], [810, 828], [770, 828]], '아앗이', 0.27744136345875586), ([[246.49861201062686, 729.242921254197], [490.0268853640083, 694.1146678243516], [497.50138798937314, 805.757078745803], [254.97311463599166, 840.8853321756484]], '패간벼;', 0.0017833869205787778), ([[381.2818380640767, 794.3119036755296], [634.5506924523681, 760.2831049707432], [640.7181619359234, 860.6880963244704], [386.4493075476318, 894.7168950292568]], "새'?!", 0.009276049211621284)]
[([[534, 90], [586, 90], [586, 140], [534, 140]], '기', 0.07634869660508858), ([[530, 128], [586, 128], [586, 152], [530, 152]], '참지 마니', 0.339386737575481), ([[477, 195], [533, 195], [533, 215], [477, 215]], '조이논 거', 0.5193238161401025), ([[1163, 167], [1209, 167], [1209, 211], [1163, 211]], '현처공', 0.01897942266155346), ([[485, 211], [525, 211], [525, 231], [485, 231]], '안되9', 0.18502458417098014), ([[908, 514], [938, 514], [938, 538], [908, 538]], '오월', 0.2745856345000176), ([[360, 556], [408, 556], [408, 580], [360, 580]], '이거엇]', 0.8395616412162781), ([[151, 583], [195, 583], [195, 603], [151, 603]], '안 되요', 0.9785593748092651), ([[832, 620], [902, 620], [902, 644], [832, 644]], '{기분 좋아서', 0.7364821200763657), ([[846, 636], [890, 636], [890, 662], [846, 662]], "'자정올", 0.43992093205451965), ([[1087, 639], [1139, 639], [1139, 659], [1087, 659]], '이리야의', 0.9932618737220764), ([[1084, 654], [1140, 654], [1140, 678], [1084, 678]], '보지어서', 0.9544599652290344), ([[303, 655], [349, 655], [349, 697], [303, 697]], ')리야', 0.27298341156814004), ([[846, 670], [892, 670], [892, 696], [846, 696]], '없어옛', 0.609845679519304), ([[292, 688], [356, 688], [356, 712], [292, 712]], '교배하논거', 0.4188855624606259), ([[704, 690], [760, 690], [760, 714], [704, 714]], '오빠 잔뜩', 0.9971291808614392), ([[296, 706], [354, 706], [354, 730], [296, 730]], '그만할컷', 0.06232132390141487), ([[698, 708], [764, 708], [764, 732], [698, 732]], '뜻듯해쥐0', 0.18811623990198983), ([[60, 750], [102, 750], [102, 774], [60, 774]], '다음은', 0.9988637772584553), ([[1039, 727], [1085, 727], [1085, 771], [1039, 771]], '쏟앞적', 0.02404384290434361), ([[48, 766], [114, 766], [114, 790], [48, 790]], '내 차례0', 0.554172376600776), ([[1034, 764], [1088, 764], [1088, 788], [1034, 788]], '있논데 ', 0.06268612295389175), ([[954.3903428790001, -8.985696677298991], [1052.7872948329539, -24.697676461234494], [1091.609657121, 229.985696677299], [993.2127051670461, 246.6976764612345]], '색', 0.1435136258899128)]
[([[269, 107], [317, 107], [317, 125], [269, 125]], '역사-0', 0.5113203859477686), ([[1169, 159], [1211, 159], [1211, 179], [1169, 179]], '오빠이', 0.13216769695281982), ([[1156, 176], [1224, 176], [1224, 200], [1156, 200]], '오늘도 잔뜩', 0.9988985296732681), ([[1160, 192], [1216, 192], [1216, 216], [1160, 216]], '나햄네)', 0.04628999903798103), ([[104, 232], [148, 232], [148, 256], [104, 256]], '그러면', 0.9991174337857263), ([[92, 250], [160, 250], [160, 274], [92, 274]], "'1회전 더어", 0.17526708742510677), ([[730, 308], [786, 308], [786, 332], [730, 332]], '우후듯어', 0.27125316858291626), ([[1122, 312], [1150, 312], [1150, 336], [1122, 336]], '모두', 0.9999405734607911), ([[48, 334], [106, 334], [106, 358], [48, 358]], '잔뜩 기분', 0.9864964428521448), ([[1098, 330], [1176, 330], [1176, 354], [1098, 354]], '곤적곤적하게', 0.3846999099743901), ([[43, 348], [108, 348], [108, 375], [43, 375]], '좋아지자다', 0.8922994823713638), ([[695, 345], [723, 345], [723, 363], [695, 363]], '오빠', 0.4245596973991069), ([[1117, 349], [1157, 349], [1157, 369], [1117, 369]], '없어)', 0.016384420421208096), ([[669, 361], [749, 361], [749, 403], [669, 403]], '"말광버거', 0.09203885317802316), ([[1021, 322], [1074, 322], [1074, 432], [1021, 432]], '3', 0.373102814356546), ([[956, 410], [1008, 410], [1008, 434], [956, 434]], '역시나~', 0.554785430431366), ([[517, 639], [551, 639], [551, 659], [517, 659]], '뭐어!', 0.18884332626754433), ([[465, 727], [507, 727], [507, 747], [465, 747]], '아직더', 0.9980021940258149), ([[462, 742], [512, 742], [512, 766], [462, 766]], '간다~0', 0.29320502281188965), ([[96, 782], [134, 782], [134, 810], [96, 810]], '쫓속릇', 0.016008943454221467), ([[138, 784], [214, 784], [214, 808], [138, 808]], '20필19,9{', 0.06502011162123816), ([[245, 785], [273, 785], [273, 799], [245, 799]], '419', 0.9932606962554981), ([[97, 805], [123, 805], [123, 819], [97, 819]], "'히기", 0.014640949985067557), ([[127, 805], [227, 805], [227, 817], [127, 817]], '기못미미낭3@8가3 _령금', 2.4846722041784225e-06), ([[99, 815], [121, 815], [121, 829], [99, 829]], '뚜터', 0.001508998865069547), ([[129, 815], [169, 815], [169, 827], [129, 827]], '5 5 > /', 0.12117705750284484), ([[1139.2087865841427, 581.024099979941], [1240.34062316597, 606.9582767753409], [1197.7912134158573, 770.975900020059], [1096.65937683403, 746.0417232246591]], '센', 0.0203250035768896), ([[1057.8838446723414, 747.0389788144824], [1283.0112104716225, 787.4625312482459], [1253.1161553276586, 921.9610211855176], [1027.9887895283775, 881.5374687517541]], '78', 0.40902086592187126), ([[206.10557280900008, 787.5527864045], [235.9010016697591, 783.5661843812271], [236.89442719099992, 793.4472135955], [207.0989983302409, 797.4338156187729]], '여금디', 0.000882979522897639)]
[([[685, 27], [771, 27], [771, 149], [685, 149]], '"0', 0.031214745258278918), ([[542, 130], [582, 130], [582, 154], [542, 154]], '이런', 0.870577124858099), ([[1177, 137], [1203, 137], [1203, 153], [1177, 153]], '뛰야', 0.7290269871551825), ([[236, 116], [310, 116], [310, 190], [236, 190]], '벼', 0.03915309169225112), ([[1162, 150], [1192, 150], [1192, 174], [1162, 174]], '이건', 0.9842993041421457), ([[97, 215], [155, 215], [155, 259], [97, 259]], '찢용', 0.33668532255247174), ([[1049, 237], [1089, 237], [1089, 257], [1049, 257]], '크흐흐', 0.11073929378515264), ([[662, 374], [740, 374], [740, 398], [662, 398]], '하피버스데이', 0.8033203219023372), ([[670, 392], [732, 392], [732, 416], [670, 416]], '이리야장&', 0.7828581163670967), ([[674, 410], [728, 410], [728, 434], [674, 434]], '미유장니', 0.10265904664993286), ([[1140, 414], [1182, 414], [1182, 440], [1140, 440]], '에옛?', 0.2547505675361815), ([[188, 430], [256, 430], [256, 454], [188, 454]], '이리야 한데', 0.979904882134983), ([[1155, 435], [1181, 435], [1181, 453], [1155, 453]], '어 ', 0.7099884792494744), ([[188, 448], [218, 448], [218, 472], [188, 472]], '심한', 0.9534724502585299), ([[194, 442], [260, 442], [260, 492], [194, 492]], "'@유유리", 0.007940089909321983), ([[1130, 448], [1192, 448], [1192, 496], [1130, 496]], '강령이량', 0.0652875155210495), ([[1169, 451], [1187, 451], [1187, 473], [1169, 473]], '[량', 0.4606004029543043), ([[542, 512], [606, 512], [606, 536], [542, 536]], '아저씨들의', 0.29679540377313124), ([[1091, 519], [1123, 519], [1123, 539], [1091, 539]], '자지', 0.9999054237819103), ([[545, 531], [601, 531], [601, 551], [545, 551]], '끈적곤적히', 0.09483087615385567), ([[1072, 534], [1140, 534], [1140, 560], [1072, 560]], '넣은 거야?', 0.9645500472304441), ([[548, 546], [602, 546], [602, 570], [548, 570]], '정액으로', 0.530119776725769), ([[1215, 569], [1255, 569], [1255, 641], [1215, 641]], '0', 0.99733649463532), ([[511, 635], [551, 635], [551, 655], [511, 655]], '축하해', 0.9930148719233344), ([[788, 626], [840, 626], [840, 650], [788, 650]], '싫어앗', 0.4907364299828207), ([[118, 640], [160, 640], [160, 664], [118, 664]], '무흐록', 0.537859114192391), ([[510, 650], [566, 650], [566, 674], [510, 674]], '테니까~', 0.2768499255180359), ([[748, 684], [788, 684], [788, 708], [748, 708]], '아쨌', 0.14925479450666293), ([[735, 703], [797, 703], [797, 723], [735, 723]], '아프다고; ;', 0.3403178188391411), ([[62, 710], [118, 710], [118, 734], [62, 734]], '미유장의', 0.9936439990997314), ([[71, 729], [111, 729], [111, 749], [71, 749]], '위세도', 0.9930762756710059), ([[62, 744], [118, 744], [118, 768], [62, 768]], '어디까지', 0.8324785232543945), ([[68, 762], [112, 762], [112, 786], [68, 786]], "'일까다", 0.3142942190170288), ([[680.4616397706227, 711.0242014539123], [726.6674728821474, 699.0372422528164], [757.5383602293773, 833.9757985460877], [710.3325271178526, 844.9627577471836]], '국', 0.8123904935575901)]
[]
