2350722
47
[([[635, 89], [712, 89], [712, 522], [635, 522]], '"', 0.5288454590582923), ([[45, 505], [122, 505], [122, 952], [45, 952]], '[', 0.17301660928217277)]
[([[263, 35], [331, 35], [331, 71], [263, 71]], '반갑군', 0.9976627826690674), ([[549, 51], [633, 51], [633, 87], [549, 87]], '부제님!!', 0.28750046312088207), ([[253, 69], [337, 69], [337, 109], [253, 109]], '아오이', 0.9489637066496674), ([[547, 87], [633, 87], [633, 123], [547, 123]], '명령대로', 0.9991757273674011), ([[703, 83], [779, 83], [779, 119], [703, 119]], '잘 앉다', 0.2950509819042167), ([[26, 118], [70, 118], [70, 148], [26, 148]], '리토', 0.99835397257487), ([[245, 117], [333, 117], [333, 155], [245, 155]], '오토하:', 0.9024447202682495), ([[533, 123], [649, 123], [649, 159], [533, 159]], '데려워어요 ', 0.6686087323812167), ([[708, 120], [772, 120], [772, 152], [708, 152]], '슈테로', 0.21852508563315254), ([[16, 152], [78, 152], [78, 184], [16, 184]], '보로지', 0.5187239300980248), ([[708, 156], [774, 156], [774, 186], [708, 186]], '보로지', 0.42550984025001526), ([[24, 188], [70, 188], [70, 220], [24, 220]], '라고', 0.9999874402622454), ([[13, 221], [79, 221], [79, 261], [13, 261]], '부르는', 0.8628589174965186), ([[23, 257], [71, 257], [71, 295], [23, 295]], '편이', 0.9961870841614652), ([[0, 292], [97, 292], [97, 333], [0, 333]], '중으려나?', 0.8461907730258955), ([[171, 455], [281, 455], [281, 493], [171, 493]], '우리 정체도', 0.6145370435794189), ([[644, 472], [692, 472], [692, 502], [644, 502]], '네가', 0.9993404655410991), ([[201, 493], [249, 493], [249, 529], [201, 529]], '알고', 0.9997879236455336), ([[636, 508], [694, 508], [694, 540], [636, 540]], '부제: .', 0.6573593512504614), ([[173, 529], [267, 529], [267, 565], [173, 565]], '있있다니 :', 0.26450866091944963), ([[14, 758], [132, 758], [132, 790], [14, 790]], '스스노홀:!', 0.1695141857897764), ([[357, 759], [449, 759], [449, 795], [357, 795]], '이 녀석이', 0.6198826419444516), ([[13, 793], [133, 793], [133, 829], [13, 829]], '용서 못 해!!', 0.15335239181469845), ([[361, 795], [447, 795], [447, 831], [361, 831]], '우리들의', 0.9995339512825012), ([[360, 834], [434, 834], [434, 866], [360, 866]], '세계틀 .', 0.43801545626516114), ([[723, 909], [771, 909], [771, 945], [723, 945]], '코욕;', 0.17243728300348718)]
[([[642, 66], [704, 66], [704, 98], [642, 98]], '부제!!', 0.1674380600452423), ([[639, 101], [707, 101], [707, 137], [639, 137]], '절대로', 0.9999830001170524), ([[615, 137], [731, 137], [731, 173], [615, 173]], '용서 못 해!!', 0.6627881862698438), ([[676, 424], [742, 424], [742, 456], [676, 456]], '노래의', 0.9997865063046897), ([[667, 457], [751, 457], [751, 493], [667, 493]], '가호여!!', 0.6545819387137018), ([[78, 520], [142, 520], [142, 552], [78, 552]], '나에게', 0.9357260522404988), ([[57, 555], [161, 555], [161, 593], [57, 593]], '것들어라!!', 0.19934549772031118), ([[639, 869], [710, 869], [710, 908], [639, 908]], '메타물', 0.3951109718477588), ([[34, 914], [98, 914], [98, 944], [34, 944]], '포제!!', 0.6536403298377991)]
[]
[]
[]
[([[114, 102], [198, 102], [198, 134], [114, 134]], '스스노의', 0.5563920140266418), ([[628, 114], [720, 114], [720, 146], [628, 146]], '내 노래의', 0.9987522467377713), ([[99, 139], [211, 139], [211, 175], [99, 175]], '세뇌틀 풀어', 0.31488939929094784), ([[641, 149], [707, 149], [707, 185], [641, 185]], '힘으로', 0.9848560810361003), ([[105, 173], [207, 173], [207, 211], [105, 211]], '보이켓어!!', 0.3214391132929461), ([[196, 496], [262, 496], [262, 528], [196, 528]], '해보기', 0.9995970374862359), ([[365, 491], [453, 491], [453, 531], [365, 531]], '소용없는', 0.7028505802154541), ([[733, 493], [781, 493], [781, 529], [733, 529]], '후후;', 0.4644018909961147), ([[188, 534], [272, 534], [272, 566], [188, 566]], '전까지는', 0.5358547568321228), ([[365, 529], [453, 529], [453, 565], [365, 565]], '짓이라고', 0.9433226585388184), ([[199, 569], [263, 569], [263, 605], [199, 605]], '모르는', 0.9769410490171343), ([[351, 565], [469, 565], [469, 603], [351, 603]], '(생각하는데?', 0.568663535916915), ([[199, 603], [263, 603], [263, 639], [199, 639]], '거야]!', 0.5141661569115517), ([[655, 781], [767, 781], [767, 819], [655, 819]], '스스노: ', 0.3653981354955001), ([[640, 822], [778, 822], [778, 870], [640, 870]], '부탁이야: - ', 0.1035550467957522), ([[665, 867], [749, 867], [749, 911], [665, 911]], '정신올', 0.8446430851688044), ([[647, 913], [767, 913], [767, 957], [647, 957]], '차려쥐:"!', 0.32598478446050455)]
[([[639, 141], [697, 141], [697, 179], [639, 179]], '으~음', 0.9863444971502608), ([[611, 179], [725, 179], [725, 215], [611, 215]], '아쉽게 뒷네', 0.43873627430241113), ([[611, 213], [725, 213], [725, 251], [611, 251]], '소용없는 것', 0.8351772570001118), ([[635, 249], [703, 249], [703, 287], [635, 287]], '같은데', 0.9095081871444106), ([[478, 400], [562, 400], [562, 448], [478, 448]], '4 ; 0', 0.14674298167883856), ([[75, 425], [187, 425], [187, 461], [75, 461]], '그리고 너의', 0.9998683860677735), ([[534, 440], [576, 440], [576, 472], [534, 472]], '쇼 ,', 0.5838103294372559), ([[625, 433], [759, 433], [759, 469], [625, 469]], '부제님의 힘과', 0.6773047015449273), ([[75, 463], [185, 463], [185, 499], [75, 499]], '노래 마법올', 0.9654055101704757), ([[645, 469], [739, 469], [739, 507], [645, 507]], '이 공간이', 0.9990097247418632), ([[87, 497], [173, 497], [173, 535], [87, 535]], '흙수햇지', 0.21793964505195618), ([[625, 505], [759, 505], [759, 541], [625, 541]], '가호의 힘보다', 0.7613245601016807), ([[73, 535], [189, 535], [189, 571], [73, 571]], '이번엔 내가', 0.9889656390655681), ([[635, 541], [735, 541], [735, 579], [635, 579]], '강한 거야 .', 0.9099668873689308), ([[88, 572], [174, 572], [174, 604], [88, 604]], '보여주마', 0.7297523256471078), ([[696, 790], [742, 790], [742, 822], [696, 822]], '에옛', 0.8038665459610177), ([[706, 826], [730, 826], [730, 852], [706, 852]], '?', 0.7820582690013431), ([[346.3465074855472, 708.0152601907096], [549.742904947189, 850.32931401836], [478.6534925144528, 949.9847398092904], [275.257095052811, 807.67068598164]], '( -데', 0.0592280849814415)]
[([[339, 505], [399, 505], [399, 545], [339, 545]], '뛰야', 0.8335400746395865), ([[725, 497], [781, 497], [781, 541], [725, 541]], '옷?', 0.7730371273653116), ([[327, 549], [409, 549], [409, 591], [327, 591]], '이건:?', 0.5969806909561157), ([[551, 857], [583, 857], [583, 877], [551, 877]], '2', 0.9525489124545317), ([[468.203970247832, 762.0397024783201], [571.9956322934027, 817.7356815770776], [538.796029752168, 877.9602975216799], [435.0043677065973, 822.2643184229224]], '다시', 0.1515218340936316)]
[([[672, 64], [736, 64], [736, 96], [672, 96]], '크크극', 0.4221720024271116), ([[215, 89], [283, 89], [283, 125], [215, 125]], '하아?!', 0.9649472236633301), ([[582, 160], [676, 160], [676, 192], [582, 192]], '자 나에게', 0.949902947100009), ([[179, 195], [225, 195], [225, 231], [179, 231]], '무슨', 0.9998567037223575), ([[595, 193], [661, 193], [661, 231], [595, 231]], '가슴을', 0.548261482763767), ([[170, 232], [228, 232], [228, 262], [170, 262]], '소리;', 0.37803548553447747), ([[596, 232], [662, 232], [662, 264], [596, 264]], '보여라', 0.99946641485502), ([[310, 590], [340, 590], [340, 618], [310, 618]], '9', 0.6442825767749696), ([[649, 899], [755, 899], [755, 935], [649, 935]], '어   어떻게', 0.2984946606992459), ([[656, 938], [748, 938], [748, 970], [656, 970]], '된 거야?!', 0.9403515407464176), ([[149.1470357815517, 583.2175502825171], [315.11705716754403, 570.3465773206608], [315.85296421844834, 640.7824497174829], [150.882942832456, 654.6534226793392]], '; 32', 0.15952348709106445)]
[([[109, 75], [221, 75], [221, 111], [109, 111]], '아까 음파로', 0.9943120619288881), ([[89, 109], [241, 109], [241, 147], [89, 147]], '신경올 교란시권', 0.24033341567306973), ([[142, 148], [190, 148], [190, 180], [142, 180]], '거야', 0.9986763399266444), ([[627, 401], [769, 401], [769, 437], [627, 437]], '자 시작해 볼까', 0.9262683143886316), ([[629, 435], [767, 435], [767, 473], [629, 473]], '내 부하가 되는', 0.6380933989105527), ([[655, 471], [721, 471], [721, 509], [655, 509]], '의식올-', 0.9350785613059998), ([[7, 931], [93, 931], [93, 967], [7, 967]], '시, 싫어 .', 0.4603154259387661), ([[24, 968], [76, 968], [76, 1000], [24, 1000]], '그만 ', 0.9604287254102498)]
[([[259, 29], [427, 29], [427, 71], [259, 71]], '아오이 오토하', 0.9555266465560839), ([[263, 113], [527, 113], [527, 149], [263, 149]], '노래의 가호틀 받아 변신한다', 0.3696248056902564), ([[264, 150], [368, 150], [368, 182], [264, 182]], '리트브로치', 0.5204435950262215), ([[263, 183], [527, 183], [527, 221], [263, 221]], '다음 세뇌 타짓이 되어버럿다', 0.4183030241039523), ([[260, 268], [458, 268], [458, 320], [260, 320]], '호시자키스즈노', 0.4042661770784291), ([[263, 351], [513, 351], [513, 395], [263, 395]], '별인-가호름받안 변신하눈', 0.30997508096517623), ([[265, 389], [437, 389], [437, 429], [265, 429]], '슈례르브로치여다', 0.03596625516325264), ([[262, 420], [669, 420], [669, 468], [262, 468]], '적외 보신-부제에제 납친당해 부제인 제액과', 0.09017857124017326), ([[259, 455], [626, 455], [626, 504], [259, 504]], '약의 에너지름 주입당해세되당해버력다', 0.10355884696064852), ([[257, 553], [423, 553], [423, 597], [257, 597]], '아이하라 유이', 0.9961853917001973), ([[261, 637], [521, 637], [521, 673], [261, 673]], '사랑의 가호루 받아 변신하는', 0.4192195958926383), ([[260, 672], [366, 672], [366, 708], [260, 708]], '리베브로치', 0.8626475596371943), ([[259, 823], [423, 823], [423, 865], [259, 865]], '치구사 미도리', 0.91753101420191), ([[261, 905], [523, 905], [523, 943], [261, 943]], '풀꽃의 가호루 받아 변신하는', 0.5587378613015476), ([[261, 941], [387, 941], [387, 979], [261, 979]], '불루메브로치', 0.5828786843675267)]
[([[435, 65], [483, 65], [483, 103], [435, 103]], '싫어', 0.9870788456481643), ([[423, 101], [487, 101], [487, 139], [423, 139]], '어섯!!', 0.09055431932210922), ([[705, 851], [773, 851], [773, 887], [705, 887]], '다"', 0.8941685143693285), ([[33, 1005], [101, 1005], [101, 1049], [33, 1049]], '다"', 0.07433965584315859), ([[442.43431457505073, 635.0402020253554], [503.85552168331844, 682.9346584822409], [480.56568542494927, 712.9597979746446], [420.14447831668156, 664.0653415177591]], "^'사5", 0.08869786560535431), ([[116.21727292457167, 869.0512742267447], [161.17150173241362, 864.406737961965], [168.7827270754283, 956.9487257732553], [123.82849826758637, 960.593262038035]], '속', 0.2478807373141798), ([[102.15028142267583, 1022.0912945443088], [162.81791991214013, 1037.8069000274563], [152.84971857732418, 1075.9087054556912], [91.18208008785989, 1060.1930999725437]], '25', 0.8398980967105859)]
[([[723, 63], [743, 63], [743, 89], [723, 89]], '}', 0.18229290019975508), ([[84, 82], [116, 82], [116, 118], [84, 118]], '4', 0.8270786939121457), ([[723, 93], [743, 93], [743, 117], [723, 117]], '값', 0.08656835491810089), ([[121, 135], [215, 135], [215, 177], [121, 177]], '5+ ,', 0.12287694592463858), ([[47, 151], [91, 151], [91, 215], [47, 215]], ']', 0.0067561819619754715), ([[313, 443], [402, 443], [402, 486], [313, 486]], '스즈노', 0.21408216552063458), ([[8, 490], [98, 490], [98, 538], [8, 538]], '여기틀', 0.7289569345443777), ([[325, 489], [389, 489], [389, 531], [325, 531]], '가""', 0.21267682975616836), ([[21, 539], [85, 539], [85, 579], [21, 579]], '보고', 0.9999979769518709), ([[4, 582], [88, 582], [88, 630], [4, 630]], '있어:', 0.8694298317122037), ([[296, 748], [386, 748], [386, 780], [296, 780]], '여기 보지', 0.928794120859376), ([[297, 783], [385, 783], [385, 819], [297, 819]], '말아주엇', 0.8000608086585999), ([[686, 798], [756, 798], [756, 826], [686, 826]], "스즈노'", 0.34221023321151733), ([[161, 793], [197, 793], [197, 875], [161, 875]], '술', 0.047719449779709544), ([[694, 834], [748, 834], [748, 866], [694, 866]], '안돼 .', 0.24178117513656616), ([[599.0794468010066, 256.6953361612079], [618.6372889329931, 239.0684709082316], [648.9205531989934, 273.3046638387921], [629.3627110670069, 290.9315290917684]], ':', 0.5506930368547422)]
[([[295, 51], [361, 51], [361, 87], [295, 87]], '다음엔', 0.999756981061593), ([[29, 79], [75, 79], [75, 115], [29, 115]], '너의', 0.9998093329816814), ([[271, 87], [383, 87], [383, 125], [271, 125]], '지마을 들어', 0.5420489530835249), ([[19, 115], [87, 115], [87, 153], [19, 153]], '소중한', 0.9752843566247384), ([[293, 123], [361, 123], [361, 159], [293, 159]], '올려서', 0.999271723934821), ([[477, 123], [491, 123], [491, 149], [477, 149]], '1', 0.4872564107384271), ([[17, 151], [81, 151], [81, 189], [17, 189]], '부분올', 0.875683062020625), ([[19, 189], [85, 189], [85, 225], [19, 225]], '보이는', 0.8874730489591658), ([[30, 226], [76, 226], [76, 258], [30, 258]], '거다', 0.9993637261855308), ([[454, 236], [504, 236], [504, 296], [454, 296]], '(', 0.2640386101631975), ([[691, 365], [727, 365], [727, 425], [691, 425]], '2', 0.9995265567523006), ([[487.3351366892331, 119.07460143262563], [512.5684587941034, 112.05434988510065], [525.6648633107669, 168.92539856737437], [500.4315412058966, 174.94565011489934]], '1', 0.03269378808582335)]
[([[264, 32], [310, 32], [310, 64], [264, 64]], "호오'", 0.6045135377856083), ([[243, 67], [349, 67], [349, 103], [243, 103]], '가슴만으로', 0.9917162111711036), ([[261, 103], [329, 103], [329, 141], [261, 141]], '젖없올', 0.6083763313276123), ([[251, 137], [328, 137], [328, 177], [251, 177]], '줄이야 :', 0.5733943607599165), ([[717, 475], [769, 475], [769, 511], [717, 511]], '까앗:', 0.3860219290136504), ([[113, 515], [169, 515], [169, 551], [113, 551]], '월할', 0.7863125612708239), ([[107, 551], [163, 551], [163, 587], [107, 587]], '생각 .', 0.8151913285255432), ([[295, 711], [377, 711], [377, 777], [295, 777]], '순"', 0.41026384123967835), ([[20, 724], [105, 724], [105, 943], [20, 943]], '$', 0.5362466795419074), ([[643.25097310286, 282.0564224788762], [707.9732305254065, 315.48330072463307], [685.74902689714, 357.9435775211238], [621.0267694745935, 324.51669927536693]], '3 +', 0.44399180665412846)]
[([[626, 40], [668, 40], [668, 72], [626, 72]], '아앗', 0.3622221144247619), ([[683, 57], [735, 57], [735, 93], [683, 93]], '70', 0.6166492068434858), ([[601, 85], [655, 85], [655, 123], [601, 123]], '안돼', 0.415724100897047), ([[702, 86], [730, 86], [730, 118], [702, 118]], '미', 0.33471214931654814), ([[172, 134], [266, 134], [266, 182], [172, 182]], "'그런 곳올", 0.3826207673816408), ([[568, 156], [604, 156], [604, 180], [568, 180]], '쇼"', 0.8634353841307116), ([[191, 182], [268, 182], [268, 223], [191, 223]], '아아양', 0.9898379743758634), ([[590, 170], [620, 170], [620, 204], [590, 204]], '2', 0.39095073275476366), ([[642, 158], [696, 158], [696, 214], [642, 214]], '밖대', 0.11223221098025214), ([[53, 229], [99, 229], [99, 269], [53, 269]], '7', 0.9869784035054785), ([[287, 229], [325, 229], [325, 283], [287, 283]], '8', 0.06734340377899972), ([[86, 266], [112, 266], [112, 296], [86, 296]], '내', 0.015006770825434723), ([[258, 336], [288, 336], [288, 374], [258, 374]], '데', 0.7872812187157621), ([[613, 487], [673, 487], [673, 531], [613, 531]], '아앗', 0.37401342547360744), ([[148, 500], [228, 500], [228, 556], [148, 556]], '까앗', 0.26555231014421565), ([[86, 538], [168, 538], [168, 594], [86, 594]], "아양'", 0.3911556899547577), ([[569, 553], [649, 553], [649, 613], [569, 613]], '아앗', 0.2202991390230879), ([[169, 583], [225, 583], [225, 627], [169, 627]], '터', 0.08635442846164043), ([[252, 694], [332, 694], [332, 748], [252, 748]], '숨"', 0.016717865325085943), ([[302, 734], [334, 734], [334, 770], [302, 770]], '2', 0.9991365151792344), ([[522, 778], [586, 778], [586, 810], [522, 810]], '오토하', 0.9998576013670119), ([[378, 782], [452, 782], [452, 838], [378, 838]], '이제', 0.37062088824484524), ([[507, 813], [601, 813], [601, 849], [507, 849]], '기분 좋아', 0.9750706595850548), ([[342, 848], [422, 848], [422, 904], [342, 904]], '안돼', 0.44726793744973276), ([[520, 850], [568, 850], [568, 882], [520, 882]], '보여:', 0.9150524973318933), ([[326.1299778141514, 128.12892678669957], [373.8160092785502, 136.96554761196117], [367.8700221858486, 166.87107321330043], [319.1839907214498, 157.03445238803883]], '내"', 0.06614954135304354), ([[224.07373871835836, 592.0719277974933], [314.8172351660015, 616.5303826949049], [298.92626128164164, 667.9280722025067], [208.18276483399845, 643.4696173050951]], "'9@", 0.03208545704719801)]
[([[279, 13], [365, 13], [365, 73], [279, 73]], '음', 0.002240723084304466), ([[329, 65], [371, 65], [371, 111], [329, 111]], '2', 0.5439396765003188), ([[660, 70], [772, 70], [772, 124], [660, 124]], '아아야', 0.5663415629988712), ([[354, 106], [378, 106], [378, 130], [354, 130]], '그', 0.11639846221982086), ([[137, 261], [257, 261], [257, 347], [137, 347]], '아앗', 0.23312105279385836), ([[666, 272], [738, 272], [738, 324], [666, 324]], '%0', 0.3364097771987291), ([[726, 404], [754, 404], [754, 432], [726, 432]], '2', 0.5710341928592158), ([[165, 521], [298, 521], [298, 582], [165, 582]], '옮이  ', 0.00773290529419878), ([[45, 809], [113, 809], [113, 853], [45, 853]], '나:', 0.9688758978234645), ([[692, 760], [770, 760], [770, 872], [692, 872]], '렌써', 0.0014161706920818816), ([[34, 852], [122, 852], [122, 902], [34, 902]], '가버린', 0.6456734747487404), ([[40, 898], [118, 898], [118, 946], [40, 946]], '거야?', 0.9993337987488785), ([[158.96667006423115, 155.0766894303488], [272.56143523897316, 171.5612364598507], [260.03332993576885, 235.9233105696512], [146.43856476102687, 218.4387635401493]], '아아', 0.9994678110838675), ([[691.330410519993, 322.0450378479484], [733.4020706201765, 314.20060441555], [747.669589480007, 405.9549621520516], [704.5979293798235, 412.79939558445]], '{', 0.20541040334285388)]
[([[41, 8], [199, 8], [199, 95], [41, 95]], '(청응4(', 0.002609955580412406), ([[741, 47], [787, 47], [787, 85], [741, 85]], '흐음', 0.542651338841778), ([[697, 173], [743, 173], [743, 213], [697, 213]], '슬슬', 0.7408708279903059), ([[695, 209], [743, 209], [743, 247], [695, 247]], '괜찮', 0.6530989037255994), ([[687, 247], [735, 247], [735, 285], [687, 285]], '켓지:', 0.5975561398811969), ([[28, 276], [96, 276], [96, 308], [28, 308]], '아앗?!', 0.7839034199714661), ([[171, 859], [215, 859], [215, 895], [171, 895]], '옷!!', 0.3895407033343736)]
[([[541, 41], [587, 41], [587, 83], [541, 83]], '[', 0.49073166483231034), ([[682, 80], [734, 80], [734, 134], [682, 134]], '%', 0.05439889264946296), ([[73, 311], [141, 311], [141, 347], [73, 347]], '아앗?!', 0.8365409970283508), ([[449, 619], [523, 619], [523, 655], [449, 655]], '자 누위', 0.7732647194913257), ([[441, 654], [533, 654], [533, 690], [441, 690]], '있도록 해', 0.4349060832286207), ([[439, 689], [533, 689], [533, 727], [439, 727]], '내 체액올', 0.45925350266576437), ([[453, 727], [521, 727], [521, 763], [453, 763]], '주입해', 0.9999417050160943), ([[449, 763], [523, 763], [523, 799], [449, 799]], '줄 테니', 0.7981365164407784), ([[278, 806], [310, 806], [310, 834], [278, 834]], '시:', 0.4133718438599832), ([[231, 899], [287, 899], [287, 937], [231, 937]], '싫어 ', 0.5349119304578857), ([[554.8233031891709, 958.1165159458545], [590.5432144762551, 928.0246407611937], [660.1766968108291, 1019.8834840541455], [623.4567855237449, 1049.9753592388063]], '총', 0.19535388502911477)]
[([[27, 81], [97, 81], [97, 117], [27, 117]], '괜찮아', 0.9919004788917141), ([[396, 72], [450, 72], [450, 104], [396, 104]], '히익!', 0.540278221958409), ([[13, 115], [107, 115], [107, 155], [13, 155]], '금방 기분', 0.9995425705608489), ([[27, 155], [93, 155], [93, 191], [27, 191]], '좋아질', 0.9866438928206188), ([[702, 178], [732, 178], [732, 208], [702, 208]], '2', 0.7115336084668265), ([[24, 192], [98, 192], [98, 222], [24, 222]], '테니까!', 0.7542918920516968), ([[672, 576], [728, 576], [728, 632], [672, 632]], '2', 0.6803140405426724), ([[209.8509805405407, 500.33803967567616], [323.49417935873396, 480.6624899799468], [332.1490194594593, 544.6619603243239], [217.505820641266, 564.3375100200532]], '까아', 0.8758790630397191), ([[241.20035989203598, 591.1817634709763], [338.56583483726075, 580.844529840068], [342.799640107964, 657.8182365290237], [245.43416516273922, 668.155470159932]], '아!!', 0.2994705933159342)]
[([[12, 30], [62, 30], [62, 84], [12, 84]], '0', 0.03583401636161909), ([[728, 68], [756, 68], [756, 96], [728, 96]], '아', 0.9999063036932654), ([[365, 215], [433, 215], [433, 251], [365, 251]], '아파앗', 0.6614477981400785), ([[631, 441], [723, 441], [723, 479], [631, 479]], '너의 힘은', 0.6981312146992682), ([[225, 489], [267, 489], [267, 525], [225, 525]], '{"', 0.056719615168721337), ([[368, 484], [396, 484], [396, 514], [368, 514]], '내', 0.9999949932161059), ([[643, 477], [711, 477], [711, 513], [643, 513]], '쓸모가', 0.8927758557239146), ([[43, 513], [135, 513], [135, 549], [43, 549]], '약에 물든', 0.4049866490542986), ([[348, 515], [417, 515], [417, 553], [348, 553]], '부하가', 0.9990336146949229), ([[653, 515], [703, 515], [703, 551], [653, 551]], '있다', 0.9998935387205641), ([[25, 547], [155, 547], [155, 585], [25, 585]], '너의 힘이라면', 0.9970812090477419), ([[349, 553], [417, 553], [417, 589], [349, 589]], '되거라', 0.9642006540605179), ([[3, 581], [175, 581], [175, 621], [3, 621]], '간단하게 인간들올', 0.9896474085315888), ([[482, 590], [534, 590], [534, 638], [482, 638]], '5', 0.04218785207817022), ([[11, 619], [169, 619], [169, 657], [11, 657]], '조작할 수 있켓지', 0.12884929551232202), ([[27, 791], [153, 791], [153, 829], [27, 829]], '용서 못해: !', 0.5573860690402191), ([[690, 782], [762, 782], [762, 834], [690, 834]], '농담', 0.9997955096154227), ([[37, 827], [141, 827], [141, 863], [37, 863]], '이름:  게: ', 0.3693084504218229), ([[654, 832], [790, 832], [790, 885], [654, 885]], '하지 마!!', 0.8276763563447412), ([[37, 865], [131, 865], [131, 901], [37, 901]], '스스노홀 .', 0.4094265150832089), ([[19, 899], [159, 899], [159, 935], [19, 935]], '세뇌한 거지  !', 0.17930919070403076), ([[253.27164295927076, 516.0668719800622], [310.99821905601146, 545.8806501774325], [293.72835704072924, 577.9331280199378], [236.00178094398854, 548.1193498225675]], '서^', 0.05185358607802731), ([[228.3203723339694, 990.0581595370226], [289.9748474613301, 1026.5521298635122], [272.67962766603057, 1055.9418404629773], [211.02515253866991, 1019.447870136488]], '걸내?사', 0.004108062945306301)]
[([[445, 239], [519, 239], [519, 275], [445, 275]], '후후후:', 0.5747947692871094), ([[583, 504], [670, 504], [670, 548], [583, 548]], '오토하', 0.9995741198623335), ([[623, 779], [715, 779], [715, 817], [623, 817]], '스즈노?', 0.3968373239040375), ([[63, 839], [135, 839], [135, 875], [63, 875]], '너 오늘', 0.9110363721847534), ([[57, 875], [143, 875], [143, 911], [57, 911]], '주번이라', 0.7922412157058716), ([[43, 911], [155, 911], [155, 949], [43, 949]], '빨리 간다고', 0.9993382257337162), ([[63, 945], [115, 945], [115, 985], [63, 985]], '햇없:', 0.3753387952284942)]
[([[698, 54], [742, 54], [742, 86], [698, 86]], '그래', 0.9999837313552349), ([[193, 67], [307, 67], [307, 103], [193, 103]], '내 부하에게', 0.8921357526841469), ([[688, 92], [736, 92], [736, 124], [688, 124]], '맞다:', 0.7673363998824735), ([[197, 105], [303, 105], [303, 141], [197, 141]], '보여지면서', 0.7089628248130012), ([[216, 142], [282, 142], [282, 174], [216, 174]], '쾌라에', 0.2900011330135948), ([[607, 119], [647, 119], [647, 167], [607, 167]], '[1', 0.9814974124353827), ([[39, 161], [131, 161], [131, 197], [39, 197]], '너느 꽤나', 0.48634115712764975), ([[197, 176], [303, 176], [303, 212], [197, 212]], '빠져들없지', 0.5991752978085919), ([[29, 197], [139, 197], [139, 233], [29, 233]], '타락이 늦는', 0.9716240490926986), ([[35, 233], [135, 233], [135, 269], [35, 269]], '편이구나?', 0.999532973874461), ([[549, 293], [569, 293], [569, 317], [549, 317]], '2', 0.9806390775257547), ([[694, 422], [776, 422], [776, 454], [694, 454]], '너에제는', 0.36557647585868835), ([[689, 455], [783, 455], [783, 491], [689, 491]], '내 부하가', 0.9986741136130975), ([[701, 491], [769, 491], [769, 527], [701, 527]], '아니라', 0.9994587757729799), ([[691, 529], [779, 529], [779, 565], [691, 565]], '동료에게', 0.7491928935050964), ([[683, 563], [789, 563], [789, 599], [683, 599]], '보여지면서', 0.9976152309447339), ([[672, 598], [799, 598], [799, 636], [672, 636]], '타락시키려고', 0.9984355678473055), ([[681, 635], [777, 635], [777, 673], [681, 673]], '생각햇지::', 0.14360114485152162), ([[345, 763], [425, 763], [425, 823], [345, 823]], '아아', 0.3328614378796217), ([[11, 853], [113, 853], [113, 897], [11, 897]], '그렇계나', 0.5499475598335266), ([[33, 909], [105, 909], [105, 951], [33, 951]], '빨리"', 0.8286553259125674), ([[651.6984172530881, 192.1428776388963], [686.6029922357712, 165.030376865865], [745.3015827469119, 248.8571223611037], [710.3970077642288, 275.96962313413496]], '5', 0.29728014149938886), ([[503.28229870452907, 191.04307924759115], [546.958941435113, 180.07712643018414], [571.717701295471, 285.95692075240885], [528.041058564887, 296.92287356981586]], '쭉', 0.1672265509159141)]
[([[1, 43], [89, 43], [89, 87], [1, 87]], '견너야', 0.5170332255026379), ([[9, 89], [81, 89], [81, 131], [9, 131]], '해되드', 0.15441981433366056), ([[774, 204], [800, 204], [800, 258], [774, 258]], '9', 0.0380371324916986), ([[653, 397], [749, 397], [749, 438], [653, 438]], '견디서 -', 0.4331296640014534), ([[55, 415], [197, 415], [197, 455], [55, 455]], '그리고 유이와', 0.9903063997685672), ([[466, 425], [558, 425], [558, 463], [466, 463]], '[스스노틀', 0.24755609794224764), ([[675, 435], [725, 435], [725, 471], [675, 471]], '틈올', 0.8344597393456187), ([[57, 455], [194, 455], [194, 491], [57, 491]], '미도리와 함께', 0.9960843301624918), ([[475, 465], [549, 465], [549, 501], [475, 501]], '데리고', 0.7377162575721741), ([[665, 473], [737, 473], [737, 509], [665, 509]], '노려서', 0.9680998958430677), ([[41, 489], [209, 489], [209, 527], [41, 527]], '세뇌틀 풀 방법울', 0.26545322579737024), ([[465, 499], [557, 499], [557, 539], [465, 539]], '돌아가는', 0.8671890915755686), ([[59, 525], [193, 525], [193, 565], [59, 565]], '찾을 거야: !', 0.3389142026393451), ([[471, 535], [543, 535], [543, 575], [471, 575]], '건야  드', 0.11563377415981432), ([[167, 639], [221, 639], [221, 675], [167, 675]], '게"', 0.30567351259159725), ([[708, 666], [776, 666], [776, 698], [708, 698]], '그리고', 0.9999984170133134), ([[693, 699], [785, 699], [785, 735], [693, 735]], '또 함께: -', 0.30001077141473814), ([[360, 726], [406, 726], [406, 758], [360, 758]], '미소', 0.9999965439601713), ([[347, 761], [419, 761], [419, 797], [347, 797]], '가득한', 0.48810208158776086), ([[339, 795], [415, 795], [415, 833], [339, 833]], '일상올:', 0.3411467671394348), ([[357.5890921021936, 90.11128024381983], [409.58318735476905, 44.01891473655675], [509.4109078978064, 170.88871975618017], [456.41681264523095, 215.98108526344325]], '국', 0.007924743263831857), ([[4.588180856293699, 882.0169883611537], [45.02431577061347, 878.1060468737356], [55.4118191437063, 1012.9830116388463], [15.975684229386532, 1016.8939531262644]], ';', 0.23576495373721773)]
[([[594, 48], [630, 48], [630, 78], [594, 78]], '슬술', 0.425849654725894), ([[684, 2], [762, 2], [762, 88], [684, 88]], '&', 0.12325971966630789), ([[592, 76], [632, 76], [632, 108], [592, 108]], '괜찮', 0.5595553613047506), ([[584, 104], [624, 104], [624, 136], [584, 136]], '켓군', 0.4445016504339107), ([[729, 127], [773, 127], [773, 181], [729, 181]], '떼', 0.6004585852277025), ([[718, 310], [742, 310], [742, 338], [718, 338]], '자', 0.9999858141448534), ([[11, 419], [89, 419], [89, 455], [11, 455]], '받아라!', 0.9418877363204956), ([[116, 442], [256, 442], [256, 544], [116, 544]], '관"', 0.07764987387226818), ([[311, 445], [749, 445], [749, 553], [311, 553]], '5 나스>', 0.29400362214418285), ([[186.8858279709377, 78.21456992734423], [211.63728893299313, 67.0684709082316], [228.1141720290623, 108.78543007265577], [203.36271106700687, 118.9315290917684]], '뺨', 0.0816073218361959), ([[489.95144619575154, 940.036880054477], [717.6102210248989, 891.064577022566], [725.0485538042485, 934.963119945523], [496.389778975101, 983.935422977434]], '버피 % 고닮', 0.0038603848374104245)]
[([[39, 219], [59, 219], [59, 241], [39, 241]], '사', 0.05070492513976199), ([[291, 101], [377, 101], [377, 271], [291, 271]], '@', 0.050360034223913885), ([[610, 534], [640, 534], [640, 558], [610, 558]], '0', 0.9913790865090419), ([[152, 724], [198, 724], [198, 756], [152, 756]], '가버', 0.9934152750502535), ([[151, 759], [199, 759], [199, 795], [151, 795]], '럿나', 0.11015284533236373), ([[91, 869], [157, 869], [157, 905], [91, 905]], '준비는', 0.9382714374978754), ([[91, 905], [159, 905], [159, 941], [91, 941]], '끝낫다', 0.6227173102599799)]
[([[752, 64], [790, 64], [790, 92], [752, 92]], '하  ', 0.25101447105407715), ([[421, 97], [489, 97], [489, 133], [421, 133]], '아쉽게', 0.7113449121503178), ([[15, 119], [105, 119], [105, 155], [15, 155]], '나는 너의', 0.9934125157252408), ([[421, 133], [475, 133], [475, 169], [421, 169]], '뒷네:.', 0.1818515807390213), ([[6, 156], [112, 156], [112, 188], [6, 188]], '부하가 되지', 0.989222431168871), ([[21, 187], [97, 187], [97, 227], [21, 227]], '못한 것', 0.9297598600387573), ([[21, 227], [97, 227], [97, 263], [21, 263]], '같은길!', 0.18649597465991974), ([[161, 229], [209, 229], [209, 265], [161, 265]], '42', 0.3724909702756154), ([[589, 249], [639, 249], [639, 285], [589, 285]], '하맛', 0.13373029653005053), ([[147, 273], [214, 273], [214, 312], [147, 312]], '@ 0@', 0.05811857658949672), ([[379, 459], [467, 459], [467, 495], [379, 495]], '안심하고', 0.9998142719268799), ([[367, 495], [479, 495], [479, 533], [367, 533]], '있는 와중에', 0.5851303518824673), ([[371, 531], [477, 531], [477, 567], [371, 567]], '미안하지만', 0.9995620837896324), ([[363, 567], [483, 567], [483, 605], [363, 605]], '아직 끝난 게', 0.9692113845410795), ([[389, 603], [459, 603], [459, 639], [389, 639]], '아니야', 0.9998822404721047), ([[178, 684], [216, 684], [216, 714], [178, 714]], '에?', 0.999318469208008), ([[25, 793], [91, 793], [91, 829], [25, 829]], '이걸로', 0.38357221388799695), ([[25, 829], [91, 829], [91, 865], [25, 865]], '완전히', 0.9999004789682105), ([[706, 828], [750, 828], [750, 858], [706, 858]], '크크', 0.9936701166542682), ([[16, 868], [100, 868], [100, 900], [16, 900]], '타락시켜', 0.9991458058357239), ([[706, 864], [730, 864], [730, 892], [706, 892]], '극', 0.9978329966912156), ([[36, 904], [80, 904], [80, 934], [36, 934]], '주지', 0.9981783937734179)]
[([[416, 120], [440, 120], [440, 148], [416, 148]], '뭐', 0.9999967813517721), ([[379, 212], [442, 212], [442, 252], [379, 252]], '(뛰야?)', 0.6251817857540417), ([[418, 726], [506, 726], [506, 806], [418, 806]], '시', 0.3300271301680233)]
[([[259, 255], [439, 255], [439, 391], [259, 391]], '싫어', 0.9136500849737131), ([[256, 398], [423, 398], [423, 509], [256, 509]], '어어', 0.8948841890932727), ([[246, 527], [419, 527], [419, 640], [246, 640]], '어어', 0.44664568454992293), ([[279, 655], [363, 655], [363, 775], [279, 775]], '엇', 0.43781148687296323)]
[([[684, 62], [732, 62], [732, 92], [684, 92]], '아아', 0.999912588555194), ([[95, 83], [155, 83], [155, 119], [95, 119]], '뛰야  ', 0.2802334381845159), ([[684, 98], [718, 98], [718, 130], [684, 130]], '앗 .', 0.47129825444233103), ([[56, 178], [114, 178], [114, 210], [56, 210]], '이거 ', 0.8312911884170471), ([[89, 443], [137, 443], [137, 479], [89, 479]], '몸이', 0.9559265758943165), ([[630, 438], [694, 438], [694, 470], [630, 470]], '그대로', 0.9380015134811401), ([[55, 477], [168, 477], [168, 515], [55, 515]], '침식되는 걸', 0.4116625527900027), ([[615, 471], [709, 471], [709, 509], [615, 509]], '몸올 맡격', 0.1867929375402401), ([[70, 516], [142, 516], [142, 548], [70, 548]], '느껴화', 0.9496306404867341), ([[60, 842], [116, 842], [116, 894], [60, 894]], '학', 0.0135047620724294), ([[84, 892], [108, 892], [108, 916], [84, 916]], '2', 0.5622893769055395)]
[([[44, 104], [126, 104], [126, 154], [44, 154]], '의식이', 0.9977784367692076), ([[41, 153], [127, 153], [127, 197], [41, 197]], '사라저', 0.9734201110470846), ([[51, 197], [117, 197], [117, 241], [51, 241]], '가  :', 0.23384809494018555), ([[696, 816], [748, 816], [748, 846], [696, 846]], '스스', 0.4829589061798043), ([[9, 855], [69, 855], [69, 897], [9, 897]], '미안', 0.9996967247494318), ([[694, 860], [744, 860], [744, 892], [694, 892]], '노:', 0.9971299116332955), ([[9, 901], [67, 901], [67, 941], [9, 941]], '해:?', 0.051976085913366256)]
[([[278, 32], [408, 32], [408, 134], [278, 134]], '거"`', 0.3781435410222183), ([[441, 45], [513, 45], [513, 109], [441, 109]], '~', 0.5397088066428104), ([[325, 155], [541, 155], [541, 287], [325, 287]], '(시', 0.17960675228568954)]
[([[287, 63], [331, 63], [331, 107], [287, 107]], '(', 0.03902319963486889), ([[189, 133], [285, 133], [285, 173], [189, 173]], '종은 아침', 0.6066129486431129), ([[206, 174], [272, 174], [272, 204], [206, 204]], '오토하', 0.9985378384590149), ([[94, 500], [158, 500], [158, 530], [94, 530]], '원가 ', 0.9909483447777072), ([[560, 506], [592, 506], [592, 532], [560, 532]], "스'", 0.7860660432653336), ([[93, 535], [163, 535], [163, 571], [93, 571]], '상태가', 0.9996549856661052), ([[545, 539], [620, 539], [620, 572], [545, 572]], '스스노?', 0.4194931983947754), ([[79, 571], [169, 571], [169, 607], [79, 607]], '이상해?  `', 0.6274717549405444), ([[351, 783], [422, 783], [422, 822], [351, 822]], '오토하', 0.999423608568269), ([[321, 821], [451, 821], [451, 859], [321, 859]], '너도 부제남의', 0.6968376965351879), ([[326, 860], [448, 860], [448, 892], [326, 892]], '부하가 되자?', 0.9777777256383651), ([[293.20552140300424, 226.6904906657081], [368.05762775610896, 206.58008405138128], [379.79447859699576, 256.3095093342919], [303.94237224389104, 276.4199159486187]], '")', 0.652886933190157)]
[]
[([[442, 132], [484, 132], [484, 160], [442, 160]], '나  ', 0.4946943549928436), ([[412, 166], [510, 166], [510, 198], [412, 198]], '아까까지: ', 0.5361057602411887), ([[687, 387], [777, 387], [777, 423], [687, 423]], '무언가에:', 0.9140460427400225), ([[697, 423], [783, 423], [783, 459], [697, 459]], '저항하고', 0.8339467644691467), ([[691, 457], [785, 457], [785, 497], [691, 497]], '있엿던 것', 0.09987358885232672), ([[705, 493], [755, 493], [755, 533], [705, 533]], '같은;', 0.9686255872893907), ([[474, 794], [544, 794], [544, 826], [474, 826]], '오토하:', 0.517231285572052)]
[([[423, 43], [491, 43], [491, 81], [423, 81]], '굉장히', 0.9995993774277722), ([[739, 35], [799, 35], [799, 71], [739, 71]], '맞지?', 0.9994713011188052), ([[409, 79], [503, 79], [503, 117], [409, 117]], '기분 중은', 0.9728852042639851), ([[409, 115], [505, 115], [505, 153], [409, 153]], '일이잡아?', 0.9620850580258267), ([[673, 149], [761, 149], [761, 185], [673, 185]], '부제남의', 0.43767914175987244), ([[686, 186], [752, 186], [752, 218], [686, 218]], '부하가', 0.9988297827095113), ([[679, 220], [755, 220], [755, 258], [679, 258]], '되는 거', 0.975521981716156), ([[550, 426], [586, 426], [586, 456], [550, 456]], '자!', 0.955055795131418), ([[81, 457], [191, 457], [191, 497], [81, 497]], '우리의 힘은', 0.9990904834935097), ([[527, 461], [613, 461], [613, 497], [527, 497]], '부제님께', 0.42075228691101074), ([[93, 495], [179, 495], [179, 533], [93, 533]], '부제님올', 0.5861663818359375), ([[535, 497], [601, 497], [601, 533], [535, 533]], '충성의', 0.9765411966015649), ([[114, 532], [160, 532], [160, 564], [114, 564]], '위해', 0.9999613937050384), ([[531, 533], [599, 533], [599, 569], [531, 569]], '망세클!', 0.08026326447725296), ([[93, 567], [179, 567], [179, 605], [93, 605]], '존재하는', 0.8935171961784363), ([[104, 606], [172, 606], [172, 638], [104, 638]], '거니까', 0.9971139476249086), ([[665, 783], [742, 783], [742, 826], [665, 826]], "부제:'", 0.2576335668563843), ([[12, 802], [104, 802], [104, 850], [12, 850]], '그램: :', 0.2832636972242546), ([[556, 848], [669, 848], [669, 889], [556, 889]], '부제님 올', 0.9094610960109574), ([[25, 843], [93, 843], [93, 941], [25, 941]], '왜?', 0.26236639754049323), ([[569, 885], [657, 885], [657, 925], [569, 925]], '위해서?', 0.9999639391899109)]
[([[286, 334], [320, 334], [320, 366], [286, 366]], '아', 0.999987721480867), ([[699, 539], [787, 539], [787, 577], [699, 577]], '그랫없지', 0.16373412311077118), ([[702, 578], [768, 578], [768, 608], [702, 608]], "스스노'", 0.7214887738227844), ([[615, 613], [701, 613], [701, 651], [615, 651]], '부제님올', 0.596932590007782), ([[636, 652], [680, 652], [680, 684], [636, 684]], '위해', 0.9999701601616544), ([[617, 687], [701, 687], [701, 723], [617, 723]], '우리들의', 0.9975743293762207), ([[605, 721], [709, 721], [709, 761], [605, 761]], '힘흘 쓰자!', 0.6064000486166664), ([[14, 772], [80, 772], [80, 804], [14, 804]], '오토하', 0.9998857505188352), ([[443.0652700194608, 31.05479516541699], [491.50852365423987, -4.983821371566282], [583.9347299805391, 131.945204834583], [535.4914763457601, 167.98382137156628]], '"', 0.23416749816960536)]
[([[658, 50], [762, 50], [762, 82], [658, 82]], '리토브로치', 0.8819654850534102), ([[633, 85], [785, 85], [785, 121], [633, 121]], '아오이 오토하는', 0.97894999907228), ([[635, 119], [785, 119], [785, 159], [635, 159]], '부제님께 충성올', 0.4508622710999985), ([[651, 157], [767, 157], [767, 195], [651, 195]], '명세합니다!', 0.35480743405817794), ([[111, 185], [175, 185], [175, 221], [111, 221]], '부제님', 0.9638670461257001), ([[119, 221], [167, 221], [167, 257], [119, 257]], '다음', 0.9999214391782458), ([[105, 257], [171, 257], [171, 295], [105, 295]], '명령올_', 0.5627121925354004), ([[232, 538], [276, 538], [276, 568], [232, 568]], '크크', 0.9589592767807494), ([[232, 574], [256, 574], [256, 604], [232, 604]], '극', 0.9090244441553467), ([[205, 749], [251, 749], [251, 787], [205, 787]], '다음', 0.9999405734607911), ([[583, 753], [629, 753], [629, 789], [583, 789]], '그럼', 0.9996054440061112), ([[185, 787], [271, 787], [271, 823], [185, 823]], '작전으로', 0.9975317716598511), ([[186, 824], [264, 824], [264, 856], [186, 856]], '가볼까  ', 0.7337343285243373)]
[([[708, 460], [800, 460], [800, 486], [708, 486]], '스스 0 옷순', 0.015451728835837047), ([[378, 530], [434, 530], [434, 560], [378, 560]], '어 ?', 0.722104406550995), ([[259, 753], [331, 753], [331, 797], [259, 797]], '유이?', 0.9968498334490685), ([[212, 850], [244, 850], [244, 884], [212, 884]], '왜', 0.9998238164308901), ([[193, 891], [265, 891], [265, 931], [193, 931]], '그래?', 0.9999359925451173)]
[([[657, 107], [725, 107], [725, 143], [657, 143]], '갑자기', 0.9983990838228805), ([[657, 141], [725, 141], [725, 179], [657, 179]], '불안한', 0.9337420087143217), ([[106, 192], [168, 192], [168, 224], [106, 224]], '미도리', 0.9999761864096554), ([[637, 179], [725, 179], [725, 215], [637, 215]], '표정으로:', 0.941735661077914), ([[679, 479], [793, 479], [793, 515], [679, 515]], '어떡하지  !', 0.6234382472897427), ([[692, 514], [779, 514], [779, 551], [692, 551]], '스스노랑', 0.4929044842720032), ([[89, 559], [135, 559], [135, 597], [89, 597]], '에', 0.9997396638575538), ([[684, 552], [788, 552], [788, 584], [684, 584]], '오토하에게', 0.8918245092379115), ([[0, 728], [96, 728], [96, 780], [0, 780]], '선배들', 0.9984167682048986), ([[497, 753], [591, 753], [591, 789], [497, 789]], '무슨 일이', 0.9971798756520418), ([[0, 785], [93, 785], [93, 829], [0, 829]], '에게?!', 0.8172139525413513), ([[507, 789], [579, 789], [579, 825], [507, 825]], '있는 것', 0.3278042027099697), ([[515, 825], [571, 825], [571, 861], [515, 861]], '같아!', 0.9145429719965433)]
[([[422, 19], [482, 19], [482, 110], [422, 110]], '원', 0.39291298658304186), ([[1014, 48], [1053, 48], [1053, 97], [1014, 97]], '벼', 0.26298215717565654), ([[1663, 43], [1749, 43], [1749, 123], [1663, 123]], '해', 0.016045844582796898), ([[57, 89], [113, 89], [113, 133], [57, 133]], '오~', 0.9991623077481498), ([[613, 96], [853, 96], [853, 164], [613, 164]], '갈 거 같아~?', 0.5529695502085922), ([[1326, 120], [1386, 120], [1386, 162], [1326, 162]], '2', 0.3371560511943841), ([[1382, 118], [1407, 118], [1407, 138], [1382, 138]], '쇠', 0.1713481350265278), ([[16, 144], [154, 144], [154, 199], [16, 199]], '사양하지', 0.9884153008460999), ([[556, 165], [903, 165], [903, 237], [556, 237]], '내친김에 내 여기로', 0.8326577281960238), ([[1034, 107], [1098, 107], [1098, 248], [1034, 248]], '소', 0.07074401564708754), ([[1340, 152], [1409, 152], [1409, 241], [1340, 241]], '해', 0.05827459475598573), ([[1537, 184], [1586, 184], [1586, 215], [1537, 215]], '09', 0.17731953557680036), ([[1911, 165], [1958, 165], [1958, 205], [1911, 205]], '0', 0.08957241777391634), ([[57, 210], [99, 210], [99, 250], [57, 250]], '마', 0.8973897990868367), ([[1014, 199], [1058, 199], [1058, 255], [1014, 255]], '7', 0.9999775887791316), ([[1361, 241], [1408, 241], [1408, 272], [1361, 272]], '0', 0.9603627705367366), ([[554, 239], [910, 239], [910, 312], [554, 312]], '동정도 졸업해버려~', 0.992566230929586), ([[1048, 249], [1116, 249], [1116, 320], [1048, 320]], '버', 0.503222057414078), ([[1141, 257], [1216, 257], [1216, 312], [1141, 312]], '(게', 0.880298746744485), ([[1908, 254], [1957, 254], [1957, 323], [1908, 323]], '숨', 0.15505195681737494), ([[724, 324], [1266, 324], [1266, 465], [724, 465]], '동인지&(/집', 0.11210079473786252), ([[583, 466], [1417, 466], [1417, 627], [583, 627]], '번역 커미션 받습내다', 0.48495610360932634), ([[137, 758], [166, 758], [166, 785], [137, 785]], '9', 0.1997348558709291), ([[293, 776], [1696, 776], [1696, 939], [293, 939]], '가격; 장당 700~1000원 선에서 협의', 0.7253178609860143), ([[499, 933], [1490, 933], [1490, 1083], [499, 1083]], '컬러티 : 지금 보는 이정도', 0.6996334955890093), ([[552, 1086], [1436, 1086], [1436, 1239], [552, 1239]], '작업 후 오타나 수정 등', 0.9286290606519652), ([[89, 1338], [182, 1338], [182, 1404], [89, 1404]], '잠깐', 0.9999951952626506), ([[399, 1245], [1587, 1245], [1587, 1393], [399, 1393]], '애프터 테어까지 깔끔하게 해서', 0.5000842765314637), ([[14, 1407], [258, 1407], [258, 1479], [14, 1479]], '로제장만하고', 0.9975365246481023), ([[37, 1468], [275, 1468], [275, 1580], [37, 1580]], '치사해-다', 0.215357120278138), ([[682, 1396], [1314, 1396], [1314, 1547], [682, 1547]], '마무리 해드려오', 0.9949953273055951), ([[1956, 1407], [2031, 1407], [2031, 1572], [1956, 1572]], '초', 0.04481023088229308), ([[253, 1548], [1735, 1548], [1735, 1699], [253, 1699]], '*후타; 스갖 하드한 마조물 고어; 식인, 아오이,', 0.30553692439597646), ([[1812, 1553], [1891, 1553], [1891, 1644], [1812, 1644]], '(*0', 0.4237472691514067), ([[371, 1669], [1842, 1669], [1842, 1804], [371, 1804]], '비스무리같은 작품은 추가금이 붙올 수 있습니다', 0.6308167968208968), ([[1933, 1533], [2030, 1533], [2030, 1821], [1933, 1821]], '%', 0.004480646692733237), ([[1367, 1783], [1458, 1783], [1458, 1852], [1367, 1852]], '다', 0.2252968620118887), ([[1494, 1784], [1547, 1784], [1547, 1853], [1494, 1853]], '승', 0.4360771120226481), ([[1952, 1812], [1998, 1812], [1998, 1848], [1952, 1848]], '0', 0.4622481924697155), ([[1252, 1798], [1446, 1798], [1446, 1906], [1252, 1906]], '나:', 0.016069537785565614), ([[214, 1921], [1782, 1921], [1782, 2056], [214, 2056]], '*배경 폐이지논 실제 유료 의외 받은 작품입니다', 0.2340855502984294), ([[979, 2021], [1045, 2021], [1045, 2074], [979, 2074]], '해', 0.2518472695415461), ([[1085, 2021], [1149, 2021], [1149, 2071], [1085, 2071]], '사', 0.9999713899751441), ([[1724, 2019], [1812, 2019], [1812, 2100], [1724, 2100]], "('", 0.05931598030523924), ([[1010, 2061], [1043, 2061], [1043, 2103], [1010, 2103]], '(', 0.944592248076507), ([[906, 2087], [945, 2087], [945, 2124], [906, 2124]], '0', 0.9998908072716972), ([[1004, 2104], [1066, 2104], [1066, 2161], [1004, 2161]], '애', 0.985053542949629), ([[1765, 2094], [1825, 2094], [1825, 2194], [1765, 2194]], '~', 0.06755702811535347), ([[1865, 2156], [1959, 2156], [1959, 2211], [1865, 2211]], '정말~', 0.9997314476705003), ([[823, 2171], [1172, 2171], [1172, 2312], [823, 2312]], '텔레그램', 0.4824775159358978), ([[1690, 2179], [1794, 2179], [1794, 2298], [1690, 2298]], '(*', 0.23745892672926744), ([[1825, 2210], [2001, 2210], [2001, 2275], [1825, 2275]], '욕심쟁이네', 0.6030526055263731), ([[1800, 2273], [1988, 2273], [1988, 2330], [1800, 2330]], '카루미장은~', 0.7941655405259005), ([[374, 2360], [429, 2360], [429, 2411], [374, 2411]], '3', 0.7027645610097331), ([[499, 2326], [1496, 2326], [1496, 2466], [499, 2466]], "룹'+오도//+굽입|*나,~-..어", 7.259623620801114e-06), ([[316, 2413], [432, 2413], [432, 2480], [316, 2480]], '8 7', 0.24250049889087677), ([[7, 2572], [76, 2572], [76, 2627], [7, 2627]], '05', 0.37446163422013945), ([[499, 2624], [681, 2624], [681, 2684], [499, 2684]], '내가 제대로', 0.9998909846098755), ([[515, 2687], [665, 2687], [665, 2744], [515, 2744]], '기분 중계', 0.6217571647095624), ([[75, 2753], [111, 2753], [111, 2793], [75, 2793]], '0', 0.9999885559409449), ([[470, 2747], [703, 2747], [703, 2803], [470, 2803]], '해출 테니까~~', 0.24750798711626498), ([[138, 2796], [176, 2796], [176, 2840], [138, 2840]], '|', 0.08733092996802672), ([[115, 2806], [170, 2806], [170, 2880], [115, 2880]], '댐', 0.018259356605781818), ([[258.6314569239196, 6.007548943637602], [325.7724203234207, -4.966792450144405], [368.3685430760804, 267.99245105636237], [301.2275796765793, 279.9667924501444]], '"', 0.041073356368404035), ([[330.6724061545952, 7.006710172122313], [392.42047066498213, -3.988942634660078], [438.3275938454048, 266.9932898278777], [377.57952933501787, 277.9889426346601]], '3', 0.01632830479795988), ([[1384.0892107341047, -30.846893448551768], [1461.6461738000678, 36.10748624573478], [1362.9107892658953, 147.84689344855175], [1285.3538261999322, 79.89251375426521]], '멸', 0.0024671044223285726), ([[1190.393592685446, 22.02631588263022], [1240.2430810428361, 13.111259220950341], [1263.606407314554, 150.97368411736977], [1213.7569189571639, 159.88874077904967]], '#', 0.02802641781963744), ([[1766.0868184120002, 29.059819931202195], [1818.8874094786397, 17.259251862000728], [1839.9131815879998, 118.9401800687978], [1787.1125905213603, 130.74074813799928]], '조', 0.5290053295182453), ([[1108.4692180361772, 42.012813348864945], [1187.6340722141706, 34.32003447709053], [1205.5307819638228, 270.98718665113506], [1127.3659277858294, 278.67996552290947]], '업', 0.12330015242974923), ([[202.68641379146905, 66.00702754975974], [256.4348431918705, 57.01351938394703], [294.313586208531, 302.99297245024025], [240.56515680812947, 311.986480616053]], '"', 0.008078079048519149), ([[1690.4745818708016, 116.01534999070584], [1760.844795916328, 106.19109949953457], [1787.5254181291984, 304.98465000929417], [1717.155204083672, 314.8089005004654]], '험', 0.0987353953888439), ([[1766.4176078067985, 133.02122695314011], [1823.5666207276001, 117.02009141963056], [1867.5823921932015, 285.9787730468599], [1810.4333792723999, 301.97990858036945]], '좀', 0.014707997964353903), ([[1891.076923076923, 208.3846153846154], [1964.6573370580218, 193.5906179967594], [1971.923076923077, 241.6153846153846], [1898.3426629419782, 255.4093820032406]], '0', 0.4361347378500433), ([[90.18789049589284, 653.0413268597499], [148.31519189844286, 636.1088486093429], [181.81210950410716, 766.9586731402501], [123.68480810155714, 783.8911513906571]], '양', 0.513504797689027), ([[62.10053565714001, 1598.0213023656543], [409.79738120663694, 1693.2326077668006], [360.89946434285997, 1846.9786976343457], [12.202618793363051, 1751.7673922331994]], '눈 시무라 !', 0.44445579216932896), ([[1717.0876568944764, 1791.0697698140964], [1762.848528137424, 1774.060303038033], [1793.9123431055236, 1867.9302301859036], [1747.151471862576, 1883.939696961967]], '6', 0.018632722153316905), ([[328.2343007468459, 2235.0367277671976], [384.52176255602814, 2211.0170328927693], [441.7656992531541, 2354.9632722328024], [385.47823744397186, 2379.9829671072307]], '6', 0.746948675385827), ([[245.35024891170124, 2232.019206607751], [323.1354122026595, 2210.0587551380086], [376.64975108829873, 2422.980793392249], [298.8645877973405, 2443.9412448619914]], '%', 0.30096688466278465), ([[1029.1625279556556, 2462.0390491255143], [1124.9683898995352, 2518.246353789955], [1083.8374720443444, 2586.9609508744857], [988.0316101004648, 2529.753646210045]], "'화채", 0.014662247137214778), ([[1805.0867687507282, 2560.0321162603395], [1889.5367320340931, 2510.0110847749484], [2005.9132312492718, 2727.9678837396605], [1921.4632679659069, 2777.9889152250516]], '출', 0.7037289588357112), ([[143.35289989173407, 2561.0526893395777], [173.86772183127462, 2555.095251759264], [186.64710010826593, 2629.9473106604223], [156.13227816872538, 2634.904748240736]], '8', 0.9756383931404002), ([[71.63508342877964, 2572.008327090274], [128.53436874819064, 2562.0178668239023], [169.36491657122036, 2806.991672909726], [111.46563125180937, 2816.9821331760977]], '전', 0.07323672665224024), ([[8.282186360830297, 2631.0322686052164], [67.16235840874, 2615.0848927404845], [103.7178136391697, 2757.9677313947836], [43.837641591259995, 2773.9151072595155]], '햇', 0.16930319207313005), ([[151.52530219401126, 2639.018807644542], [194.84852813742387, 2632.060303038033], [216.47469780598874, 2776.981192355458], [173.15147186257613, 2783.939696961967]], '유', 0.11824183141332245), ([[1630.3009300182812, 2734.0306022084064], [1691.1840916581134, 2718.0881148298786], [1726.6990699817188, 2863.9693977915936], [1666.8159083418866, 2880.9118851701214]], '품', 0.1008102400757318)]
[([[330, 96], [406, 96], [406, 128], [330, 128]], '스스노?', 0.5340782999992371), ([[307, 131], [429, 131], [429, 167], [307, 167]], '무슨 소리야?', 0.9995591037017164), ([[303, 167], [435, 167], [435, 203], [303, 203]], '부제는 우리가', 0.5096622595773057), ([[300, 202], [431, 202], [431, 240], [300, 240]], '쓰러뜨려야 할', 0.755827718814657), ([[315, 239], [421, 239], [421, 277], [315, 277]], '적이잡아?!', 0.9634947669679781), ([[516, 294], [596, 294], [596, 374], [516, 374]], '!?', 0.8981557273384091), ([[638, 582], [682, 582], [682, 614], [638, 614]], '후후', 0.9997743532303415), ([[137, 597], [209, 597], [209, 633], [137, 633]], '난 이제', 0.9479911268929604), ([[638, 618], [662, 618], [662, 650], [638, 650]], '후', 0.9998587419806917), ([[150, 636], [196, 636], [196, 668], [150, 668]], '달라', 0.9993788119781039), ([[225, 859], [311, 859], [311, 895], [225, 895]], '왜냐하면', 0.9997155070304871), ([[236, 898], [278, 898], [278, 926], [236, 926]], '나는', 0.9720408539549712), ([[681, 925], [721, 925], [721, 961], [681, 961]], '옛?', 0.9988895269252244)]
[([[577, 515], [707, 515], [707, 557], [577, 557]], '부제남에게', 0.4022809891903697), ([[558, 558], [726, 558], [726, 606], [558, 606]], '충성올 명세한', 0.5021704270560646), ([[601, 605], [685, 605], [685, 647], [601, 647]], '부하가', 0.9953103287403925), ([[565, 651], [717, 651], [717, 693], [565, 693]], '되엎으니까:!', 0.29961183837814837)]
[([[671, 85], [735, 85], [735, 121], [671, 121]], '부제님', 0.9754666847859419), ([[316, 98], [403, 98], [403, 138], [316, 138]], '부제남의', 0.5907455086708069), ([[661, 121], [745, 121], [745, 157], [661, 157]], '이야말로', 0.9997701048851013), ([[325, 135], [393, 135], [393, 173], [325, 173]], '말씀은', 0.9985459962079264), ([[657, 157], [749, 157], [749, 195], [657, 195]], '이 세상의', 0.993325271459246), ([[303, 173], [417, 173], [417, 209], [303, 209]], '절대적이야!', 0.8970269023811319), ([[659, 195], [747, 195], [747, 231], [659, 231]], '통지자에', 0.9763285517692566), ([[639, 229], [767, 229], [767, 267], [639, 267]], '어울리논 분!!', 0.6100974772167723), ([[193, 493], [279, 493], [279, 529], [193, 529]], '부제넘이', 0.7393292188644409), ([[704, 494], [748, 494], [748, 520], [704, 520]], '자  ', 0.2478370618231148), ([[151, 529], [321, 529], [321, 565], [151, 565]], '있는 곳으로 가자?', 0.43118184122199515), ([[686, 528], [756, 528], [756, 560], [686, 560]], '오토하', 0.9997628310422041), ([[137, 561], [333, 561], [333, 601], [137, 601]], '그리고 나처럼 충성올', 0.8615319056881656), ([[159, 601], [305, 601], [305, 637], [159, 637]], '망세하는 거야 ', 0.47891583421102263), ([[23, 743], [135, 743], [135, 779], [23, 779]], '내가 부제의', 0.9994477336796642), ([[9, 779], [149, 779], [149, 815], [9, 815]], '부하가 월 리가', 0.3979925085157123), ([[40, 813], [118, 813], [118, 853], [40, 853]], '없잡아!', 0.9063912034034729), ([[373, 827], [421, 827], [421, 863], [373, 863]], '농담', 0.9997939081314868), ([[19, 851], [139, 851], [139, 887], [19, 887]], '스스노! 너는', 0.47221792056238254), ([[352, 862], [440, 862], [440, 894], [352, 894]], '하지 마!!', 0.6744810055489985), ([[27, 887], [131, 887], [131, 925], [27, 925]], '조종당하고', 0.9519370742933241), ([[27, 923], [131, 923], [131, 961], [27, 961]], '있는 거야!', 0.21733531429349154), ([[529, 935], [549, 935], [549, 965], [529, 965]], '옷', 0.30870061876243327)]
[([[21, 57], [107, 57], [107, 95], [21, 95]], '부제님의', 0.5575253963470459), ([[30, 94], [98, 94], [98, 126], [30, 126]], '부하가', 0.9988641901486666), ([[414, 84], [462, 84], [462, 116], [414, 116]], '하아', 0.9999454624136204), ([[18, 132], [108, 132], [108, 164], [18, 164]], '된다는 건', 0.8949698242179506), ([[40, 168], [86, 168], [86, 200], [40, 200]], '정말', 0.9999900533582403), ([[15, 201], [109, 201], [109, 239], [15, 239]], '기분 중은', 0.9621690330814011), ([[15, 237], [113, 237], [113, 275], [15, 275]], '일이라구?', 0.9931903264010569), ([[663, 487], [775, 487], [775, 523], [663, 523]], '그걸 깨닫게', 0.1879669967332885), ([[685, 523], [753, 523], [753, 559], [685, 559]], '해줄게', 0.6993933842966842), ([[299, 735], [337, 735], [337, 771], [299, 771]], '!?', 0.9811763441136762)]
[([[161, 95], [247, 95], [247, 131], [161, 131]], '까아앗?!', 0.6437809268909747), ([[292, 0], [594, 0], [594, 154], [292, 154]], '1"  "', 0.20465753027935984), ([[675, 285], [723, 285], [723, 321], [675, 321]], '으옷;', 0.49464462527821274), ([[9, 337], [83, 337], [83, 373], [9, 373]], '여긴 투', 0.9294252798337705), ([[223, 355], [267, 355], [267, 391], [223, 391]], '후후', 0.9996494405139158), ([[3, 373], [89, 373], [89, 409], [3, 409]], '그룹데의', 0.6125795841217041), ([[224, 392], [248, 392], [248, 424], [224, 424]], '후', 0.9999274028602976), ([[3, 409], [91, 409], [91, 445], [3, 445]], '본거지야', 0.9993801116943359), ([[346, 508], [392, 508], [392, 540], [346, 540]], '여긴', 0.9735777128257723), ([[336, 542], [400, 542], [400, 572], [336, 572]], "대체:'", 0.3542443513870239), ([[180, 922], [262, 922], [262, 952], [180, 952]], '스즈노!!', 0.20453129437898043)]
