2353715
29
[([[132, 50], [894, 50], [894, 298], [132, 298]], "'5고뻐)", 0.0021362216420729094), ([[108, 1298], [207, 1298], [207, 1334], [108, 1334]], '이-', 0.002844893519940048), ([[112, 1326], [204, 1326], [204, 1382], [112, 1382]], '[기', 0.01600886731219618), ([[108, 1376], [206, 1376], [206, 1402], [108, 1402]], '"시미 1}', 0.07979530356068196), ([[121, 1407], [195, 1407], [195, 1425], [121, 1425]], '18#초표끊0', 0.07111521554560513), ([[103, 1419], [207, 1419], [207, 1439], [103, 1439]], '{꿈스 : ]유4', 0.0046892382869947674)]
[([[894, 128], [996, 128], [996, 160], [894, 160]], '크흐흐  ', 0.3964396614104839), ([[809, 541], [919, 541], [919, 577], [809, 577]], '부드럽고', 0.7252423763275146), ([[779, 572], [945, 572], [945, 612], [779, 612]], '맛있어 보여: ', 0.9267811033560381), ([[145, 749], [189, 749], [189, 789], [145, 789]], '10', 0.11769861540999887), ([[1013, 1447], [1037, 1447], [1037, 1467], [1013, 1467]], '10', 0.9999998314126102)]
[([[156, 1260], [269, 1260], [269, 1334], [156, 1334]], "'아응", 0.357734224919297), ([[583, 1335], [625, 1335], [625, 1413], [583, 1413]], '학', 0.6494819793583737)]
[([[237, 409], [301, 409], [301, 505], [237, 505]], '3', 0.37299658397591884), ([[676, 498], [714, 498], [714, 530], [676, 530]], '부,', 0.9705615262135294), ([[654, 528], [734, 528], [734, 560], [654, 560]], '부끄럽', 0.9540551234341962), ([[652, 560], [732, 560], [732, 592], [652, 592]], '탓짜: .', 0.22774671969004026), ([[1010, 1442], [1036, 1442], [1036, 1466], [1010, 1466]], '12', 1.0)]
[([[674, 84], [730, 84], [730, 116], [674, 116]], '어떤', 0.9999189947181572), ([[642, 112], [763, 112], [763, 150], [642, 150]], '느낌이야?', 0.9993020636577022), ([[62, 156], [140, 156], [140, 186], [62, 186]], '거기가', 0.9995920823183462), ([[46, 186], [152, 186], [152, 218], [46, 218]], '찌렇찌료', 0.03479808196425438), ([[57, 215], [137, 215], [137, 251], [57, 251]], '햇째: .', 0.5820085845127437), ([[327, 547], [395, 547], [395, 583], [327, 583]], '으맛!', 0.2534826557388991), ([[933, 615], [989, 615], [989, 651], [933, 651]], '슬술', 0.7396761364587766), ([[483, 637], [563, 637], [563, 673], [483, 673]], '넣울게', 0.5448886241395855), ([[919, 647], [1003, 647], [1003, 683], [919, 683]], '괜찮은', 0.8485064233915982), ([[895, 677], [1013, 677], [1013, 713], [895, 713]], '느낌이네:', 0.9952917975158118), ([[444, 960], [474, 960], [474, 992], [444, 992]], '으', 0.9979168308114481), ([[436, 990], [460, 990], [460, 1022], [436, 1022]], '응', 0.9989650544462734), ([[1004, 1448], [1030, 1448], [1030, 1472], [1004, 1472]], '13', 0.9999997471189183)]
[([[262, 746], [294, 746], [294, 774], [262, 774]], '10', 0.41336169196802264), ([[615, 1173], [729, 1173], [729, 1321], [615, 1321]], '벼', 0.01976627216572524), ([[178, 1294], [208, 1294], [208, 1342], [178, 1342]], '새', 0.4359662008946543), ([[1007, 1447], [1031, 1447], [1031, 1467], [1007, 1467]], '1-', 0.3809490895811568), ([[226.0759931346035, 1278.05354095759], [275.51177012354674, 1243.0163860726707], [363.9240068653965, 1379.94645904241], [313.48822987645326, 1414.9836139273293]], '4', 0.09690205529231921)]
[([[40, 656], [90, 656], [90, 770], [40, 770]], '응', 0.5622160793084277), ([[84, 720], [114, 720], [114, 756], [84, 756]], '5', 0.08108384371929844), ([[769, 825], [829, 825], [829, 909], [769, 909]], '생', 0.15327544395465598), ([[274, 1032], [404, 1032], [404, 1128], [274, 1128]], '으응', 0.1784204747721866), ([[21, 1445], [45, 1445], [45, 1465], [21, 1465]], '15', 0.9999984827137908)]
[([[484, 206], [508, 206], [508, 238], [484, 238]], '0', 0.9999984502798362), ([[1002, 1448], [1028, 1448], [1028, 1472], [1002, 1472]], '16', 0.9999994942378553), ([[512.3446046887868, 197.03590266796056], [556.5739474671456, 191.2101218172861], [569.6553953112132, 299.96409733203944], [525.4260525328544, 305.7898781827139]], '능', 0.05445461194826451), ([[449.1690477599767, 1025.0314304316926], [566.0, 1102.0], [513.8309522400233, 1178.9685695683074], [398.0, 1102.0]], '1%%', 0.6738686648136256)]
[([[48, 78], [166, 78], [166, 156], [48, 156]], '아응', 0.10213218722991353), ([[535, 89], [626, 89], [626, 130], [535, 130]], '허리가', 0.9995636589883363), ([[523, 127], [639, 127], [639, 165], [523, 165]], '이상하게', 0.9454721212387085), ([[695, 137], [759, 137], [759, 179], [695, 179]], '아', 0.9281685136034099), ([[542, 164], [608, 164], [608, 196], [542, 196]], '돼째.', 0.16982670231540514), ([[728, 186], [760, 186], [760, 218], [728, 218]], '0', 0.6729173775142198), ([[277, 797], [405, 797], [405, 883], [277, 883]], '엄청(', 0.07052352081366337), ([[55, 941], [91, 941], [91, 989], [55, 989]], '8', 0.47611036082182423), ([[68, 982], [122, 982], [122, 1066], [68, 1066]], '흙', 0.6352956374535133), ([[62, 1274], [212, 1274], [212, 1376], [62, 1376]], '아웃', 0.10773153177602586)]
[([[266, 62], [332, 62], [332, 110], [266, 110]], '아', 0.9698374596711155), ([[298, 114], [328, 114], [328, 148], [298, 148]], '0', 0.999998569489037), ([[121, 631], [183, 631], [183, 667], [121, 667]], '기분', 0.9999066038611815), ([[93, 663], [205, 663], [205, 701], [93, 701]], '중앗짜..', 0.18542952580750346), ([[669, 1031], [721, 1031], [721, 1067], [669, 1067]], '아응', 0.9792481509318803), ([[597, 1095], [679, 1095], [679, 1133], [597, 1133]], '달림:.', 0.49876657128334045), ([[931, 1345], [1049, 1345], [1049, 1383], [931, 1383]], '헤헤혜넷', 0.08849428594112396), ([[21, 1443], [45, 1443], [45, 1463], [21, 1463]], '18', 0.9999987355947788), ([[515.7618846585278, 544.0855695414002], [578.6697793233947, 513.024957066512], [632.2381153414722, 633.9144304585998], [569.3302206766053, 664.975042933488]], '듯', 0.06197367869567594)]
[([[488, 478], [522, 478], [522, 508], [488, 508]], '어', 0.9999827147277109), ([[423, 509], [587, 509], [587, 547], [423, 547]], '엄정나다짜  .', 0.279725004964792), ([[449, 543], [513, 543], [513, 581], [449, 581]], '달림:', 0.8864747322785583), ([[49, 675], [139, 675], [139, 711], [49, 711]], '격렬하', 0.6451474916857266), ([[59, 709], [131, 709], [131, 745], [59, 745]], '탓짜!', 0.23403526990973916), ([[324, 1040], [430, 1040], [430, 1118], [324, 1118]], '으응', 0.7204017631765115), ([[1011, 1447], [1035, 1447], [1035, 1467], [1011, 1467]], '19', 0.9999964596665606)]
[]
[([[160, 1272], [312, 1272], [312, 1376], [160, 1376]], '아옷', 0.2657567277485257), ([[1016, 1416], [1042, 1416], [1042, 1440], [1016, 1440]], '20', 0.9999855015148964), ([[238.94218713243478, 264.0467145965131], [369.1582515816118, 300.58486448209607], [339.0578128675652, 400.9532854034869], [207.84174841838816, 364.41513551790393]], '으앗', 0.10019997773087513), ([[60.013606076167854, 717.0816364570071], [174.73576082605518, 733.2390207990181], [163.98639392383214, 788.9183635429929], [49.26423917394481, 771.7609792009819]], '아이', 0.9590792643987992)]
[([[25, 1159], [47, 1159], [47, 1179], [25, 1179]], '21', 0.9999591178017129), ([[181, 1159], [201, 1159], [201, 1189], [181, 1189]], '0', 0.7817511005892221), ([[132, 1152], [206, 1152], [206, 1274], [132, 1274]], '3%', 0.005732081117474797), ([[437.36434543220014, 777.0202232855421], [506.7554111272939, 756.0285731197205], [559.6356545677999, 953.9797767144579], [490.2445888727061, 973.9714268802795]], '흙', 0.6956392031697511), ([[51.43646443242599, 1202.0265229837155], [95.455213750218, 1197.179144999128], [107.56353556757401, 1319.9734770162845], [63.544786249782, 1324.820855000872]], '%', 0.189438813039974), ([[154.31030298491004, 1339.0340601475914], [200.4750924520485, 1316.016140954887], [262.68969701508996, 1453.9659398524086], [216.5249075479515, 1476.983859045113]], '7', 0.2555626296057767)]
[([[758, 100], [790, 100], [790, 134], [758, 134]], '0', 0.9974641207751489), ([[1277, 289], [1401, 289], [1401, 381], [1277, 381]], '으응', 0.4612709846266157), ([[731, 523], [859, 523], [859, 615], [731, 615]], '으욕', 0.2699203843818341), ([[216, 724], [280, 724], [280, 776], [216, 776]], '하', 0.9977967966825076), ([[1109, 723], [1243, 723], [1243, 807], [1109, 807]], '아을', 0.09365704948763391), ([[25, 1159], [47, 1159], [47, 1179], [25, 1179]], '21', 0.9999632481459069), ([[132, 1196], [214, 1196], [214, 1226], [132, 1226]], '더, 더는', 0.8866178373141157), ([[144, 1222], [202, 1222], [202, 1252], [144, 1252]], '산다!', 0.7599199328633736), ([[2070, 1416], [2096, 1416], [2096, 1440], [2070, 1440]], '20', 0.999986428741752), ([[53.422495709127176, 1220.0334630984937], [92.15358166336638, 1215.1348947240635], [105.57750429087282, 1315.9665369015063], [66.84641833663362, 1321.8651052759365]], '%', 0.037982161440691664), ([[1210.291290442026, 1306.8204194862285], [1354.64483497099, 1268.8604543546073], [1367.708709557974, 1328.1795805137715], [1223.35516502901, 1365.1395456453927]], '아아', 0.9409022549788583)]
[([[359, 121], [481, 121], [481, 159], [359, 159]], '달림의 것', 0.9656309308748948), ([[387, 155], [449, 155], [449, 191], [387, 191]], '잔뜩', 0.9998481904269146), ([[660, 162], [750, 162], [750, 210], [660, 210]], '산다', 0.8480925095193887), ([[343, 187], [475, 187], [475, 225], [343, 225]], '나온닷짜:', 0.5995103932621666), ([[618, 200], [760, 200], [760, 278], [618, 278]], '내라무!', 0.16215604543685913), ([[218, 732], [278, 732], [278, 762], [218, 762]], '내가', 0.9994037584630014), ([[205, 761], [293, 761], [293, 797], [205, 797]], '부탁한', 0.8822372227396758), ([[203, 795], [293, 795], [293, 831], [203, 831]], '약과는', 0.9682449009019312), ([[165, 829], [333, 829], [333, 865], [165, 865]], '조금 다른 것', 0.9159382928046229), ([[178, 860], [317, 860], [317, 899], [178, 899]], '같다짜 .?', 0.29601763352569194), ([[1007, 1027], [1031, 1027], [1031, 1047], [1007, 1047]], '22', 0.9999996628252286), ([[886, 1208], [920, 1208], [920, 1240], [886, 1240]], '뭐', 0.9999979734431044), ([[833, 1239], [973, 1239], [973, 1277], [833, 1277]], '괜찮다짜 .', 0.4630241664247817), ([[119, 1277], [207, 1277], [207, 1315], [119, 1315]], '달림과', 0.95872503392195), ([[105, 1311], [219, 1311], [219, 1347], [105, 1347]], '러브러브', 0.9829757809638977), ([[89, 1345], [233, 1345], [233, 1383], [89, 1383]], '햇으니까9', 0.9904648832283011)]
[([[588, 124], [642, 124], [642, 152], [588, 152]], '아~', 0.8800663440973918), ([[547, 153], [685, 153], [685, 189], [547, 189]], '시원하다~', 0.9885786804486517), ([[54, 643], [173, 643], [173, 686], [54, 686]], '후후롯9', 0.21388764679431915), ([[881, 953], [967, 953], [967, 989], [881, 989]], '달림9', 0.9257879890566422), ([[211, 1303], [283, 1303], [283, 1339], [211, 1339]], '좀 더', 0.9649266004562378), ([[181, 1337], [319, 1337], [319, 1373], [181, 1373]], '하짓짜~ 9', 0.29563516887500296), ([[25, 1451], [49, 1451], [49, 1471], [25, 1471]], '23', 0.9999991570631338)]
[([[581, 253], [719, 253], [719, 291], [581, 291]], '라, 라무:.', 0.35380472172864735), ([[587, 287], [713, 287], [713, 323], [587, 323]], '이제 그만', 0.5836671379061031), ([[609, 321], [691, 321], [691, 357], [609, 357]], '화취~', 0.7039328217506409), ([[817, 365], [927, 365], [927, 409], [817, 409]], '와-앗!', 0.4989488231328254), ([[187, 491], [315, 491], [315, 527], [187, 527]], '안된다짜!', 0.5899810394160888), ([[169, 523], [333, 523], [333, 561], [169, 561]], '좀 더 사랑을', 0.49005111175040944), ([[167, 557], [331, 557], [331, 595], [167, 595]], '나누자짜~ 9', 0.5052565023008015), ([[970, 1002], [1032, 1002], [1032, 1028], [970, 1028]], '으~욕', 0.9727250421818313), ([[100, 1038], [196, 1038], [196, 1070], [100, 1070]], '나 대체', 0.9988231088098202), ([[90, 1066], [204, 1066], [204, 1106], [90, 1106]], '월한거람', 0.4735957086086273), ([[595, 1243], [679, 1243], [679, 1279], [595, 1279]], '이러면', 0.9999425997408602), ([[564, 1273], [711, 1273], [711, 1316], [564, 1316]], '역효과잡아', 0.6811962844400591), ([[614, 1312], [658, 1312], [658, 1340], [614, 1340]], '~', 0.9949907963518321), ([[97, 1421], [113, 1421], [113, 1449], [97, 1449]], '끝', 0.9983906073930626), ([[1002, 1444], [1028, 1444], [1028, 1468], [1002, 1468]], '24', 0.9999992413568111)]
[]
[([[385, 285], [667, 285], [667, 369], [385, 369]], '367 초', 0.03251161540740629), ([[197, 461], [765, 461], [765, 499], [197, 499]], '속미하#7#753+하*4이비좁<합하충터스', 0.00019554659544737145), ([[199, 509], [875, 509], [875, 547], [199, 547]], '2고창<하]숨 뒤초익0<3++ < 3그단6충0*.', 0.00011584647034720986), ([[199, 555], [657, 555], [657, 595], [199, 595]], '충소/미습 주터선버*?반손#532.', 0.0006558503285686251), ([[197, 604], [345, 604], [345, 642], [197, 642]], '*#0 총합', 0.037267953549079046), ([[143, 1123], [411, 1123], [411, 1159], [143, 1159]], '주권하트 : 2015./2.31', 0.08090156318275775), ([[139, 1163], [181, 1163], [181, 1203], [139, 1203]], '숲', 0.9657196545615534), ([[193, 1165], [385, 1165], [385, 1203], [193, 1203]], '8: 53살니20', 0.0031862210536555895), ([[141, 1205], [397, 1205], [397, 1245], [141, 1245]], '# {:8 팀 불', 0.06868461774958755), ([[137, 1343], [385, 1343], [385, 1384], [137, 1384]], '묘,교미+.어 교7 =라명하7', 3.4781786464747904e-05), ([[389, 1316], [624, 1316], [624, 1373], [389, 1373]], '[뭐이-학기', 7.146538687391168e-05), ([[128, 1387], [619, 1387], [619, 1429], [128, 1429]], '18# 차 뼈 0 5 0 2#서: 2":주 단 이1', 0.012405947643973491), ([[1028, 1468], [1054, 1468], [1054, 1492], [1028, 1492]], '26', 0.9999982298328214)]
[]
[([[427, 963], [705, 963], [705, 1005], [427, 1005]], '*시/:---아신', 0.0004435188488324983)]
[([[250.3300583289099, 1124.037519127298], [340.94189788028507, 1181.1670236616424], [312.6699416710901, 1224.962480872702], [222.05810211971493, 1167.8329763383576]], '리동>', 0.000771588164455572), ([[99.15889360201312, 1182.3906723224156], [191.42962766803504, 1132.076824799111], [214.8411063979869, 1179.6093276775844], [122.57037233196496, 1230.923175200889]], ':멋더7', 7.149095472414047e-05), ([[215.95144619575154, 1362.036880054477], [305.0462165294816, 1314.0350832473414], [325.04855380424846, 1356.963119945523], [235.95378347051837, 1403.9649167526586]], '스-뱀', 0.002882241200942348), ([[137.38736713998676, 1315.0376738338928], [222.91038566955137, 1369.0576027502882], [199.61263286001324, 1405.9623261661072], [114.08961433044863, 1351.9423972497118]], '시 업', 0.015016540659832675)]
[([[369, 485], [449, 485], [449, 525], [369, 525]], '으 응', 0.5697124600410461), ([[607, 485], [735, 485], [735, 521], [607, 521]], '할 거닷짜', 0.37967997205943294), ([[367, 521], [453, 521], [453, 557], [367, 557]], '알루어', 0.16364147273523613), ([[433, 739], [521, 739], [521, 777], [433, 777]], '라무껑', 0.27771884945740305), ([[426, 764], [508, 764], [508, 812], [426, 812]], '문서워  ', 0.35324143551834397), ([[863, 1005], [983, 1005], [983, 1043], [863, 1043]], '고맙닷짜', 0.7178282737731934), ([[875, 1039], [965, 1039], [965, 1075], [875, 1075]], '란장 9', 0.6322625279426575), ([[122, 1128], [208, 1128], [208, 1160], [122, 1160]], '잘 부탁', 0.997650053431102), ([[138, 1158], [194, 1158], [194, 1188], [138, 1188]], '햇째', 0.9957459077532655)]
[([[263, 283], [381, 283], [381, 321], [263, 321]], '란장에게', 0.48921605944633484), ([[915, 85], [979, 85], [979, 319], [915, 319]], '"', 0.4220970602379772), ([[263, 317], [379, 317], [379, 353], [263, 353]], '부탁해문', 0.9624648094177246), ([[279, 349], [365, 349], [365, 385], [279, 385]], '미약이', 0.9998237399363037), ([[279, 383], [365, 383], [365, 419], [279, 419]], '드디어', 0.9999572594773003), ([[417, 673], [499, 673], [499, 709], [417, 709]], '완성이', 0.9986366222942945), ([[416, 706], [478, 706], [478, 738], [416, 738]], '탓짜.', 0.3369502598273148), ([[888, 1172], [971, 1172], [971, 1210], [888, 1210]], '이결로', 0.9059723165281981), ([[889, 1205], [973, 1205], [973, 1241], [889, 1241]], '달림은', 0.9870986430285823), ([[168, 1226], [224, 1226], [224, 1256], [168, 1256]], '내게', 0.7913378709450303), ([[153, 1255], [239, 1255], [239, 1291], [153, 1291]], '올라당', 0.4601176117042045), ([[155, 1287], [235, 1287], [235, 1323], [155, 1323]], '넘어갈', 0.8722863624246532), ([[150, 1320], [242, 1320], [242, 1352], [150, 1352]], '거야짜!', 0.3919938802719116)]
[([[86, 60], [132, 60], [132, 88], [86, 88]], '아앗', 0.6264232134396664), ([[937, 103], [993, 103], [993, 139], [937, 139]], '달림', 0.9876853547888235), ([[940, 136], [992, 136], [992, 166], [940, 166]], '이거', 0.9999645968308075), ([[921, 165], [1011, 165], [1011, 201], [921, 201]], '먹엇째!', 0.4991028606891632), ([[451, 197], [509, 197], [509, 235], [451, 235]], '무슨', 0.9998608339426467), ([[440, 232], [520, 232], [520, 264], [440, 264]], '짓이야', 0.9372914360459372), ([[445, 259], [515, 259], [515, 295], [445, 295]], '라무!', 0.9840409045666093), ([[421, 583], [478, 583], [478, 622], [421, 622]], '어달', 0.6598266135299966), ([[891, 571], [1009, 571], [1009, 607], [891, 607]], '수상한 건', 0.9971098962356965), ([[424, 618], [478, 618], [478, 646], [424, 646]], '화서', 0.9523769566335214), ([[899, 603], [1003, 603], [1003, 639], [899, 639]], '아냉째~', 0.20515164732933044), ([[424, 648], [478, 648], [478, 678], [424, 678]], '그게', 0.9615368110694474), ([[51, 661], [161, 661], [161, 697], [51, 697]], '수상하지', 0.9996823668479919), ([[64, 694], [146, 694], [146, 726], [64, 726]], '않다는', 0.9797168811324432), ([[70, 726], [142, 726], [142, 758], [70, 758]], '건데!!', 0.28248530626296997), ([[280, 1070], [358, 1070], [358, 1102], [280, 1102]], '이렇게', 0.8631777624837279), ([[280, 1102], [360, 1102], [360, 1134], [280, 1134]], '뒷으니', 0.6048875465263333), ([[904, 1094], [988, 1094], [988, 1122], [904, 1122]], '에헤해', 0.03357148236565815), ([[267, 1131], [375, 1131], [375, 1167], [267, 1167]], '실력행사', 0.99831622838974), ([[911, 1123], [969, 1123], [969, 1159], [911, 1159]], '혜넷', 0.4224386452330458), ([[286, 1164], [354, 1164], [354, 1196], [286, 1196]], '맛짜!', 0.2322040203892137)]
[([[531, 165], [665, 165], [665, 203], [531, 203]], '잇 저기에', 0.6467937543282741), ([[555, 199], [645, 199], [645, 237], [555, 237]], '미인이', 0.9773571850141434), ([[545, 235], [653, 235], [653, 275], [545, 275]], '있다짜!', 0.4550335109233856), ([[356, 396], [392, 396], [392, 426], [356, 426]], '어', 0.9537988175759803), ([[320, 430], [432, 430], [432, 462], [320, 462]], '어디에?', 0.9882696866989136), ([[59, 785], [101, 785], [101, 823], [59, 823]], '으응', 0.41835765303702555), ([[764, 806], [822, 806], [822, 838], [764, 838]], '이답', 0.21812987968483652), ([[505, 985], [561, 985], [561, 1021], [505, 1021]], '???', 0.9991495027510877), ([[539, 1021], [553, 1021], [553, 1045], [539, 1045]], '2', 0.6908881944360736), ([[907, 1145], [947, 1145], [947, 1181], [907, 1181]], '뭐,', 0.9870362714956558), ([[883, 1175], [967, 1175], [967, 1211], [883, 1211]], '뭐하는', 0.9171158784389931), ([[873, 1207], [979, 1207], [979, 1243], [873, 1243]], '짓이야 .', 0.6116219928162139), ([[20, 1278], [177, 1278], [177, 1323], [20, 1323]], '으흐흐흐릇', 0.256060318117222)]
[([[841, 133], [939, 133], [939, 169], [841, 169]], '헤혜헤:', 0.2449358105659485), ([[483, 239], [561, 239], [561, 275], [483, 275]], '라무~', 0.9999704050870449), ([[815, 517], [949, 517], [949, 553], [815, 553]], '이하하히햇:', 0.20330112351358057), ([[111, 881], [219, 881], [219, 925], [111, 925]], '아입9', 0.2792915165941107), ([[92, 1100], [146, 1100], [146, 1132], [92, 1132]], '약이', 0.9903251320843478), ([[76, 1130], [161, 1130], [161, 1166], [76, 1166]], '효과가', 0.9998175457887728), ([[74, 1164], [164, 1164], [164, 1196], [74, 1196]], '있는 거', 0.41131145202315716), ([[75, 1193], [161, 1193], [161, 1229], [75, 1229]], '같다짜', 0.1595944089044948), ([[893, 1289], [997, 1289], [997, 1325], [893, 1325]], '변함없이', 0.8404192328453064), ([[915, 1319], [975, 1319], [975, 1355], [915, 1355]], '중은', 0.2765565361292211), ([[881, 1351], [1007, 1351], [1007, 1387], [881, 1387]], '젖통이야~', 0.9766728713467268)]
[([[844, 348], [942, 348], [942, 396], [844, 396]], '아웃 .', 0.4339161813259125), ([[915, 887], [973, 887], [973, 925], [915, 925]], '으옷', 0.3864089940380246)]
