2353399
16
[([[766, 500], [1200, 500], [1200, 628], [766, 628]], '@@집#없터', 0.0007759172988964332)]
[([[289, 1409], [313, 1409], [313, 1427], [289, 1427]], '모구', 0.2504135416002803)]
[]
[]
[]
[]
[]
[]
[]
[]
[([[53, 125], [93, 125], [93, 169], [53, 169]], '이', 0.5665227912966344), ([[11, 167], [135, 167], [135, 227], [11, 227]], '빵빵하게', 0.02828199602663517), ([[39, 211], [107, 211], [107, 273], [39, 273]], '#문', 0.19616308519938255), ([[11, 256], [138, 256], [138, 322], [11, 322]], '불일데서', 0.16354599595069885), ([[19, 303], [127, 303], [127, 363], [19, 363]], '한발찍-', 0.18485909700393677), ([[7, 349], [143, 349], [143, 411], [7, 411]], "쌀 때마대 '", 0.1350694805998062), ([[25, 397], [121, 397], [121, 457], [25, 457]], '별도로', 0.9930350876586735), ([[662, 400], [782, 400], [782, 454], [662, 454]], '그래서:', 0.8133155725781638), ([[1164, 402], [1228, 402], [1228, 452], [1164, 452]], '"뭐', 0.9159683577066318), ([[0, 444], [152, 444], [152, 500], [0, 500]], '기@만 제니틀', 0.16444976006904702), ([[684, 446], [754, 446], [754, 494], [684, 494]], '이제', 0.9877612810911715), ([[1148, 444], [1244, 444], [1244, 500], [1148, 500]], '그렇게', 0.289969005799728), ([[26, 492], [122, 492], [122, 544], [26, 544]], '내에계', 0.3931538994077653), ([[651, 489], [791, 489], [791, 549], [651, 549]], '어절건데?', 0.15153549054162874), ([[1113, 489], [1280, 489], [1280, 551], [1113, 551]], '나양진 양네', 0.131855953696599), ([[21, 537], [129, 537], [129, 597], [21, 597]], '지불해 ', 0.41196611523628235), ([[1129, 535], [1263, 535], [1263, 595], [1129, 595]], '이수영복', 0.8974663019180298), ([[38, 1158], [132, 1158], [132, 1210], [38, 1210]], '그리', 0.38262121307778263), ([[823, 1149], [917, 1149], [917, 1209], [823, 1209]], '당신도', 0.998254995519411), ([[9, 1201], [159, 1201], [159, 1261], [9, 1261]], '생-버려움', 0.11442655117951765), ([[794, 1198], [946, 1198], [946, 1250], [794, 1250]], '막터 게로의', 0.4243144453556579), ([[38, 1250], [132, 1250], [132, 1306], [38, 1306]], '경은엔', 0.1811950487179073), ([[796, 1242], [944, 1242], [944, 1298], [796, 1298]], '후원자라면', 0.9995603244019962), ([[20, 1296], [146, 1296], [146, 1352], [20, 1352]], '낳줌노', 0.02983686125871868), ([[787, 1284], [952, 1284], [952, 1348], [787, 1348]], '알고 엿젠지', 0.0946333820332668), ([[36, 1342], [134, 1342], [134, 1396], [36, 1396]], '어치페', 0.047262238999167525), ([[810, 1335], [932, 1335], [932, 1389], [810, 1389]], '인조인간', 0.9907801151275635), ([[24, 1386], [146, 1386], [146, 1442], [24, 1442]], '돌보는권', 0.6061875820159912), ([[822, 1382], [918, 1382], [918, 1436], [822, 1436]], '이라도', 0.9992726873980545), ([[0, 1431], [179, 1431], [179, 1491], [0, 1491]], '닥터 게로내<', 0.04021445559892186), ([[781, 1425], [957, 1425], [957, 1485], [781, 1485]], '임신하다는결 ', 0.340770740734164)]
[([[1139, 45], [1275, 45], [1275, 111], [1139, 111]], '춤 해체', 0.06297072768211365), ([[1168, 100], [1246, 100], [1246, 152], [1168, 152]], '자:', 0.6395201436628721), ([[521, 165], [625, 165], [625, 225], [521, 225]], '건방진', 0.9882509994813298), ([[820, 146], [852, 146], [852, 198], [820, 198]], '흡', 0.3484299112095677), ([[1135, 145], [1280, 145], [1280, 211], [1135, 211]], '해내밀에', 0.26442772150039673), ([[495, 217], [645, 217], [645, 277], [495, 277]], '가슴 녀석', 0.9919460470333367), ([[519, 265], [629, 265], [629, 329], [519, 329]], '우유가', 0.9562612134977998), ([[483, 317], [659, 317], [659, 379], [483, 379]], '[잔뜩 나오게', 0.4267771215323084), ([[481, 367], [666, 367], [666, 433], [481, 433]], '만들어 주셋 |', 0.20104117873441757), ([[444, 474], [614, 474], [614, 594], [444, 594]], '(부비', 0.09368936145554684), ([[33, 777], [77, 777], [77, 829], [33, 829]], '켓;', 0.10167369490065319), ([[1145, 1137], [1249, 1137], [1249, 1199], [1145, 1199]], '참고로', 0.835274896560613), ([[599, 1173], [705, 1173], [705, 1237], [599, 1237]], '불말이', 0.32331917612929384), ([[1147, 1189], [1249, 1189], [1249, 1249], [1147, 1249]], '필로로', 0.5196424720969642), ([[605, 1227], [689, 1227], [689, 1287], [605, 1287]], '텅빌', 0.8839792143130364), ([[1159, 1237], [1235, 1237], [1235, 1299], [1159, 1299]], '싸싸로', 0.1792025155379347), ([[595, 1279], [707, 1279], [707, 1339], [595, 1339]], '때까지:', 0.37972745299339294), ([[1157, 1291], [1239, 1291], [1239, 1351], [1157, 1351]], "'1@만", 0.5031946897506714), ([[557, 1327], [745, 1327], [745, 1391], [557, 1391]], '콤처출-니깐', 0.00413060473276723), ([[1146, 1346], [1252, 1346], [1252, 1400], [1146, 1400]], '제니야', 0.9990900445210631), ([[289, 1409], [313, 1409], [313, 1427], [289, 1427]], '소구', 0.2847537017676233), ([[565, 1381], [737, 1381], [737, 1443], [565, 1443]], '각오하라고', 0.3410312667252499), ([[42, 1466], [114, 1466], [114, 1522], [42, 1522]], '잔뜩', 0.9996606504427736), ([[14, 1506], [138, 1506], [138, 1632], [14, 1632]], '양출넷', 0.0009209641655902012), ([[0, 1553], [171, 1553], [171, 1744], [0, 1744]], '졸', 0.005237350066168711), ([[277, 1657], [321, 1657], [321, 1711], [277, 1711]], '8', 0.45072307042335424), ([[1144.3235688782509, 433.0327594459837], [1230.8890667456294, 500.7587267124992], [1192.6764311217491, 549.9672405540163], [1106.1109332543706, 483.2412732875008]], '[파값;', 0.0036190105602145195), ([[1128.3300131534902, 607.032136796298], [1214.8687417436477, 675.6507828717835], [1175.6699868465098, 724.967863203702], [1089.1312582563523, 656.3492171282165]], '엔시', 0.010028672637994113)]
[([[4, 0], [148, 0], [148, 182], [4, 182]], '뼈', 0.5165289926684444), ([[29, 113], [65, 113], [65, 167], [29, 167]], '얼', 0.8963312457825658), ([[681, 33], [791, 33], [791, 159], [681, 159]], '게', 0.6321300375945249), ([[1132, 40], [1278, 40], [1278, 162], [1132, 162]], '헌해지', 0.4271244239999224), ([[9, 163], [141, 163], [141, 225], [9, 225]], '하면서:', 0.7927882671356201), ([[128, 19], [279, 19], [279, 289], [128, 289]], '알', 0.12182449144038188), ([[534, 150], [636, 150], [636, 206], [534, 206]], '"옷0', 0.06104136462049515), ([[1132, 142], [1271, 142], [1271, 215], [1132, 215]], '흔들고만', 0.41236016154289246), ([[1132, 199], [1274, 199], [1274, 263], [1132, 263]], '있늘거야;', 0.13174981539085703), ([[0, 206], [150, 206], [150, 334], [0, 334]], '@택', 0.12578345113911962), ([[1149, 251], [1255, 251], [1255, 313], [1149, 313]], "'빨리", 0.9691390488152976), ([[23, 315], [131, 315], [131, 379], [23, 379]], '정지로', 0.34323671066327205), ([[1129, 301], [1275, 301], [1275, 361], [1129, 361]], '가란 말', 0.42436334913845336), ([[9, 355], [143, 355], [143, 489], [9, 489]], '양뜻햇', 0.0010756093902257464), ([[24, 470], [172, 470], [172, 690], [24, 690]], '걱', 0.33847672611608814), ([[141, 645], [243, 645], [243, 707], [141, 707]], '@응', 0.06881709943036067), ([[145, 689], [235, 689], [235, 811], [145, 811]], '웬', 0.17281307144281133), ([[137, 799], [247, 799], [247, 861], [137, 861]], '제니야=', 0.17357666790485382), ([[407, 981], [443, 981], [443, 1029], [407, 1029]], '오', 0.9999963045154381), ([[467, 979], [503, 979], [503, 1019], [467, 1019]], '오', 0.9999988079074598), ([[390, 1028], [510, 1028], [510, 1084], [390, 1084]], '조인닷히', 0.39093777537345886), ([[576, 976], [643, 976], [643, 1091], [576, 1091]], '붓', 0.16293653500589755), ([[1167, 981], [1259, 981], [1259, 1101], [1167, 1101]], '기텔', 0.006348842706791375), ([[1140, 1082], [1280, 1082], [1280, 1154], [1140, 1154]], "'이건향진", 0.07060552394603557), ([[1171, 1135], [1255, 1135], [1255, 1203], [1171, 1203]], '보]', 0.05239031288513714), ([[381, 1069], [495, 1069], [495, 1373], [381, 1373]], '#', 0.0043446786510804025), ([[482, 1238], [508, 1238], [508, 1276], [482, 1276]], '0', 0.9991977632325622), ([[959, 1097], [1267, 1097], [1267, 1357], [959, 1357]], '답평', 0.029021205468524946), ([[44, 1348], [116, 1348], [116, 1404], [44, 1404]], '올려', 0.011828306495973783), ([[1083, 1327], [1171, 1327], [1171, 1449], [1083, 1449]], '원원', 0.18961737076883237), ([[31, 1399], [105, 1399], [105, 1459], [31, 1459]], '흉웃드', 0.0033212190909136514), ([[1065, 1433], [1187, 1433], [1187, 1495], [1065, 1495]], '떠씬켓', 0.07888635045464203), ([[805, 1515], [981, 1515], [981, 1579], [805, 1579]], '(컷 이녀석', 0.009996295915268308), ([[1051, 1483], [1201, 1483], [1201, 1559], [1051, 1559]], '센디앗', 0.19352078822799476), ([[822, 1564], [966, 1564], [966, 1636], [822, 1636]], '열핏내 딸', 0.06738845569659405), ([[809, 1612], [976, 1612], [976, 1684], [809, 1684]], '생각이 아때', 0.0488327519410924), ([[1108.0793180930011, 471.0212026181223], [1316.7059820976037, 574.5832369750123], [1237.9206819069989, 727.9787973818777], [1029.2940179023963, 624.4167630249877]], "세대'", 0.0452237717428317), ([[748.0759931346034, 620.0535409575899], [847.7975339218931, 656.2115747885566], [821.9240068653966, 721.9464590424101], [723.2024660781069, 684.7884252114434]], '25', 0.8843301398906811), ([[844.9204948397, 706.0291545344498], [1083.5643458965835, 761.559229782341], [1038.0795051603, 930.9708454655502], [799.4356541034165, 875.440770217659]], '{밀', 0.014725087008193935), ([[664.9146186655543, 915.0203183702989], [981.1167789710046, 1003.7199076736789], [908.0853813344457, 1239.9796816297012], [591.8832210289954, 1151.2800923263212]], '뜻량', 0.00628267983255807), ([[120.17800506347321, 1304.0680303808392], [157.57095336312247, 1290.0327057408344], [185.82199493652678, 1373.9319696191608], [147.42904663687753, 1386.9672942591656]], '휴', 0.6310366633574773), ([[196.06077405404332, 1665.0442049728592], [270.71138152632386, 1647.3745955815505], [299.9392259459567, 1790.9557950271408], [225.28861847367617, 1808.6254044184495]], ';', 0.0024952723106344)]
[]
[]
[]
