2355559
36
[([[292, 68], [366, 68], [366, 122], [292, 122]], '얘', 0.5173498343016405), ([[76, 138], [582, 138], [582, 214], [76, 214]], '명예고사님 외주여군요 ', 0.07313482452678854), ([[52, 218], [610, 218], [610, 292], [52, 292]], '예속 기다리고 입없답굵다', 0.07122118213387345), ([[940, 824], [1470, 824], [1470, 898], [940, 898]], '예? 왜다 뱃고있0393', 0.044160991942360575), ([[962, 904], [1450, 904], [1450, 976], [962, 976]], '맨전 오늘의 연구대상이', 0.08552015771159208), ([[869, 976], [1546, 976], [1546, 1054], [869, 1054]], '명폐고시님9 중지이지 때문이집', 0.01480442135860873), ([[32, 2169], [572, 2169], [572, 2254], [32, 2254]], '짓재 {관밟없다즐요', 0.0007658769745116395), ([[83, 2259], [529, 2259], [529, 2343], [83, 2343]], '빨리빨리 &액요', 0.07811451460592148)]
[([[866, 1280], [918, 1280], [918, 1354], [866, 1354]], '못', 0.14387866249638037), ([[973, 1323], [1037, 1323], [1037, 1393], [973, 1393]], '가', 0.019424302703473728), ([[5, 2147], [71, 2147], [71, 2261], [5, 2261]], '^', 0.10137870900106183), ([[681.323561362139, 722.3648209037005], [832.8328890305065, 693.78342140436], [842.676438637861, 777.6351790962995], [691.1671109694935, 806.21657859564]], '#릇-', 0.02801040135555328)]
[([[669, 400], [795, 400], [795, 478], [669, 478]], '종 -', 0.39449466317677445), ([[719.0378045449468, 1086.0515822680054], [873.7474235329452, 1120.8827892085865], [853.9621954550532, 1196.9484177319946], [699.2525764670548, 1163.1172107914135]], '끈적-', 0.4824779685486122)]
[([[761, 1238], [936, 1238], [936, 1343], [761, 1343]], '꿀쩍', 0.7394265868850662)]
[([[91, 67], [543, 67], [543, 155], [91, 155]], '문번째 실험음?', 0.2070342633060045), ([[55, 153], [578, 153], [578, 262], [55, 262]], '젠재} 임신죄 @문자', 0.009922296605146187), ([[105, 266], [535, 266], [535, 354], [105, 354]], '안 아뇨간 예외', 0.07626682888903664), ([[829, 782], [1438, 782], [1438, 873], [829, 873]], '춤씩권콩 이무런 (되5', 0.00570230941323223), ([[920, 878], [1347, 878], [1347, 956], [920, 956]], '되지 양당리서요', 0.05057013101969294), ([[712, 966], [1550, 966], [1550, 1055], [712, 1055]], '명예고)님의 @진뱃로 안신한다면', 0.0038008528841950093), ([[895, 1061], [1367, 1061], [1367, 1145], [895, 1145]], '춤부속의 문제넷조3', 0.015598940446220604), ([[40, 2310], [945, 2310], [945, 2406], [40, 2406]], '덧 어제 없어중세요 명예지텔', 0.008766766837636478)]
[([[33, 56], [1027, 56], [1027, 154], [33, 154]], '옷으옷생관보다속이 솟 짓데요', 0.001728850105711495), ([[252, 157], [796, 157], [796, 255], [252, 255]], '예속 움집워주세용0', 0.12523830548089926)]
[([[194, 44], [334, 44], [334, 144], [194, 144]], '앞', 0.013970613947500432), ([[351, 149], [533, 149], [533, 259], [351, 259]], '앗애', 0.07313497787877245), ([[1219, 243], [1383, 243], [1383, 355], [1219, 355]], '움어', 0.01631500656774534), ([[107, 673], [331, 673], [331, 781], [107, 781]], '@앗0', 0.331931205105577), ([[986, 778], [1532, 778], [1532, 878], [986, 878]], '떼 절데 빨리', 0.04073907912117811), ([[946, 1948], [1121, 1948], [1121, 2041], [946, 2041]], '쥐각', 0.0033340184203464905), ([[441, 2171], [580, 2171], [580, 2257], [441, 2257]], '찌격-', 0.6675305494727105), ([[68, 2296], [245, 2296], [245, 2389], [68, 2389]], '쥐각 ', 0.004635597339678305), ([[1279, 2315], [1414, 2315], [1414, 2401], [1279, 2401]], '찌격', 0.7204111817614774)]
[([[45, 75], [836, 75], [836, 172], [45, 172]], '안에없 안 따중세요옷*', 0.06539283762188716), ([[939, 767], [1507, 767], [1507, 859], [939, 859]], '이대로 제 짓락 속에', 0.04825946545451046), ([[915, 870], [1497, 870], [1497, 963], [915, 963]], '질패고청 애주세요옷', 0.05169673759577549), ([[946, 1948], [1121, 1948], [1121, 2041], [946, 2041]], '쥐각', 0.005102977545352216), ([[441, 2171], [580, 2171], [580, 2257], [441, 2257]], '찌격-', 0.6236803717931264), ([[68, 2296], [245, 2296], [245, 2389], [68, 2389]], '쥐각 -', 0.002519496250897646), ([[1279, 2315], [1414, 2315], [1414, 2401], [1279, 2401]], '찌격', 0.6710618286748058)]
[([[152, 74], [363, 74], [363, 164], [152, 164]], '올올', 0.11798354771519684), ([[39, 168], [477, 168], [477, 267], [39, 267]], '안에 물어외&0', 0.0156211378770582), ([[1022, 741], [1365, 741], [1365, 829], [1022, 829]], '명예고님의', 0.20412154051382206), ([[933, 837], [1455, 837], [1455, 923], [933, 923]], '이물 때  쏟에', 0.08584425259426919), ([[1052, 927], [1433, 927], [1433, 1017], [1052, 1017]], '물어오움|3', 0.02210569808156118), ([[971, 1973], [1125, 1973], [1125, 2083], [971, 2083]], '못', 0.3930668577158123), ([[374, 2155], [579, 2155], [579, 2272], [374, 2272]], '부릇-', 0.420411616563797)]
[([[31, 59], [485, 59], [485, 143], [31, 143]], '훈료 이팬 분명히', 0.02994209118434508), ([[83, 149], [479, 149], [479, 239], [83, 239]], '임낱이리즐930', 0.040635907468321034), ([[1029, 804], [1413, 804], [1413, 909], [1029, 909]], '용정*지위이_', 0.0027608113894046432), ([[960, 904], [1550, 904], [1550, 1001], [960, 1001]], '연임제 주여9 (요83', 0.008149212155603658)]
[([[292, 68], [366, 68], [366, 122], [292, 122]], '얘', 0.4703004878661545), ([[76, 138], [582, 138], [582, 214], [76, 214]], '명예고사님 외주여군요 ', 0.08744807108833764), ([[52, 218], [610, 218], [610, 292], [52, 292]], '예속 기다리고 입없답굵다', 0.07580462591716612), ([[940, 824], [1470, 824], [1470, 898], [940, 898]], '예? 왜다 뱃고있과393', 0.03688664849856381), ([[962, 904], [1450, 904], [1450, 976], [962, 976]], '책전 오늘의 연구대상이', 0.08062707932693351), ([[870, 978], [1546, 978], [1546, 1054], [870, 1054]], '명예고사님이 중지이지 때문이죄', 0.02949295482516601), ([[32, 2169], [572, 2169], [572, 2254], [32, 2254]], '{재 {관밟없다즐요', 0.000574827732889332), ([[83, 2259], [529, 2259], [529, 2343], [83, 2343]], '빨리빨리 &청요', 0.06334125177626342)]
[([[292, 68], [366, 68], [366, 122], [292, 122]], '얘', 0.47346443928563886), ([[76, 138], [582, 138], [582, 214], [76, 214]], '명예고사님 외주여군요 ', 0.11850110714846306), ([[52, 218], [610, 218], [610, 292], [52, 292]], '예속 기다리고 입없답굵다', 0.09803244134965211), ([[942, 824], [1470, 824], [1470, 898], [942, 898]], '예3 왜다 &고있과393', 0.18284207536826644), ([[962, 902], [1450, 902], [1450, 976], [962, 976]], '맨권 오늘의 연쿠대상이', 0.13450139823264126), ([[871, 977], [1546, 977], [1546, 1054], [871, 1054]], "명웅고사님의 중지이' 때문이죄", 0.01487032376877866), ([[34, 2170], [572, 2170], [572, 2254], [34, 2254]], '짓재 {관피없다하입', 0.003626906137837296), ([[83, 2259], [529, 2259], [529, 2343], [83, 2343]], '빨리빨리 &액요', 0.08887477153511046)]
[([[292, 68], [366, 68], [366, 122], [292, 122]], '얘', 0.3514249386674386), ([[76, 138], [582, 138], [582, 214], [76, 214]], '명예고사님 외주여군요 ', 0.06277103023206643), ([[52, 218], [610, 218], [610, 292], [52, 292]], '예속 기다리고 입없답굵다', 0.08189654643706513), ([[942, 824], [1470, 824], [1470, 898], [942, 898]], '예3 왜다 &고있과393', 0.2352547584983809), ([[964, 904], [1450, 904], [1450, 976], [964, 976]], '맨권 오늘의 연쿠대상이', 0.11164559447850732), ([[871, 977], [1546, 977], [1546, 1054], [871, 1054]], "명웅고사님의 중지이' 때문이죄", 0.021954907185846684), ([[35, 2170], [572, 2170], [572, 2254], [35, 2254]], '메재 {관이 없디하입', 0.0022030422305948623), ([[83, 2259], [529, 2259], [529, 2343], [83, 2343]], '빨리빨리 &청요', 0.07838391718465838)]
[([[303, 21], [719, 21], [719, 107], [303, 107]], '이권 센고히데요', 0.15950313113103917), ([[299, 111], [717, 111], [717, 195], [299, 195]], '숨속과늄 따르레', 0.02514754908506785), ([[151, 199], [865, 199], [865, 285], [151, 285]], '껍질이 전분 따정임지 8데93', 0.010244767237873808), ([[173, 372], [909, 372], [909, 460], [173, 460]], '예3 숨속속편 어덩률 이과군93', 0.0028893725410359004), ([[133, 462], [961, 462], [961, 550], [133, 550]], '203 때일매입 보고요의 알교`', 0.040640808838719046), ([[57, 1441], [913, 1441], [913, 1529], [57, 1529]], '빗류5 @때고 정액월 &내세 므런지', 0.010712833368557098), ([[6, 1534], [968, 1534], [968, 1614], [6, 1614]], '오늘 팬내로괴로미찌} 안 움집이혜리]요', 0.012025129387758784), ([[84, 1739], [671, 1739], [671, 1826], [84, 1826]], '{재 빨리 세워주세요', 0.04416502979250349), ([[55, 1831], [705, 1831], [705, 1924], [55, 1924]], '연다 @@할레 산데미치럼', 0.016068368595904856), ([[204, 1926], [555, 1926], [555, 2019], [204, 2019]], '씹연없다하입', 0.012176039769051038)]
[([[115, 61], [995, 61], [995, 153], [115, 153]], '예머 생관안켓보다 몸좁대 떼데요', 0.013572816255211199), ([[61, 158], [1056, 158], [1056, 251], [61, 251]], "된} 냄'} 좀 @분 맨 액기5 이고", 0.005481963876281925), ([[499, 1054], [662, 1054], [662, 1158], [499, 1158]], '용질-', 0.12886582346583736), ([[876, 1262], [978, 1262], [978, 1342], [876, 1342]], '공콩', 0.8583416185857525), ([[25, 1489], [865, 1489], [865, 1581], [25, 1581]], '면럼 실험 비로 {작히젠습이다', 0.009672511304738536), ([[654.0597149997093, 592.2388599988374], [833.315967232266, 580.7632387396642], [832.9402850002907, 647.7611400011626], [653.684032767734, 660.2367612603358]], '뼈빛요', 0.009116561105983002)]
[([[869, 525], [967, 525], [967, 609], [869, 609]], '9', 0.013084576242806956), ([[708, 850], [814, 850], [814, 926], [708, 926]], '꽃', 0.00861153141313431), ([[633, 1405], [729, 1405], [729, 1491], [633, 1491]], '잡', 0.03542569487081004), ([[5, 2147], [71, 2147], [71, 2259], [5, 2259]], '^', 0.033205854270917934), ([[599.9563638994289, 610.0683656356597], [721.5643006869286, 632.3958964848279], [706.0436361005711, 701.9316343643403], [584.4356993130714, 679.6041035151721]], '조업-', 0.13246405124664307), ([[798.043064939372, 1252.0574389967883], [917.6991813154476, 1281.826843983543], [898.956935060628, 1350.9425610032117], [778.3008186845524, 1321.173156016457]], '조움-', 0.6469467419009)]
[([[407, 115], [839, 115], [839, 201], [407, 201]], '음의의분 @음?', 0.13345808782393767), ([[111, 211], [1033, 211], [1033, 301], [111, 301]], '(음? 이컷만으콩 잡 짓락이 안고조3)', 0.03315732402474608), ([[869, 525], [967, 525], [967, 609], [869, 609]], '9', 0.013913380080599114), ([[708, 850], [812, 850], [812, 926], [708, 926]], '좁', 0.025945331950085526), ([[633, 1407], [729, 1407], [729, 1491], [633, 1491]], '끊', 0.006819866202050717), ([[295, 1607], [689, 1607], [689, 1697], [295, 1697]], '움 운움 운운밟', 0.08662682835123155), ([[116, 1700], [872, 1700], [872, 1796], [116, 1796]], '(좀 예 면히제 @없습데다)', 0.016782844773712845), ([[599.9563638994289, 610.0683656356597], [721.5643006869286, 632.3958964848279], [706.0436361005711, 701.9316343643403], [584.4356993130714, 679.6041035151721]], '조업-', 0.20442418735856968), ([[798.043064939372, 1252.0574389967883], [917.6991813154476, 1281.826843983543], [898.956935060628, 1350.9425610032117], [778.3008186845524, 1321.173156016457]], '조움-', 0.6162794760314285)]
[([[869, 525], [969, 525], [969, 609], [869, 609]], '끊', 0.00522724719207468), ([[704, 846], [804, 846], [804, 926], [704, 926]], '껍', 0.009664244002490163), ([[633, 1407], [729, 1407], [729, 1491], [633, 1491]], '끊', 0.006679370415420216), ([[5, 2149], [71, 2149], [71, 2261], [5, 2261]], '^', 0.21699106239967492), ([[599.9563638994289, 610.0683656356597], [722.570798848544, 632.4148491736679], [707.0436361005711, 701.9316343643403], [584.429201151456, 679.5851508263321]], '조업-', 0.34622547030448914), ([[799.0652700194609, 1251.054795165417], [916.8168415288476, 1286.297945796138], [894.9347299805391, 1351.945204834583], [777.1831584711524, 1316.702054203862]], '조움-', 0.3192709946470044)]
[([[423, 263], [717, 263], [717, 353], [423, 353]], '움원 운움', 0.027638753936677165), ([[211, 360], [927, 360], [927, 451], [211, 451]], '(재 말리 {청해중세요)', 0.05487053969806807), ([[869, 525], [967, 525], [967, 609], [869, 609]], '9', 0.01531204734890329), ([[702, 846], [804, 846], [804, 926], [702, 926]], '껍', 0.00374504608981191), ([[633, 1407], [729, 1407], [729, 1491], [633, 1491]], '9', 0.006984979115600476), ([[599.9563638994289, 610.0683656356597], [721.5643006869286, 632.3958964848279], [706.0436361005711, 701.9316343643403], [584.4356993130714, 679.6041035151721]], '조업-', 0.13291110437907003), ([[799.0652700194609, 1251.054795165417], [916.8297355978042, 1286.3582812456216], [894.9347299805391, 1351.945204834583], [777.1702644021958, 1315.6417187543784]], '조흡-', 0.19471614062786102)]
[([[866, 1280], [918, 1280], [918, 1354], [866, 1354]], '못', 0.14995333468352), ([[973, 1323], [1037, 1323], [1037, 1395], [973, 1395]], '7', 0.018061760579840325), ([[5, 2147], [73, 2147], [73, 2261], [5, 2261]], '^', 0.09931551686395679), ([[681.4550670072035, 722.3292546273735], [824.6928896282899, 695.6109899697253], [834.5449329927965, 779.6707453726265], [691.3071103717101, 806.3890100302747]], '#릇', 0.17664983528499395)]
[([[670, 400], [796, 400], [796, 478], [670, 478]], '종 -', 0.12152968347072601), ([[720.0578369393376, 1085.0494509237074], [874.7778196907624, 1122.0125691266198], [852.9421630606624, 1197.9505490762926], [698.2221803092376, 1161.9874308733802]], '끈적-', 0.5042582655580666)]
[([[761, 1238], [944, 1238], [944, 1343], [761, 1343]], '꿀쩍 -', 0.7996932054716314)]
[([[304, 24], [718, 24], [718, 104], [304, 104]], '이권 신진하데요', 0.18767870364995423), ([[299, 111], [717, 111], [717, 195], [299, 195]], '숨!속과늄 따르레', 0.012040192310650621), ([[151, 199], [865, 199], [865, 285], [151, 285]], '껍질이 전분 따정요지 8데93', 0.0071077866590105905), ([[173, 372], [909, 372], [909, 460], [173, 460]], '예 숨속속편 어덩률 @과군93', 0.002744578507500458), ([[133, 463], [958, 463], [958, 549], [133, 549]], '손0 때일때입 보고요의 알교`', 0.028722169756411432), ([[57, 1441], [913, 1441], [913, 1530], [57, 1530]], '@류5 안패고 정액월 &-섯 만현지', 0.010838162658619512), ([[6, 1534], [968, 1534], [968, 1614], [6, 1614]], '오늘 팬내로괴로미찌} 안 움집이혜리]요', 0.012415032772513523), ([[85, 1739], [671, 1739], [671, 1826], [85, 1826]], '{ 빨리 세워주세요', 0.12170343796065233), ([[55, 1831], [705, 1831], [705, 1924], [55, 1924]], '연균 @@할레 산미치럼', 0.0234479994236614), ([[204, 1926], [555, 1926], [555, 2019], [204, 2019]], '씹여없다하오', 0.011542553731953472)]
[([[388, 80], [598, 80], [598, 158], [388, 158]], '&아 ', 0.4439194682293214), ([[137, 176], [863, 176], [863, 267], [137, 267]], '음? 역사 맛5 좀 @르데요', 0.07203104236591437), ([[102, 270], [904, 270], [904, 366], [102, 366]], "문 좁떼 8멋 책'3 이고?", 0.0066850394689675465), ([[65, 1633], [783, 1633], [783, 1721], [65, 1721]], '종@ 신관 더 {체하지말교', 0.03002619704580762), ([[103, 1723], [749, 1723], [749, 1823], [103, 1823]], '@로 다음 실험] 긴입', 0.03495963144577786)]
[([[45, 75], [800, 75], [800, 173], [45, 173]], '안에없 안엔 따국세요옷커', 0.007178101953793403), ([[939, 767], [1507, 767], [1507, 859], [939, 859]], '이대로 제 짓락 속에', 0.04853212829519101), ([[915, 870], [1499, 870], [1499, 963], [915, 963]], '질패트청 애주세요옷', 0.04146733061536009), ([[944, 1948], [1121, 1948], [1121, 2041], [944, 2041]], '쥐각', 0.04306372706696768), ([[441, 2171], [580, 2171], [580, 2257], [441, 2257]], '찌격-', 0.6935030342100998), ([[68, 2296], [197, 2296], [197, 2386], [68, 2386]], '쥐먹', 0.021727025387434797), ([[1281, 2315], [1413, 2315], [1413, 2399], [1281, 2399]], '찌격', 0.6528260019009968)]
[([[152, 74], [363, 74], [363, 164], [152, 164]], '올올', 0.11798354771519684), ([[39, 168], [476, 168], [476, 265], [39, 265]], '안엔 들어외움', 0.04480064762176613), ([[1022, 740], [1365, 740], [1365, 829], [1022, 829]], '명예고)님의', 0.04978298567975216), ([[933, 837], [1455, 837], [1455, 923], [933, 923]], '이찌 예 짓3 솜에', 0.032040653899739174), ([[1052, 927], [1433, 927], [1433, 1017], [1052, 1017]], '물어오움|3', 0.029612329845635298), ([[971, 1973], [1125, 1973], [1125, 2083], [971, 2083]], '못', 0.365130973091766), ([[374, 2155], [579, 2155], [579, 2272], [374, 2272]], '부릇-', 0.3586052358150482)]
[([[31, 59], [485, 59], [485, 143], [31, 143]], '훈료 이팬 분명히', 0.02994209118434508), ([[83, 149], [479, 149], [479, 239], [83, 239]], '임낱이리즐930', 0.040635907468321034), ([[1029, 804], [1413, 804], [1413, 909], [1029, 909]], '용정*지위@이_', 0.002825624488237229), ([[960, 904], [1550, 904], [1550, 1000], [960, 1000]], '입임체 주변0 (요8', 0.03314869085151525)]
[([[91, 67], [543, 67], [543, 155], [91, 155]], '문번째 실험음?', 0.21376049952401877), ([[55, 153], [576, 153], [576, 262], [55, 262]], '젠자} 임신올 @문개', 0.008558455816092846), ([[105, 266], [536, 266], [536, 354], [105, 354]], '안 아뇨간 예외', 0.08484302110962859), ([[829, 783], [1436, 783], [1436, 873], [829, 873]], '춤소혹걸콩 이무 (되5', 0.004777538288870062), ([[917, 874], [1347, 874], [1347, 959], [917, 959]], '퇴지 &터리워요', 0.00793804356711845), ([[712, 966], [1550, 966], [1550, 1055], [712, 1055]], '명예고)님의 @진뱃로 안신한다면', 0.007062161622341826), ([[895, 1059], [1367, 1059], [1367, 1145], [895, 1145]], '숨출경의 문제켓조3', 0.011092151695165264), ([[40, 2309], [945, 2309], [945, 2406], [40, 2406]], '맛 어섯 (어중세요 명예고템', 0.014284626850712556)]
[([[33, 56], [1027, 56], [1027, 154], [33, 154]], '옷으옷생관보다속이 새 짓데요', 0.002317953540857443), ([[252, 157], [796, 157], [796, 255], [252, 255]], '예속 움집워준세용0', 0.12975180254811863)]
[([[194, 44], [334, 44], [334, 144], [194, 144]], '앞', 0.013970613947500432), ([[351, 149], [533, 149], [533, 259], [351, 259]], '앗애', 0.07313497787877245), ([[1219, 243], [1383, 243], [1383, 355], [1219, 355]], '움어', 0.01631500656774534), ([[107, 673], [333, 673], [333, 781], [107, 781]], '@앗0', 0.4107501058735177), ([[986, 778], [1532, 778], [1532, 878], [986, 878]], '떼 절데 빨리', 0.0368279303291788), ([[944, 1948], [1121, 1948], [1121, 2041], [944, 2041]], '쥐각', 0.03484853337464919), ([[441, 2171], [580, 2171], [580, 2257], [441, 2257]], '찌격-', 0.6413067174643664), ([[68, 2296], [245, 2296], [245, 2389], [68, 2389]], '쥐각 ', 0.0059933586600594965), ([[1279, 2315], [1414, 2315], [1414, 2401], [1279, 2401]], '찌격', 0.7106639005385521)]
[([[388, 80], [598, 80], [598, 158], [388, 158]], '&아 ', 0.4439194682293214), ([[137, 176], [863, 176], [863, 267], [137, 267]], '음? 역사 맛5 좀 @르데요', 0.07203104236591437), ([[102, 270], [904, 270], [904, 366], [102, 366]], "문 좁떼 8멋 책'3 이고?", 0.0066850394689675465), ([[65, 1633], [783, 1633], [783, 1721], [65, 1721]], '종@ 신관 더 {체하지말', 0.02405025255271981), ([[103, 1723], [749, 1723], [749, 1823], [103, 1823]], '@로 다음 실험] ?입', 0.029643241757197788)]
[([[115, 61], [995, 61], [995, 153], [115, 153]], '예머 생관안켓보다 몸좁대 떼데요', 0.015910939398672903), ([[61, 158], [1056, 158], [1056, 251], [61, 251]], "된} 냄'} 좀 @분 맨 액리5 이고", 0.004066146043063612), ([[499, 1054], [662, 1054], [662, 1158], [499, 1158]], '용질-', 0.14782940673641842), ([[876, 1262], [978, 1262], [978, 1342], [876, 1342]], '공콩', 0.8743919395040028), ([[25, 1489], [865, 1489], [865, 1581], [25, 1581]], '면럼 실험 비로 {작히젠습이다', 0.008678158419423404), ([[654.0597149997093, 592.2388599988374], [833.315967232266, 580.7632387396642], [832.9402850002907, 647.7611400011626], [653.684032767734, 660.2367612603358]], '뼈빛요', 0.009407385976919739)]
[([[869, 525], [967, 525], [967, 609], [869, 609]], '9', 0.013084576242806956), ([[5, 2147], [73, 2147], [73, 2261], [5, 2261]], '^', 0.0950437192970277), ([[728.0147185498714, 825.0486573537019], [830.711029684227, 868.6133910098087], [795.9852814501286, 945.9513426462981], [693.288970315773, 902.3866089901913]], '값', 0.10637421136366143), ([[797.0315649975117, 1252.0588329795958], [917.6660049653646, 1280.7125630345283], [898.9684350024883, 1349.9411670204042], [778.3339950346354, 1322.2874369654717]], '조움-', 0.23148711526068724)]
[([[407, 115], [839, 115], [839, 201], [407, 201]], '음의의분 @음?', 0.13345808782393767), ([[111, 211], [1033, 211], [1033, 301], [111, 301]], '(음? 이컷만으콩 잡 짓락이 안고조3)', 0.03315732402474608), ([[869, 525], [967, 525], [967, 609], [869, 609]], '9', 0.013913380080599114), ([[706, 848], [818, 848], [818, 928], [706, 928]], '좁', 0.036774316407575336), ([[295, 1607], [689, 1607], [689, 1699], [295, 1699]], '움 운움 운운람', 0.07164762356623922), ([[116, 1700], [871, 1700], [871, 1796], [116, 1796]], '(좀 예 면히례 @습다)', 0.029743690737576396), ([[7, 2147], [71, 2147], [71, 2259], [7, 2259]], '^', 0.035659955363984475), ([[797.0315649975117, 1252.0588329795958], [917.6660049653646, 1280.7125630345283], [898.9684350024883, 1349.9411670204042], [778.3339950346354, 1322.2874369654717]], '조움-', 0.254381738283182)]
[([[869, 525], [969, 525], [969, 609], [869, 609]], '끊', 0.00522724719207468), ([[704, 848], [810, 848], [810, 926], [704, 926]], '초', 0.011018397595812301), ([[633, 1407], [729, 1407], [729, 1491], [633, 1491]], '끊', 0.0066570491593518355), ([[5, 2149], [71, 2149], [71, 2261], [5, 2261]], '^', 0.2362275484405254), ([[599.9563638994289, 610.0683656356597], [722.570798848544, 632.4148491736679], [707.0436361005711, 701.9316343643403], [584.429201151456, 679.5851508263321]], '조업-', 0.34622547030448914), ([[799.0542968817191, 1251.0560938064405], [916.8297355978042, 1286.3582812456216], [894.9457031182809, 1350.9439061935595], [777.1702644021958, 1315.6417187543784]], '조움-', 0.2772852178500564)]
[([[423, 263], [717, 263], [717, 353], [423, 353]], '움원 운움', 0.027638753936677165), ([[211, 360], [927, 360], [927, 451], [211, 451]], '(재 말리 간정해중세요)', 0.05330535168760217), ([[869, 525], [967, 525], [967, 609], [869, 609]], '9', 0.01531204734890329), ([[701, 845], [811, 845], [811, 929], [701, 929]], '9', 0.007280577313206971), ([[633, 1407], [729, 1407], [729, 1491], [633, 1491]], '끊', 0.007607116246824364), ([[5, 2149], [71, 2149], [71, 2261], [5, 2261]], '^', 0.18497595563197056), ([[599.9563638994289, 610.0683656356597], [721.5643006869286, 632.3958964848279], [706.0436361005711, 701.9316343643403], [584.4356993130714, 679.6041035151721]], '조업-', 0.13291110437907003), ([[799.0652700194609, 1251.054795165417], [916.8297355978042, 1286.3582812456216], [894.9347299805391, 1351.945204834583], [777.1702644021958, 1315.6417187543784]], '조움-', 0.2667671740055084)]
