2355556
11
[([[155, 39], [257, 39], [257, 83], [155, 83]], '어이구', 0.9667029664471131), ([[118, 88], [300, 88], [300, 138], [118, 138]], '이 눈구야', 0.2703855105308922), ([[56, 142], [358, 142], [358, 196], [56, 196]], '챔피언 단델 @미야', 0.1652672749681248), ([[756, 148], [1138, 148], [1138, 204], [756, 204]], '야? 소데야 양 말인간6', 0.1217637518183722), ([[20, 194], [394, 194], [394, 250], [20, 250]], '어무습 일로 아번지?', 0.08613953007055763), ([[760, 208], [1132, 208], [1132, 264], [760, 264]], '소미야 양음 아외 함께', 0.40532353103085395), ([[787, 265], [1107, 265], [1107, 327], [787, 327]], '연구할 멋인 없어세', 0.16280886662997318), ([[802, 330], [1092, 330], [1092, 386], [802, 386]], '잠시 들린 거리데', 0.4338023176167874), ([[787, 509], [1277, 509], [1277, 569], [787, 569]], '눕네개 원한다면 소데야 양어제', 0.030604181100075855), ([[788, 567], [1277, 567], [1277, 624], [788, 624]], '얘진해세잠깐 아오라고 이켓네', 0.2570763017536296), ([[910, 626], [1156, 626], [1156, 683], [910, 683]], '잠시기다리까', 0.12569758186479202)]
[([[147, 53], [477, 53], [477, 115], [147, 115]], '@불언 8왜', 0.013257526782218405), ([[121, 118], [515, 118], [515, 187], [121, 187]], '노리 @위젯에요', 0.00802374746879421), ([[21, 189], [585, 189], [585, 258], [21, 258]], '이직3 더 이고 싶요다구요5', 0.05032422162689072), ([[855, 557], [1257, 557], [1257, 621], [855, 621]], '76 @절순 없예요', 0.024204309391603937), ([[865, 625], [1247, 625], [1247, 692], [865, 692]], '때 @발만 *에요8', 0.04483128783755604)]
[([[430, 164], [556, 164], [556, 312], [430, 312]], '(', 0.6417800484137537), ([[746, 187], [1216, 187], [1216, 261], [746, 261]], '잔 월탕 따앗올대려중', 0.020707144754258087), ([[716, 256], [1246, 256], [1246, 328], [716, 328]], '때제감신히하늄 마음올 담히섯', 0.0055962895801533845), ([[807, 325], [1157, 325], [1157, 393], [807, 393]], '정성껏 청소히리과', 0.3850283745619687), ([[172, 482], [230, 482], [230, 532], [172, 532]], '꿈"', 0.04304656134563241), ([[505, 593], [559, 593], [559, 631], [505, 631]], '조율', 0.34682922293218693)]
[([[103, 33], [369, 33], [369, 95], [103, 95]], '단델 여3생', 0.10729795421527036), ([[28, 105], [437, 105], [437, 165], [28, 165]], '대규} 어린애3 @미진', 0.04379789474751573), ([[115, 172], [349, 172], [349, 238], [115, 238]], '왜 쓸데없다', 0.49730259548803457), ([[69, 242], [401, 242], [401, 311], [69, 311]], '된정울 @뇨고야8', 0.014525140689738328), ([[973, 441], [1231, 441], [1231, 501], [973, 501]], '83 오만에', 0.7205257083614718), ([[925, 513], [1277, 513], [1277, 575], [925, 575]], '솟이 댐고심다고8', 0.08535006676335379), ([[925, 583], [1275, 583], [1275, 645], [925, 645]], '@안 정말 중요합', 0.02897826492524527), ([[985, 651], [1219, 651], [1219, 715], [985, 715]], '실험이권]', 0.025837223683322082)]
[([[38, 14], [533, 14], [533, 78], [38, 78]], '_ 단델이 눈 앞에앗데밟_', 0.06924866519946585), ([[938, 478], [1094, 478], [1094, 534], [938, 534]], '@어8', 0.09965990748638544), ([[745, 545], [1275, 545], [1275, 613], [745, 613]], '왜인령6 얼굴이 @광내군8', 0.04721178572196035), ([[877, 619], [1241, 619], [1241, 683], [877, 683]], '실험 @문에 손', 0.22300647930989556), ([[804, 686], [1224, 686], [1224, 759], [804, 759]], '열인 중요안 실험이탕', 0.14515523500128255), ([[847, 765], [1239, 765], [1239, 829], [847, 829]], '안이 존금 뜨겁권맑', 0.022648982921391708), ([[594, 1742], [758, 1742], [758, 1814], [594, 1814]], '화 악', 0.42302170395851135), ([[790.902627190595, 610.0865513007487], [889.5265291626511, 626.4693050185639], [877.097372809405, 686.9134486992513], [778.4734708373489, 669.5306949814361]], '어이', 0.40758241886002144)]
[([[37, 11], [693, 11], [693, 74], [37, 74]], '@80 설마 {금 영울 생각인 더야? )', 0.012775789024358851), ([[911, 487], [1257, 487], [1257, 549], [911, 549]], '위원장님음 왜 옷울', 0.08055382353045622), ([[909, 555], [1185, 555], [1185, 615], [909, 615]], ' -시군8', 0.12032411071130683), ([[813, 615], [1275, 615], [1275, 683], [813, 683]], '방피여뷰 덥다고 양금 @', 0.02663458737566185), ([[890, 683], [1203, 683], [1203, 755], [890, 755]], '옆고나오`문', 0.00760174340605983), ([[481, 1689], [597, 1689], [597, 1755], [481, 1755]], "꾸육'", 0.1569286533691014)]
[([[79, 31], [417, 31], [417, 99], [79, 99]], '(진짜 &없어', 0.25209316478648885), ([[769, 432], [1271, 432], [1271, 496], [769, 496]], '여하람 @ {금때다 @@진}', 0.02192479493555645), ([[824, 500], [1218, 500], [1218, 556], [824, 556]], '오늘음 단델언제 돌이}', 0.24712195716713378), ([[839, 561], [1203, 561], [1203, 621], [839, 621]], '다음에 귀협이 더있', 0.018302504508135316), ([[972, 626], [1072, 626], [1072, 682], [972, 682]], '약속', 0.39928181160921555), ([[759.1878920427177, 1524.2079357836865], [895.914338746484, 1513.9760815491775], [896.8121079572823, 1582.7920642163135], [760.085661253516, 1593.0239184508225]], '꾸육 -', 0.44082248257007794)]
[([[27, 29], [391, 29], [391, 91], [27, 91]], '0응3 상태; &뀌', 0.06733434688242099), ([[59, 97], [351, 97], [351, 159], [59, 159]], '안종대보인다고?', 0.05998963285024117), ([[30, 159], [381, 159], [381, 225], [30, 225]], '팬찮신츠찌} 만리데', 0.003802242946216243), ([[795, 531], [1275, 531], [1275, 593], [795, 593]], '단델 예인말로 임피언 일로', 0.015283994836989155), ([[891, 598], [1177, 598], [1177, 662], [891, 662]], '만인 힘들잡이3', 0.01354955955622968), ([[821, 666], [1247, 666], [1247, 729], [821, 729]], '어세 동이고세 품렉동', 0.006593619692627773), ([[105, 1339], [267, 1339], [267, 1428], [105, 1428]], '찌격5', 0.1576766042168586), ([[1052, 1716], [1226, 1716], [1226, 1812], [1052, 1812]], '쥐격  ', 0.24123962223529816), ([[193, 1847], [365, 1847], [365, 1935], [193, 1935]], '격 ', 0.3843138256547223), ([[770.9722839463795, 1217.058870333502], [921.5718173247939, 1242.257018456066], [905.0277160536205, 1321.941129666498], [754.4281826752061, 1295.742981543934]], '찌격"', 0.47955595771610254)]
[([[173, 63], [451, 63], [451, 127], [173, 127]], '&#의@양8염', 0.004343279039980271), ([[41, 130], [595, 130], [595, 199], [41, 199]], '방외델}8 조심히 @어지여', 0.002797829369250816), ([[735.1791073981769, 1235.1671799501553], [876.0873608430319, 1222.1182830232494], [878.8208926018231, 1308.8328200498447], [738.9126391569681, 1321.8817169767506]], '#릇-', 0.4169667214784681), ([[504.21114561800016, 1742.161300899001], [639.1561326470958, 1732.2140255580432], [640.7888543819998, 1816.838699100999], [505.84386735290417, 1826.7859744419568]], '#릇-', 0.37307216419516787)]
[([[463, 1357], [597, 1357], [597, 1425], [463, 1425]], '주국-', 0.05762767046689987)]
[([[204, 70], [362, 70], [362, 126], [204, 126]], '@정물', 0.030539189412523586), ([[51, 135], [521, 135], [521, 195], [51, 195]], '단델이 존금만 <데 없어3', 0.022667951482471856), ([[111, 199], [461, 199], [461, 261], [111, 261]], '큰입 알뻔없다입', 0.04874241828180923), ([[643, 1152], [1264, 1152], [1264, 1215], [643, 1215]], '게다가 음근속적 5 안예 드방데요', 0.02805015212604354), ([[715, 1217], [1187, 1217], [1187, 1283], [715, 1283]], '이피} 실컷 슷동교5 이직5', 0.021565166343641813), ([[769, 1287], [1137, 1287], [1137, 1349], [769, 1349]], '만족 못히신6에요3', 0.10740760116061647), ([[481, 1695], [615, 1695], [615, 1763], [481, 1763]], '주국-', 0.38812726736068726)]
