2356236
120
[([[172, 720], [256, 720], [256, 768], [172, 768]], '그래', 0.9999955324369808), ([[23, 779], [407, 779], [407, 842], [23, 842]], '무슨 일이길래 이렇계', 0.6108077043223136), ([[52, 842], [381, 842], [381, 906], [52, 906]], '불소 찾아온거야?', 0.4328784006560821), ([[1292, 1322], [1344, 1322], [1344, 1376], [1292, 1376]], '후.', 0.832732555801523)]
[([[89, 783], [347, 783], [347, 843], [89, 843]], '너한번이라도', 0.9849032247153561), ([[3, 843], [433, 843], [433, 908], [3, 908]], '자기 자신올 돌아본적이', 0.4661154195306774), ([[124, 912], [316, 912], [316, 968], [124, 968]], '있기논해?', 0.4196910087314594), ([[1250, 1111], [1347, 1111], [1347, 1163], [1250, 1163]], '예..?', 0.2993207573890686), ([[1192, 1176], [1400, 1176], [1400, 1228], [1192, 1228]], '아  아니요', 0.588065926782648)]
[([[1240, 852], [1408, 852], [1408, 1076], [1240, 1076]], '오', 0.05846078835620361)]
[([[1289.1379175327022, 812.0168970839061], [1453.9603956809246, 883.841891037332], [1354.8620824672978, 1110.983102916094], [1190.0396043190754, 1039.1581089626682]], '0 ,', 0.34034135454854547)]
[([[1293.1412799017123, 811.016765483833], [1454.310479079965, 887.4593454803684], [1347.8587200982877, 1110.983234516167], [1186.689520920035, 1033.5406545196315]], '0 ,', 0.41548682080967086)]
[([[1280.1487318082727, 813.0157588233643], [1453.7103234426263, 876.6237599949645], [1360.8512681917273, 1128.9842411766356], [1188.2896765573737, 1066.3762400050355]], '7,', 0.05166470270123207)]
[([[1291.1479266221963, 809.0165068526669], [1455.2432366783964, 885.3370809747414], [1348.8520733778037, 1110.983493147333], [1185.7567633216036, 1034.6629190252586]], '0 ,', 0.15972339108605266)]
[([[1239, 849], [1419, 849], [1419, 1069], [1239, 1069]], '오', 0.17886729112952882)]
[([[1299.1512115743144, 807.0163797747409], [1455.8753678252735, 892.5676220490227], [1335.8487884256856, 1109.983620225259], [1180.1246321747265, 1023.4323779509773]], '0 ', 0.3494741204252663)]
[([[1304.189792866391, 807.0156352395254], [1455.139759669058, 895.3588426810583], [1330.810207133609, 1107.9843647604746], [1179.860240330942, 1019.6411573189417]], '0 ,', 0.19258520295484324)]
[([[1299.1577061295197, 806.0161299804663], [1456.8890052103843, 892.5964117624543], [1336.8422938704803, 1110.9838700195337], [1178.1109947896157, 1024.4035882375456]], '0 ,', 0.0597134359053661)]
[([[1241, 851], [1401, 851], [1401, 1075], [1241, 1075]], '오', 0.025791261287126055)]
[([[176, 725], [331, 725], [331, 788], [176, 788]], '그렇지?', 0.9996917247772217), ([[40, 792], [468, 792], [468, 848], [40, 848]], '주제파악올 활출 안다면', 0.6156074106728137), ([[84, 856], [424, 856], [424, 912], [84, 912]], '타인의 면전에 대고', 0.980338372267866), ([[15, 913], [492, 913], [492, 978], [15, 978]], '이런 무려한 행동올 하지논', 0.6128459702270224), ([[143, 981], [363, 981], [363, 1041], [143, 1041]], '않울 테니까', 0.7913561642290834), ([[1095, 1203], [1489, 1203], [1489, 1263], [1095, 1263]], '번듯한 직장하나 없이', 0.8404859163730576), ([[1182, 1268], [1402, 1268], [1402, 1324], [1182, 1324]], '항상 알바로', 0.9870360103367185), ([[1043, 1329], [1541, 1329], [1541, 1389], [1043, 1389]], '전전긍긍하면서 리월항에서', 0.4868027320265855), ([[1106, 1394], [1478, 1394], [1478, 1450], [1106, 1450]], '어슬렇거리기나 하고', 0.8853130526289625)]
[([[1293.1544713137735, 808.0162541581111], [1457.4392912283577, 887.6988371268532], [1348.8455286862265, 1111.983745841889], [1184.5607087716423, 1032.3011628731467]], '7 /', 0.0567479555022835)]
[([[1281.1487318082727, 812.0157588233643], [1454.9074733096086, 876.9039145907474], [1359.8512681917273, 1127.9842411766356], [1186.0925266903914, 1063.0960854092527]], '2,', 0.019870262782277548)]
[([[1238, 852], [1406, 852], [1406, 1108], [1238, 1108]], ' ', 0.018565610745046257)]
[([[1238, 850], [1408, 850], [1408, 1108], [1238, 1108]], '"', 0.036096097777443825)]
[]
[]
[]
[]
[]
[]
[([[88, 750], [374, 750], [374, 806], [88, 806]], '착실하고 열심히', 0.9976773677998262), ([[104, 812], [358, 812], [358, 866], [104, 866]], '사능 사람들과', 0.4818320213654412), ([[3, 869], [456, 869], [456, 929], [3, 929]], '여성들올 음료한 눈빛으로', 0.38266598340183805), ([[87, 932], [374, 932], [374, 986], [87, 986]], '쳐다보기나 하고', 0.9734382374180185), ([[973, 1035], [1501, 1035], [1501, 1095], [973, 1095]], '항상 나태하게 소비적인 생활만', 0.9644527880799106), ([[1058, 1098], [1416, 1098], [1416, 1154], [1058, 1154]], '추구하면서 생산적인', 0.9680987246972954), ([[990, 1158], [1484, 1158], [1484, 1214], [990, 1214]], '일은 일절 하려하지 않는 너가', 0.3978719690866367), ([[968, 1218], [1504, 1218], [1504, 1274], [968, 1274]], '자기 자신올 돌아빛올 리가 없지', 0.44349819142118646)]
[]
[([[14, 804], [392, 804], [392, 860], [14, 860]], '더이상 긴말 안할테니', 0.9418932503958958), ([[140, 864], [264, 864], [264, 918], [140, 918]], '사라저', 0.7752310134454734), ([[0, 926], [414, 926], [414, 980], [0, 980]], '앞으로 내 눈앞에 띄지마', 0.9122094423039375), ([[1271, 1057], [1399, 1057], [1399, 1113], [1271, 1113]], '산속에', 0.9891142682122458), ([[1176, 1120], [1502, 1120], [1502, 1176], [1176, 1176]], '들어가서반성이나', 0.9980430026843591), ([[1260, 1178], [1412, 1178], [1412, 1239], [1260, 1239]], '하던가..', 0.5156267525987553)]
[([[184, 304], [312, 304], [312, 358], [184, 358]], '젠장]!!', 0.19282197471582416), ([[1164, 702], [1400, 702], [1400, 758], [1164, 758]], '이건또 무슨..', 0.5523271162681004), ([[378, 714], [508, 714], [508, 812], [378, 812]], '힘들', 0.2136113829030024), ([[921, 719], [1037, 719], [1037, 807], [921, 807]], '흔륙', 0.1673444999780502)]
[([[1246, 682], [1300, 682], [1300, 730], [1246, 730]], '아', 0.9999325286802474), ([[378, 714], [508, 714], [508, 812], [378, 812]], '힘들', 0.46130278441337), ([[921, 719], [1037, 719], [1037, 807], [921, 807]], '흔륙', 0.11000993586643144)]
[([[799.9866830797658, 1288.0428603412367], [875.5875298235055, 1245.0143916004863], [968.0133169202342, 1429.9571396587633], [892.4124701764945, 1472.9856083995137]], '흙', 0.27860004639211766), ([[1075.3375962791652, 1409.016887071637], [1227.4951321802298, 1545.412288779934], [1152.6624037208348, 1630.983112928363], [1000.5048678197703, 1494.587711220066]], "4%'", 0.16588265911476394)]
[([[798.7147216997124, 1340.2024415183898], [873.7054806231554, 1276.01915653394], [981.2852783002876, 1421.7975584816102], [907.2945193768446, 1485.98084346606]], '&', 0.117326074221765)]
[([[1168, 338], [1482, 338], [1482, 394], [1168, 394]], '후우 .주제파악올', 0.6122182440890209), ([[1236, 402], [1416, 402], [1416, 456], [1236, 456]], '하라고 ?', 0.47959832654640266), ([[127, 885], [309, 885], [309, 945], [127, 945]], '어이 각청', 0.7240896223682727), ([[103, 949], [325, 949], [325, 1009], [103, 1009]], '난 누구보다', 0.998940198739865), ([[5, 1011], [431, 1011], [431, 1073], [5, 1073]], '주제파악올 잘하고있어', 0.9259241096779434), ([[617, 1847], [735, 1847], [735, 1935], [617, 1935]], '말빛', 0.19634411174900937), ([[880, 1880], [1046, 1880], [1046, 1978], [880, 1978]], '말량', 0.17612709407049357)]
[([[2, 340], [74, 340], [74, 412], [2, 412]], '꾸', 0.9863095024250015), ([[49, 391], [117, 391], [117, 471], [49, 471]], '울', 0.22140319572925282), ([[1169, 441], [1383, 441], [1383, 501], [1169, 501]], '주제파악올', 0.8432255051482802), ([[1145, 505], [1407, 505], [1407, 565], [1145, 565]], '할줄 올랍다면', 0.0734666567539961), ([[1084, 570], [1468, 570], [1468, 626], [1084, 626]], '최면술 따위 배우지도', 0.9820835919513684), ([[1145, 633], [1407, 633], [1407, 693], [1145, 693]], '않앗올 거라고', 0.33135711600137596), ([[606, 1852], [738, 1852], [738, 1930], [606, 1930]], '돌텔', 0.01994250190999578), ([[864, 1858], [994, 1858], [994, 1958], [864, 1958]], '적쁨', 0.034966513918492224), ([[185.419584784954, 213.01685830120883], [320.4542973042861, 335.7417393471104], [260.580415215046, 404.9831416987912], [124.54570269571389, 281.2582606528896]], '혜앗들', 0.001595506366581364)]
[([[39, 823], [390, 823], [390, 883], [39, 883]], '죄송합니다 . 한번좀', 0.37301973013621575), ([[62, 888], [368, 888], [368, 944], [62, 944]], '꼭 해드리고 싶은', 0.972645983768219), ([[97, 949], [331, 949], [331, 1009], [97, 1009]], '말이 있어서..', 0.547335770744352), ([[1172, 1492], [1226, 1492], [1226, 1542], [1172, 1542]], '그', 0.9999948740071183), ([[1242, 1490], [1404, 1490], [1404, 1544], [1242, 1544]], '사실은 ..', 0.5715523573943055)]
[([[0, 340], [74, 340], [74, 412], [0, 412]], '꾸', 0.6308888495974294), ([[48, 390], [122, 390], [122, 476], [48, 476]], '울', 0.14567146426874533), ([[1165, 419], [1383, 419], [1383, 479], [1165, 479]], '실컷 잘난척', 0.8168160957847648), ([[1055, 481], [1491, 481], [1491, 543], [1055, 543]], '해놓고 보지논 손가락좀', 0.3130163107786676), ([[1039, 547], [1509, 547], [1509, 607], [1039, 607]], '들어갖다고 꽉꽉 물어대는', 0.7232397687664678), ([[1134, 612], [1412, 612], [1412, 668], [1134, 668]], '개변태 주제에..', 0.9287517706540587), ([[88, 1188], [466, 1188], [466, 1244], [88, 1244]], '오늘부터 현모양처로', 0.9987467991781452), ([[130, 1250], [428, 1250], [428, 1306], [130, 1306]], '조교해출 테니까', 0.6487142760990859), ([[83, 1311], [475, 1311], [475, 1373], [83, 1373]], '그렇게 알고 잇으라고', 0.5848465770618179), ([[606, 1852], [736, 1852], [736, 1928], [606, 1928]], '0', 0.32039457813431227), ([[864, 1858], [992, 1858], [992, 1956], [864, 1956]], '손쁨', 0.003473257346594026), ([[185.419584784954, 213.01685830120883], [320.4542973042861, 335.7417393471104], [260.580415215046, 404.9831416987912], [124.54570269571389, 281.2582606528896]], '$앗:', 0.0027430890267112593)]
[([[802.1261395850491, 2011.0478702239475], [852.5357076128992, 1982.017956567803], [923.8738604149509, 2117.9521297760525], [873.4642923871008, 2146.9820434321973]], '출', 0.02015469214923926)]
[([[1152, 354], [1248, 354], [1248, 402], [1152, 402]], '오오.', 0.5999099612236023), ([[981, 413], [1435, 413], [1435, 473], [981, 473]], '이거 생각보다 굉장한걸?', 0.8131381740982946), ([[19, 1593], [573, 1593], [573, 1653], [19, 1653]], '가까이서 화도 그로테스크함이', 0.8337742743231479), ([[141, 1657], [453, 1657], [453, 1717], [141, 1717]], '하나도 없잖아.!!', 0.4449335742593113)]
[([[964, 348], [1268, 348], [1268, 404], [964, 404]], '이런 예뿐 보지는', 0.5924245547304126), ([[939, 411], [1295, 411], [1295, 471], [939, 471]], '맛보지않울 수 없지', 0.7146966646842653), ([[1043, 1279], [1133, 1279], [1133, 1371], [1043, 1371]], "품 '", 0.20074933767318726)]
[([[920, 46], [1155, 46], [1155, 199], [920, 199]], '꾸육', 0.17718585096571474), ([[1044, 1274], [1116, 1274], [1116, 1364], [1044, 1364]], '못', 0.06777058730503516), ([[330, 1490], [498, 1490], [498, 1544], [330, 1544]], '오오옷 !', 0.5237604037405087), ([[183, 1551], [643, 1551], [643, 1611], [183, 1611]], '햇바닥까지 미끌미골하게', 0.5810076469148935), ([[247, 1615], [581, 1615], [581, 1675], [247, 1675]], '취감겨오고 있어.!', 0.42074404569695917), ([[1047.082420613745, 385.02478135428237], [1265.6725269705883, 467.6793307278496], [1209.917579386255, 603.9752186457176], [991.3274730294116, 522.3206692721503]], '곡옆', 0.003443000420292427)]
[([[917, 69], [1049, 69], [1049, 215], [917, 215]], '춤', 0.06013997673702165), ([[1200, 124], [1352, 124], [1352, 284], [1200, 284]], '첫', 0.28842219975337), ([[263, 1525], [569, 1525], [569, 1585], [263, 1585]], '우선 넣기중게 잘', 0.4789418090757733), ([[344, 1590], [492, 1590], [492, 1646], [344, 1646]], '풀어서.', 0.9431834178717202), ([[1038.7266027864644, 361.04509928914786], [1213.1785924829394, 385.32475683836026], [1186.2733972135356, 537.9549007108521], [1011.8214075170606, 513.6752431616397]], '춤0', 0.15890071500152605), ([[1087.2397140787302, 1506.058141511747], [1159.9708620131237, 1538.4609908660468], [1139.7602859212698, 1580.941858488253], [1067.0291379868763, 1548.5390091339532]], '2 0', 0.018700381990587527)]
[([[1060.4281473238832, 1538.023397351374], [1114.4506759459857, 1522.0145228372207], [1157.5718526761168, 1673.976602648626], [1103.5493240540143, 1690.9854771627793]], '줄', 0.22065119097778396)]
[([[1033, 591], [1409, 591], [1409, 651], [1033, 651]], '하아 바로 특농정액', 0.7405627971563268), ([[1043, 653], [1395, 653], [1395, 713], [1043, 713]], '자궁에 싸줄 테니까', 0.4118900228769474), ([[1112, 714], [1327, 714], [1327, 778], [1112, 778]], '수정하라고', 0.9996392299123402), ([[1095, 1269], [1244, 1269], [1244, 1362], [1095, 1362]], '쪽울', 0.07178610868521625), ([[1063, 1495], [1205, 1495], [1205, 1583], [1063, 1583]], '}품', 0.1505116484062315), ([[339, 1601], [401, 1601], [401, 1645], [339, 1645]], '네.', 0.898228997938093)]
[([[1044, 519], [1247, 519], [1247, 581], [1044, 581]], '후우 . 후우.', 0.3481688908325781), ([[1074, 588], [1236, 588], [1236, 644], [1074, 644]], '넣는다 .', 0.2671945286812472), ([[1131, 1289], [1239, 1289], [1239, 1375], [1131, 1375]], '쭉 ', 0.1400611449276903)]
[([[1180, 658], [1334, 658], [1334, 710], [1180, 710]], '오옷..!!', 0.1527262138967252), ([[1031, 718], [1478, 718], [1478, 779], [1031, 779]], '잘안들어갈줄 알앗더니.', 0.5145127290909868), ([[1023, 782], [1491, 782], [1491, 844], [1023, 844]], '의외로 쭉쭉 들어가잡아.!', 0.8592240287644968), ([[1137, 1231], [1255, 1231], [1255, 1319], [1137, 1319]], '걱,', 0.19448950212163357), ([[101, 1761], [613, 1761], [613, 1821], [101, 1821]], '열심히 풀어문 보람이 있군 .!', 0.523576501463759)]
[([[124, 866], [280, 866], [280, 922], [124, 922]], '사실은?', 0.9994661808013916)]
[([[1019, 783], [1421, 783], [1421, 843], [1019, 843]], '하아 .질주름이 자지틀', 0.45954300032987244), ([[1070, 848], [1372, 848], [1372, 904], [1070, 904]], '꾸육꾸육 감싸서', 0.988902279091494), ([[1046, 912], [1400, 912], [1400, 968], [1046, 968]], '정액 조르고 있어!!', 0.9147838955944658), ([[887.3495316547937, 1196.0235368361539], [1008.8510786973017, 1286.3695381347077], [959.6504683452063, 1351.9764631638461], [839.1489213026983, 1261.6304618652923]], '4넷', 0.05528964327860093), ([[781.246353789955, 1390.0316101004648], [929.9984945776813, 1456.8353933918718], [895.753646210045, 1526.9683898995352], [748.0015054223187, 1460.1646066081282]], '#진', 0.020404470426000444)]
[([[1230, 246], [1334, 246], [1334, 298], [1230, 298]], '크옥  ', 0.12829943001270294), ([[1199, 307], [1371, 307], [1371, 367], [1199, 367]], '작정하고', 0.9996488690376282), ([[1111, 371], [1459, 371], [1459, 431], [1111, 431]], '정액 짜내려 하느데', 0.6546446412047945), ([[1134, 436], [1438, 436], [1438, 492], [1134, 492]], '버티 수 잇흘리가', 0.07414158104124416), ([[522, 498], [590, 498], [590, 552], [522, 552]], '아', 0.7600976067526553), ([[1197, 499], [1377, 499], [1377, 559], [1197, 559]], '없잖아!!', 0.6049587588798679), ([[242, 588], [356, 588], [356, 638], [242, 638]], '대 0', 0.10522150116634364), ([[983, 1231], [1163, 1231], [1163, 1369], [983, 1369]], '전봄', 0.2414174395946363), ([[1224, 1244], [1424, 1244], [1424, 1352], [1224, 1352]], '꼭격', 0.40201396565420516), ([[304, 1566], [482, 1566], [482, 1622], [304, 1622]], '일단 한발', 0.9953264363293757), ([[990, 1494], [1200, 1494], [1200, 1594], [990, 1594]], '업기', 0.04746348535118657), ([[1234, 1496], [1442, 1496], [1442, 1620], [1234, 1620]], '체흡', 0.05798014548446454), ([[284, 1628], [502, 1628], [502, 1684], [284, 1684]], '싸줄 테니까', 0.8651471244853337), ([[308, 1692], [480, 1692], [480, 1748], [308, 1748]], '감사하게', 0.9363084867884592), ([[300, 1756], [490, 1756], [490, 1812], [300, 1812]], '받아라.!!!', 0.48406471731313727)]
[([[1160, 414], [1266, 414], [1266, 466], [1160, 466]], '욕  !!', 0.390663070334266), ([[1110, 478], [1318, 478], [1318, 532], [1110, 532]], '그오오옷  !', 0.7573382619346007), ([[811, 1151], [915, 1151], [915, 1241], [811, 1241]], '꽃,', 0.5428373329787818), ([[675, 1341], [741, 1341], [741, 1421], [675, 1421]], '뜻', 0.18632157912110703)]
[([[1108, 490], [1162, 490], [1162, 544], [1108, 544]], '희.', 0.30151298859093933), ([[1180, 490], [1232, 490], [1232, 546], [1180, 546]], '학:', 0.1434216701025548), ([[1100, 554], [1254, 554], [1254, 608], [1100, 608]], '허억...9', 0.6495803411674852), ([[1020, 1292], [1108, 1292], [1108, 1366], [1020, 1366]], '푹?', 0.20194092143450007), ([[1140, 1520], [1214, 1520], [1214, 1572], [1140, 1572]], '.', 0.7544416459631442), ([[1035.947163526913, 1473.050500679897], [1174.4355162785557, 1508.5214945738148], [1148.052836473087, 1598.949499320103], [1009.5644837214444, 1563.4785054261852]], '%흙:', 0.036763646945146944)]
[([[1170, 658], [1264, 658], [1264, 712], [1170, 712]], '으웃.', 0.45169435562209564), ([[1285, 659], [1327, 659], [1327, 703], [1285, 703]], '0', 0.38388185149543474), ([[1139.067545241665, 1469.048434319983], [1299.767715205364, 1504.9684562329035], [1278.932454758335, 1582.951565680017], [1118.232284794636, 1547.0315437670965]], '유움', 0.39246402411716286)]
[([[1172, 658], [1286, 658], [1286, 710], [1172, 710]], '옷.9', 0.270541062956761), ([[1019, 1257], [1103, 1257], [1103, 1359], [1019, 1359]], '뜻', 0.03317100905409576)]
[([[1050, 434], [1258, 434], [1258, 488], [1050, 488]], '하아하아..', 0.3881010252605786), ([[1072, 496], [1240, 496], [1240, 552], [1072, 552]], '분하지만', 0.9995437264442444), ([[997, 554], [1311, 554], [1311, 618], [997, 618]], '패배름 인정하지..', 0.4786244198389461), ([[1199, 1097], [1313, 1097], [1313, 1161], [1199, 1161]], '움질 ,', 0.5160455703735352), ([[344, 1606], [474, 1606], [474, 1662], [344, 1662]], '하지만', 0.9998145175407399), ([[241, 1669], [585, 1669], [585, 1729], [241, 1729]], '이제 한번 이긴결로', 0.526576226950887), ([[185, 1733], [643, 1733], [643, 1793], [185, 1793]], '기고만장해지지 말라고.!', 0.9962796353795309), ([[1057.296509058267, 1270.0354396768425], [1108.4816146413077, 1247.016587701039], [1166.703490941733, 1382.9645603231575], [1115.5183853586923, 1405.983412298961]], '출', 0.07612352690945645)]
[([[142, 646], [350, 646], [350, 702], [142, 702]], '후우 . 후우.', 0.8705024958665394), ([[89, 709], [419, 709], [419, 769], [89, 769]], '좋아 . 그대로 다리', 0.6218382723583742), ([[64, 774], [442, 774], [442, 830], [64, 830]], '들어올리고 있으라고', 0.7005442018958231), ([[1241, 855], [1397, 855], [1397, 1065], [1241, 1065]], '오', 0.4245010075303526), ([[1184, 1392], [1402, 1392], [1402, 1448], [1184, 1448]], '눈에 초점도', 0.985339046540982), ([[1123, 1453], [1463, 1453], [1463, 1513], [1123, 1513]], '돌아오기 시작한걸', 0.7291968379633155), ([[1126, 1520], [1462, 1520], [1462, 1576], [1126, 1576]], '보니까 최면세뇌가', 0.8914716133173091), ([[1059, 1581], [1527, 1581], [1527, 1641], [1059, 1641]], '서서히 완성되가는 거듭군', 0.3209683886432941)]
[([[154, 826], [330, 826], [330, 882], [154, 882]], '어이 각청', 0.7790691796353199), ([[50, 890], [434, 890], [434, 946], [50, 946]], '보지 제대로 안조이면', 0.8696252892415247), ([[0, 950], [487, 950], [487, 1013], [0, 1013]], '정액이 전부 흘러버리장아?', 0.3783193649588446), ([[1241, 853], [1399, 853], [1399, 1067], [1241, 1067]], '오', 0.22562236131009072), ([[1161, 1345], [1459, 1345], [1459, 1405], [1161, 1405]], '임신해서 훌륭한', 0.9440555801636523), ([[1122, 1408], [1498, 1408], [1498, 1468], [1122, 1468]], '엄마가월 생각이라면', 0.40757063692709233), ([[1132, 1474], [1490, 1474], [1490, 1530], [1132, 1530]], '정액 흘리지 말라고!', 0.646918050162654), ([[690, 1714], [818, 1714], [818, 1848], [690, 1848]], '때', 0.14059922962246763), ([[819.8711994204448, 1720.1627962328914], [1031.2, 1690.6], [1040.1288005795552, 1812.8372037671086], [828.8, 1842.4]], '월', 0.0799341032814107)]
[([[47, 961], [369, 961], [369, 1021], [47, 1021]], '네 .죄송합니다 .?', 0.3745154451487656), ([[1241, 851], [1403, 851], [1403, 1067], [1241, 1067]], '오', 0.2883377618485703), ([[1232, 1412], [1330, 1412], [1330, 1466], [1232, 1466]], '후우', 0.9958001255854861), ([[1116, 1472], [1453, 1472], [1453, 1533], [1116, 1533]], '칠칠치 못한녀석올', 0.516829317717603), ([[1033, 1537], [1539, 1537], [1539, 1597], [1033, 1597]], '조교하려니까 신경쓸 구석이', 0.8196527259553645), ([[1109, 1601], [1465, 1601], [1465, 1661], [1109, 1661]], '한두가지가 아니군!', 0.3963274294397716), ([[893.7984419294426, 1785.0658215579276], [961.593727838165, 1738.0160349939474], [1060.2015580705574, 1897.9341784420724], [991.406272161835, 1944.9839650060526]], '품', 0.5582745453688318)]
[([[46, 856], [196, 856], [196, 906], [46, 906]], '합니다. .', 0.21212956989511433), ([[1219, 1327], [1397, 1327], [1397, 1387], [1219, 1387]], '뭐라구 .?', 0.6646845431529003)]
[([[124, 876], [250, 876], [250, 930], [124, 930]], '웃사  !', 0.2408768742504879), ([[1292.1412799017123, 811.016765483833], [1456.5063655866654, 889.8264213966099], [1349.8587200982877, 1110.983234516167], [1185.4936344133346, 1031.17357860339]], '0 /', 0.060774623338594624), ([[810.0232566046988, 1738.151167930542], [1013.7511678101612, 1715.6916218818567], [1017.9767433953012, 1828.848832069458], [814.2488321898388, 1851.3083781181433]], '숫먹', 0.042153504682434555)]
[([[81, 957], [375, 957], [375, 1017], [81, 1017]], '호오.훌륭하군..', 0.4851265592174405), ([[1241, 853], [1397, 853], [1397, 1065], [1241, 1065]], '오', 0.20767132686074774), ([[148, 1018], [317, 1018], [317, 1083], [148, 1083]], '훌륭해.!', 0.8782777444894702), ([[1185, 1381], [1397, 1381], [1397, 1441], [1185, 1441]], '두번째인데', 0.9853707596467692), ([[1075, 1444], [1506, 1444], [1506, 1505], [1075, 1505]], '이대로 조금만 피스톤질', 0.671259198649653), ([[1058, 1506], [1525, 1506], [1525, 1569], [1058, 1569]], '해쥐도 금방 싸버리켓어.!', 0.465751857442752), ([[665, 1753], [802, 1753], [802, 1842], [665, 1842]], '프월', 0.00487700522454999), ([[951, 1791], [1103, 1791], [1103, 1877], [951, 1877]], '손율', 0.2202143898843918)]
[([[140, 1070], [372, 1070], [372, 1126], [140, 1126]], '후우  하지만', 0.660836743769393), ([[63, 1133], [451, 1133], [451, 1193], [63, 1193]], '본방은 이게 아니라고', 0.9966875054997691), ([[1281.1487318082727, 812.0157588233643], [1455.9074733096086, 876.9039145907474], [1361.8512681917273, 1127.9842411766356], [1187.0925266903914, 1063.0960854092527]], '7,', 0.031519757667126946), ([[955.6787762253883, 1829.005734310872], [1024.997200297054, 1821.0554155173336], [1059.3212237746118, 2126.994265689128], [990.0027997029459, 2134.9445844826664]], '}', 0.016835692400506197)]
[([[176, 922], [352, 922], [352, 978], [176, 978]], '어이 각청', 0.9105606932194287), ([[69, 983], [459, 983], [459, 1043], [69, 1043]], '어째서 사정도 안하고', 0.6776014581818443), ([[1241, 853], [1397, 853], [1397, 1107], [1241, 1107]], '아', 0.06683546019175779), ([[35, 1047], [493, 1047], [493, 1107], [35, 1107]], '자지틀 빼넷는지 알켓나?', 0.08401014023134562), ([[1147, 1349], [1487, 1349], [1487, 1409], [1147, 1409]], '잘 .모르켓습니다 .', 0.5810740912605293), ([[1125.1310239184158, 1818.1599387268122], [1281.7842420265072, 1801.3790414576326], [1286.8689760815842, 1897.8400612731878], [1130.2157579734928, 1915.6209585423674]], '흉질', 0.662258962559253), ([[786.4890423984252, 1919.0217960615755], [834.1680560741811, 1912.114794395472], [853.5109576015748, 2047.9782039384245], [805.8319439258189, 2054.885205604528]], '목', 0.6057065219467042)]
[([[9, 999], [523, 999], [523, 1059], [9, 1059]], '애널에 자지틀 수서넣기 위해', 0.3540337795245112), ([[1234, 845], [1402, 845], [1402, 1074], [1234, 1074]], '오', 0.31579855234187804), ([[118, 1064], [414, 1064], [414, 1120], [118, 1120]], '자지에 정액이량', 0.6805955741090833), ([[97, 1125], [437, 1125], [437, 1185], [97, 1185]], '보지액올 바른거다', 0.7051866270649522), ([[1047, 1253], [1524, 1253], [1524, 1318], [1047, 1318]], '이런 세심한 배려름 해주는', 0.5630685421342264), ([[1071, 1319], [1500, 1319], [1500, 1382], [1071, 1382]], '서방님께는 감사의말씀', 0.43986248531281963), ([[1169, 1385], [1405, 1385], [1405, 1445], [1169, 1445]], '올려야켓지?', 0.9975629167035645), ([[1125.0992057419105, 1819.1654727288906], [1282.8391291267922, 1802.4524969431168], [1286.9007942580895, 1897.8345272711094], [1130.1608708732078, 1915.5475030568832]], '흉질', 0.5696197006941628), ([[785.4186816410238, 1918.0241796922858], [836.363102862892, 1910.1340003943217], [856.5813183589762, 2051.975820307714], [806.636897137108, 2059.8659996056786]], '목', 0.6365896573655938)]
[([[94, 864], [374, 864], [374, 920], [94, 920]], '네 애널에 자지', 0.8238579414926672), ([[49, 927], [423, 927], [423, 987], [49, 987]], '주서서 감사합니다..', 0.7162676506163442), ([[1229, 1659], [1447, 1659], [1447, 1719], [1229, 1719]], '후우 . 좋다 !', 0.450369378391804), ([[1294.1479266221963, 812.0165068526669], [1457.4209862656069, 890.6643678243123], [1349.8520733778037, 1113.983493147333], [1185.5790137343931, 1035.3356321756878]], '0 ,', 0.1588560683967055), ([[954.9639391574054, 1942.0538159110922], [1101.4611279721098, 1970.7616273384053], [1081.0360608425945, 2057.9461840889076], [933.5388720278903, 2028.2383726615947]], '섭원', 0.00918888738756798)]
[([[260, 964], [396, 964], [396, 1014], [260, 1014]], '으라 !!', 0.5621114535085495), ([[900, 1757], [1085, 1757], [1085, 1905], [900, 1905]], '황', 0.015662558568298124), ([[1282.1423878604892, 814.0159946611092], [1453.8268039266354, 877.7882077707822], [1359.8576121395108, 1127.984005338891], [1188.1731960733646, 1064.211792229218]], '4,', 0.03584617314135306)]
[([[184, 864], [432, 864], [432, 916], [184, 916]], '오.오오옷:!', 0.32677503029382515), ([[229, 925], [387, 925], [387, 985], [229, 985]], '훌륭해]', 0.2780943512916565), ([[1179, 1261], [1391, 1261], [1391, 1321], [1179, 1321]], '애널구멍도', 0.852916602606982), ([[1137, 1325], [1435, 1325], [1435, 1385], [1137, 1385]], '자지틀 반름없이', 0.4160744300511921), ([[1161, 1389], [1415, 1389], [1415, 1449], [1161, 1449]], '조이고 있어]', 0.34765393259114963), ([[157, 1745], [537, 1745], [537, 1805], [157, 1805]], '도저히 처음이라고는', 0.8386030825939406), ([[199, 1809], [495, 1809], [495, 1869], [199, 1869]], '믿어지지가 안분', 0.26633908482540153), ([[237, 1871], [459, 1871], [459, 1933], [237, 1933]], '감추이군.!!', 0.5741218566002977), ([[1031, 1963], [1149, 1963], [1149, 2071], [1031, 2071]], '약', 0.9928250729501542), ([[1271.2057333280745, 812.01314650785], [1454.286543626227, 869.456437917707], [1361.7942666719255, 1161.98685349215], [1177.713456373773, 1104.543562082293]], '타', 0.006019834063281104)]
[([[520, 612], [618, 612], [618, 688], [520, 688]], '@ )', 0.8358066265603095), ([[171, 861], [479, 861], [479, 921], [171, 921]], '각정 혹시 애널로', 0.6314968320385663), ([[115, 925], [535, 925], [535, 987], [115, 987]], '자위해본적 있는거나!?', 0.48216634161021027), ([[1144, 1448], [1377, 1448], [1377, 1510], [1144, 1510]], '네 일주일에', 0.9617380948575711), ([[1154, 1511], [1369, 1511], [1369, 1573], [1154, 1573]], '한번정도. .', 0.5220885159522392), ([[202, 1898], [380, 1898], [380, 1952], [202, 1952]], '뭐 . 뒷 .!?', 0.2302090450079729), ([[538, 1824], [778, 1824], [778, 1997], [538, 1997]], '앞페', 0.03283810780691633), ([[938, 1785], [1247, 1785], [1247, 1977], [938, 1977]], '공쁨,', 0.0050923455839742655), ([[545, 2021], [796, 2021], [796, 2204], [545, 2204]], '꾸봄', 0.026708500232069658), ([[951, 2036], [1268, 2036], [1268, 2219], [951, 2219]], '논격', 0.12945391704047057), ([[1280.1214683124626, 813.0160849302289], [1458.8259008993775, 879.4747032000009], [1361.8785316875374, 1133.983915069771], [1183.1740991006225, 1067.525296799999]], '4', 0.2976141246382582)]
[([[88, 894], [464, 894], [464, 950], [88, 950]], '이런 에로 빗치년이!', 0.9236661915283836), ([[1235, 1387], [1447, 1387], [1447, 1447], [1235, 1447]], '동구멍으로', 0.4338644246176992), ([[1165, 1450], [1518, 1450], [1518, 1511], [1165, 1511]], '자워나 하는 주제에', 0.7084104269835132), ([[1139, 1515], [1547, 1515], [1547, 1577], [1139, 1577]], '잘난적 설교햇던거나]', 0.715729374372101), ([[940, 1789], [1244, 1789], [1244, 1973], [940, 1973]], '공일,', 0.003655096223911208), ([[541, 2020], [797, 2020], [797, 2206], [541, 2206]], '꾸연', 0.020526197895060487), ([[951, 2037], [1268, 2037], [1268, 2220], [951, 2220]], '소격', 0.2224606965774009), ([[1294.1227761381995, 807.0167348208248], [1460.571825392998, 891.714087303501], [1346.8772238618005, 1114.9832651791753], [1181.428174607002, 1031.285912696499]], '0 /', 0.09511923988605513), ([[527.2703595964335, 1840.0713511168458], [769.0429219228357, 1820.449182453527], [772.7296404035665, 2002.9286488831542], [530.9570780771643, 2021.550817546473]], '솟례', 0.05979045568939921)]
[([[79, 911], [317, 911], [317, 971], [79, 971]], '좋아합니다]!', 0.5274175862432816), ([[13, 973], [381, 973], [381, 1033], [13, 1033]], '항상 동경해워어요분', 0.10522182108233481), ([[1290, 1226], [1378, 1226], [1378, 1280], [1290, 1280]], '부디', 0.9938839998204678), ([[1193, 1284], [1479, 1284], [1479, 1347], [1193, 1347]], '결혼해 주세요', 0.9653718367730604)]
[([[204, 728], [400, 728], [400, 784], [204, 784]], '어이 각청!', 0.6409689927557217), ([[169, 789], [433, 789], [433, 849], [169, 849]], '네가 좋아하는', 0.9354692836064854), ([[172, 854], [430, 854], [430, 910], [172, 910]], '애널에 아기씨', 0.8970901448132448), ([[89, 917], [515, 917], [515, 977], [89, 977]], '뿌려출테니 진심을 다해', 0.38104218493633357), ([[1243, 851], [1401, 851], [1401, 1051], [1243, 1051]], '오', 0.1877706009173039), ([[220, 984], [386, 984], [386, 1036], [220, 1036]], '조여라]', 0.5132386684417725), ([[1186, 1234], [1358, 1234], [1358, 1284], [1186, 1284]], '네 네에.', 0.8501945819831911), ([[933, 1784], [1247, 1784], [1247, 1979], [933, 1979]], "'학냉,", 0.014299435541033745), ([[546, 2020], [798, 2020], [798, 2200], [546, 2200]], '주', 0.28471989833320777), ([[952, 2041], [1264, 2041], [1264, 2213], [952, 2213]], '학격', 0.014784422448740075), ([[511.557061216753, 1875.166546882297], [767.7212934250421, 1828.3498452051529], [784.442938783247, 1983.833453117703], [528.2787065749579, 2031.6501547948471]], '조각', 0.727712199066932)]
[([[184, 828], [400, 828], [400, 884], [184, 884]], '가  간다!!!', 0.6156194009032636), ([[182, 892], [400, 892], [400, 948], [182, 948]], '각청 애널에', 0.6228099780092279), ([[222, 958], [360, 958], [360, 1010], [222, 1010]], '간다  !!', 0.47936088304956265), ([[1204, 1198], [1426, 1198], [1426, 1254], [1204, 1254]], '그오오옷]]!', 0.3696055093584783), ([[1283.1702156382696, 813.0149731800673], [1458.7212740809096, 877.6390907200347], [1362.8297843617304, 1135.9850268199327], [1187.2787259190904, 1071.3609092799654]], '71', 0.12045319477487922), ([[959.6017106167004, 1744.0072130209328], [1039.5813738670658, 1734.1142636127563], [1073.3982893832995, 2041.9927869790672], [993.4186261329342, 2051.8857363872435]], '~', 0.7457555722431266), ([[574.401330583257, 1858.0915760743364], [653.6243781216745, 1789.013930074493], [792.598669416743, 1972.9084239256636], [713.3756218783255, 2040.986069925507]], '봄', 0.017910404011571623)]
[([[202, 906], [384, 906], [384, 962], [202, 962]], '우오오옷.', 0.8294081363624836), ([[191, 971], [243, 971], [243, 1015], [191, 1015]], '저', 0.7080804932518028), ([[262, 968], [422, 968], [422, 1024], [262, 1024]], '절어.!!!', 0.6343519283323942), ([[1191, 1289], [1521, 1289], [1521, 1352], [1191, 1352]], '보지 따위랑 비교가', 0.712185412257789), ([[1291, 1355], [1415, 1355], [1415, 1409], [1291, 1409]], '안되는', 0.5992572209436441), ([[1220, 1410], [1489, 1410], [1489, 1476], [1220, 1476]], '조임이잡아.!!', 0.14726484003859944), ([[646, 1880], [750, 1880], [750, 1992], [646, 1992]], '뜻', 0.4345797053423759), ([[933, 1891], [1041, 1891], [1041, 2007], [933, 2007]], '뜻', 0.1296080999686291), ([[1279.1524724139351, 812.0149693143649], [1459.09222611129, 873.4574107492726], [1365.8475275860649, 1142.9850306856351], [1185.90777388871, 1081.5425892507274]], '4', 0.1756001118044006)]
[([[927, 677], [959, 677], [959, 691], [927, 691]], '000', 0.5381053807684028), ([[122, 898], [386, 898], [386, 952], [122, 952]], '하아 하아...0', 0.22869869247214997), ([[1240, 852], [1410, 852], [1410, 1108], [1240, 1108]], '아', 0.10094359078338133), ([[941, 1922], [1077, 1922], [1077, 2239], [941, 2239]], '@', 0.11254735335314425)]
[([[1083, 493], [1222, 493], [1222, 578], [1083, 578]], '뵙싹', 0.01690361469139566), ([[557, 575], [657, 575], [657, 649], [557, 649]], '@', 0.10614870931112819), ([[889, 563], [979, 563], [979, 627], [889, 627]], '팬)', 0.03475608517095204), ([[200, 868], [418, 868], [418, 922], [200, 922]], '하아하아.', 0.7504162761163858), ([[85, 931], [533, 931], [533, 991], [85, 991]], '횟수라면 자신 있,든데..', 0.4360915571517784), ([[168, 995], [448, 995], [448, 1055], [168, 1055]], '근 오산이없어.', 0.3031842979748138), ([[1131, 1249], [1429, 1249], [1429, 1309], [1131, 1309]], '이런 터무니없는', 0.906976239664106), ([[1177, 1311], [1385, 1311], [1385, 1371], [1177, 1371]], '명기앞에선', 0.7443153770920115), ([[1133, 1377], [1429, 1377], [1429, 1437], [1133, 1437]], '두발이면 정액이', 0.9833791789604451), ([[1152, 1438], [1407, 1438], [1407, 1500], [1152, 1500]], '텅텅빌 정도로', 0.8005196429422843), ([[1071, 1501], [1493, 1501], [1493, 1563], [1071, 1563]], '짜여질수밖에 없다고 !', 0.7412575135951773), ([[944, 1749], [1092, 1749], [1092, 1850], [944, 1850]], "'음@", 0.06357881261549214), ([[1152, 1810], [1286, 1810], [1286, 1888], [1152, 1888]], '움질,', 0.10902773721019095), ([[777, 1928], [857, 1928], [857, 2071], [777, 2071]], '특', 0.2739453229000368), ([[291.65181877371504, 534.3117294627456], [416.8144105626127, 512.1209006910792], [426.34818122628496, 588.6882705372544], [301.1855894373873, 611.8790993089208]], '오씩', 0.482858656534847), ([[1280.1641887835358, 813.015191547232], [1456.5905289974341, 875.4577612044552], [1363.8358112164642, 1133.984808452768], [1187.4094710025659, 1071.5422387955448]], '41', 0.09352688469662329)]
[([[1085, 495], [1221, 495], [1221, 575], [1085, 575]], '[모재)', 0.028374632820487022), ([[556, 575], [657, 575], [657, 651], [556, 651]], '@', 0.06482226192879725), ([[887, 563], [981, 563], [981, 627], [887, 627]], '@다', 0.026506774850937907), ([[222, 772], [290, 772], [290, 824], [222, 824]], '후 ', 0.46668252129365506), ([[31, 835], [493, 835], [493, 895], [31, 895]], '어때 각청 기분은 좋앞어?', 0.3471389951566797), ([[1150, 1370], [1506, 1370], [1506, 1426], [1150, 1426]], '네 기분 좋찾어요 ', 0.15113652373527448), ([[945, 1752], [1091, 1752], [1091, 1849], [945, 1849]], '옳필', 0.03030779842736219), ([[1149, 1804], [1288, 1804], [1288, 1890], [1149, 1890]], '움질,', 0.4874339309050171), ([[780, 1929], [854, 1929], [854, 2070], [780, 2070]], '특', 0.2539797803286916), ([[291.76462184759066, 533.2820252056036], [416.8099202265251, 511.1156999984395], [426.23537815240934, 589.7179747943964], [300.1900797734749, 611.8843000015605]], '오씩', 0.3483172395079824), ([[1279.1549826530056, 816.0155281617506], [1451.263346633555, 875.0196505858183], [1360.8450173469944, 1133.9844718382494], [1188.736653366445, 1075.9803494141815]], '7,', 0.10437048054308057)]
[([[1083, 493], [1222, 493], [1222, 578], [1083, 578]], '뵙싹', 0.018592565939738816), ([[69, 913], [457, 913], [457, 973], [69, 973]], '좋아 기분증게 해드린', 0.4484107165658437), ([[0, 975], [539, 975], [539, 1035], [0, 1035]], '서방남께는 청소필라 해주는게', 0.16160830442297064), ([[1240, 850], [1408, 850], [1408, 1108], [1240, 1108]], ' ', 0.15623473676103927), ([[59, 1039], [471, 1039], [471, 1099], [59, 1099]], '상식인건 알고 잇켓지?', 0.456046770807959), ([[945, 1752], [1091, 1752], [1091, 1849], [945, 1849]], '옳필', 0.036499538122840215), ([[1152, 1810], [1286, 1810], [1286, 1888], [1152, 1888]], '움질 ', 0.11137657472915236), ([[779, 1929], [855, 1929], [855, 2071], [779, 2071]], '특', 0.4775198600511885), ([[291.7095603064832, 533.2963291646362], [416.8144105626127, 511.1209006910792], [425.2904396935168, 588.7036708353638], [301.1855894373873, 610.8790993089208]], '오씩', 0.41874170031090596)]
[([[1082, 1052], [1304, 1052], [1304, 1108], [1082, 1108]], '하아 . 그래..', 0.27662594757866477), ([[611, 1046], [787, 1046], [787, 1167], [611, 1167]], '주육', 0.03206813569371833), ([[983, 1117], [1407, 1117], [1407, 1177], [983, 1177]], '그렇게 서서히 기둥까지', 0.8183541021613715), ([[981, 1181], [1411, 1181], [1411, 1241], [981, 1241]], '빨면서 청소해 가느거야', 0.48007762950107635), ([[966, 1242], [1425, 1242], [1425, 1305], [966, 1305]], '처음인데 아주 잘하는길?', 0.5097518860584219), ([[341.91619040485864, 860.053523089072], [478.1256057739846, 887.7020810024094], [455.08380959514136, 982.946476910928], [318.8743942260154, 955.2979189975906]], '주원', 0.46563655220079975), ([[298.5032515143617, 1056.080239083564], [371.61886349667185, 989.0136849752164], [521.4967484856382, 1176.919760916436], [448.38113650332815, 1242.9863150247836]], '출', 0.008247457642313272)]
[([[631, 982], [832, 982], [832, 1097], [631, 1097]], '떼로', 0.32462411582986767), ([[1164, 1228], [1340, 1228], [1340, 1282], [1164, 1282]], '아좋아 .', 0.5947281012806025), ([[1128, 1290], [1370, 1290], [1370, 1346], [1128, 1346]], '절어 . 그대로', 0.8100688301584161), ([[1021, 1353], [1485, 1353], [1485, 1413], [1021, 1413]], '부드럽게 귀두 물어보럽9', 0.31225549147064596), ([[355.71081591088654, 861.2408347811668], [530.9551002307053, 835.6120285020969], [538.2891840891134, 929.7591652188332], [363.0448997692947, 955.3879714979031]], '폐모', 0.3060479404130983)]
[([[1083, 821], [1327, 821], [1327, 881], [1083, 881]], '우오오옷..!', 0.720398284106316), ([[388.24581980199497, 888.0142247528664], [754.9999365521486, 1040.949622326065], [684.7541801980051, 1192.9857752471337], [318.0000634478514, 1040.050377673935]], '4%', 0.0762634473086903)]
[]
[([[1146, 830], [1296, 830], [1296, 886], [1146, 886]], '간닷.!!', 0.5597818045436914), ([[53.28299347237578, 1033.0183727113279], [149.60684058204907, 1005.0925177208857], [214.71700652762422, 1255.9816272886721], [117.39315941795093, 1283.9074822791144]], '북', 0.2734786907166473), ([[113.86004720019345, 1287.0406608027083], [204.57516757566933, 1218.0103413963932], [368.13995279980657, 1458.9593391972917], [277.4248324243307, 1527.9896586036068]], '출', 0.08038572712671144)]
[([[1092, 958], [1326, 958], [1326, 1010], [1092, 1010]], '아 아아.9', 0.47072653366267664), ([[159, 1173], [269, 1173], [269, 1291], [159, 1291]], '표', 0.2516401400725954), ([[316, 1350], [414, 1350], [414, 1454], [316, 1454]], '꽃', 0.11355611301837953)]
[([[1092, 958], [1326, 958], [1326, 1010], [1092, 1010]], '아아아.9', 0.7235394707747401), ([[610, 1062], [728, 1062], [728, 1166], [610, 1166]], '쭉', 0.7214585626652479), ([[553, 1161], [665, 1161], [665, 1279], [553, 1279]], '모', 0.1203581069647166), ([[540.4790329312581, 1258.0967794620194], [622.7462795139851, 1313.6598242905964], [520.5209670687419, 1461.9032205379806], [438.2537204860149, 1405.3401757094036]], '%', 0.29601444083562356)]
[([[527.2418773901741, 1080.110831382375], [725.5559304199584, 1066.09680620704], [726.7581226098259, 1186.889168617625], [528.4440695800416, 1200.90319379296]], '뜻학', 0.35293443824334503)]
[([[1055, 871], [1369, 871], [1369, 931], [1055, 931]], '후우 .청소필라만', 0.43837025715570666), ([[1085, 935], [1341, 935], [1341, 995], [1085, 995]], '시키려 햇는데', 0.5638529075469411), ([[1044, 995], [1383, 995], [1383, 1057], [1044, 1057]], '분위기타서 한발더', 0.9001216621070821), ([[1095, 1061], [1331, 1061], [1331, 1121], [1095, 1121]], '싸버럿잡아 .', 0.23952999468998926), ([[1218, 1218], [1416, 1218], [1416, 1272], [1218, 1272]], '이기세라면', 0.9993000376339344), ([[1236, 1278], [1398, 1278], [1398, 1332], [1236, 1332]], '당분간은', 0.9993356466293335), ([[1175, 1334], [1459, 1334], [1459, 1394], [1175, 1394]], '자지가 마을날이', 0.6428070552076449), ([[1247, 1395], [1383, 1395], [1383, 1451], [1247, 1451]], '없젯어.', 0.3997328281402588)]
[]
[]
[]
[]
[]
[([[67, 687], [355, 687], [355, 747], [67, 747]], '날 좋아한다고?', 0.6191265305302526), ([[1095, 1237], [1459, 1237], [1459, 1297], [1095, 1297]], '예 정말 오래전부터.', 0.6227055936772964)]
[]
[]
[]
[]
[]
[]
[]
[]
[]
[]
[([[152, 750], [256, 750], [256, 800], [152, 800]], "'하아", 0.8398025665588572)]
[]
[]
[]
[]
[]
[]
[]
[]
[]
[]
[([[0, 700], [408, 700], [408, 756], [0, 756]], '주제파악좀 하지그래?', 0.902172058448062), ([[1250, 1159], [1356, 1159], [1356, 1211], [1250, 1211]], '예..?', 0.30711880326271057)]
[]
[]
[]
[]
[([[1290.1227761381995, 808.0167348208248], [1457.0852531959645, 885.7936355558996], [1350.8772238618005, 1115.9832651791753], [1183.9147468040355, 1038.2063644441005]], '0 ,', 0.17817603854735806)]
[([[1300.1577061295197, 807.0161299804663], [1457.8737229146866, 893.5641567673968], [1337.8422938704803, 1111.9838700195337], [1180.1262770853134, 1025.4358432326032]], '0 ,', 0.13144433685453175)]
[([[1238, 852], [1410, 852], [1410, 1078], [1238, 1078]], '오', 0.06616080991170836)]
[([[1292.1512115743144, 810.0163797747409], [1456.227549477473, 886.3088194715774], [1350.8487884256856, 1112.983620225259], [1185.772450522527, 1036.6911805284226]], '0 ,', 0.33576627033137113)]
[([[1292.1512115743144, 810.0163797747409], [1456.227549477473, 886.3088194715774], [1350.8487884256856, 1112.983620225259], [1185.772450522527, 1036.6911805284226]], '0 ,', 0.33576627033137113)]
[([[1281.1735161626043, 816.015529925274], [1450.7509820433759, 876.0037452896712], [1359.8264838373957, 1125.984470074726], [1191.2490179566241, 1065.996254710329]], '41', 0.017093617818984004)]
