2358446
8
[([[110, 48], [294, 48], [294, 96], [110, 96]], '디펴 들어화', 0.14303987239094312), ([[432, 38], [756, 38], [756, 86], [432, 86]], '최근에 의사틀 만나지', 0.572325885274657), ([[432, 78], [756, 78], [756, 128], [432, 128]], '못해서 피임약이 없어', 0.9849558268315329), ([[738, 166], [1038, 166], [1038, 214], [738, 214]], '나도 이거 쓰기 싫어', 0.9162988447413615), ([[796, 208], [982, 208], [982, 256], [796, 256]], '한지만 내가', 0.9999455708151549), ([[742, 250], [1034, 250], [1034, 298], [742, 298]], '임신하는 꼴을 보기', 0.532879451044944), ([[748, 292], [1026, 292], [1026, 340], [748, 340]], '싫잖아? 그럼 이걸', 0.4652155643400944), ([[756, 332], [1016, 332], [1016, 381], [756, 381]], '다시 싸야할거야', 0.3682366928227527), ([[740, 920], [956, 920], [956, 968], [740, 968]], '사실 보고싶긴', 0.9038227866256332), ([[795, 965], [903, 965], [903, 1009], [795, 1009]], '하지만', 0.9999298671292889), ([[756, 1074], [938, 1074], [938, 1122], [756, 1122]], '너가 그렇게', 0.7044208671036215), ([[760, 1116], [902, 1116], [902, 1164], [760, 1164]], '말한다면', 0.9070554971694946), ([[751, 1443], [1001, 1443], [1001, 1487], [751, 1487]], "'", 0.6049557233821048), ([[681, 1484], [1067, 1484], [1067, 1527], [681, 1527]], "'", 0.6192969508440207)]
[([[765, 1138], [979, 1138], [979, 1202], [765, 1202]], '퍼시피카?', 0.9855291034723065), ([[749, 1440], [1002, 1440], [1002, 1489], [749, 1489]], "'", 0.6329941508762751), ([[679, 1482], [1068, 1482], [1068, 1531], [679, 1531]], "'", 0.6000636572530915)]
[([[446, 1568], [632, 1568], [632, 1744], [446, 1744]], '딱', 0.11818996213719402), ([[67, 1987], [289, 1987], [289, 2023], [67, 2023]], '다-)과%흡0갈', 5.6383717895080945e-05), ([[3, 2023], [353, 2023], [353, 2060], [3, 2060]], '[ (어어/름.-서-설지6)', 8.678464019823186e-05), ([[409.3107091889453, 196.86214183778907], [637.6605073054405, 85.24560473399349], [693.6892908110548, 201.13785816221093], [465.33949269455945, 312.7543952660065]], '움싶 ', 0.12064475566148758)]
[([[477, 481], [683, 481], [683, 645], [477, 645]], '앞', 0.07667451410740345), ([[374, 2126], [570, 2126], [570, 2158], [374, 2158]], "|:-서.)피' (04", 0.00020425320917443236), ([[320, 2158], [624, 2158], [624, 2187], [320, 2187]], '[:이꼴-)끈)과추', 5.256961422193413e-06), ([[681.8322559958033, 75.17352956180942], [971.4642557183062, -18.873170791543885], [1028.1677440041967, 223.82647043819057], [738.5357442816938, 318.8731707915439]], '소평', 0.014975669205542367), ([[660.5835921350013, 1878.2917960675006], [929.6848760040634, 1776.472254525408], [974.4164078649987, 1896.7082039324994], [704.3151239959366, 1998.527745474592]], '@젯용', 0.00641321539749551), ([[124.7645425688811, 1871.0509650834613], [205.54312188631755, 1794.0098359376354], [401.2354574311189, 2021.9490349165387], [321.4568781136824, 2099.9901640623643]], '#', 0.003691557906310275)]
[([[355, 1121], [491, 1121], [491, 1263], [355, 1263]], '뽑 ', 0.016713403810996667), ([[979, 1615], [1017, 1615], [1017, 1663], [979, 1663]], "'", 0.5768610242840033), ([[975, 1669], [1017, 1669], [1017, 1869], [975, 1869]], "'", 0.6029640777729242), ([[243.04930176025255, 883.028269572243], [771.9097472088308, 953.3029602977247], [743.9506982397475, 1082.9717304277572], [215.09025279116915, 1012.6970397022753]], '물림물퍽', 0.011309633031487465)]
[([[632, 440], [730, 440], [730, 556], [632, 556]], '0)', 0.7324820819406169), ([[724, 1538], [923, 1538], [923, 1578], [724, 1578]], '이 [""\'', 0.006145215217102492), ([[670, 1560], [976, 1560], [976, 1610], [670, 1610]], "다진'오':", 0.0001625153062457188)]
[([[171, 239], [195, 239], [195, 257], [171, 257]], '아', 0.6840265413928002), ([[219, 259], [295, 259], [295, 303], [219, 303]], '하아', 0.9999801910386653), ([[327, 287], [641, 287], [641, 349], [327, 349]], '월그리 좋아해?', 0.7530105544449219), ([[502, 838], [694, 838], [694, 870], [502, 870]], '-너>과0큰', 0.00018037980551174746), ([[414, 866], [714, 866], [714, 898], [414, 898]], ':각`끗::과', 1.9362794701951257e-05)]
[([[689, 0], [1067, 0], [1067, 43], [689, 43]], "'", 0.5909719070883881), ([[825, 35], [1065, 35], [1065, 75], [825, 75]], "'", 0.6329941508762751), ([[317, 61], [633, 61], [633, 105], [317, 105]], '꽤 많이 커지지 않있나?', 0.797091660310675), ([[759, 213], [941, 213], [941, 257], [759, 257]], '보기 않종지?', 0.5194108978613331), ([[817, 253], [885, 253], [885, 293], [817, 293]], '미안', 0.9998465889182633), ([[531, 421], [667, 421], [667, 463], [531, 463]], '근데 너가', 0.638317575771056), ([[549, 459], [649, 459], [649, 501], [549, 501]], '햇잡아', 0.8860218820896563), ([[593, 601], [743, 601], [743, 645], [593, 645]], '보기종은걸', 0.5727572801627503), ([[656, 644], [688, 644], [688, 680], [656, 680]], '월', 0.9585296443778049), ([[141, 799], [625, 799], [625, 861], [141, 861]], '달림 어떻게 나름 그렇게', 0.7843992845035969), ([[227, 849], [539, 849], [539, 913], [227, 913]], '방치활수 있어?', 0.9034735072619167), ([[54, 1336], [228, 1336], [228, 1384], [54, 1384]], '벌써오늘만', 0.7765213899833704), ([[54, 1373], [227, 1373], [227, 1421], [54, 1421]], '다섯뻔째야', 0.38614458249673556), ([[955.8038311742151, 1385.0717987459852], [1054.799053976572, 1405.2485108526512], [1036.196168825785, 1487.9282012540148], [937.2009460234281, 1468.7514891473488]], '7', 0.023217631331107436)]
