2360926
31
[]
[([[47, 175], [247, 175], [247, 211], [47, 211]], '어때? 내 기술이?', 0.9483870431989079), ([[1079, 285], [1143, 285], [1143, 389], [1079, 389]], '굳', 0.11536655960171416), ([[1027, 371], [1069, 371], [1069, 419], [1027, 419]], '0', 0.9999766351157291), ([[1117, 701], [1195, 701], [1195, 737], [1117, 737]], '히익 !', 0.301457017660141), ([[174, 824], [236, 824], [236, 856], [174, 856]], '호의!', 0.4554356498147926), ([[555.4658462596951, 395.1075084438358], [662.692235710101, 388.1368257185634], [664.5341537403049, 487.8924915561642], [557.307764289899, 495.8631742814366]], '비굴', 0.07485535580013976)]
[([[61, 127], [309, 127], [309, 163], [61, 163]], '뛰야? 벌써 뻗은거야?', 0.8702216112956744), ([[61, 157], [293, 157], [293, 193], [61, 193]], '아직 경기중이장아~', 0.5460343312252567), ([[1122, 348], [1166, 348], [1166, 372], [1122, 372]], '히익.', 0.4815076739518743), ([[120, 654], [260, 654], [260, 686], [120, 686]], '오늘부로 널', 0.8785406726771905), ([[92, 681], [295, 681], [295, 719], [92, 719]], '내 전용 육변기로', 0.9969662957396582), ([[102, 716], [260, 716], [260, 748], [102, 748]], '만들어줄게 ...', 0.9131371641917899), ([[154, 1060], [318, 1060], [318, 1092], [154, 1092]], '쉬논 시간마다', 0.712467352653954), ([[90, 1090], [368, 1090], [368, 1122], [90, 1122]], '개처럼 따먹어풀데니까이', 0.2275770388511438), ([[630, 1040], [752, 1040], [752, 1178], [630, 1178]], '%', 0.6722899244539384)]
[([[110, 84], [288, 84], [288, 132], [110, 132]], '저 , 저것화!', 0.3301535564024804), ([[913, 162], [1262, 162], [1262, 207], [913, 207]], '향지의 교배 프레스가', 0.5961008282776274), ([[976, 206], [1212, 206], [1212, 254], [976, 254]], '크린-히트야!!', 0.5624933507510884), ([[411, 299], [477, 299], [477, 377], [411, 377]], '빼', 0.3110975476602107), ([[152, 292], [276, 292], [276, 456], [152, 456]], '가', 0.435224742108403), ([[46, 588], [70, 588], [70, 620], [46, 620]], '히', 0.5606911442757792), ([[899, 1097], [1243, 1097], [1243, 1133], [899, 1133]], '정통으로 들어자다아아앗-!!!', 0.6528051758369381), ([[56.62918428160435, 620.034676692503], [71.31353508840142, 615.0247289430711], [91.37081571839565, 676.965323307497], [75.68646491159858, 681.9752710569289]], '9', 0.19485471124733866), ([[75.65440104398375, 679.0300859507074], [92.29523712450538, 674.021911265814], [111.34559895601625, 739.9699140492926], [94.70476287549462, 744.978088734186]], '덕', 0.005548293294897144)]
[]
[([[0, 149], [47, 149], [47, 187], [0, 187]], '9', 0.9999797345234498), ([[358, 298], [428, 298], [428, 348], [358, 348]], '(', 0.5133558281986303), ([[970, 480], [1000, 480], [1000, 512], [970, 512]], '2', 0.37107613081894897), ([[143, 613], [193, 613], [193, 653], [143, 653]], '9', 0.8666588872125089), ([[996, 1088], [1270, 1088], [1270, 1138], [996, 1138]], '여은슬  질내사정', 0.3715011542134041), ([[995, 1133], [1107, 1133], [1107, 1177], [995, 1177]], '김향지', 0.5742887854576111), ([[1121, 1133], [1163, 1133], [1163, 1177], [1121, 1177]], '승', 0.9995009329871642), ([[229.22811559863194, 589.0599398312445], [267.4141600979736, 582.2041527112199], [279.771884401368, 662.9400601687555], [241.58583990202638, 669.7958472887801]], '못', 0.33112212674595654)]
[([[77, 35], [187, 35], [187, 71], [77, 71]], '며칠 후', 0.9649936126835338), ([[138, 182], [228, 182], [228, 212], [138, 212]], '하향지야', 0.5107699036598206), ([[46, 212], [314, 212], [314, 242], [46, 242]], '우리 이제 수업 들어가야돼  웃 <', 0.16269254708320152), ([[268, 798], [402, 798], [402, 918], [268, 918]], '분"', 0.012421946303566), ([[1054, 886], [1182, 886], [1182, 916], [1054, 916]], '한 번 더 산다(', 0.3983460415262305), ([[847, 997], [911, 997], [911, 1115], [847, 1115]], '봉', 0.81621944746718)]
[([[492, 48], [662, 48], [662, 76], [492, 76]], '난 반장 여은슬이야', 0.42728931704529377), ([[490, 69], [692, 69], [692, 99], [490, 99]], '지금부터 돌아다니면서', 0.9907152769586863), ([[490, 94], [744, 94], [744, 120], [490, 120]], '격기반 시설올 소개시켜줄게!', 0.4449031766275975), ([[76, 110], [244, 110], [244, 138], [76, 138]], '니가 오늘 외국에서', 0.6155164754947129), ([[74, 134], [266, 134], [266, 162], [74, 162]], '전학온 유학생이구나?', 0.9396120987845051), ([[902, 176], [934, 176], [934, 200], [902, 200]], '후;.', 0.037770238767966265), ([[1042, 316], [1172, 316], [1172, 340], [1042, 340]], '라커롭은 여기 ~', 0.2317913802549469), ([[1028, 446], [1158, 446], [1158, 474], [1028, 474]], '헬스장은 여기~', 0.6552886127598986), ([[916, 675], [1162, 675], [1162, 702], [916, 702]], '운동후에는 여기서 씻으면 돼!', 0.6894957288842053), ([[72, 840], [324, 840], [324, 866], [72, 866]], '여기가 바로 남자 사워실이야 ~', 0.7040047387677564), ([[932, 1099], [1146, 1099], [1146, 1127], [932, 1127]], '어어^~ 판화스틱하네표0~', 0.00932684432221806)]
[([[166, 134], [388, 134], [388, 162], [166, 162]], '그럼 바로 운동해올까들0?', 0.1720276469948785), ([[727, 16], [1047, 16], [1047, 399], [727, 399]], '광', 0.09899710150751506), ([[838, 564], [870, 564], [870, 588], [838, 588]], '액?', 0.99192716054739)]
[([[45, 42], [177, 42], [177, 103], [45, 103]], '자장관', 0.1478400483478617), ([[678, 481], [774, 481], [774, 532], [678, 532]], '해의0', 0.27743950865338873), ([[499, 605], [631, 605], [631, 753], [499, 753]], '부', 0.8861005151527621), ([[1122, 542], [1274, 542], [1274, 726], [1122, 726]], '뷰', 0.07314816540110769), ([[195, 721], [245, 721], [245, 763], [195, 763]], '축급', 0.5351906223469616), ([[1093, 824], [1248, 824], [1248, 888], [1093, 888]], '오고고곡 0', 0.5901098219982867), ([[314, 935], [465, 935], [465, 998], [314, 998]], '오고육00', 0.5499970557597336), ([[45, 993], [130, 993], [130, 1023], [45, 1023]], '$록설토가', 0.0022568743864676897), ([[171.88755284481306, 37.10403007750917], [259.5346459298079, 49.68317147124322], [250.11244715518694, 101.89596992249082], [162.46535407019215, 90.31682852875677]], '오30', 0.3474009480544094), ([[612.9177461456738, -13.982771025841856], [931.3238981437273, 89.77829795066468], [835.0822538543262, 367.9827710258419], [515.6761018562727, 265.2217020493353]], '썩역', 0.012419067258991431), ([[94.95138314173562, 369.01718582293665], [386.2202555652215, 484.4768752942532], [281.0486168582644, 737.9828141770633], [-10.220255565221514, 622.5231247057468]], '제녁', 0.1332332173732787), ([[588.2802656784306, 484.3885579247043], [643.2167045658653, 479.62243575566475], [645.7197343215694, 512.6114420752957], [590.7832954341347, 518.3775642443352]], '그4', 0.06349117171034911)]
[([[629, 53], [753, 53], [753, 165], [629, 165]], '꿀', 0.149556301341641), ([[147, 141], [551, 141], [551, 180], [147, 180]], '역시 운동후에 목욕은 기분이 중네베어~', 0.23855830361453906), ([[1080, 346], [1208, 346], [1208, 466], [1080, 466]], '꿀렉', 0.07590095217709754), ([[959.2272685141362, 92.04996755884855], [1009.4015971607802, 87.50160650031914], [1015.7727314858638, 180.95003244115145], [966.5984028392198, 185.49839349968087]], '배', 0.09127561209703572)]
[]
[]
[]
[]
[([[77, 173], [95, 173], [95, 195], [77, 195]], '<', 0.15814242505624154), ([[642, 234], [704, 234], [704, 266], [642, 266]], '아양?', 0.7282489766784259), ([[620, 270], [726, 270], [726, 300], [620, 300]], '월 꼬라화', 0.554824642793486), ([[582, 303], [764, 303], [764, 335], [582, 335]], '이 돼지육수 새까', 0.8392143464647625), ([[451, 943], [739, 943], [739, 979], [451, 979]], '또 지난번처럼 처맞고싶나?', 0.6408582627024224), ([[424, 980], [756, 980], [756, 1012], [424, 1012]], '뒤지기전에 내 눈앞에서 꺼저라.', 0.8475691181398516)]
[([[1150, 84], [1220, 84], [1220, 108], [1150, 108]], '내 .. 가.', 0.3561307069645179), ([[1136, 106], [1238, 106], [1238, 132], [1136, 132]], '잘모. .. 해씨', 0.19990736639377701), ([[269, 141], [293, 141], [293, 161], [269, 161]], '그', 0.9226645871921305), ([[308, 140], [370, 140], [370, 164], [308, 164]], '그마내', 0.9959823489189148), ([[268, 604], [340, 604], [340, 694], [268, 694]], '부', 0.9999761582841984), ([[1081, 865], [1241, 865], [1241, 990], [1081, 990]], '부들', 0.7413835961506686), ([[333.12703605703103, 608.0638451878109], [378.517216559918, 598.194997509879], [396.87296394296897, 687.9361548121891], [352.482783440082, 697.805002490121]], '듭', 0.1026454655303155)]
[]
[([[468, 194], [548, 194], [548, 272], [468, 272]], '꿀럭', 0.38329397266817783), ([[545, 237], [581, 237], [581, 273], [545, 273]], '0', 0.759296406651643), ([[156, 586], [278, 586], [278, 706], [156, 706]], '꿀다', 0.02895653209087961), ([[797, 991], [879, 991], [879, 1033], [797, 1033]], '현기 구멍 >', 0.19489838635904247)]
[([[614, 168], [644, 168], [644, 206], [614, 206]], '0', 0.9985776240682753), ([[1079, 163], [1177, 163], [1177, 231], [1079, 231]], '%0', 0.6266457155218077), ([[347, 383], [541, 383], [541, 543], [347, 543]], '지적', 0.5969690432144614), ([[947, 505], [1087, 505], [1087, 663], [947, 663]], '집', 0.07385975928759425), ([[557.9820268028815, 163.1317018509494], [618.713906763541, 172.5144372945836], [612.0179731971185, 208.8682981490506], [551.286093236459, 199.4855627054164]], '오소죽', 0.11243116292976942), ([[1118.6972382934432, 573.2230187007528], [1199.0633177744544, 634.3520972663534], [1088.3027617065568, 775.7769812992472], [1007.9366822255455, 714.6479027336466]], '걱', 0.4983030757025553)]
[]
[([[569, 125], [881, 125], [881, 161], [569, 161]], '너때문에 돈날력다고 {년아!', 0.256218298681082), ([[201, 814], [310, 814], [310, 869], [201, 869]], "'히이디터", 0.0775920548386786), ([[114, 1092], [416, 1092], [416, 1124], [114, 1124]], '벌로 죽올때 까지 따먹어주마!', 0.847794938501739), ([[1049, 951], [1259, 951], [1259, 1200], [1049, 1200]], '억', 0.7930838983797948), ([[109.9795056649352, -34.982039115840365], [474.83758186043013, 70.8717138236987], [397.0204943350648, 306.9820391158404], [32.16241813956986, 200.12828617630132]], '퍼엌', 0.13553464747947677), ([[437.9266873708001, 282.0967805394006], [516.6091728742558, 298.86993435154847], [504.0733126291999, 348.9032194605994], [426.39082712574424, 333.13006564845153]], '직이.', 0.07298124815676829)]
[([[736, 104], [1194, 104], [1194, 178], [736, 178]], '어.5 0-[름내.맑장', 9.279395886097805e-05), ([[780, 326], [928, 326], [928, 402], [780, 402]], ')))', 0.8749517411716691)]
[([[190, 334], [282, 334], [282, 408], [190, 408]], '슬쩍', 0.3217827767296902), ([[342, 836], [438, 836], [438, 914], [342, 914]], '슬쩍', 0.5264329179563781), ([[230, 1002], [730, 1002], [730, 1050], [230, 1050]], '다혜반주느은~ 핑크색반주우 ~}', 0.550203598918655)]
[([[625.911088912766, 932.0329670606386], [826.657317039903, 983.1784320693731], [784.088911087234, 1132.9670329393614], [583.342682960097, 1082.821567930627]], '(', 0.9341050525112138)]
[]
[]
[([[999.7701175612585, 74.99310580513266], [1056.4552390735792, 63.27610873557215], [1061.2298824387415, 88.00689419486734], [1004.544760926421, 99.72389126442785]], "'지의", 0.1026686942541047), ([[1067.7716559418755, 160.42913985468846], [1179.0162874650223, 143.70806135107907], [1184.2283440581245, 196.57086014531154], [1072.9837125349777, 213.29193864892093]], '폐니스', 0.9429695262039627)]
[([[866, 82], [1048, 82], [1048, 130], [866, 130]], '교내 프스가', 0.6372887046447984), ([[758, 124], [1052, 124], [1052, 222], [758, 222]], '흘러-하드야!!', 0.06782898724877814), ([[1050, 314], [1150, 314], [1150, 390], [1050, 390]], '온6', 0.3316891128486753), ([[388, 872], [560, 872], [560, 1054], [388, 1054]], '으', 0.4776867703772183), ([[122.06587372974869, -24.985453275067005], [416.57376241085655, 129.9608952316697], [293.9341262702513, 355.985453275067], [-0.5737624108565313, 201.0391047683303]], '중9', 0.27853507865990085), ([[741.2103500411844, 99.27312013178982], [859.1536818452514, 86.92761274610014], [861.7896499588156, 142.72687986821018], [744.8463181547486, 155.07238725389985]], '향기외', 0.7535727683076042), ([[25.422291236000337, 453.8445824720007], [139.5601767747798, 420.2480929916071], [155.57770876399965, 488.1554175279993], [41.4398232252202, 521.7519070083929]], '오옷0', 0.9471955220086703)]
[([[181, 97], [565, 97], [565, 133], [181, 133]], '지난번 시합에서는 신세 많이적어', 0.47049201472586427), ([[275, 127], [489, 127], [489, 163], [275, 163]], '각오는 돼 잇켓지?', 0.2296188973724235), ([[1133, 127], [1269, 127], [1269, 163], [1133, 163]], '하 향지야 ?', 0.5041962643878358)]
[([[232, 134], [300, 134], [300, 164], [232, 164]], '어라?', 0.9874714505842012), ([[47, 171], [483, 171], [483, 207], [47, 207]], '뒷구멍이 약점인가 보구나?은쓸이는어', 0.544368854707065), ([[1095, 239], [1151, 239], [1151, 275], [1095, 275]], '호옷', 0.9633736468691784), ([[95, 411], [197, 411], [197, 451], [95, 451]], '히익 .!!', 0.8993339302107882), ([[19, 515], [219, 515], [219, 675], [19, 675]], '찌석,', 0.012741819859167343), ([[919, 738], [1187, 738], [1187, 963], [919, 963]], '꽤', 0.14233378713438416)]
