2366806
100
[([[819, 485], [879, 485], [879, 499], [819, 499]], '"큰\'" 2', 0.037172279611023845), ([[889, 487], [935, 487], [935, 501], [889, 501]], '1틈 15', 0.0035369032849627787), ([[954, 481], [1027, 481], [1027, 502], [954, 502]], '소교 <"한', 0.0030949008203234583)]
[([[29, 27], [284, 27], [284, 69], [29, 69]], '우리논 해가 진교실에서', 0.7657991397541601), ([[1119, 27], [1251, 27], [1251, 69], [1119, 69]], '그리고오늘', 0.9998959876202416), ([[29, 65], [329, 65], [329, 107], [29, 107]], "다른 학생들이 귀가하는 것'", 0.4398769772770004), ([[975, 63], [1253, 63], [1253, 107], [975, 107]], '우리늄 졸업식울맞이차다', 0.1511799990146975), ([[29, 101], [233, 101], [233, 145], [29, 145]], '말도주고받지않고', 0.7559721127824608), ([[1079, 101], [1255, 101], [1255, 145], [1079, 145]], '졸업식이 끝나고', 0.9856241141458741), ([[29, 137], [285, 137], [285, 181], [29, 181]], '가만히 기다리고있없다', 0.9447671723881582), ([[887, 138], [1253, 138], [1253, 181], [887, 181]], '담임선생님과도 작별인사루 마져다', 0.2281992988350271)]
[([[8, 8], [56, 8], [56, 34], [8, 34]], '1리', 0.15966803571182978), ([[11, 47], [85, 47], [85, 67], [11, 67]], "';환 채*[", 0.04342092549088768), ([[14, 61], [117, 61], [117, 81], [14, 81]], '서{차-++,77357"=', 0.09939204171360236), ([[555, 269], [625, 269], [625, 289], [555, 289]], '71+",4고,7', 0.08359744744140106), ([[621, 730], [691, 730], [691, 760], [621, 760]], '}소관" 다', 0.0067919611114131105), ([[637, 750], [730, 750], [730, 788], [637, 788]], '창@37*5', 0.12809697023248992)]
[([[29, 25], [257, 25], [257, 69], [29, 69]], '단물만 남은 교실에서', 0.493017887040304), ([[1019, 27], [1209, 27], [1209, 69], [1019, 69]], '"다돌아가버럿네:', 0.49368430858412954), ([[28, 60], [528, 60], [528, 109], [28, 109]], '우리논 서로바라보물 자연스럽게 거리지 좁햇다.', 0.07470024210173845), ([[29, 101], [289, 101], [289, 145], [29, 145]], '평소말로하지않있7 뿐', 0.16858058890387823), ([[908, 99], [1257, 99], [1257, 147], [908, 147]], '작게 중얼거리논 시오리의얼굴은', 0.7386346418902855), ([[29, 137], [341, 137], [341, 181], [29, 181]], '계속이 날울 의식하고있없다', 0.3655902547203587), ([[1003, 137], [1253, 137], [1253, 181], [1003, 181]], '새빨증계 물들어있없다', 0.5323659035820366), ([[29, 177], [317, 177], [317, 219], [29, 219]], '즉쇄가 풀리는 바로오늘올.', 0.3020926858130728), ([[873, 177], [1255, 177], [1255, 219], [873, 219]], '그건분명 나도마찬가지엿올 것이다', 0.5081413153162971), ([[1057, 251], [1255, 251], [1255, 295], [1057, 295]], '"이제부터 어쩌지"', 0.9539847504777892)]
[([[973, 25], [1255, 25], [1255, 69], [973, 69]], '~자연스럽계 입술음 경친다', 0.32615979624384683), ([[947, 65], [1255, 65], [1255, 107], [947, 107]], '키스날이미 뒷번이나해움다', 0.029733316270750463), ([[821, 101], [1255, 101], [1255, 145], [821, 145]], '하지만 서로의 혀름 주고받는 진한 키스는', 0.49857382188251353), ([[1046, 134], [1256, 134], [1256, 184], [1046, 184]], '이번이 처음이없다', 0.9065215655402864)]
[]
[([[406, 209], [439, 209], [439, 298], [406, 298]], '{', 0.9565873862698595), ([[329.2446104253995, 396.0719742120774], [357.5023207456646, 383.03166610925], [390.7553895746005, 455.9280257879226], [362.4976792543354, 469.96833389075]], '{', 0.8579597858011425)]
[([[896, 26], [1257, 26], [1257, 70], [896, 70]], '"키스:"  해버력네 학교에서: ."', 0.09801448091242707)]
[([[689, 353], [829, 353], [829, 491], [689, 491]], '뭐', 0.22318750555497502), ([[323, 647], [451, 647], [451, 755], [323, 755]], '{7', 0.3025064142332178)]
[([[975, 27], [1109, 27], [1109, 69], [975, 69]], '"릇:으응:', 0.5432934447956208), ([[1147, 27], [1253, 27], [1253, 69], [1147, 69]], '학교에서', 0.9962799549102783), ([[1069, 63], [1203, 63], [1203, 107], [1069, 107]], '이런모습은:', 0.9273074237504993), ([[849, 649], [909, 649], [909, 693], [849, 693]], '<57', 0.28376280623193695), ([[678.2894041839062, 226.03616100228115], [749.8184093951284, 292.4159250900207], [707.7105958160938, 337.9638389977189], [637.1815906048716, 272.5840749099793]], '*:', 0.008031907632686965), ([[673.3560570951134, 795.0416396323737], [737.9497474683059, 843.2928932188134], [708.6439429048866, 881.9583603676263], [644.0502525316941, 832.7071067811866]], '너?', 0.1482470216472599)]
[([[935, 27], [1257, 27], [1257, 69], [935, 69]], '"부끄럽지만  기분좋아  :"', 0.446364431882648), ([[928, 800], [1006, 800], [1006, 856], [928, 856]], '<57', 0.7893255644214902), ([[56, 862], [88, 862], [88, 896], [56, 896]], '욕', 0.1900788394070787), ([[664, 830], [750, 830], [750, 902], [664, 902]], '257', 0.835098267957009), ([[866.0446053670523, 688.0765532757241], [945.7869901597262, 711.4154669800749], [928.9553946329477, 761.9234467242759], [850.2130098402738, 737.5845330199251]], '157', 0.2721582055091858)]
[([[975, 27], [1017, 27], [1017, 67], [975, 67]], '"맛', 0.19216990062215528), ([[1035, 29], [1235, 29], [1235, 69], [1035, 69]], '안돼:   나벌써: ', 0.2554738026651531), ([[1038, 60], [1259, 60], [1259, 110], [1038, 110]], '7   가;가버려: "', 0.4823086907203894), ([[39, 567], [113, 567], [113, 635], [39, 635]], '내;', 0.39516184822509465), ([[650, 841], [771, 841], [771, 925], [650, 925]], '저;', 0.08001244292457546), ([[717.2828546384055, 139.05169700499823], [751.5345530305851, 127.02865681555856], [781.7171453615945, 217.94830299500177], [748.4654469694149, 229.97134318444142]], '북', 0.2223376651400253), ([[856.2558007517838, 617.0277300739023], [988.9712826465152, 699.2426873939355], [942.7441992482162, 770.9722699260977], [811.0287173534848, 688.7573126060645]], '모애?', 0.0025264485690013007), ([[648.9286568319889, 706.0720605567174], [777.5217998697353, 725.2755685511195], [764.0713431680111, 795.9279394432826], [635.4782001302647, 776.7244314488805]], '"되"', 0.0055259971320566655)]
[([[29, 27], [449, 27], [449, 69], [29, 69]], '바로이웃집에 부모님끼리도사이가 종고', 0.9651597411349346), ([[929, 27], [1255, 27], [1255, 69], [929, 69]], '나에계}어락적부터알고지번', 0.05311136474333477), ([[29, 63], [525, 63], [525, 107], [29, 107]], '초등학교에 들어가기 전부터 알고 지거 사이니까', 0.4702487458518733), ([[1073, 65], [1257, 65], [1257, 107], [1073, 107]], '소각친구가있다', 0.3254971685301331), ([[31, 101], [209, 101], [209, 143], [31, 143]], '두가족의관계는', 0.84580194968398), ([[956, 97], [1246, 97], [1246, 147], [956, 147]], '이름은 모노자키시오리@', 0.08861294614942411), ([[29, 139], [421, 139], [421, 183], [29, 183]], '벌써 12년 가까이 되는 인연인 것이다', 0.7583972954607205), ([[0, 311], [171, 311], [171, 561], [0, 561]], ':', 0.02700454665252039)]
[([[746, 134], [772, 134], [772, 170], [746, 170]], '0', 0.8908895793240532), ([[19, 539], [111, 539], [111, 639], [19, 639]], '7,', 0.02814055826553257), ([[244, 538], [488, 538], [488, 834], [244, 834]], "'", 0.2857114713351372), ([[1033.936083991934, 60.06310553224551], [1093.6412234498912, 32.022871701523385], [1148.063916008066, 161.93689446775448], [1088.3587765501088, 189.9771282984766]], '"', 0.16726084735915947), ([[622.456542444906, 53.01136443325123], [715.135988720293, 30.049728588660116], [779.543457555094, 317.98863556674877], [687.864011279707, 340.9502714113399]], '8', 0.9914125585928559), ([[716.127036057031, 506.0638451878109], [753.5066584601171, 481.02143017061843], [818.872963942969, 585.9361548121891], [781.4933415398829, 610.9785698293816]], '5', 0.2705309784198029), ([[866.0868184120003, 657.0598199312022], [982.9330150312151, 693.0339241349947], [963.9131815879997, 746.9401800687978], [847.0669849687849, 711.9660758650053]], '차1', 0.0171330919019735), ([[664.0737387183583, 799.0719277974933], [701.4784713336974, 769.0191083287832], [781.9262612816417, 874.9280722025067], [744.5215286663026, 905.9808916712168]], '춤', 0.066025702410343)]
[([[1061, 29], [1235, 29], [1235, 67], [1061, 67]], "'하아 하아", 0.8232167417427545), ([[533, 59], [571, 59], [571, 113], [533, 113]], '(', 0.9889774573466639), ([[1002, 62], [1240, 62], [1240, 106], [1002, 106]], '학교에서 가버로어: ', 0.3872954199158413), ([[380, 658], [535, 658], [535, 730], [380, 730]], '4엄0#', 8.839202928356826e-05), ([[662.6608210399861, 144.09007569589676], [721.6397126544334, 103.02048259083848], [804.3391789600139, 237.90992430410324], [745.3602873455666, 278.97951740916153]], '복', 0.04339558619582129), ([[818.203970247832, 407.03970247832007], [912.9852206407609, 461.51394309143194], [876.796029752168, 522.9602975216799], [782.0147793592391, 469.48605690856806]], '[%', 0.0029646674874166633), ([[92.1618094688171, 537.1546758660209], [156.66948827495614, 485.0203922907193], [251.8381905311829, 617.8453241339791], [186.33051172504386, 670.9796077092807]], '털', 0.1758185797188796)]
[([[865, 27], [1213, 27], [1213, 69], [865, 69]], '"잠까 " !? 바; 방금 막 갖으니까:', 0.28563015641534445), ([[1055, 65], [1181, 65], [1181, 107], [1055, 107]], '민감하다구', 0.9968351269719514), ([[678, 252], [728, 252], [728, 312], [678, 312]], '친', 0.4906403104786392), ([[769.3540327813548, 525.0160589052308], [935.4661453255461, 666.3128302558243], [863.6459672186452, 751.9839410947692], [697.5338546744539, 610.6871697441757]], "사버회'", 0.01023562066257), ([[192.99611319000454, 648.0265392910857], [299.5349990505998, 565.0075337037061], [516.0038868099955, 874.9734607089143], [410.4650009494002, 957.9924662962939]], '"', 0.9402397912329299), ([[871.831587524326, 755.0684939567712], [936.5977317277903, 714.0178801459012], [1020.168412475674, 859.9315060432288], [955.4022682722097, 900.9821198540988]], '*', 0.03148964524953968), ([[587.0253075887586, 726.0365909304894], [750.6160341173263, 780.8638107278963], [712.9746924112414, 884.9634090695106], [548.3839658826737, 831.1361892721037]], '더', 0.012764659007603874)]
[([[116, 58], [219, 58], [219, 263], [116, 263]], '응', 0.9037390047029135), ([[675, 21], [933, 21], [933, 317], [675, 317]], '대', 0.36219447713853015), ([[721, 563], [811, 563], [811, 603], [721, 603]], '4371', 0.03904140740633011), ([[1093.543977760618, 109.3863310579156], [1140.6990699817188, 67.03060220840622], [1211.456022239382, 155.61366894208442], [1164.3009300182812, 196.96939779159376]], '@', 0.1502214038998142), ([[1106.102633403899, 447.3079002116969], [1142.7263262518663, 421.0441247346968], [1187.897366596101, 488.6920997883031], [1151.2736737481337, 514.9558752653031]], '?', 0.25220718228613137), ([[30.059546399311486, 556.018433182443], [406.4915337625196, 661.085954672126], [342.9404536006885, 858.981566817557], [-32.49153376251964, 752.914045327874]], '{교넷', 0.010473636122972462), ([[612.170867717451, 628.6221280326862], [698.6480101869264, 615.5900205498184], [702.829132282549, 646.3778719673138], [616.3519898130736, 659.4099794501816]], '자0', 0.17189657932781918), ([[837.0671591453302, 598.0335121200898], [1087.7756336803188, 653.5951748366458], [1057.9328408546698, 762.9664878799102], [807.224366319681, 706.4048251633542]], '1/*777', 0.24273430112541297), ([[990.0864055220114, 760.0418201899248], [1129.7930506184748, 806.9761028721819], [1099.9135944779885, 888.9581798100752], [960.2069493815252, 842.0238971278181]], '서외', 0.0015913108462904811), ([[634.1800033710904, 770.0280492179187], [788.9881656775945, 850.4671926365513], [740.8199966289096, 939.9719507820813], [585.0118343224055, 859.5328073634487]], '취시', 0.11563932673032101), ([[50.07705656336201, 854.0474486646115], [141.9174715123987, 902.7839811574001], [105.922943436638, 968.9525513353885], [14.08252848760131, 920.2160188425999]], '8', 0.005992594950368579)]
[([[1042, 52], [1162, 52], [1162, 218], [1042, 218]], '넷', 0.033770476721844966), ([[724, 352], [874, 352], [874, 512], [724, 512]], '다', 0.03559300445722635), ([[855, 453], [893, 453], [893, 513], [855, 513]], '0', 0.44229043215536024), ([[1014, 812], [1066, 812], [1066, 836], [1014, 836]], '(99', 0.08247599806158394), ([[1065, 813], [1103, 813], [1103, 853], [1065, 853]], '0', 0.966663162239513), ([[716.2706989881711, 131.02959755450485], [820.8793430908968, 211.53123648120504], [774.7293010118289, 271.97040244549515], [670.1206569091032, 192.46876351879496]], "서지이'", 0.15593291819095612), ([[75.99535850867089, 539.0633322185], [175.40780779051494, 561.9793405126055], [157.00464149132912, 633.9366677815], [57.592192209485056, 610.0206594873945]], '}7', 0.08400269094572713), ([[908.367069592015, 733.0250768593893], [1030.87772838085, 815.6066602863802], [990.632930407985, 874.9749231406107], [868.12227161915, 792.3933397136198]], "508'", 0.4425583481788635), ([[69.03011361850365, 773.0336361064525], [256.511383020594, 828.3335945572258], [218.96988638149637, 944.9663638935475], [30.488616979406018, 889.6664054427742]], '[%', 0.013639233153700494)]
[([[837, 27], [1255, 27], [1255, 69], [837, 69]], '품안에서 시오리블 절정하게 만들없다는', 0.4879800333646848), ([[857, 63], [1255, 63], [1255, 107], [857, 107]], '배덕감과 고양감으로 마음이 채워진다', 0.4104804146893808), ([[1051, 137], [1255, 137], [1255, 181], [1051, 181]], '조금씩 몸올 떨면서', 0.29077330729716805), ([[783, 175], [1255, 175], [1255, 219], [783, 219]], '여운에 몸음 맡기고있는 시오리블 보고있자면', 0.1916125795049739), ([[989, 213], [1257, 213], [1257, 257], [989, 257]], '더이상견달 수가없없다', 0.7429153621576257), ([[1014, 812], [1064, 812], [1064, 836], [1014, 836]], '~9', 0.10886497621507514), ([[1067, 813], [1103, 813], [1103, 853], [1067, 853]], '0', 0.9759072309614716), ([[715.3097315100374, 127.02650963048576], [824.8826002919801, 211.551065200599], [775.6902684899626, 274.97349036951425], [666.1173997080199, 191.448934799401]], '{속이"', 0.03827685121943734), ([[781.3342082243489, 329.0170603748044], [936.5822932098965, 462.73107088174254], [862.6657917756511, 549.9829396251956], [707.4177067901035, 416.26892911825746]], '고신', 0.0322540472728834), ([[75.98268547211708, 540.0649466825132], [174.42278414422782, 563.0163318635947], [156.01731452788292, 633.9350533174868], [57.577215855772195, 609.9836681364053]], '싸7', 0.03000430644641769), ([[910.367069592015, 734.0250768593893], [1030.876086539512, 816.5974092463882], [990.632930407985, 875.9749231406107], [869.123913460488, 793.4025907536118]], "508'", 0.23200032114982605), ([[70.03011361850365, 773.0336361064525], [257.511383020594, 828.3335945572258], [218.96988638149637, 944.9663638935475], [31.488616979406018, 889.6664054427742]], '[%', 0.0334505458869958)]
[([[23, 24], [253, 24], [253, 69], [23, 69]], '"여기서할거야  ?"', 0.4855770820994584)]
[([[81, 27], [289, 27], [289, 71], [81, 71]], '\'응 괜찮아 넣어쥐 "', 0.8262480642195471), ([[501, 496], [553, 496], [553, 605], [501, 605]], '*', 0.8675513744452132), ([[887, 483], [931, 483], [931, 589], [887, 589]], '"', 0.20930535993670674)]
[([[555, 0], [717, 0], [717, 183], [555, 183]], "'", 0.043051004411616356), ([[1010, 630], [1136, 630], [1136, 754], [1010, 754]], '', 0.0), ([[379, 845], [441, 845], [441, 909], [379, 909]], '0', 0.7731692207264338), ([[224.45878435257998, 115.01332235737355], [307.91898270942096, 107.39436282243723], [325.54121564742, 339.98667764262643], [242.08101729057904, 346.60563717756276]], '"', 0.4422802843681808), ([[257.914249429668, 359.0740208365765], [316.2063839173713, 336.0914832083438], [354.085750570332, 447.9259791634235], [295.7936160826287, 469.9085167916562]], '7', 0.7651005242736098), ([[175.08781829019756, 584.0198206745438], [313.9756893864018, 527.0226781923607], [433.91218170980244, 855.9801793254562], [296.0243106135982, 912.9773218076393]], '"', 0.9982062284814361), ([[1034.4513962523854, 774.2180982638348], [1118.7761609161496, 706.0200943183129], [1225.5486037476146, 861.7819017361652], [1141.2238390838504, 928.9799056816871]], '?', 0.038318114257531954)]
[([[748, 36], [804, 36], [804, 126], [748, 126]], '@', 0.5973117358767155), ([[294, 652], [390, 652], [390, 706], [294, 706]], '419', 0.15528048142376982), ([[486.3351388442811, 778.1751525681213], [529.6183000602123, 737.0239292232616], [618.6648611557189, 840.8248474318787], [575.3816999397877, 881.9760707767384]], '*', 0.9405751547863161)]
[([[29, 27], [203, 27], [203, 69], [29, 69]], '시오리와는 지금', 0.7486630673743156), ([[239, 27], [369, 27], [369, 68], [239, 68]], '연인사이다.', 0.7268704093115442), ([[27, 63], [383, 63], [383, 107], [27, 107]], '사귀기 시작한 것은 초등학생 시절', 0.7988479710730877), ([[29, 137], [427, 137], [427, 181], [29, 181]], '분명당시에는 연인이라는 게 무엇인지', 0.7493629832165581), ([[29, 177], [223, 177], [223, 219], [29, 219]], '잘몰컷단 것 같다.', 0.17084832778636738)]
[([[31, 27], [159, 27], [159, 69], [31, 69]], '"꽤,괜찮아:', 0.6804278860942458), ([[181, 25], [457, 25], [457, 69], [181, 69]], "'처음은아프다고 들없지만", 0.9889825234742595), ([[31, 65], [361, 65], [361, 107], [31, 107]], '계속 참고 있어서 그런지오히려:', 0.9393713260868908), ([[24, 135], [420, 135], [420, 184], [24, 184]], '"그러니까 하고심은대로해도돼:"""', 0.5128057203287629)]
[([[27, 27], [139, 27], [139, 69], [27, 69]], '"아 맛', 0.22500266134738922), ([[202, 24], [302, 24], [302, 72], [202, 72]], "'의으옷:", 0.5426854746058754), ([[973, 383], [1017, 383], [1017, 441], [973, 441]], '옷', 0.12957649375699987), ([[18, 756], [168, 756], [168, 902], [18, 902]], "'", 0.08356104004116904), ([[165.0464293444962, 508.0239439554748], [382.43270750276133, 591.3918231243097], [318.95357065550377, 744.9760560445252], [101.5672924972387, 661.6081768756903]], "'0사", 0.3288089329019863), ([[556.0643257076723, 776.0292113227566], [798.7580486514986, 845.3167184270003], [759.9356742923277, 965.9707886772434], [516.2419513485014, 896.6832815729997]], '미4 비', 0.05015198646658604)]
[([[27, 26], [101, 26], [101, 68], [27, 68]], '"아앗:', 0.3391980826854706), ([[157, 27], [361, 27], [361, 69], [157, 69]], '나나    처음인데:', 0.4856684479867721), ([[29, 65], [121, 65], [121, 109], [29, 109]], '너 너무:', 0.4439426281877928), ([[153, 67], [315, 67], [315, 107], [153, 107]], '기분좋아   !"', 0.4376089514487578), ([[102, 240], [186, 240], [186, 318], [102, 318]], '놔', 0.02554935044811324), ([[101, 449], [361, 449], [361, 617], [101, 617]], '7"', 0.1593988912760285), ([[274, 698], [408, 698], [408, 750], [274, 750]], '4소77', 0.00799709465354681), ([[1030, 634], [1106, 634], [1106, 760], [1030, 760]], '9', 0.06349122035050314), ([[654.8600472001934, 719.0406608027082], [894.8642986698251, 752.079474258629], [869.1399527998066, 890.9593391972918], [629.1357013301749, 857.920525741371]], '[{', 0.00417875678542416)]
[([[1093, 212], [1203, 212], [1203, 539], [1093, 539]], '8', 0.16552879803129272), ([[1186, 420], [1210, 420], [1210, 460], [1186, 460]], '0', 0.2114111310771799), ([[1109, 527], [1203, 527], [1203, 617], [1109, 617]], '19', 0.7913633728760181), ([[1071, 775], [1159, 775], [1159, 923], [1071, 923]], '"', 0.13741389545920413), ([[31.686112372048893, 204.05084959943073], [139.69613692148525, 147.01425911575993], [242.31388762795112, 366.94915040056924], [134.30386307851475, 424.9857408842401]], '턱', 0.018703785714265564), ([[175.26357629444314, 392.0082179910528], [666.9010838764358, 668.4468294699062], [525.7364237055568, 905.9917820089472], [34.09891612356425, 629.5531705300938]], '49', 0.007291127352734449), ([[336.22693586085813, 801.0374393668385], [530.9854944603527, 853.5184626456069], [509.77306413914187, 919.9625606331615], [316.0145055396473, 866.4815373543931]], '*;5555', 0.05533332633274421)]
[([[35, 25], [349, 25], [349, 69], [35, 69]], '\'하아 ""하아 " 배가 따뜻해:', 0.20970954017678506), ([[1102, 648], [1178, 648], [1178, 746], [1102, 746]], '깨7', 0.02083137596104514), ([[65, 661], [125, 661], [125, 824], [65, 824]], '"', 0.8783192795354786), ([[598, 738], [648, 738], [648, 940], [598, 940]], '7', 0.03484094007614491), ([[317.698629877895, 106.07077388070407], [405.087129754271, 144.13442994852645], [290.301370122105, 404.92922611929595], [201.912870245729, 366.8655700514735]], '"', 0.39048479265660774), ([[196.71910193778322, 477.00563825080206], [251.7759573741109, 472.04314078383334], [276.2808980622168, 739.9943617491979], [221.2240426258891, 745.9568592161667]], '"', 0.10449275619799892), ([[327.1736368240006, 695.2424562488021], [367.6574581621697, 660.0309434810015], [434.8263631759994, 745.7575437511979], [395.3425418378303, 779.9690565189985]], '촌', 0.017339904125688088), ([[1114.3909000438123, 700.0927789500922], [1212.423214471233, 755.9061646208851], [1089.6090999561877, 969.9072210499078], [990.5767855287669, 913.0938353791149]], '"', 0.9912677543525774)]
[([[28, 22], [284, 22], [284, 70], [28, 70]], '뜨거운시선이교차하다', 0.8135965402166567), ([[29, 65], [443, 65], [443, 107], [29, 107]], '12년 동안 쌓여있던 게 단 한번의 렉스로', 0.1341442340786356), ([[29, 101], [289, 101], [289, 145], [29, 145]], '전부발산월 리도없없다.', 0.35042519376037784), ([[29, 175], [413, 175], [413, 219], [29, 219]], '하지만 계속 교실에 있울 수스 없없다', 0.3066533846118015), ([[28, 210], [460, 210], [460, 258], [28, 258]], '순찰올 도는 선생님이 지나갈 지도모르다', 0.21552117816385033), ([[29, 251], [415, 251], [415, 295], [29, 295]], '우리논 더 이상 말을 주고반튿 일없이', 0.17563356573094266), ([[29, 289], [433, 289], [433, 331], [29, 331]], '복장울 정리하고 얼른 집으로돌아갖다;', 0.435210563647739), ([[1102, 650], [1178, 650], [1178, 746], [1102, 746]], '17', 0.05318135229643281), ([[422, 804], [470, 804], [470, 864], [422, 864]], '7', 0.039875054331880655), ([[600, 742], [648, 742], [648, 940], [600, 940]], '7', 0.022463163325746827), ([[195.71910193778322, 477.00563825080206], [249.696526033147, 472.03473966853005], [276.2808980622168, 739.9943617491979], [222.303473966853, 745.96526033147]], "'", 0.12679340899425373), ([[64.7018612837022, 662.0074118024143], [109.65323659824273, 657.0356658421316], [129.2981387162978, 874.9925881975857], [85.34676340175727, 878.9643341578684]], '"', 0.9073601210878088), ([[327.0769521047184, 696.2693323665143], [366.6574581621697, 660.0309434810015], [435.9230478952816, 744.7306676334857], [396.3425418378303, 779.9690565189985]], '칼', 0.006849228490225734), ([[1112.447648421674, 701.086330297967], [1211.3961367020854, 756.8680833583109], [1088.552351578326, 970.913669702033], [989.6038632979146, 915.1319166416891]], '"', 0.9867472405138109)]
[([[985, 27], [1253, 27], [1253, 69], [985, 69]], '정확히는 내방으로 같이', 0.5879980181462199)]
[([[451, 79], [565, 79], [565, 203], [451, 203]], ';', 0.23257291460013008), ([[444, 172], [575, 172], [575, 253], [444, 253]], '덕9', 0.008678685617949154), ([[48, 676], [150, 676], [150, 790], [48, 790]], '꿈', 0.00405880892890309), ([[791.5468277659373, 164.00604122264988], [917.6156793674976, 146.20243406185148], [974.4531722340627, 572.9939587773501], [848.3843206325024, 590.7975659381485]], '8', 0.021781505110363364), ([[29.74432525638411, 191.04385116629277], [157.54673116259332, 150.58370775006625], [217.25567474361588, 369.95614883370723], [89.45326883740667, 411.41629224993375]], '듯', 0.023519269567389367), ([[333.7557387136246, 545.0596826216963], [427.94490398955816, 518.6130014727873], [464.2442612863754, 674.9403173783037], [370.05509601044184, 700.3869985272127]], '2', 0.06307834946245183)]
[([[115, 295], [177, 295], [177, 389], [115, 389]], ' ', 0.0065810103362820005), ([[102, 566], [176, 566], [176, 646], [102, 646]], '낮', 0.14676602332372202), ([[132, 636], [158, 636], [158, 668], [132, 668]], '"', 0.037544734222077304), ([[-0.6225235658215383, 222.02773606279877], [51.484943190748176, 206.01681805322625], [93.62252356582154, 347.9722639372012], [41.515056809251824, 363.98318194677375]], '춤', 0.5102584327847239), ([[306.502481404895, 542.02481404895], [347.40846619722635, 531.0167123938385], [377.497518595105, 651.97518595105], [336.59153380277365, 662.9832876061615]], '$', 0.41325755512212936)]
[([[803, 25], [1255, 25], [1255, 69], [803, 69]], '방에 들어가자마자 우리늄 웃율 벗어던적다', 0.13179704379237084), ([[731, 64], [1257, 64], [1257, 109], [731, 109]], '돌아오는 길에도머릿속에는 계속 -스밖에 없없다', 0.1524330457361107), ([[102, 568], [176, 568], [176, 646], [102, 646]], '낮', 0.12938502927036044), ([[132, 636], [156, 636], [156, 668], [132, 668]], '"', 0.20413750265121067), ([[-0.7052085783768101, 221.03114306434205], [53.5929590660657, 204.02200529293415], [95.70520857837681, 349.9688569356579], [41.4070409339343, 367.9779947070658]], '춤', 0.5281623805616142), ([[101.95787924061963, 317.8283947090534], [137.73515943201588, 285.0452086006714], [189.04212075938037, 345.1716052909466], [153.26484056798412, 377.9547913993286]], '중', 0.6258854608593225), ([[306.502481404895, 542.02481404895], [347.40846619722635, 531.0167123938385], [377.497518595105, 651.97518595105], [336.59153380277365, 662.9832876061615]], '$', 0.22793389935547115)]
[([[39, 26], [345, 26], [345, 70], [39, 70]], "'어른이 되면 결혼하자} 라는", 0.7313660445999302), ([[29, 64], [377, 64], [377, 107], [29, 107]], '어린애다운약속에서 점점 나아가', 0.6936371254453221), ([[29, 101], [409, 101], [409, 145], [29, 145]], '어느새 지금의 관계로발전한 것이다.', 0.3777324016644153), ([[29, 176], [397, 176], [397, 219], [29, 219]], '학교에서는 적당한 거리플 두면서도', 0.28232012956460073), ([[31, 215], [413, 215], [413, 257], [31, 257]], '단물이 앞게되면 반대로 아주 가까운', 0.2342226663272335), ([[29, 253], [143, 253], [143, 293], [29, 293]], '그런 관계.', 0.6030611388825904)]
[([[756, 156], [804, 156], [804, 302], [756, 302]], '8', 0.8743643358670603), ([[64, 564], [140, 564], [140, 648], [64, 648]], '숫', 0.021403110971371042), ([[90, 640], [118, 640], [118, 676], [90, 676]], '"', 0.6625086872294474), ([[23.110680620254946, 251.0396229468554], [96.28675151180343, 232.26497213546543], [128.88931937974505, 382.9603770531446], [56.71324848819658, 400.7350278645346]], '챔', 0.17128473159877533), ([[249.2747574101838, 546.0376711377645], [300.32835751828793, 534.1271937097276], [324.7252425898162, 655.9623288622355], [274.67164248171207, 666.8728062902724]], '춤', 0.023104528521699308)]
[([[5, 0], [241, 0], [241, 221], [5, 221]], "'마", 0.011906000086348555), ([[765, 53], [973, 53], [973, 553], [765, 553]], '회', 0.08934650628241858), ([[250.1236495166169, 519.0192089788649], [391.9966742875148, 481.40340349347576], [463.87635048338313, 786.9807910211351], [322.0033257124852, 824.5965965065243]], '9', 0.008244718878324342)]
[([[566, 50], [640, 50], [640, 180], [566, 180]], '헌', 0.017243885652974633), ([[656, 396], [708, 396], [708, 474], [656, 474]], '응', 0.9410794108553979), ([[240, 514], [337, 514], [337, 699], [240, 699]], '집', 0.4961884330769841), ([[77, 691], [117, 691], [117, 733], [77, 733]], '"', 0.07663131109072996), ([[815.5116231869935, 57.00917677402553], [914.9073450809456, 77.98689036045052], [857.4883768130065, 348.99082322597445], [758.0926549190544, 328.0131096395495]], '움', 0.7767947042850665), ([[26.203970247832007, 268.03970247832007], [85.85296421844832, 255.21755028251707], [111.796029752168, 383.96029752167993], [52.147035781551686, 396.78244971748296]], '애', 0.012310800379111697), ([[34.97808479685053, 560.0435921231513], [125.54649615268886, 544.8946241516288], [146.02191520314946, 700.9564078768487], [55.45350384731114, 716.1053758483712]], '꽃', 0.8761796672806668)]
[([[22, 80], [106, 80], [106, 280], [22, 280]], '부', 0.979518752374716), ([[898, 38], [999, 38], [999, 218], [898, 218]], '급', 0.07874446150794157), ([[919, 243], [959, 243], [959, 293], [919, 293]], '', 0.0), ([[713, 232], [846, 232], [846, 559], [713, 559]], '8', 0.1849181013722614), ([[764, 606], [844, 606], [844, 738], [764, 738]], '팀', 0.24493552635089433), ([[1074, 762], [1152, 762], [1152, 874], [1074, 874]], '넥', 0.109816878463179), ([[792.6923819782353, 85.00338000970643], [895.3671297729556, 73.06691146285584], [948.3076180217647, 567.9966199902935], [845.6328702270444, 579.9330885371442]], '봄', 0.05266050200424943), ([[245.13100498189192, 568.0157375002169], [421.7504904466408, 532.9689149467549], [482.8689950181081, 891.9842624997831], [306.2495095533592, 927.0310850532451]], '@', 0.11418181629771684)]
[([[73, 559], [206, 559], [206, 766], [73, 766]], '놓', 0.010636541796498256), ([[1129, 737], [1195, 737], [1195, 861], [1129, 861]], '통', 0.2033654953468158), ([[-0.8144442035117185, 207.02767020837774], [79.57350658327107, 176.0137124096347], [148.81444420351173, 377.97232979162226], [69.42649341672893, 408.9862875903653]], '2', 0.002242565877687022), ([[241.7821690518403, 554.0464145791078], [345.65518769080967, 497.01342034424465], [450.2178309481597, 716.9535854208922], [346.34481230919033, 772.9865796557553]], '꿀', 0.019443147921723636), ([[868.8833706075408, 672.052065500686], [943.5933327986015, 625.0146774682488], [1044.1166293924593, 802.947934499314], [970.4066672013985, 850.9853225317512]], '호', 0.026408717987980168)]
[([[74, 0], [196, 0], [196, 234], [74, 234]], '날', 0.12802282828975198), ([[551.6567384888607, 122.00654840814883], [617.1362885170653, 115.07201879448743], [645.3432615111393, 401.99345159185117], [579.8637114829347, 407.9279812055126]], '5', 0.005942876541426223), ([[96.37209906791931, 475.0395826365625], [132.48316508696368, 463.02339960427406], [163.6279009320807, 563.9604173634375], [126.51683491303632, 575.9766003957259]], '5', 0.3543337156913573)]
[([[649, 12], [782, 12], [782, 292], [649, 292]], '8', 0.32015919580235064), ([[1124, 792], [1148, 792], [1148, 826], [1124, 826]], '시', 0.02451948069556753), ([[79.31030298491002, 501.0340601475913], [133.93880959716202, 485.0632401987472], [168.68969701508996, 615.9659398524087], [114.06119040283797, 631.9367598012527]], '팀', 0.6329108805664454)]
[([[515, 119], [535, 119], [535, 147], [515, 147]], "'", 0.17705561034080475), ([[553, 39], [698, 39], [698, 326], [553, 326]], '얘', 0.7820124112720492), ([[910, 412], [966, 412], [966, 498], [910, 498]], '다', 0.049060702845969084), ([[1099, 753], [1175, 753], [1175, 874], [1099, 874]], '4', 0.4042662024846919), ([[1045.5332196325337, 180.01090013622107], [1116.6508537316677, 171.13720719285666], [1145.4667803674663, 413.9890998637789], [1074.3491462683323, 423.86279280714336]], '"', 0.009407503167083497), ([[33.30954032324403, 444.0216911395801], [113.26412452831818, 435.49545379068513], [130.69045967675598, 624.9783088604199], [51.735875471681815, 633.5045462093149]], '약', 0.045328775760133944), ([[703.3303654838761, 501.0224457097535], [775.0414265650638, 480.05437630364094], [824.6696345161239, 669.9775542902464], [752.9585734349362, 690.9456236963591]], '빚', 0.5892848878948485), ([[55.48063572316114, 682.0149980106878], [119.79491073770808, 667.0351733469589], [164.51936427683884, 872.9850019893122], [100.20508926229192, 887.9648266530411]], '부', 0.3306341028840052)]
[([[849, 25], [1255, 25], [1255, 69], [849, 69]], '수중은 예스는 처음 한번이면 충분햇다', 0.14919054986394975), ([[969, 65], [1255, 65], [1255, 107], [969, 107]], '서로의 피부름 계속 맞대고', 0.8215155000182115), ([[925, 101], [1255, 101], [1255, 145], [925, 145]], '정신없이 서로의 육체름 담한다', 0.36589548870078115), ([[552, 43], [697, 43], [697, 325], [552, 325]], '양', 0.031577093349724805), ([[777, 175], [1255, 175], [1255, 219], [777, 219]], '쾌략음 언는 것만이 머릿속올 지배하고있없다', 0.15048381188540844), ([[58, 673], [139, 673], [139, 832], [58, 832]], '류', 0.16557203911681118), ([[115, 799], [155, 799], [155, 871], [115, 871]], '배', 0.38046909088757275), ([[892.8302423892472, 411.09843009655873], [938.6764311217491, 389.0327594459837], [979.1697576107528, 483.90156990344127], [933.3235688782509, 505.9672405540163]], '<', 0.13903785852439032), ([[32.36028734556657, 447.02048259083847], [108.55295319183587, 436.33136876283436], [132.63971265443342, 622.9795174091615], [56.44704680816413, 633.6686312371656]], '양', 0.2023696280814571), ([[704.3303654838761, 501.0224457097535], [777.2080191823095, 481.073233675805], [824.6696345161239, 669.9775542902464], [751.7919808176905, 689.926766324195]], '빚', 0.6843566709556548), ([[1101.219428607749, 752.0381717990401], [1163.1277452613595, 746.6367663638831], [1171.780571392251, 869.9618282009599], [1108.8722547386405, 874.3632336361169]], '9', 0.4596161550437081)]
[([[937, 25], [1027, 25], [1027, 69], [937, 69]], '"우으웃', 0.4162994921207428), ([[1043, 27], [1209, 27], [1209, 69], [1043, 69]], '이거어 굉장햇:', 0.7813012720718041), ([[861, 65], [1183, 65], [1183, 107], [861, 107]], '거기가 찌료찌료해서 기분중앗:', 0.06437993807194893), ([[237, 107], [311, 107], [311, 167], [237, 167]], '47', 0.9559855568411966), ([[46, 226], [102, 226], [102, 284], [46, 284]], '47', 0.2124020116263212), ([[12, 372], [78, 372], [78, 424], [12, 424]], '47', 0.7212237661482067), ([[564.7516919794431, 279.03248600530685], [710.6609062901947, 193.00910166593212], [876.2483080205569, 518.9675139946931], [729.3390937098053, 603.9908983340679]], '봄', 0.8850398382674349), ([[937.1896655424124, 303.03288617167203], [1011.268733508128, 279.0808107546356], [1060.8103344575877, 445.96711382832797], [986.731266491872, 470.9191892453644]], '빚', 0.14358652384374082), ([[989.2017718737147, 605.0265781057207], [1078.6225349692559, 584.2900764163454], [1118.7982281262853, 778.9734218942793], [1030.3774650307441, 799.7099235836546]], '빚', 0.4532352519379721), ([[41.2275576802052, 630.0229690274474], [129.72730734794004, 598.020361175224], [202.7724423197948, 823.9770309725526], [115.27269265205996, 855.979638824776]], '부', 0.019562433879525054)]
[([[27, 25], [337, 25], [337, 69], [27, 69]], '방과루에} 물중아무 집에서', 0.15140983026784138), ([[29, 64], [276, 64], [276, 107], [29, 107]], '공부하거나 게임도하고', 0.9924004250279846), ([[29, 101], [331, 101], [331, 145], [29, 145]], '휴일어는 가끔 데이트도하는.', 0.4546968633641622), ([[29, 177], [331, 177], [331, 219], [29, 219]], '누가 화도모범적이고건전한', 0.44638840931548496), ([[29, 213], [417, 213], [417, 257], [29, 257]], '그런 교제플오랜 시간 동안 이어올다', 0.17620391990316256)]
[([[676, 0], [826, 0], [826, 164], [676, 164]], '히', 0.713227172897124), ([[35, 609], [219, 609], [219, 789], [35, 789]], '대', 0.8623820062564533), ([[694, 543], [1097, 543], [1097, 884], [694, 884]], '_', 0.44149759096100993), ([[708.4740078980043, 134.0092250931235], [818.7280273768434, 117.25015706418563], [864.5259921019957, 448.9907749068765], [754.2719726231566, 465.74984293581434]], '8', 0.843103200383414), ([[975.8839915241731, 256.03667116743054], [1211.0655690043416, 302.4414486989198], [1177.116008475827, 441.96332883256946], [941.9344309956584, 395.5585513010802]], '기메소이', 0.012775608338415623), ([[258.9124884874632, 671.0348204044254], [455.73062873070364, 717.5542789591263], [417.0875115125368, 860.9651795955746], [219.26937126929639, 814.4457210408737]], '>"', 0.5039121034678025)]
[([[1099, 27], [1195, 27], [1195, 67], [1099, 67]], '"아하아:', 0.8807220816834735), ([[775, 65], [1189, 65], [1189, 107], [775, 107]], '좋아하는 사람이랑 하는 석스관 이렇게::', 0.14018359880096865), ([[929, 377], [1015, 377], [1015, 467], [929, 467]], '메7', 0.02829520216803237), ([[627, 437], [671, 437], [671, 493], [627, 493]], '때', 0.30126177443213464), ([[785, 437], [873, 437], [873, 525], [785, 525]], '#', 0.12745142103486629), ([[976, 490], [1054, 490], [1054, 590], [976, 590]], '볶', 0.033822689809343), ([[20, 618], [168, 618], [168, 720], [20, 720]], '기', 0.06666057106223011), ([[566.621303168893, 164.20355837957914], [646.7061706447045, 94.01782123485192], [766.378696831107, 249.79644162042086], [686.2938293552955, 319.9821787651481]], '못', 0.030951121391410652)]
[([[0, 560], [358, 560], [358, 902], [0, 902]], '또 )', 0.04144800454378128), ([[466.2625702813404, 81.01007229705797], [646.6975801821858, 12.009012950812227], [813.7374297186597, 500.98992770294205], [632.3024198178142, 568.9909870491878]], '용', 0.2708785595230303), ([[812.8823593971285, 438.0178491301233], [1066.8989476248585, 384.0847292974693], [1143.1176406028715, 820.9821508698767], [889.1010523751415, 875.9152707025307]], '2', 0.1398853501919186)]
[([[1055, 27], [1119, 27], [1119, 69], [1055, 69]], '"하양', 0.8481469059194322), ([[1135, 27], [1255, 27], [1255, 69], [1135, 69]], '머; 멈취화', 0.4498144614602862), ([[972, 62], [1204, 62], [1204, 110], [972, 110]], '지금은민감하니까아-', 0.7497202613231471), ([[591, 399], [715, 399], [715, 513], [591, 513]], '대', 0.27757279098933907), ([[744, 280], [992, 280], [992, 638], [744, 638]], '떼', 0.04334688952136312), ([[45, 621], [135, 621], [135, 739], [45, 739]], '대', 0.9976704590342287), ([[568.1293798709625, 57.01805489019394], [721.4174455487844, 31.004590711156034], [766.8706201290375, 339.9819451098061], [613.5825544512156, 366.995409288844]], '"', 0.05810330894217319), ([[958.3446144635848, 108.01074113933541], [1103.5399427872342, 77.31577268310718], [1174.6553855364152, 452.98925886066456], [1030.4600572127658, 483.6842273168928]], '소', 0.22036049538340396)]
[([[845, 24], [937, 24], [937, 68], [845, 68]], '"아아양', 0.6519942283630371), ([[953, 27], [1055, 27], [1055, 67], [953, 67]], '안대안대', 0.9988248944282532), ([[1073, 27], [1209, 27], [1209, 69], [1073, 69]], '또가버려어:', 0.9980652610237981), ([[873, 63], [939, 63], [939, 107], [873, 107]], '같이:', 0.9707551277997838), ([[970, 61], [1182, 61], [1182, 109], [970, 109]], '(이번엔같이 갈래에:', 0.5215752778658461), ([[864.6214012945667, 148.0452996774142], [1002.363554821716, 78.04431537152328], [1117.3785987054332, 341.95470032258584], [980.636445178284, 411.9556846284767]], '표', 0.013773221725203122), ([[494.5347710134464, 358.03978664741385], [653.6885515021357, 254.00878111627955], [846.4652289865536, 595.9602133525862], [688.3114484978643, 699.9912188837204]], '"', 0.6372322126429744), ([[122.28215510483712, 451.03690451692006], [226.9962406012326, 507.77061506225465], [195.71784489516287, 561.96309548308], [91.00375939876739, 504.22938493774535]], '7* 교', 0.021005959927732323), ([[1075.2106731229717, 470.02835640930675], [1171.8418448029458, 561.1413980337807], [1106.7893268770283, 630.9716435906932], [1010.158155197054, 540.8586019662193]], '세', 0.9986251553010597)]
[([[701, 11], [824, 11], [824, 294], [701, 294]], '뭐', 0.1401301438681637), ([[479, 238], [741, 238], [741, 451], [479, 451]], '55', 0.3119749834294554), ([[538, 420], [660, 420], [660, 542], [538, 542]], '0', 0.7976429827158995), ([[490, 464], [710, 464], [710, 708], [490, 708]], '야', 0.02732709406028655), ([[514, 662], [696, 662], [696, 814], [514, 814]], '0', 0.11645725942068808), ([[825.1981475411061, 372.0107180373693], [1231.9997283875728, 589.8723415813295], [1108.8018524588938, 805.9892819626307], [702.0002716124271, 588.1276584186705]], '띄 %', 0.005455768201500177), ([[-11.506457476558476, 530.0473261227203], [146.0909259434553, 455.1998702353942], [257.50645747655847, 736.9526738772797], [99.9090740565447, 810.8001297646058]], ';', 0.08789180223074311), ([[88.0010314597897, 686.0226921153734], [366.0877998381392, 767.7306541021749], [305.9989685402103, 949.9773078846266], [27.912200161860817, 868.2693458978251]], '~제', 0.010213059458088293)]
[([[1033, 27], [1195, 27], [1195, 69], [1033, 69]], '"또:안에다::', 0.9598168265093241), ([[897, 67], [961, 67], [961, 105], [897, 105]], '하아', 0.999761794322735), ([[987, 67], [1187, 67], [1187, 107], [987, 107]], '하아   아아아아', 0.7044780729589597), ([[505, 103], [663, 103], [663, 263], [505, 263]], '대권', 0.10392585962654159), ([[1040, 173], [1095, 173], [1095, 426], [1040, 426]], '7', 0.14387160862444048), ([[168, 510], [222, 510], [222, 560], [168, 560]], '(6]', 0.11558116462472), ([[938, 580], [992, 580], [992, 770], [938, 770]], '7', 0.9779992594969968), ([[38, 694], [214, 694], [214, 842], [38, 842]], '대"', 0.04759398337473187), ([[704.2848770242499, 238.38756515199972], [822.0486023613006, 336.225473393753], [657.7151229757501, 529.6124348480002], [539.9513976386994, 431.774526606247]], '력', 0.007105603838364394)]
[([[895, 27], [937, 27], [937, 69], [895, 69]], '"맛', 0.26113679195321116), ([[956, 30], [986, 30], [986, 68], [956, 68]], '양', 0.9726735103811599), ([[1007, 29], [1255, 29], [1255, 69], [1007, 69]], '이자세 부끄럽지만   ', 0.6310923466392614), ([[991, 63], [1257, 63], [1257, 107], [991, 107]], '안쪽 기분증은 곳에: !"', 0.2450996561605834), ([[797, 213], [1029, 213], [1029, 369], [797, 369]], '(', 0.07124689113681715), ([[957, 427], [1157, 427], [1157, 541], [957, 541]], '볕?', 0.0005681901853643451), ([[400, 772], [426, 772], [426, 798], [400, 798]], '고', 0.24127416094421594), ([[364, 778], [420, 778], [420, 830], [364, 830]], '차)', 0.5599047642118182), ([[556, 830], [736, 830], [736, 950], [556, 950]], '~', 0.050875617170948795), ([[1001.1133762232137, 588.0792380388361], [1038.7900543689145, 607.7387904267479], [982.8866237767863, 708.9207619611639], [945.2099456310854, 688.2612095732521]], '#', 0.13373032614468006), ([[954.35229690382, 679.0174927206699], [1044.6758882938375, 710.7097067414443], [982.64770309618, 887.9825072793301], [892.3241117061626, 856.2902932585557]], '?>', 0.20665847721266073)]
[([[847, 26], [939, 26], [939, 69], [847, 69]], '"아아앗', 0.5301842093467712), ([[953, 27], [1011, 27], [1011, 69], [953, 69]], '조맛', 0.5270563845972639), ([[1027, 27], [1219, 27], [1219, 69], [1027, 69]], '국록당는 거어:  ', 0.6244564550267482), ([[1111, 67], [1257, 67], [1257, 107], [1111, 107]], '좀더어: !"', 0.21335024871104863), ([[818, 272], [1009, 272], [1009, 410], [818, 410]], '@', 0.09020998552631809), ([[629, 809], [791, 809], [791, 925], [629, 925]], '2>', 0.0010461678774079557), ([[973.3177872040262, 391.7813446448315], [1096.2294598794044, 306.7700548029606], [1152.6822127959738, 398.2186553551685], [1029.7705401205956, 483.2299451970394]], '템', 0.0016395482176925769), ([[270.8503320980383, 406.48569740588033], [301.6439429048865, 378.0416396323738], [352.1496679019617, 436.51430259411967], [321.3560570951135, 464.9583603676262]], '@1', 0.289761113741647)]
[([[547, 21], [947, 21], [947, 267], [547, 267]], '내외', 0.09483097472320266), ([[731, 763], [889, 763], [889, 873], [731, 873]], '음', 0.00681213300191047), ([[608, 806], [787, 806], [787, 952], [608, 952]], ",'", 0.14030570849328206), ([[746.7804723289331, 243.02399715490228], [1092.5155323061438, 297.72080247669504], [1041.2195276710668, 558.9760028450977], [694.4844676938562, 504.27919752330496]], "'", 0.010314883897161176), ([[-30.644005100540596, 423.0090179107008], [111.44565275319304, 343.004317935239], [355.6440051005406, 825.9909820892992], [212.55434724680694, 904.995682064761]], '응', 0.5356331669767123)]
[([[27, 25], [307, 25], [307, 69], [27, 69]], '하지만우린 아직학생이고', 0.9404562918677026), ([[1027, 27], [1255, 27], [1255, 69], [1027, 69]], '하지만 나도시오리도', 0.6398316205535871), ([[31, 63], [449, 63], [449, 107], [31, 107]], '무슨일이생겨올 때 책임울 질수도 없다', 0.34046910245967493), ([[1027, 65], [1253, 65], [1253, 107], [1027, 107]], '한창때의 소년소녀다', 0.9948095052588163), ([[29, 101], [227, 101], [227, 143], [29, 143]], '그래서 시오리와는', 0.7877968480943297), ([[821, 101], [1253, 101], [1253, 143], [821, 143]], '오랫동안 함께 있고 그것도 연인 관계라면', 0.24320965899269806), ([[29, 137], [313, 137], [313, 181], [29, 181]], '한가지약속울하고있없다', 0.8049713917592354), ([[975, 139], [1253, 139], [1253, 181], [975, 181]], '서로건전함과는 거리가먼', 0.7361383088835699), ([[947, 177], [1253, 177], [1253, 219], [947, 219]], '성적인 옥구름 의식하게 된다.', 0.2942088550137755)]
[([[917, 27], [1219, 27], [1219, 69], [917, 69]], '"내,내가움직일테니까아:  ', 0.58061352820094), ([[815, 63], [1257, 63], [1257, 108], [815, 108]], '그렇계 격렬하게 하면 더는못 견너어: :"', 0.23752683862919985), ([[692, 112], [1024, 112], [1024, 343], [692, 343]], '예', 0.01445673736312636), ([[943, 317], [1163, 317], [1163, 473], [943, 473]], '고%', 0.0012907701607515862), ([[62, 484], [206, 484], [206, 608], [62, 608]], ' 4', 0.020409795293536356), ([[133, 615], [301, 615], [301, 731], [133, 731]], '음', 0.0033462974659027728), ([[825, 747], [933, 747], [933, 839], [825, 839]], '채', 0.2463411840310279), ([[431.58080730788623, 70.2106016549516], [639.703913838572, 30.97635170585498], [654.4191926921137, 154.7893983450484], [446.296086161428, 194.023648294145]], '_내히', 0.024363914207766305), ([[827.6574839128131, 639.6437097820327], [968.7102771100909, 604.0023186892108], [984.3425160871869, 681.3562902179673], [842.2897228899091, 716.9976813107892]], '세_셋', 0.22930499152249353), ([[430.4567136802927, 804.162366706283], [693.6485194131033, 750.383066461059], [715.5432863197074, 921.837633293717], [451.35148058689674, 975.616933538941]], "|'", 0.0905305416513097)]
[([[12, 230], [38, 230], [38, 266], [12, 266]], '수', 0.34495503944882344), ([[592, 226], [768, 226], [768, 394], [592, 394]], '09', 0.05935817144867527), ([[142, 395], [343, 395], [343, 849], [142, 849]], '내', 0.03298031515495925), ([[804.8014984452487, 157.6426972014477], [1152.90475300784, 37.20647649221849], [1203.1985015547514, 212.3573027985523], [855.09524699216, 332.7935235077815]], '때내', 0.04050533903161543), ([[774.1175171307672, 507.2223990376742], [1227.6018502286888, 377.5264905299108], [1281.882482869233, 661.7776009623258], [828.3981497713113, 791.4735094700892]], '대신 "', 0.0887826606631279), ([[49.55577934431317, 538.0070493458649], [146.8175439785411, 516.0238910335119], [221.44422065568682, 880.9929506541351], [124.1824560214589, 902.9761089664881]], '8', 0.3146062387713897), ([[505.21161117342905, 845.1236004486892], [646.2324415618975, 827.8478405386408], [653.7883888265709, 942.8763995513108], [512.7675584381025, 960.1521594613592]], '{"', 0.008206549526252998)]
[([[122, 592], [348, 592], [348, 762], [122, 762]], "''", 0.0008542905547260764), ([[556, 826], [718, 826], [718, 940], [556, 940]], '{"', 0.2023312405028683), ([[445.164411712992, 72.18917622236155], [589.6150940752183, 60.203090346319215], [591.835588287008, 137.81082377763843], [447.3849059247818, 149.79690965368079]], '{?0', 0.0013237463779849719), ([[796.0769230769231, 305.38461538461536], [1054.2791607875747, 168.22370636786124], [1115.923076923077, 314.61538461538464], [857.7208392124252, 450.7762936321388]], '대;', 0.34884781314007524), ([[896.622173193895, 503.01020408705745], [1061.1764705882354, 651.7058823529412], [1018.377826806105, 701.9897959129426], [853.8235294117648, 554.2941176470588]], '"5\'', 0.11267070930425202), ([[1106.4457792105736, 503.01922063225857], [1230.5845589235055, 606.4555028127595], [1184.5542207894264, 662.9807793677414], [1060.4154410764945, 559.5444971872405]], '또다;', 0.016035276307204454), ([[1096.7646218475907, 705.2820252056036], [1214.7382889101682, 685.033806694122], [1223.2353781524093, 761.7179747943964], [1105.2617110898318, 781.966193305878]], '(@;"', 0.1031031385064125), ([[862.4454998721911, 753.0170979294962], [1010.4895364971316, 872.0120625736353], [962.5545001278089, 932.9829020705038], [814.5104635028684, 814.9879374263647]], '=: $', 0.163053459118278)]
[([[845, 25], [1255, 25], [1255, 69], [845, 69]], '그뒤로도우리논 계속해서 몸음 경쳐다;', 0.37783667856469355), ([[116, 586], [353, 586], [353, 768], [116, 768]], '걸%', 0.011415100274921123), ([[556, 829], [716, 829], [716, 938], [556, 938]], '{"', 0.33227867976771813), ([[948, 874], [978, 874], [978, 910], [948, 910]], '9', 0.7518515572313369), ([[445.164411712992, 72.18917622236155], [589.6150940752183, 60.203090346319215], [591.835588287008, 137.81082377763843], [447.3849059247818, 149.79690965368079]], ';0', 0.0038932464815712576), ([[796.3149678256261, 306.2874195640653], [1054.3065954730723, 169.2428292090101], [1115.6850321743739, 314.7125804359347], [857.6934045269277, 450.7571707909899]], '대;무', 0.058184440169190915), ([[897.622173193895, 503.01020408705745], [1059.1069968047213, 652.5788028371456], [1017.377826806105, 701.9897959129426], [855.8930031952787, 552.4211971628544]], '"5>', 0.27782943105339947), ([[1105.4419223361708, 504.0194894072412], [1230.627917193733, 605.5885939194005], [1185.5580776638292, 662.9805105927587], [1060.372082806267, 561.4114060805995]], '닫6;', 0.006883190082267852), ([[1100.679940837737, 712.3438047645323], [1184.0075650887784, 691.7610664467678], [1196.320059162263, 760.6561952354677], [1112.9924349112216, 780.2389335532322]], '(@', 0.3595425109725305), ([[861.4090265158775, 755.0218579643463], [975.7119409456486, 847.8725680149935], [929.5909734841225, 905.9781420356537], [815.2880590543514, 812.1274319850065]], '=:', 0.04479844922731025)]
[([[879, 27], [1255, 27], [1255, 69], [879, 69]], '어느한쪽이 절정하면 체위름 바꾸고', 0.67025572278335), ([[885, 65], [1255, 65], [1255, 107], [885, 107]], '무아지경으로성기름 밀어붙이다가', 0.35386015064315773), ([[971, 101], [1253, 101], [1253, 143], [971, 143]], '가버리면 또체위름 바군다', 0.099358614743337), ([[1005, 175], [1253, 175], [1253, 219], [1005, 219]], '마치 발정기의 짐승처럼', 0.8740533423387848), ([[851, 213], [1255, 213], [1255, 257], [851, 257]], '서로가 서로름성욕의 배출구로삼논다.', 0.12666664597328364), ([[885, 289], [1255, 289], [1255, 333], [885, 333]], '조금 전까지 처녀와 동정이없다고는', 0.7261576028446364), ([[1031, 325], [1253, 325], [1253, 369], [1031, 369]], '생각되지-않울정도로', 0.2427776855765055), ([[977, 363], [1255, 363], [1255, 407], [977, 407]], '격렬하고음관한 세스없다.', 0.12379753725566695), ([[980, 472], [1032, 472], [1032, 534], [980, 534]], '때', 0.8473889077251648), ([[576.9240828899774, 30.03218426262222], [862.1119825831812, 79.41608989390929], [829.0759171100226, 232.96781573737778], [542.8880174168188, 183.5839101060907]], '\'시"', 0.011991788173988617), ([[841.9965894363828, 674.0218980931666], [1118.2369233840948, 766.124692483801], [1051.003410563617, 948.9781019068334], [774.7630766159053, 856.875307516199]], '{?~"', 0.015950528904795647)]
[([[989, 25], [1055, 25], [1055, 69], [989, 69]], '"잇응', 0.03753015303682425), ([[1126, 32], [1158, 32], [1158, 64], [1126, 64]], '앗', 0.45261974491424795), ([[1173, 27], [1233, 27], [1233, 67], [1173, 67]], '아앗', 0.8765583032058641), ([[857, 65], [1063, 65], [1063, 107], [857, 107]], '안쪽 박히논거 조맛:', 0.15447850193202453), ([[1092, 62], [1257, 62], [1257, 106], [1092, 106]], '기분조아아잇]"', 0.20086398365552685), ([[578.9518746782959, 20.028931677156322], [867.13953553647, 78.34692556911378], [828.0481253217041, 238.97106832284368], [538.86046446353, 180.65307443088622]], '(기"', 0.05157468811005499), ([[922.3273709732066, 440.12791132584323], [1001.2181821273754, 404.2259725241768], [1047.6726290267934, 526.8720886741568], [968.7818178726246, 561.7740274758231]], '"', 0.1339794500303606), ([[841.9921969441094, 674.0220903256946], [1116.145839794417, 763.7901868144033], [1051.0078030558907, 947.9779096743054], [775.8541602055828, 859.2098131855967]], '{요에해', 0.010068455711007118)]
[([[981, 27], [1099, 27], [1099, 67], [981, 67]], '"크, 으흐록', 0.3265059512649684), ([[1119, 29], [1205, 29], [1205, 67], [1119, 67]], '나또오:', 0.9974127411842346), ([[959, 65], [1181, 65], [1181, 107], [959, 107]], '또가버려어어어어엇:', 0.884161054175556), ([[374, 231], [549, 231], [549, 317], [374, 317]], '기', 0.7016447427909931), ([[868, 216], [964, 216], [964, 330], [868, 330]], '[', 0.32431073119301246), ([[314, 854], [382, 854], [382, 906], [314, 906]], '스;?', 0.11374827017579812), ([[665.9848631198661, 247.05165857468734], [736.8553305346906, 225.17361976071325], [776.0151368801339, 364.94834142531266], [706.1446694653094, 387.8263802392867]], '7', 0.24393656338452274), ([[879.0892107341045, 320.1531065514482], [948.6807202805845, 263.01932306171307], [1049.9107892658953, 405.8468934485518], [980.3192797194155, 462.98067693828693]], '흐', 0.21190563826067788), ([[1001.5459233908135, 469.010314597897], [1079.1208433908912, 461.2274863360897], [1100.4540766091866, 708.989685402103], [1023.8791566091088, 715.7725136639103]], '"', 0.989238167019213), ([[669.3929852479832, 799.1080908350762], [742.6964982580552, 750.0202299614506], [827.6070147520168, 896.8919091649238], [754.3035017419448, 945.9797700385494]], '뜻', 0.14588235797079108), ([[910.7767367180387, 766.0394191295993], [1126.7668946981503, 797.0629287693821], [1097.2232632819614, 958.9605808704007], [881.2331053018496, 927.9370712306179]], '[7릇', 0.004230813941240982)]
[([[133, 43], [301, 43], [301, 201], [133, 201]], '대', 0.3596042433856361), ([[554.5359682342893, 29.00489430531393], [712.035836554608, -2.905601327581085], [814.4640317657107, 546.9951056946861], [657.964163445392, 578.905601327581]], '8', 0.9338730244801354), ([[722.929798734366, 279.3806578484223], [828.8953475670764, 230.2801621461452], [861.070201265634, 313.6193421515777], [755.1046524329236, 361.7198378538548]], '10', 0.6952861422622881), ([[861.0453203870119, 530.0134057776224], [1324.2925609601168, 684.1003344489094], [1223.9546796129882, 953.9865942223776], [760.7074390398832, 800.8996655510906]], '@23', 0.19345637559291126), ([[-1.825593297232419, 693.0521172984328], [183.72379668104585, 559.0081866977737], [408.82559329723244, 931.9478827015672], [222.27620331895415, 1064.9918133022263]], '숲', 0.40879418028865544)]
[([[941, 23], [1060, 23], [1060, 71], [941, 71]], '"아아아아:', 0.817382749323266), ([[1119, 29], [1217, 29], [1217, 69], [1119, 69]], '아; 안돼:', 0.5257631891718804), ([[836, 18], [950, 18], [950, 122], [836, 122]], '무', 0.21115499876600552), ([[982, 60], [1225, 60], [1225, 108], [982, 108]], '너무 많이 가버려서어: ', 0.6594878299131693), ([[885, 99], [965, 99], [965, 143], [885, 143]], '으아아', 0.996272241059304), ([[983, 101], [1181, 101], [1181, 145], [983, 145]], '원가 나외버려어어:', 0.4962432794920094), ([[783, 677], [1075, 677], [1075, 911], [783, 911]], '"고', 0.0007418482028989735), ([[209.02428575968628, 69.0477147488002], [333.6575479223255, 109.40543488653942], [304.9757142403137, 190.9522852511998], [180.34245207767452, 150.5945651134606]], '박', 0.010624602593808596), ([[530.0605564022143, 269.02323932472723], [744.5349571468304, 356.8220383480505], [678.9394435977857, 508.97676067527277], [463.4650428531696, 420.1779616519495]], '방샌다', 0.0003512363722676415), ([[854.9124884874632, 411.03482040442543], [1080.8686605914725, 455.9019994233643], [1046.0875115125368, 600.9651795955746], [820.1313394085275, 556.0980005766357]], ', "', 0.004361269917012284), ([[97.25259068131633, 641.0310881757961], [195.9553347118899, 715.104466528811], [146.74740931868365, 778.9689118242039], [48.044665288110096, 703.895533471189]], '나사', 0.17549611015754987)]
[([[833, 87], [1127, 87], [1127, 267], [833, 267]], '4', 0.04751486350202416), ([[704, 380], [826, 380], [826, 534], [704, 534]], '태', 0.17032517451303875), ([[600, 590], [720, 590], [720, 740], [600, 740]], '5', 0.02301313563267926), ([[760, 734], [1197, 734], [1197, 896], [760, 896]], '계245509', 0.31095343859118524), ([[74.9010393159889, 23.043199313058963], [292.34176814526637, 61.75768662662037], [266.0989606840111, 177.95680068694105], [48.65823185473363, 139.24231337337963]], '(에', 0.10705657242275074), ([[51.51793402747836, 524.0077482545771], [156.78405069209663, 498.02050519836456], [241.48206597252164, 864.9922517454229], [136.21594930790337, 890.9794948016354]], '5', 0.11657162189777726)]
[([[997, 27], [1255, 27], [1255, 69], [997, 69]], '어느날시오리의방에서', 0.9901240332045521), ([[1051, 65], [1255, 65], [1255, 107], [1051, 107]], '공부름하고있다가', 0.9129064114082537), ([[1050, 98], [1254, 98], [1254, 147], [1050, 147]], '우연히다리가 걸려', 0.6549048574217722), ([[953, 137], [1255, 137], [1255, 181], [953, 181]], '시오리블 넘어뜨리고말앉다', 0.30988894649942156), ([[828, 210], [1255, 210], [1255, 258], [828, 258]], '가까운거리에서 서로의 얼굴올바라보다', 0.5810152152600477), ([[1029, 251], [1253, 251], [1253, 295], [1029, 295]], '머릿속이 새하여져다', 0.20932634987729998), ([[913, 289], [1255, 289], [1255, 331], [913, 331]], '하지만이 때 틀림없이 둘사이에', 0.9888337776847834), ([[989, 327], [1255, 327], [1255, 369], [989, 369]], '[그런분위기; 가흘없다', 0.30114584693771834), ([[1045, 363], [1255, 363], [1255, 407], [1045, 407]], '처음있든일이없다', 0.4857408694441873)]
[([[26, 322], [106, 322], [106, 370], [26, 370]], '씨구', 0.019801632476651718), ([[771, 751], [1239, 751], [1239, 935], [771, 935]], '{닿30', 0.031721796840429306), ([[555.3342082243489, 170.01706037480434], [652.0416113198713, 161.64421682210764], [670.6657917756511, 390.9829396251956], [573.9583886801287, 400.35578317789236]], '형', 0.11374861482551424), ([[1122.2831167709112, 145.0171405120434], [1307.9074741153297, 275.33650503434086], [1230.7168832290888, 383.9828594879566], [1045.0925258846703, 252.6634949656591]], '대"~', 0.010561314013813305)]
[([[825, 9], [921, 9], [921, 97], [825, 97]], '내9', 0.29209640297327594), ([[973, 43], [1067, 43], [1067, 127], [973, 127]], '7다', 0.25730912666986), ([[484, 268], [576, 268], [576, 342], [484, 342]], '내7', 0.04089354825781059), ([[589, 329], [675, 329], [675, 397], [589, 397]], '77', 0.7803174117117666), ([[641, 529], [937, 529], [937, 669], [641, 669]], '{어 @9', 0.04839205109331531), ([[173.02024696614436, -15.969974451847149], [359.25959309900793, 44.18909380129799], [310.9797530338557, 178.96997445184715], [125.74040690099207, 117.81090619870201]], '청', 0.00607228071275584)]
[([[29, 27], [390, 27], [390, 69], [29, 69]], '"계속가버려서 뒤가 원지 모르켓어:', 0.39270183943578035), ([[29, 65], [133, 65], [133, 107], [29, 107]], '기분좋아', 0.8894758224487305), ([[147, 65], [303, 65], [303, 107], [147, 107]], '보0 기분조앗:', 0.30641256455766486), ([[132, 484], [324, 484], [324, 656], [132, 656]], '대호', 0.004415566559865672), ([[25, 710], [293, 710], [293, 922], [25, 922]], '셈', 0.012870283362566293), ([[661, 716], [1046, 716], [1046, 960], [661, 960]], '계사%_', 0.010802485048770905), ([[691.5697127830433, 32.031018202998936], [716.4619562637947, 28.035780640650756], [728.4302872169567, 106.96898179700106], [703.5380437362053, 110.96421935934924]], '암', 0.10073968166341629), ([[562.184182983552, 571.0840783210496], [622.9835728258709, 595.6378570158299], [609.815817016448, 626.9159216789504], [549.0164271741291, 602.3621429841701]], '4', 0.3849046055130181), ([[715.3424040507786, 582.0544243046714], [782.9986513822947, 616.8961389251352], [764.6575959492214, 649.9455756953286], [698.0013486177053, 615.1038610748648]], '#', 0.05892552429465625)]
[([[26, 24], [139, 24], [139, 69], [26, 69]], '"하아아양', 0.8430328322333677), ([[153, 27], [521, 27], [521, 69], [153, 69]], '크리 문지르는 손이 안 멈취어:   !', 0.26847932838208605), ([[29, 65], [113, 65], [113, 105], [29, 105]], '더안쪽', 0.9994767379512856), ([[129, 65], [305, 65], [305, 107], [129, 107]], '안쪽질러취엇써"', 0.11288817834528876), ([[1032, 138], [1062, 138], [1062, 200], [1032, 200]], '8', 0.9948188594244165), ([[547, 619], [621, 619], [621, 659], [547, 659]], '매0', 0.3160353670676462), ([[815, 560], [1084, 560], [1084, 897], [815, 897]], "'#", 0.37588631277084356), ([[318.8293886190702, 205.0360956289366], [453.8909069199084, 164.64028786988226], [513.1706113809298, 404.9639043710634], [379.1090930800916, 445.3597121301177]], '동', 0.01703717055971854), ([[98.11314435668051, 498.0151296507388], [405.83741711504194, 647.0969194252762], [304.8868556433195, 842.9848703492612], [-1.8374171150419158, 692.9030805747238]], '40', 0.8912489768048637), ([[669.2989525145956, 706.0410963740627], [734.820855000872, 764.544786249782], [700.7010474854044, 802.9589036259373], [635.179144999128, 745.455213750218]], '79', 0.6291973570607403)]
[([[27, 26], [117, 26], [117, 69], [27, 69]], '"히야앗', 0.4303048551082611), ([[131, 27], [303, 27], [303, 67], [131, 67]], '안되안대안데에', 0.6450804291287768), ([[29, 65], [223, 65], [223, 107], [29, 107]], '또 또근거 온다맛:', 0.27061878079398316), ([[467, 51], [577, 51], [577, 209], [467, 209]], '댁-', 0.6669707746128267), ([[429, 271], [569, 271], [569, 465], [429, 465]], '빛', 0.48086865058352046), ([[991, 277], [1125, 277], [1125, 427], [991, 427]], '댁', 0.37289568276379725), ([[559, 631], [597, 631], [597, 667], [559, 667]], '떼', 0.09125411220736979), ([[683, 641], [723, 641], [723, 679], [683, 679]], '끼', 0.12261985430763733), ([[681, 713], [723, 713], [723, 751], [681, 751]], '거', 0.0622538149537013), ([[50.81692684743279, 406.0259321214676], [377.3270450834957, 457.2869782931317], [331.1830731525672, 687.9740678785324], [4.67295491650431, 636.7130217068683]], '제?', 0.06246080976899748), ([[874.167094372447, 578.0133444203454], [1209.941820901464, 745.2616305581494], [1106.832905627553, 941.9866555796546], [770.0581790985359, 774.7383694418506]], '~없', 0.0022344174100994495)]
[([[1074, 270], [1106, 270], [1106, 306], [1074, 306]], '4', 0.2803166706398805), ([[97, 531], [185, 531], [185, 619], [97, 619]], '개', 0.1070719680521961), ([[103, 615], [193, 615], [193, 683], [103, 683]], '72', 0.4204277633201237), ([[555, 601], [629, 601], [629, 669], [555, 669]], '세;', 0.04984880060089892), ([[924, 872], [1018, 872], [1018, 946], [924, 946]], '7', 0.1355947486656186), ([[1039.4385954246034, 192.017526793654], [1106.9278216435405, 224.25497717364928], [1037.5614045753966, 369.982473206346], [970.0721783564594, 337.7450228263507]], '9', 0.01397245454341084), ([[275.3780452632802, 572.0071644263617], [620.6258407854888, 881.4961018328779], [465.6219547367198, 1059.9928355736383], [120.37415921451128, 749.5038981671221]], '행:7', 0.004233897531108958), ([[479.3500052999841, 679.7600084799745], [508.72746995247417, 653.0532043231757], [552.6499947000159, 704.2399915200255], [523.2725300475258, 730.9467956768243]], "'*", 0.9476075863926268)]
[([[27, 26], [279, 26], [279, 71], [27, 71]], '"하잇하아앗 시러어어:', 0.2955739396083128), ([[26, 62], [276, 62], [276, 110], [26, 110]], '기분증은게 몇번씩이나', 0.5639312361212215), ([[289, 65], [425, 65], [425, 107], [289, 107]], '아; 양데:  ', 0.5835223208159954), ([[27, 101], [203, 101], [203, 143], [27, 143]], '여운만으로도오', 0.8996479674784386), ([[372, 188], [498, 188], [498, 314], [372, 314]], '4딱', 0.012837661121359933), ([[39, 407], [103, 407], [103, 467], [39, 467]], '3웅', 0.03726251440768498), ([[1067, 869], [1147, 869], [1147, 929], [1067, 929]], '38', 0.22107404007271597), ([[412.50172712087755, 535.0207254505307], [461.9266796508423, 554.463350694658], [400.49827287912245, 702.9792745494693], [351.0733203491577, 682.536649305342]], '"', 0.9914830654690974), ([[859.8876779749856, 609.2090525574757], [1170.402874094369, 517.8921459152189], [1203.1123220250142, 653.7909474425243], [891.5971259056308, 745.1078540847811]], "' >", 0.024807697162032127), ([[132.19649262399162, 549.0540454175381], [196.970948535626, 587.4102766878394], [168.80350737600838, 634.9459545824619], [104.02905146437399, 596.5897233121606]], '383', 0.6244516494579029), ([[548.2583685632087, 589.0693533850061], [624.9925846215566, 616.7565497181978], [611.7416314367913, 649.9306466149939], [535.0074153784434, 622.2434502818022]], '수시', 0.23024903374822772), ([[496.40952575098925, 626.0438225316279], [575.9842905627708, 667.6458408388648], [557.5904742490108, 700.9561774683721], [478.01570943722925, 660.3541591611352]], '눈~', 0.013645896021783035), ([[638.3729298231972, 670.0494578861421], [707.9890710178269, 707.7045132579387], [688.6270701768028, 740.9505421138579], [619.0109289821731, 702.2954867420613]], '7360', 0.14656075835227966)]
[([[62, 42], [329, 42], [329, 171], [62, 171]], '7고50', 0.03781343996524811), ([[1010, 108], [1084, 108], [1084, 184], [1010, 184]], "'주", 0.024988536562598612), ([[47, 335], [257, 335], [257, 493], [47, 493]], '대통', 0.006658248187434078), ([[1013, 319], [1129, 319], [1129, 581], [1013, 581]], '급', 0.007976569831671165), ([[765, 547], [945, 547], [945, 703], [765, 703]], '셋셋', 0.007327928329997466), ([[966.7057997834681, 23.10537867915573], [1017.6089154740798, -10.976792710446103], [1088.2942002165319, 99.89462132084427], [1038.3910845259202, 135.9767927104461]], '손', 0.2629301358610725), ([[1117.4961984229085, 201.00668054365113], [1262.7887541272053, 219.15488792285637], [1211.5038015770915, 615.9933194563489], [1065.2112458727947, 597.8451120771437]], '영', 0.4337787339782295), ([[218.45672228610104, 609.0073801285179], [598.1118281868943, 875.1061028720688], [498.543277713899, 1016.9926198714821], [118.88817181310574, 750.8938971279312]], '골', 0.003669564977354503), ([[938.9342647639988, 776.0299127991792], [1148.6736614027518, 833.0256403433087], [1100.0657352360013, 991.9700872008208], [890.3263385972482, 934.9743596566913]], '#7', 0.25662781657585954)]
[([[29, 27], [274, 27], [274, 68], [29, 68]], '"흐아아:" 가버리면서 ', 0.4137440065000648), ([[291, 25], [517, 25], [517, 69], [291, 69]], '시오후키 기분조아아', 0.9748958732821092), ([[27, 65], [275, 65], [275, 107], [27, 107]], '이거 버릇드러버려어어:', 0.9902793972480998), ([[34, 146], [126, 146], [126, 218], [34, 218]], '7', 0.11018562457947212), ([[365, 102], [534, 102], [534, 399], [365, 399]], '뺨', 0.012815584745170305), ([[558, 596], [624, 596], [624, 648], [558, 648]], '70', 0.4770188477448692), ([[114.1294751290389, 473.0291794226796], [252.9339499783274, 550.6912074426692], [196.8705248709611, 647.9708205773204], [59.066050021672595, 570.3087925573308]], '{', 0.009780625972742263), ([[859.9003105620016, 596.9501552810008], [1153.000652717307, 470.58417597168966], [1210.0996894379984, 608.0498447189992], [916.9993472826928, 734.4158240283103]], '83', 0.04339978996702803), ([[686.1911248646676, 676.0658616744723], [751.9995672307085, 710.9342162206485], [731.8088751353324, 746.9341383255277], [666.0004327692915, 712.0657837793515]], '710', 0.41974184989018587), ([[552.3517324339299, 764.0263089373376], [843.9999543466289, 833.9729731272073], [823.6482675660701, 902.9736910626624], [532.0000456533711, 833.0270268727927]], '8/5717-5', 0.10596344438250471), ([[989.1570173083644, 820.0296457787748], [1112.9960571709137, 900.6924087904894], [1056.8429826916356, 985.9703542212252], [933.0039428290862, 905.3075912095106]], '대내', 0.14762930200511715)]
[([[332, 160], [388, 160], [388, 319], [332, 319]], '박', 0.0022708826899100476), ([[0, 322], [311, 322], [311, 622], [0, 622]], '7', 0.17027809505606584), ([[464, 519], [588, 519], [588, 586], [464, 586]], '손;스0', 0.2145470380783081), ([[155, 767], [361, 767], [361, 947], [155, 947]], '109', 0.031182326803284886), ([[811, 751], [979, 751], [979, 915], [811, 915]], '[하입', 0.0487427043157815), ([[438.4138307255206, 51.024585633694855], [496.07638735652364, 45.31504558387503], [508.5861692744794, 183.97541436630516], [450.92361264347636, 190.68495441612495]], '중', 0.05490047833582512), ([[372.6165175055763, 122.01472757249209], [410.7120910600516, 118.0509671326415], [428.3834824944237, 261.9852724275079], [389.2879089399484, 266.9490328673585]], '중', 0.6441108318941282), ([[711.0194193243091, 529.0970966215453], [827.8769109203645, 544.8973940527871], [819.9805806756909, 588.9029033784547], [703.1230890796355, 573.1026059472129]], '초아스다', 0.028577396646142006)]
[([[1115, 26], [1251, 26], [1251, 69], [1115, 69]], '"이런건: ', 0.6688724335862055), ([[963, 63], [1257, 63], [1257, 107], [963, 107]], '학교름 졸업하고나서하자"', 0.6087231088085419), ([[965, 139], [1253, 139], [1253, 181], [965, 181]], '전혀움직일 수 없는 가운데,', 0.5154775778939454), ([[1021, 175], [1255, 175], [1255, 219], [1021, 219]], '시오리가말을꺼벗다', 0.2509275024809302), ([[995, 249], [1235, 249], [1235, 293], [995, 293]], '"우린아직어린애고;', 0.7953526085065522), ([[1049, 288], [1257, 288], [1257, 331], [1049, 331]], '나이로화서도:  :"', 0.6627592025472394)]
[([[27, 25], [427, 25], [427, 69], [27, 69]], '수컷과암컷의 냄새가 가득한 실내에서', 0.8729782977754413), ([[1077, 25], [1255, 25], [1255, 69], [1077, 69]], '정신올 차려보니', 0.6915900686950407), ([[27, 65], [409, 65], [409, 107], [27, 107]], '아직도미친듯이 허리지 흔들고있다.', 0.42198740559351344), ([[901, 65], [1255, 65], [1255, 107], [901, 107]], '시계바늘이 자정울 넘어가 있없다', 0.486100435493495), ([[29, 101], [279, 101], [279, 145], [29, 145]], '둘다 의식은용통햇지만', 0.4131972389650735), ([[953, 101], [1255, 101], [1255, 145], [953, 145]], '그동안얼마나 석스름 햇는지', 0.12456910176135864), ([[26, 136], [478, 136], [478, 184], [26, 184]], '쾌략의 소용돌이에 뇌가 지배당하고 있없다', 0.4214987044161255), ([[1093, 139], [1255, 139], [1255, 181], [1093, 181]], '기억도안다', 0.9971811910076698), ([[27, 213], [187, 213], [187, 257], [27, 257]], '아마이행위논', 0.7124381082463936), ([[335, 169], [429, 169], [429, 257], [335, 257]], '60', 0.07199954605295256), ([[26, 248], [482, 248], [482, 296], [26, 296]], '어느한쪽이 기절할 때까지 계속되 것이라고', 0.5662661099212823), ([[27, 288], [279, 288], [279, 331], [27, 331]], '사랑하는 시오리블안고', 0.15144921555123642), ([[29, 327], [291, 327], [291, 369], [29, 369]], '명하니 그런 생각울햇다', 0.5047570202336229), ([[6, 378], [284, 378], [284, 602], [6, 602]], "'시니", 0.00389992562887649), ([[464, 519], [588, 519], [588, 586], [464, 586]], '손;스9', 0.6438471674919128), ([[156, 770], [328, 770], [328, 944], [156, 944]], '(', 0.9156660523958635), ([[819, 757], [927, 757], [927, 905], [819, 905]], '[)', 0.20124679909812573), ([[440.2747574101838, 53.037671137764555], [495.28564176958633, 46.38366856172378], [507.7252425898162, 162.96232886223544], [452.71435823041367, 169.61633143827623]], '종', 0.10302845534980865), ([[712.0557630317494, 529.0899677650967], [827.8580756912382, 544.8171641795246], [819.9442369682506, 590.9100322349033], [703.1419243087618, 575.1828358204754]], '차아시다', 0.10600199550390244)]
[([[294, 102], [366, 102], [366, 186], [294, 186]], '보', 0.9999938011265499), ([[1004, 10], [1124, 10], [1124, 326], [1004, 326]], '행', 0.2291495642295196), ([[295, 257], [357, 257], [357, 335], [295, 335]], '이', 0.9766657816419446), ([[394, 476], [566, 476], [566, 600], [394, 600]], '`"', 0.010414359424892872), ([[707, 445], [885, 445], [885, 577], [707, 577]], '행새', 0.004478153444162977), ([[941, 469], [1245, 469], [1245, 749], [941, 749]], '" ,', 0.11565368087145063), ([[195.61828558993267, 123.0066249900612], [276.52096322389866, 113.10565876835373], [312.38171441006733, 432.9933750099388], [230.47903677610134, 442.89434123164625]], '분', 0.007334063832979076), ([[898.4825593892336, 215.0133962122086], [975.3494073258811, 206.2799030242957], [996.5174406107664, 427.9866037877914], [919.6505926741189, 436.72009697570434]], '%', 0.022239957395719934), ([[58.10321448245654, 451.0118288851029], [464.6726129485176, 637.293075609347], [337.89678551754344, 897.9881711148971], [-67.67261294851761, 711.706924390653]], "{'2히1사", 0.007765838967694956)]
[([[812, 84], [888, 84], [888, 140], [812, 140]], '14비', 0.05209063403114317), ([[1008, 26], [1084, 26], [1084, 260], [1008, 260]], '툼', 0.006689362819273237), ([[465, 513], [586, 513], [586, 569], [465, 569]], "구%'", 0.04810635899519657), ([[708, 500], [776, 500], [776, 554], [708, 554]], '무1', 0.006010697681012713), ([[0, 599], [502, 599], [502, 928], [0, 928]], '{"', 0.1343684767536815), ([[893, 505], [1225, 505], [1225, 857], [893, 857]], '"', 0.11191843370962662), ([[1167, 787], [1275, 787], [1275, 911], [1167, 911]], '(', 0.9277033225730271), ([[138.41211653811519, 172.0101679515293], [257.3696013019373, 146.1659574174871], [324.5878834618848, 494.9898320484707], [204.6303986980627, 520.8340425825129]], '문', 0.08865211420388519), ([[265.47411502373245, 224.0106410861915], [360.72067458137184, 212.2878825594523], [392.52588497626755, 496.9893589138085], [297.27932541862816, 508.71211744054773]], '응', 0.0036623877769033225)]
[([[985, 33], [1191, 33], [1191, 221], [985, 221]], '@', 0.06883848099053935), ([[827, 215], [867, 215], [867, 255], [827, 255]], '0', 0.9338255625153238), ([[932, 184], [1191, 184], [1191, 328], [932, 328]], '00', 0.029158490841963806), ([[970, 304], [1182, 304], [1182, 406], [970, 406]], '아아', 0.2855923526480335), ([[986, 386], [1064, 386], [1064, 478], [986, 478]], '야', 0.9582829325850639), ([[1017, 591], [1106, 591], [1106, 740], [1017, 740]], '약', 0.6150892316468912), ([[336, 699], [873, 699], [873, 960], [336, 960]], '셋"', 0.021457721005387214), ([[840, 812], [942, 812], [942, 924], [840, 924]], '@)', 0.07513255346991041), ([[1079, 733], [1279, 733], [1279, 960], [1079, 960]], '대,', 0.17216483874722974), ([[14.946719594990483, 295.0753864918706], [201.94440073599887, 207.6382730828287], [309.0532804050095, 486.9246135081294], [122.05559926400112, 575.3617269171713]], '8', 0.03199464479895742), ([[43.86836728266722, 647.0278558381447], [284.53859194363343, 698.6478871251848], [235.13163271733276, 895.9721441618553], [-4.538591943633435, 844.3521128748152]], '(]', 0.0307812435884453)]
[([[836, 198], [866, 198], [866, 234], [836, 234]], '밤', 0.04403901060951321), ([[181, 153], [267, 153], [267, 383], [181, 383]], '%', 0.21282170861000171), ([[849, 235], [865, 235], [865, 263], [849, 263]], '1', 0.997498171666166), ([[986, 97], [1112, 97], [1112, 407], [986, 407]], '월', 0.25753276977411943), ([[662, 436], [768, 436], [768, 484], [662, 484]], '+30', 0.24951110006104174), ([[0, 383], [203, 383], [203, 593], [0, 593]], '배', 0.3134748454057359), ([[473, 505], [590, 505], [590, 558], [473, 558]], '497', 0.07238002325213508), ([[290, 572], [507, 572], [507, 954], [290, 954]], '{ :', 0.10389287475493117), ([[766, 616], [986, 616], [986, 939], [766, 939]], '{ :', 0.32834328868232093), ([[258.4631409291273, 71.01442128176731], [330.3684490612134, 63.284525279512216], [348.5368590708727, 276.9855787182327], [276.6315509387866, 283.7154747204878]], '움', 0.19433557524525558), ([[423.4816015659756, 204.04512892606107], [448.58834840541454, 200.05825797292724], [459.5183984340244, 266.95487107393893], [434.41165159458546, 270.94174202707273]], '#', 0.032881345418020125), ([[775.2272685141362, 510.04996755884855], [885.986258212706, 550.5941519855793], [866.7727314858638, 598.9500324411515], [756.013741787294, 559.4058480144207]], '4/5)', 0.10966267436742783), ([[1007.9674923791783, 466.01904347573253], [1291.4695531959094, 565.8696794355882], [1207.0325076208217, 792.9809565242674], [922.5304468040906, 693.1303205644118]], '세"', 0.07260190635507048), ([[105.06068639521936, 543.020061648133], [356.4937734206441, 646.3076973518312], [280.93931360478064, 820.979938351867], [29.506226579355868, 717.6923026481688]], '\'\'어"', 0.0058931754902005196)]
[([[950, 10], [1157, 10], [1157, 463], [950, 463]], '육', 0.43023726120339134), ([[1051, 563], [1255, 563], [1255, 773], [1051, 773]], '새', 0.2010831853056425), ([[906, 708], [1126, 708], [1126, 928], [906, 928]], '내', 0.023621649851916837), ([[65.86546619902586, 124.03220510285507], [177.56956946212622, 37.00811187936934], [389.13453380097417, 339.9677948971449], [278.43043053787375, 427.9918881206307]], '5', 0.15888983374912868), ([[123.39550552860653, 384.0049383507196], [654.3090993192557, 818.9425362192346], [452.6044944713935, 1069.9950616492804], [-77.30909931925568, 634.0574637807654]], '@', 0.014513297905943467)]
[([[814, 48], [866, 48], [866, 106], [814, 106]], '10', 0.7447623049691732), ([[217, 85], [305, 85], [305, 201], [217, 201]], '0', 0.9946960394447615), ([[243, 169], [324, 169], [324, 314], [243, 314]], '(', 0.2687954930028269), ([[1026, 106], [1171, 106], [1171, 417], [1026, 417]], '월', 0.4113527989184149), ([[48, 502], [421, 502], [421, 734], [48, 734]], '\'사""', 0.023610588163137436), ([[742, 725], [1097, 725], [1097, 950], [742, 950]], '씨소', 0.251182213072499), ([[929.3816530575991, 153.0147142095823], [1028.578428162443, 141.50220611922907], [1053.6183469424009, 388.98528579041766], [954.421571837557, 400.4977938807709]], '동', 0.4839118137542755), ([[148.6356179195187, 293.08494335614967], [223.69045967675598, 254.0216911395801], [289.3643820804813, 394.91505664385033], [214.30954032324402, 434.9783088604199]], '양', 0.9983229521714208), ([[957.0821634337849, 407.015604953275], [1337.5949981402348, 540.3410222236085], [1253.917836566215, 754.984395046725], [873.4050018597652, 621.6589777763915]], '"소|', 0.10902804408074163)]
[([[816, 52], [870, 52], [870, 152], [816, 152]], '벼', 0.40256313019506607), ([[1062, 70], [1158, 70], [1158, 256], [1062, 256]], '붙', 0.0215794037039585), ([[97, 289], [267, 289], [267, 423], [97, 423]], '마', 0.018391437959861756), ([[908, 102], [1069, 102], [1069, 428], [908, 428]], '꿈', 0.00463892393812082), ([[140, 373], [312, 373], [312, 496], [140, 496]], '아비', 0.1849510105310205), ([[494, 462], [562, 462], [562, 512], [494, 512]], '채사', 0.013878176712910313), ([[55, 663], [546, 663], [546, 912], [55, 912]], '("439', 0.058873773505065605), ([[874.819615677169, 554.024891548907], [1245.6924087762395, 609.8689564157437], [1199.1803843228308, 846.975108451093], [827.3075912237606, 791.1310435842563]], '("7', 0.028585508648255195)]
[([[1094, 16], [1220, 16], [1220, 268], [1094, 268]], '육', 0.02018874030214257), ([[117, 751], [513, 751], [513, 939], [117, 939]], '((: %', 0.018384910300507776), ([[206.49351338545938, -0.9932480452736492], [351.8491822238198, 17.18655377474234], [299.5064866145406, 411.9932480452737], [154.15081777618016, 392.8134462252577]], '%', 0.02922065063490553), ([[1000.4930862394369, 103.00918020845984], [1102.1245376032684, 92.35312252690154], [1129.506913760563, 406.99081979154016], [1027.8754623967316, 416.64687747309847]], '용', 0.7302137393856043), ([[75.41334845571157, 283.0215389976773], [136.98341425415762, 298.741758843616], [103.58665154428843, 434.9784610023227], [41.01658574584237, 419.258241156384]], '양', 0.18472924728968465), ([[711.0980206896447, 435.0271434481028], [1040.8942018975415, 511.2215878331294], [1006.9019793103553, 630.9728565518972], [676.1057981024586, 554.7784121668706]], '다 1 0', 0.09523402475000989), ([[881.9662757044107, 581.0197958851178], [1291.1150447279883, 677.1440216704565], [1230.0337242955893, 895.9802041148822], [819.8849552720117, 800.8559783295435]], '(오촌', 0.00761198682077969)]
[([[95, 130], [212, 130], [212, 442], [95, 442]], '9', 0.09704545949852506), ([[1006, 168], [1078, 168], [1078, 326], [1006, 326]], '용', 0.8249766455520893), ([[449, 465], [617, 465], [617, 551], [449, 551]], '기티3"', 0.015116875059902668), ([[687, 449], [847, 449], [847, 565], [687, 565]], '7', 0.1012914473538018), ([[193.75552502874547, 10.003321057833055], [263.6328940549172, 3.022280628397292], [305.24447497125453, 395.99667894216697], [235.36710594508284, 403.9777193716027]], '{', 0.05404762452084899), ([[517.9819816180111, 253.78017977981216], [537.650791373456, 236.07143881944813], [567.0180183819889, 269.21982022018784], [547.349208626544, 286.92856118055187]], '동', 0.206515467704528), ([[1041.0305254075095, 392.0180809212538], [1313.359785719266, 510.2657809360895], [1221.9694745924905, 711.9819190787462], [948.6402142807341, 592.7342190639105]], "'버앉'", 0.012557105161249638), ([[235.0588806163866, 571.0246197729844], [525.666025635144, 651.548690356048], [478.9411193836134, 797.9753802270156], [188.33397436485603, 717.451309643952]], '~"꺾 0', 0.00802130416887895), ([[14.995839227174667, 606.0296829392519], [200.37865930499376, 674.4459337542213], [147.00416077282534, 808.9703170607481], [-37.37865930499376, 740.5540662457787]], '환사', 0.002389280959093578), ([[826.0517579092053, 674.0264665747745], [1073.5678540683507, 746.1912979153217], [1026.9482420907948, 886.9735334252255], [779.4321459316492, 813.8087020846783]], '>입0', 0.012803366020067297), ([[359.94606962717205, 756.0292532890971], [611.0798403146623, 817.1588208214168], [567.053930372828, 973.9707467109029], [314.92015968533775, 912.8411791785832]], '나/', 0.021429992763174602), ([[1110.9010393159888, 813.043199313059], [1276.9185758714184, 849.6045947831135], [1247.0989606840112, 967.956800686941], [1081.0814241285816, 931.3954052168865]], '{이', 0.039662760485876976)]
[([[1115, 25], [1251, 25], [1251, 69], [1115, 69]], '"그때끊이면', 0.3990186819658534), ([[984, 61], [1258, 61], [1258, 109], [984, 109]], '아마어른이 되어있켓지?"', 0.5445122958780502), ([[901, 137], [1255, 137], [1255, 181], [901, 181]], '무엇올 근거로그렇계 생각햇올까', 0.2670632953564618), ([[823, 175], [1255, 175], [1255, 219], [823, 219]], '단순히알기 쉽계 구분이 되어서 그런결까;', 0.5780338374026414), ([[815, 251], [1255, 251], [1255, 295], [815, 295]], '하지만 그런 약속이 우리의 즉쇄가 되없다.', 0.4112168459992155), ([[777, 325], [1254, 325], [1254, 369], [777, 369]], '그이후아무리 분위기가 좋아도나와 시오리는', 0.6106640652005044), ([[819, 363], [1255, 363], [1255, 407], [819, 407]], '키스이상의 몸에 당는 행위 일체름 피햇다', 0.3246970169387698)]
[([[992, 55], [1102, 55], [1102, 239], [992, 239]], '응', 0.6498087589319681), ([[9, 73], [379, 73], [379, 425], [9, 425]], '남*', 0.0061784044932115855), ([[476, 418], [608, 418], [608, 472], [476, 472]], '.2', 0.0017827355658308756), ([[740, 628], [830, 628], [830, 684], [740, 684]], '(박', 0.01822264767195599), ([[686, 696], [772, 696], [772, 750], [686, 750]], '(', 0.26401839629421886), ([[484.51578249875587, 159.0294164897979], [515.9701425001454, 156.11942999941868], [523.4842175012442, 248.9705835102021], [492.02985749985464, 251.88057000058132]], '%', 0.3803171912444583), ([[898.4319172571411, 174.01345412567633], [983.0864289525102, 153.04928152238756], [1042.568082742859, 408.98654587432367], [957.9135710474898, 429.95071847761244]], '입', 0.16733152325729694), ([[667.1964926239916, 381.0540454175381], [765.9483430604204, 416.2143697844728], [746.8035073760084, 466.9459545824619], [648.0516569395796, 431.7856302155272]], '42', 0.8467142646255622), ([[1073.492519410572, 573.0759421646625], [1168.6873506129407, 513.0157566378916], [1270.507480589428, 701.9240578353375], [1175.3126493870593, 760.9842433621084]], '@', 0.9392751887026094), ([[48.80775123547649, 606.0209102110799], [487.0547871957958, 672.1580278780864], [430.1922487645235, 958.9790897889201], [-8.05478719579585, 892.8419721219136]], '1@', 0.11041855693603364), ([[902.8966852673951, 612.0179062357715], [1316.6192560175054, 703.5010940919037], [1242.1033147326048, 987.9820937642285], [828.3807439824946, 896.4989059080963]], '"3)', 0.0031412967150408456)]
[([[1147, 27], [1253, 27], [1253, 69], [1147, 69]], '~3시간 뒤,', 0.4654352267304276)]
[([[213, 51], [357, 51], [357, 187], [213, 187]], '넷', 0.022509766088462335), ([[522, 252], [554, 252], [554, 286], [522, 286]], '', 0.0), ([[933, 79], [1117, 79], [1117, 287], [933, 287]], '씨', 0.014821244014308954), ([[941, 391], [1063, 391], [1063, 481], [941, 481]], '"7', 0.6631814384246156), ([[1096, 456], [1212, 456], [1212, 552], [1096, 552]], '77', 0.9503162916794092), ([[37, 807], [243, 807], [243, 941], [37, 941]], '11777', 0.2000415859518363), ([[86.71410403718234, 241.02362981135965], [392.6775629438065, 285.9351704815611], [338.2858959628177, 582.9763701886403], [32.32243705619349, 538.0648295184388]], '매목', 0.03692438990009042), ([[121.05260381665065, 564.0204085462951], [419.4634146341463, 661.170731707317], [354.9473961833493, 839.9795914537049], [56.536585365853654, 742.829268292683]], "(42'", 0.03227563574910164), ([[612.6304381980899, 734.2847966121687], [910.3660579753561, 708.4961509732481], [910.3695618019101, 794.7152033878313], [613.6339420246439, 819.5038490267519]], '9리3797 0', 0.030990559198946967)]
[([[213, 49], [357, 49], [357, 187], [213, 187]], '4끼', 0.014110021181727647), ([[930, 78], [1122, 78], [1122, 284], [930, 284]], '채', 0.7787531111721933), ([[53, 255], [373, 255], [373, 563], [53, 563]], '매{', 0.016400500000134124), ([[934, 384], [1218, 384], [1218, 558], [934, 558]], '0: 빼', 0.010570629499852657), ([[1190, 756], [1266, 756], [1266, 876], [1190, 876]], '0', 0.9994610082402602), ([[36, 808], [240, 808], [240, 936], [36, 936]], '1777', 0.07515645998932474), ([[109.84720603049648, 546.0246211136177], [419.80064901225285, 611.326302956752], [364.15279396950353, 833.9753788863823], [54.19935098774717, 768.673697043248]], "1042'", 0.2333932461887206), ([[610.5746437496367, 736.2985749985467], [883.2746197778511, 711.2608252279019], [884.4253562503633, 795.7014250014533], [611.7253802221489, 820.7391747720981]], '9937773', 0.0379873617094576)]
[]
[([[63, 29], [203, 29], [203, 109], [63, 109]], '오 ', 0.0034924177481315747), ([[786, 22], [836, 22], [836, 76], [786, 76]], '0', 0.6772162018258179), ([[792, 68], [849, 68], [849, 221], [792, 221]], '8', 0.32105240666311374), ([[1116, 152], [1216, 152], [1216, 254], [1116, 254]], '2유', 0.10257086181157075), ([[821, 237], [841, 237], [841, 259], [821, 259]], '0', 0.33468614899290117), ([[992, 228], [1058, 228], [1058, 278], [992, 278]], '담', 0.005349999507431313), ([[479, 333], [497, 333], [497, 357], [479, 357]], '공', 0.012109808757126361), ([[1030, 612], [1132, 612], [1132, 788], [1030, 788]], '~~', 0.19572429899630406), ([[852, 792], [886, 792], [886, 820], [852, 820]], '00', 0.9913737843738778), ([[724.5082600965459, 85.01729337095199], [773.6880105308541, 75.03389337510299], [805.4917399034541, 240.982706629048], [756.3119894691459, 250.966106624897]], '8', 0.8823496609097994), ([[152.97570496053683, 654.0262467304682], [470.3993119278369, 726.1351570707282], [425.0242950394632, 888.9737532695318], [108.60068807216311, 816.8648429292718]], '(3339 ', 0.4251731977993545), ([[608.8573136639777, 764.1441211134348], [855.9450563134932, 730.596515696802], [864.1426863360223, 869.8558788865652], [618.0549436865068, 903.403484303198]], '존물', 0.004842911852000789), ([[1092.63043819809, 802.2847966121687], [1147.7175698882074, 753.0257785539152], [1235.36956180191, 862.7152033878313], [1181.2824301117926, 911.9742214460848]], '속:', 0.34105749781040506)]
[([[789, 23], [833, 23], [833, 75], [789, 75]], '아', 0.8100265648158853), ([[999, 25], [1255, 25], [1255, 69], [999, 69]], '문득정신이 들없올 때는', 0.7528734924462921), ([[66, 34], [202, 34], [202, 108], [66, 108]], '유 ', 0.0017947354625383616), ([[923, 65], [1255, 65], [1255, 107], [923, 107]], '이미 아침햇살이 비치고있없다.', 0.5598609742593257), ([[792, 68], [849, 68], [849, 219], [792, 219]], '8', 0.15859834958692787), ([[946, 134], [1252, 134], [1252, 184], [946, 184]], '서로의체액으로범버이 되고', 0.4199609160602073), ([[737, 125], [799, 125], [799, 247], [737, 247]], '8', 0.11526683163622164), ([[848, 172], [1256, 172], [1256, 220], [848, 220]], '시오리는 담과 애액이 스며튼 시트위에', 0.2546887835225637), ([[998, 207], [1257, 207], [1257, 261], [998, 261]], '힘없이 주육처저있없다', 0.3656778732821828), ([[1030, 610], [1132, 610], [1132, 788], [1030, 788]], '~~', 0.44647618208839046), ([[614, 768], [866, 768], [866, 894], [614, 894]], '대|', 0.00812202295914807), ([[153.97570496053683, 654.0262467304682], [470.4273633650694, 727.2484157713917], [425.0242950394632, 888.9737532695318], [108.57263663493059, 815.7515842286083]], '(3330 ', 0.03992405130251183), ([[1092.516246497323, 803.3133613395596], [1145.7175698882074, 753.0257785539152], [1236.483753502677, 861.6866386604404], [1183.2824301117926, 911.9742214460848]], '속:', 0.26527601515170596)]
[([[887, 25], [1219, 25], [1219, 70], [887, 70]], "'당분간 근육통으로 고생하켓네::", 0.42235455369094704), ([[943, 65], [1217, 65], [1217, 107], [943, 107]], "'허리가 계속 떨리고있어: ", 0.9580376587100222), ([[825, 137], [1240, 137], [1240, 181], [825, 181]], '"그래도또할거면    하고 싶은대로: ', 0.6228140156126964), ([[1110, 173], [1258, 173], [1258, 221], [1110, 221]], '해도괜찮아"', 0.9589692315383062), ([[396, 502], [422, 502], [422, 530], [396, 530]], '0', 0.11999824064823006), ([[894, 710], [1038, 710], [1038, 786], [894, 786]], '국`', 0.002712284958494398), ([[252.43345781904964, 558.0539806590581], [276.75114846590554, 555.0955592651652], [284.56654218095036, 615.9460193409419], [260.24885153409446, 618.9044407348348]], '꿀', 0.013973280649317354)]
[([[847, 25], [1226, 25], [1226, 69], [847, 69]], '"너에 대한 마음이 계속 넘처흘러서: .', 0.789438985786554), ([[755, 65], [1039, 65], [1039, 109], [755, 109]], '더같이 기분증아지고싶어:', 0.46360596309883323), ([[1063, 63], [1205, 63], [1205, 107], [1063, 107]], '"몸도 마음도:', 0.43271133481212887)]
[([[24, 906], [54, 906], [54, 944], [24, 944]], '끝', 0.999820478867619), ([[878.5677632769264, 105.02342214772217], [910.7086119932611, 101.06326670410522], [923.4322367230736, 204.9765778522778], [891.2913880067389, 208.93673329589478]], '8', 0.7232198504627831)]
