2371899
31
[([[2, 0], [200, 0], [200, 46], [2, 46]], '역/식 [)', 0.2811377211150604), ([[1054, 114], [1174, 114], [1174, 166], [1054, 166]], '엇 처음', 0.8355754000663815), ([[694, 138], [798, 138], [798, 190], [694, 190]], '좀 야', 0.320091187953949), ([[692, 178], [794, 178], [794, 232], [692, 232]], '암전히', 0.301438779203434), ([[1058, 150], [1172, 150], [1172, 254], [1058, 254]], '터', 0.007767303525403557), ([[704, 216], [780, 216], [780, 272], [704, 272]], '있으', 0.7590001636208916), ([[1070, 234], [1154, 234], [1154, 282], [1070, 282]], '이다!', 0.9704132651767486), ([[690, 258], [794, 258], [794, 306], [690, 306]], '라고-', 0.9973817176441031), ([[467, 1367], [621, 1367], [621, 1507], [467, 1507]], '0', 0.270786928786265), ([[466, 1501], [657, 1501], [657, 1610], [466, 1610]], '~빠빠', 0.648045459457651), ([[696, 1506], [774, 1506], [774, 1590], [696, 1590]], '소', 0.018428639869503494), ([[100, 1658], [194, 1658], [194, 1706], [100, 1706]], '우악-? ', 0.12676072769618357), ([[904.550561447505, 1088.0112289500994], [969.0071475114997, 1077.0565300978826], [1006.449438552495, 1305.9887710499006], [941.9928524885003, 1316.9434699021174]], '불', 0.8053753676178985)]
[([[671, 453], [833, 453], [833, 677], [671, 677]], '못', 0.2998211446595178), ([[56, 660], [206, 660], [206, 858], [56, 858]], '뜻', 0.008613536594172189)]
[([[68, 132], [162, 132], [162, 182], [68, 182]], '그렇게', 0.6263850885534001), ([[900, 144], [970, 144], [970, 192], [900, 192]], '잠깐', 0.606573679567023), ([[66, 170], [162, 170], [162, 218], [66, 218]], '빨아도', 0.9988994235309135), ([[60, 208], [168, 208], [168, 256], [60, 256]], '이제안', 0.9998637267235295), ([[46, 246], [182, 246], [182, 294], [46, 294]], '나온다고!', 0.4512484734778453), ([[15, 744], [210, 744], [210, 880], [15, 880]], '`', 0.09426992337086304), ([[823, 895], [1005, 895], [1005, 1009], [823, 1009]], '@', 0.4420575380581795), ([[18, 1029], [179, 1029], [179, 1149], [18, 1149]], '음빛', 0.04277091017905579), ([[186.22680665322332, 543.1051758870758], [352.2288227025974, 528.0544713205566], [355.7731933467767, 656.8948241129242], [189.77117729740255, 671.9455286794434]], ' 흡', 0.06351229114037846)]
[([[1119, 105], [1185, 105], [1185, 147], [1119, 147]], '이젠', 0.6184722962298762), ([[1251, 93], [1321, 93], [1321, 137], [1251, 137]], '미안,', 0.8519933223724365), ([[1107, 143], [1197, 143], [1197, 185], [1107, 185]], '싸버려', 0.9563285335383234), ([[1111, 348], [1427, 348], [1427, 511], [1111, 511]], '질9 1 양', 0.12349265860662995), ([[728, 908], [931, 908], [931, 1037], [728, 1037]], '적', 0.4985794643756982), ([[1418, 866], [1606, 866], [1606, 1034], [1418, 1034]], '-계', 0.005499498536704529), ([[60.34240405077857, 192.05442430467141], [93.14939154226538, 187.1686948591154], [103.65759594922143, 259.94557569532856], [69.85060845773462, 264.8313051408846]], '음', 0.5043954014921646)]
[([[1033, 347], [1252, 347], [1252, 520], [1033, 520]], '표우', 0.25303747922881087), ([[0, 761], [196, 761], [196, 911], [0, 911]], '입`', 0.052009477097699174), ([[1403, 741], [1614, 741], [1614, 902], [1403, 902]], '표움', 0.143724096461254), ([[673, 877], [785, 877], [785, 1025], [673, 1025]], '빛', 0.17379627426991195)]
[([[1186, 110], [1278, 110], [1278, 158], [1186, 158]], '일단은', 0.9987045526504517), ([[1189, 151], [1277, 151], [1277, 195], [1189, 195]], '집으로', 0.9938511205188968), ([[1158, 184], [1302, 184], [1302, 232], [1158, 232]], '돌아갈까:', 0.38568829600815135), ([[8.277176680403358, 173.08263747619495], [230.18443872704214, 156.91840724449833], [231.72282331959664, 312.9173625238051], [9.815561272957858, 329.0815927555017]], '꽉팩_', 0.01256624989929854)]
[([[113, 17], [173, 17], [173, 95], [113, 95]], '흡', 0.1268303840001872), ([[433, 15], [493, 15], [493, 93], [433, 93]], '접', 0.03556287403046832), ([[627, 283], [687, 283], [687, 367], [627, 367]], '출', 0.01806382334495127), ([[151, 323], [219, 323], [219, 407], [151, 407]], '돕', 0.004555355218774315), ([[209, 427], [275, 427], [275, 509], [209, 509]], '급', 0.014644149922497185), ([[572, 728], [696, 728], [696, 824], [572, 824]], '문질', 0.3283376609736907), ([[326, 797], [455, 797], [455, 888], [326, 888]], '문질', 0.837191547818836), ([[469, 869], [591, 869], [591, 959], [469, 959]], '문질', 0.9070202362628269), ([[100.40952575098923, 192.04382253162788], [133.72835704072924, 185.06687198006216], [150.59047424901075, 266.9561774683721], [117.27164295927076, 273.93312801993784]], '응', 0.04377135903144236)]
[([[697, 74], [857, 74], [857, 195], [697, 195]], '덜경', 0.03712129328254679), ([[601, 329], [721, 329], [721, 417], [601, 417]], '움질', 0.1141698655216393), ([[773, 341], [821, 341], [821, 383], [773, 383]], '후~', 0.9995428216024977), ([[755, 375], [839, 375], [839, 419], [755, 419]], '오늘은', 0.9994253978936641), ([[761, 413], [833, 413], [833, 453], [761, 453]], '덥네~', 0.986200368376229), ([[48, 756], [102, 756], [102, 804], [48, 804]], '응?', 0.9971006022371596), ([[30, 794], [122, 794], [122, 842], [30, 842]], '돌아와', 0.9871625397774972), ([[34, 830], [114, 830], [114, 878], [34, 878]], '있냐?', 0.7288042791087636), ([[14, 1002], [120, 1002], [120, 1076], [14, 1076]], '터', 0.4226467403009906), ([[29, 1075], [171, 1075], [171, 1183], [29, 1183]], '터백', 0.09069837889682855), ([[63, 1175], [205, 1175], [205, 1289], [63, 1289]], '터', 0.1615922194205588)]
[([[767, 71], [851, 71], [851, 113], [767, 113]], '어머머', 0.9994794907793689), ([[776, 104], [840, 104], [840, 152], [776, 152]], '함께', 0.9994931796253123), ([[735, 127], [869, 127], [869, 263], [735, 263]], '명질', 0.04025614304865753), ([[25, 639], [85, 639], [85, 679], [25, 679]], '깨지', 0.9989732043575686), ([[10, 672], [100, 672], [100, 720], [10, 720]], '않도록', 0.5295618804318407), ([[657, 678], [769, 678], [769, 752], [657, 752]], '취업', 0.2959012046315306), ([[15, 709], [93, 709], [93, 753], [15, 753]], '조용히', 0.9997628310422041), ([[11, 738], [101, 738], [101, 788], [11, 788]], '있어야', 0.9368119936229565), ([[25, 777], [87, 777], [87, 821], [25, 821]], '켓네', 0.7957826900919451), ([[540, 876], [650, 876], [650, 950], [540, 950]], '취업', 0.7298630050897381)]
[([[765, 297], [869, 297], [869, 381], [765, 381]], "'움@", 0.4240298753900223), ([[658, 656], [802, 656], [802, 766], [658, 766]], '@표', 0.640259830825426), ([[351, 818], [558, 818], [558, 939], [351, 939]], '부르록', 0.020279301056192918), ([[79, 993], [205, 993], [205, 1083], [79, 1083]], '터', 0.38724716271199), ([[663, 971], [823, 971], [823, 1081], [663, 1081]], '은@', 0.041401948612468334), ([[69, 1071], [187, 1071], [187, 1161], [69, 1161]], '테', 0.7374843993802394), ([[65.26029392947703, 1113.0195552671157], [168.83860252337382, 1163.5268821571203], [87.73970607052297, 1329.9804447328843], [-14.838602523373813, 1279.4731178428797]], '댐', 0.005707788596141461)]
[([[793, 273], [851, 273], [851, 311], [793, 311]], '그만', 0.9999983984201323), ([[42, 258], [170, 258], [170, 398], [42, 398]], '쌍', 0.06007168303858634), ([[773, 301], [867, 301], [867, 385], [773, 385]], '함라고', 0.3226674618851807), ([[777, 861], [859, 861], [859, 899], [777, 899]], '목소리', 0.9999774940903907), ([[785, 891], [847, 891], [847, 935], [785, 935]], '나올', 0.9801788814479032), ([[761, 925], [869, 925], [869, 969], [761, 969]], '뻔햇잡아', 0.3413645327091217)]
[([[265, 255], [305, 255], [305, 299], [265, 299]], '0', 0.9996089125658081), ([[66, 496], [252, 496], [252, 643], [66, 643]], '(문질', 0.20637515530715847), ([[217.19344499129141, 1044.1023159233646], [385.51898747536205, 1025.895364592097], [391.8065550087086, 1163.8976840766354], [223.48101252463795, 1182.104635407903]], '문질', 0.8746736214062548), ([[14.252279170098337, 1103.095740447895], [181.52048783438818, 1086.8969211451185], [187.74772082990165, 1225.904259552105], [20.47951216561181, 1242.1030788548815]], '문질', 0.5544251086985512)]
[([[41, 19], [109, 19], [109, 91], [41, 91]], '(', 0.976770846036525), ([[642, 64], [670, 64], [670, 92], [642, 92]], '더', 0.9999015355507623), ([[1061, 59], [1151, 59], [1151, 95], [1061, 95]], '우리만의', 0.9998416900634766), ([[590, 58], [692, 58], [692, 132], [590, 132]], '느출다', 0.005245721633893675), ([[1061, 89], [1151, 89], [1151, 125], [1061, 125]], '집이라도', 0.9855884313583374), ([[611, 119], [669, 119], [669, 157], [611, 157]], '활수', 0.9016050168521025), ([[1059, 115], [1151, 115], [1151, 155], [1059, 155]], '있없다면', 0.4989522695541382), ([[603, 145], [673, 145], [673, 187], [603, 187]], '있없올', 0.42848855289443494), ([[606, 178], [656, 178], [656, 210], [606, 210]], '팀데', 0.18536716499596478), ([[45, 309], [135, 309], [135, 375], [45, 375]], '날름', 0.7980041630134553), ([[59, 373], [147, 373], [147, 441], [59, 441]], '날름', 0.9094693346309183)]
[([[8, 4], [76, 4], [76, 54], [8, 54]], '우리', 0.9999931722173684), ([[4, 42], [80, 42], [80, 138], [4, 138]], '갑일', 0.04998606086061608), ([[808, 72], [891, 72], [891, 122], [808, 122]], '맺다!', 0.9003881946126794), ([[0, 124], [80, 124], [80, 172], [0, 172]], '기지!', 0.8393917782069745), ([[846, 478], [874, 478], [874, 506], [846, 506]], '이', 0.9999589924248085), ([[38, 512], [70, 512], [70, 548], [38, 548]], '확', 0.029197378849057154), ([[647, 509], [721, 509], [721, 545], [647, 545]], '비싸도', 0.8263906406898321), ([[858, 508], [884, 508], [884, 544], [858, 544]], '형', 0.9998507555383753), ([[639, 537], [727, 537], [727, 605], [639, 605]], "'잘상홀|", 0.0023194387807221775), ([[828, 500], [890, 500], [890, 610], [828, 610]], '옆', 0.07740096119177053), ([[331, 761], [443, 761], [443, 963], [331, 963]], '올', 0.1209938136469555), ([[516, 1098], [540, 1098], [540, 1132], [516, 1132]], '웃', 0.7264616012901435), ([[13, 1117], [69, 1117], [69, 1155], [13, 1155]], '조금', 0.9999967968410157), ([[0, 1139], [87, 1139], [87, 1227], [0, 1227]], '젊렬이', 0.0026126436728361284), ([[428, 1084], [460, 1084], [460, 1220], [428, 1220]], '탑', 0.009304643653251787), ([[793, 1105], [877, 1105], [877, 1217], [793, 1217]], '털', 0.6381289444424034), ([[788, 1206], [886, 1206], [886, 1310], [788, 1310]], '썰', 0.025886344285731333), ([[284.01796553451794, 1311.0371450556368], [374.98913385865285, 1286.3483171563996], [416.98203446548206, 1468.9628549443632], [326.01086614134715, 1493.6516828436004]], '철', 0.0737208547661794)]
[([[510, 76], [682, 76], [682, 198], [510, 198]], '불쌍', 0.06135630586270733), ([[981, 541], [1117, 541], [1117, 631], [981, 631]], '움', 0.021717410563121042), ([[993, 689], [1144, 689], [1144, 806], [993, 806]], '문질', 0.9886227947659219), ([[241, 823], [293, 823], [293, 841], [241, 841]], '1 ~', 0.2414468871572543), ([[351.4071545639656, 663.0979519681214], [495.76872292565685, 653.4225847482038], [496.5928454360344, 769.9020480318786], [353.23127707434315, 778.5774152517962]], '문질', 0.9579254505281574), ([[565.9503312494323, 742.0394056174501], [711.9352316903115, 784.6446493001895], [675.0496687505677, 902.9605943825499], [529.0647683096885, 860.3553506998105]], '문질', 0.9996176652013877)]
[([[1127, 75], [1169, 75], [1169, 135], [1127, 135]], '옷', 0.1660122161854396), ([[1162, 72], [1240, 72], [1240, 176], [1162, 176]], '음', 0.7381292870676113), ([[481, 282], [685, 282], [685, 450], [481, 450]], '며', 0.3175042915409598), ([[1024, 411], [1224, 411], [1224, 579], [1024, 579]], '(구품', 0.3865130738435652), ([[67, 705], [133, 705], [133, 829], [67, 829]], '흔', 0.09785062050946536), ([[966, 660], [1130, 660], [1130, 786], [966, 786]], '휴물', 0.031291069017521475), ([[462, 778], [598, 778], [598, 880], [462, 880]], '문질', 0.9984572683602524), ([[572.3491795447037, 709.114092721867], [704.0309203364825, 700.0979447055778], [705.6508204552963, 804.885907278133], [573.9690796635175, 813.9020552944222]], '문질', 0.9663036671161457)]
[([[924, 340], [1204, 340], [1204, 560], [924, 560]], '표유', 0.023844537903777805), ([[1090, 536], [1260, 536], [1260, 683], [1090, 683]], '기', 0.04145866564120859), ([[357, 729], [511, 729], [511, 839], [357, 839]], '울@', 0.04348382525619671), ([[565, 751], [629, 751], [629, 897], [565, 897]], '웃', 0.27653382947897853), ([[476.3131300773715, 527.0181584623217], [568.7123001330167, 509.286093126484], [608.6868699226285, 741.9818415376783], [515.2876998669833, 759.713906873516]], '탑', 0.02026093987389377), ([[65.53296166293468, 687.013644436183], [126.76800987143686, 674.0369502803652], [167.46703833706533, 873.986355563817], [106.23199012856314, 886.9630497196348]], '흙', 0.10669264471690454)]
[([[619, 401], [711, 401], [711, 609], [619, 609]], '팬', 0.3435155647423471), ([[1050, 354], [1170, 354], [1170, 554], [1050, 554]], '좀', 0.07155233478537415), ([[77, 737], [145, 737], [145, 859], [77, 859]], '음', 0.6687296476553826), ([[340, 752], [508, 752], [508, 872], [340, 872]], '않빛', 0.07944793362056046)]
[([[749, 49], [829, 49], [829, 192], [749, 192]], '움', 0.2353464731241326), ([[13, 469], [127, 469], [127, 660], [13, 660]], '백', 0.3236823962138011), ([[0, 761], [243, 761], [243, 954], [0, 954]], '철뵙', 0.03001793152076703), ([[921, 779], [1030, 779], [1030, 982], [921, 982]], '백', 0.8541103819350191), ([[0, 1164], [278, 1164], [278, 1504], [0, 1504]], '실쥐', 0.006181358634573556), ([[773, 1199], [1031, 1199], [1031, 1405], [773, 1405]], "'절퍽", 0.18814758432781184)]
[([[628, 32], [702, 32], [702, 156], [628, 156]], '양', 0.9611112834380755), ([[724, 52], [1006, 52], [1006, 274], [724, 274]], '@습', 0.014479011794835605), ([[1297, 495], [1407, 495], [1407, 687], [1297, 687]], '약', 0.03000428862661253), ([[1261, 881], [1375, 881], [1375, 1067], [1261, 1067]], '올', 0.6582043687510044), ([[75, 1069], [341, 1069], [341, 1257], [75, 1257]], '파뭄', 0.13434694938902567), ([[84.45490572839286, 62.00990753080352], [198.99205493274258, 51.54097176799334], [224.54509427160716, 366.9900924691965], [109.00794506725742, 377.4590282320067]], '춤', 0.36062987198243945)]
[([[164, 68], [308, 68], [308, 346], [164, 346]], '행', 0.3211827156455662), ([[101, 735], [333, 735], [333, 975], [101, 975]], '평', 0.18709987475085654), ([[877, 793], [1105, 793], [1105, 1049], [877, 1049]], '땅', 0.8606201809061567), ([[877, 1107], [1107, 1107], [1107, 1371], [877, 1371]], '땅', 0.5222654813661052), ([[0, 1389], [247, 1389], [247, 1643], [0, 1643]], '평', 0.08156464008752451), ([[526.3400170126755, 676.024231372387], [641.7685143461836, 767.971908246461], [592.6599829873245, 829.975768627613], [477.23148565381643, 738.028091753539]], "'", 0.4761765786444272)]
[([[1003, 0], [1087, 0], [1087, 143], [1003, 143]], '옷', 0.08094484718150685), ([[138, 132], [286, 132], [286, 328], [138, 328]], '잇', 0.6021253430758975), ([[37, 460], [234, 460], [234, 600], [37, 600]], '움짜', 0.8752437323476626), ([[27, 773], [213, 773], [213, 1151], [27, 1151]], '북', 0.07513981539023806), ([[783, 1086], [1104, 1086], [1104, 1343], [783, 1343]], '플렉', 0.15919591462425933), ([[0, 1420], [162, 1420], [162, 1630], [0, 1630]], '봇', 0.10874597203759695), ([[912.8654661990258, 839.0322051028551], [1103.7269769640966, 884.7396388993525], [1058.1345338009742, 1054.967794897145], [867.2730230359033, 1008.2603611006475]], '움질', 0.1767679503154669)]
[([[37, 57], [103, 57], [103, 181], [37, 181]], '유', 0.2227276832088343), ([[236, 246], [384, 246], [384, 580], [236, 580]], '틀', 0.9007072336519037), ([[277.5590142259716, 942.0064836830347], [387.9339053239953, 932.2897246949681], [420.4409857740284, 1311.9935163169653], [310.0660946760047, 1322.710275305032]], '부', 0.24322648965469185)]
[([[915, 445], [1071, 445], [1071, 555], [915, 555]], '인', 0.05342152645092946), ([[927, 539], [1085, 539], [1085, 655], [927, 655]], '연싹', 0.062286325176094434), ([[-1.5926885030304618, 1167.012551328481], [100.77472523057374, 1149.2777224960716], [143.59268850303047, 1430.987448671519], [40.22527476942626, 1448.7222775039284]], '움', 0.21105068584333342)]
[([[1109, 17], [1186, 17], [1186, 59], [1109, 59]], '다음날', 0.9996877451688144), ([[687, 55], [739, 55], [739, 95], [687, 95]], '종은', 0.3426779399353735), ([[1121, 51], [1175, 51], [1175, 89], [1121, 89]], '아침', 0.9996326678319768), ([[673, 89], [733, 89], [733, 127], [673, 127]], "'아침:", 0.5737116932868958), ([[631, 159], [677, 159], [677, 201], [631, 201]], '응?', 0.999183628886072), ([[574, 280], [730, 280], [730, 376], [574, 376]], '꿈등꿈등', 0.15418684482574463), ([[137, 605], [211, 605], [211, 643], [137, 643]], '그들이', 0.9999222275727724), ([[452, 519], [613, 519], [613, 634], [452, 634]], '물바', 0.12034457426790728), ([[647, 593], [709, 593], [709, 637], [647, 637]], '가슴', 0.9986573812539462), ([[1085, 603], [1149, 603], [1149, 643], [1085, 643]], '어제', 0.9999878617292061), ([[129, 633], [217, 633], [217, 673], [129, 673]], '챔피언이', 0.9986822605133057), ([[635, 627], [715, 627], [715, 669], [635, 669]], '끼우기', 0.9997532646057047), ([[900, 616], [966, 616], [966, 668], [900, 668]], '환기', 0.5572547974881061), ([[1061, 639], [1177, 639], [1177, 683], [1061, 683]], '그렇게나', 0.8859166722594227), ([[129, 655], [215, 655], [215, 763], [129, 763]], '스다', 0.01919176181324656), ([[272, 634], [540, 634], [540, 773], [272, 773]], '부르-우', 0.27691986483810954), ([[1055, 669], [1181, 669], [1181, 759], [1055, 759]], '행왕말', 0.11377463170925438), ([[1055, 747], [1181, 747], [1181, 789], [1055, 789]], '무리라고!', 0.985382241677773), ([[7, 789], [121, 789], [121, 833], [7, 833]], '경사로세', 0.9997683763504028), ([[478, 766], [801, 766], [801, 891], [478, 891]], '부비 질썩', 0.17279604675386026), ([[871, 751], [1013, 751], [1013, 860], [871, 860]], '주뜻', 0.23693948108045), ([[844, 860], [976, 860], [976, 956], [844, 956]], '주름', 0.47316006542034783), ([[1060.1579833204635, 161.2897482934367], [1173.212663621156, 151.0287817359411], [1174.8420166795365, 203.7102517065633], [1062.787336378844, 213.9712182640589]], '책짝', 0.1482625399794891), ([[305.23495478375634, 767.1747739187817], [456.74262380270756, 756.4117784872844], [456.76504521624366, 834.8252260812183], [306.25737619729244, 845.5882215127156]], '하-야', 0.9192943474697766), ([[496.2755570137922, 870.1360091868909], [646.088500770883, 861.8032949289434], [646.7244429862078, 954.8639908131091], [495.911499229117, 964.1967050710566]], '부비', 0.9959022494093834)]
[([[412, 476], [468, 476], [468, 550], [412, 550]], '입', 0.531512309901391), ([[279, 513], [367, 513], [367, 615], [279, 615]], '춤', 0.9823911259293396), ([[524, 817], [665, 817], [665, 917], [524, 917]], '곱프', 0.035975222124914205), ([[61, 1079], [207, 1079], [207, 1187], [61, 1187]], '완빛', 0.08362626512842869), ([[521.3018543169903, 893.1318676287378], [652.3571348776736, 880.8474971767658], [655.6981456830097, 978.8681323712622], [524.6428651223264, 990.1525028232342]], '끝쩍', 0.15520228828942886)]
[([[429, 9], [513, 9], [513, 131], [429, 131]], '향', 0.8292321024846707), ([[525, 171], [617, 171], [617, 305], [525, 305]], '햇', 0.7069611569104381), ([[9, 243], [97, 243], [97, 355], [9, 355]], '옛', 0.19934748277616965), ([[778, 409], [891, 409], [891, 667], [778, 667]], '즉', 0.15165176838094396), ([[287, 983], [437, 983], [437, 1256], [287, 1256]], '쫓', 0.1494814192785867), ([[790, 879], [915, 879], [915, 1151], [790, 1151]], '흙', 0.10479223177868846), ([[98.33399079568919, 974.0147929030069], [204.91005822868252, 952.2849885794922], [253.6660092043108, 1228.9852070969932], [146.08994177131748, 1249.7150114205078]], '꽃', 0.08346055120419837)]
[([[539, 33], [653, 33], [653, 231], [539, 231]], '야', 0.24306319391087428), ([[30, 246], [166, 246], [166, 342], [30, 342]], '운집', 0.34965119609876333), ([[724, 240], [868, 240], [868, 342], [724, 342]], '움질', 0.41011625682305725), ([[748, 519], [912, 519], [912, 838], [748, 838]], '뜻', 0.8637743276683665), ([[280, 854], [452, 854], [452, 1198], [280, 1198]], '불', 0.6837390740861373)]
[([[785, 81], [917, 81], [917, 123], [785, 123]], '신난다~!', 0.9695383386704723), ([[767, 117], [930, 117], [930, 161], [767, 161]], '[가디안에게', 0.784198300551361), ([[510, 68], [612, 68], [612, 254], [510, 254]], '후', 0.9861759625064224), ([[794, 152], [908, 152], [908, 200], [794, 200]], '잡화다!', 0.2603667080402374)]
[([[657, 85], [721, 85], [721, 127], [657, 127]], '이쪽', 0.9999737004678224), ([[642, 120], [738, 120], [738, 168], [642, 168]], '길인가', 0.9994130102651124), ([[19, 151], [109, 151], [109, 195], [19, 195]], '비교적', 0.9991806772208431), ([[1025, 171], [1089, 171], [1089, 207], [1025, 207]], '보라', 0.9687375971196647), ([[32, 186], [98, 186], [98, 234], [32, 234]], '금방', 0.9999320599561957), ([[1009, 205], [1101, 205], [1101, 247], [1009, 247]], '시티에', 0.9714074329921517), ([[0, 222], [132, 222], [132, 272], [0, 272]], '도착할 것', 0.892224599993777), ([[997, 241], [1097, 241], [1097, 285], [997, 285]], '가려면:', 0.9325895309448242), ([[31, 263], [97, 263], [97, 307], [31, 307]], '간네', 0.280327460073312), ([[659, 1187], [713, 1187], [713, 1225], [659, 1225]], '어떤', 0.9997278265021218), ([[1057, 1183], [1131, 1183], [1131, 1219], [1057, 1219]], '그러고', 0.9999960081211735), ([[538, 1200], [610, 1200], [610, 1254], [538, 1254]], '유록', 0.8181269886902958), ([[641, 1219], [735, 1219], [735, 1255], [641, 1255]], '효과야?', 0.9997943639755249), ([[1068, 1218], [1120, 1218], [1120, 1250], [1068, 1250]], '보니', 0.9979416631653347), ([[651, 1251], [723, 1251], [723, 1289], [651, 1289]], '강해?', 0.9999884373223668), ([[1063, 1243], [1123, 1243], [1123, 1281], [1063, 1281]], '아까', 0.9996324149781058), ([[551, 1331], [613, 1331], [613, 1482], [551, 1482]], '흉', 0.04008870029921585), ([[1042, 1266], [1135, 1266], [1135, 1418], [1042, 1418]], '(', 0.14162242071233866), ([[582.7324995554047, 538.0574951094521], [685.5369699345232, 503.45415769757085], [734.2675004445953, 675.9425048905479], [631.4630300654768, 710.5458423024292]], '@움', 0.016043220568268273), ([[-5.525810290029872, 1210.011525387319], [85.75628302859765, 1199.3208346245863], [113.52581029002987, 1461.988474612681], [21.243716971402343, 1472.6791653754137]], '불', 0.24047875955732767)]
[([[26, 114], [184, 114], [184, 164], [26, 164]], '붉은 부분도', 0.9742389219965452), ([[57, 153], [149, 153], [149, 195], [57, 195]], '의외로', 0.9999633160904321), ([[906, 160], [976, 160], [976, 208], [906, 208]], '우악', 0.8637128380380681), ([[23, 188], [164, 188], [164, 232], [23, 232]], '부드러워섯', 0.63676930216852), ([[884, 200], [990, 200], [990, 248], [884, 248]], '굉장해::', 0.7455692974510258), ([[57, 489], [297, 489], [297, 676], [57, 676]], '물', 0.9321263669740496), ([[785, 565], [1005, 565], [1005, 725], [785, 725]], '꼭동', 0.11827833474334416), ([[5, 823], [242, 823], [242, 1010], [5, 1010]], '문질', 0.9813288267728016)]
