2371919
23
[([[1902, 293], [1979, 293], [1979, 370], [1902, 370]], '0', 0.3551077487309193), ([[1813, 348], [1919, 348], [1919, 434], [1813, 434]], '0', 0.9979430296962164), ([[1959, 359], [2025, 359], [2025, 437], [1959, 437]], '9', 0.97026518663057), ([[1752, 427], [1838, 427], [1838, 513], [1752, 513]], '0', 0.974892835824793), ([[1891, 413], [1958, 413], [1958, 482], [1891, 482]], '9', 0.9966999145664346), ([[0, 2292], [454, 2292], [454, 2599], [0, 2599]], '@입', 0.17779278504028673), ([[1737, 2578], [2022, 2578], [2022, 2821], [1737, 2821]], '입', 0.026410321079630927), ([[-3.223372468007817, 150.0535538647109], [482.4742359491696, -51.02134087187321], [513.2233724680078, 63.94644613528911], [27.525764050830382, 267.0213408718732]], '애', 0.011084524119093553), ([[279.8377223398316, 843.5131670194949], [701.2119355512342, 751.1089534312853], [711.1622776601683, 832.4868329805051], [289.78806444876574, 924.8910465687147]], '(주-어:.)', 0.00371998795105411), ([[72.64000467990874, 1068.008103893974], [399.58727701449453, 1242.4636192112928], [364.3599953200913, 1305.991896106026], [37.41272298550544, 1131.5363807887072]], '(주시-어:토)', 0.002051963478571274), ([[1758.4959428838436, 1526.0115548677873], [2066.527893668996, 1251.1463790319283], [2114.5040571161567, 1329.9884451322127], [1806.4721063310037, 1603.8536209680717]], "(주시--,설'", 0.0010746915907976706), ([[-58.445509647169914, 1946.0062036666], [26.308822767624275, 1867.0029806370626], [438.4455096471699, 2336.9937963334], [351.6911772323757, 2416.9970193629374]], '용', 0.3673871508781623), ([[-1.3488966169731427, 2467.12478533256], [1347.960145975059, 2317.7412746578416], [1351.3488966169732, 2690.87521466744], [2.039854024941029, 2839.2587253421584]], ':터되손회', 0.00011840371967622851), ([[1315.2604552360008, 2456.1794597936064], [2005.9254031929395, 2400.368385747135], [2003.7395447639992, 2573.8205402063936], [1314.0745968070605, 2630.631614252865]], '음우-:설[', 0.0001349790316555676), ([[914.3320418607649, 2616.118868840566], [1739.8367912364702, 2535.8146053419123], [1740.6679581392352, 2787.881131159434], [915.1632087635297, 2867.1853946580877]], '@@-야', 0.018864380195736885), ([[694.8177969263935, 2732.0500037314428], [767.5380637094169, 2661.0103435551614], [957.1822030736065, 2877.9499962685572], [884.4619362905831, 2948.9896564448386]], '휴', 0.03744473444911378)]
[([[245, 174], [404, 174], [404, 215], [245, 215]], '.그걸 꼭 귀찮', 0.6760414716441201), ([[422, 174], [581, 174], [581, 215], [422, 215]], '(말해야 아냐.', 0.31091919178673677), ([[268, 1438], [534, 1438], [534, 1479], [268, 1479]], '대로 끝날거 아니잡아?', 0.4504935814387532)]
[([[445, 1095], [558, 1095], [558, 1137], [445, 1137]], '술이장0_', 0.37430947880773613), ([[502, 1542], [607, 1542], [607, 1611], [502, 1611]], '?!!', 0.7933115377358861), ([[221, 10853], [381, 10853], [381, 10894], [221, 10894]], ' 반응이 왜들_', 0.5745684860643977), ([[197, 11869], [310, 11869], [310, 11910], [197, 11910]], '얘들이 뭐', 0.9880071821334083), ([[339, 11869], [475, 11869], [475, 11910], [339, 11910]], '중요한지름', 0.2802684857518009)]
[([[197, 1201], [310, 1201], [310, 1243], [197, 1243]], '빨리 가서', 0.9044770330791367), ([[90, 1484], [287, 1484], [287, 1539], [90, 1539]], '진짜 .. 상상이상이', 0.836382966987116), ([[362, 11549], [571, 11549], [571, 11604], [362, 11604]], '하잇?/ / /', 0.23954361736228122)]
[([[79, 11585], [203, 11585], [203, 11627], [79, 11627]], '자.잠깐:', 0.6909168086831579), ([[114, 11880], [346, 11880], [346, 11935], [114, 11935]], '까아맛?! ! ! !', 0.5498052288944548)]
[([[378, 2913], [542, 2913], [542, 2974], [378, 2974]], '움고!!', 0.11989371478557587), ([[250, 7597], [542, 7597], [542, 7658], [250, 7658]], "하앗2 /1'1", 0.040854987970839994), ([[240, 8687], [386, 8687], [386, 8732], [240, 8732]], '아우시`', 0.1554947942495346), ([[201, 10850], [348, 10850], [348, 10895], [201, 10895]], '(무중아하는)', 0.41404257102784875), ([[150, 11682], [374, 11682], [374, 11727], [150, 11727]], '.귀여워서 중앞어 $', 0.35597281765261074)]
[([[56, 3507], [333, 3507], [333, 3582], [56, 3582]], '계서다하 뒷막*다', 0.0006892254703336534)]
[([[181, 5203], [314, 5203], [314, 5244], [181, 5244]], "'아. 미안~", 0.32423677383679456), ([[250, 7754], [545, 7754], [545, 7795], [250, 7795]], '수고햇어9 엄청 잘하던데', 0.37173266371558816), ([[257, 9054], [585, 9054], [585, 9151], [257, 9151]], '작라스리-하달만하거튼', 0.01141510630654682)]
[([[213, 265], [374, 265], [374, 302], [213, 302]], '-고하없어요~', 0.1857876732540763), ([[203, 3606], [384, 3606], [384, 3643], [203, 3643]], '이제오나? 늦올뻔', 0.32349430193330175), ([[68, 3708], [199, 3708], [199, 3758], [68, 3758]], '~미안미안~', 0.43431185173237036), ([[251, 3717], [336, 3717], [336, 3790], [251, 3790]], "'어표모", 0.010052579455077648), ([[447, 3851], [624, 3851], [624, 3925], [447, 3925]], '그입해불하속렉가', 0.009904653643431648), ([[367, 4606], [653, 4606], [653, 4655], [367, 4655]], '앗 행추량 베넷이랑 카즈하', 0.28545595411486885), ([[200, 4696], [305, 4696], [305, 4770], [200, 4770]], '{약심하면', 0.08639820703651879), ([[440, 4802], [611, 4802], [611, 4839], [440, 4839]], '글쎄? 3등분할루', 0.18647462493601286), ([[100, 9041], [198, 9041], [198, 9078], [100, 9078]], '뭐지.. ?', 0.6135265049051283), ([[450, 9866], [539, 9866], [539, 9903], [450, 9903]], '엄청 야', 0.7539140938072587), ([[584, 10784], [652, 10784], [652, 10821], [584, 10821]], '! 있어', 0.14530966254345157)]
[([[267, 291], [571, 291], [571, 346], [267, 346]], '요이미야씨?!!! !', 0.7067195976997408), ([[126, 2064], [274, 2064], [274, 2105], [126, 2105]], '요이미야씨!', 0.9872775745238085), ([[233, 3399], [369, 3399], [369, 3440], [233, 3440]], "' 정신올 못네", 0.12482982893921855), ([[126, 5454], [404, 5454], [404, 5496], [126, 5496]], '아: 정신이 좀 드/어요?', 0.41237489002361605), ([[232, 6221], [370, 6221], [370, 6276], [232, 6276]], '정말. 선채로', 0.35661030718085907), ([[492, 6457], [630, 6457], [630, 6513], [492, 6513]], "'어맛?!", 0.9321648326344868), ([[379.01360607616783, 6209.081636457007], [506.8368372881122, 6228.610276836163], [495.98639392383217, 6280.918363542993], [369.1631627118878, 6261.389723163837]], ' 죽으신 줄', 0.6540039531698357)]
[([[327, 209], [451, 209], [451, 251], [327, 251]], '그렇군요', 0.8076532045162396), ([[304, 2040], [463, 2040], [463, 2082], [304, 2082]], "'음이시라는데_", 0.45951510862668893), ([[386, 5135], [499, 5135], [499, 5177], [386, 5177]], '이제부터', 0.9995877742767334), ([[162, 8939], [298, 8939], [298, 8981], [162, 8981]], '무엇보다도', 0.9995400114455423), ([[339, 8939], [546, 8939], [546, 8981], [339, 8981]], '우리가 필요하잡0', 0.9096714190366508), ([[256, 13523], [440, 13523], [440, 13564], [256, 13564]], '진짜 열심히 할)', 0.3812923322194579), ([[256, 13865], [416, 13865], [416, 13907], [256, 13907]], '고마위 할 필요', 0.7818061284540131)]
[([[221, 9884], [333, 9884], [333, 9926], [221, 9926]], '그치? 역', 0.9998045004114251), ([[351, 9884], [475, 9884], [475, 9926], [351, 9926]], '요이미야0', 0.9478153702992311)]
[([[434, 3505], [558, 3505], [558, 3546], [434, 3546]], '하고있나?', 0.9634191308855865), ([[197, 4899], [381, 4899], [381, 4940], [197, 4940]], "'맛: 안녕하세요", 0.24245802273541475), ([[150, 10475], [345, 10475], [345, 10516], [150, 10516]], '이미 세명이랑 하', 0.5695480227212218), ([[280, 11751], [369, 11751], [369, 11792], [280, 11792]], '내가 잘', 0.9941805808862004), ([[398, 11751], [522, 11751], [522, 11792], [398, 11792]], '들은건가?', 0.9850207370386056)]
[([[125, 1346], [212, 1346], [212, 1387], [125, 1387]], '운선생', 0.9998759774516471), ([[276, 1346], [387, 1346], [387, 1387], [276, 1387]], "'렇계까지", 0.10333246652121073), ([[474, 1591], [573, 1591], [573, 1632], [474, 1632]], '한것도', 0.8783020735961733), ([[125, 3150], [270, 3150], [270, 3191], [125, 3191]], '이상하잡아.', 0.8877070688357006), ([[480, 4402], [624, 4402], [624, 4499], [480, 4499]], '씨 런적야?', 0.007215560795132872), ([[125, 5024], [247, 5024], [247, 5064], [125, 5064]], '. 너무 급히', 0.5264920997761581), ([[264, 5024], [433, 5024], [433, 5064], [264, 5064]], '1 결정햇당걸까', 0.5636115412756785), ([[66, 6036], [235, 6036], [235, 6077], [66, 6077]], '나. 이제 어떻거', 0.8792050595827493), ([[532, 8259], [666, 8259], [666, 8299], [532, 8299]], '36별 햇다', 0.7406562517572576), ([[193, 8828], [492, 8828], [492, 8882], [193, 8882]], "'아: 많이 놀랍다면 미안하", 0.4667725582168472)]
[([[330, 9815], [509, 9815], [509, 9858], [330, 9858]], '7원가 말이라', 0.6466054160341423)]
[([[497, 1004], [557, 1004], [557, 1057], [497, 1057]], '))', 0.9743650638839385)]
[([[231, 684], [320, 684], [320, 721], [231, 721]], '.카즈하', 0.6883819699287415), ([[147, 714], [351, 714], [351, 767], [147, 767]], '지금 뭐하는거야', 0.6268138768424806), ([[80, 1289], [373, 1289], [373, 1326], [80, 1326]], '요이미야 . 이쁘구나 해서', 0.864785105742328), ([[594, 1357], [675, 1357], [675, 1394], [594, 1394]], '그거림', 0.2971660210686048), ([[518, 1395], [570, 1395], [570, 1431], [518, 1431]], '무슨', 0.3210727572441101), ([[579, 1395], [713, 1395], [713, 1431], [579, 1431]], '상관인데??', 0.9675152503083408), ([[80, 2340], [282, 2340], [282, 2376], [80, 2376]], '올라서 문느거야?', 0.6325863177132552), ([[526, 3194], [607, 3194], [607, 3231], [526, 3231]], '그만해', 0.952411414636717), ([[586, 3474], [645, 3474], [645, 3510], [586, 3510]], '뛰야', 0.9406066616005055), ([[564, 3504], [653, 3504], [653, 3541], [564, 3541]], '불대 이', 0.7045559312563084), ([[579, 3542], [660, 3542], [660, 3578], [579, 3578]], '풀리는', 0.6110116419766128), ([[194, 4254], [327, 4254], [327, 4281], [194, 4281]], '카즈하?', 0.712094247341156), ([[276, 4397], [615, 4397], [615, 4433], [276, 4433]], '그만 하라니까?! 왜 이러느거야', 0.874030505048384), ([[337, 5289], [418, 5289], [418, 5325], [337, 5325]], '무슨소', 0.9997809315994947), ([[480, 5289], [615, 5289], [615, 5325], [480, 5325]], '여행자한테', 0.4940286677869837), ([[412, 5319], [539, 5319], [539, 5355], [412, 5355]], '들없잡아?', 0.469817342313812), ([[337, 5531], [668, 5531], [668, 5567], [337, 5567]], '-리하고 친하게 지내라고 햇던', 0.3664230490608162), ([[450, 5561], [570, 5561], [570, 5597], [450, 5597]], '기억나지?', 0.9986603230375997), ([[72, 6506], [267, 6506], [267, 6542], [72, 6542]], '너도 자신있다고', 0.9959730269889572), ([[526, 6506], [585, 6506], [585, 6542], [526, 6542]], '그건', 0.6918921787445375), ([[117, 6544], [229, 6544], [229, 6587], [117, 6587]], '햇으면서', 0.9835105538368225), ([[425, 6531], [625, 6531], [625, 6583], [425, 6583]], '그런 말이 아니라', 0.9847013508362092), ([[155, 7594], [365, 7594], [365, 7631], [155, 7631]], '사이중게 지내라는', 0.6821656591312324), ([[155, 7625], [426, 7625], [426, 7668], [155, 7668]], '아직도 이해 못 한거야?', 0.9646149645920158), ([[511, 8706], [577, 8706], [577, 8742], [511, 8742]], '잠깐.', 0.8741422252170904)]
[([[445, 3458], [652, 3458], [652, 3499], [445, 3499]], '가붙기 전에 빨리. !', 0.5396854176394276), ([[304, 7214], [416, 7214], [416, 7256], [304, 7256]], '수 있다며', 0.7217045891628558), ([[445, 7214], [534, 7214], [534, 7256], [445, 7256]], '직이야', 0.9991305779157955), ([[346, 9076], [445, 9076], [445, 9175], [346, 9175]], "'지유", 0.0030478411159624566), ([[149, 10438], [405, 10438], [405, 10494], [149, 10494]], '혼자서 힘들면 둘이 하면', 0.5519034944481388), ([[445, 13038], [605, 13038], [605, 13080], [445, 13080]], '해이상해이상둥', 0.1994575591042749), ([[91, 13310], [203, 13310], [203, 13352], [91, 13352]], '다 . 다 한-', 0.36740377524790657), ([[233, 13310], [333, 13310], [333, 13352], [233, 13352]], '속이없어.', 0.9835167117139038), ([[195, 14159], [583, 14159], [583, 14228], [195, 14228]], '까아아아아아악!!!', 0.8040603202197052)]
[([[422, 162], [522, 162], [522, 203], [422, 203]], "'고있없0", 0.6406730099616055), ([[339, 1390], [522, 1390], [522, 1432], [339, 1432]], '! 기다려준거야?', 0.19549080788113976), ([[304, 2052], [428, 2052], [428, 2093], [304, 2093]], '(볼 수 있으', 0.7488636268383624), ([[245, 5513], [475, 5513], [475, 5555], [245, 5555]], '요이미야 양 }', 0.322393246988479), ([[181, 6855], [586, 6855], [586, 6954], [181, 6954]], '~오!!!', 0.0701144248068625), ([[268, 7179], [440, 7179], [440, 7220], [268, 7220]], ' 들어가 들어가', 0.6335502163065876), ([[291, 9954], [488, 9954], [488, 10009], [291, 10009]], '듣던대로 말 망네', 0.39516376441926315)]
[([[162, 126], [369, 126], [369, 168], [162, 168]], '(경쓰지마. 이미 누', 0.4076638323916002), ([[386, 126], [475, 126], [475, 168], [386, 168]], '보다도', 0.9999546441231492), ([[196, 5158], [311, 5158], [311, 5213], [196, 5213]], '리 도움', 0.7439805809355357), ([[374, 5158], [571, 5158], [571, 5213], [374, 5213]], '연월 칼 수 있0', 0.40730788754105723), ([[240, 7942], [433, 7942], [433, 8041], [240, 8041]], '#으히#밥들', 0.00010044655944003658)]
[([[174, 79], [274, 79], [274, 121], [174, 121]], '해야지?', 0.7567692995071411), ([[256, 4710], [522, 4710], [522, 4751], [256, 4751]], '내것도..! 내것도 빨리!', 0.7403949170915511), ([[163, 8751], [297, 8751], [297, 8779], [163, 8779]], "'야! 순서는", 0.31754422785650666)]
[([[150, 11243], [321, 11243], [321, 11284], [150, 11284]], '! 이나즈마 여자', 0.50153161370931)]
[([[245, 9270], [463, 9270], [463, 9311], [245, 9311]], '요이미야 이쪽으토', 0.627667849558451), ([[352, 10440], [509, 10440], [509, 10468], [352, 10468]], '조마 여자 최', 0.5419524992006514)]
