2374796
44
[([[47, 66], [769, 66], [769, 183], [47, 183]], '기특한 나춧코에게', 0.23214765843131008), ([[902, 88], [966, 88], [966, 140], [902, 140]], '배', 0.9999672177140475), ([[122, 225], [503, 225], [503, 387], [122, 387]], '사랑의', 0.9998120398841724), ([[539, 167], [1011, 167], [1011, 419], [539, 419]], '배빵', 0.9974031412467917), ([[1028, 442], [1124, 442], [1124, 588], [1028, 588]], '기', 0.8027631787253178), ([[1020, 626], [1174, 626], [1174, 678], [1020, 678]], '배빵처녀', 0.9402370452880859), ([[1056, 674], [1174, 674], [1174, 726], [1056, 726]], '상실편', 0.7514887452125549), ([[527, 1433], [697, 1433], [697, 1571], [527, 1571]], '교', 0.06494044161462487), ([[965.4291398546884, 148.77165594187537], [1076.4443142084447, 109.9691103690851], [1092.5708601453116, 157.22834405812463], [981.5556857915553, 196.03088963091488]], '아파', 0.9999915706407035), ([[518.6101621204788, 430.0745077204523], [596.6657917756511, 379.0170603748044], [694.3898378795212, 548.9254922795477], [615.3342082243489, 599.9829396251956]], '올', 0.9027792705539675)]
[([[913, 237], [1119, 237], [1119, 323], [913, 323]], '괜찮아', 0.9963461230533409), ([[848, 328], [1220, 328], [1220, 408], [848, 408]], '그렇계 숨기지', 0.8809567341132301), ([[937, 413], [1119, 413], [1119, 497], [937, 497]], '않아도', 0.9989038277154014), ([[530, 459], [830, 459], [830, 543], [530, 543]], '성벽이라면', 0.9767441342199563), ([[585, 545], [771, 545], [771, 629], [585, 629]], '어절수', 0.9094731217131181), ([[559, 631], [767, 631], [767, 715], [559, 715]], '없달까', 0.6902161382991615), ([[481, 1117], [519, 1117], [519, 1155], [481, 1155]], '1"', 0.1907667164415895)]
[([[869, 143], [1056, 143], [1056, 232], [869, 232]], '배방올', 0.8072873028850349), ([[848, 233], [1083, 233], [1083, 317], [848, 317]], '좋아하는', 0.8566194176673889), ([[864, 320], [1066, 320], [1066, 400], [864, 400]], '성벽도 ,', 0.8261174549593449), ([[779, 403], [1154, 403], [1154, 492], [779, 492]], '포함해서 전부', 0.9997318468567512), ([[876, 496], [1058, 496], [1058, 574], [876, 574]], '좋아해', 0.9984846848792034), ([[898, 930], [1082, 930], [1082, 1010], [898, 1010]], '야스트', 0.2925433426618003)]
[([[840, 190], [1022, 190], [1022, 264], [840, 264]], '나스코', 0.9750014071781208)]
[([[132, 930], [336, 930], [336, 1008], [132, 1008]], '미안해.', 0.6408551704973297), ([[126, 1018], [378, 1018], [378, 1096], [126, 1096]], '내가 이런', 0.9992897459364889), ([[102, 1101], [367, 1101], [367, 1181], [102, 1181]], '성벽이라', 0.9088649749755859)]
[([[838, 234], [966, 234], [966, 290], [838, 290]], '아냐', 0.9994507864541639), ([[271, 251], [645, 251], [645, 340], [271, 340]], '나스코랑 해도', 0.9665123002357756), ([[313, 341], [561, 341], [561, 431], [313, 431]], '괜찮다면.', 0.9781631694565943), ([[781, 307], [979, 307], [979, 395], [781, 395]], '괜찮아', 0.9431417460519533)]
[([[1023, 161], [1097, 161], [1097, 221], [1023, 221]], '배', 0.9999824763112066), ([[993, 247], [1169, 247], [1169, 309], [993, 309]], '때려도', 0.9989405064153903), ([[963, 323], [1203, 323], [1203, 411], [963, 411]], '괜찮다구', 0.9998062252998352)]
[([[761, 215], [915, 215], [915, 283], [761, 283]], '에.?', 0.9472290706938843), ([[601, 885], [693, 885], [693, 989], [601, 989]], '([1', 0.5733545356807861)]
[]
[([[789, 875], [855, 875], [855, 945], [789, 945]], '0', 0.9983028228032573), ([[854, 1302], [1086, 1302], [1086, 1378], [854, 1378]], '부드러워', 0.7891561985015869), ([[889, 1393], [1027, 1393], [1027, 1457], [889, 1457]], '보여;', 0.3335305801606953)]
[([[868, 230], [1002, 230], [1002, 304], [868, 304]], '배방', 0.6320515079282274), ([[847, 311], [1071, 311], [1071, 395], [847, 395]], '해복래?', 0.40201881527900696), ([[811, 444], [1073, 444], [1073, 508], [811, 508]], '조금 무섭지만.', 0.6637186792986268), ([[250, 524], [446, 524], [446, 596], [250, 596]], '귀여워.', 0.808085024356842)]
[([[798, 222], [928, 222], [928, 300], [798, 300]], '에?', 0.9980518545839208), ([[364, 880], [536, 880], [536, 982], [364, 982]], '배빵', 0.9606670785591391), ([[847, 863], [883, 863], [883, 903], [847, 903]], '0', 0.32369650331256494), ([[853, 567], [1054, 567], [1054, 986], [853, 986]], '부', 0.0007448504243113031), ([[854, 932], [884, 932], [884, 970], [854, 970]], '0', 0.26753140904037664), ([[306, 1002], [592, 1002], [592, 1082], [306, 1082]], '폐티시?', 0.7945898721840392), ([[680, 821], [809, 821], [809, 1353], [680, 1353]], '~', 0.4901027113373999), ([[854, 1008], [886, 1008], [886, 1050], [854, 1050]], '0', 0.9782747893497437), ([[78, 1143], [164, 1143], [164, 1674], [78, 1674]], "'", 0.04301519023834999), ([[295, 1537], [357, 1537], [357, 1673], [295, 1673]], '푹', 0.09612988182102189), ([[489, 1615], [511, 1615], [511, 1631], [489, 1631]], '국', 0.006901319760154401), ([[441, 1609], [485, 1609], [485, 1711], [441, 1711]], '푹', 0.39157522817858137)]
[([[816, 340], [1000, 340], [1000, 418], [816, 418]], '아니면', 0.9999778382169381), ([[747, 421], [1068, 421], [1068, 507], [747, 507]], '이런 배로는', 0.9923371430141015), ([[804, 510], [1023, 510], [1023, 595], [804, 595]], '부족해?', 0.9984298348426819), ([[868, 1306], [1108, 1306], [1108, 1386], [868, 1386]], '이정도면', 0.9982478022575378), ([[842, 1390], [1128, 1390], [1128, 1470], [842, 1470]], '최고지만.', 0.9969600828431698)]
[([[153, 1197], [339, 1197], [339, 1285], [153, 1285]], '정말로', 0.9998671679372619), ([[155, 1281], [345, 1281], [345, 1371], [155, 1371]], '괜찮아', 0.9983048137008038), ([[258, 1382], [290, 1382], [290, 1432], [258, 1432]], '?', 0.4445164079983446)]
[([[869, 329], [1051, 329], [1051, 395], [869, 395]], '야스가', 0.9991903117411668), ([[869, 417], [1049, 417], [1049, 481], [869, 481]], '기뻐해', 0.9990474468445061), ([[842, 498], [1086, 498], [1086, 578], [842, 578]], '준다면야', 0.6496061682701111), ([[879, 875], [1071, 875], [1071, 963], [879, 963]], '괜찮아', 0.9983423839860839)]
[([[796, 54], [1034, 54], [1034, 132], [796, 132]], '나스코의', 0.9979364275932312), ([[856, 156], [940, 156], [940, 212], [856, 212]], '배', 0.9999730588820199), ([[248, 278], [480, 278], [480, 358], [248, 358]], '종올대로', 0.7954460382461548), ([[285, 367], [445, 367], [445, 435], [285, 435]], '씨쥐?', 0.3998840508547482)]
[([[818, 328], [1000, 328], [1000, 402], [818, 402]], '나스코', 0.9971454575741527)]
[]
[([[858, 270], [1018, 270], [1018, 348], [858, 348]], '그럼.', 0.9817954993392576), ([[821, 351], [1019, 351], [1019, 437], [821, 437]], '한번만:', 0.8652357459068298)]
[]
[([[523, 177], [759, 177], [759, 257], [523, 257]], '전력으로', 0.942601203918457), ([[471, 271], [817, 271], [817, 336], [471, 336]], '때려도 돼. ?', 0.3903710645420777), ([[376, 850], [448, 850], [448, 900], [376, 900]], '((11', 0.514949381351471)]
[([[742, 174], [1134, 174], [1134, 254], [742, 254]], '저 전력으로..?', 0.5164496018451082), ([[715, 257], [1121, 257], [1121, 345], [715, 345]], '뛰어, 괜찮은데.', 0.8212511900925271), ([[874, 1566], [998, 1566], [998, 1642], [874, 1642]], '딱히', 0.9998994391004578)]
[([[163, 287], [287, 287], [287, 349], [163, 349]], '그거', 0.9999924978692074), ([[82, 365], [401, 365], [401, 449], [82, 449]], '여자의 배름', 0.41130840176046585), ([[153, 459], [333, 459], [333, 521], [153, 521]], '때려서', 0.9988076932172707), ([[87, 533], [403, 533], [403, 623], [87, 623]], '흥분 한다는', 0.9356823404992077), ([[172, 628], [325, 628], [325, 695], [172, 695]], '그거?', 0.9998297095298767)]
[([[72, 524], [284, 524], [284, 668], [72, 668]], '오', 0.7784889798654469), ([[215.13935120111796, 79.0247108994523], [313.594769986124, 40.01179634967532], [399.86064879888204, 282.9752891005477], [302.405230013876, 321.9882036503247]], '욕', 0.2998794373090483)]
[([[474, 1044], [530, 1044], [530, 1102], [474, 1102]], "<'", 0.3388946405796208), ([[441, 1083], [487, 1083], [487, 1125], [441, 1125]], '<', 0.36835818564364686), ([[509.0444046316013, 128.01170896933422], [1223.413952302392, 300.2644028839641], [1129.9555953683987, 613.9882910306658], [416.58604769760797, 441.7355971160359]], '[@0', 0.2938446919073227)]
[([[757, 651], [931, 651], [931, 785], [757, 785]], '다', 0.030838382201467063), ([[655.8054836946833, 499.1271597742762], [770.7780353828365, 420.0159366587905], [888.1945163053167, 622.8728402257238], [774.2219646171635, 701.9840633412095]], '움', 0.09890035508799944)]
[([[916, 382], [1144, 382], [1144, 460], [916, 460]], '아파 앗', 0.7611347352233123)]
[]
[]
[]
[([[971, 217], [1173, 217], [1173, 307], [971, 307]], '방금 그', 0.9998474729520311), ([[982, 308], [1118, 308], [1118, 386], [982, 386]], '배빵', 0.8888159134110949), ([[955, 393], [1161, 393], [1161, 477], [955, 477]], '굉장해.', 0.9101869463920593), ([[978, 934], [1214, 934], [1214, 1012], [978, 1012]], '나스코의', 0.996677815914154), ([[1004, 1024], [1194, 1024], [1194, 1104], [1004, 1104]], '뱃속에', 0.9800483358650025), ([[322, 1290], [642, 1290], [642, 1370], [322, 1370]], '야스의 손이', 0.995727460572659), ([[341, 1375], [631, 1375], [631, 1459], [341, 1459]], '들어올어 ..', 0.25383078507360574)]
[([[518, 390], [584, 390], [584, 444], [518, 444]], '어', 0.9999721052207775), ([[573, 377], [791, 377], [791, 461], [573, 461]], '맺어. ?', 0.22611322918239254)]
[([[438, 336], [717, 336], [717, 429], [438, 429]], '흥분햇어?', 0.699801301014385)]
[([[592, 548], [648, 548], [648, 608], [592, 608]], '그', 0.9999790192750879), ([[563, 633], [699, 633], [699, 695], [563, 695]], '그거', 0.8596150198784757)]
[]
[([[561, 335], [814, 335], [814, 428], [561, 428]], '엄청나게', 0.9307528138160706), ([[568, 426], [809, 426], [809, 516], [568, 516]], '흥분햇어', 0.6267420053482056), ([[832, 862], [864, 862], [864, 906], [832, 906]], '0', 0.6566979400506625), ([[839, 567], [1034, 567], [1034, 989], [839, 989]], '빚', 0.0017347272346910358), ([[835, 929], [871, 929], [871, 975], [835, 975]], '0', 0.9516569755243296), ([[666, 821], [793, 821], [793, 1388], [666, 1388]], '~', 0.1500116203472155), ([[840, 1008], [870, 1008], [870, 1048], [840, 1048]], '0', 0.9908673426114234), ([[42, 1092], [381, 1092], [381, 1701], [42, 1701]], '다', 0.006660474499435909), ([[349, 1302], [390, 1302], [390, 1477], [349, 1477]], "'", 0.2409285455942154), ([[688, 1392], [744, 1392], [744, 1472], [688, 1472]], '대', 0.4475981245481684), ([[471, 1613], [495, 1613], [495, 1631], [471, 1631]], '[', 0.048373534459760004), ([[425, 1611], [469, 1611], [469, 1715], [425, 1715]], '품', 0.0779611372014557)]
[([[430, 690], [858, 690], [858, 770], [430, 770]], '그렇계 우리들의', 0.9376611065936308), ([[440, 774], [840, 774], [840, 854], [440, 854]], '첫 배빵 석스의', 0.36345281412065283), ([[474, 862], [806, 862], [806, 942], [474, 942]], '막이 열려다:', 0.414456413643776)]
[([[127, 1195], [387, 1195], [387, 1283], [127, 1283]], '오늘 밤은', 0.9671294237353079), ([[191, 1281], [322, 1281], [322, 1368], [191, 1368]], '분명', 0.9997400481356191), ([[167, 1369], [343, 1369], [343, 1453], [167, 1453]], '길계조', 0.6269623346525998)]
[([[454, 857], [723, 857], [723, 1336], [454, 1336]], '속', 0.9999804497720675), ([[368.32738962331115, 413.0388769011896], [723.755545046646, 384.847427579864], [729.6726103766889, 699.9611230988104], [373.2444549533539, 727.1525724201359]], '계', 0.9974603109213973)]
[([[411, 193], [537, 193], [537, 253], [411, 253]], '아니', 0.999994015152757), ([[557, 193], [689, 193], [689, 255], [557, 255]], '그게', 0.9984892013775333), ([[327, 265], [817, 265], [817, 353], [327, 353]], '그렇다고 나스코의', 0.9956479582627115), ([[284, 358], [408, 358], [408, 438], [284, 438]], '배틀', 0.14697349543762708), ([[422, 360], [860, 360], [860, 440], [422, 440]], '때리고 싶다거나', 0.7887368490766226), ([[359, 445], [783, 445], [783, 529], [359, 529]], '그런건 아니고. .', 0.4717978878641863), ([[264, 964], [336, 964], [336, 1036], [264, 1036]], '기1"', 0.2178368628986656)]
[([[328, 218], [512, 218], [512, 296], [328, 296]], '그렇계', 0.8827365834965928), ([[253, 301], [575, 301], [575, 385], [253, 385]], '해보고 싶어', 0.9850326285516616)]
[([[538, 472], [726, 472], [726, 552], [538, 552]], '그치만:', 0.9630460739135742), ([[590, 566], [718, 566], [718, 626], [590, 626]], '화화', 0.6639851094908733)]
[([[665, 700], [965, 700], [965, 937], [665, 937]], '톤질', 0.3249412822280398)]
[([[826, 243], [1131, 243], [1131, 332], [826, 332]], '나스코한데', 0.8942346760320499), ([[854, 338], [1094, 338], [1094, 416], [854, 416]], '배방하는', 0.8482992053031921), ([[216, 391], [378, 391], [378, 453], [216, 453]], '아니 .', 0.7118663787841797), ([[854, 424], [1098, 424], [1098, 502], [854, 502]], '상상해서', 0.9998707175254822), ([[199, 474], [412, 474], [412, 548], [199, 548]], '그게 그', 0.924713329127458), ([[813, 505], [1145, 505], [1145, 591], [813, 591]], '흥분한거지?', 0.9893254739493551), ([[213, 563], [394, 563], [394, 631], [213, 631]], '저기.', 0.9857634652195831)]
