2378738
70
[]
[([[1583.9854068872376, 2618.027108791343], [1730.1431631577643, 2665.9801056262154], [1670.0145931127624, 2842.972891208657], [1523.8568368422357, 2794.0198943737846]], '0', 0.8455697938675009)]
[]
[]
[]
[]
[]
[]
[]
[([[1220.34108937007, 85.02718137784603], [1325.8623074579189, 164.52212265828592], [1281.65891062993, 221.97281862215397], [1177.1376925420811, 142.47787734171408]], '{커니', 0.003368702688766324)]
[]
[]
[]
[]
[]
[]
[([[215, 363], [235, 363], [235, 388], [215, 388]], '4', 0.1181539001265719)]
[]
[]
[]
[]
[([[1238.1878904958928, 103.04132685974987], [1320.9943100988535, 161.698327920798], [1280.8121095041072, 216.95867314025014], [1199.0056899011465, 158.301672079202]], '새', 0.24735412461716155)]
[]
[]
[]
[]
[]
[]
[([[1349.346454084438, 221.0267398301415], [1465.9355982368309, 297.98694490593647], [1424.653545915562, 358.9732601698585], [1309.0644017631691, 282.01305509406353]], '9~', 0.036822051101029)]
[([[1323, 180], [1356, 180], [1356, 224], [1323, 224]], '7', 0.03430144863347895), ([[1352.287953291017, 219.02821146681296], [1465.8617837017978, 302.4287617550004], [1420.712046708983, 362.971788533187], [1307.1382162982022, 280.5712382449996]], '대~', 0.152924181112579)]
[]
[]
[]
[]
[]
[]
[]
[]
[]
[]
[]
[]
[]
[]
[]
[]
[]
[]
[]
[]
[]
[]
[]
[]
[]
[]
[]
[]
[]
[]
[]
[]
[([[1349.346454084438, 221.0267398301415], [1465.9355982368309, 297.98694490593647], [1424.653545915562, 358.9732601698585], [1309.0644017631691, 282.01305509406353]], '9~', 0.041813061804549606)]
[]
[]
[]
[([[1220.3517324339298, 82.02630893733765], [1323.7471339191502, 167.004526111734], [1279.6482675660702, 220.97369106266237], [1176.2528660808498, 136.995473888266]], "'커니", 0.0003041069441408204)]
[]
[]
[]
