2384377
10
[([[1626, 168], [1670, 168], [1670, 210], [1626, 210]], '2', 0.17661236579954576), ([[1537, 182], [1597, 182], [1597, 233], [1537, 233]], '2', 0.6477714741567759), ([[561, 1769], [638, 1769], [638, 1842], [561, 1842]], '사', 0.03255013841076981)]
[([[491, 116], [925, 116], [925, 202], [491, 202]], '[@욕 %물짚83 & @5', 0.0025790261700186176), ([[473, 199], [601, 199], [601, 265], [473, 265]], "갑8'3", 0.02048092894256115), ([[595, 192], [942, 192], [942, 290], [595, 290]], '@@)갚? 갑|', 0.00011274006830803574), ([[573, 282], [907, 282], [907, 367], [573, 367]], '@젯@@-@|6히-', 0.00021894200129887232)]
[([[54, 212], [113, 212], [113, 232], [54, 232]], "'104어쓰", 0.024420230386746202), ([[461, 299], [611, 299], [611, 337], [461, 337]], '언0-3*', 0.015291403159934207)]
[([[1365.7530495244557, 2432.0024396195645], [1507.8906201660432, 2384.5869976852578], [1528.2469504755443, 2449.9975603804355], [1385.1093798339568, 2497.4130023147422]], '예서', 0.272167577349928), ([[1378.6229694208496, 2500.531205204634], [1554.5072751448563, 2402.1312137138652], [1593.3770305791504, 2490.468794795366], [1417.4927248551437, 2588.8687862861348]], '육제요', 0.08439785561515535)]
[([[489, 32], [521, 32], [521, 63], [489, 63]], '(', 0.4073648800283678), ([[673, 366], [766, 366], [766, 444], [673, 444]], '??)', 0.9336301677259594), ([[1723, 2403], [2086, 2403], [2086, 2519], [1723, 2519]], '(권0-도', 0.022793800980251005), ([[601.7460431327202, 2442.3571940972406], [940.228036164295, 2390.9275846250302], [949.2539568672798, 2516.6428059027594], [610.771963835705, 2567.0724153749698]], '-어하형', 0.004436814226210117), ([[1170.9808136618974, 2476.037147167995], [1370.5625058729051, 2528.52747434172], [1335.0191863381026, 2640.962852832005], [1136.4374941270949, 2588.47252565828]], '@_)', 0.10126793331029917)]
[([[76, 800], [102, 800], [102, 832], [76, 832]], '9', 0.11792857581888772), ([[41, 851], [107, 851], [107, 891], [41, 891]], '군  (', 0.049559432623960425), ([[75, 885], [119, 885], [119, 921], [75, 921]], '7@', 0.09422813767892722), ([[201.42752122286237, 760.4565127337174], [275.3952797508441, 740.1937234665766], [282.57247877713763, 769.5434872662826], [209.6047202491559, 789.8062765334234]], '형@스', 0.0018438512397499524), ([[150.67504722512362, 775.745066115173], [205.76190298673, 761.1065778234257], [213.32495277487638, 796.254933884827], [158.23809701327, 810.8934221765743]], '(@', 0.3403837925242267), ([[232.46446609406726, 786.4644660940672], [302.36664834423374, 763.3032880926061], [314.53553390593277, 803.5355339059328], [244.63335165576623, 826.6967119073939]], '{8움', 0.004371537745409561), ([[91.71253537143728, 800.4275212228624], [152.82341957795995, 773.8734636937509], [169.28746462856273, 811.5724787771376], [108.17658042204005, 839.1265363062491]], '@@:?', 0.12827499210834503), ([[149.7639320225002, 807.5278640450005], [242.06161866795796, 791.083966084543], [248.2360679774998, 836.4721359549995], [155.93838133204204, 852.916033915457]], '@@스입]', 0.006690136155054267), ([[9.43926240134208, 824.9271148816105], [76.93708827310184, 806.2845787663775], [86.56073759865792, 843.0728851183895], [18.062911726898164, 860.7154212336225]], '[-@"', 0.09779738992868234), ([[95.72307231792384, 841.7061506225467], [155.44748859965358, 817.8361732736186], [169.27692768207615, 853.2938493774533], [109.5525114003464, 877.1638267263814]], '[8}', 0.018451814450787467), ([[171.52786404500043, 854.7639320225002], [292.05233788936795, 815.0710825156053], [303.4721359549996, 854.2360679774998], [182.94766211063202, 893.9289174843947]], '@각훨@@', 0.006482951929582169), ([[105.08614241292821, 870.7550563432708], [179.94068446882522, 849.4755104246822], [191.9138575870718, 899.2449436567292], [118.05931553117479, 920.5244895753178]], '간@그전}', 0.00024675793866085305)]
[([[48.846125524146785, 786.3999263627817], [240.0333979948581, 720.7342834438123], [252.15387447585323, 771.6000736372183], [61.966602005141894, 836.2657165561877]], '오해 말아요', 0.9862170208819038), ([[73.5171823341929, 822.5378011352244], [258.0065195073293, 759.6932247698504], [270.4828176658071, 811.4621988647756], [85.99348049267068, 873.3067752301496]], '당센이내까', 0.36256212156549383), ([[82.10263340389898, 868.307900211697], [291.11088807449244, 798.8569404889486], [302.89736659610105, 849.692099788303], [93.88911192550758, 920.1430595110514]], '해주눈 계재@', 0.1711395519892222)]
[([[614, 64], [712, 64], [712, 118], [614, 118]], '@폐', 0.11016255348584207), ([[533, 123], [767, 123], [767, 185], [533, 185]], '생활되다 떼', 0.06749081432911598), ([[593, 185], [739, 185], [739, 245], [593, 245]], '@전이이', 0.03764303773641586)]
[]
[([[118.15798332046344, 314.2897482934367], [232.19371937265174, 302.9957897746426], [234.84201667953656, 356.7102517065633], [119.80628062734824, 368.0042102253574]], '@예@', 0.39811687761908515)]
