2386154
104
[([[882, 1121], [1284, 1121], [1284, 1302], [882, 1302]], "(오,'", 0.012362956069409847), ([[607, 1348], [1467, 1348], [1467, 1642], [607, 1642]], '[/거커공)', 0.0013484400425553512)]
[([[38, 59], [1004, 59], [1004, 144], [38, 144]], '자; 그러면 반항하지 말과압전히있우관고', 0.2083367087606837), ([[42, 156], [807, 156], [807, 307], [42, 307]], '꾸히이이이익?', 0.5466703934056159), ([[849, 1166], [1252, 1166], [1252, 1351], [849, 1351]], '4름[2', 0.007326120510697365), ([[788, 1359], [1316, 1359], [1316, 1587], [788, 1587]], '고-거)', 0.0011691335821524262), ([[1467, 1991], [1844, 1991], [1844, 2512], [1467, 2512]], '푹', 0.9799208769631065)]
[([[880, 1121], [1284, 1121], [1284, 1302], [880, 1302]], "(항꾸구'", 0.0018840979764399187), ([[609, 1346], [1468, 1346], [1468, 1642], [609, 1642]], '[서거떤서)', 0.002027896099592697), ([[12, 2010], [471, 2010], [471, 2230], [12, 2230]], '나', 0.003224184074940642), ([[0, 2237], [278, 2237], [278, 2424], [0, 2424]], '4', 0.09889733721060168), ([[-99.00980191995123, 1844.5941188480292], [167.64621568501153, 1666.7140622583436], [296.00980191995126, 1867.4058811519708], [28.353784314988467, 2046.2859377416564]], "'시", 0.02088108169113465), ([[3.012628681889548, 2480.0195056518055], [349.23380010340986, 2579.8581002492733], [282.98737131811043, 2782.9804943481945], [-62.233800103409834, 2684.1418997507267]], '나', 0.004634329551002958)]
[([[871, 1119], [1284, 1119], [1284, 1299], [871, 1299]], '{오꾸', 0.029462304644074643), ([[609, 1351], [1460, 1351], [1460, 1636], [609, 1636]], '만/거)서)', 0.0013860427651153759)]
[([[824, 1119], [1283, 1119], [1283, 1302], [824, 1302]], "돌_야'", 0.008075274527072906), ([[610, 1349], [1466, 1349], [1466, 1637], [610, 1637]], '[/거익,)', 0.0053798276636039455), ([[6.753003223790399, 1448.0432464225817], [140.60107129896085, 1431.1879295312033], [158.2469967762096, 1627.9567535774183], [24.398928701039168, 1644.8120704687967]], '1', 0.20848068466170844)]
[([[882, 1121], [1284, 1121], [1284, 1302], [882, 1302]], "(오,'", 0.012362956069409847), ([[607, 1348], [1467, 1348], [1467, 1642], [607, 1642]], '[/거커공)', 0.0013484400425553512)]
[([[810, 1110], [1279, 1110], [1279, 1308], [810, 1308]], '하다', 0.029763069042347698), ([[940.0619868300012, 1301.0137509030378], [1531.5826960746183, 1448.848950722591], [1453.9380131699988, 1705.9862490969622], [861.4173039253818, 1558.151049277409]], '구', 0.0005217171946425708), ([[600.1452331843876, 1435.1635287041722], [914.64206506675, 1361.2867975741099], [945.8547668156124, 1571.8364712958278], [631.35793493325, 1645.7132024258901]], "'", 0.5946354489616148)]
[([[36, 35], [622, 35], [622, 113], [36, 113]], '우울!! 부우우육!! ! 부육]', 0.12550329615488642), ([[36, 97], [548, 97], [548, 172], [36, 172]], '(이거 풀어! 풀라고!! )', 0.5871247371184362), ([[35, 206], [1163, 206], [1163, 290], [35, 290]], '푸후후, 그 잘난 붉은기사단의 단장되별계없싫만', 0.2011291411700351), ([[844, 1163], [1251, 1163], [1251, 1355], [844, 1355]], '4,만2', 0.0034667442087084055), ([[787, 1363], [1017, 1363], [1017, 1588], [787, 1588]], '"1', 0.010645696110437416), ([[1185, 1390], [1293, 1390], [1293, 1548], [1185, 1548]], '[', 0.8040468829372038)]
[([[1157, 1307], [1505, 1307], [1505, 1542], [1157, 1542]], '', 0.0), ([[963.2263768644594, 878.0119727220383], [1401.9933272082167, 1058.4224231107346], [1314.7736231355407, 1250.9880272779617], [876.0066727917832, 1070.5775768892654]], '0총머1', 0.00323647353798151), ([[729.5278640450005, 1110.055728090001], [869.3421384277927, 1028.5465062241522], [907.4721359549995, 1107.944271909999], [767.6578615722073, 1189.4534937758478]], '닫', 0.004058785195566961), ([[631.111834996706, 1376.8026059881413], [1032.2899911238587, 1271.396463440087], [1065.888165003294, 1455.1973940118587], [664.7100088761413, 1560.603536559913]], '7107', 0.10931868106126785)]
[([[35, 31], [967, 31], [967, 115], [35, 115]], '자, 그러면 나는 절리가 응축 월때올렉비', 0.06909487100379583), ([[40, 98], [574, 98], [574, 167], [40, 167]], '잘 놀고 있으라구. 후후.', 0.9386493668956927), ([[37, 215], [662, 215], [662, 284], [37, 284]], '우국! ! 우분! ! 부후우우육! ! !', 0.33191398696520896), ([[36, 268], [1020, 268], [1020, 348], [36, 348]], '(배; 배에 원가가 들.. 들어와. 들어온다앗!', 0.24615193448353428), ([[825, 1159], [1254, 1159], [1254, 1356], [825, 1356]], "'람권:_", 0.00022837507594454247), ([[785, 1358], [1315, 1358], [1315, 1581], [785, 1581]], '-거)', 0.0584996578059005), ([[602.2557869192125, 1038.0131911217932], [864.915867411034, 1213.1221047835295], [763.7442130807875, 1361.9868088782068], [500.08413258896593, 1187.8778952164705]], ':쇼%', 0.00020975910794325328), ([[1345.8014984452486, 1276.6426972014476], [1646.743981770945, 1162.122249369639], [1701.1985015547514, 1331.3573027985524], [1400.256018229055, 1446.877750630361]], '졸렉"', 0.019700632947820658), ([[558.6999668690902, 1546.13972832654], [798.8900500966145, 1502.0359532431598], [816.3000331309098, 1665.86027167346], [576.1099499033855, 1709.9640467568402]], '꿀렉:', 0.14471754445106277)]
[([[39, 38], [912, 38], [912, 114], [39, 114]], '(시; 싫어엇! 뭐, 원가 .원가 .원가가 .', 0.3866179009313756), ([[36, 97], [712, 97], [712, 172], [36, 172]], '배 안쪽으로 봉치고 있어어!)', 0.5524686063948997), ([[149, 645], [501, 645], [501, 833], [149, 833]], '우움에', 0.17376469602499126), ([[840, 1162], [1254, 1162], [1254, 1355], [840, 1355]], "'", 0.25298755506754844), ([[788, 1342], [1334, 1342], [1334, 1607], [788, 1607]], "'", 0.04529366888747077), ([[1493.4099662672736, 875.0575344883764], [1607.6319230608963, 770.009077480808], [1835.5900337327264, 1056.9424655116236], [1720.3680769391037, 1161.990922519192]], '풍', 0.052296736782804), ([[612.2952122764934, 1069.0146158634902], [796.4445536375456, 1234.6899355385465], [699.7047877235066, 1343.9853841365098], [515.5554463624544, 1178.3100644614535]], "'", 0.5068631330851225), ([[304.05156385598644, 1817.1001694030688], [658.69196227261, 1787.9237455142684], [659.9484361440135, 1951.8998305969312], [305.30803772739, 1980.0762544857316]], '우분!!', 0.23110991716384888)]
[([[19, 118], [425, 118], [425, 295], [19, 295]], '열@홍', 0.004018276463359216), ([[1411, 610], [1849, 610], [1849, 775], [1411, 775]], '후육 .후 .', 0.4720321041406824), ([[352, 741], [455, 741], [455, 781], [352, 781]], '벼 - -', 0.022518935393991194), ([[722, 910], [1381, 910], [1381, 1242], [722, 1242]], '34과 ', 0.0012801019474864006), ([[161.99123155997907, 676.1351135438451], [353.4643722526184, 651.3269359118533], [362.0087684400209, 779.8648864561549], [170.53562774738162, 805.6730640881467]], '부흐', 0.39473232636277134), ([[1032.988242009002, 1266.0213356133488], [1523.5911009371814, 1358.5886559223156], [1476.011757990998, 1550.9786643866512], [984.4088990628186, 1459.4113440776844]], "'", 0.08701598981100123), ([[642.4341454531915, 1344.137552714681], [1047.8641128618458, 1282.5308864355575], [1061.5658545468084, 1484.862447285319], [657.1358871381541, 1547.4691135644425]], "'", 0.5688302894288064), ([[1291.2006392330225, 1498.0159808255642], [1807.9676728571317, 1626.8633203307136], [1757.7993607669775, 1787.9840191744358], [1241.0323271428683, 1659.1366796692864]], '우구 우혹 .', 0.13044522645679985)]
[([[37, 42], [151, 42], [151, 106], [37, 106]], '어후', 0.9988541352755818), ([[170, 42], [284, 42], [284, 106], [170, 106]], '냄새_', 0.9993068904234768), ([[301, 33], [920, 33], [920, 117], [301, 117]], '동오중올 얼마나 지린거야?', 0.33729818156640595), ([[39, 95], [807, 95], [807, 170], [39, 170]], '배설 평프가 꽉차서 넘처흐르잡나;', 0.2870382452137924), ([[37, 215], [585, 215], [585, 284], [37, 284]], '우혹 . 우분. 우그그욕..', 0.18901373439239977), ([[1158, 1312], [1498, 1312], [1498, 1533], [1158, 1533]], '[,렁', 0.01468811440996166), ([[961.1750187822959, 880.0130916423204], [1400.9545642649107, 1048.4635775910835], [1316.8249812177041, 1246.9869083576796], [876.0454357350893, 1079.5364224089165]], '오총머퍼', 0.000182742573088035), ([[733.6304381980899, 1111.2847966121687], [885.2671363232399, 1010.499572072395], [925.3695618019101, 1089.7152033878313], [773.7328636767601, 1190.500427927605]], '다', 0.2056133837645726), ([[638.3434802619851, 1349.1539302530712], [1029.8134393016346, 1282.769183636536], [1046.656519738015, 1480.8460697469288], [655.1865606983654, 1546.230816363464]], '레1:개', 0.00030274613527581096)]
[([[42, 40], [554, 40], [554, 108], [42, 108]], '뭐, 배도 임신한 것처럼', 0.7163993778019869), ([[39, 97], [456, 97], [456, 170], [39, 170]], '절리논 성공적으로', 0.3448999025195359), ([[444, 24], [859, 24], [859, 182], [444, 182]], '천출하증-월', 0.0018547578577348932), ([[37, 215], [452, 215], [452, 284], [37, 284]], '우분 부혹. 부육 .', 0.2681401833618135), ([[1161, 1314], [1498, 1314], [1498, 1530], [1161, 1530]], '[,렁', 0.012499688733882602), ([[959.1723941113976, 880.0131750978857], [1401.9445732282788, 1045.303203016716], [1317.8276058886024, 1245.9868249021144], [876.0554267717213, 1079.696796983284]], '0총,', 0.002770038800299722), ([[734.3321081246004, 1116.3284324984013], [859.402312260394, 1017.9193429399675], [906.6678918753996, 1097.6715675015987], [781.597687739606, 1196.0806570600325]], '다', 0.010559020838073252), ([[638.3736145296366, 1349.1504464078384], [1033.8345463348226, 1282.7992475835115], [1050.6263854703634, 1481.8495535921616], [655.1654536651776, 1548.2007524164885]], '레,가', 0.0008206052556208282)]
[([[38, 29], [1263, 29], [1263, 119], [38, 119]], '오 인격에 배에 옮겨지논 과정되맨정신으로버되다나', 0.20116685439531654), ([[34, 95], [930, 95], [930, 172], [34, 172]], '기사단장 자리논 보지로 딴게 아신가보?', 0.39079313499005824), ([[36, 212], [917, 212], [917, 289], [36, 289]], '크혹 . 이; 이정도로 . 내가 질거 같아? ', 0.26736987124892003), ([[40, 274], [797, 274], [797, 342], [40, 342]], '조금만 버티면 내 기사단이 올린데', 0.38164232468753334), ([[34, 331], [768, 331], [768, 404], [34, 404]], '지금이라도 풀어주논게 좋올 걸?', 0.46155500950467915), ([[1161, 1311], [1491, 1311], [1491, 1532], [1161, 1532]], '메서사', 0.0017472082507605444), ([[1087.2646252107163, 920.0122938004146], [1387.9547373038497, 1101.5895001173506], [1286.7353747892837, 1262.9877061995853], [986.0452626961504, 1081.4104998826494]], '2,7', 0.22423115637240146), ([[702.508144228124, 1118.2553807512436], [1002.220852715139, 913.7846172708302], [1095.4918557718759, 1097.7446192487564], [796.779147284861, 1302.21538272917]], '많서', 0.03512635246495306), ([[623.714087303501, 1388.428174607002], [1023.1546517666848, 1261.6794933907595], [1070.285912696499, 1449.571825392998], [670.8453482333152, 1576.3205066092405]], '레1,)', 0.006487795617431402)]
[([[36, 34], [1115, 34], [1115, 114], [36, 114]], '웃기고 있네. 무서워서 동오중임 잔뜩지료농고', 0.06073385868353768), ([[36, 97], [525, 97], [525, 170], [36, 170]], '이제 와서 샌 척이나?', 0.5024884705146048), ([[34, 213], [712, 213], [712, 287], [34, 287]], '자; 잠깐 갑자기 거길 건들면.', 0.6674229099696737), ([[39, 280], [610, 280], [610, 415], [39, 415]], '우고오오오욕?!', 0.5207375523830553), ([[695, 863], [1382, 863], [1382, 1284], [695, 1284]], '서? )', 0.014496507123112679), ([[1110, 1303], [1502, 1303], [1502, 1539], [1110, 1539]], '[[,렁', 0.001374586601741612), ([[629.2280255488821, 1385.8244587624288], [1029.670913651775, 1263.6444910220828], [1072.771974451118, 1449.1755412375712], [672.329086348225, 1571.3555089779172]], '81,-', 0.013408234342932701)]
[([[635, 1008], [1533, 1008], [1533, 1159], [635, 1159]], '}계당합 예성물울', 0.026793000967300962), ([[510, 1132], [1655, 1132], [1655, 1282], [510, 1282]], '문히 원해 물절랍-', 0.05986055935094579), ([[613, 1260], [1551, 1260], [1551, 1411], [613, 1411]], '습들어간 엘리_', 0.019822430463752143), ([[461, 1425], [1706, 1425], [1706, 1577], [461, 1577]], '한제문 분해등의 매-', 0.031232724783688885), ([[566, 1553], [1600, 1553], [1600, 1704], [566, 1704]], '도직주의 힘정에 메제', 0.025539976892490237), ([[647, 1679], [1521, 1679], [1521, 1827], [647, 1827]], '텔잡스 미리늄데- ', 0.004639210691636571)]
[([[38, 25], [1126, 25], [1126, 118], [38, 118]], '뭐; 뭐아앗 .! 뭐나고오 :! 어 엉덩의가 이상해3', 0.11782572164960073), ([[36, 96], [854, 96], [854, 172], [36, 172]], '바람이 들어 올 때마다; 머리; 머리가', 0.45443771753026546), ([[34, 153], [911, 153], [911, 233], [34, 233]], '저릿저릿해서 가; 가버튼거 가타아앗있', 0.15333520584460184), ([[39, 268], [899, 268], [899, 345], [39, 345]], '크흐흐 땅고로 절정하는 엘리시스라니', 0.30031891393515914), ([[36, 327], [897, 327], [897, 408], [36, 408]], '니 기사단 애들이 보면 꽤 좋아하켓어?', 0.797819597924105), ([[1158, 1311], [1491, 1311], [1491, 1532], [1158, 1532]], '[사사', 0.00353359987211862), ([[1086.2337589046492, 919.0127671394795], [1389.960967641189, 1100.6606102209307], [1287.7662410953508, 1264.9872328605206], [984.039032358811, 1082.3393897790693]], '9,7', 0.0951759639020324), ([[703.4046708937282, 1117.2708278986056], [1003.2686799568397, 913.8099822550731], [1096.595329106272, 1098.7291721013944], [796.7313200431603, 1302.190017744927]], '많서', 0.026039615133886893), ([[634.4493317537069, 1361.2757232237248], [1034.2625364564803, 1273.018592267739], [1060.550668246293, 1470.7242767762752], [660.7374635435197, 1558.981407732261]], '81/-', 0.009629919193685055)]
[([[36, 36], [807, 36], [807, 116], [36, 116]], '아; 참고로 니 기사단이널팔/어:', 0.22946435518804345), ([[33, 87], [1130, 87], [1130, 175], [33, 175]], '니가 여기로 온다는 것도 개네들이말해준거리고', 0.34420951418144285), ([[36, 180], [960, 180], [960, 260], [36, 260]], '부, 부햇..핵.. 그, 그런  그렇리가아앗뇨', 0.11225939742026485), ([[39, 277], [1333, 277], [1333, 354], [39, 354]], '니가 등고로 절정하는거 부터 인격절리튼 싸버리는 것까지', 0.09991090206599261), ([[36, 338], [962, 338], [962, 413], [36, 413]], '기사단 애들한터 전부 보내주기로 햇다군;', 0.5575195965166865), ([[712, 907], [1368, 907], [1368, 1272], [712, 1272]], '거공? >', 0.0008747949356426254), ([[1158, 1311], [1494, 1311], [1494, 1532], [1158, 1532]], '[사사', 0.0021358874354442136), ([[634.2791743774709, 1363.3029637025727], [1035.2102451884368, 1272.9505526736095], [1062.720825622529, 1469.6970362974273], [661.7897548115633, 1561.0494473263905]], '81/-', 0.021916458383202553)]
[([[35, 33], [909, 33], [909, 117], [35, 117]], '쫓꽃 . 그러니까 부하들올 잘 뒷어야자', 0.36445575731792196), ([[32, 145], [903, 145], [903, 237], [32, 237]], '크육 .! 붉은 기사단을 모욕하지마라{', 0.36223538098776925), ([[34, 268], [1108, 268], [1108, 345], [34, 345]], '그래 마음대로 생각해 그런데 개네가오되말터', 0.21829287872495481), ([[36, 329], [735, 329], [735, 404], [36, 404]], '니 동꾸멍이 그 전까지 버섯까?', 0.28961928943319964), ([[1161, 1314], [1498, 1314], [1498, 1530], [1161, 1530]], '[,렁', 0.0184813442070542), ([[1089.2909450629643, 919.0119738637416], [1379.8766142765553, 1104.7269015973952], [1279.7090549370357, 1256.9880261362584], [989.1233857234447, 1071.2730984026048]], '221', 0.12350454800134171), ([[700.3506275779055, 1115.279079256385], [999.220852715139, 911.7846172708302], [1093.6493724220945, 1097.720920743615], [793.779147284861, 1300.21538272917]], '모거', 0.025491196803375353), ([[618.5285257380848, 1391.9813783118932], [1046.3977214131176, 1252.9560879545395], [1099.471474261915, 1437.0186216881068], [671.6022785868824, 1577.0439120454605]], '궁1,-', 0.00350681459531188)]
[([[34, 34], [1106, 34], [1106, 114], [34, 114]], '으으욕 .! 내가 고작 이정도름 못버텔계같아?', 0.13594566104138486), ([[37, 124], [1068, 124], [1068, 204], [37, 204]], '호오, 그래? 하긴 붉은기사단장 찍이나 뒷는데', 0.25964071784606857), ([[35, 183], [854, 183], [854, 263], [35, 263]], '재미없게 바로 싸버리는건 곤란하지5', 0.473040882818804), ([[41, 274], [1068, 274], [1068, 350], [41, 350]], '(말은 그렇게 햇어도.. 뱃속이 꾸록거려서얼만', 0.4511378174577607), ([[39, 333], [980, 333], [980, 408], [39, 408]], '못버터 ! 진짜로 배신당한건 아니켓지:?)', 0.5059696481975954), ([[710, 901], [1372, 901], [1372, 1274], [710, 1274]], '서서?>', 0.009936343878507614), ([[1161, 1311], [1489, 1311], [1489, 1530], [1161, 1530]], '[,렁', 0.022291226276802186), ([[631.73561923845, 1368.3987819637853], [1031.1755932248764, 1273.9057525591527], [1060.26438076155, 1466.6012180362147], [660.8244067751236, 1561.0942474408473]], '레1구-', 0.0013047916581854224)]
[([[35, 31], [1141, 31], [1141, 117], [35, 117]], '하지만 이번 리레스트는 벼명웨오청이라세말이지', 0.040081063396967036), ([[39, 93], [822, 93], [822, 172], [39, 172]], '안타깝지만 오래 놀아출 수가 없어5', 0.6296349227852065), ([[32, 214], [480, 214], [480, 287], [32, 287]], '그, 그건 또 무슨..?', 0.5692830396520332), ([[1161, 1314], [1496, 1314], [1496, 1532], [1161, 1532]], '[,렁', 0.012674720071914633), ([[1090.2646252107163, 917.0122938004146], [1380.8714698952438, 1104.6253832685163], [1277.7353747892837, 1259.9877061995853], [987.1285301047561, 1071.3746167314837]], '2?1', 0.04851201596568064), ([[702.237578939183, 1117.2967473168528], [1000.2236380687701, 915.7860906832037], [1093.762421060817, 1101.7032526831472], [795.7763619312299, 1302.2139093167962]], '많서', 0.028609392930690355), ([[623.2878320448497, 1388.6468808852144], [1023.077002104519, 1260.5929886375634], [1071.7121679551503, 1448.3531191147856], [671.922997895481, 1577.4070113624366]], '레1,)', 0.00582906836643815)]
[([[39, 34], [867, 34], [867, 111], [39, 111]], '네가 천천히 절망하는 결보고심지만', 0.5609968661582417), ([[39, 97], [595, 97], [595, 170], [39, 170]], '우리도 일이라서 말이야;', 0.9373025760911361), ([[45, 202], [986, 202], [986, 373], [45, 373]], '프꾸으으오오오욕13]', 0.1237030900895432), ([[1154, 1311], [1491, 1311], [1491, 1539], [1154, 1539]], '[,사', 0.00781538936955162), ([[272, 1728], [640, 1728], [640, 2265], [272, 2265]], '쇼', 0.04407654355426538), ([[192, 2292], [774, 2292], [774, 2655], [192, 2655]], '씨', 0.19658167371336877), ([[1087.2311990839305, 919.0128526095243], [1391.9801708526454, 1098.0451452554303], [1290.7688009160695, 1263.9871473904757], [985.0198291473546, 1084.9548547445697]], '8,7', 0.10777725870328532), ([[700.237578939183, 1113.2967473168528], [1004.6761864068702, 913.0317699604373], [1094.762421060817, 1097.7032526831472], [790.3238135931298, 1297.9682300395627]], '거거', 0.011418275868867088), ([[636.1784214682091, 1349.3062131028964], [1131.3782945181067, 1256.3222591707631], [1150.821578531791, 1458.6937868971036], [656.6217054818933, 1551.6777408292369]], '레1/설서', 0.0003622086367122788)]
[([[35, 27], [841, 27], [841, 116], [35, 116]], '끄호오욕!?!!? 뭐; 뛰야 ! 뭐나되교', 0.10523985234245656), ([[39, 95], [604, 95], [604, 168], [39, 168]], '왜 곳구멍올 수시논데.. !!', 0.12910168672411895), ([[36, 153], [829, 153], [829, 228], [36, 228]], '왜 배량 동꾸멍이 반응하나고오옷숫', 0.20996326281212843), ([[33, 212], [690, 212], [690, 288], [33, 288]], '나한터 무슨 짓율 한거야아앗', 0.4324709008635573), ([[36, 326], [1178, 326], [1178, 405], [36, 405]], '아까 말햇~아. 돼지로 만들어달라눈리레스트라고', 0.1416934835866239), ([[34, 390], [1014, 390], [1014, 462], [34, 462]], '그러니 당연히 코도 성감대로래조시켜주지;', 0.17246162616499242), ([[685, 871], [1365, 871], [1365, 1280], [685, 1280]], '서습통>', 0.0024590056855231524), ([[1148, 1286], [1506, 1286], [1506, 1539], [1148, 1539]], '[싸', 0.03695418336552299), ([[614.2776627086115, 1401.1665976251668], [1016.317041875637, 1248.7903070840712], [1081.7223372913886, 1430.8334023748332], [679.682958124363, 1583.2096929159288]], '이1,', 0.030495257043933306)]
[([[37, 42], [657, 42], [657, 106], [37, 106]], '크림.. ! 크휴!! 아; 안돼!! 때', 0.1498397686597839), ([[681, 40], [837, 40], [837, 106], [681, 106]], '빼취씩', 0.029016260221878254), ([[35, 89], [993, 89], [993, 177], [35, 177]], '배 , 배 속의 절리가 점점 내려간다고오옷교', 0.20013082623835657), ([[41, 210], [1227, 210], [1227, 289], [41, 289]], '월 참아? 시원하게 싸버리고인생되하직해버리라고~ ', 0.3693840426717374), ([[36, 270], [996, 270], [996, 350], [36, 350]], '그런 돼지 몸으로 추잡하게 살아가고싶어?', 0.6674656989916138), ([[687, 874], [1361, 874], [1361, 1279], [687, 1279]], '서름용올>', 0.00015484139015533736), ([[1151, 1289], [1503, 1289], [1503, 1538], [1151, 1538]], '[싸', 0.05042885471968957), ([[617.9042346363152, 1396.6138111726837], [1018.6371775153021, 1254.1190578263024], [1078.095765363685, 1436.3861888273163], [677.3628224846979, 1579.8809421736976]], '이1,7', 0.0034536863677203655)]
[([[38, 28], [1187, 28], [1187, 120], [38, 120]], '상상하니 꽤 재되는결? 붉은-사단 단장 엘리시색', 0.11489939344252235), ([[39, 94], [829, 94], [829, 174], [39, 174]], '동고로 인격지리고 사망] 주하하다', 0.346655561627458), ([[37, 215], [473, 215], [473, 284], [37, 284]], '부흐이이이이익진!! !', 0.31669725378526903), ([[39, 273], [935, 273], [935, 345], [39, 345]], '우 웃기지마아앗! ! 이딴거 참아주마아]', 0.3597342149564345), ([[38, 325], [980, 325], [980, 409], [38, 409]], '반드시 참고 버터벌거다앗! ! 난 죽지않앗]', 0.27646324255923055), ([[642, 1274], [1437, 1274], [1437, 1553], [642, 1553]], '81/거서다,', 0.004663890610757604), ([[1085.2363017448154, 918.0126825189404], [1394.985425761603, 1097.1813410002717], [1293.7636982551846, 1264.9873174810596], [984.014574238397, 1085.8186589997283]], '9묘1', 0.01739638016236507), ([[699.0808113949823, 1113.3091117883885], [996.5378546981572, 911.8216793024311], [1090.9191886050178, 1099.6908882116115], [793.4621453018428, 1302.1783206975688]], '꼬거', 0.004889586648322106)]
[([[40, 40], [785, 40], [785, 108], [40, 108]], '뭐, 엄밀히 말하면 몸은 살아외고', 0.7052935077923302), ([[38, 89], [1032, 89], [1032, 173], [38, 173]], "인격 절리도 남아 있'테내 죽는건아니리고", 0.16021645672561527), ([[38, 207], [1027, 207], [1027, 293], [38, 293]], '부혹. ! 개소리 집어치위:.! 이딴 짓율 하고도', 0.18760189384410372), ([[37, 274], [414, 274], [414, 342], [37, 342]], '니가 사람이나!?', 0.586486220640756), ([[39, 386], [1239, 386], [1239, 465], [39, 465]], '마음대로 생각해: 어쩌면 널사가눈 씨명의 취향 때문에', 0.062512679102097), ([[37, 449], [817, 449], [817, 518], [37, 518]], '지금보다 더 행복합지도 모르잡아?', 0.48918937829140813), ([[1161, 1311], [1494, 1311], [1494, 1530], [1161, 1530]], "[서'", 0.0040255377271755976), ([[1084.2004440744167, 918.0133222325003], [1396.99964168141, 1090.8688544170416], [1295.7995559255833, 1265.9866777674997], [983.0003583185901, 1093.1311455829584]], '92', 0.031249736908923895), ([[703.6527554756985, 1119.23456387746], [1001.0994883680163, 912.7208703662892], [1095.3472445243015, 1095.76543612254], [797.9005116319837, 1302.279129633711]], '버서', 0.00404691773294043), ([[631.5744674034167, 1369.4297837574254], [1031.9230556126993, 1269.5859763596666], [1063.4255325965833, 1465.5702162425746], [664.0769443873007, 1565.4140236403334]], '81/디', 0.003133741207420826)]
[([[40, 42], [236, 42], [236, 108], [40, 108]], '음 으응', 0.2824864089488983), ([[256, 42], [473, 42], [473, 108], [256, 108]], '으브분 !', 0.16878514214165694), ([[34, 152], [929, 152], [929, 229], [34, 229]], '이야; 역시 마력 빵빵한 암컷이라 그런지', 0.6615422663160548), ([[39, 207], [1063, 207], [1063, 287], [39, 287]], '벌써 몸이 맛핑게 익엇구만 ~ 슬슬 깨위불까?', 0.2433790587716659), ([[849, 1164], [1250, 1164], [1250, 1351], [849, 1351]], '4름[2', 0.011576931923627853), ([[796, 1365], [1019, 1365], [1019, 1586], [796, 1586]], '|1', 0.011577920035311983), ([[1181, 1388], [1296, 1388], [1296, 1552], [1181, 1552]], '[', 0.8758286553319437)]
[([[37, 39], [678, 39], [678, 107], [37, 107]], '크. 크림. . 크호으욕. 부흥 !', 0.13068122034173899), ([[38, 89], [1071, 89], [1071, 173], [38, 173]], '(재, 절리가 흐르는건 막울수 없어뇨 제그러면', 0.08276815823928127), ([[40, 159], [468, 159], [468, 227], [40, 227]], '땅구멍이라도오 !)', 0.2003945980957838), ([[39, 266], [1033, 266], [1033, 347], [39, 347]], '오 뭐야 . 팔악근이 완전 허벌 된 줄일앗는데', 0.08563911987564726), ([[36, 331], [492, 331], [492, 404], [36, 404]], '아직도 움직이찮아?', 0.30567432686248835), ([[673, 889], [1381, 889], [1381, 1282], [673, 1282]], '없물껍>', 0.0020315852016210556), ([[1153, 1309], [1431, 1309], [1431, 1534], [1153, 1534]], '[', 0.31132777971323833), ([[613.4272251347998, 1399.68544502696], [1103.6579552992087, 1242.877629229017], [1156.5727748652002, 1410.31455497304], [667.3420447007913, 1567.122370770983]], '갈1학', 0.00839186733466184)]
[([[35, 31], [1102, 31], [1102, 119], [35, 119]], '이야; 아직도 동구멍올 움직일힘이밥아있다나', 0.18503607468354968), ([[39, 95], [480, 95], [480, 170], [39, 170]], '않불게 아니엇구만.', 0.26154934238374766), ([[36, 212], [852, 212], [852, 289], [36, 289]], '흐, 홍. ! 어;어떠나..! 이러면 절리가', 0.278523863108673), ([[36, 271], [646, 271], [646, 345], [36, 345]], '아무리 흘러도 소용 없지.!', 0.67935617322942), ([[712, 908], [1371, 908], [1371, 1272], [712, 1272]], '거공? >', 0.0019843885181332235), ([[1158, 1311], [1491, 1311], [1491, 1530], [1158, 1530]], "매사'", 0.006229794288655872), ([[615.2776627086115, 1395.1665976251668], [1104.1452769778778, 1234.866744062457], [1158.7223372913886, 1412.8334023748332], [669.8547230221221, 1573.133255937543]], '81,7사', 0.009018798639912147)]
[([[35, 31], [934, 31], [934, 117], [35, 117]], '이제 네 놈의 꽃구멍 괴롭히기튿데이상', 0.3386763174450148), ([[40, 100], [815, 100], [815, 169], [40, 169]], '안통해.. ! 얼마듣지 괴롭혀 보라고', 0.3337022095225383), ([[41, 207], [966, 207], [966, 287], [41, 287]], '잘도 그런 얼굴로 자랑스럽게 말하눈군만', 0.7731988567419894), ([[39, 271], [766, 271], [766, 347], [39, 347]], '누가 못구멍만 괴롭현다고 햇어?', 0.38671635636142715), ([[1158, 1309], [1494, 1309], [1494, 1530], [1158, 1530]], '[서사', 0.004542121856945417), ([[1086.2260278162946, 919.0130261439473], [1389.971144005242, 1098.8482434760604], [1289.7739721837054, 1261.9869738560526], [985.028855994758, 1083.1517565239396]], '8,7', 0.06463468409550317), ([[703.0191890293845, 1116.3189719821837], [999.5135612243007, 914.8090579755099], [1093.9808109706155, 1103.6810280178163], [797.4864387756993, 1304.1909420244901]], '1서', 0.009338225487169623), ([[634.5577022643466, 1357.2481456239914], [1035.1863679509386, 1274.5818418356853], [1058.4422977356535, 1473.7518543760086], [658.8136320490614, 1557.4181581643147]], '레1/7', 0.003325892612338066)]
[([[36, 39], [885, 39], [885, 111], [36, 111]], '그렇게 닫고 있으면 억지로 열명되지', 0.3685263364636598), ([[38, 90], [1159, 90], [1159, 175], [38, 175]], '팔악근 철렁거리는 땅구멍 따위대가 못연계같이?', 0.1533196799864364), ([[38, 188], [1051, 188], [1051, 273], [38, 273]], '뭐; 뭐라고. ! 자, 잠깐  .! 그럼 왜아까분요만', 0.10607084720724515), ([[40, 258], [385, 258], [385, 326], [40, 326]], '괴롭현거야 .!?', 0.3309635853326154), ([[34, 323], [1154, 323], [1154, 407], [34, 407]], '어차피 뽑기만 하면 되는거 그냥 데년 천박한 얼굴', 0.6614470367804876), ([[39, 390], [741, 390], [741, 462], [39, 462]], '보려고 못구멍 괴롭히거워다고5', 0.12767112455126428), ([[1158, 1310], [1495, 1310], [1495, 1534], [1158, 1534]], '[서사', 0.0008434425546481239), ([[1086.238827772738, 918.0125987366896], [1392.9803884750913, 1099.0503971704509], [1289.761172227262, 1265.9874012633104], [984.0196115249087, 1085.9496028295491]], '2,7', 0.14627248658286454), ([[699.0191890293845, 1114.3189719821837], [995.5399075995111, 913.8227474065261], [1089.9808109706155, 1101.6810280178163], [793.4600924004889, 1302.177252593474]], '7거', 0.012108781689048727), ([[634.5544762731561, 1360.2595434028303], [1034.3608143059473, 1274.147906366815], [1059.445523726844, 1471.7404565971697], [659.6391856940528, 1556.852093633185]], '레1/-', 0.006753607653081417)]
[([[36, 34], [730, 34], [730, 114], [36, 114]], '자; 그러면 이것도 버터보시지', 0.6527403337388747), ([[37, 157], [353, 157], [353, 223], [37, 223]], '아; 안돼. ! 가', 0.34508606354247345), ([[375, 159], [716, 159], [716, 220], [375, 220]], '강제로! 강제로', 0.8229942610146896), ([[38, 206], [898, 206], [898, 290], [38, 290]], '별려지면 절리 나오는거 못막아아앗]', 0.4659657804724244), ([[43, 293], [903, 293], [903, 441], [43, 441]], '꾸에에에에액붐', 0.19573515391202334), ([[711, 908], [1373, 908], [1373, 1272], [711, 1272]], ': >', 0.00976301158949301), ([[1161, 1314], [1489, 1314], [1489, 1534], [1161, 1534]], '[사사', 0.002449566872320041), ([[620.9768977485811, 1388.3838284240069], [1109.8035926478842, 1244.0759105222767], [1157.023102251419, 1420.6161715759931], [669.1964073521157, 1563.9240894777233]], '817,', 0.07924021035432816)]
[([[36, 39], [973, 39], [973, 111], [36, 111]], '어; 어떻게든.. 어떻게든 동구멍닫아아해]', 0.22816706825847713), ([[34, 97], [956, 97], [956, 174], [34, 174]], '이대로 짙리 가 흐로면 모든게 끝이야앗]', 0.3368765099991757), ([[39, 196], [818, 196], [818, 269], [39, 269]], '어림도 없지. 다시는 동구멍 못닫게', 0.2167904310704213), ([[37, 258], [380, 258], [380, 326], [37, 326]], '고정시켜 주마', 0.9995380263356726), ([[41, 351], [150, 351], [150, 426], [41, 426]], '아', 0.9984509987613741), ([[196, 352], [401, 352], [401, 453], [196, 453]], '안돼', 0.14039613879733537), ([[395, 422], [437, 422], [437, 442], [395, 442]], '벼 ', 0.40943554417074113), ([[475, 342], [1063, 342], [1063, 463], [475, 463]], '안되에에앗날', 0.10576232203427939), ([[715, 907], [1377, 907], [1377, 1274], [715, 1274]], '없서? >', 0.0005191871492343573), ([[639, 1267], [1437, 1267], [1437, 1551], [639, 1551]], '8:거서머,)', 0.0034062798676496187)]
[([[36, 39], [629, 39], [629, 111], [36, 111]], '자 이제 슬슬 끝내보자고', 0.6201337922641009), ([[40, 157], [353, 157], [353, 223], [40, 223]], '아 안돼. ! 지_', 0.49685722835116275), ([[375, 156], [709, 156], [709, 223], [375, 223]], '진짜 위험해: !', 0.6658450764021692), ([[39, 212], [804, 212], [804, 289], [39, 289]], '못버터..! 이거 진짜 못버터어엇진!', 0.2447978035697632), ([[46, 280], [833, 280], [833, 396], [46, 396]], '부히이이이어이이익]', 0.1961612356369613), ([[992, 791], [1403, 791], [1403, 1033], [992, 1033]], '사권:)', 0.002773487940430641), ([[632, 1126], [1519, 1126], [1519, 1446], [632, 1446]], '병:끼거-,)', 0.0010818123152575214), ([[1813, 1912], [2000, 1912], [2000, 1976], [1813, 1976]], '0기', 0.009480558590123268), ([[746.8064775421328, 800.026392452203], [1032.964350273687, 852.5617559133113], [982.1935224578672, 1079.973607547797], [696.0356497263132, 1027.4382440866887]], '꽤', 0.24816193526107444), ([[1541.4481528869476, 1484.101911086844], [1954.0746698708824, 1396.8288563590015], [1988.5518471130524, 1672.898088913156], [1575.9253301291176, 1760.1711436409985]], '[리', 0.059671594631644835), ([[305.271946999282, 1571.0041412368882], [785.6064483831303, 1712.099533789983], [528.728053000718, 2577.9958587631118], [48.393551616869644, 2437.900466210017]], ";'", 0.008373583018333929)]
[([[37, 42], [356, 42], [356, 104], [37, 104]], '아; 안돼 ! 재', 0.4971145171639564), ([[391, 32], [959, 32], [959, 118], [391, 118]], '절리가_나와-나외버로', 0.17110559082467042), ([[39, 95], [899, 95], [899, 172], [39, 172]], '내; 내가 . 내가 빠져나가고이쩌어엇써', 0.27933266958625746), ([[37, 209], [1191, 209], [1191, 286], [37, 286]], '크으흐, 방곰 까지 큰소리 치런 엘리시스눈어디가고', 0.21608069194755333), ([[36, 270], [1122, 270], [1122, 345], [36, 345]], '이제는 짙리 뽑히논게 무서워서 덜달떠는암컷만', 0.09487467505615405), ([[40, 332], [329, 332], [329, 401], [40, 401]], '남아외구만~', 0.5790717324734218), ([[722, 793], [1403, 793], [1403, 1063], [722, 1063]], '럽서 ~:)', 0.00044837553679766403), ([[634, 1125], [1492, 1125], [1492, 1443], [634, 1443]], '이:끼거-,)', 0.0001813751216060169)]
[([[36, 38], [967, 38], [967, 113], [36, 113]], '으으. 자 잠깐 . 그 그래거래오거래지', 0.11173342104615798), ([[40, 98], [916, 98], [916, 167], [40, 167]], '하자. ! 나름 풀어주면 뭐문지 해줄계뇌', 0.21099319280650913), ([[32, 154], [955, 154], [955, 231], [32, 231]], '그러니까 이런 짓은 이제 그만하자되응?', 0.2884331771467907), ([[39, 243], [802, 243], [802, 316], [39, 316]], '뛰야; 이제와서 그런 약한 소리야?', 0.6784179064090187), ([[34, 299], [1013, 299], [1013, 377], [34, 377]], '그런 말은 시작하기 전에 햇어야지 안그래?', 0.8145082837559272), ([[34, 385], [795, 385], [795, 458], [34, 458]], '그 그건 내가 미. 미안해. .!그러니', 0.27354691034553874), ([[39, 444], [1054, 444], [1054, 519], [39, 519]], '뭐든 보상해줄테니까 제; 제발 한 번만 바쥐:', 0.21015205116332547), ([[37, 505], [529, 505], [529, 574], [37, 574]], '노예든 뭐든 해줄게. .!', 0.30067252966212554), ([[1161, 1314], [1500, 1314], [1500, 1532], [1161, 1532]], '[,렁', 0.009447204160023757), ([[1090.2596787808034, 919.0124597898626], [1383.8794603143797, 1105.7001703646818], [1281.7403212191966, 1259.9875402101375], [988.1205396856204, 1073.2998296353182]], '22', 0.06950909329881984), ([[707.2949548734334, 1115.2877111899736], [1001.281103861274, 916.8165938604966], [1092.7050451265666, 1098.7122888100264], [798.718896138726, 1297.1834061395034]], '많서', 0.012145049462327131), ([[631.5101745481943, 1378.9345934638607], [1031.6292537610261, 1266.2280870626264], [1069.4898254518057, 1457.0654065361393], [669.3707462389739, 1569.7719129373736]], '레1:가', 0.0006179375341162086)]
[([[38, 38], [401, 38], [401, 106], [38, 106]], '호오, 노예라.?', 0.7843646530171856), ([[38, 89], [1210, 89], [1210, 173], [38, 173]], '붉은기사단 단장이 내 암컷 도예면페흥미가가는결 ', 0.1961578411550874), ([[40, 159], [378, 159], [378, 223], [40, 223]], '좋아 받아주지', 0.9912453295081352), ([[397, 157], [882, 157], [882, 225], [397, 225]], '대신 돼지논 돼지답게', 0.8964721826423159), ([[39, 207], [1097, 207], [1097, 287], [39, 287]], '굶꿀 거리면서 복종의 망세틀 해보리고 권흐]', 0.12732228676860396), ([[40, 332], [704, 332], [704, 401], [40, 401]], '으옷. 아알켓..알켓습니다', 0.392058230433303), ([[40, 390], [713, 390], [713, 459], [40, 459]], '(크욕; 내, 내가 이런 치옥음로)', 0.1789380590475113), ([[1161, 1314], [1500, 1314], [1500, 1532], [1161, 1532]], '[,렁', 0.0122888323552946), ([[1089.2596787808034, 918.0124597898626], [1381.8845398274646, 1104.7490187606036], [1280.7403212191966, 1258.9875402101375], [988.1154601725353, 1073.2509812393964]], '22', 0.050034165969070864), ([[707.3506275779055, 1115.279079256385], [1003.252149188841, 914.8011995945038], [1095.6493724220945, 1097.720920743615], [799.747850811159, 1298.198800405496]], '많서', 0.0033696248844183934), ([[629.5022142836538, 1378.2564214225958], [1057.0640531551273, 1260.76307675062], [1094.4977857163462, 1450.7435785774042], [666.9359468448727, 1568.23692324938]], '레1,자', 0.0047407750971615314)]
[([[36, 38], [591, 38], [591, 113], [36, 113]], '푸엇! 핵, 혜액 , 헤에액! !', 0.20707047388788366), ([[39, 151], [901, 151], [901, 228], [39, 228]], '오 아직도 정신올 유지하고있터거야?', 0.44262983413792345), ([[39, 213], [870, 213], [870, 289], [39, 289]], '명칭한 머리에 비해 몸은 튼튼하구만;', 0.7725521825209997), ([[851, 1164], [1250, 1164], [1250, 1351], [851, 1351]], '4많만2', 0.0031312701757997274), ([[785, 1365], [1021, 1365], [1021, 1584], [785, 1584]], '닦1', 0.0071649257845485545), ([[1176, 1386], [1293, 1386], [1293, 1550], [1176, 1550]], '[', 0.8456030086737343)]
[([[39, 36], [1063, 36], [1063, 111], [39, 111]], '비 비록 지금은 살이 뒤록뒤록 진러벌암돼지', 0.3871628552369531), ([[36, 95], [1077, 95], [1077, 176], [36, 176]], '구멍이지만 예, 옛날에 저희기사단원 자지들올', 0.5107884161854503), ([[40, 156], [617, 156], [617, 225], [40, 225]], '봉사해주터 경험이 있으니', 0.5926991050337256), ([[38, 235], [799, 235], [799, 315], [38, 315]], '열심히 보지 조이고 입보지로 쪽쪽-', 0.44103270580439624), ([[49, 296], [658, 296], [658, 368], [49, 368]], '자지남을 빨아드컵게요오.-', 0.16371591608209143), ([[38, 432], [981, 432], [981, 517], [38, 517]], '앞으로 쫓물 뼈고 싶으심 다른암컷들 말고', 0.3367386265689462), ([[41, 498], [505, 498], [505, 570], [41, 570]], '엘리시스의 구멍에다', 0.7297846894071683), ([[39, 550], [885, 550], [885, 627], [39, 627]], '문의 부탁. 부탁드려오 부히행이 꿀꿀', 0.25602185783601916), ([[1156, 1310], [1502, 1310], [1502, 1534], [1156, 1534]], '[,사', 0.012309359117495793), ([[1088.2646252107163, 919.0122938004146], [1384.8808074795988, 1106.7130229470476], [1283.7353747892837, 1261.9877061995853], [987.1191925204012, 1074.2869770529524]], '9묘', 0.04939709133118839), ([[703.1784214682091, 1113.3062131028964], [998.1291975581039, 913.7363934923378], [1091.821578531791, 1098.6937868971036], [796.8708024418961, 1298.2636065076622]], '모거', 0.02556505055124238), ([[631.9990924217162, 1373.79664196035], [1055.193886071523, 1263.9293742279724], [1089.000907578284, 1455.20335803965], [665.8061139284772, 1565.0706257720276]], '궁1구7', 0.0007956523331813514)]
[([[36, 34], [933, 34], [933, 114], [36, 114]], '배 뱉더 왕국의 창녀 기사단장 엘리스속', 0.41363612476282113), ([[35, 96], [929, 96], [929, 172], [35, 172]], '이제는 도적님들의 씨받이전용 암돼지로', 0.4890543143102631), ([[39, 153], [820, 153], [820, 228], [39, 228]], '살아갈 것을 매; 명.망세 합니다 꿀_', 0.21743544344150528), ([[34, 236], [863, 236], [863, 311], [34, 311]], '이런 멋진 몸으로 개조 해주신 덕분에', 0.9356992394708116), ([[33, 298], [846, 298], [846, 365], [33, 365]], '기사 따위가 아분 암돼지로서의 삶을', 0.45188900365813867), ([[39, 354], [852, 354], [852, 432], [39, 432]], '살게 되어서 너; 너무 기뻐용 꿀이 꿀', 0.5366394085256271), ([[1158, 1311], [1500, 1311], [1500, 1532], [1158, 1532]], '[,렁', 0.01406774218064711), ([[1089.262160281136, 919.0123763778514], [1383.8736265521588, 1106.6453319858865], [1282.737839718864, 1260.9876236221487], [987.126373447841, 1073.3546680141135]], '9묘1', 0.032253010595523775), ([[707.3506275779055, 1116.279079256385], [1000.157241996799, 916.751095298231], [1092.6493724220945, 1098.720920743615], [799.842758003201, 1298.248904701769]], '많서', 0.01306206127216867), ([[631.4216806241643, 1375.6867224966575], [1032.8489724353672, 1268.4943396220128], [1067.5783193758357, 1460.3132775033425], [666.151027564633, 1566.5056603779872]], '레1,가', 0.0011115052038803697)]
[([[34, 36], [983, 36], [983, 113], [34, 113]], '그러니 사, 살려면 주신다면: 비록 러벌동', 0.24403725021837613), ([[39, 94], [897, 94], [897, 170], [39, 170]], '보지구멍이지만 봉사흘 열심 국호오욕', 0.21656903020689278), ([[34, 156], [978, 156], [978, 228], [34, 228]], '그, 그만 흘리토스 건들면 안돼에앗부호록', 0.31859617399729934), ([[39, 237], [874, 237], [874, 309], [39, 309]], '야; 야 그게 암돼지의 복종의 망새나]', 0.6893649590698779), ([[42, 296], [774, 296], [774, 365], [42, 365]], '돼지논 돼지답게 꿀꿀 거리라고]', 0.4339689571314841), ([[43, 394], [100, 394], [100, 454], [43, 454]], '년', 0.1839994420712152), ([[154, 391], [360, 391], [360, 457], [154, 457]], '네에에앗', 0.5580849647521973), ([[410, 387], [762, 387], [762, 465], [410, 465]], '꿀꿀 거튼게예_', 0.16630999412714748), ([[54, 446], [881, 446], [881, 521], [54, 521]], '꿀꿀 거리면서 애원해드컵게오오오엇', 0.2912503658192153), ([[1163, 1320], [1426, 1320], [1426, 1536], [1163, 1536]], '-,', 0.0018732310166905367), ([[1090.2339143690317, 921.0133423912132], [1363.9473967738695, 1096.4795478138585], [1261.7660856309683, 1251.9866576087868], [988.0526032261305, 1076.5204521861415]], '<묘우', 0.0008380086530251816), ([[705.5026847621593, 1115.267450954036], [1002.2617093722806, 918.9457260910725], [1089.4973152378407, 1095.732549045964], [792.7382906277194, 1292.0542739089274]], '저거', 0.23939362594237407), ([[640.69112913333, 1377.6513711799932], [998.9226381100439, 1287.2449936926337], [1025.3088708666698, 1429.3486288200068], [667.0773618899561, 1519.7550063073663]], '"127', 0.4284384250640869)]
[([[1193, 83], [1410, 83], [1410, 240], [1193, 240]], '꾸액', 0.4700948898618679), ([[478, 215], [578, 215], [578, 277], [478, 277]], '(29', 0.20972151835695402), ([[579, 275], [912, 275], [912, 457], [579, 457]], '매액 @ ', 0.032666716985978686), ([[1705, 200], [1991, 200], [1991, 387], [1705, 387]], '7', 0.22552871479863157), ([[44, 287], [385, 287], [385, 651], [44, 651]], '꼴"', 0.027955728313784955), ([[1637, 323], [1971, 323], [1971, 500], [1637, 500]], '요증@', 0.0016654112963006911), ([[1493, 498], [1643, 498], [1643, 696], [1493, 696]], '꼴', 0.0491085329410732), ([[419, 706], [718, 706], [718, 890], [419, 890]], '대렉', 0.002101607438875992), ([[740, 935], [1362, 935], [1362, 1232], [740, 1232]], '봄장:,>', 0.0002670050248902346), ([[1345, 1502], [1433, 1502], [1433, 1586], [1345, 1586]], '극', 0.2004239168437829), ([[337.28148933587767, 126.23263814809043], [618.2450592194999, 80.02400945455378], [629.7185106641224, 215.76736185190956], [349.7549407805001, 261.9759905454462]], '[롯예', 0.03361574070625359), ([[1189.9095726578992, 825.0425300211106], [1403.3062280377303, 863.647495501677], [1376.0904273421008, 980.9574699788894], [1162.6937719622697, 942.352504498323]], '크응', 0.7590454941836609), ([[1503.9706675690989, 872.0170938298762], [1956.9934054495907, 985.1644636726979], [1883.0293324309011, 1234.982906170124], [1430.0065945504093, 1122.835536327302]], '꽉이액', 0.022268600806354556), ([[114.90720876064019, 1345.0730852771546], [459.3920100871793, 1046.2471243620844], [593.0927912393598, 1261.9269147228454], [248.6079899128207, 1559.7528756379156]], '쓰훨', 0.005551249670409708), ([[760.1934449912915, 1185.1023159233646], [948.2345874793864, 1167.6890897972467], [952.8065550087085, 1304.8976840766354], [764.7654125206136, 1322.3109102027533]], '제규', 0.001205400503454813), ([[644.3126513059499, 1350.157536100574], [1014.6440712505099, 1287.5315699799155], [1030.6873486940501, 1480.842463899426], [660.3559287494901, 1543.4684300200845]], '싸:7', 0.0004009506932178881), ([[1223.2276971313759, 1345.0213180779047], [1486.980236586324, 1441.2563703943445], [1440.7723028686241, 1553.9786819220953], [1177.019763413676, 1457.7436296056555]], '제;', 0.03735198575469761), ([[437.20546590207573, 1784.0806715130407], [680.031529554786, 1571.683490152035], [768.7945340979243, 1712.9193284869593], [524.968470445214, 1925.316509847965]], '찌적)', 0.058708142589063636)]
[([[41, 57], [874, 57], [874, 136], [41, 136]], '뭐; 좋아: 꽤 들올 만한 신음소리없어', 0.2663034598986152), ([[36, 120], [606, 120], [606, 192], [36, 192]], '이정도면 돼지가 맞는결?', 0.4031420075724893), ([[40, 217], [311, 217], [311, 281], [40, 281]], '꿀어 꾸-울', 0.9882521036660724), ([[360, 208], [895, 208], [895, 288], [360, 288]], '가 감사 . 감사합니다:', 0.6020671410429589), ([[40, 274], [925, 274], [925, 342], [40, 342]], '앞으로 뭐문지 시키논데로 봉사할게요)', 0.2443115725317122), ([[39, 331], [737, 331], [737, 404], [39, 404]], '살려주서서 감사합니다 .부히히-', 0.4514836306879931), ([[35, 400], [1145, 400], [1145, 492], [35, 492]], '(사; 살있다..이제 어떻계튼-기회블 화세탈출음노)', 0.05380045991672507), ([[720, 914], [1369, 914], [1369, 1264], [720, 1264]], '없?,>', 0.015270653180778027), ([[1157, 1308], [1494, 1308], [1494, 1536], [1157, 1536]], '[,)', 0.027101941964615132), ([[631.114118180386, 1372.5249436297756], [1031.10228604848, 1273.811721745786], [1061.885881819614, 1463.4750563702244], [661.8977139515199, 1563.188278254214]], '레1구-', 0.0012794509530067444)]
[([[37, 42], [104, 42], [104, 106], [37, 106]], '자', 0.9999350319924396), ([[121, 42], [299, 42], [299, 106], [121, 106]], '잠깐 왜_', 0.9957188427918034), ([[315, 32], [759, 32], [759, 113], [315, 113]], '왜 .! 벌리논거야]', 0.2374113540714719), ([[39, 99], [620, 99], [620, 172], [39, 172]], '망세하면 그만하다며어]', 0.1392040559440174), ([[39, 176], [510, 176], [510, 249], [39, 249]], '명청하긴 그결 믿냐?', 0.44266608069695135), ([[36, 232], [916, 232], [916, 309], [36, 309]], '그냥 니가 돼지처럼 꿀꿀 거리논거보고', 0.8793757617912913), ([[39, 294], [481, 294], [481, 369], [39, 369]], '싶어서 말해본거야!', 0.8916581874641882), ([[34, 387], [699, 387], [699, 460], [34, 460]], '그, 그런 나름 속이다니이앗내', 0.394117563446628), ([[925, 1285], [1025, 1285], [1025, 1434], [925, 1434]], '1', 0.3751611566704014), ([[1142, 1296], [1498, 1296], [1498, 1539], [1142, 1539]], '[장', 0.005828896386896251), ([[1709, 1664], [1962, 1664], [1962, 1983], [1709, 1983]], '쪽', 0.014286483988343923), ([[711.9026200883566, 914.0524017671305], [1304.7107208499192, 840.9483074468247], [1320.0973799116434, 1197.9475982328695], [727.2892791500807, 1270.0516925531754]], '서:처꾸', 0.0005122069851495326), ([[639.688529762877, 1354.1164446524826], [942.1369352449675, 1299.6596789339403], [961.311470237123, 1498.8835553475174], [659.8630647550325, 1552.3403210660597]], '진서', 0.0005701739392782106), ([[170.15802430146525, 1812.0073851835193], [526.8914826031969, 1780.873909248007], [571.8419756985347, 2477.9926148164805], [215.10851739680308, 2509.1260907519927]], '푹', 0.024045611753337193), ([[1619.3725981694442, 1979.006349570549], [1855.7925234528095, 2005.3242394111721], [1793.6274018305558, 2534.993650429451], [1557.2074765471905, 2509.675760588828]], '유', 0.024067457170700246)]
[([[36, 39], [1014, 39], [1014, 118], [36, 118]], '아까보니 흘리토스로 놀아주내좋아하더만?', 0.12342234986525423), ([[35, 96], [916, 96], [916, 182], [35, 182]], '자 그렇게 좋아하느 클리로 가버리편서', 0.25027311056077783), ([[40, 163], [450, 163], [450, 232], [40, 232]], '인격 싸버리라고!!', 0.5448307889016575), ([[36, 270], [762, 270], [762, 347], [36, 347]], '아; 안돼.. ! 그만뒤.. ! 그만뒤어!!', 0.1526072358836506), ([[38, 328], [822, 328], [822, 403], [38, 403]], '하라는대로 다 햇장아앗! ! 싫어어엇', 0.5678032357674951), ([[34, 390], [669, 390], [669, 462], [34, 462]], '이렇게 비참하게 가버리논건', 0.7170635286910426), ([[653, 363], [1066, 363], [1066, 483], [653, 483]], '(십어심다군워', 0.013290692381478415), ([[661, 1349], [855, 1349], [855, 1521], [661, 1521]], '곱관', 0.0014223653823657793), ([[1161, 1314], [1500, 1314], [1500, 1539], [1161, 1539]], '",들', 0.0028845999614693974), ([[94, 1428], [641, 1428], [641, 1836], [94, 1836]], '미퍽!', 0.0965215615084453), ([[384, 2267], [668, 2267], [668, 2523], [384, 2523]], '(꽤', 0.3577432353707242), ([[1089.2596787808034, 921.0124597898626], [1385.8986573718232, 1105.8907808763684], [1285.7403212191966, 1261.9875402101375], [989.1013426281768, 1076.1092191236316]], '927', 0.04745109995513389), ([[705.1173993504044, 1114.3161360374672], [999.3559410734125, 917.8566180014365], [1089.8826006495956, 1100.6838639625328], [795.6440589265875, 1297.1433819985637]], '많서', 0.003807537973261963), ([[1657.1985577089733, 1878.0080296777696], [2125.9950668374813, 2171.371805232919], [1941.8014422910267, 2456.9919703222304], [1473.0049331625185, 2163.628194767081]], '_{:', 0.002288814781483988), ([[184.92787831481087, 2432.1076318221844], [429.6454331629864, 2393.3797471584226], [445.07212168518913, 2567.8923681778156], [200.35456683701355, 2606.6202528415774]], '미', 0.46207897762725736)]
[([[36, 38], [874, 38], [874, 110], [36, 110]], '아; 안대.. ! 살려쥐 살려주세오오-노', 0.25433977455442436), ([[40, 100], [655, 100], [655, 167], [40, 167]], '꿀꿀 거리던지 뭐문지 함게', 0.337518331426113), ([[39, 156], [1077, 156], [1077, 228], [39, 228]], '내 보지든 동구멍이든 가슴이튼 훨어다게해도', 0.06397982089741207), ([[40, 215], [248, 215], [248, 284], [40, 284]], '좋으니까', 0.5196499824523926), ([[266, 210], [892, 210], [892, 286], [266, 286]], '절리 싸는거 멈치주세오오즐', 0.09941427440658199), ([[39, 273], [710, 273], [710, 345], [39, 345]], '내 인격이 빠져나가버려어엇! !', 0.4311904396798817), ([[1112, 295], [2035, 295], [2035, 499], [1112, 499]], '꾸히어 이익!!', 0.11416978415382206), ([[39, 871], [651, 871], [651, 1889], [39, 1889]], '풀', 0.19304540012127802), ([[643, 1277], [1428, 1277], [1428, 1547], [643, 1547]], '8/꺼서),', 0.0037402954449607586), ([[701.508144228124, 1118.2553807512436], [994.9553691190401, 913.6463144289895], [1090.4918557718759, 1097.7446192487564], [796.0446308809599, 1301.3536855710104]], '꼬거', 0.018686940961889924), ([[1082.2207865496875, 920.0132032157838], [1392.9996509121816, 1091.8732801602634], [1294.7792134503125, 1260.9867967842163], [984.0003490878183, 1090.1267198397366]], '9저1', 0.009829014335418409), ([[304.4484523066224, 1927.0231522718511], [645.273407649769, 1780.8335665639943], [853.5515476933775, 2365.976847728149], [512.726592350231, 2512.1664334360057]], '돌', 0.5185280226583053)]
[([[1202, 2038], [1612, 2038], [1612, 2209], [1202, 2209]], '주르록.', 0.81634122133255), ([[373.57050642635335, 578.1345578371804], [685.0765091286451, 525.1294255353534], [701.4294935736466, 711.8654421628196], [389.923490871355, 764.8705744646466]], '아?', 0.9798805636708534)]
[([[36, 41], [791, 41], [791, 118], [36, 118]], '크흐흐. 오늘도 한 건 해결햇군만', 0.6185626853324153), ([[40, 105], [666, 105], [666, 173], [40, 173]], '붉은 기사단장이라는 녀석이', 0.7384526331531219), ([[39, 162], [705, 162], [705, 235], [39, 235]], '뭐 이렇게 추하게 가버리논자', 0.7474410731352674), ([[40, 276], [239, 276], [239, 338], [40, 338]], '으헤. 에', 0.48771621900843054), ([[258, 274], [504, 274], [504, 342], [258, 342]], '살려 꾸핵', 0.4321532752259989), ([[522, 268], [964, 268], [964, 348], [522, 348]], '살려. 꿀 꾸히익0', 0.30664582215079333), ([[1234, 797], [1545, 797], [1545, 905], [1234, 905]], '에. 에?', 0.27268670007837464), ([[652, 885], [825, 885], [825, 982], [652, 982]], '으레', 0.32150995514024117), ([[874, 1124], [1280, 1124], [1280, 1298], [874, 1298]], "(1꾸무'", 0.00936433267491102), ([[607, 1348], [1467, 1348], [1467, 1640], [607, 1640]], '[/거-서)', 0.0017185897029734043), ([[207, 2525], [292, 2525], [292, 2582], [207, 2582]], '예:', 0.5845865968073662), ([[407.05364683002267, 2495.6482821470204], [567.7942056785531, 2431.4839161940176], [591.9463531699773, 2497.3517178529796], [431.2057943214469, 2561.5160838059824]], '내 몸?', 0.9792106919650183), ([[269.0, 2506.0], [397.2680368629481, 2447.979386442345], [423.0, 2506.0], [295.7319631370519, 2564.020613557655]], '에.?', 0.44196670801851623), ([[248.3201299854355, 2640.0257158077484], [658.4233573427003, 2449.911408273149], [680.6798700145645, 2525.9742841922516], [271.57664265729966, 2715.088591726851]], '도, 돌려보내쥐엇; !', 0.4065427619426803), ([[231.39207453344477, 2581.4370161469897], [421.99197249992307, 2499.6994089423756], [443.60792546655523, 2567.5629838530103], [254.00802750007696, 2648.3005910576244]], '저; 저게', 0.7185986097174023)]
[([[447, 125], [1632, 125], [1632, 277], [447, 277]], '엘리스 (몰레업 로럭)', 0.04785359656245526), ([[584, 348], [1495, 348], [1495, 469], [584, 469]], '붉은 기사람의 {탑장이자', 0.07499224006721728), ([[469, 445], [1612, 445], [1612, 572], [469, 572]], '불목올 다른럽 마결자} 없-%', 0.03981155746124522), ([[578, 546], [1495, 546], [1495, 670], [578, 670]], '도절문의 함정에 붙잡히', 0.22140237726887446), ([[668, 650], [1410, 650], [1410, 767], [668, 767]], '모예로 관매륙 원합', 0.031678004314705015), ([[678, 748], [1401, 748], [1401, 869], [678, 869]], '입결밟설용 육`로', 0.04792815725136131), ([[570, 849], [1513, 849], [1513, 973], [570, 973]], '래3되어버린 엘리지스', 0.0455683945258706), ([[449, 1004], [1635, 1004], [1635, 1128], [449, 1128]], '지립합 문육으로 뒤옆합 신체-', 0.006939752654718733), ([[525, 1103], [1546, 1103], [1546, 1227], [525, 1227]], '예속 중입되늄 약물로 인해', 0.09901980316870788), ([[658, 1200], [1412, 1200], [1412, 1335], [658, 1335]], '콤울음 전분 사리벼', 0.01589474973500658), ([[596, 1307], [1480, 1307], [1480, 1424], [596, 1424]], '십덩어리로 바퀴없으-', 0.2631836798296436), ([[246, 1405], [1828, 1405], [1828, 1527], [246, 1527]], '절당합 걱기이터 가슴관 핑플렉유문 또한', 0.047954473349848765), ([[442, 1506], [1636, 1506], [1636, 1630], [442, 1630]], '입물과 신체 래로의 분직용의로', 0.16880545217958837), ([[662, 1605], [1416, 1605], [1416, 1731], [662, 1731]], '증문칠픽하페 국합손', 0.0010754381106394218), ([[262, 1765], [1816, 1765], [1816, 1886], [262, 1886]], '불울 패용학기 위합 }혜스락터 마력로', 0.0031430779229478026), ([[381, 1864], [1686, 1864], [1686, 1985], [381, 1985]], '자동예 업결터 마내 참정기름 통해', 0.00899405563443419), ([[480, 1962], [1596, 1962], [1596, 2088], [480, 2088]], '문 훌습해여 관-의 강함음', 0.011231037749730985), ([[345, 2062], [1732, 2062], [1732, 2188], [345, 2188]], '된명 권방제계 소리야 훨픽 질러태{', 0.004976056203451754), ([[356, 2165], [1717, 2165], [1717, 2287], [356, 2287]], '줌제도 미락날 권방집 입컷-로서에', 0.0032833706963089414), ([[661, 2262], [1418, 2262], [1418, 2390], [661, 2390]], '정신만 냄아외베템', 0.008838729990036301), ([[469, 2422], [1609, 2422], [1609, 2547], [469, 2547]], '제금 분야 왜분 권방진정신음', 0.008077702171390215), ([[563, 2521], [1508, 2521], [1508, 2642], [563, 2642]], '몸없움 인결매설로 인합', 0.102459297831003), ([[552, 2622], [1528, 2622], [1528, 2746], [552, 2746]], '업절퓨롭 웬해 남실움', 0.008386883694637333)]
[([[36, 41], [1014, 41], [1014, 120], [36, 120]], '푸하하하! 뒤저서도 몸이물물어리는거보면', 0.2757463011350805), ([[34, 104], [854, 104], [854, 177], [34, 177]], '그렇게도 살고 싶엇나보구만 크휴히', 0.14199581491874552), ([[36, 214], [451, 214], [451, 287], [36, 287]], '꾸희 .꿀. 부혹. .~', 0.12858104775171494), ([[874, 1116], [1285, 1116], [1285, 1309], [874, 1309]], "{항꾸구'", 0.005849628592915665), ([[607, 1347], [1462, 1347], [1462, 1639], [607, 1639]], '만/거물공)', 0.0020014676243615714), ([[0, 2239], [276, 2239], [276, 2424], [0, 2424]], '씨', 0.020270061394299432), ([[62, 2596], [128, 2596], [128, 2660], [62, 2660]], '어', 0.9994651794451705), ([[-97.12773913294332, 1846.5295565144643], [164.51947686414337, 1660.667898674184], [284.1277391329433, 1870.4704434855357], [21.48052313585662, 2056.332101325816]], '~', 0.6355198956682138), ([[22.778492853536026, 2053.1178328232386], [454.77340739498567, 2012.5894115602744], [456.221507146464, 2188.8821671767614], [24.226592605014343, 2228.4105884397254]], '시', 0.28549926032815165), ([[550.7969409762699, 2371.317246878643], [634.4879871309743, 2330.930902392105], [661.2030590237301, 2389.682753121357], [577.5120128690257, 2430.069097607895]], "'?!", 0.9677113569356054), ([[209.51159033781548, 2591.013262215805], [729.6168855040181, 2351.205935417761], [750.4884096621845, 2424.986737784195], [231.38311449598194, 2664.794064582239]], '내몸으로 돌려보내쥐어어', 0.8597559144736614), ([[271.98268547211705, 2500.064946682513], [559.4091081283516, 2370.2121682361326], [581.017314527883, 2437.935053317487], [293.5908918716484, 2568.7878317638674]], '대려가느거야', 0.6404446678970951), ([[124.76000847997456, 2570.216013567959], [275.5362794114209, 2502.225087855328], [299.23999152002546, 2567.783986432041], [148.46372058857912, 2634.774912144672]], '어디로', 0.9999869919889219), ([[72.76885625652812, 2648.6763987591394], [211.36396103067892, 2603.636038969321], [232.23114374347188, 2677.3236012408606], [93.63603896932108, 2721.363961030679]], '내몸; ', 0.6648259263522931)]
[([[36, 41], [789, 41], [789, 118], [36, 118]], '크흐흐. 좋아. 덕분에 돼지인격올', 0.4626527891618103), ([[38, 100], [708, 100], [708, 177], [38, 177]], '정착시키논 작업은 더 섭젯군;', 0.29214340545681866), ([[37, 215], [403, 215], [403, 281], [37, 281]], '에흐 헤. 부혹 .', 0.3675966929115097), ([[845, 1122], [1280, 1122], [1280, 1296], [845, 1296]], '소4꾸구', 0.021705955266952515), ([[610, 1347], [1464, 1347], [1464, 1639], [610, 1639]], '[/거거)공)', 0.00015373586188891956)]
[([[35, 35], [922, 35], [922, 123], [35, 123]], '자; 그러면 마지막 작업율시작해불가3', 0.25843557357145386), ([[37, 155], [305, 155], [305, 223], [37, 223]], '에흐 헤..?', 0.5018953112689983), ([[868, 1116], [1291, 1116], [1291, 1309], [868, 1309]], '{덥꾸만', 0.019026152789592743), ([[175, 1498], [321, 1498], [321, 1637], [175, 1637]], '스', 0.018448327594743574), ([[608, 1348], [1464, 1348], [1464, 1637], [608, 1637]], '[/거익,)', 0.0033052271637225607), ([[0.6837256251120876, 1449.045649001614], [140.4970583144992, 1426.0058833710016], [166.3162743748879, 1630.954350998386], [26.5029416855008, 1653.9941166289984]], '2', 0.29847240382549955)]
[([[39, 42], [978, 42], [978, 116], [39, 116]], '크흐흐. 이제 인격올 주입하고 교정만 하면', 0.5152039083324136), ([[40, 105], [362, 105], [362, 171], [40, 171]], '물건 완성이군', 0.8348229453623854), ([[378, 104], [858, 104], [858, 177], [378, 177]], '차명도 좋아하시켓지;', 0.14074197727616208), ([[36, 214], [582, 214], [582, 287], [36, 287]], '우분." 브흡 브히이임다', 0.13242511726499148), ([[878, 1121], [1286, 1121], [1286, 1302], [878, 1302]], "(항꾸,'", 0.00621529801466181), ([[609, 1351], [1467, 1351], [1467, 1636], [609, 1636]], '만/거커서)', 0.0005618360506400254)]
[([[822, 1120], [1278, 1120], [1278, 1302], [822, 1302]], '', 0.0), ([[1120, 2686], [2015, 2686], [2015, 2819], [1120, 2819]], '.06@@-떠-=때_갚', 4.500100233689469e-05), ([[935.0389550451312, 1306.0153974080908], [1536.5638034723304, 1433.9027925047706], [1469.9610449548688, 1677.9846025919092], [868.4361965276696, 1549.0972074952294]], '', 0.0), ([[599.259423857012, 1438.1569875560053], [907.7961616191202, 1364.8568102482534], [939.740576142988, 1572.8430124439947], [632.2038383808798, 1646.1431897517466]], "'", 0.6267658707389643)]
[([[839, 1159], [1254, 1159], [1254, 1358], [839, 1358]], "'", 0.24242869573937753), ([[893, 1349], [1321, 1349], [1321, 1598], [893, 1598]], "'", 0.021643237429863627)]
[([[846, 1163], [1251, 1163], [1251, 1355], [846, 1355]], '4름만2', 0.0031419696751981974), ([[787, 1365], [1014, 1365], [1014, 1584], [787, 1584]], '권1', 0.0075804386663887455), ([[1173, 1385], [1297, 1385], [1297, 1551], [1173, 1551]], '[', 0.4442969815415587)]
[([[846, 1161], [1251, 1161], [1251, 1355], [846, 1355]], '4름만2', 0.002474662382155657), ([[785, 1365], [1311, 1365], [1311, 1584], [785, 1584]], '고개거)', 0.0033774925395846367)]
[([[846, 1163], [1251, 1163], [1251, 1355], [846, 1355]], '4름만2', 0.0031148314010351896), ([[787, 1365], [1019, 1365], [1019, 1586], [787, 1586]], '1', 0.6223639903414693), ([[1169, 1387], [1297, 1387], [1297, 1553], [1169, 1553]], '[', 0.8017714524143891)]
[([[844, 1163], [1251, 1163], [1251, 1355], [844, 1355]], '4,만2', 0.0023968114983290434), ([[787, 1365], [1019, 1365], [1019, 1586], [787, 1586]], '1', 0.6418601753839539), ([[1181, 1388], [1296, 1388], [1296, 1554], [1181, 1554]], '[', 0.95701019914749)]
[([[35, 22], [1017, 22], [1017, 112], [35, 112]], '이 쓰래기 자식. ! 잘도 내 몸에이흰짓올내', 0.19619658448470798), ([[36, 93], [757, 93], [757, 168], [36, 168]], '어서 원래대로 돌려 놓지 못해!3', 0.4292744192141459), ([[37, 188], [527, 188], [527, 257], [37, 257]], '이런 이런 너무 한결?', 0.981307823508065), ([[39, 245], [724, 245], [724, 323], [39, 323]], '네 몸은 지금이 딱 어울린다구;', 0.7166356058121283), ([[36, 329], [1108, 329], [1108, 404], [36, 404]], '이새끼.! 이거만 풀리면 반드시 죽여버리켓어보', 0.6020539845067621), ([[845, 1161], [1252, 1161], [1252, 1355], [845, 1355]], '4만2', 0.013210748332416158), ([[787, 1363], [1019, 1363], [1019, 1586], [787, 1586]], '닦7', 0.011820281211375292), ([[1179, 1386], [1296, 1386], [1296, 1550], [1179, 1550]], '[', 0.9034959356299375)]
[([[846, 1161], [1251, 1161], [1251, 1353], [846, 1353]], '4많:오', 0.0005318787880241871), ([[787, 1365], [1019, 1365], [1019, 1586], [787, 1586]], '볕1', 0.01274706904027396), ([[1171, 1382], [1297, 1382], [1297, 1555], [1171, 1555]], '[', 0.7213100294593211)]
[([[849, 1164], [1250, 1164], [1250, 1351], [849, 1351]], '4많[2', 0.010397492907941341), ([[787, 1365], [1017, 1365], [1017, 1586], [787, 1586]], '1', 0.46585629446207477), ([[1181, 1390], [1296, 1390], [1296, 1550], [1181, 1550]], '[', 0.7890754103704332)]
[([[846, 1163], [1254, 1163], [1254, 1355], [846, 1355]], '4름만2', 0.0061932518146932125), ([[787, 1361], [1315, 1361], [1315, 1584], [787, 1584]], '-거)', 0.02010029053380067), ([[1451, 1979], [1849, 1979], [1849, 2527], [1451, 2527]], '푹', 0.4908608614178753)]
[([[1062, 1166], [1250, 1166], [1250, 1351], [1062, 1351]], '[2', 0.051447992660717985), ([[784, 1358], [1317, 1358], [1317, 1587], [784, 1587]], '-거다', 0.025903847393735933), ([[845.1963448147867, 1180.0775998515262], [1069.374014400877, 1157.6947673489165], [1075.8036551852133, 1337.9224001484738], [851.6259855991229, 1360.3052326510835]], '44', 0.02660468034123618)]
[([[825, 1161], [1254, 1161], [1254, 1356], [825, 1356]], "'람권:_", 0.000405292918252469), ([[785, 1363], [1019, 1363], [1019, 1581], [785, 1581]], '고1', 0.014852787285828263), ([[1144, 1383], [1296, 1383], [1296, 1557], [1144, 1557]], '[', 0.09932081402963888), ([[602.2477948405921, 1038.0134760525198], [858.9242394404847, 1210.2178092590123], [757.7522051594079, 1358.9865239474802], [500.07576055951523, 1186.7821907409877]], ':8%', 0.0004766820072677153), ([[1347.2193249105148, 1275.4167173299784], [1646.743981770945, 1161.122249369639], [1700.7806750894852, 1331.5832826700216], [1400.256018229055, 1445.877750630361]], '꽃렉 :', 0.022672848775982857), ([[554.4883962716772, 1544.15833054625], [799.2879191153588, 1494.0051664049563], [820.5116037283228, 1662.84166945375], [575.7120808846412, 1712.9948335950437]], '꿀렉', 0.3054321516360824)]
[([[557, 1094], [680, 1094], [680, 1236], [557, 1236]], "'", 0.2552361627010704), ([[836, 1153], [1256, 1153], [1256, 1365], [836, 1365]], "'", 0.382821660476683), ([[768, 1318], [1345, 1318], [1345, 1619], [768, 1619]], "'", 0.37864330874577945)]
[([[839, 1159], [1254, 1159], [1254, 1358], [839, 1358]], "'", 0.24242869573937753), ([[893, 1349], [1321, 1349], [1321, 1598], [893, 1598]], "'", 0.021643237429863627)]
[([[1156, 1311], [1503, 1311], [1503, 1530], [1156, 1530]], "'", 0.4406007678464654), ([[929.1467379275201, 876.0130040226596], [1410.87775832966, 1041.3864601565945], [1325.85326207248, 1259.9869959773405], [843.1222416703399, 1094.6135398434055]], '0퍼3#', 0.0005813562893308699), ([[723.6063798690899, 1112.0489318167258], [867.7334013995326, 1030.6123427634027], [910.3936201309101, 1115.9510681832742], [765.2665986004674, 1198.3876572365973]], '', 0.0), ([[638.8784671102956, 1356.2128099051574], [1047.7591050883204, 1277.6922587834993], [1068.1215328897044, 1474.7871900948426], [659.2408949116797, 1553.3077412165007]], "'", 0.19794397090046179)]
[([[1158, 1312], [1500, 1312], [1500, 1535], [1158, 1535]], '[,렁', 0.013362108154699789), ([[963.2092566022702, 880.0125086317385], [1400.9677442342916, 1049.7304536830022], [1316.7907433977298, 1245.9874913682615], [879.0322557657084, 1076.2695463169978]], '오2머퍼', 0.0002430238964734599), ([[732.516246497323, 1110.3133613395596], [894.5930130977159, 1008.7103555873139], [934.483753502677, 1090.6866386604404], [771.4069869022841, 1191.2896444126861]], '다', 0.3047342551073804), ([[637.3736145296366, 1347.1504464078384], [1032.8345463348226, 1280.7992475835115], [1049.6263854703634, 1479.8495535921616], [654.1654536651776, 1546.2007524164885]], '레1:가', 0.00027863780269399285)]
[([[1154, 1309], [1505, 1309], [1505, 1539], [1154, 1539]], '[,~', 0.009913455080188897), ([[958.1723941113976, 880.0131750978857], [1402.9485150275214, 1046.3645893890218], [1318.8276058886024, 1245.9868249021144], [875.0514849724786, 1079.6354106109782]], '0총,퍼', 0.00041847742977552116), ([[733.6229694208497, 1102.531205204634], [923.9979974102422, 1003.5130669705574], [959.3770305791503, 1092.468794795366], [769.0020025897578, 1191.4869330294425]], '다', 0.07873914275400296), ([[626.743481175896, 1383.5330510573297], [1024.3092639782583, 1262.854394019024], [1067.256518824104, 1452.4669489426703], [669.6907360217418, 1573.145605980976]], '레1:가', 0.0008916536462493241)]
[([[40, 42], [101, 42], [101, 106], [40, 106]], '뭐', 0.9999743701669708), ([[120, 36], [802, 36], [802, 111], [120, 111]], '마음대로 떠들라고 그전에데', 0.7266994470309958), ([[40, 100], [653, 100], [653, 169], [40, 169]], '인격만 속 빠진 채 어단가에', 0.7557692164191254), ([[639, 24], [1077, 24], [1077, 187], [639, 187]], '째들품어짚하드', 0.0015909533840999146), ([[952, 90], [1144, 90], [1144, 170], [952, 170]], '[이야', 0.7139475594253231), ([[39, 212], [881, 212], [881, 287], [39, 287]], '뭐, 뭐라고..? 인격올 뻔다논게 무슨:', 0.34950653171893026), ([[789, 1363], [1019, 1363], [1019, 1584], [789, 1584]], '7', 0.14319059571386106), ([[1181, 1388], [1293, 1388], [1293, 1552], [1181, 1552]], '[', 0.8993741898169816), ([[1085.8524682681573, 1150.0329478659364], [1274.7618403190552, 1195.8066856640066], [1229.1475317318427, 1363.9670521340636], [1040.2381596809448, 1317.1933143359934]], '[명', 0.042455947664046575), ([[840.1488274817609, 1182.081750543898], [1070.3628553858643, 1156.6827839859484], [1078.851172518239, 1336.918249456102], [848.6371446141355, 1363.3172160140516]], '4빚', 0.017471589589956992)]
[([[1156, 1309], [1491, 1309], [1491, 1532], [1156, 1532]], '[사사', 0.0035520846779915176), ([[1085.2363017448154, 919.0126825189404], [1393.9913728429074, 1096.370099374167], [1291.7636982551846, 1265.9873174810596], [983.0086271570927, 1087.629900625833]], '2,7', 0.2216380472096133), ([[703.2949548734334, 1117.2877111899736], [1000.1753696112225, 915.7606235013228], [1093.7050451265666, 1100.7122888100264], [796.8246303887775, 1302.2393764986773]], '많서', 0.0308477534955048), ([[620.275758807717, 1389.3309105692604], [1049.5850013062254, 1253.175434945333], [1099.724241192283, 1436.6690894307396], [670.4149986937746, 1572.824565054667]], '31,-', 0.004599770996719599)]
[([[699, 865], [1378, 865], [1378, 1280], [699, 1280]], '서=? )', 0.026144165650185222), ([[1116, 1303], [1503, 1303], [1503, 1536], [1116, 1536]], '[[,렁', 0.0009733634651638567), ([[617.1091818153802, 1403.810918181538], [1100.4657756693102, 1242.622904640045], [1155.8908181846198, 1409.189081818462], [672.5342243306898, 1570.377095359955]], '31,개', 0.008706178516149521)]
[([[1161, 1311], [1496, 1311], [1496, 1530], [1161, 1530]], '[서사', 0.0016281287251416318), ([[1086.267073734882, 920.0122120464586], [1386.9422091003823, 1103.406431741313], [1284.732926265118, 1263.9877879535413], [985.0577908996175, 1080.593568258687]], '2,7', 0.10526937611831401), ([[704.237578939183, 1116.2967473168528], [1002.2973217045404, 915.8252385537849], [1095.762421060817, 1100.7032526831472], [796.7026782954596, 1301.1747614462151]], '많서', 0.0278554635362267), ([[634.5026847621593, 1361.267450954036], [1033.268686762755, 1274.0266294701548], [1059.4973152378407, 1471.732549045964], [660.7313132372452, 1558.9733705298452]], '81/-', 0.013054692186415195)]
[([[711, 907], [1364, 907], [1364, 1273], [711, 1273]], '거? >', 0.008973388001322746), ([[1161, 1314], [1491, 1314], [1491, 1530], [1161, 1530]], "메사'", 0.0019565912748909066), ([[634.5544762731561, 1360.2595434028303], [1034.3608143059473, 1274.147906366815], [1059.445523726844, 1471.7404565971697], [659.6391856940528, 1556.852093633185]], '레1/-', 0.004316174890846014)]
[([[1161, 1314], [1498, 1314], [1498, 1530], [1161, 1530]], '[,렁', 0.015311213126455095), ([[1086.249583686422, 920.0128020121637], [1383.9573984172791, 1098.6315502402829], [1284.750416313578, 1256.9871979878365], [987.0426015827209, 1079.3684497597171]], '927', 0.15838550985559463), ([[703.4046708937282, 1117.2708278986056], [1002.1728537807899, 913.7592999552018], [1096.595329106272, 1098.7291721013944], [797.8271462192101, 1302.2407000447981]], '많서', 0.031117671758985405), ([[624.714087303501, 1387.428174607002], [1023.1575265223847, 1261.6827129153473], [1070.285912696499, 1448.571825392998], [671.8424734776153, 1575.3172870846527]], '레1,)', 0.008003787137567997)]
[([[709, 900], [1369, 900], [1369, 1274], [709, 1274]], '서서? >', 0.00744893391448537), ([[1161, 1311], [1487, 1311], [1487, 1530], [1161, 1530]], '[,들', 0.027938784869483282), ([[632.73561923845, 1368.3987819637853], [1030.16099038048, 1273.88694121035], [1059.26438076155, 1466.6012180362147], [661.8390096195201, 1560.11305878965]], '1:7', 0.002987248773519812)]
[([[1158, 1312], [1500, 1312], [1500, 1535], [1158, 1535]], '[,렁', 0.01376994643539728), ([[1088.2546653953534, 920.0126291629236], [1383.915177046599, 1103.0699702032825], [1282.7453346046466, 1258.9873708370765], [988.0848229534009, 1075.9300297967175]], '221', 0.03220861974257515), ([[700.0808113949823, 1114.3091117883885], [999.5358251018536, 910.8206235610771], [1094.9191886050178, 1100.6908882116115], [795.4641748981464, 1303.1793764389229]], '모거', 0.008544798583729685), ([[620.275758807717, 1389.3309105692604], [1052.598217032146, 1252.1911257251104], [1102.724241192283, 1436.6690894307396], [670.4017829678539, 1573.8088742748896]], '31,-', 0.00552421435713768)]
[([[712, 909], [1370, 909], [1370, 1271], [712, 1271]], '없>', 0.02775215867981475), ([[1157, 1312], [1433, 1312], [1433, 1534], [1157, 1534]], '[,', 0.10254702393560203), ([[179, 1727], [651, 1727], [651, 2347], [179, 2347]], '쇼', 0.1768727460167776), ([[189, 2293], [781, 2293], [781, 2657], [189, 2657]], '씨', 0.25750488189311227), ([[647.099630191806, 1307.064563819548], [1151.5872417542018, 1270.603450335238], [1149.900369808194, 1509.935436180452], [645.4127582457982, 1546.396549664762]], '레/거서', 0.020785577595233917)]
[([[681, 870], [1364, 870], [1364, 1281], [681, 1281]], '서공통>', 0.004827257711440325), ([[1156, 1291], [1498, 1291], [1498, 1537], [1156, 1537]], '[장', 0.0027963435731765134), ([[621.275758807717, 1393.3309105692604], [1018.6912145270389, 1255.1758615522879], [1075.724241192283, 1440.6690894307396], [677.3087854729611, 1578.8241384477121]], '이1,다', 0.005768561270087957)]
[([[642, 1272], [1431, 1272], [1431, 1556], [642, 1556]], '81/거서-,', 0.004962275510586298), ([[1086.2695060167798, 919.0121311050734], [1389.9515421619897, 1101.540617695602], [1288.7304939832202, 1263.9878688949266], [985.0484578380103, 1080.459382304398]], '921', 0.04488357711543914), ([[697.6800130497969, 1110.3760743838423], [997.6647878744933, 911.8881768313178], [1092.3199869502032, 1102.6239256161577], [792.3352121255067, 1301.1118231686823]], '거서', 0.008578557961180355)]
[([[39, 41], [836, 41], [836, 120], [39, 120]], '뭐야; 그것도 모르고 처들어온거야?', 0.4938633431689379), ([[38, 93], [1178, 93], [1178, 181], [38, 181]], '인격배설해서 암컷흘 판다 이거멘문이되터리고?', 0.0907308335363179), ([[37, 220], [704, 220], [704, 288], [37, 288]], '자, 잠깐..!? 이; 인격 배설.?', 0.69935756169172), ([[38, 271], [953, 271], [953, 356], [38, 356]], '뛰야; 뭐나고 ! 그런거 들어본 적 없어세', 0.13537806568330277), ([[846, 1161], [1251, 1161], [1251, 1355], [846, 1355]], '4름만2', 0.0014438899233937263), ([[798, 1365], [1017, 1365], [1017, 1586], [798, 1586]], '고1', 0.021340215741864423), ([[1141, 1384], [1297, 1384], [1297, 1558], [1141, 1558]], '[', 0.02103078545787085)]
[([[1158, 1314], [1494, 1314], [1494, 1530], [1158, 1530]], '[서사', 0.00333649443343974), ([[1085.197772957145, 918.0134114186341], [1395.9977361010706, 1088.6703607678423], [1294.802227042855, 1264.9865885813658], [984.0022638989295, 1094.3296392321577]], '821', 0.050896148111691755), ([[702.4142731920277, 1117.2584850249912], [1003.6096560497683, 910.8591805389665], [1097.5857268079724, 1097.7415149750088], [797.3903439502317, 1304.1408194610335]], '멀서', 0.008351041229657978), ([[635.7011313366655, 1358.2378062229918], [1035.4325726054835, 1275.2435372590344], [1059.2988686633346, 1472.7621937770082], [659.5674273945164, 1555.7564627409656]], '레1/납', 0.0038790248800069094)]
[([[672, 885], [1383, 885], [1383, 1284], [672, 1284]], '없물껍;', 0.0006097918376326561), ([[1153, 1309], [1431, 1309], [1431, 1531], [1153, 1531]], '매', 0.21140157432597562), ([[613.4272251347998, 1399.68544502696], [1101.6476528405933, 1243.8637772088816], [1154.5727748652002, 1410.31455497304], [667.3523471594067, 1567.1362227911184]], '갈1학', 0.007889399377215198)]
[([[1158, 1311], [1494, 1311], [1494, 1532], [1158, 1532]], '[사사', 0.0017329262440611657), ([[1084.2260278162946, 920.0130261439473], [1391.996823886811, 1093.6177813204408], [1291.7739721837054, 1262.9869738560526], [985.003176113189, 1088.3822186795592]], '2,7', 0.3576324268777003), ([[703.237578939183, 1116.2967473168528], [998.1291975581039, 916.7363934923378], [1091.762421060817, 1100.7032526831472], [796.8708024418961, 1301.2636065076622]], '많서', 0.009950750177784908), ([[619.5285257380848, 1390.9813783118932], [1108.0476829448028, 1230.7423304736058], [1160.471474261915, 1414.0186216881068], [671.9523170551971, 1575.2576695263942]], '81,개사', 0.0018439759322281823)]
[([[1155, 1308], [1497, 1308], [1497, 1536], [1155, 1536]], '[장사', 0.002509321056411335), ([[1085.2260278162946, 920.0130261439473], [1391.9928555950316, 1095.4267709131432], [1290.7739721837054, 1262.9869738560526], [985.0071444049682, 1087.5732290868568]], '2,7', 0.34984157188071846), ([[702.1784214682091, 1115.3062131028964], [1001.2717328365903, 914.8116060339503], [1095.821578531791, 1100.6937868971036], [795.7282671634097, 1301.1883939660497]], '많서', 0.0088102407231052), ([[635.7473088065419, 1358.2311616457932], [1034.3869359529829, 1275.182598425865], [1058.252691193458, 1473.7688383542068], [659.6130640470172, 1556.817401574135]], '레1/납', 0.0030326759442687035)]
[([[1161, 1311], [1494, 1311], [1494, 1532], [1161, 1532]], '메서사', 0.0008702502682066605), ([[1086.2311990839305, 919.0128526095243], [1389.9607504449448, 1100.656892035254], [1288.7688009160695, 1263.9871473904757], [985.0392495550551, 1082.343107964746]], '927', 0.055304534646975614), ([[700.0808113949823, 1114.3091117883885], [998.561967050017, 911.8342399648845], [1092.9191886050178, 1100.6908882116115], [794.438032949983, 1303.1657600351155]], '7거', 0.015249351405867433), ([[615.4281746070019, 1396.714087303501], [1101.098065954818, 1235.8063391369576], [1156.571825392998, 1412.285912696499], [670.9019340451821, 1573.1936608630424]], '1,-사', 0.021140800788998604)]
[([[711, 908], [1373, 908], [1373, 1272], [711, 1272]], '거: >', 0.0018339073285460472), ([[1161, 1311], [1489, 1311], [1489, 1534], [1161, 1534]], "[사'", 0.0025353461149841042), ([[630.8292994374676, 1370.9073887061757], [1115.9301998589283, 1247.9367870222893], [1150.1707005625324, 1436.0926112938243], [665.0698001410717, 1559.0632129777107]], '81/-시', 0.001365518012434308)]
[([[714, 907], [1377, 907], [1377, 1274], [714, 1274]], '없서? >', 0.0014993856394534587), ([[639, 1267], [1437, 1267], [1437, 1551], [639, 1551]], '8:거서다,)', 0.0040871418438317665)]
[([[1000, 792], [1399, 792], [1399, 1029], [1000, 1029]], '<:>', 0.009402005004228178), ([[632, 1126], [1519, 1126], [1519, 1446], [632, 1446]], '병:끼거-,)', 0.0010606961915474076), ([[1813, 1912], [1919, 1912], [1919, 1978], [1813, 1978]], '0)', 0.37482421611990174), ([[747.7795293366084, 802.0275983390466], [1026.5822123542234, 848.8516441909906], [980.2204706633916, 1076.9724016609534], [701.4177876457766, 1030.1483558090094]], '비', 0.08519094882012723), ([[1557.1592947649278, 1465.0513762922094], [1969.6761608891852, 1424.269955089468], [1977.8407052350722, 1709.9486237077906], [1565.3238391108148, 1750.730044910532]], '때국', 0.034897846661086515), ([[284.2343902638322, 1577.0044407423356], [779.3384645485967, 1706.0026947232243], [548.7656097361678, 2570.9955592576644], [53.66153545140336, 2441.997305276776]], '사', 0.011895410685047958)]
[([[725, 795], [1399, 795], [1399, 1063], [725, 1063]], '나서  :)', 0.021026648772825944), ([[632, 1126], [1489, 1126], [1489, 1443], [632, 1443]], '병:-서-,)', 0.0006404887317264554)]
[([[1158, 1311], [1498, 1311], [1498, 1532], [1158, 1532]], '[,렁', 0.015535779932896999), ([[1090.2646252107163, 918.0122938004146], [1383.859315605374, 1107.5159868630258], [1281.7353747892837, 1260.9877061995853], [988.1406843946262, 1072.4840131369742]], '22', 0.07298180697394324), ([[707.4046708937282, 1116.2708278986056], [1001.1291975581039, 914.7363934923378], [1094.595329106272, 1097.7291721013944], [799.8708024418961, 1299.2636065076622]], '많서', 0.006742952720762166), ([[631.3298299084939, 1374.98843869803], [1059.2455404334978, 1262.9964199473993], [1093.670170091506, 1452.01156130197], [665.7544595665021, 1565.0035800526007]], '레1,자', 0.0033116566482931376)]
[([[36, 36], [744, 36], [744, 114], [36, 114]], '모르켓다고? 그럼 직접 겪어보;', 0.39141783970410376), ([[38, 121], [988, 121], [988, 205], [38, 205]], '뿌흐욕? ! 콩! 뭐; 뛰야! 코에 월한계@양', 0.14304378827954944), ([[35, 188], [216, 188], [216, 254], [35, 254]], '나고옷!', 0.8606653790784811), ([[35, 269], [1049, 269], [1049, 353], [35, 353]], '아; 그건 너름 사가는 어떤 ~오님의리웨스틱', 0.02038814915174997), ([[38, 327], [805, 327], [805, 413], [38, 413]], '너름 돼지로 만들어달라고 하디군', 0.3283135418273984), ([[846, 1161], [1251, 1161], [1251, 1355], [846, 1355]], '4름만2', 0.0015569141833111644), ([[787, 1365], [1019, 1365], [1019, 1586], [787, 1586]], '1', 0.6368378313704994), ([[1165, 1386], [1298, 1386], [1298, 1552], [1165, 1552]], '[', 0.41773764774804817)]
[([[1158, 1309], [1498, 1309], [1498, 1534], [1158, 1534]], '[,들', 0.02121467061350073), ([[1089.2980513375019, 919.0117349913048], [1384.8737066638193, 1106.7003543505962], [1283.7019486624981, 1259.9882650086952], [989.1262933361807, 1072.2996456494038]], '221', 0.07328516813583313), ([[705.0544243046714, 1114.3265458280287], [998.3333139003701, 918.8444807193092], [1089.9455756953287, 1101.6734541719713], [795.6666860996299, 1297.1555192806907]], '몹서', 0.003202663073719243), ([[632.4216806241643, 1375.6867224966575], [1030.8639419408617, 1270.512778791862], [1064.5783193758357, 1460.3132775033425], [667.1360580591382, 1565.487221208138]], '궁1:자', 0.000753558415453881)]
[([[1158, 1309], [1498, 1309], [1498, 1534], [1158, 1534]], '[,들', 0.020842723019645466), ([[1091.2980513375019, 919.0117349913048], [1380.843286135845, 1108.439253417596], [1278.7019486624981, 1259.9882650086952], [989.156713864155, 1070.560746582404]], '221', 0.099608491749527), ([[706.2949548734334, 1115.2877111899736], [1001.255153380124, 916.8027944674332], [1092.7050451265666, 1098.7122888100264], [798.744846619876, 1298.1972055325668]], '많서', 0.005470937236120624), ([[632.2873669438428, 1370.720731080987], [1065.4242672208934, 1263.2324157030687], [1096.712633056157, 1454.279268919013], [664.5757327791066, 1562.7675842969313]], '1,자', 0.0048400741740133625)]
[([[1161, 1316], [1428, 1316], [1428, 1536], [1161, 1536]], '매,', 0.004834257170505282), ([[1090.2312390130126, 921.0134357721611], [1361.9558565143643, 1095.6070302513544], [1259.7687609869874, 1250.986564227839], [987.0441434856356, 1077.3929697486456]], '<우', 0.003898911208118581), ([[702.2791743774709, 1112.3029637025727], [998.1697874171085, 917.8943826492047], [1086.720825622529, 1096.6970362974273], [790.8302125828915, 1291.1056173507955]], '저거', 0.3209220955742062), ([[643.8973556517492, 1373.133124694548], [1005.116769181537, 1288.5281032588396], [1028.1026443482508, 1430.866875305452], [666.883230818463, 1515.4718967411604]], '"27', 0.022827720272260436)]
[([[1193, 81], [1412, 81], [1412, 242], [1193, 242]], '꾸액', 0.3479154041779407), ([[478, 215], [581, 215], [581, 277], [478, 277]], '(29', 0.24390988618112425), ([[579, 275], [912, 275], [912, 457], [579, 457]], '액@', 0.6724775703484142), ([[1706, 201], [1991, 201], [1991, 386], [1706, 386]], '지', 0.0039052479611791924), ([[43, 286], [391, 286], [391, 652], [43, 652]], '꼴요', 0.023573291360498887), ([[1637, 323], [1971, 323], [1971, 500], [1637, 500]], '요 증:', 0.002033938164924884), ([[1495, 498], [1645, 498], [1645, 696], [1495, 696]], '꼴', 0.12269270780793651), ([[419, 705], [719, 705], [719, 890], [419, 890]], '팔액', 0.0011715282687523253), ([[739, 934], [1363, 934], [1363, 1236], [739, 1236]], ':서?,', 0.0003356424276717007), ([[1343, 1502], [1431, 1502], [1431, 1588], [1343, 1588]], '극', 0.12812289141947986), ([[335.978441701598, 129.28789684830963], [616.038140001911, 76.72600920366165], [631.0215582984019, 212.71210315169037], [350.96185999808904, 265.27399079633835]], '[]날', 0.02084377047823364), ([[1189.8837011276755, 824.0415951108533], [1403.1276286575276, 862.959155971962], [1375.1162988723245, 987.9584048891467], [1161.8723713424724, 949.040844028038]], '크응', 0.35985046836884144), ([[1505.0069202133022, 864.0159106550273], [1962.114993350886, 985.6456016237836], [1883.9930797866978, 1237.9840893449727], [1426.885006649114, 1116.3543983762163]], '@@액', 0.047878115627998416), ([[113.81602927549454, 1343.0796010742754], [463.7738416127624, 1048.4069455536799], [595.1839707245055, 1265.9203989257246], [245.2261583872376, 1560.5930544463201]], '동빛', 0.02324059992941217), ([[760.1934449912915, 1185.1023159233646], [948.2725392613296, 1168.734291058133], [952.8065550087085, 1304.8976840766354], [764.7274607386704, 1322.265708941867]], '제뭐', 0.0013187012487877298), ([[642.202385048322, 1355.1786033769113], [1019.8684337357355, 1287.1657070381095], [1037.797614951678, 1476.8213966230887], [661.1315662642645, 1544.8342929618905]], '레,7', 0.0006463128827159345), ([[1226.2641763362813, 1339.019350389345], [1486.9985918326256, 1445.8014384137216], [1437.7358236637187, 1556.980649610655], [1177.0014081673744, 1450.1985615862784]], '제;', 0.010423231660843031), ([[437.27982082519213, 1784.0780290771136], [681.9621053717732, 1574.7487716944913], [765.7201791748079, 1711.9219709228864], [522.0378946282268, 1921.2512283055087]], '지적)', 0.15060714253714147)]
[([[1161, 1311], [1487, 1311], [1487, 1530], [1161, 1530]], '[,들', 0.033493146446571746), ([[1086.2546653953534, 919.0126291629236], [1388.9175231502552, 1102.0967977096418], [1290.7453346046466, 1257.9873708370765], [988.0824768497448, 1074.9032022903582]], '227', 0.2973987110626261), ([[706.3506275779055, 1116.279079256385], [1000.3298396496832, 917.842619880702], [1091.6493724220945, 1098.720920743615], [796.6701603503168, 1298.157380119298]], '몹서', 0.007322254517252443), ([[627.1538461538462, 1373.7692307692307], [1109.9220148016511, 1251.9249338110244], [1143.8461538461538, 1440.2307692307693], [661.0779851983488, 1562.0750661889756]], '레1,꺼', 0.0010192786576226354)]
[([[1135, 1284], [1499, 1284], [1499, 1542], [1135, 1542]], '[', 0.19359443802060028), ([[1699, 1663], [1966, 1663], [1966, 1986], [1699, 1986]], '꼴', 0.05151049817232001), ([[709.8674737982152, 924.0554969257325], [1275.5075682306654, 850.0148442524638], [1293.1325262017847, 1197.9445030742675], [726.4924317693346, 1271.985155747536]], '서켜5', 0.001343968795793068), ([[620.976652500457, 1393.7696482505942], [1019.7945042871668, 1257.285528142876], [1074.023347499543, 1443.2303517494058], [675.2054957128332, 1579.714471857124]], '이1,다', 0.003705012844875455), ([[168.1638899413957, 1808.0072826361134], [519.1930875252503, 1775.5814051742], [568.8361100586043, 2477.9927173638866], [217.80691247474965, 2511.4185948258]], ' ', 0.00631488308007655), ([[1620.3575592280818, 1977.0064495584722], [1859.5263671272892, 2005.5978250940905], [1793.6424407719182, 2538.9935504415275], [1554.4736328727108, 2511.4021749059093]], '올', 0.010660904958226747)]
[([[648, 1316], [958, 1316], [958, 1534], [648, 1534]], '"2', 0.06597741937229058), ([[1160, 1313], [1501, 1313], [1501, 1542], [1160, 1542]], "',)", 0.0010270370774502055), ([[87, 1428], [641, 1428], [641, 1836], [87, 1836]], '저객!', 0.022435694955052186), ([[388, 2267], [668, 2267], [668, 2525], [388, 2525]], '(꽤', 0.12187924524326715), ([[1089.286127115166, 921.0121371858805], [1380.8951873654862, 1104.9044941037478], [1281.713872884834, 1256.9878628141196], [990.1048126345138, 1074.0955058962522]], '921', 0.07008452082956815), ([[706.1784214682091, 1116.3062131028964], [995.162227870734, 920.753713996046], [1086.821578531791, 1101.6937868971036], [796.837772129266, 1298.2462860039539]], '많서', 0.007880232122685139), ([[1655.1937122394158, 1880.0081270750277], [2122.9977918716327, 2170.5797079663225], [1939.8062877605842, 2455.991872924972], [1472.0022081283676, 2165.4202920336775]], '_ %', 0.0059787429201434966), ([[185.81534896262292, 2437.1196755598685], [431.7888096747377, 2397.5355613409106], [446.1846510373771, 2567.8803244401315], [201.2111903252623, 2607.4644386590894]], '무', 0.02568495577301988)]
[([[34, 869], [647, 869], [647, 1884], [34, 1884]], '품', 0.15168542697267995), ([[1098, 1296], [1440, 1296], [1440, 1550], [1098, 1550]], '1[,', 0.01830642023549643), ([[1083.2260278162946, 920.0130261439473], [1395.9999136803508, 1091.9369865378621], [1296.7739721837054, 1262.9869738560526], [985.0000863196492, 1091.0630134621379]], '9저1', 0.022673414371664705), ([[701.508144228124, 1117.2553807512436], [996.0295212930876, 913.6845206470666], [1090.4918557718759, 1096.7446192487564], [795.9704787069124, 1300.3154793529334]], '꼬거', 0.041495581970341436), ([[631.9990924217162, 1377.79664196035], [1029.762232687194, 1269.388255067721], [1065.000907578284, 1459.20335803965], [667.237767312806, 1567.611744932279]], '81/)', 0.011918294243514538), ([[307.5475978715781, 1916.0206852923918], [644.0671579904023, 1776.8124851583875], [848.4524021284219, 2368.9793147076084], [511.9328420095977, 2508.1875148416125]], '1', 0.03743608453766001)]
[]
[([[871, 1121], [1281, 1121], [1281, 1302], [871, 1302]], "(1,'", 0.046191759407520294), ([[611, 1351], [1460, 1351], [1460, 1634], [611, 1634]], '8/거-서)', 0.0008843746876597547)]
