2388372
10
[([[65, 61], [607, 61], [607, 193], [65, 193]], '아갈라의 절경', 0.29089975398181395), ([[524, 196], [604, 196], [604, 220], [524, 220]], '미즈템카', 0.7684293985366821), ([[504, 214], [620, 214], [620, 262], [504, 262]], '와껴7', 0.009504611218205854)]
[([[252, 118], [288, 118], [288, 142], [252, 142]], '근데', 0.9999454624136204), ([[216, 140], [324, 140], [324, 164], [216, 164]], '울라움라심에도', 0.45002854435556067), ([[843, 153], [887, 153], [887, 173], [843, 173]], '후우  ', 0.5729933381080627), ([[220, 162], [320, 162], [320, 186], [220, 186]], '절경이 있는데', 0.5776324486222059), ([[840, 172], [892, 172], [892, 196], [840, 196]], '좋앉다', 0.7355723217636189), ([[218, 184], [322, 184], [322, 208], [218, 208]], '같이 보러 가지', 0.8326653949236693), ([[838, 192], [890, 192], [890, 218], [838, 218]], '미월아', 0.433014917616913), ([[240, 204], [300, 204], [300, 230], [240, 230]], '않울래?', 0.2628640830516815), ([[167, 447], [213, 447], [213, 467], [167, 467]], '네:9', 0.43413473941955927), ([[704, 494], [784, 494], [784, 550], [704, 550]], '@5', 0.9329725874927326)]
[([[310, 128], [370, 128], [370, 152], [310, 152]], '오 오빠', 0.7925141631950505), ([[320, 150], [356, 150], [356, 174], [320, 174]], '너무', 0.999960635070428), ([[298, 172], [374, 172], [374, 196], [298, 196]], '달라붙어:', 0.485089388656194), ([[744, 184], [796, 184], [796, 208], [744, 208]], '수련아', 0.8906990322290654), ([[730, 204], [800, 204], [800, 230], [730, 230]], '수련아앗 ', 0.6766623287788756), ([[275, 261], [311, 261], [311, 281], [275, 281]], '아기', 0.9997087776985486), ([[263, 283], [323, 283], [323, 303], [263, 303]], '같아:  9', 0.303763168709044)]
[([[294, 146], [364, 146], [364, 170], [294, 170]], '안돼 안돼', 0.6516734754686889), ([[313, 169], [345, 169], [345, 189], [313, 189]], '이거', 0.9999479911850724), ([[296, 188], [362, 188], [362, 214], [296, 214]], '깊어없9', 0.4460304081439972), ([[226, 272], [276, 272], [276, 296], [226, 296]], '목소리', 0.9999900203069368), ([[212, 294], [290, 294], [290, 318], [212, 318]], '나와버려9', 0.46140357236169455), ([[216, 316], [284, 316], [284, 340], [216, 340]], '누가 오면', 0.9990365437790648), ([[218, 338], [282, 338], [282, 362], [218, 362]], '어떡해9', 0.860826313495636)]
[([[278, 126], [314, 126], [314, 150], [278, 150]], '나랑', 0.9221188707021735), ([[264, 148], [330, 148], [330, 172], [264, 172]], '컬리에량', 0.08024481683969498), ([[730, 150], [796, 150], [796, 174], [730, 174]], '사정하다', 0.6824658513069153), ([[260, 170], [330, 170], [330, 194], [260, 194]], '아이 많이', 0.9997822176194312), ([[734, 172], [790, 172], [790, 196], [734, 196]], '사정해!', 0.5460485219955444), ([[268, 192], [324, 192], [324, 216], [268, 216]], '만들자!', 0.9452094435691833), ([[656, 198], [720, 198], [720, 222], [656, 222]], '킬리에틀', 0.06581336259841919), ([[671, 221], [705, 221], [705, 241], [671, 241]], '위해', 0.9998976689854189), ([[665, 243], [711, 243], [711, 263], [665, 263]], '모아든', 0.43438754978497957), ([[648, 262], [728, 262], [728, 286], [648, 286]], '2주치 정액', 0.8891471532739825), ([[670, 284], [706, 284], [706, 308], [670, 308]], '잔뜩', 0.9981397238421303), ([[652, 306], [724, 306], [724, 330], [652, 330]], '사정활게!', 0.614180405179761), ([[542.3225418717343, 265.03836847126166], [586.5495476422814, 258.20354400479914], [600.6774581282657, 364.96163152873834], [556.4504523577186, 370.79645599520086]], '{', 0.018853159914570483)]
[([[562, 250], [626, 250], [626, 274], [562, 274]], '아아앗9', 0.16401247680187225), ([[576, 272], [614, 272], [614, 296], [576, 296]], '간다', 0.9935750431005572), ([[567, 291], [620, 291], [620, 319], [567, 319]], '간닷9', 0.16082153475369054)]
[([[96, 38], [160, 38], [160, 94], [96, 94]], '(표', 0.041589185916905635)]
[([[761, 91], [781, 91], [781, 113], [761, 113]], '너', 0.999875191768357), ([[712, 116], [832, 116], [832, 146], [712, 146]], '뭐 하는 거야?', 0.40498825309745007)]
[([[142, 348], [180, 348], [180, 372], [142, 372]], '그게', 0.99980267415802), ([[86, 442], [158, 442], [158, 468], [86, 468]], '그러니까', 0.9997925758361816), ([[48, 530], [86, 530], [86, 556], [48, 556]], '이건', 0.9970152021596653)]
[([[218, 118], [252, 118], [252, 144], [218, 144]], '말은', 0.9998529949573765), ([[186, 140], [284, 140], [284, 166], [186, 166]], '그렇게 하지만', 0.8344476611496404), ([[872, 140], [944, 140], [944, 164], [872, 164]], '미원이 너', 0.7144217123258773), ([[186, 162], [284, 162], [284, 188], [186, 188]], '조임이 세지고', 0.8301661659338687), ([[868, 162], [948, 162], [948, 188], [868, 188]], '엉덩이구멍', 0.9879292604190094), ([[206, 184], [264, 184], [264, 208], [206, 208]], '잇는데?', 0.6647174954414368), ([[876, 184], [940, 184], [940, 208], [876, 208]], '벌름별름', 0.44707807898521423), ([[123, 199], [157, 199], [157, 219], [123, 219]], '너는', 0.4033305278570221), ([[882, 204], [934, 204], [934, 228], [882, 228]], '거린다', 0.8333710786395006), ([[98, 218], [182, 218], [182, 242], [98, 242]], '보는 것보다', 0.7352636397521769), ([[92, 240], [188, 240], [188, 264], [92, 264]], '보여지논게 더', 0.5996934524416284), ([[714, 238], [780, 238], [780, 262], [714, 262]], '싫어어9', 0.9844465255737305), ([[92, 262], [188, 262], [188, 288], [92, 288]], '좋은거 아냐?', 0.6931687476076909), ([[731, 259], [765, 259], [765, 279], [731, 279]], '보지', 0.4923177868297326), ([[716, 280], [780, 280], [780, 304], [716, 304]], '말아요9', 0.7477236986160278), ([[32, 434], [126, 434], [126, 458], [32, 458]], '그런가요오9', 0.9413135341003093)]
