2389324
36
[([[35, 58], [2024, 58], [2024, 352], [35, 352]], '9 때 종(-히-제 잡가}', 0.0008005828204826696), ([[409, 1376], [2091, 1376], [2091, 1701], [409, 1701]], '제폐 닥훨어집 모음', 0.008606481802603684)]
[([[503.53202080720735, 1815.0049779387446], [661.2816144489618, 1798.4206631772327], [710.4679791927927, 2328.9950220612554], [552.7183855510382, 2345.5793368227673]], '통', 0.014020798991371208)]
[([[1776, 355], [2274, 355], [2274, 482], [1776, 482]], '이립이바지로로', 0.038562073537732444), ([[1696, 473], [2278, 473], [2278, 597], [1696, 597]], '변경일속$굶 ', 0.010168767340509637), ([[853, 481], [1277, 481], [1277, 784], [853, 784]], '((', 0.1896908465956708), ([[1685, 720], [2276, 720], [2276, 848], [1685, 848]], '돼삼이웬본이늄', 0.0028420959910259477), ([[1869, 836], [2280, 836], [2280, 960], [1869, 960]], '때입미)내', 0.011577537743339545), ([[1834, 951], [2272, 951], [2272, 1085], [1834, 1085]], '채쓰-교', 0.00045287032844498754), ([[1563, 1066], [1968, 1066], [1968, 1484], [1563, 1484]], '소', 0.16347022944523815), ([[1895, 1364], [2221, 1364], [2221, 1711], [1895, 1711]], '6', 0.9995681513773356), ([[1041.0933824810627, 1116.0700017424513], [1270.6582018761576, 1075.2437789083492], [1296.9066175189373, 1303.9299982575487], [1067.3417981238424, 1344.7562210916508]], '9', 0.29069082037780447), ([[311.08168108542026, 1327.0120493545116], [572.9858701213215, 1557.005569583115], [377.91831891457974, 1777.9879506454884], [116.01412987867855, 1547.994430416885]], '9', 0.6941465194081644)]
[([[842, 470], [1292, 470], [1292, 924], [842, 924]], '@@', 0.2594061591922186), ([[1582, 597], [2254, 597], [2254, 725], [1582, 725]], '그립바로[적패올째', 0.0013005920744658664), ([[1776, 713], [2252, 713], [2252, 839], [1776, 839]], '넷째때출', 0.01263580285012722), ([[71, 1172], [782, 1172], [782, 1304], [71, 1304]], '때가 테이블` 순징하권', 0.010904759683605783), ([[68, 1290], [952, 1290], [952, 1425], [68, 1425]], '닷면 기 불름엔질의 언어', 0.009076468532991409), ([[69, 1410], [819, 1410], [819, 1539], [69, 1539]], '그권 말이 @율 줄이야', 0.03202565689165386), ([[1898, 1365], [2218, 1365], [2218, 1710], [1898, 1710]], '6', 0.9994197733686292), ([[68, 1681], [747, 1681], [747, 1815], [68, 1815]], '그림월등/기 @오이', 0.003086939531179027), ([[1639.707573812952, 995.0170475108836], [2060.495639298921, 1052.9983711428213], [1989.292426187048, 1471.9829524891163], [1567.5043607010791, 1415.0016288571787]], '사', 0.03891646057744702)]
[([[1657, 478], [2239, 478], [2239, 601], [1657, 601]], '영@ 피적트교', 0.026585230582346946), ([[1703, 597], [2241, 597], [2241, 725], [1703, 725]], '이정도면 되형니?', 0.03933605530724534), ([[60, 882], [614, 882], [614, 1009], [60, 1009]], '뜻안관 증맨', 0.060783289990045904), ([[1499, 829], [2240, 829], [2240, 956], [1499, 956]], '@어어 떼)교 이빨째', 0.00035949987002009855), ([[64, 998], [795, 998], [795, 1131], [64, 1131]], '0 맞% 량플플렉인입', 0.021134495869018666), ([[1731, 944], [2245, 944], [2245, 1077], [1731, 1077]], '때통적이 없어', 0.050144741416980006), ([[58, 1115], [725, 1115], [725, 1247], [58, 1247]], '8@문렉어 발견안', 0.004908560754206622), ([[59, 1233], [517, 1233], [517, 1367], [59, 1367]], '플미 테미터', 0.03452710282776433), ([[61, 1350], [841, 1350], [841, 1479], [61, 1479]], '@오협계 @스트때출', 0.011418996239251437), ([[1729, 1245], [2022, 1245], [2022, 1625], [1729, 1625]], '4', 0.16903290962730555)]
[([[1839, 361], [2244, 361], [2244, 486], [1839, 486]], '@핑', 0.006782487440079809), ([[583, 717], [764, 717], [764, 1034], [583, 1034]], '1', 0.5567502545139611), ([[1722, 1246], [2026, 1246], [2026, 1624], [1722, 1624]], '4', 0.2713131013255321)]
[([[2055, 393], [2256, 393], [2256, 513], [2055, 513]], '어때?', 0.22170360183129134), ([[99, 486], [438, 486], [438, 620], [99, 620]], '뵙닷', 0.05837546803634914), ([[1698, 510], [2256, 510], [2256, 636], [1698, 636]], '@ 어표올때플', 0.07069917632673545), ([[103, 606], [768, 606], [768, 732], [103, 732]], '이때로 쇠등 되램나요', 0.0056003130816228205), ([[1830, 625], [2260, 625], [2260, 753], [1830, 753]], '@표되나', 0.007822762243449688), ([[1650, 740], [2259, 740], [2259, 872], [1650, 872]], '청 피이)리@내늄', 0.0024266240580724796), ([[49, 895], [789, 895], [789, 1027], [49, 1027]], '때피맣 그림양말', 0.0009806589185229232), ([[1914, 860], [2263, 860], [2263, 986], [1914, 986]], '메스갈문', 0.0009132088744081557), ([[50, 1018], [824, 1018], [824, 1146], [50, 1146]], '때릿습예 잔물 [장체', 0.008605152377882194), ([[1726, 1243], [2031, 1243], [2031, 1625], [1726, 1625]], '4', 0.4482625649444607), ([[133, 1663], [289, 1663], [289, 1864], [133, 1864]], '예', 0.045809050360922976), ([[161, 1851], [326, 1851], [326, 2084], [161, 2084]], '0태9', 0.009716493400319196), ([[1298, 1900], [1432, 1900], [1432, 2106], [1298, 2106]], '짓', 0.07978028676112192), ([[1148, 2232], [1342, 2232], [1342, 2697], [1148, 2697]], '조', 0.5841240419004521)]
[([[2005, 288], [2163, 288], [2163, 413], [2005, 413]], '육', 0.03964855483538088), ([[65, 769], [446, 769], [446, 897], [65, 897]], '잡뜩@표예', 0.1562941571447098), ([[614, 696], [751, 696], [751, 977], [614, 977]], '(1', 0.15805838298339167), ([[69, 888], [457, 888], [457, 1012], [69, 1012]], '@피죄', 0.1415773324711541), ([[72, 1003], [753, 1003], [753, 1131], [72, 1131]], '만족소돼원다숙숙이제', 0.006045787388207896), ([[73, 1119], [410, 1119], [410, 1248], [73, 1248]], '@양미-', 0.0031562044750899076), ([[1730, 1250], [2022, 1250], [2022, 1624], [1730, 1624]], '4', 0.3678203791545833), ([[728, 1771], [783, 1771], [783, 1833], [728, 1833]], '스', 0.036813286435521064), ([[648, 1847], [701, 1847], [701, 1978], [648, 1978]], '륙', 0.009926673976183631), ([[928, 1690], [1088, 1690], [1088, 2129], [928, 2129]], '특', 0.14615628982291273)]
[([[1953, 346], [2256, 346], [2256, 470], [1953, 470]], '/물좁', 0.03593408751919428), ([[1774, 463], [2260, 463], [2260, 591], [1774, 591]], '틈플않 "등울', 0.0006667567579397102), ([[1763, 578], [2265, 578], [2265, 712], [1763, 712]], '발월물몰질', 0.005042263256250579), ([[1845, 696], [2256, 696], [2256, 820], [1845, 820]], '민장&는예', 0.011488070663006564), ([[1763, 815], [2260, 815], [2260, 938], [1763, 938]], '이렵 숙원량명', 0.034664132990805445), ([[55, 942], [720, 942], [720, 1075], [55, 1075]], '그질 @문이고싶웬', 0.0030449366584209708), ([[1692, 931], [2267, 931], [2267, 1059], [1692, 1059]], '얼써켓 완영이야', 0.021173776910993553), ([[54, 1063], [429, 1063], [429, 1187], [54, 1187]], '되뜩닷문', 0.010791015811264515), ([[1577, 1162], [2258, 1162], [2258, 1288], [1577, 1288]], '이직오늘이닷습 잔뜩', 0.0004718927415236953), ([[56, 1294], [691, 1294], [691, 1420], [56, 1420]], '(뭐 오늘하닷만@', 0.017879160085286006), ([[1632, 1277], [2269, 1277], [2269, 1411], [1632, 1411]], '워@@패 폐속', 0.018833760938450666), ([[56, 1411], [735, 1411], [735, 1539], [56, 1539]], '몰생렉음없멘', 0.007739186697776968), ([[1953, 1398], [2267, 1398], [2267, 1524], [1953, 1524]], '잘림증', 0.04859247572645919), ([[660.4881839254798, 405.0077063259293], [792.383285061924, 432.82417686881377], [718.5118160745202, 770.9922936740707], [587.616714938076, 742.1758231311862]], '(', 0.3581511121801704)]
[([[86, 511], [287, 511], [287, 626], [86, 626]], '물', 0.4410215151496608), ([[1705, 460], [2278, 460], [2278, 586], [1705, 586]], '드립이{책요', 0.004354097847787136), ([[87, 622], [664, 622], [664, 748], [87, 748]], '@습피이계밤', 0.0021770393697792515), ([[960, 483], [1246, 483], [1246, 747], [960, 747]], '((0', 0.5985343301157902), ([[80, 739], [645, 739], [645, 867], [80, 867]], '신늄중이젊--}', 0.003680491277965064), ([[82, 858], [517, 858], [517, 982], [82, 982]], '@오이국미렉', 0.006617239782318877), ([[82, 975], [515, 975], [515, 1098], [82, 1098]], '회아제', 0.0600264432935457), ([[82, 1089], [586, 1089], [586, 1217], [82, 1217]], '여째 자위해박 ', 0.008862566376601745), ([[1054, 1089], [1295, 1089], [1295, 1321], [1054, 1321]], '다', 0.09786044666001548), ([[19, 1356], [507, 1356], [507, 1488], [19, 1488]], '중애 랜람-째', 0.004413218615388263), ([[1899, 1366], [2226, 1366], [2226, 1711], [1899, 1711]], '6', 0.9992288646163985), ([[1640.7535047361425, 996.015539919319], [2069.646649343652, 1074.3313065280106], [1980.2464952638575, 1496.984460080681], [1551.353350656348, 1418.6686934719894]], '소', 0.17639112707805626), ([[234.90230235894344, 1423.0207822761065], [699.6628928921515, 1502.2957276675559], [645.0976976410566, 1744.9792177238935], [180.3371071078485, 1665.7042723324441]], '3)/', 0.26050181370858255)]
[([[1726, 380], [2244, 380], [2244, 508], [1726, 508]], '리림길이바영늄', 0.02586003184173428), ([[1804, 499], [2243, 499], [2243, 621], [1804, 621]], '예엷째나째', 0.0025619576534141003), ([[1871, 614], [2245, 614], [2245, 739], [1871, 739]], '이골로권권', 0.026287734756155003), ([[173, 767], [390, 767], [390, 887], [173, 887]], '떼', 0.0443971421554501), ([[222, 1384], [516, 1384], [516, 1674], [222, 1674]], '0', 0.3799136414254601)]
[([[1955, 294], [2232, 294], [2232, 439], [1955, 439]], '이직문', 0.0629570485275508), ([[1707, 417], [2232, 417], [2232, 567], [1707, 567]], '헌이앗없금', 0.0034487147253731707), ([[845, 474], [1282, 474], [1282, 774], [845, 774]], '((', 0.7057295940336337), ([[1656, 551], [2230, 551], [2230, 700], [1656, 700]], '@외이에리', 0.022976917599914982), ([[1954, 678], [2231, 678], [2231, 825], [1954, 825]], '표얼로', 0.5217795173193396), ([[1669, 802], [2231, 802], [2231, 958], [1669, 958]], '햇 콩기이웃', 0.01046039926001335), ([[1883, 933], [2231, 933], [2231, 1085], [1883, 1085]], '내러째', 0.004971454460619757), ([[1581, 1052], [1946, 1052], [1946, 1423], [1581, 1423]], '가', 0.0617711978790505), ([[196, 1447], [470, 1447], [470, 1597], [196, 1597]], '틀다', 0.04205263683367391), ([[451, 1534], [520, 1534], [520, 1583], [451, 1583]], '물', 0.022577947118574082), ([[530, 1446], [884, 1446], [884, 1597], [530, 1597]], '질]만', 0.03169552217780753), ([[200, 1578], [460, 1578], [460, 1719], [200, 1719]], '일텔립', 0.03374291046148627), ([[195, 1703], [692, 1703], [692, 1854], [195, 1854]], '퇴훨', 0.009924540476617368), ([[77, 2032], [622, 2032], [622, 2173], [77, 2173]], '감 불름안집-', 0.0038346004136787584), ([[76, 2156], [978, 2156], [978, 2309], [76, 2309]], '질접 빼내터 싶어줄', 0.02544757486310724), ([[1952.0947506280681, 1247.0091062149836], [2284.018163207737, 1377.9247166930504], [2101.905249371932, 1833.9908937850164], [1768.981836792263, 1704.0752833069496]], '6', 0.9994402715221895)]
[([[1436, 489], [2122, 489], [2122, 617], [1436, 617]], '이_움 죄 편할피?', 0.0027543027828768048), ([[556, 1534], [929, 1534], [929, 1858], [556, 1858]], '7', 0.07646157096803918), ([[1480, 1668], [1649, 1668], [1649, 1899], [1480, 1899]], '기', 0.5669701641925009), ([[1798, 1878], [1890, 1878], [1890, 1974], [1798, 1974]], '"', 0.44018117043041016), ([[590.2473143653577, 477.2279777959337], [783.4754156807386, 354.3247550216042], [919.7526856346423, 620.7720222040663], [726.5245843192614, 744.6752449783959]], '(', 0.9997127262466989)]
[([[1510, 190], [2295, 190], [2295, 314], [1510, 314]], '@이렵 #`증젠동연템', 4.32747811270784e-05), ([[1735, 307], [2304, 307], [2304, 435], [1735, 435]], '이태국없금내', 0.009694637926220452), ([[621, 396], [869, 396], [869, 718], [621, 718]], '(', 0.9749819392382619), ([[1366, 540], [2299, 540], [2299, 668], [1366, 668]], '-트 @젊이 심출본.내', 0.0006302999514740713), ([[1793, 657], [2304, 657], [2304, 783], [1793, 783]], '이장압리늄이)', 0.047365418537711014), ([[1258, 989], [1985, 989], [1985, 1127], [1258, 1127]], '@젠미 @오이의 넷로', 0.016908867336769863), ([[1421, 1104], [1825, 1104], [1825, 1233], [1421, 1233]], '요고심--', 0.041906615158169645), ([[1342, 1225], [1903, 1225], [1903, 1351], [1342, 1351]], '@늘론@이웃이면', 0.0038467945292178936), ([[1291, 1342], [1954, 1342], [1954, 1475], [1291, 1475]], '연뵙로 [잡 씩어', 0.019244194728446386), ([[1509, 1459], [1730, 1459], [1730, 1585], [1509, 1585]], '토쥐', 0.059656920674786375)]
[([[1964, 445], [2260, 445], [2260, 569], [1964, 569]], '얼옮', 0.004431034078293976), ([[420, 390], [893, 390], [893, 738], [420, 738]], '@', 0.03210419481434834), ([[1340, 562], [2258, 562], [2258, 683], [1340, 683]], '표 태탕_관웬외]', 0.0014155115408689344), ([[1821, 679], [2258, 679], [2258, 804], [1821, 804]], '퓨째 @때체', 0.006812910194305869), ([[1653, 912], [2263, 912], [2263, 1038], [1653, 1038]], '중0 그림내작액', 0.009410143016620392)]
[([[1474, 182], [2265, 182], [2265, 305], [1474, 305]], '잎 @ 핑페에눈이빨', 0.015762198103837364), ([[1826, 301], [2273, 301], [2273, 422], [1826, 422]], '잡@해나-', 0.006189405301638811), ([[1562, 413], [2271, 413], [2271, 539], [1562, 539]], '이렵#@선퍼히', 0.0005782264637875519), ([[394, 383], [924, 383], [924, 731], [394, 731]], '(((', 0.4687566382662174), ([[1577, 771], [2215, 771], [2215, 895], [1577, 895]], '@음 @오이매 좀비', 0.03403504939780593), ([[1655, 890], [2215, 890], [2215, 1012], [1655, 1012]], '[잘 즈위챔으면', 0.0012917370508502347), ([[1881, 1004], [2219, 1004], [2219, 1130], [1881, 1130]], '컴는데', 0.0005073001743898764), ([[1579, 1121], [2217, 1121], [2217, 1247], [1579, 1247]], '렌집움 쪽비표불패?', 0.0023623280716654734), ([[1408.2720097584981, 2073.026533691425], [1483.4915078500526, 2052.1118553644665], [1527.7279902415019, 2229.973466308575], [1453.5084921499474, 2250.8881446355335]], "'", 0.9781104335393174)]
[([[1715, 371], [2089, 371], [2089, 516], [1715, 516]], '@', 0.8953055189309111), ([[408, 395], [881, 395], [881, 690], [408, 690]], '((@=', 0.4276013970375061)]
[([[1359, 305], [2245, 305], [2245, 429], [1359, 429]], '@@에 통론동물원증', 0.0021471455882468133), ([[1326, 419], [2244, 419], [2244, 547], [1326, 547]], ')탤제 피미웨 회춥플인', 0.0016464608080568935), ([[408, 378], [900, 378], [900, 765], [408, 765]], '시@', 0.21146690493835857), ([[1464, 538], [2245, 538], [2245, 666], [1464, 666]], '@둘이 특/미 @폐질', 0.0020426919248383276), ([[1612, 655], [2250, 655], [2250, 779], [1612, 779]], '동캠물위플#어출', 0.0005492069327744147), ([[1514, 963], [2056, 963], [2056, 1097], [1514, 1097]], '@퍼 폐움빨', 0.02154669491978739)]
[([[1769, 348], [2267, 348], [2267, 472], [1769, 472]], '이~즈피하', 0.00019593747639893276), ([[405, 387], [918, 387], [918, 739], [405, 739]], '((', 0.985403157120714), ([[1342, 465], [2263, 465], [2263, 586], [1342, 586]], '때끗출답장일수있골 키회늄', 0.00030445001428017405), ([[1427, 578], [2270, 578], [2270, 711], [1427, 711]], '@ @@판잡매다때체', 0.0017908849849067403), ([[1476, 815], [2269, 815], [2269, 941], [1476, 941]], '내물잡뜩 좁훨-질렉째', 0.0015001299574462794)]
[([[1462, 118], [2052, 118], [2052, 244], [1462, 244]], '@ 그립훨이', 0.18175771233842217), ([[1293, 233], [2058, 233], [2058, 360], [1293, 360]], '긴져앞는데 @번 때올패손', 0.001620937810833346), ([[1364, 349], [2061, 349], [2061, 475], [1364, 475]], '리생 적스용쾌# 신호', 0.008412099415181227), ([[344, 330], [832, 330], [832, 694], [344, 694]], '((@', 0.29718029474905666), ([[1282, 469], [2060, 469], [2060, 597], [1282, 597]], '테이릭블 묘이 만쇼이', 0.005488218074218045), ([[1259, 1099], [1605, 1099], [1605, 1223], [1259, 1223]], '바바스@', 0.002222345909103751), ([[1141, 1212], [1729, 1212], [1729, 1345], [1141, 1345]], '이둘교픽또', 0.0040295838434042585), ([[1356, 1336], [1504, 1336], [1504, 1456], [1356, 1456]], '그끔', 0.00405015258870159)]
[([[672, 170], [774, 170], [774, 314], [672, 314]], '시', 0.04784769013908008), ([[741, 107], [1143, 107], [1143, 419], [741, 419]], '(시', 0.3037244863453956), ([[1598, 246], [2062, 246], [2062, 372], [1598, 372]], '올이용이', 0.04894159734249115), ([[1544, 360], [2064, 360], [2064, 487], [1544, 487]], '[바 질접 그럴로', 0.024241246979268175), ([[1490, 482], [2064, 482], [2064, 606], [1490, 606]], '@@멘녕올래]', 0.004740643372711183), ([[96, 572], [520, 572], [520, 694], [96, 694]], '안기래]드럽', 0.02394575988470418), ([[91, 688], [448, 688], [448, 815], [91, 815]], '생집이-없어', 0.036853147575141014), ([[910, 1844], [1202, 1844], [1202, 2204], [910, 2204]], '1', 0.6411977262895476)]
[([[74, 183], [288, 183], [288, 297], [74, 297]], '@%', 0.7970369849683141), ([[76, 291], [513, 291], [513, 418], [76, 418]], '마롭)랑이', 0.0006601016456709254), ([[1752, 299], [2055, 299], [2055, 427], [1752, 427]], '어의씨', 0.0166383452304128), ([[73, 408], [420, 408], [420, 535], [73, 535]], '@', 0.5189503619079829), ([[1518, 418], [2054, 418], [2054, 544], [1518, 544]], '이룩예 갈분?', 0.0021939809159061525), ([[70, 526], [498, 526], [498, 652], [70, 652]], '문칙롭', 0.030578652210381863), ([[72, 644], [586, 644], [586, 768], [72, 768]], '이상입 떼관이야', 0.009319268440415331), ([[671.1801948466053, 236.18019484660536], [995.9844746660154, -9.285981577783254], [1218.8198051533946, 309.81980515339467], [894.0155253339846, 556.2859815777832]], '@', 0.030412543622023946)]
[([[1507, 323], [2258, 323], [2258, 462], [1507, 462]], '어>워 때 팬기어?', 0.006895004095841817), ([[1861, 438], [2257, 438], [2257, 572], [1861, 572]], '@타프지-', 0.0006034973743519407), ([[852, 477], [1275, 477], [1275, 769], [852, 769]], '((', 0.14923683147708028), ([[1619, 552], [2257, 552], [2257, 687], [1619, 687]], '@도이진 리향음', 0.006983520877813522), ([[1630, 669], [2255, 669], [2255, 803], [1630, 803]], '@운표얼역올', 0.008985057278760422), ([[1699, 778], [2255, 778], [2255, 916], [1699, 916]], '입생캠 언템', 0.021498793632592657), ([[131, 913], [447, 913], [447, 1050], [131, 1050]], '@ 잠깐', 0.05137368004121576), ([[1624, 896], [2257, 896], [2257, 1037], [1624, 1037]], '`_렉에 끝내페', 0.0010861847843835618), ([[131, 1027], [733, 1027], [733, 1163], [131, 1163]], '[훨에 @뇨이에', 0.02057137888463181), ([[133, 1144], [700, 1144], [700, 1279], [133, 1279]], '세웨 [이렉내', 0.006654733957630624), ([[1583, 1052], [2034, 1052], [2034, 1421], [1583, 1421]], '47', 0.19610130669838424), ([[129, 1257], [747, 1257], [747, 1391], [129, 1391]], '맘옥되적 입없}', 0.005812763140909062), ([[132, 1372], [878, 1372], [878, 1517], [132, 1517]], '로 _어외으페', 0.0007159700407143501), ([[174, 1687], [527, 1687], [527, 1907], [174, 1907]], '때전상', 0.014934472194289996), ([[1790.962718771965, 1406.0506473164971], [2195.9201963476817, 1335.0758503980746], [2231.0372812280348, 1688.9493526835029], [1826.0798036523183, 1759.9241496019254]], '6', 0.9998532587482067)]
[([[738, 104], [1138, 104], [1138, 418], [738, 418]], '(((', 0.35073447206324626), ([[1398, 274], [2054, 274], [2054, 396], [1398, 396]], '이까국말닷멘 이권', 0.006078811058060314), ([[72, 430], [380, 430], [380, 554], [72, 554]], '당연의', 0.12452058612938323), ([[1468, 390], [2058, 390], [2058, 514], [1468, 514]], '돼택 테이블` 문움', 0.009742565606145618), ([[72, 542], [554, 542], [554, 668], [72, 668]], '웬권램훨하', 0.0008969979209335965), ([[1439, 507], [2058, 507], [2058, 633], [1439, 633]], '덩어리내짜 물기이-', 0.03283394028039061), ([[72, 664], [472, 664], [472, 786], [72, 786]], '질@금', 0.003916370904219702), ([[1498, 624], [2062, 624], [2062, 748], [1498, 748]], '엔때 플@앗', 0.0248174052690227), ([[70, 777], [691, 777], [691, 904], [70, 904]], '뒷믿음 신형쓰-뇨', 0.04861481847080482), ([[1410, 740], [2060, 740], [2060, 866], [1410, 866]], '진금증지 계점정이', 0.002526974799305618), ([[1560, 858], [2060, 858], [2060, 982], [1560, 982]], '@)예 올질-', 0.0548933485988793), ([[1494, 971], [2061, 971], [2061, 1098], [1494, 1098]], '웬험활교로왜는데', 0.0013832351613071157), ([[1574, 1091], [2060, 1091], [2060, 1213], [1574, 1213]], '그래로괜찮8', 0.1056466503166723)]
[([[672, 166], [774, 166], [774, 316], [672, 316]], '시', 0.09756475968228617), ([[736, 100], [1147, 100], [1147, 416], [736, 416]], '((@', 0.5111057175385767), ([[1636, 220], [2008, 220], [2008, 345], [1636, 345]], '& &8', 0.10472407606483704), ([[484, 1770], [894, 1770], [894, 2180], [484, 2180]], '지', 0.004677307851125079), ([[1310, 2078], [1432, 2078], [1432, 2220], [1310, 2220]], '"', 0.8222353835871878)]
[([[47, 405], [393, 405], [393, 561], [47, 561]], '떼 이', 0.15340957449716922), ([[362, 496], [450, 496], [450, 544], [362, 544]], '물)', 0.08532732496739677), ([[1485, 354], [2055, 354], [2055, 513], [1485, 513]], '@어질! @양밟', 0.0009751117365905093), ([[42, 563], [572, 563], [572, 719], [42, 719]], '때라피', 0.008869138258813048), ([[1427, 511], [2051, 511], [2051, 667], [1427, 667]], '질 대미렉템', 0.0021290200971568096), ([[35, 718], [595, 718], [595, 880], [35, 880]], '라뻐트어어_', 0.014331497174025935), ([[1443, 669], [2053, 669], [2053, 825], [1443, 825]], '이페 @쇄 여문', 0.04499333151905998), ([[1466, 831], [2055, 831], [2055, 984], [1466, 984]], '패붙 중이', 0.009578050881121168), ([[711, 1961], [873, 1961], [873, 2323], [711, 2323]], '중', 0.00528591311308535), ([[804.668858492311, 154.0938453046565], [1096.085648248527, 86.33043168848249], [1134.331141507689, 335.9061546953435], [842.9143517514732, 403.6695683115175]], '((0', 0.9318052993054642), ([[1023.9478725356647, 1877.016282901972], [1232.6016756788213, 1756.0053241466032], [1492.0521274643352, 2267.9837170980277], [1283.3983243211787, 2388.9946758533965]], '닭', 0.007526243879631134)]
[([[44, 220], [864, 220], [864, 368], [44, 368]], '계완때로 이레 잡교-', 0.0037870408622994087), ([[911, 151], [1111, 151], [1111, 307], [911, 307]], '(0', 0.9586922555814738), ([[44, 378], [754, 378], [754, 526], [44, 526]], '이렌 맛견- @', 0.013421178335459368), ([[1644, 476], [2022, 476], [2022, 576], [1644, 576]], "견림기만'기?", 0.006684780086888413), ([[44, 538], [634, 538], [634, 684], [44, 684]], '평-답 짓위로', 0.009518700761845675), ([[47, 694], [850, 694], [850, 843], [47, 843]], '맥족렉롭언 텔회화_', 0.002379288796289301), ([[45, 855], [311, 855], [311, 995], [45, 995]], '@', 0.9708305460868729), ([[288, 932], [393, 932], [393, 987], [288, 987]], '출료', 0.000958103493440629), ([[711, 1961], [873, 1961], [873, 2323], [711, 2323]], '품', 0.0039737902540262215), ([[1009.8279831648701, 1878.0190831615123], [1223.6270825439533, 1744.0054619770851], [1501.1720168351299, 2256.9809168384877], [1287.3729174560467, 2389.994538022915]], '겁', 0.0036781959291115746)]
[([[83, 173], [417, 173], [417, 309], [83, 309]], '@', 0.32413974475220186), ([[792, 110], [1134, 110], [1134, 482], [792, 482]], '새', 0.5435289938980681), ([[76, 307], [598, 307], [598, 478], [76, 478]], '대미 째로', 0.030908933702008017), ([[79, 487], [401, 487], [401, 627], [79, 627]], '품히표령', 0.010948145762085915), ([[1483, 459], [2047, 459], [2047, 571], [1483, 571]], '마음예 틀어진질해핑', 0.007882898664260922), ([[84, 646], [712, 646], [712, 790], [84, 790]], '행 이양 식권팎', 0.010613861296571754), ([[703, 1956], [879, 1956], [879, 2326], [703, 2326]], '탑', 0.004732028726462334), ([[1022.9478725356647, 1876.016282901972], [1229.6016756788213, 1755.0053241466032], [1493.0521274643352, 2266.9837170980277], [1286.3983243211787, 2387.9946758533965]], '이', 0.005603340148813141)]
[([[239, 199], [308, 199], [308, 433], [239, 433]], '8', 0.3876028033073595), ([[1507, 206], [2084, 206], [2084, 400], [1507, 400]], '@@-양', 0.01576271839439869), ([[1640, 364], [2085, 364], [2085, 541], [1640, 541]], '커자', 0.0026227828116763565), ([[909.9053535945084, -48.98423027056024], [1373.6532324829884, 59.85287052189801], [1287.0946464054916, 373.98423027056026], [822.3467675170116, 263.147129478102]], '빠', 0.010839356485817186), ([[1299.905250286339, 188.02498127082194], [1562.266709822457, 257.04491018009884], [1503.094749713661, 454.9750187291781], [1241.733290177543, 385.95508981990116]], '~선', 0.010874984429389657), ([[1195.3218289188292, 1838.010000348311], [1364.3930711622663, 1809.6412258064372], [1426.6781710811708, 2222.9899996516892], [1257.6069288377337, 2252.358774193563]], '출', 0.2183136964007737)]
[([[1791, 95], [2075, 95], [2075, 207], [1791, 207]], '흙이오', 0.25680857179508554), ([[81, 288], [690, 288], [690, 390], [81, 390]], '앞으로국여리마지원험안', 0.025694082501839816), ([[791, 101], [1139, 101], [1139, 463], [791, 463]], '새', 0.2465953416858193), ([[1457, 187], [2082, 187], [2082, 411], [1457, 411]], '알요로때늄선', 0.0003271503930183702), ([[81, 386], [707, 386], [707, 494], [81, 494]], '프로미램 실험애물-진', 0.0013657049887407435), ([[1464, 399], [2071, 399], [2071, 502], [1464, 502]], '오늘음여까지멘때출계', 0.1744414789413154), ([[1251, 437], [1315, 437], [1315, 591], [1251, 591]], '텅', 0.23781700452695365), ([[34, 603], [598, 603], [598, 708], [34, 708]], '견립로@아웃켜출되', 0.0027770784180857376), ([[1710, 614], [2016, 614], [2016, 714], [1710, 714]], '예@`', 0.05114513051886331), ([[34, 704], [696, 704], [696, 806], [34, 806]], '좁어운플렉시백되로록@', 0.009651327537461462), ([[1142, 1820], [1242, 1820], [1242, 2055], [1142, 2055]], '특', 0.03642439539853215), ([[862, 1926], [966, 1926], [966, 2176], [862, 2176]], '붕', 0.037396457658297244)]
[([[529, 402], [764, 402], [764, 664], [529, 664]], '시', 0.6881371297145087), ([[929, 389], [1622, 389], [1622, 779], [929, 779]], '(@넷', 0.23527926390505743), ([[1459, 1235], [2281, 1235], [2281, 1403], [1459, 1403]], '@-이 @이프스렉내 ', 0.06431290449534861), ([[1867, 1415], [2275, 1415], [2275, 1567], [1867, 1567]], '팅 월뇨', 0.016432621034857972), ([[1771.1218571837176, 729.0429432739202], [1927.8513331899292, 772.3709202717922], [1903.8781428162824, 848.9570567260798], [1747.1486668100708, 805.6290797282078]], '0 0', 0.6639593243598938), ([[158.0308884931453, 1459.2471079451627], [349.36940063846214, 1329.1778828589686], [497.9691115068547, 1602.7528920548373], [306.63059936153786, 1732.8221171410314]], '8', 0.9226676582802753)]
[([[1707, 376], [2276, 376], [2276, 504], [1707, 504]], '젠예자영되없올', 0.0014313888175578467), ([[1687, 494], [2279, 494], [2279, 622], [1687, 622]], '념[신울하하이닥', 0.001579327549984167), ([[861, 487], [1270, 487], [1270, 758], [861, 758]], '((', 0.3899493929883926), ([[1478, 610], [2276, 610], [2276, 737], [1478, 737]], '객요렉스생활어 닮', 0.0014886827312232014), ([[1519, 730], [2273, 730], [2273, 854], [1519, 854]], '이권그런@쓰이 미학', 0.002135077017649014), ([[1536, 843], [2278, 843], [2278, 971], [1536, 971]], '폐입테미블`@ 뺨', 0.0044591212937207325), ([[61, 940], [526, 940], [526, 1064], [61, 1064]], '이렇로같이제', 0.10014545419979397), ([[1782, 962], [2278, 962], [2278, 1083], [1782, 1083]], '분분지 중점-로', 0.23688449710438608), ([[58, 1055], [779, 1055], [779, 1190], [58, 1190]], '때콜 마음때로 합습있눕', 0.014410239570846091), ([[1538, 1078], [2276, 1078], [2276, 1205], [1538, 1205]], '리프기쾌망입 오렌지닐', 0.005231555846723576), ([[54, 1175], [617, 1175], [617, 1299], [54, 1299]], '존각 된`화-', 0.014718296453666943), ([[1930, 1192], [2286, 1192], [2286, 1324], [1930, 1324]], '@이렉스야', 0.11387531482286058), ([[57, 1406], [690, 1406], [690, 1534], [57, 1534]], '사 예람신음 그램', 0.015246053539240632), ([[55, 1519], [863, 1519], [863, 1659], [55, 1659]], '돼없마분터 초} 눈째째', 0.003774899306102564), ([[1895, 1368], [2221, 1368], [2221, 1711], [1895, 1711]], '6', 0.9980275829883709), ([[55, 1638], [574, 1638], [574, 1773], [55, 1773]], '못이잘만 말야', 0.017823623240303284)]
[([[1593, 488], [2214, 488], [2214, 620], [1593, 620]], '@(제블@밟', 0.0060317547435382824), ([[845, 471], [1284, 471], [1284, 921], [845, 921]], '@', 0.07016987788364659), ([[1925, 607], [2213, 607], [2213, 731], [1925, 731]], '정신협', 0.009921187102021282), ([[96, 768], [574, 768], [574, 881], [96, 881]], '또|', 0.0020995274114351584), ([[185, 1382], [475, 1382], [475, 1687], [185, 1687]], '8', 0.9155001993713228), ([[1895, 1366], [2221, 1366], [2221, 1711], [1895, 1711]], '6', 0.9995205977078427), ([[1658.8252777787498, 999.0140833738624], [2075.6201523141835, 1105.8230974540618], [1961.1747222212502, 1513.9859166261376], [1544.3798476858165, 1407.1769025459382]], '서', 0.01058253630569933)]
[([[1661, 164], [2226, 164], [2226, 292], [1661, 292]], '@빵 딩물이준 ?', 0.013547763300028682), ([[1309, 281], [2224, 281], [2224, 409], [1309, 409]], '짓름엔웬반 액께 붐#이악', 0.0005267331762150376), ([[1785, 400], [2224, 400], [2224, 521], [1785, 521]], '회혼딩점독', 0.012066449503029805), ([[1700, 517], [2228, 517], [2228, 645], [1700, 645]], '영운이  내이닐', 0.001793028482301921), ([[851, 471], [1286, 471], [1286, 910], [851, 910]], '@', 0.1642663919649232), ([[1897, 633], [2228, 633], [2228, 759], [1897, 759]], '외늘이탕', 0.008388283662497997), ([[1791, 748], [2226, 748], [2226, 874], [1791, 874]], '때방 @또있남', 0.0029474165604545534), ([[1728, 867], [2226, 867], [2226, 990], [1728, 990]], '[위렉교 락값', 0.0013621026615080346), ([[1566, 981], [2230, 981], [2230, 1109], [1566, 1109]], '떼"울들어째', 0.043347973706531866), ([[171, 1225], [355, 1225], [355, 1351], [171, 1351]], '@하', 0.008233299463260612), ([[1585, 1127], [1855, 1127], [1855, 1410], [1585, 1410]], '5', 0.9049203663464631), ([[166, 1337], [1101, 1337], [1101, 1469], [166, 1469]], '피억움 /어쨌운비 성공&내', 0.0031009255746839983), ([[168, 1456], [1013, 1456], [1013, 1589], [168, 1589]], '앞 그립양분립 분렉할-?', 0.003996072206900935), ([[1897, 1364], [2221, 1364], [2221, 1711], [1897, 1711]], '6', 0.9994302607697705), ([[85, 1715], [709, 1715], [709, 1841], [85, 1841]], '손롭표얼이락훨}', 0.002568892764598673), ([[84, 1826], [653, 1826], [653, 1962], [84, 1962]], '_소핑랜0탕', 0.000364986144303125), ([[85, 1949], [480, 1949], [480, 2072], [85, 2072]], '퓨째 주애', 0.006501645827980417)]
[([[109, 300], [922, 300], [922, 435], [109, 435]], '떼뇨 짓이젠 @오이 {@물', 0.0028890289876267435), ([[107, 418], [795, 418], [795, 554], [107, 554]], '실제로로닮여움애폐', 0.004690336136481581), ([[1532, 454], [2265, 454], [2265, 580], [1532, 580]], '그림예 @집 해인장퇴적', 0.0040276277649666575), ([[113, 538], [727, 538], [727, 662], [113, 662]], '@텔의 요등학교에', 0.0019107966297461346), ([[2048, 573], [2267, 573], [2267, 694], [2048, 694]], '@려체', 0.033231816150109623), ([[117, 655], [671, 655], [671, 776], [117, 776]], '다년다편 실제로로', 0.04886645847696123), ([[863, 472], [1285, 472], [1285, 935], [863, 935]], '@', 0.24604526109341407), ([[108, 771], [696, 771], [696, 897], [108, 897]], '챔만3플없', 0.0008929456508130286), ([[1728, 795], [2029, 795], [2029, 923], [1728, 923]], '얼마륙', 0.03230580156572706), ([[110, 888], [612, 888], [612, 1014], [110, 1014]], '연쨌지로 @리쥐', 0.007605378604771969), ([[1539, 909], [2222, 909], [2222, 1045], [1539, 1045]], '젊 데이립]등상@에', 0.0003976461883957049), ([[181, 1120], [361, 1120], [361, 1235], [181, 1235]], '동@', 0.025181543753565107), ([[1041, 1099], [1291, 1099], [1291, 1332], [1041, 1332]], '다', 0.10022551773900634), ([[1564, 1044], [2028, 1044], [2028, 1472], [1564, 1472]], '스스', 0.12026767760800118), ([[184, 1381], [508, 1381], [508, 1688], [184, 1688]], '8', 0.9603384715398455), ([[1897, 1364], [2221, 1364], [2221, 1711], [1897, 1711]], '6', 0.9993401662541146)]
[([[1564, 180], [2276, 180], [2276, 305], [1564, 305]], '그림스속 불름안적이량', 0.008563970043737441), ([[1703, 298], [2278, 298], [2278, 424], [1703, 424]], '돌이불핏 모량의', 0.016230582941270524), ([[48, 419], [554, 419], [554, 547], [48, 547]], '3 .이탤', 0.004014443398553658), ([[1748, 417], [2276, 417], [2276, 539], [1748, 539]], '회캠플인켓안', 0.0011256392991672132), ([[48, 538], [560, 538], [560, 658], [48, 658]], '@질미 @오이량', 0.08466046135961645), ([[1599, 532], [2276, 532], [2276, 658], [1599, 658]], '@실의 _늄 합습 어분', 0.012938828421943013), ([[50, 653], [709, 653], [709, 781], [50, 781]], '비어면-슴이 _이', 0.008369210141214209), ([[837, 468], [1289, 468], [1289, 918], [837, 918]], '@', 0.22795048991455147), ([[1836, 651], [2284, 651], [2284, 776], [1836, 776]], '일월때뵈이지', 0.005260542921999036), ([[50, 771], [487, 771], [487, 899], [50, 899]], '지립렉이', 0.01054271962493658), ([[50, 886], [582, 886], [582, 1012], [50, 1012]], '때바 개초@바택', 0.007511786507477414), ([[50, 1003], [457, 1003], [457, 1129], [50, 1129]], '본줄테신-', 0.010992879240315685), ([[50, 1121], [480, 1121], [480, 1243], [50, 1243]], '그골로비표체', 0.09184511129183243), ([[1574, 1031], [2046, 1031], [2046, 1434], [1574, 1434]], "4'", 0.19629469083357415), ([[31, 1357], [707, 1357], [707, 1485], [31, 1485]], '또애잠관 피미질쥐', 0.004220183659960273), ([[1897, 1366], [2221, 1366], [2221, 1711], [1897, 1711]], '6', 0.9985025770564704), ([[1037.1738310539015, 1103.0596151246925], [1272.8300721250084, 1066.62258566619], [1295.8261689460985, 1311.9403848753075], [1060.1699278749916, 1349.37741433381]], '9', 0.1428445901068507), ([[239.00802311439782, 1425.0182287116204], [665.3794255580698, 1534.2444889691485], [598.9919768856022, 1750.9817712883796], [172.62057444193022, 1641.7555110308515]], '3)|', 0.12658608509298244)]
