2391981
39
[([[12, 11], [408, 11], [408, 103], [12, 103]], '[아---장시', 0.00017376905345335575)]
[([[12, 11], [408, 11], [408, 103], [12, 103]], '[아---4시', 0.00015045643186535124)]
[([[12, 11], [408, 11], [408, 103], [12, 103]], '[아---4시', 0.00015045643186535124), ([[1656, 1219], [1788, 1219], [1788, 1329], [1656, 1329]], '1', 0.11508057247181203)]
[([[12, 11], [408, 11], [408, 103], [12, 103]], '[아---장시', 0.00016198842489284628), ([[1659, 1225], [1790, 1225], [1790, 1328], [1659, 1328]], '1', 0.07819300656644046)]
[([[12, 11], [408, 11], [408, 103], [12, 103]], '[아---4시', 0.00015045643186535124)]
[([[12, 11], [408, 11], [408, 103], [12, 103]], '[아---장시', 0.00010397897691886788)]
[([[12, 11], [408, 11], [408, 103], [12, 103]], '[아-설--장시', 8.502046451566996e-05)]
[([[12, 11], [408, 11], [408, 103], [12, 103]], '[아굉설--장시', 5.861939880541118e-05)]
[([[12, 11], [408, 11], [408, 103], [12, 103]], '[아굉설--장시', 5.861939880541118e-05)]
[([[12, 11], [408, 11], [408, 103], [12, 103]], '[아굉설--장시', 5.861939880541118e-05)]
[([[12, 11], [408, 11], [408, 103], [12, 103]], '[아굉설--장시', 5.861939880541118e-05)]
[([[12, 11], [408, 11], [408, 103], [12, 103]], '[아---장시', 9.838767455400492e-05)]
[([[12, 11], [408, 11], [408, 103], [12, 103]], '[아-설--장시', 4.416966942582437e-05)]
[([[12, 11], [408, 11], [408, 103], [12, 103]], '[아내.--장시', 4.817264153237979e-05), ([[1654.682613477326, 1234.3987152570362], [1828.3852802885358, 1185.6117126577274], [1852.317386522674, 1302.6012847429638], [1678.6147197114642, 1351.3882873422726]], '_', 0.005771428678308377)]
[([[12, 11], [410, 11], [410, 103], [12, 103]], '[아-설--장시', 6.803650261848524e-05), ([[1650.4080078298782, 1223.2256446303054], [1832.4959330941474, 1183.283872505276], [1851.5919921701218, 1309.7743553696946], [1668.5040669058526, 1350.716127494724]], '__', 0.028075522862957406)]
[([[12, 11], [408, 11], [408, 103], [12, 103]], '[아-설--장시', 7.12082856665858e-05)]
[([[12, 14], [407, 14], [407, 102], [12, 102]], '[기-디--장시', 9.781423942174813e-05)]
[([[12, 14], [407, 14], [407, 102], [12, 102]], '[)-디-:장시', 4.929614920787978e-05), ([[294, 1360], [394, 1360], [394, 1424], [294, 1424]], '8', 0.7483841330015117), ([[273, 1564], [424, 1564], [424, 1654], [273, 1654]], '자지흘', 0.22638971286437326), ([[1522, 2780], [1926, 2780], [1926, 2871], [1522, 2871]], '[0[-::', 0.00881262885847985), ([[674.0759931346034, 973.0535409575899], [837.853665352632, 1006.4768649013077], [820.9240068653966, 1074.94645904241], [657.146334647368, 1041.5231350986924]], '(코니나', 0.2258813977241516), ([[837.241527258976, 1007.0360362192483], [1086.9959718023629, 1063.7461596253218], [1068.758472741024, 1127.9639637807516], [819.004028197637, 1072.2538403746782]], '아포니아의', 0.6236012362769667), ([[1087.1555692331383, 1048.0357169510307], [1335.9430915391981, 1101.9346687636573], [1313.8444307668617, 1185.9642830489693], [1064.0569084608019, 1131.0653312363427]], '심리상담실', 0.9981855977387032), ([[1333.0946425395748, 1096.0410679353229], [1552.8491725630709, 1140.2697399551362], [1530.9053574604252, 1225.9589320646771], [1311.1508274369291, 1182.7302600448638]], '이용규정)', 0.9728182008126409), ([[359.1106806202549, 1252.0396229468554], [576.9315060432288, 1303.831587524326], [553.8893193797451, 1383.9603770531446], [336.06849395677125, 1332.168412475674]], '기본적으론', 0.7791457735911059), ([[573.104466528811, 1311.04466528811], [801.9430406022103, 1355.989047584098], [782.895533471189, 1428.95533471189], [554.0569593977897, 1384.010952415902]], '비대면으로', 0.9714545232599221), ([[801.1411165784699, 1352.0369523102506], [1047.9459265250164, 1405.9614695194762], [1024.8588834215302, 1487.9630476897494], [779.0540734749837, 1434.0385304805238]], '진행합니다', 0.9753745285869352), ([[320.97228394637955, 1407.058870333502], [467.7172476178261, 1438.7617877738014], [449.02771605362045, 1511.941129666498], [302.2827523821739, 1481.2382122261986]], '하지만', 0.9975941104261214), ([[468.23885565740017, 1430.0290091119423], [742.9968764640812, 1501.750078088398], [717.7611443425998, 1580.9709908880577], [443.00312353591875, 1509.249921911602]], '특별상담으로', 0.9969756320102825), ([[741.1555692331382, 1496.0357169510307], [982.9637612978114, 1553.1494350111625], [959.8444307668618, 1633.9642830489693], [717.0362387021886, 1575.8505649888375]], '대면상담올', 0.4184364603355995), ([[981.282292999454, 1551.0286624931748], [1252.9971276252024, 1618.772635763984], [1229.717707000546, 1693.9713375068252], [958.0028723747976, 1626.227364236016]], '이용할시에눈', 0.30758587785281993), ([[434.3044124322612, 1581.0269203761693], [726.9995439741244, 1652.9094005640188], [703.6955875677388, 1727.9730796238307], [411.00045602587556, 1656.0905994359812]], '깨끗하계짓고', 0.21539111518006285), ([[725.1218571837177, 1650.0429432739202], [913.8990626773985, 1693.6558707414347], [892.8781428162823, 1769.9570567260798], [704.1009373226015, 1725.3441292585653]], '소독악올', 0.30043303966522217), ([[908.8836873886971, 1699.069499109577], [1054.4956510111922, 1720.0294926534293], [1040.1163126113029, 1796.930500890423], [894.5043489888079, 1775.9705073465707]], '바른후', 0.9896081401569697), ([[255.81052651918083, 1704.0789488938562], [358.8710887200977, 1717.6358319967776], [345.1894734808192, 1796.9210511061438], [242.1289112799023, 1782.3641680032224]], '1일', 0.9962073762852457), ([[352.0061162653264, 1727.0550463879374], [535.7924134804659, 1759.0781609878763], [518.9938837346737, 1834.9449536120626], [335.20758651953406, 1802.9218390121237]], '1사정이', 0.9936802983283997), ([[1052.982685472117, 1734.0649466825132], [1202.6395046724444, 1755.6255593585645], [1189.017314527883, 1827.9350533174868], [1039.3604953275556, 1806.3744406414355]], '이용해', 0.9995227103134425), ([[535.2335635976378, 1758.0326940923635], [767.9821782787574, 1817.433896326969], [744.7664364023622, 1892.9673059076365], [512.0178217212426, 1833.566103673031]], '원칙입니다', 0.7707113479910405), ([[1202.1821112670282, 1768.04794576974], [1361.9313371682417, 1805.0219585590826], [1343.8178887329718, 1866.95205423026], [1185.0686628317583, 1829.9780414409174]], '주세요', 0.9956611261624094), ([[240.30973151003735, 1775.0265096304859], [563.0, 1849.0], [541.6902684899626, 1922.9734903695141], [218.0, 1849.0]], '다음사람울위해', 0.7514766233447217), ([[554.0061162653263, 1846.0550463879374], [698.6537155287674, 1876.5275098489235], [679.9938837346737, 1953.9449536120626], [534.3462844712326, 1923.4724901510765]], '규정올', 0.9582872497993472), ([[696.2516257571808, 1889.040119541782], [913.9858693492993, 1934.555444677772], [896.7483742428192, 1995.959880458218], [680.0141306507007, 1949.444555322228]], '지켜주세요', 0.9989233559165268)]
[([[12, 14], [407, 14], [407, 100], [12, 100]], '[)내.-서장시', 0.0002860044421742483), ([[1238, 1044], [1309, 1044], [1309, 1095], [1238, 1095]], '0', 0.8368399344323194), ([[1480, 1096], [1509, 1096], [1509, 1136], [1480, 1136]], '8', 0.2655889236566509), ([[285, 1396], [367, 1396], [367, 1458], [285, 1458]], '*', 0.3248418977966736), ([[590, 1386], [742, 1386], [742, 1474], [590, 1474]], "7+'5 _", 0.1981119809199768), ([[412, 1483], [472, 1483], [472, 1538], [412, 1538]], '14', 0.1612285409771186), ([[463, 1507], [565, 1507], [565, 1568], [463, 1568]], '덕어0', 0.00979212456648324), ([[807, 1577], [958, 1577], [958, 1665], [807, 1665]], '+0 %', 0.40455673252333435), ([[540, 1787], [593, 1787], [593, 1846], [540, 1846]], "'-", 0.19291577537934312), ([[603, 1818], [636, 1818], [636, 1853], [603, 1853]], '9', 0.9155575732367573), ([[645, 1819], [749, 1819], [749, 1881], [645, 1881]], '*6', 0.04827944985691226), ([[881, 1882], [918, 1882], [918, 1922], [881, 1922]], '9', 0.868100304479217), ([[679.3069630690812, 921.0300752944345], [965.9982883021902, 982.8345181730581], [946.6930369309188, 1051.9699247055655], [660.0017116978098, 989.1654818269419]], '맛서9신볕#+아<$', 3.064940709471194e-06), ([[966.9959964937677, 976.0723758069976], [1059.7436283979193, 1002.122907559342], [1042.0040035062323, 1058.9276241930024], [949.2563716020807, 1032.8770924406579]], '뉴아*', 0.19016168402386688), ([[1058.951362344004, 995.0789914704267], [1155.6991708310343, 1017.9699482330199], [1140.048637655996, 1074.9210085295733], [1043.3008291689657, 1052.03005176698]], '+@', 0.053850844283469146), ([[680.2706989881711, 981.0295975545049], [991.9988591970223, 1048.8567060637417], [970.7293010118289, 1121.9704024454952], [660.0011408029777, 1054.1432939362583]], '[째덧~어치히/', 3.1520723004310484e-05), ([[1153.98022872944, 1031.1050979013119], [1238.7764294534568, 1045.5215813596444], [1230.01977127056, 1088.8949020986881], [1145.2235705465432, 1074.4784186403556]], '0째6', 0.002512123482568623), ([[1318.086474619004, 1046.052329185335], [1488.9302229814525, 1084.9456928984196], [1471.913525380996, 1148.947670814665], [1300.0697770185475, 1110.0543071015804]], "서권아,형'", 0.00021325447044731293), ([[988.3300922577378, 1033.0280978670799], [1240.999459221955, 1101.9069830323028], [1219.6699077422622, 1167.9719021329201], [967.000540778045, 1099.0930169676972]], '여어0적하긋7양', 8.358848881011471e-05), ([[1233.228115598632, 1107.0599398312445], [1376.9856741710946, 1137.6217764421929], [1365.771884401368, 1180.9400601687555], [1222.0143258289054, 1149.3782235578071]], '*어어항$', 0.008206237971906484), ([[372.31497009166014, 1311.0261082007482], [610.9973458286336, 1388.781440992017], [583.6850299083399, 1459.9738917992518], [346.00265417136643, 1383.218559007983]], '[#하<히시>,', 9.03639645208768e-05), ([[754.586522034719, 1417.0122223867509], [1247.946585743462, 1539.136897162135], [1229.4134779652811, 1599.9877776132491], [735.053414256538, 1478.863102837865]], ',아-두#~.-+0-뉴#<.', 0.00025654938670282033), ([[298.9953585086709, 1446.0633322185], [417.72247608119585, 1474.9111335190207], [400.0046414913291, 1540.9366677815], [280.27752391880415, 1512.0888664809793]], '30+,', 0.07916586101055145), ([[570.1360026099594, 1526.0752148767685], [666.8564865581599, 1545.8106563531037], [655.8639973900406, 1592.9247851232315], [559.1435134418401, 1572.1893436468963]], '반즌', 0.000828586581568243), ([[670.0675452416649, 1536.048434319983], [826.816700604649, 1575.1928501866248], [804.9324547583351, 1649.951565680017], [648.183299395351, 1611.8071498133752]], '9의7그', 0.00033895004889927804), ([[263.0077221232863, 1578.0617769862906], [431.8499905641687, 1607.4580375677526], [416.9922778767137, 1673.9382230137094], [248.1500094358313, 1643.5419624322474]], '꾸서5.', 0.0006395058007910848), ([[963.0625747279902, 1620.0630529871278], [1147.9311451993915, 1650.0205990479121], [1135.9374252720097, 1707.9369470128722], [950.0688548006084, 1677.9794009520879]], '오꾸칭~히|', 0.00020957981611950777), ([[431.95136234400405, 1628.0789914704267], [566.7568515934095, 1648.17107776419], [555.048637655996, 1707.9210085295733], [420.2431484065906, 1687.82892223581]], '담댁째^', 0.0004817754088435322), ([[565.0136060761679, 1662.081636457007], [686.7727603578923, 1679.364384565264], [675.9863939238321, 1733.918363542993], [555.2272396421077, 1716.635615434736]], '>어~*', 0.00033944976166822016), ([[1153.3587765501088, 1636.0228717015234], [1425.9815918195238, 1723.4246667161872], [1399.6412234498912, 1793.9771282984766], [1127.0184081804762, 1706.5753332838128]], '<어0적하라<9', 0.00012550022171204978), ([[692.0868184120003, 1675.0598199312021], [806.7413411432972, 1701.1147096802642], [789.9131815879997, 1764.9401800687979], [675.2586588567028, 1737.8852903197358]], '헤~쪽', 0.00190968251035338), ([[240.3044124322612, 1699.0269203761693], [535.9987585487652, 1774.850518960984], [512.6955875677388, 1845.9730796238307], [217.0012414512348, 1770.149481039016]], '트#<-#+아"', 2.548986598147354e-05), ([[805.9696913521816, 1705.066623411798], [933.7358189527627, 1732.9611019814424], [917.0303086478184, 1797.933376588202], [789.2641810472373, 1771.0388980185576]], '>+', 0.011267537307902628), ([[935.449583267077, 1727.0189573726161], [1298.980214796881, 1819.4377084424962], [1277.550416732923, 1887.9810426273839], [914.0197852031189, 1794.5622915575038]], '히도;,껍애~+댁동+!', 6.66776804409779e-06), ([[242.28940418390624, 1768.0361610022812], [409.99897165522145, 1821.8800176287675], [388.71059581609376, 1879.9638389977188], [221.00102834477855, 1825.1199823712325]], ':서반5.', 0.0005315883707238789), ([[413.17960583409956, 1806.0421765907658], [540.98328322499, 1857.483096769605], [513.8203941659004, 1918.9578234092342], [386.01671677500997, 1867.516903230395]], '니@.왜', 0.0006727964500896633), ([[755.2281155986319, 1843.0599398312445], [880.9613893835683, 1871.379826327054], [867.7718844013681, 1916.9400601687555], [743.0386106164317, 1888.620173672946]], '기,<령', 0.0002897916710935533), ([[533.9426902392719, 1841.0701767945388], [638.5894663844041, 1865.4701778718652], [621.0573097607281, 1931.9298232054612], [515.4105336155959, 1906.5298221281348]], '+@', 0.1518191654813911), ([[938.2269793174761, 1864.0428138572847], [1038.9828273277028, 1911.509977029635], [1010.7730206825239, 1967.9571861427153], [911.0171726722971, 1920.490022970365]], '헤맑>', 0.00030164307384804095), ([[637.2272685141362, 1872.0499675588485], [766.9522904480976, 1907.2448586744952], [749.7727314858638, 1960.9500324411515], [621.0477095519024, 1925.7551413255048]], '*0흔', 0.010968453636168525), ([[772.1098497881025, 1898.0568283471991], [868.8974535409882, 1933.8062099640597], [846.8901502118975, 1989.9431716528009], [751.1025464590118, 1954.1937900359403]], '+아*', 0.017802310269666336), ([[871.0625747279902, 1922.0630529871278], [971.7636445772088, 1950.1963614460776], [952.9374252720098, 2009.9369470128722], [853.2363554227912, 1981.8036385539224]], '+공', 0.012843790452639796), ([[968.0446053670523, 1963.076553275724], [1099.8581726560528, 1983.7031526181256], [1089.9553946329477, 2036.923446724276], [957.141827343947, 2015.2968473818744]], ',.*+', 0.01243092305958271), ([[1101.2370141040878, 1995.0487100118849], [1285.983075693773, 2032.549660969286], [1272.7629858959122, 2084.951289988115], [1088.016924306227, 2047.450339030714]], '명라*째아풀', 0.0006726204568444864)]
[([[12, 11], [408, 11], [408, 103], [12, 103]], '[아-설--장시', 4.805818181836692e-05)]
[([[12, 11], [408, 11], [408, 103], [12, 103]], '[아-설--장시', 8.6479934814661e-05)]
[([[12, 11], [408, 11], [408, 103], [12, 103]], '[아-설--장시', 4.805818181836692e-05)]
[([[12, 11], [408, 11], [408, 103], [12, 103]], '[아---시시', 7.613006410559986e-05)]
[([[12, 11], [408, 11], [408, 103], [12, 103]], '[아-설--장시', 4.805818181836692e-05)]
[([[12, 11], [408, 11], [408, 103], [12, 103]], '[아-설--장시', 4.805818181836692e-05)]
[([[12, 11], [408, 11], [408, 102], [12, 102]], '[아내설-서장시', 8.848216199186091e-05)]
[([[12, 11], [408, 11], [408, 103], [12, 103]], '[아-설--장시', 9.540698267495696e-05)]
[([[12, 11], [408, 11], [408, 102], [12, 102]], '[아-설-서장시', 7.122236392926742e-05), ([[1654.7707458564553, 1223.178624310023], [1831.9346615474974, 1188.135797045038], [1848.2292541435447, 1312.821375689977], [1671.0653384525026, 1347.864202954962]], '-', 0.2846559748115318)]
[([[12, 11], [408, 11], [408, 102], [12, 102]], '[아-설-서장시', 7.122236392926742e-05), ([[1648.2188821120326, 1226.260075193773], [1830.2713128870753, 1182.068388427327], [1851.7811178879674, 1308.739924806227], [1669.7286871129247, 1352.931611572673]], '스', 0.20835333654309807)]
[([[12, 11], [408, 11], [408, 103], [12, 103]], '[아-.--장시', 6.590561975150638e-05)]
[([[12, 14], [407, 14], [407, 102], [12, 102]], '[아-디-:장시', 5.05407219680691e-05)]
[([[12, 14], [407, 14], [407, 102], [12, 102]], '[)-디--장시', 4.8071056387598313e-05), ([[291, 1355], [395, 1355], [395, 1427], [291, 1427]], '8', 0.602922793632743), ([[273, 1564], [424, 1564], [424, 1654], [273, 1654]], '자지흘', 0.21525991509466694), ([[1522, 2781], [1926, 2781], [1926, 2869], [1522, 2869]], '[0[토-:장', 0.0022935388154353325), ([[674.0759931346034, 973.0535409575899], [837.853665352632, 1006.4768649013077], [820.9240068653966, 1074.94645904241], [657.146334647368, 1041.5231350986924]], '(코니나', 0.22739332914352417), ([[837.2486192432347, 1007.0353639782874], [1086.9949028347803, 1063.7144677559006], [1068.7513807567655, 1128.9646360217127], [819.0050971652196, 1073.2855322440994]], '아프니아의', 0.5596340978267215), ([[1087.1555692331383, 1048.0357169510307], [1335.9430915391981, 1101.9346687636573], [1313.8444307668617, 1185.9642830489693], [1064.0569084608019, 1131.0653312363427]], '심리상담실', 0.9981470448008454), ([[1333.0864055220115, 1097.041820189925], [1552.8415239223277, 1139.2267524464273], [1530.9135944779885, 1225.958179810075], [1311.1584760776723, 1182.7732475535727]], '이용규정)', 0.935384369418718), ([[359.1106806202549, 1252.0396229468554], [576.9315060432288, 1303.831587524326], [553.8893193797451, 1383.9603770531446], [336.06849395677125, 1332.168412475674]], '기본적으론', 0.7952906742314155), ([[573.0955116463432, 1312.0455652987976], [800.9425468178076, 1355.984689007585], [782.9044883536568, 1428.9544347012024], [554.0574531821924, 1384.015310992415]], '비대면으로', 0.9391857310503786), ([[802.1555692331382, 1351.0357169510307], [1047.9538703032586, 1407.0405908141438], [1024.8444307668617, 1488.9642830489693], [779.0461296967413, 1432.9594091858562]], '진행합니다', 0.9671164669954497), ([[320.97228394637955, 1407.058870333502], [467.7172476178261, 1438.7617877738014], [449.02771605362045, 1511.941129666498], [302.2827523821739, 1481.2382122261986]], '하지만', 0.9973759383333536), ([[468.23885565740017, 1430.0290091119423], [742.9968764640812, 1501.750078088398], [716.7611443425998, 1580.9709908880577], [443.00312353591875, 1509.249921911602]], '특별상담으로', 0.9985296245643408), ([[740.1555692331382, 1496.0357169510307], [982.9602488612006, 1553.1092460368031], [959.8444307668618, 1633.9642830489693], [717.0397511387994, 1576.8907539631969]], '대면상담올', 0.4953239019041197), ([[982.287953291017, 1550.028211466813], [1252.9978740994152, 1618.804394041317], [1229.712046708983, 1693.971788533187], [959.0021259005847, 1625.195605958683]], '이용할시에눈', 0.27162668956387354), ([[434.3044124322612, 1581.0269203761693], [726.9995439741244, 1652.9094005640188], [703.6955875677388, 1727.9730796238307], [411.00045602587556, 1656.0905994359812]], '깨끗하계짓고', 0.21397472783677776), ([[725.1303028434654, 1650.0421192876934], [913.8921083037599, 1693.6106080775376], [892.8696971565346, 1770.9578807123066], [704.1078916962401, 1726.3893919224624]], '소독약올', 0.5273918509483337), ([[908.8836873886971, 1699.069499109577], [1054.4956510111922, 1720.0294926534293], [1040.1163126113029, 1796.930500890423], [894.5043489888079, 1775.9705073465707]], '바른후', 0.991167221659657), ([[255.81052651918083, 1704.0789488938562], [358.8710887200977, 1717.6358319967776], [345.1894734808192, 1796.9210511061438], [242.1289112799023, 1782.3641680032224]], '1일', 0.996386221648653), ([[352.0061162653264, 1727.0550463879374], [535.7924134804659, 1759.0781609878763], [518.9938837346737, 1834.9449536120626], [335.20758651953406, 1802.9218390121237]], '1사정이', 0.9934146404266357), ([[1052.982685472117, 1734.0649466825132], [1202.6395046724444, 1755.6255593585645], [1189.017314527883, 1827.9350533174868], [1039.3604953275556, 1806.3744406414355]], '이용해', 0.9996114212561121), ([[535.2335635976378, 1758.0326940923635], [767.9821782787574, 1817.433896326969], [744.7664364023622, 1892.9673059076365], [512.0178217212426, 1833.566103673031]], '원칙입니다', 0.7545061377769546), ([[1202.1626818219506, 1768.0502591221896], [1358.9561192131116, 1806.2174365885248], [1341.8373181780494, 1864.9497408778104], [1185.0438807868884, 1825.7825634114752]], '주세요', 0.9970518913027264), ([[240.30973151003735, 1775.0265096304859], [564.0, 1849.0], [541.6902684899626, 1922.9734903695141], [218.0, 1849.0]], '다음사람울위해', 0.47378746644752817), ([[554.0061162653263, 1846.0550463879374], [698.6537155287674, 1876.5275098489235], [679.9938837346737, 1953.9449536120626], [534.3462844712326, 1923.4724901510765]], '규정올', 0.9597129353435035), ([[696.2516257571808, 1889.040119541782], [913.9858693492993, 1934.555444677772], [896.7483742428192, 1995.959880458218], [680.0141306507007, 1949.444555322228]], '지켜주세요', 0.8253356765236652)]
[([[12, 14], [407, 14], [407, 100], [12, 100]], '[)내.-서장시', 0.00033062829558518444), ([[1238, 1044], [1309, 1044], [1309, 1095], [1238, 1095]], '0', 0.8020369417781836), ([[1480, 1096], [1509, 1096], [1509, 1136], [1480, 1136]], '8', 0.2655889236566509), ([[285, 1396], [367, 1396], [367, 1458], [285, 1458]], '*', 0.4325376966704084), ([[593, 1388], [742, 1388], [742, 1474], [593, 1474]], "7+'5 _", 0.303982552881652), ([[412, 1483], [472, 1483], [472, 1538], [412, 1538]], '14', 0.24057417975990783), ([[463, 1507], [565, 1507], [565, 1568], [463, 1568]], '덕어0', 0.007387145104352958), ([[807, 1577], [958, 1577], [958, 1665], [807, 1665]], '+0 %', 0.42725561521645655), ([[540, 1787], [593, 1787], [593, 1846], [540, 1846]], "'-", 0.19291577537934312), ([[603, 1818], [636, 1818], [636, 1853], [603, 1853]], '9', 0.9254775105229243), ([[645, 1819], [749, 1819], [749, 1881], [645, 1881]], '*6', 0.05524296994586939), ([[881, 1882], [918, 1882], [918, 1922], [881, 1922]], '9', 0.868100304479217), ([[679.3128932627759, 921.0295618482005], [965.9976704590543, 982.8069527820228], [946.6871067372241, 1052.9704381517995], [660.0023295409457, 990.1930472179772]], '유서제영+아<$', 9.006817217531462e-05), ([[966.9959964937677, 976.0723758069976], [1059.7436283979193, 1002.122907559342], [1042.0040035062323, 1058.9276241930024], [949.2563716020807, 1032.8770924406579]], '뉴아*', 0.19016168402386688), ([[1057.9193618380848, 996.0839157637423], [1154.6542381954368, 1016.8271875280207], [1140.0806381619152, 1073.9160842362578], [1043.3457618045632, 1053.1728124719793]], '+.', 0.05437773823630725), ([[681.2706989881711, 981.0295975545049], [991.9988591970223, 1048.8567060637417], [970.7293010118289, 1121.9704024454952], [660.0011408029777, 1054.1432939362583]], '[복~`어아술~히/', 2.1319424669823392e-06), ([[1153.98022872944, 1031.1050979013119], [1238.7764294534568, 1045.5215813596444], [1230.01977127056, 1088.8949020986881], [1145.2235705465432, 1074.4784186403556]], '056', 0.003260829565236884), ([[1318.086474619004, 1046.052329185335], [1488.9302229814525, 1084.9456928984196], [1471.913525380996, 1148.947670814665], [1300.0697770185475, 1110.0543071015804]], "서권어,넘'", 0.0001399904217747567), ([[988.3300922577378, 1033.0280978670799], [1240.999459221955, 1101.9069830323028], [1219.6699077422622, 1167.9719021329201], [967.000540778045, 1099.0930169676972]], '여어0적하긋7양', 6.74248943110682e-05), ([[1233.228115598632, 1107.0599398312445], [1376.9856741710946, 1137.6217764421929], [1365.771884401368, 1180.9400601687555], [1222.0143258289054, 1149.3782235578071]], '*어어항$', 0.005785673444174822), ([[372.30973151003735, 1312.0265096304859], [610.9973458286336, 1388.781440992017], [583.6902684899626, 1459.9734903695141], [346.00265417136643, 1383.218559007983]], '3#하<히시>,', 0.00010856392164998926), ([[754.586522034719, 1417.0122223867509], [1247.944869274097, 1539.123192857178], [1229.4134779652811, 1599.9877776132491], [735.055130725903, 1477.876807142822]], ',아,-소#~.-+0-병#<.', 6.651470374132919e-05), ([[298.9953585086709, 1446.0633322185], [417.72247608119585, 1474.9111335190207], [400.0046414913291, 1540.9366677815], [280.27752391880415, 1512.0888664809793]], '30+,', 0.10219606757164001), ([[570.1360026099594, 1526.0752148767685], [666.8564865581599, 1545.8106563531037], [655.8639973900406, 1592.9247851232315], [559.1435134418401, 1572.1893436468963]], '반*즌', 0.0008644641927863695), ([[670.0675452416649, 1536.048434319983], [826.816700604649, 1575.1928501866248], [804.9324547583351, 1649.951565680017], [648.183299395351, 1611.8071498133752]], '9의7그', 0.00043717879452742636), ([[263.0077221232863, 1578.0617769862906], [431.8410346492233, 1607.413123940038], [416.9922778767137, 1673.9382230137094], [248.15896535077673, 1644.586876059962]], '쉽서포5.', 0.00011481268285859364), ([[963.0625747279902, 1620.0630529871278], [1147.9311451993915, 1650.0205990479121], [1134.9374252720097, 1707.9369470128722], [950.0688548006084, 1677.9794009520879]], '-꾸칭~히|', 0.00023114097180914624), ([[431.96667006423115, 1627.0766894303488], [566.7727838527217, 1648.2309892921996], [555.0333299357688, 1707.9233105696512], [419.22721614727834, 1686.7690107078004]], '담댁째', 0.0009887349628695833), ([[565.0136060761679, 1662.081636457007], [686.7727603578923, 1679.364384565264], [675.9863939238321, 1733.918363542993], [555.2272396421077, 1716.635615434736]], '>어차*', 0.00034673072514124215), ([[1153.3587765501088, 1636.0228717015234], [1425.9815918195238, 1723.4246667161872], [1399.6412234498912, 1793.9771282984766], [1127.0184081804762, 1706.5753332838128]], '여어0적하라7양', 9.201880490007832e-05), ([[692.0868184120003, 1675.0598199312021], [806.7413411432972, 1701.1147096802642], [789.9131815879997, 1764.9401800687979], [675.2586588567028, 1737.8852903197358]], '헤~쪽', 0.002146072425014552), ([[240.14671816634805, 1699.0405407466544], [428.95714459217913, 1750.1227538801475], [405.853281833652, 1821.9594592533456], [217.0428554078209, 1770.8772461198525]], '트;#~전', 8.821316570938827e-05), ([[805.9696913521816, 1705.066623411798], [933.7358189527627, 1732.9611019814424], [917.0303086478184, 1797.933376588202], [789.2641810472373, 1771.0388980185576]], '조+', 0.010612311092728413), ([[935.449583267077, 1727.0189573726161], [1298.980214796881, 1819.4377084424962], [1277.550416732923, 1887.9810426273839], [914.0197852031189, 1794.5622915575038]], '히도,껍@~+댁동+!', 2.2511373667662562e-05), ([[410.14231399598145, 1741.05274336745], [530.8661526254259, 1774.6376681298757], [511.85768600401855, 1835.94725663255], [391.13384737457403, 1802.3623318701243]], "+'아7", 0.015432641841471195), ([[242.28940418390624, 1768.0361610022812], [409.99897165522145, 1821.8800176287675], [388.71059581609376, 1879.9638389977188], [221.00102834477855, 1825.1199823712325]], '[서반5.', 0.00033574092425931254), ([[413.17960583409956, 1806.0421765907658], [540.98328322499, 1857.483096769605], [513.8203941659004, 1918.9578234092342], [386.01671677500997, 1867.516903230395]], '니연.왜', 0.0006141075864434242), ([[755.2281155986319, 1843.0599398312445], [880.9613893835683, 1871.379826327054], [867.7718844013681, 1916.9400601687555], [743.0386106164317, 1888.620173672946]], '기,<령', 0.00039026993908919394), ([[533.9426902392719, 1841.0701767945388], [638.5894663844041, 1865.4701778718652], [621.0573097607281, 1931.9298232054612], [515.4105336155959, 1906.5298221281348]], '+@', 0.10840177390091649), ([[938.2269793174761, 1864.0428138572847], [1038.9828273277028, 1911.509977029635], [1010.7730206825239, 1967.9571861427153], [911.0171726722971, 1920.490022970365]], '헤맑>', 0.00028765999612705563), ([[637.2272685141362, 1872.0499675588485], [766.9522904480976, 1907.2448586744952], [749.7727314858638, 1960.9500324411515], [621.0477095519024, 1925.7551413255048]], '*0갚', 0.008819952172651883), ([[772.1098497881025, 1898.0568283471991], [868.8974535409882, 1933.8062099640597], [846.8901502118975, 1989.9431716528009], [751.1025464590118, 1954.1937900359403]], '+아*', 0.015679611456081065), ([[870.0237203470788, 1924.0684144642591], [970.6721634905545, 1947.8828712001125], [953.9762796529212, 2008.9315855357409], [853.3278365094455, 1985.1171287998875]], '+@', 0.05682923622860091), ([[968.0293498376011, 1963.0790340093668], [1099.848596361316, 1983.660626787485], [1089.970650162399, 2035.9209659906332], [957.1514036386842, 2016.339373212515]], ',.*+', 0.00866347923874855), ([[1101.2370141040878, 1995.0487100118849], [1285.983075693773, 2032.549660969286], [1272.7629858959122, 2084.951289988115], [1088.016924306227, 2047.450339030714]], '만라*째아풀', 0.00044718595787809386)]
[([[12, 11], [408, 11], [408, 103], [12, 103]], '[아---장시', 0.00011841241077215134)]
[([[12, 11], [408, 11], [408, 103], [12, 103]], '[아---4시', 0.00015045643186535124)]
[([[12, 11], [408, 11], [408, 103], [12, 103]], '[아---장시', 0.00017376905345335575)]
[([[12, 11], [408, 11], [408, 103], [12, 103]], '[아---장시', 0.0001533587301222798)]
[([[12, 11], [408, 11], [408, 103], [12, 103]], '[아---장시', 0.00014914240729070664), ([[1656, 1219], [1791, 1219], [1791, 1329], [1656, 1329]], '1', 0.07187984371527367)]
[([[12, 11], [408, 11], [408, 103], [12, 103]], '[아---4시', 0.00015045643186535124), ([[1651, 1219], [1791, 1219], [1791, 1329], [1651, 1329]], "'_", 0.10818091984868675)]
