2391988
35
[([[23, 111], [1024, 111], [1024, 235], [23, 235]], '여기논 아프니아의 심리상담실', 0.30232184074855023)]
[([[44, 117], [1207, 117], [1207, 238], [44, 238]], '하지만오늘은 보지빨 기분은 아니있다.', 0.890564163944431), ([[69, 346], [1068, 346], [1068, 456], [69, 456]], '아프니야의 가슴이 보고심어적다.', 0.3655720758909182)]
[([[130, 171], [1082, 171], [1082, 281], [130, 281]], '아프니아에계 부탁올 해보있다.', 0.41961295818333777)]
[([[301, 425], [461, 425], [461, 535], [301, 535]], '으음', 0.9729763467418215), ([[1383, 1086], [1519, 1086], [1519, 1177], [1383, 1177]], '좋아,', 0.9549911456800048), ([[1383, 1185], [1766, 1185], [1766, 1271], [1383, 1271]], '그럼 이거 _고', 0.2489678132380322), ([[1380, 1271], [1810, 1271], [1810, 1371], [1380, 1371]], '안쪽으로 들어와', 0.8662469197009388)]
[([[1454, 0], [1819, 0], [1819, 80], [1454, 80]], '[-긋-서4시', 0.00010621696618072565), ([[32, 66], [1300, 66], [1300, 166], [32, 166]], '@3)켓} -대에 눈@ 상문올 기타라고있없다', 0.002690461980632084), ([[34, 255], [1616, 255], [1616, 358], [34, 358]], '스톱@이 2방날라넷-편세 시원해전다 자치해} 2방 따뜻해젊다', 0.006477288699455394)]
[([[1454, 0], [1819, 0], [1819, 79], [1454, 79]], '[)내설--:사', 9.028147131098561e-05), ([[1415, 499], [1686, 499], [1686, 561], [1415, 561]], '자아.이리와', 0.6393247931353333)]
[([[1454, 0], [1819, 0], [1819, 80], [1454, 80]], '[)-긋-서4시', 0.00010444306228271275), ([[311, 985], [429, 985], [429, 1047], [311, 1047]], '어서', 0.9911922603680969)]
[([[1454, 0], [1819, 0], [1819, 80], [1454, 80]], '[굉긋-서:시', 0.00012211492646055561), ([[61, 51], [673, 51], [673, 161], [61, 161]], '@런 금방씨-버롯다', 0.028104661222422642)]
[([[1454, 0], [1819, 0], [1819, 80], [1454, 80]], '[굉긋-서4 ', 9.780312906768154e-05), ([[72, 80], [936, 80], [936, 182], [72, 182]], '손데 @페아와 즐고싶있논데_', 0.016849193089082014)]
[([[1454, 0], [1819, 0], [1819, 80], [1454, 80]], '[-긋-서:시', 9.720063342950335e-05), ([[170, 248], [383, 248], [383, 349], [170, 349]], '괜찮아', 0.7409815332969628), ([[129, 351], [315, 351], [315, 437], [129, 437]], '내일도', 0.9991843245735016), ([[131, 445], [433, 445], [433, 531], [131, 531]], '하면되니까', 0.9591378312605683), ([[1131, 727], [1366, 727], [1366, 888], [1131, 888]], '신%', 0.006236779276472913), ([[682, 1456], [780, 1456], [780, 1582], [682, 1582]], '댁', 0.30966487183428626), ([[985.0077221232864, 1255.0617769862906], [1080.7611400011626, 1288.0597149997093], [1056.9922778767136, 1350.9382230137094], [961.2388599988374, 1317.9402850002907]], '주@록', 0.1616364482806221)]
[([[1454, 0], [1819, 0], [1819, 80], [1454, 80]], '[굉긋-서4시', 9.492982841733602e-05), ([[60, 102], [802, 102], [802, 202], [60, 202]], '@기@눈 살짝 웃어주있다', 0.09303858662450833), ([[40, 293], [1455, 293], [1455, 391], [40, 391]], '@칙러@의 @소로 @늘월 일을 열심히 할 5 @올컷잡다', 0.014295113951852435)]
[([[38, 103], [1071, 103], [1071, 216], [38, 216]], '보통은 일하기전에 힘글내려고온다', 0.2987290671199274), ([[38, 210], [1700, 210], [1700, 327], [38, 327]], '근처에 오기만해도 아프니아의 기분중은 향기가 맵돌아서', 0.5743860128265654), ([[38, 324], [537, 324], [537, 434], [38, 434]], '금방 발기가되다', 0.4570549874507727)]
[]
[([[61, 437], [597, 437], [597, 1004], [61, 1004]], '똑', 0.8680462144457692), ([[1260, 1278], [1800, 1278], [1800, 1831], [1260, 1831]], '똑', 0.19583138201408534)]
[]
[([[561, 2082], [1009, 2082], [1009, 2397], [561, 2397]], '활짝', 0.5028313085846682), ([[1281, 2262], [1649, 2262], [1649, 2579], [1281, 2579]], '축급', 0.06772664416819683), ([[481.2819936515384, 1536.1121231836148], [818.7609443929942, 1440.5707533838554], [873.7180063484616, 1722.8878768163852], [536.2390556070058, 1818.4292466161446]], '숫름', 0.3053644677212265)]
[]
[([[291, 1355], [395, 1355], [395, 1427], [291, 1427]], '8', 0.48870258258321897), ([[273, 1564], [424, 1564], [424, 1654], [273, 1654]], '자지흘', 0.2552259339056658), ([[674.0759931346034, 973.0535409575899], [837.853665352632, 1006.4768649013077], [820.9240068653966, 1074.94645904241], [657.146334647368, 1041.5231350986924]], '(코니나', 0.1850547045469284), ([[837.2486192432347, 1007.0353639782874], [1086.9949028347803, 1063.7144677559006], [1068.7513807567655, 1128.9646360217127], [819.0050971652196, 1073.2855322440994]], '아프니아의', 0.7584166325691704), ([[1086.1411165784698, 1049.0369523102506], [1335.9344342132692, 1101.8567516183143], [1313.8588834215302, 1184.9630476897494], [1064.0655657867308, 1133.1432483816857]], '심리상담실', 0.9968415801373338), ([[1333.0946425395748, 1096.0410679353229], [1552.8491725630709, 1140.2697399551362], [1530.9053574604252, 1225.9589320646771], [1311.1508274369291, 1182.7302600448638]], '이용규정)', 0.9793492186347963), ([[359.1106806202549, 1252.0396229468554], [576.9315060432288, 1303.831587524326], [553.8893193797451, 1383.9603770531446], [336.06849395677125, 1332.168412475674]], '기본적으론', 0.7412771030368219), ([[573.0955116463432, 1312.0455652987976], [800.9425468178076, 1355.984689007585], [782.9044883536568, 1428.9544347012024], [554.0574531821924, 1384.015310992415]], '비대면으로', 0.9404245238468025), ([[802.1555692331382, 1351.0357169510307], [1047.9538703032586, 1407.0405908141438], [1024.8444307668617, 1488.9642830489693], [779.0461296967413, 1432.9594091858562]], '진행합니다', 0.9574903876838281), ([[320.9838128076014, 1407.0575527068925], [467.7172476178261, 1438.7617877738014], [448.0161871923986, 1512.9424472931075], [302.2827523821739, 1481.2382122261986]], '하지만', 0.9983061898983875), ([[468.23885565740017, 1430.0290091119423], [742.9968764640812, 1501.750078088398], [716.7611443425998, 1580.9709908880577], [443.00312353591875, 1509.249921911602]], '특별상담으로', 0.9985505582418432), ([[741.1555692331382, 1496.0357169510307], [982.9637612978114, 1553.1494350111625], [959.8444307668618, 1633.9642830489693], [717.0362387021886, 1575.8505649888375]], '대면상담올', 0.43321541417634735), ([[981.282292999454, 1551.0286624931748], [1252.9971276252024, 1618.772635763984], [1229.717707000546, 1693.9713375068252], [958.0028723747976, 1626.227364236016]], '이용할시에눈', 0.33589739774967275), ([[434.3044124322612, 1581.0269203761693], [726.9995439741244, 1652.9094005640188], [703.6955875677388, 1727.9730796238307], [411.00045602587556, 1656.0905994359812]], '깨끗하계짓고', 0.26498591899761414), ([[723.0607740540433, 1646.0442049728592], [915.8693288077568, 1691.3886810109784], [891.9392259459567, 1771.9557950271408], [700.1306711922432, 1726.6113189890216]], '소독약올', 0.4519670307636261), ([[908.8836873886971, 1699.069499109577], [1054.4956510111922, 1720.0294926534293], [1040.1163126113029, 1796.930500890423], [894.5043489888079, 1775.9705073465707]], '바른후', 0.9912042058929765), ([[255.81052651918083, 1704.0789488938562], [358.8710887200977, 1717.6358319967776], [345.1894734808192, 1796.9210511061438], [242.1289112799023, 1782.3641680032224]], '1일', 0.9966284020133894), ([[352.0061162653264, 1727.0550463879374], [535.7924134804659, 1759.0781609878763], [518.9938837346737, 1834.9449536120626], [335.20758651953406, 1802.9218390121237]], '1사정이', 0.9942857027053833), ([[1052.982685472117, 1734.0649466825132], [1202.6395046724444, 1755.6255593585645], [1189.017314527883, 1827.9350533174868], [1039.3604953275556, 1806.3744406414355]], '이용해', 0.99946779126703), ([[535.2335635976378, 1758.0326940923635], [767.9821782787574, 1817.433896326969], [744.7664364023622, 1892.9673059076365], [512.0178217212426, 1833.566103673031]], '원칙입니다', 0.7573550832014193), ([[1202.1821112670282, 1768.04794576974], [1361.9313371682417, 1805.0219585590826], [1344.8178887329718, 1866.95205423026], [1185.0686628317583, 1829.9780414409174]], '주세요', 0.9914525151252747), ([[240.30973151003735, 1775.0265096304859], [563.0, 1849.0], [541.6902684899626, 1922.9734903695141], [218.0, 1849.0]], '다음사람울위해', 0.7479858227185345), ([[554.0061162653263, 1846.0550463879374], [698.6537155287674, 1876.5275098489235], [679.9938837346737, 1953.9449536120626], [534.3462844712326, 1923.4724901510765]], '규정올', 0.9577734676266733), ([[697.2594976178453, 1888.0392776077463], [913.987810837347, 1935.5870839050658], [896.7405023821547, 1995.9607223922537], [680.012189162653, 1949.4129160949342]], '지켜주세요', 0.9996702054556557)]
[([[1455, 0], [1822, 0], [1822, 77], [1455, 77]], '무월-시', 0.0007190682808868587)]
[([[1454, 0], [1819, 0], [1819, 80], [1454, 80]], '[굉긋-서:시', 0.00010673734135240904)]
[([[1454, 0], [1819, 0], [1819, 80], [1454, 80]], '[)굉긋-서4시', 0.00011008940361753553)]
[([[1454, 0], [1819, 0], [1819, 80], [1454, 80]], '[-긋-서:시', 9.12923367939072e-05), ([[854, 2038], [1046, 2038], [1046, 2300], [854, 2300]], '유', 0.5233126432451094), ([[914.1427160953763, 1637.0262723546336], [1111.893842437843, 1717.2792030008177], [1063.8572839046237, 1827.9737276453664], [866.1061575621571, 1747.7207969991823]], '배다', 0.009416377258788033)]
[([[357, 1050], [587, 1050], [587, 1141], [357, 1141]], '어서와', 0.9852697821344931)]
[([[1454, 0], [1819, 0], [1819, 80], [1454, 80]], '[)굉긋-서4시', 8.7495196152989e-05), ([[851, 1949], [1105, 1949], [1105, 2300], [851, 2300]], '잎', 0.04678414108908435)]
[([[1454, 0], [1819, 0], [1819, 80], [1454, 80]], '[굉긋-서4시', 0.00010545183465785768), ([[1000, 1352], [1078, 1352], [1078, 1450], [1000, 1450]], '속', 0.6685440501236286), ([[694, 1510], [768, 1510], [768, 1600], [694, 1600]], '속', 0.8044132482546615), ([[891, 1495], [1134, 1495], [1134, 1780], [891, 1780]], '푹', 0.9966798015678116), ([[386, 1892], [768, 1892], [768, 2164], [386, 2164]], '큰엌', 0.011986464537639073), ([[895, 1993], [989, 1993], [989, 2085], [895, 2085]], '퍽', 0.037340137621847624)]
[([[1454, 0], [1819, 0], [1819, 80], [1454, 80]], '[)-긋-서:시', 0.0001246054538269136), ([[981, 1468], [1253, 1468], [1253, 1655], [981, 1655]], "'체격", 0.10258447885701225), ([[928, 1678], [1122, 1678], [1122, 1874], [928, 1874]], '퍽', 0.9999823571029651), ([[517, 1893], [699, 1893], [699, 2091], [517, 2091]], '팬', 0.1986477636282027), ([[559.7827485909888, 1505.0370768922169], [788.6295994005757, 1537.5555717496916], [757.2172514090112, 1708.9629231077831], [529.3704005994243, 1676.4444282503084]], '제격', 0.2879417495908876), ([[867.9265359318139, 1949.0221695498967], [1160.402292473844, 2030.0262537354251], [1094.073464068186, 2242.9778304501033], [801.5977075261559, 2161.973746264575]], '군@_', 0.1260771693787492)]
[([[1454, 0], [1819, 0], [1819, 80], [1454, 80]], '[굉긋-서4시', 0.00018507000077727133), ([[256, 1483], [379, 1483], [379, 1570], [256, 1570]], '꾸육', 0.8070307035202814), ([[1261, 1579], [1379, 1579], [1379, 1671], [1261, 1671]], '꾸육', 0.5689866717879072), ([[863, 1643], [1049, 1643], [1049, 1863], [863, 1863]], '퍽', 0.999850278736858), ([[570, 1836], [790, 1836], [790, 2078], [570, 2078]], '퍽', 0.9883794606274456), ([[858, 1938], [1030, 1938], [1030, 2128], [858, 2128]], '떠', 0.09913761796383458)]
[([[1454, 0], [1819, 0], [1819, 80], [1454, 80]], '[)-긋-서4시', 0.00011197399583442215), ([[947, 1535], [1129, 1535], [1129, 1729], [947, 1729]], '퍽', 0.9889350167321851), ([[623, 1651], [787, 1651], [787, 1825], [623, 1825]], '떡', 0.12632612573259294), ([[802, 1924], [998, 1924], [998, 2116], [802, 2116]], '퍽', 0.18426449351320517), ([[484, 2116], [660, 2116], [660, 2294], [484, 2294]], '퍽', 0.9916291912361466)]
[([[1454, 0], [1819, 0], [1819, 80], [1454, 80]], '[)-긋-서4시', 0.00010270938702503674), ([[899, 899], [1105, 899], [1105, 1167], [899, 1167]], '탓', 0.16913163268491704), ([[696.1796753448157, 1094.0152992410608], [907.9456494055794, 1258.4545317320014], [792.8203246551843, 1405.9847007589392], [580.0543505944206, 1241.5454682679986]], '빗', 0.06115524800010541)]
[([[126, 484], [474, 484], [474, 561], [126, 561]], '후후 긴장하지마.', 0.8746925222406644), ([[531, 1017], [652, 1017], [652, 1068], [531, 1068]], '자아', 0.9977675376614346), ([[527, 1080], [827, 1080], [827, 1156], [527, 1156]], '니가 좋아하는', 0.7362260472059684), ([[529, 1157], [861, 1157], [861, 1230], [529, 1230]], '보지름 보어줄게', 0.3271432996036732)]
[([[58, 158], [1157, 158], [1157, 251], [58, 251]], '아아 " 아프니아의 보지름보니 평화로워진다.', 0.235668525826975), ([[1138, 216], [1174, 216], [1174, 242], [1138, 242]], '0', 0.8188944132886178)]
[([[39, 144], [1547, 144], [1547, 241], [39, 241]], '아프니아의 보지야말로 노발평화-상울 받아야하눈계 아날까?', 0.3629257959676542)]
[([[1343, 1119], [1752, 1119], [1752, 1196], [1343, 1196]], '늘 하단데로 조욕-', 0.4133614034189124), ([[1341, 1200], [1668, 1200], [1668, 1275], [1341, 1275]], '하고 4육하고', 0.34590538676216087), ([[1341, 1278], [1848, 1278], [1848, 1358], [1341, 1358]], '부르록 해끗으면젯젯어', 0.11276127279514858)]
[]
[([[1312, 724], [1466, 724], [1466, 863], [1312, 863]], '으응', 0.9250958979590892), ([[1507, 2114], [1703, 2114], [1703, 2333], [1507, 2333]], '숲', 0.28931092266933334), ([[520.9346925864644, 1376.016693508214], [873.7699541111828, 1484.8892603127083], [780.0653074135356, 1762.983306491786], [427.23004588881724, 1655.1107396872917]], '종름', 0.18048452377746926), ([[963.2752264563541, 1389.0090582541645], [1375.8709657452525, 1638.2673571516839], [1244.7247735436458, 1846.9909417458355], [832.1290342547475, 1597.7326428483161]], '쫓우원 ', 0.03876299038529396), ([[302.2337304114077, 1937.8804764936892], [779.2862314626436, 1735.4878075195816], [879.7662695885923, 2002.1195235063108], [402.7137685373563, 2204.5121924804184]], '축르략', 0.05474774681694286), ([[1521.981966254866, 1772.0157066576564], [1940.6453776767953, 1891.6421117930922], [1853.018033745134, 2161.9842933423433], [1434.3546223232047, 2041.3578882069078]], "'야학", 0.07540256014798695), ([[957.9604446036219, 2192.045112941652], [1106.489853189393, 2234.53831346217], [1076.039555396378, 2330.954887058348], [927.5101468106069, 2288.46168653783]], '질석', 0.991161993301235), ([[1674.2396293591555, 2162.0137703126898], [1835.2531032832696, 2217.7020064045973], [1743.7603706408445, 2479.9862296873102], [1582.7468967167304, 2424.2979935954027]], '름', 0.13017046662531584), ([[550.2327655842907, 2235.008920124504], [923.787913858002, 2506.264668041493], [757.7672344157093, 2730.991079875496], [384.212086141998, 2459.735331958507]], '이', 0.04058208056976853)]
