2392928
20
[([[1623, 168], [1670, 168], [1670, 207], [1623, 207]], ')', 0.33270372783421465), ([[1539, 182], [1597, 182], [1597, 233], [1539, 233]], '2', 0.3870512041644218), ([[561, 1769], [640, 1769], [640, 1842], [561, 1842]], '사', 0.3725597350200047)]
[([[209, 502], [318, 502], [318, 583], [209, 583]], '굶율', 0.03972001926045153), ([[1060, 1036], [1112, 1036], [1112, 1116], [1060, 1116]], '0', 0.2719107686747435), ([[366.164411712992, 679.1891762223615], [484.19144669393654, 668.588614368919], [485.835588287008, 744.8108237776385], [368.80855330606346, 755.411385631081]], '주젓', 0.010725509558243071)]
[([[184, 460], [312, 460], [312, 560], [184, 560]], '립씨', 0.0008442945115837449), ([[84.23841462369643, 379.2967072690036], [246.6887960744021, 336.3302108204235], [268.7615853763036, 450.7032927309964], [105.31120392559792, 493.6697891795765]], '@8@', 0.0035783048642895336)]
[([[181, 474], [330, 474], [330, 563], [181, 563]], '@@.', 0.3051646419070131), ([[318, 498], [352, 498], [352, 524], [318, 524]], '0', 0.7989648899324528)]
[([[491, 116], [925, 116], [925, 202], [491, 202]], '[@욕 %물짚83 & @5', 0.0025790261700186176), ([[473, 199], [601, 199], [601, 265], [473, 265]], "갑8'3", 0.020615819841623306), ([[595, 192], [942, 192], [942, 290], [595, 290]], '@@)갚? 갑|', 0.00011274006830803574), ([[573, 282], [907, 282], [907, 367], [573, 367]], '@젯@@-@|6히-', 0.00021894200129887232)]
[([[764, 51], [955, 51], [955, 203], [764, 203]], '@', 0.31080432800351687)]
[]
[([[545.3315670795698, 100.05624576946215], [599.9783459713976, 136.58435191343608], [578.6684329204302, 166.94375423053785], [525.0216540286024, 130.41564808656392]], '77', 0.6964809180981263)]
[([[472, 30], [552, 30], [552, 114], [472, 114]], '>', 0.23113233866522565)]
[]
[]
[([[112, 481], [157, 481], [157, 510], [112, 510]], ')10', 0.25428947054689566), ([[1015, 656], [1361, 656], [1361, 767], [1015, 767]], '외0-상첫', 0.02310206187556385), ([[1229, 1226], [1531, 1226], [1531, 1386], [1229, 1386]], '{.', 0.010161414067827891)]
[]
[([[1465.3431457505076, 2609.3431457505076], [1617.9683763974717, 2560.6728541245707], [1638.6568542494924, 2630.6568542494924], [1485.0316236025283, 2679.3271458754293]], '예서', 0.058295475814899037), ([[1472.6922510482937, 2677.799852725563], [1670.6615470962997, 2578.7641624044604], [1708.3077489517063, 2674.200147274437], [1509.3384529037003, 2773.2358375955396]], '원세요', 0.4029225357841171)]
[([[514, 33], [552, 33], [552, 70], [514, 70]], '0', 0.48671679141989443), ([[710, 386], [810, 386], [810, 470], [710, 470]], '??)', 0.9667183821061799), ([[1822, 2538], [2206, 2538], [2206, 2662], [1822, 2662]], '(-이-.', 0.026695469655454645), ([[639.8135553350344, 2583.342354541158], [993.201713763021, 2527.8785708092223], [1003.1864446649656, 2658.657645458842], [649.798286236979, 2713.1214291907777]], '<권어하형', 0.0008676069115784473), ([[1237.0433372662721, 2616.0327240875718], [1446.5746376290995, 2671.57520610275], [1410.9566627337279, 2789.9672759124282], [1201.4253623709005, 2733.42479389725]], '@또)', 0.04993596461559547)]
[([[85.23495478375635, 1311.1747739187817], [417.75142331831285, 1201.4266602421953], [434.76504521624366, 1278.8252260812183], [102.24857668168717, 1387.5733397578047]], '오해 말아요;', 0.18100684799523994), ([[127.87570355668956, 1374.228236360772], [426.2716131295685, 1266.3803544386901], [446.1242964433104, 1347.771763639228], [147.7283868704315, 1455.6196455613099]], '당센(내까', 0.22331227374573975), ([[144.21114561800016, 1449.161300899001], [480.50205144058157, 1332.7354847040108], [497.78885438199984, 1413.838699100999], [161.49794855941843, 1530.2645152959892]], '해주문 계재@', 0.18156787223282264)]
[]
[([[76, 800], [102, 800], [102, 832], [76, 832]], '9', 0.11792857581888772), ([[41, 851], [107, 851], [107, 891], [41, 891]], '군  (', 0.049559432623960425), ([[75, 885], [119, 885], [119, 921], [75, 921]], '7@', 0.09422813767892722), ([[201.42752122286237, 760.4565127337174], [275.3952797508441, 740.1937234665766], [282.57247877713763, 769.5434872662826], [209.6047202491559, 789.8062765334234]], '형@스', 0.0018438512397499524), ([[150.67504722512362, 775.745066115173], [205.76190298673, 761.1065778234257], [213.32495277487638, 796.254933884827], [158.23809701327, 810.8934221765743]], '(@', 0.3403837925242267), ([[232.46446609406726, 786.4644660940672], [302.36664834423374, 763.3032880926061], [314.53553390593277, 803.5355339059328], [244.63335165576623, 826.6967119073939]], '{8움', 0.004371537745409561), ([[91.71253537143728, 800.4275212228624], [152.82341957795995, 773.8734636937509], [169.28746462856273, 811.5724787771376], [108.17658042204005, 839.1265363062491]], '@@:?', 0.12827499210834503), ([[149.7639320225002, 807.5278640450005], [242.06161866795796, 791.083966084543], [248.2360679774998, 836.4721359549995], [155.93838133204204, 852.916033915457]], '@@스입]', 0.006690136155054267), ([[9.43926240134208, 824.9271148816105], [76.93708827310184, 806.2845787663775], [86.56073759865792, 843.0728851183895], [18.062911726898164, 860.7154212336225]], '[-@"', 0.09806415479974928), ([[95.72307231792384, 841.7061506225467], [155.44748859965358, 817.8361732736186], [169.27692768207615, 853.2938493774533], [109.5525114003464, 877.1638267263814]], '[8}', 0.018451814450787467), ([[171.52786404500043, 854.7639320225002], [292.05233788936795, 815.0710825156053], [303.4721359549996, 854.2360679774998], [182.94766211063202, 893.9289174843947]], '@각훨@@', 0.006482951929582169), ([[105.08614241292821, 870.7550563432708], [179.94068446882522, 849.4755104246822], [191.9138575870718, 899.2449436567292], [118.05931553117479, 920.5244895753178]], '간@그전}', 0.00024675793866085305)]
[([[896, 97], [1197, 97], [1197, 185], [896, 185]], '@ @폐 말', 0.02243266166772371), ([[823, 191], [1177, 191], [1177, 281], [823, 281]], '생활트다 데', 0.10545001059330174), ([[913, 283], [1137, 283], [1137, 373], [913, 373]], '된순이@', 0.062483590096235275)]
[([[174, 396], [274, 396], [274, 468], [174, 468]], '@원', 0.2089579968494189), ([[238, 538], [290, 538], [290, 598], [238, 598]], '8', 0.02296396852446847), ([[347, 657], [407, 657], [407, 729], [347, 729]], '춤', 0.040297478728339664), ([[406, 670], [436, 670], [436, 696], [406, 696]], '0', 0.41269441185605515)]
