2394869
55
[([[0, 221], [291, 221], [291, 281], [0, 281]], '[옛-로믿믿- ', 2.1710984585369693e-05), ([[199, 273], [285, 273], [285, 293], [199, 293]], '7물설 씨', 0.0005303392217762091), ([[329, 90], [513, 90], [513, 333], [329, 333]], '"~', 0.03021756053215972)]
[([[215, 460], [1699, 460], [1699, 718], [215, 718]], '나과젠우하신-#버]', 1.8267277462040156e-06), ([[1419, 701], [1687, 701], [1687, 767], [1419, 767]], '*이4', 0.012995475141096235)]
[([[1546, 1740], [1630, 1740], [1630, 1821], [1546, 1821]], '69', 0.05062023535238464), ([[1563, 1826], [1605, 1826], [1605, 1881], [1563, 1881]], '9', 0.3611986489086263)]
[([[1731, 117], [1821, 117], [1821, 195], [1731, 195]], '&아', 0.006287332002995882), ([[150, 195], [259, 195], [259, 286], [150, 286]], '&필', 0.0008047798942063945), ([[350, 695], [436, 695], [436, 783], [350, 783]], "')", 0.08672598506703923), ([[332, 1439], [407, 1439], [407, 1503], [332, 1503]], '으응', 0.9988318892837966), ([[1728, 2025], [1803, 2025], [1803, 2100], [1728, 2100]], '7', 0.9846186648067032), ([[1569, 2131], [1668, 2131], [1668, 2240], [1569, 2240]], '7', 0.9146131294517126), ([[966, 2501], [1004, 2501], [1004, 2541], [966, 2541]], '더', 0.9998552851584606), ([[258, 2580], [344, 2580], [344, 2664], [258, 2664]], '[', 0.024667880204249037), ([[1270, 2665], [1352, 2665], [1352, 2727], [1270, 2727]], "'원해", 0.6999691120524204), ([[1709.1423139959816, 282.0527433674499], [1754.5626893294423, 261.0226523149171], [1803.8576860040184, 376.9472566325501], [1758.4373106705577, 398.9773476850829]], '3', 0.9182233881475987), ([[188.13175685787553, 333.05405486300435], [236.53280103981987, 307.02030637835963], [293.86824314212447, 426.94594513699565], [245.46719896018013, 451.97969362164037]], '중', 0.059218264793181596)]
[([[647, 577], [729, 577], [729, 644], [647, 644]], '으옷;', 0.6376690537027363), ([[89, 692], [158, 692], [158, 770], [89, 770]], '꽤', 0.07183202277269984), ([[1684, 769], [1853, 769], [1853, 993], [1684, 993]], '3연', 0.048582861984366434), ([[1529, 1765], [1769, 1765], [1769, 1829], [1529, 1829]], '조금만이니까', 0.9821828500697732), ([[1621, 1831], [1762, 1831], [1762, 1895], [1621, 1895]], '알켓지?', 0.32433137531495154), ([[171, 2155], [281, 2155], [281, 2432], [171, 2432]], '준', 0.021217099836833064)]
[([[688, 152], [754, 152], [754, 221], [688, 221]], '[0', 0.980300646318116), ([[584, 1642], [666, 1642], [666, 1703], [584, 1703]], '앗0', 0.24894541306340978), ([[850, 1244], [1027, 1244], [1027, 1743], [850, 1743]], '군', 0.24734781044361753), ([[298.39868045976317, 1654.0180956320685], [373.9243456750993, 1662.2965053184291], [353.60131954023683, 1839.9819043679315], [278.0756543249007, 1831.7034946815709]], '뜰', 0.4235796509392209)]
[([[824, 87], [953, 87], [953, 297], [824, 297]], '눈', 0.008749490078552802), ([[1692, 189], [1772, 189], [1772, 240], [1692, 240]], '아어', 0.42525581309119403), ([[689, 252], [786, 252], [786, 332], [689, 332]], '&8', 0.1505108738898279), ([[731, 329], [809, 329], [809, 379], [731, 379]], '(8', 0.8276552324808053), ([[1744, 333], [1775, 333], [1775, 362], [1744, 362]], '0', 0.8217679363960997), ([[755, 375], [801, 375], [801, 412], [755, 412]], '9', 0.9989710118344561), ([[188, 555], [225, 555], [225, 612], [188, 612]], '응', 0.9984440899916116), ([[141, 738], [252, 738], [252, 884], [141, 884]], '눈문', 0.0998563979173606), ([[1495, 963], [1533, 963], [1533, 1059], [1495, 1059]], '톤', 0.4373052391252408), ([[775, 1250], [855, 1250], [855, 1312], [775, 1312]], '웃0', 0.40915762930995586), ([[954, 1782], [1063, 1782], [1063, 1994], [954, 1994]], '직', 0.0054753727308148314), ([[664, 1917], [856, 1917], [856, 2265], [664, 2265]], '8', 0.12017498636807034), ([[709, 2248], [791, 2248], [791, 2323], [709, 2323]], '0', 0.8760359514074025), ([[877, 2368], [1010, 2368], [1010, 2432], [877, 2432]], '후아아', 0.8052696831201744), ([[1709.4765760774098, 338.02747273539296], [1746.91866918758, 332.0851198464468], [1762.5234239225902, 442.97252726460704], [1725.08133081242, 448.9148801535532]], '눈', 0.8736863979468126), ([[1445.5483612478229, 934.0255789808411], [1475.5772275722868, 930.0418680757468], [1489.4516387521771, 1029.9744210191589], [1460.4227724277132, 1033.9581319242532]], '눈', 0.11139010330681742), ([[1794.5522011418966, 1650.014337813587], [1846.342593242939, 1659.8496284329922], [1816.4477988581034, 1819.985662186413], [1764.657406757061, 1810.1503715670078]], '소', 0.6932282148327751), ([[539.5366777747101, 2214.007668796246], [642.4211916321875, 2194.0723220045625], [706.4633222252899, 2543.992331203754], [604.5788083678125, 2564.9276779954375]], '{', 0.5969403173026109)]
[([[681, 179], [761, 179], [761, 245], [681, 245]], '으옷', 0.6178594710042007), ([[225, 646], [364, 646], [364, 866], [225, 866]], '늘', 0.9837190464401182), ([[1812, 847], [1854, 847], [1854, 905], [1812, 905]], '옷', 0.9544315154848313), ([[825, 1684], [907, 1684], [907, 1751], [825, 1751]], '후옷', 0.9290149686529124), ([[1598, 1958], [1706, 1958], [1706, 2060], [1598, 2060]], '[용', 0.05115927466328847), ([[1658, 2027], [1766, 2027], [1766, 2198], [1658, 2198]], '"', 0.3446459922936498), ([[50, 2381], [127, 2381], [127, 2438], [50, 2438]], '후오', 0.9948931009690668), ([[1720, 2694], [1758, 2694], [1758, 2754], [1720, 2754]], '응', 0.9993213374900876), ([[1177.2372145186403, 2374.0242679426506], [1269.324791350426, 2364.806422387133], [1284.7627854813597, 2554.9757320573494], [1192.675208649574, 2563.193577612867]], ' ', 0.11401996111180779)]
[([[1439, 71], [1550, 71], [1550, 135], [1439, 135]], '으웃0', 0.6105982158784168), ([[829, 84], [962, 84], [962, 188], [829, 188]], '양', 0.030398148848015616), ([[155, 190], [275, 190], [275, 252], [155, 252]], '하아)', 0.38907215172324416), ([[841, 169], [978, 169], [978, 303], [841, 303]], '천', 0.011288292104483733), ([[931, 841], [1082, 841], [1082, 980], [931, 980]], '운%', 0.05118569099118045), ([[1453, 1117], [1535, 1117], [1535, 1184], [1453, 1184]], '웃0', 0.5524964318032025), ([[265, 1207], [380, 1207], [380, 1269], [265, 1269]], '아익어', 0.028723884833463137), ([[547, 1217], [602, 1217], [602, 1268], [547, 1268]], '~', 0.1950710994371443), ([[123, 1538], [342, 1538], [342, 1737], [123, 1737]], '것', 0.24024173910903812), ([[699, 1512], [812, 1512], [812, 1748], [699, 1748]], '@', 0.060624248084844234), ([[513, 2056], [627, 2056], [627, 2234], [513, 2234]], '0)', 0.2599843697142132), ([[919, 2236], [1006, 2236], [1006, 2300], [919, 2300]], '하룻', 0.43977170074090777), ([[455, 2306], [512, 2306], [512, 2427], [455, 2427]], '톤"', 0.9608228696954202), ([[938, 2304], [1018, 2304], [1018, 2359], [938, 2359]], '극0', 0.6700545896956048), ([[1191, 2156], [1319, 2156], [1319, 2451], [1191, 2451]], "'", 0.038777970573633525), ([[1580, 2293], [1695, 2293], [1695, 2373], [1580, 2373]], '0 ~', 0.44593650102615356), ([[1354, 2353], [1498, 2353], [1498, 2486], [1354, 2486]], "7'", 0.9829955229276932), ([[1311, 2477], [1428, 2477], [1428, 2632], [1311, 2632]], '=', 0.3358431391191061), ([[384, 2690], [426, 2690], [426, 2804], [384, 2804]], '톤', 0.011145157757935786), ([[1645, 2653], [1696, 2653], [1696, 2798], [1645, 2798]], '/', 0.021201097465484375), ([[83.22455228615672, 714.0176950668322], [270.95238826810373, 847.7285708798922], [184.77544771384328, 966.9823049331678], [-2.9523882681037605, 832.2714291201078]], '사-', 0.014631330094172302), ([[177.94716352691316, 906.0505006798969], [240.55484836369635, 859.0140023988122], [357.0528364730868, 1031.949499320103], [294.44515163630365, 1078.9859976011878]], '8', 0.9437391343153791), ([[940.1378329888003, 959.2580814384015], [1035.8365505632119, 891.0218842426527], [1127.8621670111997, 1045.7419185615986], [1032.1634494367881, 1113.9781157573473]], ':', 0.09463018593120243), ([[561.5603515781625, 1244.0087894540602], [645.908462081766, 1264.721526212338], [583.4396484218375, 1515.9912105459398], [499.091537918234, 1495.278473787662]], '$', 0.060569614868658306), ([[1559.46784791581, 1431.017718737147], [1619.7606264263197, 1424.1961423265832], [1639.53215208419, 1596.982281262853], [1579.2393735736803, 1603.8038576734168]], '8', 0.18404523632246228), ([[1675.4866390612772, 1949.0077529282737], [1801.123603401936, 1975.655667984734], [1728.5133609387228, 2313.9922470717265], [1602.876396598064, 2287.344332015266]], '명', 0.016374759848091003)]
[([[1498, 105], [1598, 105], [1598, 167], [1498, 167]], '"하앗디', 0.13544978201389313), ([[141, 170], [326, 170], [326, 338], [141, 338]], '[', 0.8890586153386018), ([[293, 325], [392, 325], [392, 435], [293, 435]], '0', 0.38993374319490215), ([[1564, 389], [1595, 389], [1595, 420], [1564, 420]], '히', 0.2362675284447926), ([[1633, 382], [1718, 382], [1718, 418], [1633, 418]], '터 3', 0.016005567898562664), ([[1707, 933], [1791, 933], [1791, 997], [1707, 997]], "'웃어", 0.661934773865695), ([[1155, 1058], [1227, 1058], [1227, 1185], [1155, 1185]], '술', 0.4303908446275706), ([[1180, 1180], [1229, 1180], [1229, 1224], [1180, 1224]], '0', 0.7965474959017946), ([[243, 1418], [323, 1418], [323, 1475], [243, 1475]], '햇0', 0.1345180021562608), ([[955, 2004], [1071, 2004], [1071, 2068], [955, 2068]], '헤없0', 0.18749119373240436), ([[1816, 2014], [1869, 2014], [1869, 2074], [1816, 2074]], '8', 0.01913504808564448), ([[59, 2152], [161, 2152], [161, 2280], [59, 2280]], '화;', 0.3548152819672803), ([[1174, 2094], [1258, 2094], [1258, 2306], [1174, 2306]], '뜻', 0.007158197809134459), ([[234, 2306], [369, 2306], [369, 2511], [234, 2511]], '한', 0.052693313796922325), ([[589.5302238243883, 1069.0138050146], [653.8147062310593, 1077.9680716463606], [628.4697761756117, 1254.9861949854], [563.1852937689407, 1245.0319283536394]], '품', 0.008574037509392562), ([[831.4631245078068, 1790.0206186014889], [880.5438060893983, 1778.0211551860546], [915.5368754921932, 1933.9793813985111], [867.4561939106017, 1945.9788448139454]], '분', 0.04276552461757377)]
[([[87, 260], [151, 260], [151, 405], [87, 405]], '틈', 0.1515250598831699), ([[1689, 634], [1775, 634], [1775, 695], [1689, 695]], '잠까', 0.344200830246212), ([[188, 861], [272, 861], [272, 927], [188, 927]], '맛!!', 0.3219481604140558), ([[43, 1524], [123, 1524], [123, 1599], [43, 1599]], '41,', 0.35428033504996775), ([[1626, 1644], [1710, 1644], [1710, 1706], [1626, 1706]], '미안', 0.9992612456954582), ([[752, 1754], [848, 1754], [848, 1962], [752, 1962]], '숫', 0.037559676913488715), ([[255.8541684992035, 1411.0312835354239], [411.0634545889577, 1389.056563381638], [437.14583150079653, 1635.9687164645761], [281.9365454110423, 1658.943436618362]], '중', 0.10080753384045238), ([[1347.498443203004, 2201.0096789578015], [1448.3548206318728, 2216.6590893338885], [1406.501556796996, 2485.9903210421985], [1305.6451793681272, 2471.3409106661115]], '%', 0.1796593321591935)]
[([[1758, 93], [1875, 93], [1875, 194], [1758, 194]], '0"', 0.01580125662059638), ([[1513, 1422], [1587, 1422], [1587, 1542], [1513, 1542]], '@', 0.9423490320638308), ([[1664, 1927], [1728, 1927], [1728, 2016], [1664, 2016]], '터', 0.14554764359964967), ([[1586, 2259], [1666, 2259], [1666, 2312], [1586, 2312]], '이거', 0.9999132628875714), ([[1571, 2324], [1664, 2324], [1664, 2377], [1571, 2377]], '려나:', 0.8820226134782946), ([[101, 2511], [265, 2511], [265, 2683], [101, 2683]], '컬', 0.07000773936496874), ([[176, 2669], [233, 2669], [233, 2717], [176, 2717]], '00', 0.9725190602549598)]
[([[731, 150], [846, 150], [846, 261], [731, 261]], '둘', 0.10663231830187048), ([[1641, 153], [1734, 153], [1734, 233], [1641, 233]], '[@', 0.07228636693124416), ([[1777, 445], [1852, 445], [1852, 506], [1777, 506]], '맛!!', 0.1152391433917534), ([[667, 1891], [756, 1891], [756, 1953], [667, 1953]], '정말:', 0.9889629380550908), ([[930, 2312], [1043, 2312], [1043, 2473], [930, 2473]], '좀', 0.0017773409529265316), ([[960.1934449912915, 574.1023159233645], [1052.6919925894479, 503.0149711837561], [1179.8065550087085, 693.8976840766355], [1087.3080074105521, 765.9850288162439]], '톤', 0.13088245226831052), ([[428.27069898817115, 2622.029597554505], [564.9983573811246, 2693.828056865329], [526.7293010118289, 2762.970402445495], [390.0016426188754, 2691.171943134671]], '기하2 :', 0.013978830745443298)]
[([[1189, 213], [1278, 213], [1278, 277], [1189, 277]], "하룻'", 0.5825455260648839), ([[848, 229], [956, 229], [956, 405], [848, 405]], '', 0.0), ([[502, 785], [766, 785], [766, 1059], [502, 1059]], '', 0.0), ([[1134, 1476], [1374, 1476], [1374, 1732], [1134, 1732]], '3', 0.2883358414941348), ([[923, 2391], [999, 2391], [999, 2570], [923, 2570]], '꿈', 0.2927723374032354), ([[646.2779539592182, 173.0056672021977], [1183.2379228845043, 592.6615149400116], [941.7220460407818, 901.9943327978023], [403.7620771154958, 482.33848505998844]], '해', 0.00638888351067296), ([[862.4300236000968, 2474.020330401354], [926.243829190018, 2467.3211178830493], [940.5699763999032, 2629.979669598646], [876.756170809982, 2636.6788821169507]], '끈', 0.26237265140025556)]
[([[217, 118], [329, 118], [329, 182], [217, 182]], '호욕!!', 0.6123443841934204), ([[991, 226], [1031, 226], [1031, 284], [991, 284]], '옷', 0.917104607270872), ([[251, 312], [326, 312], [326, 376], [251, 376]], '흔"', 0.061937272114207576), ([[836, 224], [920, 224], [920, 364], [836, 364]], '팀', 0.42677330455518714), ([[1197, 220], [1314, 220], [1314, 364], [1197, 364]], '4', 0.6063755373583177), ([[243, 371], [303, 371], [303, 427], [243, 427]], '다', 0.9684396397336883), ([[891, 509], [969, 509], [969, 566], [891, 566]], '극0', 0.5368005133740896), ([[127, 958], [212, 958], [212, 1022], [127, 1022]], '오옷', 0.9988585170789492), ([[881, 849], [1002, 849], [1002, 1063], [881, 1063]], '@', 0.05968759770605048), ([[1272, 797], [1351, 797], [1351, 966], [1272, 966]], '네', 0.012040504005032204), ([[1766, 1102], [1854, 1102], [1854, 1297], [1766, 1297]], '날', 0.0015328890297755665), ([[49, 1208], [137, 1208], [137, 1390], [49, 1390]], '"', 0.0068443692281166535), ([[110, 1265], [159, 1265], [159, 1333], [110, 1333]], '9', 0.5883673911324792), ([[123, 1495], [383, 1495], [383, 1823], [123, 1823]], '하', 0.1293807627716923), ([[1626, 1635], [1670, 1635], [1670, 1679], [1626, 1679]], '0', 0.9304236593199136), ([[1845, 1647], [1898, 1647], [1898, 1770], [1845, 1770]], '팩', 0.05519992987190947), ([[231, 1775], [355, 1775], [355, 1887], [231, 1887]], '0?', 0.6039193463782108), ([[1824, 1772], [1886, 1772], [1886, 1901], [1824, 1901]], '활', 0.03432822383844325), ([[1718, 1862], [1782, 1862], [1782, 1985], [1718, 1985]], '흙', 0.024149903485622737), ([[1228, 2008], [1307, 2008], [1307, 2070], [1228, 2070]], '.00', 0.2196253741790291), ([[1631, 1916], [1700, 1916], [1700, 2066], [1631, 2066]], '향', 0.01628731615370782), ([[1249, 2067], [1301, 2067], [1301, 2156], [1249, 2156]], '@', 0.5444694328076629), ([[958, 2153], [983, 2153], [983, 2180], [958, 2180]], '씨', 0.035992368481672976), ([[268, 2145], [348, 2145], [348, 2312], [268, 2312]], '봄', 0.2451647865171589), ([[928, 2163], [979, 2163], [979, 2282], [928, 2282]], '2', 0.8200681987496559), ([[1027, 2126], [1079, 2126], [1079, 2241], [1027, 2241]], '?', 0.9016332657907355), ([[1674, 2223], [1810, 2223], [1810, 2276], [1674, 2276]], '호에0?!', 0.5592680721344628), ([[1690, 2284], [1795, 2284], [1795, 2337], [1690, 2337]], '00액', 0.2969258684727115), ([[116, 2353], [200, 2353], [200, 2419], [116, 2419]], '응오', 0.8541694721979013), ([[1079, 2278], [1267, 2278], [1267, 2455], [1079, 2455]], '(중"', 0.10470587902741918), ([[98, 2418], [216, 2418], [216, 2484], [98, 2484]], '오옷0', 0.5358050117223939), ([[87, 2598], [160, 2598], [160, 2666], [87, 2666]], '카0', 0.0011101787765181795), ([[1178, 2539], [1359, 2539], [1359, 2714], [1178, 2714]], '(궁"', 0.2135933037198751), ([[100, 2737], [144, 2737], [144, 2775], [100, 2775]], '9', 0.9900598820897812), ([[751, 2719], [815, 2719], [815, 2790], [751, 2790]], '늑', 0.00818869871726613), ([[745, 2779], [796, 2779], [796, 2836], [745, 2836]], '탁', 0.18389994679384714), ([[792, 2812], [832, 2812], [832, 2839], [792, 2839]], '"', 0.028456807434654507), ([[1066.6527554756985, 522.2345638774599], [1289.133977209919, 328.08480047723003], [1398.3472445243015, 498.7654361225401], [1175.866022790081, 691.91519952277]], '80)', 0.19285492939798815), ([[1220.1990054372927, 601.021401677376], [1334.4916480974377, 637.3593556229548], [1277.8009945627073, 817.978598322624], [1162.5083519025623, 781.6406443770452]], '호', 0.2176582450159339), ([[1268.4806357231612, 1213.0149980106878], [1338.6178779269187, 1201.146612455473], [1369.5193642768388, 1403.9850019893122], [1299.3821220730813, 1415.853387544527]], '제', 0.004131067343600636), ([[1601.3876543538402, 1455.0187659675955], [1679.781855205917, 1445.394726364475], [1700.6123456461598, 1637.9812340324045], [1621.218144794083, 1647.605273635525]], '뜰', 0.5585028564625283), ([[826.4234531988112, 2220.023783705615], [878.2391107973194, 2211.1105439669036], [902.5765468011888, 2354.976216294385], [850.7608892026806, 2363.8894560330964]], '군', 0.3326985020578519), ([[682.3850025283177, 2497.021036913439], [749.0372410151738, 2479.0599702977875], [792.6149974716823, 2660.978963086561], [725.9627589848262, 2677.9400297022125]], '본', 0.00169730653863992), ([[62.024835732059145, 2680.284441489001], [100.65745816216968, 2644.0309434810015], [170.97516426794084, 2727.715558510999], [132.3425418378303, 2763.9690565189985]], '$', 0.03148278112718916)]
[([[1172, 36], [1245, 36], [1245, 188], [1172, 188]], '#', 0.085737901451588), ([[206, 190], [324, 190], [324, 254], [206, 254]], '오옷0', 0.7398069740420935), ([[45, 329], [123, 329], [123, 384], [45, 384]], '호0', 0.978862377576374), ([[340, 284], [497, 284], [497, 472], [340, 472]], '각 ?', 0.07263708790851643), ([[1580, 260], [1830, 260], [1830, 493], [1580, 493]], '대?', 0.06954774911415712), ([[361, 462], [383, 462], [383, 480], [361, 480]], '5', 0.01858299476154812), ([[479, 407], [532, 407], [532, 528], [479, 528]], '"', 0.08751067008780922), ([[782, 530], [819, 530], [819, 570], [782, 570]], '(', 0.3670868453482399), ([[1158, 542], [1201, 542], [1201, 629], [1158, 629]], '@', 0.18248804185114764), ([[1626, 431], [1858, 431], [1858, 623], [1626, 623]], '건오', 0.03283358303797232), ([[265, 620], [326, 620], [326, 718], [265, 718]], '권', 0.8475892985964641), ([[412, 619], [489, 619], [489, 753], [412, 753]], ';', 0.055778314205419344), ([[1414, 586], [1478, 586], [1478, 713], [1414, 713]], '괜', 0.14520050354648006), ([[489, 689], [533, 689], [533, 837], [489, 837]], '(', 0.6565790265079308), ([[1766, 736], [1834, 736], [1834, 866], [1766, 866]], '권', 0.3099539033801193), ([[1055, 907], [1120, 907], [1120, 964], [1055, 964]], '(', 0.011766434386199842), ([[1420, 925], [1444, 925], [1444, 962], [1420, 962]], '0', 0.9383721678680104), ([[99, 943], [148, 943], [148, 996], [99, 996]], '각', 0.9843875417870009), ([[263, 994], [358, 994], [358, 1087], [263, 1087]], '<', 0.04206324106373338), ([[1692, 1015], [1725, 1015], [1725, 1059], [1692, 1059]], '오', 0.9997629067780487), ([[1398, 1054], [1451, 1054], [1451, 1148], [1398, 1148]], '#', 0.9817814223084476), ([[169, 1074], [403, 1074], [403, 1246], [169, 1246]], '(공0', 0.03410083103151807), ([[416, 1159], [566, 1159], [566, 1214], [416, 1214]], '카학어', 0.49661140041920027), ([[1450, 1212], [1534, 1212], [1534, 1273], [1450, 1273]], '오호', 0.9991780668372452), ([[693, 1314], [722, 1314], [722, 1347], [693, 1347]], '0', 0.6882355276985095), ([[1375, 1431], [1401, 1431], [1401, 1457], [1375, 1457]], '[', 0.01657933588153271), ([[1547, 1423], [1631, 1423], [1631, 1490], [1547, 1490]], '옷4', 0.07466303354065565), ([[681, 1428], [745, 1428], [745, 1555], [681, 1555]], ';"', 0.11580975749058717), ([[1253, 1530], [1280, 1530], [1280, 1581], [1253, 1581]], '8', 0.17571312650908855), ([[791, 1565], [806, 1565], [806, 1587], [791, 1587]], '0', 1.0), ([[1253, 1593], [1277, 1593], [1277, 1622], [1253, 1622]], '0', 0.9999349127870261), ([[255, 1709], [295, 1709], [295, 1767], [255, 1767]], '옷', 0.7110693168166371), ([[231, 1774], [317, 1774], [317, 1836], [231, 1836]], '간다', 0.9933879326678504), ([[231, 1835], [317, 1835], [317, 1899], [231, 1899]], '아아', 0.9999230407220117), ([[1817, 1853], [1897, 1853], [1897, 1917], [1817, 1917]], '코웃', 0.2552370342708524), ([[231, 1900], [320, 1900], [320, 1964], [231, 1964]], '아앗', 0.9081016658040606), ([[1313, 2053], [1353, 2053], [1353, 2109], [1313, 2109]], '휴', 0.3614035813809693), ([[1542, 1969], [1641, 1969], [1641, 2172], [1542, 2172]], '"', 0.10436928863402173), ([[1042, 2311], [1122, 2311], [1122, 2362], [1042, 2362]], '가~', 0.0837684765663871), ([[1466, 2620], [1546, 2620], [1546, 2682], [1466, 2682]], '으으', 0.9188873449172378), ([[1466, 2683], [1546, 2683], [1546, 2750], [1466, 2750]], '으옷', 0.857280720062934), ([[1475.5398210066917, 449.0176730869905], [1522.8984640574681, 456.7465338958392], [1500.4601789933083, 590.9823269130095], [1453.1015359425319, 583.2534661041608]], '군', 0.38594664205092855), ([[1059.4497265149012, 956.038030907289], [1094.0963897026572, 960.5933667331818], [1084.5502734850988, 1035.9619690927111], [1049.9036102973428, 1032.406633266818]], '@', 0.02788557450418594), ([[1408.5635180285155, 959.0319225939054], [1435.4095472443362, 962.3517597227623], [1426.4364819714845, 1032.9680774060946], [1399.5904527556638, 1029.6482402772378]], '8', 0.9213250922202043), ([[627.2917949420224, 1224.022821601347], [713.8467007466626, 1249.2909606699457], [670.7082050579776, 1400.977178398653], [584.1532992533374, 1376.7090393300543]], '뿐', 0.18748153988248362), ([[1338.668335188938, 1412.0068780534073], [1399.524411223127, 1425.8181809038172], [1347.331664811062, 1668.9931219465927], [1286.475588776873, 1656.1818190961828]], ':', 0.006095180807053291), ([[779.575735931288, 1576.0301515190165], [806.8534646557957, 1583.6410449835328], [786.424264068712, 1651.9698484809835], [759.1465353442043, 1644.3589550164672]], '8', 0.999931813448768), ([[1256.5368693591793, 1633.0359638987468], [1281.381492947956, 1626.0243550059424], [1302.4631306408207, 1702.9640361012532], [1277.618507052044, 1709.9756449940576]], '0', 0.9829325869901027)]
[([[455, 109], [484, 109], [484, 198], [455, 198]], '(', 0.20828061863211733), ([[727, 173], [784, 173], [784, 262], [727, 262]], '없"', 0.05445723247633989), ([[1066, 209], [1097, 209], [1097, 276], [1066, 276]], '생', 0.009066526229796479), ([[128, 193], [265, 193], [265, 341], [128, 341]], ')', 0.013897288027866994), ([[308, 159], [408, 159], [408, 418], [308, 418]], '턱', 0.0012803636577519845), ([[657, 396], [710, 396], [710, 445], [657, 445]], '0', 0.00330042504856487), ([[865, 582], [927, 582], [927, 686], [865, 686]], '콩"', 0.3526374201159015), ([[571, 810], [619, 810], [619, 910], [571, 910]], '갑', 0.0886824109002129), ([[838, 876], [876, 876], [876, 923], [838, 923]], '푹', 0.009454787534894982), ([[195, 964], [268, 964], [268, 1031], [195, 1031]], '00', 0.9709678159226593), ([[181, 1031], [242, 1031], [242, 1123], [181, 1123]], '0', 0.10274910838464635), ([[1751, 1505], [1835, 1505], [1835, 1561], [1751, 1561]], '(7이', 0.2994994924080824), ([[519, 1606], [583, 1606], [583, 1708], [519, 1708]], '단', 0.859390859401973), ([[964, 1458], [1055, 1458], [1055, 1700], [964, 1700]], '@', 0.1367089086261899), ([[983, 2160], [1010, 2160], [1010, 2195], [983, 2195]], '(', 0.87451861655396), ([[425, 2432], [478, 2432], [478, 2494], [425, 2494]], '이', 0.781640855126998), ([[420, 2580], [459, 2580], [459, 2664], [420, 2664]], '익', 0.2560113722181576), ([[873, 2797], [926, 2797], [926, 2845], [873, 2845]], '(', 0.039927876349852065), ([[1481, 2649], [1583, 2649], [1583, 2854], [1481, 2854]], '쁨', 0.16236184853799873), ([[994.5812608619278, 112.02197818831438], [1025.7389962633247, 116.39779345454168], [1011.4187391380722, 214.97802181168564], [980.2610037366753, 210.6022065454583]], '군', 0.33233767898937927), ([[1124.550583861716, 312.0338534873257], [1151.5959872833857, 308.0597960686302], [1162.449416138284, 383.9661465126743], [1135.4040127166143, 387.9402039313698]], '슈', 0.031792343587667915), ([[919.3683524600331, 426.0199688685228], [997.7544397275099, 448.6258869029939], [954.6316475399669, 603.9800311314772], [875.2455602724901, 582.3741130970061]], '@"', 0.2853151837792409), ([[814.2198074871519, 913.0203037533167], [923.657294974729, 884.2372501403946], [982.7801925128481, 1134.9796962466833], [873.342705025271, 1163.7627498596055]], '7', 0.3246624845349153), ([[930.5094171901129, 1104.01094505853], [1112.9579492010062, 1275.326751910054], [1047.490582809887, 1349.98905494147], [865.042050798994, 1177.673248089946]], '4볼', 0.03362369878612433), ([[1011.2900074199778, 1813.0640118719643], [1102.2647031412744, 1780.449116546278], [1121.7099925800223, 1840.9359881280357], [1030.7352968587256, 1873.550883453722]], '(7@', 0.0925359300677634), ([[433.6391471396639, 1893.0038302781718], [564.202852882727, 1907.1720305751103], [507.3608528603361, 2397.996169721828], [377.7971471172729, 2382.82796942489]], '8', 0.0037687249446495402), ([[392.2965090582669, 1999.0354396768425], [447.01800999409807, 2015.1194697317676], [417.7034909417331, 2111.9645603231575], [363.98199000590193, 2095.880530268232]], ':', 0.01119328587596119), ([[571.5115903378155, 2201.013262215805], [638.063916008066, 2188.0631055322456], [676.4884096621845, 2402.986737784195], [610.936083991934, 2415.9368944677544]], '입', 0.7551009479912842), ([[383.75135413321084, 2484.131364426091], [422.5797981043564, 2456.0280795251288], [479.24864586678916, 2542.868635573909], [440.4202018956436, 2570.9719204748712]], '@', 0.07183577693192778), ([[37.38500252831774, 2542.021036913439], [103.05841206259034, 2532.238553784872], [125.61499747168226, 2705.978963086561], [59.941587937409665, 2715.761446215128]], '향', 0.018676752431689758), ([[823.1385883402016, 2684.0413187380973], [892.5743197374959, 2669.3760288793887], [917.8614116597984, 2805.9586812619027], [847.4256802625041, 2820.6239711206113]], '싫', 0.02327576624239769)]
[([[157, 324], [538, 324], [538, 506], [157, 506]], '가야가다', 0.44002804160118103), ([[1474, 433], [1571, 433], [1571, 539], [1474, 539]], '0', 0.6468933289032499), ([[359, 494], [576, 494], [576, 662], [359, 662]], '가야', 0.6722247568860321), ([[954, 434], [1070, 434], [1070, 671], [954, 671]], '협', 0.04545122320914197), ([[484, 642], [608, 642], [608, 842], [484, 842]], '갖', 0.7494874826395659), ([[1214, 735], [1254, 735], [1254, 858], [1214, 858]], '톤', 0.05193734295221497), ([[473, 815], [762, 815], [762, 1137], [473, 1137]], '버', 0.9271643245688779), ([[1762, 967], [1793, 967], [1793, 1028], [1762, 1028]], '05', 0.1866808067882293), ([[354, 1171], [401, 1171], [401, 1211], [354, 1211]], '그"', 0.44421244443637464), ([[1460, 1159], [1493, 1159], [1493, 1226], [1460, 1226]], '2', 0.3015704250174167), ([[367, 1206], [395, 1206], [395, 1237], [367, 1237]], '0', 0.055425910743597484), ([[60, 1363], [177, 1363], [177, 1478], [60, 1478]], '*', 0.02186471846528182), ([[1640, 1487], [1781, 1487], [1781, 1619], [1640, 1619]], '60', 0.9949462951723922), ([[1756.5312558387132, 1032.0157119968276], [1808.5877567124508, 1042.9893426505694], [1775.4687441612868, 1194.9842880031724], [1724.4122432875492, 1184.0106573494306]], '#', 0.019864414201010483), ([[558.5349710401464, 1122.0045056715537], [716.3755408712899, 1061.0029383245783], [942.4650289598536, 1685.9954943284463], [785.6244591287101, 1747.9970616754217]], '7', 0.04869226967665341), ([[943.3300922577378, 1114.0280978670799], [1004.3189853266389, 1130.0243498182206], [972.6699077422622, 1248.9719021329201], [912.6810146733611, 1232.9756501817794]], '굶"', 0.013830705836653412), ([[503.0430649393721, 1162.0574389967883], [563.5777087639997, 1156.8445824720006], [569.956935060628, 1260.9425610032117], [509.4222912360003, 1265.1554175279994]], '선"', 0.007598289155393552), ([[1314.521668633136, 1265.0163620437859], [1369.615452191657, 1276.0059608401477], [1341.478331366864, 1424.9836379562141], [1286.384547808343, 1413.9940391598523]], '탑', 0.003727499333728415), ([[699.3166694759086, 1811.0233743482656], [776.9589995162331, 1843.9457183167117], [721.6833305240914, 1976.9766256517344], [644.0410004837669, 1945.0542816832883]], '0', 0.3670227113218516), ([[1583.960492276429, 2287.0602335772887], [1642.6504683452063, 2261.023536836154], [1696.039507723571, 2390.9397664227113], [1636.3495316547937, 2416.976463163846]], '{', 0.09343418115845825)]
[([[1286, 172], [1517, 172], [1517, 241], [1286, 241]], '조 조여와엇', 0.8153794101798726), ([[1297, 244], [1467, 244], [1467, 313], [1297, 313]], '꾸육꾸육드', 0.2039720443675906), ([[1329, 316], [1467, 316], [1467, 385], [1329, 385]], '하고옷', 0.9898860865109341), ([[1261, 388], [1544, 388], [1544, 457], [1261, 457]], '그만해쥐어어엇', 0.5928244082098668), ([[1374, 460], [1528, 460], [1528, 524], [1374, 524]], '-까헤0', 0.05976870656013489), ([[1356, 535], [1447, 535], [1447, 596], [1356, 596]], '에액', 0.6855425872985919), ([[1724, 477], [1803, 477], [1803, 654], [1724, 654]], '탑', 0.01369668932479673), ([[1007, 1223], [1100, 1223], [1100, 1285], [1007, 1285]], '머어,', 0.27394092082977295), ([[955, 1293], [1141, 1293], [1141, 1361], [955, 1361]], '멈추지이 ', 0.6507825396812051), ([[973, 1365], [1145, 1365], [1145, 1431], [973, 1431]], '아나아아', 0.8427138924598694), ([[1158, 1755], [1275, 1755], [1275, 1908], [1158, 1908]], '0', 0.6338554376589265), ([[1302, 1939], [1382, 1939], [1382, 2005], [1302, 2005]], '(코0', 0.06024324715087153), ([[926, 2231], [992, 2231], [992, 2295], [926, 2295]], '00', 0.13028899884088826), ([[984, 2395], [1083, 2395], [1083, 2496], [984, 2496]], '꿀', 0.05610901619893216), ([[704, 2527], [815, 2527], [815, 2694], [704, 2694]], '꿀', 0.05804031027010215), ([[720, 2671], [775, 2671], [775, 2724], [720, 2724]], '0', 0.06676150050133689), ([[950.2157338469889, 181.02051647748692], [1069.7440264304762, 201.59588017766478], [1034.7842661530112, 401.9794835225131], [915.2559735695237, 382.40411982233525]], '대', 0.005090388838487281), ([[932.4845326786925, 388.0102235030519], [1029.6341932017046, 368.1031239216816], [1085.5154673213074, 665.989776496948], [989.3658067982952, 685.8968760783184]], '!', 0.9913320841111641), ([[1438.1228025548883, 1223.0350319361025], [1516.5596549362494, 1204.3019550100341], [1551.8771974451117, 1369.9649680638975], [1472.4403450637506, 1388.6980449899659]], '글', 0.05212585931687741)]
[([[1543, 31], [1572, 31], [1572, 62], [1543, 62]], '그', 0.9678319361129617), ([[1526, 56], [1576, 56], [1576, 123], [1526, 123]], '초', 0.48358331482349115), ([[1587, 77], [1688, 77], [1688, 210], [1587, 210]], '년', 0.3414647017058634), ([[1031, 232], [1108, 232], [1108, 285], [1031, 285]], '오오', 0.9830830857320785), ([[1506, 152], [1563, 152], [1563, 269], [1506, 269]], '권', 0.1126239918823666), ([[1031, 295], [1108, 295], [1108, 352], [1031, 352]], '욕어', 0.8482740438049504), ([[1617, 258], [1685, 258], [1685, 378], [1617, 378]], '2', 0.8339283994374114), ([[1633, 430], [1660, 430], [1660, 454], [1633, 454]], '이', 0.021044254751600988), ([[1750, 339], [1860, 339], [1860, 567], [1750, 567]], '류', 0.40642546199615026), ([[187, 648], [271, 648], [271, 703], [187, 703]], '헤아', 0.9995688649659101), ([[1648, 877], [1728, 877], [1728, 938], [1648, 938]], '옷0', 0.2940603590175062), ([[1050, 1034], [1087, 1034], [1087, 1071], [1050, 1071]], '다', 0.11018016390517005), ([[1331, 1151], [1494, 1151], [1494, 1220], [1331, 1220]], '으웃?0', 0.553568422794342), ([[1641, 1214], [1679, 1214], [1679, 1267], [1641, 1267]], '(', 0.9723009691952598), ([[63, 1292], [118, 1292], [118, 1376], [63, 1376]], '@', 0.8146136850019161), ([[178, 1231], [231, 1231], [231, 1338], [178, 1338]], '"', 0.31641496723933926), ([[298, 1277], [338, 1277], [338, 1314], [298, 1314]], '0', 0.7596499382727053), ([[1574, 1198], [1649, 1198], [1649, 1415], [1574, 1415]], '2', 0.11942292846800129), ([[1719, 1287], [1752, 1287], [1752, 1331], [1719, 1331]], '씨', 0.18903771848873507), ([[217, 1410], [293, 1410], [293, 1472], [217, 1472]], '웃0', 0.6902469293464285), ([[1452, 1371], [1492, 1371], [1492, 1449], [1452, 1449]], '딴', 0.04318889155118999), ([[1672, 1287], [1732, 1287], [1732, 1450], [1672, 1450]], '{', 0.17331169386585543), ([[668, 1480], [695, 1480], [695, 1505], [668, 1505]], '0', 0.11093533373838227), ([[643, 1489], [674, 1489], [674, 1525], [643, 1525]], '0', 0.7848680603700728), ([[1592, 1754], [1636, 1754], [1636, 1800], [1592, 1800]], '0', 0.6210050409592895), ([[51, 1797], [135, 1797], [135, 2099], [51, 2099]], '"', 0.2703705362717166), ([[1113, 1932], [1233, 1932], [1233, 2020], [1113, 2020]], '큰', 0.053764724491092375), ([[1213, 1735], [1396, 1735], [1396, 2007], [1213, 2007]], '꽃', 0.02440996019640118), ([[1784, 1860], [1881, 1860], [1881, 2135], [1784, 2135]], '{', 0.028184419428791907), ([[692, 2483], [736, 2483], [736, 2529], [692, 2529]], '0', 0.8969582989511906), ([[216, 2763], [242, 2763], [242, 2798], [216, 2798]], '8', 0.9998908072716972), ([[1152.303473966853, 40.03473966853008], [1204.9846430786522, 33.28723664573537], [1219.696526033147, 153.96526033146992], [1167.0153569213478, 161.71276335426464]], '"', 0.941655868975122), ([[861.4127797804853, 127.01725626825004], [932.7597029192822, 107.0288991844213], [986.5872202195147, 316.98274373174996], [915.2402970807178, 336.97110081557867]], '9', 0.005035548962974146), ([[1528.3446046887868, 298.03590266796056], [1575.583323709385, 290.2126788553512], [1590.6553953112132, 400.96409733203944], [1543.416676290615, 407.7873211446488]], '""', 0.08049745876867101), ([[1604.2828546384055, 447.05169700499823], [1639.4740454631399, 429.02252263703025], [1685.7171453615945, 525.9483029950018], [1650.5259545368601, 543.9774773629698]], '국', 0.1886718436857251), ([[1022.85749287355, 512.0343817009302], [1155.837534283568, 466.39157904005714], [1229.14250712645, 715.9656182990698], [1095.162465716432, 760.6084209599428]], '총', 0.04921626891747999), ([[1437.7852532131767, 830.0672789185902], [1511.6777223784331, 794.0208974693843], [1574.2147467868233, 941.9327210814098], [1500.3222776215669, 977.9791025306157]], '셋', 0.09804777850426749), ([[1353.1644588494623, 955.0703072118276], [1391.5645484402214, 941.0319737260514], [1419.8355411505377, 1023.9296927881724], [1380.4354515597786, 1038.9680262739487]], '말', 0.6496459834139046), ([[1805.6743935585437, 1242.008841477203], [1854.3168285287568, 1248.4653540701922], [1826.3256064414563, 1437.991158522797], [1777.6831714712432, 1431.5346459298078]], '?', 0.4532362952531912), ([[629.0034542417551, 1682.0414509010614], [787.4958082888285, 1725.5581412308898], [756.9965457582449, 1825.9585490989386], [597.5041917111715, 1782.4418587691102]], '0선?)', 0.07689239829778671), ([[1148.360483865408, 1997.0292741329474], [1207.6008400377614, 2010.7243700900335], [1183.639516134592, 2119.970725867053], [1123.3991599622386, 2107.2756299099665]], '행', 0.003655642388999958)]
[([[841, 67], [963, 67], [963, 128], [841, 128]], '원가아', 0.9343562795975886), ([[1756, 80], [1841, 80], [1841, 140], [1756, 140]], '효아', 0.8911801927619097), ([[107, 105], [259, 105], [259, 169], [107, 169]], '후아앗0', 0.2273290455341339), ([[842, 133], [955, 133], [955, 188], [842, 188]], '아아9', 0.23583787168543552), ([[1128, 118], [1173, 118], [1173, 162], [1128, 162]], '에', 0.9898945392198044), ([[1756, 145], [1843, 145], [1843, 205], [1756, 205]], '아아', 0.9999082896894194), ([[841, 260], [927, 260], [927, 322], [841, 322]], '아앗', 0.8735722103090129), ([[635, 295], [719, 295], [719, 348], [635, 348]], '아아', 0.9537932476097354), ([[635, 360], [715, 360], [715, 413], [635, 413]], '아어', 0.4499749978839955), ([[1418, 324], [1497, 324], [1497, 528], [1418, 528]], '출', 0.12684974390279624), ([[52, 680], [109, 680], [109, 755], [52, 755]], '틈', 0.020091941034706906), ([[487, 708], [659, 708], [659, 770], [487, 770]], '야한 거엇,', 0.8807639499016877), ([[476, 771], [680, 771], [680, 835], [476, 835]], '나; 나; 나월', 0.24388383773229724), ([[484, 839], [667, 839], [667, 894], [484, 894]], '다아아아애', 0.2830999817069815), ([[517, 901], [637, 901], [637, 963], [517, 963]], '후아아', 0.9903533403672391), ([[764, 913], [882, 913], [882, 974], [764, 974]], '헤익0', 0.19890988497397483), ([[1666, 1216], [1746, 1216], [1746, 1278], [1666, 1278]], '웃0', 0.48585499045805847), ([[1652, 1283], [1763, 1283], [1763, 1340], [1652, 1340]], '흐우우', 0.49017983206277466), ([[1548, 1391], [1664, 1391], [1664, 1448], [1548, 1448]], '이런어', 0.9328498540121815), ([[1495, 1455], [1616, 1455], [1616, 1517], [1495, 1517]], '거어얼(', 0.1286737620830536), ([[1529, 1520], [1685, 1520], [1685, 1582], [1529, 1582]], '화버리면', 0.8117263317108154), ([[1797, 1687], [1883, 1687], [1883, 1751], [1797, 1751]], '간다', 0.7388363004960611), ([[1312, 2156], [1390, 2156], [1390, 2213], [1312, 2213]], '오욕', 0.9766560741736212), ([[1349, 2226], [1389, 2226], [1389, 2264], [1349, 2264]], '기', 0.9998532587482067), ([[141, 2165], [301, 2165], [301, 2502], [141, 2502]], '춤', 0.011715478444922989), ([[1612, 2338], [1711, 2338], [1711, 2478], [1612, 2478]], '쥐어', 0.11863019633212982), ([[1617, 2483], [1708, 2483], [1708, 2547], [1617, 2547]], '서어', 0.9999790109339579), ([[1574, 2555], [1708, 2555], [1708, 2641], [1574, 2641]], '호오엇', 0.7860017242814884), ([[1576, 2643], [1661, 2643], [1661, 2709], [1576, 2709]], '오옷', 0.9988494164167131), ([[442.30629857907667, 176.016049308056], [550.7681616356834, 145.1045777357573], [622.6937014209234, 421.983950691944], [514.2318383643166, 452.8954222642427]], '8', 0.03994455829459653), ([[1229.0710279686143, 308.27102779749157], [1278.6900734338053, 339.9228607679033], [1189.9289720313857, 471.72897220250843], [1140.3099265661947, 439.0771392320967]], '급', 0.021186380789180115), ([[36.03877877513671, 931.0420780365586], [113.47345457368634, 910.2816968473592], [150.9612212248633, 1066.9579219634415], [72.52654542631366, 1087.7183031526408]], '봄', 0.33590089594105166), ([[341.87867965644034, 1177.1507575950825], [558.0, 1149.0], [565.1213203435597, 1276.8492424049175], [350.0, 1305.0]], '309', 0.6082758804259775), ([[1217.9762692331099, 1181.0209692878823], [1461.7764824269545, 1275.2747891031556], [1380.0237307668901, 1474.9790307121177], [1137.2235175730455, 1380.7252108968444]], '떼흔', 0.005232863204023332), ([[65.17842146820911, 1275.3062131028964], [342.4586479878509, 1179.8441262699032], [393.8215785317909, 1384.6937868971036], [116.5413520121491, 1479.1558737300968]], '36)', 0.08950807169707627), ([[1196.1672890952482, 1493.2699032952903], [1335.065243027589, 1364.5613782123557], [1408.8327109047518, 1470.7300967047097], [1268.934756972411, 1599.4386217876443]], '[(4', 0.008312867654517261)]
[([[982, 30], [1022, 30], [1022, 77], [982, 77]], '또', 0.9999589924248085), ([[963, 86], [1041, 86], [1041, 136], [963, 136]], '나와', 0.998137112163243), ([[961, 146], [1041, 146], [1041, 202], [961, 202]], '아앗', 0.7951569419779332), ([[33, 210], [72, 210], [72, 264], [33, 264]], '6', 0.013970300441812578), ([[343, 181], [414, 181], [414, 243], [343, 243]], '웃9', 0.3126803537737494), ([[1646, 249], [1708, 249], [1708, 356], [1646, 356]], '뱀', 0.07546879319551536), ([[155, 380], [206, 380], [206, 458], [155, 458]], '@', 0.9989363400843878), ([[548, 113], [784, 113], [784, 840], [548, 840]], '툼', 0.013272318452113796), ([[1524, 917], [1564, 917], [1564, 957], [1524, 957]], '00', 0.7446094415517129), ([[556, 1042], [593, 1042], [593, 1075], [556, 1075]], '9', 0.9996899606727006), ([[1167, 1459], [1204, 1459], [1204, 1533], [1167, 1533]], '옷', 0.8378402346354505), ([[1592, 1533], [1629, 1533], [1629, 1571], [1592, 1571]], '~', 0.8822347758155935), ([[847, 1788], [997, 1788], [997, 1998], [847, 1998]], '틈', 0.922099904503515), ([[1759, 2040], [1881, 2040], [1881, 2153], [1759, 2153]], '7"', 0.8122134768220726), ([[1809, 2140], [1862, 2140], [1862, 2191], [1809, 2191]], '1', 0.28902405747453486), ([[137, 2533], [377, 2533], [377, 2778], [137, 2778]], '리', 0.6742150905556663), ([[281, 2761], [337, 2761], [337, 2812], [281, 2812]], '9', 0.5764811764387936), ([[324.3070020560507, 127.24380699057238], [399.45261585650684, 117.97828245218739], [403.6929979439493, 172.75619300942762], [328.54738414349316, 182.0217175478126]], '하으', 0.9948376351157348), ([[43.08765689447635, 258.0697698140963], [90.50980081451758, 252.55014680276184], [97.91234310552365, 334.9302301859037], [50.49019918548243, 339.44985319723816]], '8', 0.819235444210026), ([[1591.436464432426, 347.0265229837155], [1642.9588070392906, 360.49135864969685], [1614.563535567574, 464.9734770162845], [1563.0411929607094, 451.50864135030315]], '문', 0.036404968376766655), ([[1345.3876543538402, 1434.0187659675955], [1421.1919139008478, 1461.0518797907064], [1364.6123456461598, 1616.9812340324045], [1288.8080860991522, 1588.9481202092936]], '색', 0.007600642712747574)]
[]
[([[1435, 166], [1514, 166], [1514, 230], [1435, 230]], '(냄', 0.15336625015106298), ([[605, 243], [629, 243], [629, 276], [605, 276]], '0', 0.9453827838808935), ([[132, 373], [200, 373], [200, 486], [132, 486]], '곰', 0.003770844791204389), ([[303, 597], [356, 597], [356, 639], [303, 639]], ')0', 0.30137555570146246), ([[314, 629], [354, 629], [354, 684], [314, 684]], '먼', 0.03193923428535528), ([[58, 1005], [119, 1005], [119, 1082], [58, 1082]], '메', 0.11885203990600335), ([[289, 1236], [433, 1236], [433, 1340], [289, 1340]], '푸수', 0.7859857608994795), ([[293, 1357], [368, 1357], [368, 1459], [293, 1459]], '옷', 0.3374784813190992), ([[1334, 1940], [1387, 1940], [1387, 1993], [1334, 1993]], ' {8', 0.13953520630965788), ([[1605, 1970], [1627, 1970], [1627, 1985], [1605, 1985]], '9', 0.46151701453169736), ([[1129, 1997], [1219, 1997], [1219, 2178], [1129, 2178]], '꼴', 0.009575124545213642), ([[1300.517182334193, 1886.5378011352243], [1384.210131453096, 1865.7250972937795], [1394.482817665807, 1919.4621988647757], [1310.789868546904, 1940.2749027062205]], '려', 0.016134205680007563)]
[([[737, 80], [819, 80], [819, 140], [737, 140]], '무리', 0.9999965439601713), ([[739, 152], [783, 152], [783, 192], [739, 192]], '야', 0.998056641566464), ([[860, 164], [919, 164], [919, 215], [860, 215]], '앗', 0.3292800577929853), ([[1079, 143], [1143, 143], [1143, 239], [1079, 239]], '빚', 0.08443620207168578), ([[47, 430], [125, 430], [125, 481], [47, 481]], '아아', 0.999864964167933), ([[152, 521], [196, 521], [196, 565], [152, 565]], '아', 0.9977620262397977), ([[168, 580], [250, 580], [250, 644], [168, 644]], '나온', 0.9588797593038878), ([[843, 577], [925, 577], [925, 639], [843, 639]], '이런', 0.9996033369079005), ([[846, 646], [919, 646], [919, 699], [846, 699]], '거  ', 0.5761920650867606), ([[224, 723], [268, 723], [268, 781], [224, 781]], '앗', 0.27163254168332074), ([[844, 709], [924, 709], [924, 766], [844, 766]], '화버', 0.5811351551945815), ([[825, 771], [911, 771], [911, 833], [825, 833]], '리면:', 0.9036169557578148), ([[1634, 1604], [1689, 1604], [1689, 1657], [1634, 1657]], '0', 0.9972529229867746), ([[339, 1768], [405, 1768], [405, 1861], [339, 1861]], '*', 0.005659806613682372), ([[1638, 1892], [1779, 1892], [1779, 2036], [1638, 2036]], '피_', 0.5310348341925056), ([[1758.202547777171, 415.03184721463873], [1833.5418811952493, 400.3284520375879], [1861.797452222829, 559.9681527853612], [1787.4581188047507, 575.6715479624121]], '끝', 0.09757956133441681)]
[([[277, 124], [361, 124], [361, 204], [277, 204]], '헌', 0.054652745434351724), ([[658, 141], [745, 141], [745, 207], [658, 207]], '후옷', 0.75042369811275), ([[1746, 119], [1804, 119], [1804, 175], [1746, 175]], '네', 0.9993144257098265), ([[1730, 182], [1817, 182], [1817, 238], [1730, 238]], '네가;', 0.6098766623401973), ([[663, 208], [745, 208], [745, 270], [663, 270]], '으으', 0.8173748860280349), ([[807, 200], [893, 200], [893, 286], [807, 286]], '쓸', 0.012902976315478876), ([[1486, 168], [1553, 168], [1553, 315], [1486, 315]], '탑', 0.281073048866066), ([[1718, 244], [1838, 244], [1838, 308], [1718, 308]], '나쁘거', 0.4612486163922623), ([[663, 271], [745, 271], [745, 335], [663, 335]], '으으', 0.9209866605675942), ([[263, 214], [368, 214], [368, 451], [263, 451]], '뱀', 0.866857104022202), ([[382, 312], [464, 312], [464, 380], [382, 380]], '응으', 0.7700698357016301), ([[662, 331], [746, 331], [746, 404], [662, 404]], '으응', 0.9977740240348881), ([[1707, 310], [1847, 310], [1847, 371], [1707, 371]], '라구우?', 0.9991798996925354), ([[382, 377], [464, 377], [464, 439], [382, 439]], '으으', 0.9356233525902415), ([[667, 406], [741, 406], [741, 450], [667, 450]], '00', 0.7906720723995045), ([[382, 443], [468, 443], [468, 574], [382, 574]], '으옷', 0.5227549373503949), ([[539, 227], [643, 227], [643, 697], [539, 697]], '"', 0.2671530790657961), ([[217, 627], [295, 627], [295, 689], [217, 689]], '응오', 0.9663448090414671), ([[969, 652], [1051, 652], [1051, 718], [969, 718]], '응으', 0.7462724889724631), ([[215, 690], [297, 690], [297, 752], [215, 752]], '오오', 0.9929286977219849), ([[58, 560], [190, 560], [190, 985], [58, 985]], '!', 0.03431601084102809), ([[216, 754], [294, 754], [294, 811], [216, 811]], '오오', 0.9828965562247114), ([[969, 717], [1053, 717], [1053, 783], [969, 783]], '으릇', 0.6089804941299113), ([[112, 1050], [234, 1050], [234, 1114], [112, 1114]], '이렇게', 0.7775378347476846), ([[585, 1393], [667, 1393], [667, 1448], [585, 1448]], '나와', 0.9123016348891141), ([[582, 1455], [668, 1455], [668, 1517], [582, 1517]], '아앗', 0.6427452089215476), ([[1186, 1521], [1266, 1521], [1266, 1574], [1186, 1574]], '화버', 0.8527537460834318), ([[843, 1496], [988, 1496], [988, 1726], [843, 1726]], '봄', 0.6169112619251251), ([[1125, 1683], [1176, 1683], [1176, 1741], [1125, 1741]], '옷', 0.9996408546627187), ([[1079, 1745], [1231, 1745], [1231, 1809], [1079, 1809]], '오오옷수', 0.0429883748292923), ([[1291, 1714], [1379, 1714], [1379, 1843], [1291, 1843]], '@', 0.16826731613605617), ([[1079, 1810], [1229, 1810], [1229, 1874], [1079, 1874]], '옷어00', 0.7286284565925598), ([[100, 1863], [191, 1863], [191, 1930], [100, 1930]], "'헤옛", 0.23502528114207477), ([[1230, 2294], [1269, 2294], [1269, 2349], [1230, 2349]], '옷', 0.9998375243384636), ([[294, 2497], [425, 2497], [425, 2558], [294, 2558]], '또 나와', 0.5382433469801347), ([[314, 2562], [401, 2562], [401, 2626], [314, 2626]], '아앗', 0.8406953059093158), ([[872, 2490], [934, 2490], [934, 2648], [872, 2648]], '"', 0.007910308056356341), ([[1680, 2521], [1798, 2521], [1798, 2581], [1680, 2581]], '야한0', 0.34873366046017973), ([[1682, 2584], [1800, 2584], [1800, 2648], [1682, 2648]], '거르올', 0.7156061269867078), ([[602, 2740], [664, 2740], [664, 2813], [602, 2813]], '총', 0.5495461724831472), ([[1468, 2553], [1578, 2553], [1578, 2856], [1468, 2856]], "'", 0.028044142381551618), ([[880.4052762446835, 107.01967129472077], [942.4539668430243, 83.0114565081191], [1008.5947237553165, 275.98032870527925], [946.5460331569757, 298.98854349188093]], '3', 0.026594933105244856), ([[844.4765760774097, 2156.027472735393], [884.4680215496007, 2145.021952608792], [913.5234239225903, 2260.972527264607], [872.5319784503993, 2271.978047391208]], '3', 0.4083996904650036)]
[([[544, 107], [623, 107], [623, 167], [544, 167]], '앗0', 0.04624576113085456), ([[37, 150], [99, 150], [99, 281], [37, 281]], '굶', 0.40150379303192096), ([[709, 329], [807, 329], [807, 384], [709, 384]], '오오?', 0.5667389799767812), ([[24, 604], [140, 604], [140, 664], [24, 664]], "아우?:'", 0.39631219798455947), ([[226, 1084], [311, 1084], [311, 1145], [226, 1145]], '오욕', 0.9395746165664796), ([[239, 1152], [316, 1152], [316, 1202], [239, 1202]], "''?0", 0.5245459675788879), ([[897, 1718], [988, 1718], [988, 1818], [897, 1818]], '', 0.0), ([[64, 1625], [220, 1625], [220, 2010], [64, 2010]], '뿐', 0.22470290383670122), ([[979, 1749], [1076, 1749], [1076, 1886], [979, 1886]], '사', 0.28021039457118846), ([[1241, 2065], [1301, 2065], [1301, 2162], [1241, 2162]], '교', 0.005212281682931474), ([[656.6954548742862, 102.08545704457457], [711.580415215046, 54.01685830120883], [824.3045451257138, 197.91454295542545], [768.419584784954, 245.98314169879117]], '동', 0.01943352059608494), ([[1211.3540577585338, 841.0189818950751], [1292.664809762276, 822.1267112401339], [1338.6459422414662, 1032.981018104925], [1257.335190237724, 1052.873288759866]], '$', 0.5891986877944788), ([[939.3783634944433, 1798.0322895466554], [984.7989595804423, 1793.2760376985925], [993.6216365055567, 1905.9677104533446], [948.2010404195577, 1909.7239623014075]], '7', 0.839634743550878), ([[1193.191493992778, 1920.0468483378913], [1248.3095950544227, 1912.391991927624], [1261.808506007222, 2019.9531516621087], [1207.6904049455773, 2028.608008072376]], '월', 0.2331389855332242), ([[1773.96994823302, 2086.3008291689657], [1815.6280869342736, 2047.0282350295643], [1889.03005176698, 2132.6991708310343], [1847.3719130657264, 2171.9717649704357]], '용', 0.1036502791799343), ([[156.07705656336202, 2659.0474486646117], [221.55444423692094, 2645.370120821213], [244.92294343663798, 2773.9525513353883], [179.44555576307906, 2787.629879178787]], '향', 0.03529023641217521)]
[([[415, 168], [459, 168], [459, 228], [415, 228]], '', 0.0), ([[544, 148], [657, 148], [657, 209], [544, 209]], '앗0!!', 0.3405478298664093), ([[253, 901], [309, 901], [309, 945], [253, 945]], '', 0.0), ([[208, 934], [309, 934], [309, 1043], [208, 1043]], '풍궁', 0.08134955918369932), ([[293, 909], [544, 909], [544, 1066], [293, 1066]], '섯잡정품', 0.002473423257470131), ([[125, 1124], [302, 1124], [302, 1451], [125, 1451]], '근', 0.47421634570360993), ([[519, 1212], [671, 1212], [671, 1409], [519, 1409]], '##', 0.5427150497747582), ([[1225, 1306], [1490, 1306], [1490, 1494], [1225, 1494]], '~#볕', 0.04367495131355342), ([[1609, 1461], [1682, 1461], [1682, 1576], [1609, 1576]], '옷', 0.469338841928991), ([[1485, 2072], [1779, 2072], [1779, 2319], [1485, 2319]], '묘0', 0.0016292259402452905), ([[1440, 2516], [1608, 2516], [1608, 2681], [1440, 2681]], '@', 0.046189562046245136), ([[29.414035358907785, 651.1052651918084], [108.70466426341764, 604.0207075219], [184.5859646410922, 749.8947348081916], [105.29533573658236, 797.9792924781]], '[', 0.07635469162771447), ([[979.5417662580395, 627.010504425261], [1051.807344984387, 619.164680782638], [1077.4582337419606, 864.989495574739], [1005.192655015613, 872.835319217362]], '@', 0.04447474715791189), ([[300.41681264523095, 2055.018914736557], [367.36851465828545, 2041.1046547211445], [403.58318735476905, 2226.981085263443], [336.63148534171455, 2240.8953452788555]], '3', 0.02331584498947681), ([[1438.985038821144, 2323.151884329325], [1825.2480076366626, 2229.821657962146], [1864.014961178856, 2481.848115670675], [1477.7519923633374, 2576.178342037854]], '530', 0.18940973616740137), ([[108.13175685787554, 2455.0540548630042], [152.54101255268574, 2431.0209380703536], [210.86824314212447, 2548.9459451369958], [166.45898744731426, 2573.9790619296464]], '중', 0.03259437788165087), ([[97.127036057031, 2592.063845187811], [140.51977769818905, 2569.0225564708257], [191.872963942969, 2671.936154812189], [147.48022230181095, 2695.9774435291743]], '탑', 0.023113154455828067)]
[([[507, 237], [582, 237], [582, 321], [507, 321]], '@', 0.16640568265211542), ([[1646, 831], [1778, 831], [1778, 957], [1646, 957]], '2#', 0.6566919203303907), ([[681, 1275], [718, 1275], [718, 1319], [681, 1319]], '[', 0.013532195154743187), ([[1410, 1568], [1521, 1568], [1521, 1703], [1410, 1703]], '셈', 0.03632567053969993), ([[1195, 1749], [1268, 1749], [1268, 1837], [1195, 1837]], '4', 0.21331521118463925), ([[94, 1885], [182, 1885], [182, 1993], [94, 1993]], '빚', 0.152970391384887), ([[105, 1986], [156, 1986], [156, 2028], [105, 2028]], '0', 0.9953340011919956), ([[1726, 1897], [1830, 1897], [1830, 2084], [1726, 2084]], '몇', 0.023398914032387808), ([[148, 2074], [234, 2074], [234, 2214], [148, 2214]], '빵', 0.510554385932668), ([[1707, 2148], [1751, 2148], [1751, 2192], [1707, 2192]], '0', 0.9974774553205776), ([[1591, 2275], [1688, 2275], [1688, 2397], [1591, 2397]], '특', 0.029248146609611503), ([[101.03769682674312, 239.01781432206405], [631.656516384182, 351.7877361160298], [574.9623031732569, 560.982185677936], [44.34348361581798, 448.2122638839702]], '[3 눈', 0.006123960018157959), ([[125.07487415839655, 746.0305997917878], [227.49028329804952, 727.7396321354474], [257.92512584160346, 924.9694002082122], [154.50971670195048, 943.2603678645526]], '', 0.0), ([[98.96685145944765, 838.0486254701451], [178.21440389158923, 819.4801327184352], [207.03314854055236, 965.9513745298549], [127.78559610841077, 984.5198672815648]], '타', 0.02010819121270746), ([[368.4787533086843, 1611.0113260997393], [454.3265427730896, 1599.2276935681666], [484.5212466913157, 1864.9886739002607], [399.6734572269104, 1875.7723064318334]], '뿐', 0.007891047166721565), ([[1684.4588124137867, 2082.0162860688615], [1755.8038384528882, 2103.121376648429], [1706.5411875862133, 2265.9837139311385], [1636.1961615471118, 2244.878623351571]], '명', 0.008705874313746031)]
[([[1636, 155], [1687, 155], [1687, 217], [1636, 217]], '0', 0.6225816277997751), ([[1743, 209], [1851, 209], [1851, 409], [1743, 409]], '동', 0.006661441341609731), ([[225, 399], [336, 399], [336, 480], [225, 480]], '댐 총', 0.0002351327756872768), ([[1702, 420], [1852, 420], [1852, 590], [1702, 590]], '키', 0.006749809523861394), ([[721, 649], [790, 649], [790, 729], [721, 729]], '[때', 0.04803267399384433), ([[1120, 814], [1184, 814], [1184, 945], [1120, 945]], '@', 0.13573250942732784), ([[1642, 1063], [1710, 1063], [1710, 1134], [1642, 1134]], '소', 0.35914473369738076), ([[795, 1286], [964, 1286], [964, 1353], [795, 1353]], '185+', 0.05939927697181702), ([[1620, 1474], [1806, 1474], [1806, 1749], [1620, 1749]], '[뚫', 0.04346151352379303), ([[1435, 1743], [1521, 1743], [1521, 1924], [1435, 1924]], '빛', 0.003063758800579533), ([[1574, 1901], [1665, 1901], [1665, 2072], [1574, 2072]], '냐"', 0.05202919280657521), ([[302, 2158], [383, 2158], [383, 2308], [302, 2308]], '지', 0.010122928891592109), ([[434, 2312], [520, 2312], [520, 2425], [434, 2425]], '댐', 0.014840176614945355), ([[760, 2421], [897, 2421], [897, 2538], [760, 2538]], '안0', 0.009341375183068523), ([[212, 2525], [311, 2525], [311, 2685], [212, 2685]], '', 0.0), ([[750, 2519], [887, 2519], [887, 2642], [750, 2642]], '(털0', 0.07668207821941284), ([[1666, 2557], [1763, 2557], [1763, 2766], [1666, 2766]], '봄', 0.046819969121546734), ([[1338, 2679], [1435, 2679], [1435, 2838], [1338, 2838]], '뿐', 0.08793773443610409), ([[1241.8404037912871, 435.0561590502578], [1317.6407956501657, 393.0171213419008], [1399.1595962087129, 561.9438409497423], [1324.3592043498343, 603.9828786580991]], '?', 0.7855749670996062), ([[758.0499682509595, 489.06476823200444], [809.7392063867708, 469.03913985790854], [847.9500317490405, 575.9352317679956], [796.2607936132292, 595.9608601420914]], '올', 0.5071688817989504), ([[1607.5711905655933, 921.0070741374791], [1705.5414722465537, 934.2402344691454], [1661.4288094344067, 1249.992925862521], [1563.4585277534463, 1235.7597655308546]], '{', 0.09378112586242437), ([[972.0868184120003, 1261.0598199312021], [1167.8949113135004, 1287.7916134811392], [1155.9131815879998, 1350.9401800687979], [960.1050886864996, 1324.2083865188608]], '25 {', 0.0025373401330128133), ([[1131.1695452014626, 1904.0345424175512], [1208.0850469803743, 1890.4877718105124], [1230.8304547985374, 2043.9654575824488], [1153.9149530196257, 2057.512228189488]], '세"', 0.010456003771774518)]
[([[99, 117], [148, 117], [148, 175], [99, 175]], '못', 0.9997884147043159), ([[64, 181], [182, 181], [182, 241], [64, 241]], '버티어', 0.3959155207323166), ([[822, 217], [860, 217], [860, 264], [822, 264]], '또', 0.9999835491856999), ([[1752, 215], [1827, 215], [1827, 260], [1752, 260]], '~이닷', 0.10534003581571964), ([[98, 244], [182, 244], [182, 311], [98, 311]], '켓어', 0.40073894013113204), ([[770, 270], [897, 270], [897, 332], [770, 332]], "'가버럿", 0.6376218199729919), ([[1739, 268], [1813, 268], [1813, 321], [1739, 321]], '오욕', 0.962859581588192), ([[80, 310], [164, 310], [164, 371], [80, 371]], '어엇', 0.9297338315771223), ([[1710, 329], [1842, 329], [1842, 377], [1710, 377]], '이 대로', 0.9983596801757812), ([[1737, 385], [1813, 385], [1813, 436], [1737, 436]], '라면', 0.9840322486708528), ([[154, 420], [236, 420], [236, 484], [154, 484]], '오혹', 0.7074743683443795), ([[155, 488], [231, 488], [231, 541], [155, 541]], '?숫', 0.02958466693149603), ([[1490, 520], [1538, 520], [1538, 575], [1490, 575]], '구;', 0.3933531835553156), ([[51, 535], [142, 535], [142, 666], [51, 666]], '구', 0.06107584002792188), ([[1473, 577], [1550, 577], [1550, 639], [1473, 639]], '구슬', 0.8444153604959006), ([[1459, 642], [1503, 642], [1503, 689], [1459, 689]], '이', 0.999167973088877), ([[1516, 650], [1559, 650], [1559, 679], [1516, 679]], '*', 0.03500513057062471), ([[1715, 621], [1795, 621], [1795, 674], [1715, 674]], '으1', 0.7832007762701256), ([[1700, 683], [1811, 683], [1811, 743], [1700, 743]], '으으욕', 0.7262626751330518), ([[1711, 748], [1798, 748], [1798, 812], [1711, 812]], '갑니', 0.9236503105228395), ([[330, 778], [407, 778], [407, 844], [330, 844]], '으흡', 0.9534721177562955), ([[1052, 793], [1094, 793], [1094, 833], [1052, 833]], '0', 0.6660565707964139), ([[1715, 815], [1799, 815], [1799, 872], [1715, 872]], '다아', 0.999661156154718), ([[1714, 879], [1800, 879], [1800, 941], [1714, 941]], '아앗', 0.8084140331768441), ([[416, 952], [485, 952], [485, 1000], [416, 1000]], '빼냐', 0.05188806656879568), ([[71, 1009], [113, 1009], [113, 1056], [71, 1056]], '빼', 0.2877466589660713), ([[271, 982], [340, 982], [340, 1069], [271, 1069]], '1', 0.012992307231763311), ([[84, 1063], [129, 1063], [129, 1116], [84, 1116]], '야', 0.9996768497267716), ([[263, 1053], [314, 1053], [314, 1102], [263, 1102]], '~', 0.9460682971577086), ([[1266, 1072], [1350, 1072], [1350, 1134], [1266, 1134]], '간다', 0.6914799444446699), ([[68, 1123], [141, 1123], [141, 1180], [68, 1180]], '하는', 0.40103383811455695), ([[1184, 1166], [1266, 1166], [1266, 1219], [1184, 1219]], '야)', 0.13933944447033073), ([[68, 1247], [143, 1247], [143, 1297], [68, 1297]], '데에', 0.9711377169448252), ([[177, 1207], [259, 1207], [259, 1269], [177, 1269]], '으후', 0.9978399835727737), ([[1184, 1231], [1270, 1231], [1270, 1288], [1184, 1288]], '아앗', 0.8223827509707387), ([[1584, 1226], [1660, 1226], [1660, 1282], [1584, 1282]], '으으', 0.9399346812140241), ([[177, 1273], [259, 1273], [259, 1334], [177, 1334]], '우우', 0.9996974833253939), ([[1581, 1288], [1665, 1288], [1665, 1348], [1581, 1348]], '으으', 0.8928925951704496), ([[178, 1339], [258, 1339], [258, 1396], [178, 1396]], '우우', 0.9996869475632332), ([[1579, 1351], [1663, 1351], [1663, 1415], [1579, 1415]], '웃0', 0.6558591844455303), ([[1766, 1341], [1817, 1341], [1817, 1396], [1766, 1396]], '빼', 0.6060919797075179), ([[181, 1403], [219, 1403], [219, 1461], [181, 1461]], '움', 0.6999948152748772), ([[1758.887552844813, 1401.1040300775092], [1839.433579344602, 1412.4551590411356], [1830.112447155187, 1465.8959699224908], [1749.566420655398, 1454.5448409588644]], '빼슷', 0.26998664280563944)]
[([[1715, 61], [1792, 61], [1792, 251], [1715, 251]], '', 0.0), ([[303, 242], [342, 242], [342, 300], [303, 300]], '응', 0.9983052049664174), ([[298, 305], [380, 305], [380, 365], [298, 365]], '호오', 0.9633746414142276), ([[296, 369], [380, 369], [380, 429], [296, 429]], '오오', 0.9883199462931286), ([[284, 437], [395, 437], [395, 492], [284, 492]], '오오염', 0.11950039709220628), ([[187, 806], [334, 806], [334, 863], [187, 863]], '오옥-?!', 0.2173304814411008), ([[1760, 819], [1837, 819], [1837, 874], [1760, 874]], '오오', 0.9879403529898296), ([[1760, 884], [1837, 884], [1837, 940], [1760, 940]], '오오', 0.9890338888838863), ([[1760, 950], [1837, 950], [1837, 1003], [1760, 1003]], '오오', 0.9138855147266769), ([[1759, 1012], [1838, 1012], [1838, 1073], [1759, 1073]], '옷차', 0.045328196325892314), ([[1665, 1159], [1714, 1159], [1714, 1212], [1665, 1212]], '0', 0.7478131246337547), ([[1748, 1257], [1858, 1257], [1858, 1548], [1748, 1548]], '?', 0.0324946516560074), ([[306, 1631], [359, 1631], [359, 1709], [306, 1709]], '좁', 0.056843362017403365), ([[298, 1720], [358, 1720], [358, 1787], [298, 1787]], ')', 0.1857962942569067), ([[718, 1825], [1101, 1825], [1101, 2037], [718, 2037]], "'허5", 0.047728985611808154), ([[395, 2008], [545, 2008], [545, 2178], [395, 2178]], '(', 0.5921395413415134), ([[903, 2489], [978, 2489], [978, 2638], [903, 2638]], '팀', 0.15141533507418004), ([[1067, 2406], [1193, 2406], [1193, 2617], [1067, 2617]], "'", 0.03554891492777856), ([[963, 2590], [1036, 2590], [1036, 2744], [963, 2744]], '탑', 0.1106608841575687), ([[1617, 2632], [1703, 2632], [1703, 2698], [1617, 2698]], '으급', 0.8022303965383741), ([[1579.8038216657567, 1017.0477708219581], [1686.1680895370612, 980.3383763284838], [1743.1961783342433, 1171.9522291780418], [1636.8319104629388, 1208.661623671516]], '경', 0.07906597694226836), ([[1633.8176622598457, 1621.058388824442], [1715.8902149245528, 1590.1498064345346], [1768.1823377401543, 1745.941611175558], [1686.1097850754472, 1776.8501935654654]], '날', 0.31066471338272095)]
[([[217, 125], [299, 125], [299, 189], [217, 189]], "'아옷", 0.5758748164068894), ([[62, 217], [142, 217], [142, 281], [62, 281]], '위험', 0.9996438777057453), ([[61, 281], [109, 281], [109, 339], [61, 339]], '햇', 0.9990388081632808), ([[906, 319], [988, 319], [988, 380], [906, 380]], '햇0', 0.2451565596031027), ([[131, 353], [208, 353], [208, 404], [131, 404]], '하아', 0.2569732038585893), ([[272, 538], [348, 538], [348, 593], [272, 593]], '으극', 0.9827308354680927), ([[204, 679], [286, 679], [286, 743], [204, 743]], '걸려', 0.6333064528150081), ([[187, 745], [296, 745], [296, 802], [187, 802]], '서엇]', 0.0790964239282972), ([[787, 728], [869, 728], [869, 790], [787, 790]], '무리', 0.9999979769518709), ([[1691, 755], [1753, 755], [1753, 826], [1691, 826]], '")', 0.9197248021812814), ([[843, 861], [923, 861], [923, 927], [843, 927]], '으옷', 0.8657227351847232), ([[524, 920], [598, 920], [598, 971], [524, 971]], '으으', 0.8074054088416692), ([[520, 983], [571, 983], [571, 1034], [520, 1034]], '아@', 0.01999749358020958), ([[359, 1014], [403, 1014], [403, 1062], [359, 1062]], '조', 0.999698065664095), ([[519, 1048], [605, 1048], [605, 1112], [519, 1112]], '하앗', 0.4092695542838899), ([[1639, 1029], [1679, 1029], [1679, 1096], [1639, 1096]], '탑', 0.10451988646315158), ([[350, 1075], [479, 1075], [479, 1136], [350, 1136]], '좀 더엇', 0.8181912824892335), ([[339, 1140], [495, 1140], [495, 1202], [339, 1202]], '나와아앗', 0.4882524609565735), ([[1772, 1347], [1816, 1347], [1816, 1400], [1772, 1400]], '앗', 0.7183669264271799), ([[934, 1413], [1014, 1413], [1014, 1468], [934, 1468]], '오오', 0.9914174222121218), ([[1167, 1385], [1258, 1385], [1258, 1469], [1167, 1469]], '꿀', 0.23896796809271237), ([[934, 1476], [1014, 1476], [1014, 1531], [934, 1531]], '오오', 0.980112511821922), ([[917, 1540], [1033, 1540], [1033, 1604], [917, 1604]], '오옷사', 0.265316163860562), ([[1759, 1597], [1843, 1597], [1843, 1658], [1759, 1658]], '히루', 0.08939439786353344), ([[1767, 1666], [1805, 1666], [1805, 1726], [1767, 1726]], '옷', 0.8292205957390628), ([[1255, 1843], [1284, 1843], [1284, 1887], [1255, 1887]], '입', 0.6736392672483795), ([[344, 1934], [432, 1934], [432, 2068], [344, 2068]], '!어', 0.036597654764895945), ([[1130, 1852], [1232, 1852], [1232, 2102], [1130, 2102]], '탑', 0.01317706910274602), ([[346, 2062], [430, 2062], [430, 2129], [346, 2129]], '어엇', 0.22452669923400292), ([[537, 2202], [574, 2202], [574, 2241], [537, 2241]], '0', 0.4976355648977915), ([[823, 2481], [972, 2481], [972, 2574], [823, 2574]], '', 0.0), ([[679, 2747], [837, 2747], [837, 2837], [679, 2837]], '10/2', 0.016006318852305412), ([[740.1033793898918, 99.62743465776177], [778.764627863082, 65.04188644595399], [836.8966206101082, 134.37256534223823], [798.235372136918, 169.958113554046]], '또', 0.024244002156720512), ([[163.30386307851475, 1501.0142591157598], [364.5951800231272, 1665.3121822170829], [271.6961369214853, 1778.9857408842402], [70.4048199768728, 1614.6878177829171]], '{5603', 0.10081655778630957), ([[1383.6702733784662, 2034.1492028652513], [1420.5742744398656, 2004.0275458253984], [1485.3297266215338, 2089.850797134749], [1448.4257255601344, 2119.972454174602]], '호', 0.08291999633528135), ([[1592.629759166903, 2381.004896508939], [1688.3096587387286, 2344.00342500947], [1849.370240833097, 2786.995103491061], [1752.6903412612714, 2823.99657499053]], '{', 0.6910338590995515), ([[140.91407023502333, 2462.0151214373377], [721.1112511722015, 2574.0102111597503], [642.0859297649766, 2898.9848785626623], [61.888748827798544, 2786.9897888402497]], '숫', 0.08513306111217389)]
[([[690, 456], [776, 456], [776, 565], [690, 565]], '#', 0.059800229905233815), ([[1545.2116175031585, 859.0207325600123], [1657.4240771636958, 848.0150299634831], [1676.7883824968415, 1078.9792674399876], [1563.5759228363042, 1089.9849700365169]], '"', 0.01536544145375679), ([[1504.0870614432417, 2431.0278076691625], [1687.8239157634926, 2509.7083801718272], [1635.9129385567583, 2624.9721923308375], [1451.1760842365074, 2546.2916198281728]], '된', 0.05130098976754227)]
[([[794, 1044], [902, 1044], [902, 1224], [794, 1224]], '틈', 0.9963369597144833), ([[1704, 1416], [1828, 1416], [1828, 1573], [1704, 1573]], '7', 0.07064794441273481), ([[699, 1770], [785, 1770], [785, 1834], [699, 1834]], '아옷', 0.614146359272725), ([[522, 2093], [604, 2093], [604, 2148], [522, 2148]], '아아', 0.9993390328254308), ([[522, 2156], [602, 2156], [602, 2211], [522, 2211]], '아아', 0.9999398991230192), ([[521, 2220], [605, 2220], [605, 2282], [521, 2282]], '아아', 0.9995263865725332), ([[73, 2278], [158, 2278], [158, 2340], [73, 2340]], '가학', 0.9999157073435561), ([[533, 2286], [589, 2286], [589, 2353], [533, 2353]], '앗;', 0.2688202212032002), ([[521, 2348], [605, 2348], [605, 2412], [521, 2412]], '아아', 0.9997870807610311), ([[521, 2413], [605, 2413], [605, 2475], [521, 2475]], '아아', 0.9996576161726817), ([[949, 2348], [1215, 2348], [1215, 2547], [949, 2547]], "'1?'", 0.24608400464057922), ([[522, 2480], [604, 2480], [604, 2537], [522, 2537]], '아아', 0.9998810636652204), ([[522, 2547], [600, 2547], [600, 2602], [522, 2602]], '아어', 0.3402357963131829), ([[523, 2607], [567, 2607], [567, 2669], [523, 2669]], '옷', 0.868106857595663), ([[986, 2525], [1198, 2525], [1198, 2753], [986, 2753]], '선', 0.30716320090959925), ([[1004.7159340273195, 108.01472359112795], [1412.8171125401605, 22.424680316938677], [1515.2840659726805, 655.9852764088721], [1108.1828874598395, 742.5753196830614]], '물', 0.33586345016261987), ([[915.9500453018884, 691.0119842227139], [1268.9007053923156, 735.8587116202056], [1197.0499546981116, 1220.9880157772861], [845.0992946076846, 1176.1412883797943]], '통', 0.2697085034956359), ([[992.0663029766798, 1472.1712966694067], [1157.073708162359, 1455.7816545460757], [1159.9336970233203, 1549.8287033305933], [995.9262918376411, 1566.2183454539243]], '3아버느', 0.0010395670542493463)]
[([[938, 70], [987, 70], [987, 130], [938, 130]], '앗', 0.4101113869344921), ([[448, 176], [532, 176], [532, 231], [448, 231]], '이제', 0.9997989654517394), ([[404, 238], [608, 238], [608, 304], [404, 304]], '충분하잡아!', 0.8486644086001564), ([[209, 317], [314, 317], [314, 373], [209, 373]], '끄학자', 0.1126703497088045), ([[819, 356], [901, 356], [901, 406], [819, 406]], '카: ', 0.33735087807793623), ([[816, 418], [934, 418], [934, 479], [816, 479]], '하악어', 0.1410547584372578), ([[124, 533], [202, 533], [202, 589], [124, 589]], '이제', 0.9995447600984299), ([[81, 599], [242, 599], [242, 654], [81, 654]], '안 나  0', 0.6868940818755259), ([[334, 888], [421, 888], [421, 950], [334, 950]], '나와', 0.99141431121081), ([[316, 953], [430, 953], [430, 1015], [316, 1015]], '아앗]!', 0.653885006904602), ([[145, 919], [297, 919], [297, 1119], [145, 1119]], '새', 0.020429628403304756), ([[763, 1390], [876, 1390], [876, 1446], [763, 1446]], '나와요', 0.9505583556116751), ([[483, 1486], [635, 1486], [635, 1548], [483, 1548]], '거짓말어', 0.28549572825431824), ([[763, 1456], [879, 1456], [879, 1509], [763, 1509]], '오오오', 0.9588577363221864), ([[1157, 1391], [1236, 1391], [1236, 1558], [1157, 1558]], '넷', 0.00526094047414305), ([[765, 1521], [877, 1521], [877, 1574], [765, 1574]], '오오오', 0.9690700323118016), ([[445, 1549], [673, 1549], [673, 1615], [445, 1615]], '햇습니다아아', 0.8278406456258746), ([[746, 1583], [896, 1583], [896, 1647], [746, 1647]], '오오옷0', 0.5597219467163086), ([[445, 1615], [673, 1615], [673, 1676], [445, 1676]], '아아아아아아', 0.9940944238737962), ([[446, 1678], [671, 1678], [671, 1747], [446, 1747]], '죄송해요오옷', 0.6519373307236583), ([[145, 1759], [263, 1759], [263, 1825], [145, 1825]], '용서해', 0.9996631067058899), ([[143, 1826], [261, 1826], [261, 1886], [143, 1886]], '주세요', 0.9999551258988449), ([[145, 1889], [261, 1889], [261, 1949], [145, 1949]], '오오오', 0.9548480497724272), ([[161, 1954], [245, 1954], [245, 2018], [161, 2018]], '옷4', 0.054961694988192054), ([[883, 2227], [1001, 2227], [1001, 2293], [883, 2293]], '응오오', 0.6913514737170535), ([[884, 2295], [996, 2295], [996, 2350], [884, 2350]], '오오0', 0.9461620135537148), ([[513, 2304], [692, 2304], [692, 2441], [513, 2441]], '흙', 0.017605267230767163), ([[882, 2360], [998, 2360], [998, 2416], [882, 2416]], '오오', 0.9860149050532255), ([[883, 2425], [1001, 2425], [1001, 2486], [883, 2486]], '오오옷', 0.9973439458014383), ([[743, 2619], [820, 2619], [820, 2674], [743, 2674]], '호오', 0.9898665644966778), ([[739, 2683], [821, 2683], [821, 2747], [739, 2747]], '옷0', 0.674931733287859), ([[1075.2540636089532, 179.01113089992842], [1266.2326827740524, 209.17664570500023], [1207.7459363910468, 563.9888691000716], [1016.7673172259475, 533.8233542949997]], '"', 0.2244337210883609), ([[561.2997211652317, 335.0084562405936], [778.1591359466222, 416.2924428612629], [629.7002788347683, 806.9915437594063], [412.8408640533778, 724.7075571387371]], '정', 0.019700263868234424), ([[1507.303473966853, 879.03473966853], [1560.791909336089, 885.1160027543445], [1548.696526033147, 992.96526033147], [1495.208090663911, 986.8839972456555]], '@', 0.3237892244424643), ([[84.0585328867094, 1152.0130372102096], [301.5912149458982, 1045.0051406108548], [535.9414671132906, 1580.9869627897904], [318.4087850541018, 1687.9948593891452]], '간', 0.03859613099595394), ([[527.1718861400642, 1872.0083639331756], [834.5596305559748, 1979.0827277163323], [667.8281138599358, 2448.9916360668244], [360.44036944402524, 2341.917272283668]], '량', 0.004822170184655639), ([[1090.5950052648973, 2328.0091168807207], [1154.3540564206323, 2312.0069669159393], [1213.4049947351027, 2567.9908831192793], [1148.6459435793677, 2583.9930330840607]], '0', 0.0383484152132505)]
[([[1124, 78], [1213, 78], [1213, 140], [1124, 140]], '헤앗', 0.9620687150079369), ([[1754, 157], [1847, 157], [1847, 290], [1754, 290]], '/', 0.013602748738393622), ([[1304, 457], [1495, 457], [1495, 541], [1304, 541]], '30305', 0.13306936368548616), ([[436, 508], [522, 508], [522, 569], [436, 569]], '간다', 0.6043407935392614), ([[892, 615], [1042, 615], [1042, 817], [892, 817]], '쌀', 0.004707227493781829), ([[91, 805], [178, 805], [178, 866], [91, 866]], '간다', 0.993455153258527), ([[1601, 798], [1690, 798], [1690, 862], [1601, 862]], '아앗;', 0.38996798511292996), ([[74, 871], [190, 871], [190, 926], [74, 926]], '간다니', 0.08861404713568671), ([[1607, 864], [1657, 864], [1657, 915], [1607, 915]], '아', 0.9999666216774585), ([[55, 935], [212, 935], [212, 997], [55, 997]], '간다간다', 0.9907894134521484), ([[1588, 928], [1708, 928], [1708, 990], [1588, 990]], '카학0', 0.3275824753061905), ([[73, 998], [196, 998], [196, 1060], [73, 1060]], '간다맛', 0.6262006615170042), ([[1608, 1262], [1723, 1262], [1723, 1426], [1608, 1426]], '려', 0.6727745268545391), ([[254, 1237], [403, 1237], [403, 1726], [254, 1726]], '꿀', 0.15383329477597218), ([[1554, 1399], [1662, 1399], [1662, 1678], [1554, 1678]], '엇', 0.04314974511920866), ([[1404, 1626], [1484, 1626], [1484, 1786], [1404, 1786]], '3', 0.9922411133516427), ([[1410, 1819], [1449, 1819], [1449, 1870], [1410, 1870]], '5', 0.9999191777348102), ([[1175, 2023], [1254, 2023], [1254, 2096], [1175, 2096]], '4', 0.27482897023425323), ([[0, 1981], [532, 1981], [532, 2438], [0, 2438]], '@흡', 0.005827211858029451), ([[1118, 2072], [1282, 2072], [1282, 2380], [1118, 2380]], '5', 0.15183791233450794), ([[399, 2327], [591, 2327], [591, 2601], [399, 2601]], '틈', 0.0033370585746066994), ([[1575, 2270], [1822, 2270], [1822, 2659], [1575, 2659]], '틈', 0.13577052394776334), ([[943.5636206553, 192.01058549918187], [1012.1970668795924, 204.03855354798964], [975.4363793447, 415.98941450081816], [906.8029331204076, 403.96144645201036]], '#', 0.35565267631634256), ([[1508.512774462866, 554.011876488751], [1583.7353783318888, 543.1517279665309], [1616.487225537134, 778.988123511249], [1540.2646216681112, 789.8482720334691]], '"', 0.12578995490040157), ([[1408.5825797292723, 1184.1165159458544], [1753.9964230534101, 982.4651146279098], [1879.4174202707277, 1197.8834840541456], [1534.0035769465899, 1399.5348853720902]], "'버가", 0.3268100192352038), ([[350.43374147476163, 1713.0145846103758], [432.5500790325997, 1703.2996683730132], [457.56625852523837, 1928.9854153896242], [376.4499209674003, 1938.7003316269868]], '벼', 0.006525897036102402)]
[([[672, 118], [754, 118], [754, 180], [672, 180]], '더는', 0.8902901338898166), ([[1351, 125], [1395, 125], [1395, 174], [1351, 174]], '이', 0.99747043086143), ([[673, 185], [755, 185], [755, 242], [673, 242]], '안돼', 0.6999550247754394), ([[1290, 179], [1328, 179], [1328, 228], [1290, 228]], '이', 0.9949778351666652), ([[1775, 205], [1860, 205], [1860, 262], [1775, 262]], '기다', 0.9999730261235074), ([[62, 244], [178, 244], [178, 306], [62, 306]], '으핵어', 0.2615304087385073), ([[1268, 238], [1350, 238], [1350, 299], [1268, 299]], '이상', 0.9994958766241977), ([[1477, 233], [1538, 233], [1538, 341], [1477, 341]], '류', 0.2319731098732838), ([[1775, 268], [1855, 268], [1855, 321], [1775, 321]], '허0', 0.40326824577490816), ([[1154, 322], [1234, 322], [1234, 379], [1154, 379]], '[무리', 0.9277840027719391), ([[1288, 300], [1330, 300], [1330, 360], [1288, 360]], '은', 0.999964475947209), ([[593, 373], [675, 373], [675, 434], [593, 434]], '위험', 0.9996976518978528), ([[1170, 385], [1219, 385], [1219, 436], [1170, 436]], '야', 0.9995648142408164), ([[593, 440], [677, 440], [677, 500], [593, 500]], '하다', 0.9999916549341934), ([[344, 716], [422, 716], [422, 773], [344, 773]], '오욕', 0.9599505346452477), ([[919, 748], [983, 748], [983, 857], [919, 857]], '쏘', 0.0111527934407612), ([[731, 719], [928, 719], [928, 1185], [731, 1185]], '심', 0.0015528755315070836), ([[1073, 810], [1316, 810], [1316, 1084], [1073, 1084]], '@군', 0.05735339988744271), ([[955, 952], [1151, 952], [1151, 1271], [955, 1271]], '출', 0.03600712691786612), ([[721, 1272], [768, 1272], [768, 1317], [721, 1317]], '0', 0.9987235568865493), ([[1657, 1234], [1760, 1234], [1760, 1303], [1657, 1303]], '호오', 0.9798433596113142), ([[882, 1206], [1014, 1206], [1014, 1475], [882, 1475]], '귀', 0.009812229494322866), ([[1656, 1314], [1756, 1314], [1756, 1394], [1656, 1394]], '옷0', 0.617247701976583), ([[1500, 1419], [1602, 1419], [1602, 1485], [1500, 1485]], '오오', 0.9538291615892631), ([[972, 1465], [1047, 1465], [1047, 1542], [972, 1542]], '8', 0.8596221744647323), ([[1500, 1502], [1602, 1502], [1602, 1568], [1500, 1568]], '오오', 0.9776341474088227), ([[1474, 1582], [1623, 1582], [1623, 1659], [1474, 1659]], '오옷,', 0.12385442339680962), ([[1166, 2374], [1223, 2374], [1223, 2436], [1166, 2436]], '그', 0.9871783244789221), ([[498, 2476], [646, 2476], [646, 2633], [498, 2633]], '{칙', 0.036034331682248594), ([[1506.930985278494, 405.448167612687], [1592.8285733920186, 351.8769947167188], [1614.069014721506, 392.551832387313], [1528.1714266079814, 446.1230052832812]], "'싸_새", 0.01114710047841072), ([[177.11353977381626, 779.0327869465195], [340.83672708598573, 841.0272121523357], [300.8864602261837, 937.9672130534805], [137.16327291401427, 874.9727878476643]], '시소', 0.1716442887712259), ([[603.4227587048832, 907.0104161252642], [718.0899228852395, 888.3011982443477], [765.5772412951168, 1215.989583874736], [649.9100771147605, 1234.6988017556523]], '"', 0.08037839298327132), ([[85.357222801515, 1823.0159005906028], [185.35635273727664, 1808.440744595997], [216.64277719848502, 2050.984099409397], [116.64364726272336, 2065.5592554040027]], '#', 0.03523797069932755)]
[([[35, 112], [209, 112], [209, 295], [35, 295]], '71', 0.25197724356787365), ([[808, 142], [888, 142], [888, 249], [808, 249]], '햄', 0.00512630786270224), ([[639, 313], [719, 313], [719, 370], [639, 370]], '기다', 0.9999742905192073), ([[638, 375], [720, 375], [720, 437], [638, 437]], '혀어', 0.5964532496481757), ([[874, 573], [916, 573], [916, 619], [874, 619]], '그', 0.877538520646258), ([[54, 635], [152, 635], [152, 690], [54, 690]], '나 더', 0.7506763935089111), ([[864, 635], [958, 635], [958, 690], [864, 690]], '그런!', 0.8441317986066292), ([[28, 697], [178, 697], [178, 763], [28, 763]], '이상은!', 0.9616093080036527), ([[413, 662], [538, 662], [538, 802], [413, 802]], '$', 0.005199600271368121), ([[1755, 700], [1858, 700], [1858, 757], [1755, 757]], '하에?', 0.9224845724310707), ([[1604, 1037], [1680, 1037], [1680, 1093], [1604, 1093]], '오욕', 0.9531595806768298), ([[1759, 974], [1808, 974], [1808, 1165], [1759, 1165]], '{', 0.8016027021699443), ([[32, 1166], [105, 1166], [105, 1293], [32, 1293]], '', 0.0), ([[199, 1461], [250, 1461], [250, 1497], [199, 1497]], '12', 0.39820290218335785), ([[100, 1794], [190, 1794], [190, 1976], [100, 1976]], '"', 0.025638241161024533), ([[1716, 1898], [1836, 1898], [1836, 1960], [1716, 1960]], '햇?*', 0.020651990959623945), ([[1718, 1963], [1836, 1963], [1836, 2023], [1718, 2023]], '오고오', 0.9975708549443771), ([[1736, 2026], [1820, 2026], [1820, 2090], [1736, 2090]], '오욕', 0.9757662449700144), ([[1740, 2096], [1780, 2096], [1780, 2145], [1740, 2145]], '0', 0.950691298210188), ([[51, 2083], [132, 2083], [132, 2247], [51, 2247]], '중', 0.6784105199181454), ([[1487, 2162], [1554, 2162], [1554, 2315], [1487, 2315]], '출', 0.067738192205824), ([[602, 2562], [642, 2562], [642, 2604], [602, 2604]], '이', 0.8147366689898696), ([[1105.3552527205075, 972.0115509021598], [1233.9278498642357, 950.4337825516128], [1282.6447472794925, 1286.9884490978402], [1154.0721501357643, 1307.5662174483873]], '다', 0.013138381509363362), ([[1357.352899891734, 1535.052689339578], [1385.5151543239092, 1527.033311705899], [1404.647100108266, 1603.947310660422], [1377.4848456760908, 1611.966688294101]], '"', 0.15327784751661966), ([[629.4878524802684, 2350.013123365234], [706.122783012082, 2363.411804950333], [669.5121475197316, 2564.986876634766], [593.877216987918, 2551.588195049667]], '통', 0.17480942873749772), ([[553.3720224662794, 2561.024685321748], [611.538314077178, 2551.1492936750915], [637.6279775337206, 2703.975314678252], [579.461685922822, 2714.8507063249085]], '탑', 0.018265252761921147)]
[([[993, 89], [1029, 89], [1029, 133], [993, 133]], '오', 0.9999747277902884), ([[556, 121], [587, 121], [587, 155], [556, 155]], '4', 0.5411576875759607), ([[1005, 143], [1042, 143], [1042, 187], [1005, 187]], '핵', 0.6052652612381735), ([[483, 141], [574, 141], [574, 238], [483, 238]], '1', 0.9914733320474625), ([[902, 173], [969, 173], [969, 226], [902, 226]], '위험', 0.9992802920010256), ([[1306, 105], [1481, 105], [1481, 281], [1306, 281]], '그', 0.25008035351680746), ([[1573, 182], [1655, 182], [1655, 235], [1573, 235]], '기다', 0.9999254008931412), ([[900, 227], [971, 227], [971, 283], [900, 283]], "'햇9", 0.6553990022174057), ([[710, 298], [794, 298], [794, 360], [710, 360]], '주거', 0.9842094442768422), ([[377, 302], [552, 302], [552, 428], [377, 428]], '엔0', 0.03297095693501018), ([[710, 361], [792, 361], [792, 423], [710, 423]], '버려', 0.9998069728907963), ([[1475, 266], [1602, 266], [1602, 456], [1475, 456]], '값', 0.5682782045490775), ([[151, 454], [175, 454], [175, 492], [151, 492]], '0', 0.9985256864707139), ([[732, 431], [772, 431], [772, 475], [732, 475]], '0', 0.9881606947318211), ([[1747, 424], [1829, 424], [1829, 484], [1747, 484]], '카학', 0.9991542175488727), ([[126, 461], [155, 461], [155, 506], [126, 506]], '0', 0.9999345551708281), ([[410, 428], [532, 428], [532, 583], [410, 583]], '닭', 0.23876626370921272), ([[569, 556], [654, 556], [654, 613], [569, 613]], '이젠', 0.5032246097397377), ([[1532, 452], [1640, 452], [1640, 639], [1532, 639]], '똑', 0.04833266132053282), ([[165, 645], [214, 645], [214, 687], [165, 687]], '오?', 0.9996614932960557), ([[376, 592], [478, 592], [478, 728], [376, 728]], "4'", 0.18367272849255858), ([[568, 618], [691, 618], [691, 682], [568, 682]], '안나아', 0.9847539472236758), ([[1414, 671], [1530, 671], [1530, 716], [1414, 716]], '간다간다', 0.9949537515640259), ([[145, 692], [230, 692], [230, 734], [145, 734]], '오오오', 0.8851927867908629), ([[1044, 652], [1156, 652], [1156, 787], [1044, 787]], '딸', 0.057195995186262394), ([[1414, 721], [1530, 721], [1530, 765], [1414, 765]], '간다간다', 0.9986339211463928), ([[138, 741], [239, 741], [239, 783], [138, 783]], '오오*?', 0.35604411363601685), ([[512, 784], [556, 784], [556, 835], [512, 835]], '1', 0.3231082000086225), ([[1121, 761], [1180, 761], [1180, 816], [1121, 816]], '2', 0.1018090383838377), ([[1344, 774], [1421, 774], [1421, 852], [1344, 852]], '인', 0.8834341593363924), ([[1441, 768], [1503, 768], [1503, 813], [1441, 813]], '간다', 0.9838049787832648), ([[348, 805], [430, 805], [430, 871], [348, 871]], '나온', 0.8278589227637055), ([[1004, 782], [1128, 782], [1128, 923], [1004, 923]], '덕00', 0.07069875898290204), ([[1427, 815], [1518, 815], [1518, 863], [1427, 863]], '간다앗', 0.38490368433196137), ([[350, 876], [394, 876], [394, 932], [350, 932]], '탓', 0.28489841334148025), ([[455, 893], [505, 893], [505, 985], [455, 985]], '{', 0.010535646238901686), ([[887, 916], [955, 916], [955, 964], [887, 964]], '끼히', 0.9771580523192496), ([[886, 968], [957, 968], [957, 1020], [886, 1020]], '익0', 0.2031815381160437), ([[977, 990], [1025, 990], [1025, 1039], [977, 1039]], '이', 0.2413171423788265), ([[951, 1169], [1044, 1169], [1044, 1231], [951, 1231]], '00산', 0.04130736432968693), ([[1092, 1194], [1141, 1194], [1141, 1231], [1092, 1231]], '시컷', 0.796091754678295), ([[965, 1366], [1014, 1366], [1014, 1421], [965, 1421]], '여?', 0.36166841825461166), ([[831, 1518], [876, 1518], [876, 1569], [831, 1569]], '0', 0.9999912977407952), ([[685, 1576], [727, 1576], [727, 1629], [685, 1629]], '0', 0.9899319002820484), ([[801, 1613], [834, 1613], [834, 1646], [801, 1646]], '증', 0.006255469574846517), ([[1372.3114809608944, 251.01976871956182], [1502.6023574845988, 369.93645616979694], [1432.6885190391056, 448.98023128043815], [1301.3976425154012, 329.06354383020306]], '*0', 0.004426854580171805), ([[61.14671816634804, 496.0405407466544], [114.49648041554403, 458.013704478653], [219.85328183365195, 618.9594592533456], [166.50351958445597, 656.986295521347]], '콩', 0.03513716978998027), ([[1224.211611173429, 589.1236004486892], [1401.1775440897509, 569.9118854915886], [1406.788388826571, 686.8763995513108], [1229.8224559102491, 706.0881145084114]], "'라00", 0.09297482669353485), ([[422.39090974857226, 723.3463660697173], [531.237317265259, 694.1836150726501], [548.6090902514278, 779.6536339302827], [439.762682734741, 808.8163849273499]], '6"\'', 0.07750192490342253), ([[34.50051572989485, 804.0113460576868], [115.39101151547739, 795.263004892762], [138.49948427010514, 1045.9886539423132], [57.60898848452261, 1054.736995107238]], '"', 0.10617082924429955), ([[1381.3803102706884, 880.0120049837578], [1500.4240332477316, 866.6237868828841], [1528.6196897293116, 1169.9879950162422], [1409.5759667522684, 1182.3762131171159]], '심', 0.05131576689478834), ([[925.9780847968506, 1032.0435921231513], [1007.6177365729873, 993.0159104840462], [1084.0219152031495, 1172.9564078768487], [1002.3822634270127, 1210.9840895159539]], '2', 0.0602741050219644), ([[862.8834515520108, 1202.0480380033257], [940.5984432395493, 1152.0137817017794], [1051.116548447989, 1343.9519619966743], [973.4015567604507, 1394.9862182982206]], '몸', 0.12497045252693884), ([[611.0867687507281, 1625.0321162603393], [696.5772079770694, 1584.0128205159392], [787.9132312492719, 1792.9678837396607], [703.4227920229306, 1834.9871794840608]], '오', 0.15516259209249483), ([[945.7428254676148, 1810.1331855155356], [989.61066019285, 1844.8738550848147], [927.2571745323852, 1919.8668144844644], [883.38933980715, 1885.1261449151853]], '0', 0.997262565690594), ([[845.1813808269621, 1912.0305030812924], [914.5359480908475, 1876.013064137626], [1004.8186191730379, 2067.9694969187076], [935.4640519091525, 2102.9869358623737]], '8', 0.041297239840327515)]
[([[558, 311], [607, 311], [607, 409], [558, 409]], '1', 0.8147545309534543), ([[570, 435], [615, 435], [615, 495], [570, 495]], '아', 0.042633447417395054), ([[1712, 501], [1798, 501], [1798, 614], [1712, 614]], '[', 0.09374246967480815), ([[1789, 1125], [1869, 1125], [1869, 1221], [1789, 1221]], '[', 0.9839243129103501), ([[744, 1444], [830, 1444], [830, 1575], [744, 1575]], '셈', 0.001596471492881557), ([[559, 1810], [775, 1810], [775, 2021], [559, 2021]], '새', 0.9823918348598113), ([[1741, 2056], [1768, 2056], [1768, 2103], [1741, 2103]], '옷', 0.5306556417483677)]
[([[1137, 192], [1242, 192], [1242, 339], [1137, 339]], '좋', 0.0067086267297025715), ([[298, 339], [362, 339], [362, 437], [298, 437]], '후', 0.9995782820044639), ([[1116, 457], [1176, 457], [1176, 514], [1116, 514]], '0', 0.995209127717235), ([[1417, 470], [1682, 470], [1682, 829], [1417, 829]], '월', 0.03899621131942532), ([[1498, 1123], [1532, 1123], [1532, 1149], [1498, 1149]], '7', 0.9975279369071046), ([[1797, 1500], [1852, 1500], [1852, 1542], [1797, 1542]], '00', 0.7171156576312295), ([[633, 2244], [651, 2244], [651, 2280], [633, 2280]], '0', 0.6341289935276997), ([[1253.5798976692804, 232.00981012259896], [1324.8562341974541, 250.42260008845528], [1270.4201023307196, 463.990189877401], [1199.1437658025459, 446.5773999115447]], '"', 0.45086994155377624), ([[178.39879210186643, 695.0139094003152], [280.16259134534033, 729.7779113082613], [209.60120789813357, 936.9860905996848], [107.83740865465965, 903.2220886917387]], '값', 0.004114488154149998), ([[98.56879950923485, 988.435758674934], [184.70064291309737, 920.5419408599846], [219.43120049076515, 974.564241325066], [133.29935708690263, 1043.4580591400154]], '총0', 0.011523902448469318), ([[1836.2701914128863, 1161.4801499298376], [1888.0815870311656, 1202.2782900274167], [1788.7298085871137, 1322.5198500701624], [1736.9184129688344, 1281.7217099725833]], '8', 0.6375587518281378), ([[76.31030298491002, 1771.0340601475914], [124.51710179860719, 1754.019125718803], [166.68969701508996, 1885.9659398524086], [119.48289820139281, 1902.980874281197]], '슈', 0.01766435863084226), ([[175.55136647551893, 2012.0201678782603], [214.8414823144601, 2006.071317872448], [232.44863352448107, 2132.97983212174], [192.1585176855399, 2138.928682127552]], '쇼', 0.04055725316331604), ([[447.48466994708195, 2065.02217138615], [494.9011082738779, 2071.7479936421178], [477.51533005291805, 2192.97782861385], [431.0988917261221, 2187.2520063578822]], '뉴', 0.029854604389983885)]
[([[84, 1839], [719, 1839], [719, 1942], [84, 1942]], '[탁]아풀,아-|~핸', 1.871102952857573e-06), ([[91, 1936], [459, 1936], [459, 1978], [91, 1978]], "닦감 도 '스 ", 0.0006794753019520624)]
[([[191, 65], [438, 65], [438, 614], [191, 614]], '{', 0.06054616836360105), ([[1791.7116867471984, 1474.1688253019938], [1827.8245559905852, 1495.779321271086], [1762.2883132528016, 1603.8311746980062], [1725.1754440094148, 1582.220678728914]], '1', 0.21923434577623713)]
[([[365, 655], [422, 655], [422, 706], [365, 706]], '아!', 0.9170545435573785), ([[1365, 866], [1478, 866], [1478, 958], [1365, 958]], '[눈@', 0.1650491834436119), ([[1414, 957], [1474, 957], [1474, 997], [1414, 997]], '00', 0.9913751296552842), ([[1408, 1660], [1494, 1660], [1494, 1724], [1408, 1724]], '안녕', 0.9960888248430617), ([[1039, 2430], [1084, 2430], [1084, 2459], [1039, 2459]], '무', 0.003244415469068118), ([[143.53337113927893, 1982.0538474941932], [287.2781851277741, 1944.37131187534], [332.4666288607211, 2157.946152505807], [188.72181487222588, 2196.62868812466]], '곳', 0.20157771816622372), ([[791.9501552810008, 2505.9750776405003], [1030.6067408128117, 2438.189855074251], [1049.0498447189993, 2509.0249223594997], [811.3932591871883, 2576.810144925749]], '그">', 0.0036681495606664728)]
[]
[([[749, 243], [895, 243], [895, 296], [749, 296]], '에에~~?', 0.9956994530418886), ([[1708, 279], [1783, 279], [1783, 330], [1708, 330]], '그러', 0.999250795555277), ([[1692, 342], [1797, 342], [1797, 397], [1692, 397]], '니까: ', 0.4006076753139496), ([[1698, 406], [1793, 406], [1793, 468], [1698, 468]], '나는!', 0.7740721947828523), ([[1194, 982], [1312, 982], [1312, 1044], [1194, 1044]], '가볍게', 0.9487104960124922), ([[1204, 1051], [1300, 1051], [1300, 1104], [1204, 1104]], '라고!', 0.9083997722621963), ([[680, 1485], [728, 1485], [728, 1538], [680, 1538]], '오', 0.9998287035871591), ([[1140, 1741], [1204, 1741], [1204, 1807], [1140, 1807]], '(', 0.18596862503414968), ([[1757, 1825], [1822, 1825], [1822, 1878], [1757, 1878]], '어?', 0.99986133968425), ([[1618, 1978], [1752, 1978], [1752, 2033], [1618, 2033]], '뛰야 ?', 0.6752556562423706), ([[67, 2348], [254, 2348], [254, 2412], [67, 2412]], '메인터년스', 0.997611018107405), ([[126, 2414], [193, 2414], [193, 2465], [126, 2465]], '야?', 0.9998835923889712), ([[1113, 2620], [1217, 2620], [1217, 2684], [1113, 2684]], '신형?', 0.9994753615376248)]
[([[976, 2009], [1156, 2009], [1156, 2121], [976, 2121]], '000', 0.09628780142476355), ([[319, 2556], [427, 2556], [427, 2693], [319, 2693]], '애', 0.27358143787958866), ([[296.5109319986677, 2148.007476356432], [411.71557715445465, 2132.2321326515535], [459.4890680013323, 2506.992523643568], [344.28442284554535, 2523.7678673484465]], '벼', 0.020441293162161367)]
[([[376, 1471], [1073, 1471], [1073, 1672], [376, 1672]], '쏘-산야_', 0.004966854306917384), ([[483, 1594], [1266, 1594], [1266, 1803], [483, 1803]], '일 6 95-중백', 0.014323912551254677), ([[853, 1780], [1153, 1780], [1153, 1916], [853, 1916]], '7363', 0.023616313934326172), ([[842, 1908], [1313, 1908], [1313, 2043], [842, 2043]], '시1:7사', 0.007671415409223214), ([[1214.7095603064831, 1719.2963291646363], [1401.8629695686395, 1695.6212205396198], [1406.2904396935169, 1774.7036708353637], [1219.1370304313605, 1797.3787794603802]], '"000', 0.2508420944213867)]
[([[692, 1389], [1278, 1389], [1278, 1451], [692, 1451]], "'참;++~,이지: @*`;검고미_", 2.921767247041398e-05), ([[500, 1444], [1465, 1444], [1465, 1528], [500, 1528]], '명슷머5^3어,: :니검.+하 {라미이어.((', 9.607530679153964e-07), ([[1309, 2692], [1627, 2692], [1627, 2756], [1309, 2756]], '#주 #솜-', 0.030291750309202572), ([[1306, 2743], [1812, 2743], [1812, 2821], [1306, 2821]], '닷@명어도( 1$ [외|교+.꺾.', 9.671098007831745e-06)]
[([[156, 1690], [500, 1690], [500, 1790], [156, 1790]], '표 6서넷', 0.006302538948669258), ([[153, 1765], [606, 1765], [606, 1875], [153, 1875]], '#습방다 료*', 0.0027652441979994424), ([[157, 1858], [421, 1858], [421, 1922], [157, 1922]], '새0 00000033', 0.15684903654679863), ([[814, 2119], [930, 2119], [930, 2196], [814, 2196]], ':[', 0.11280364729818361)]
[([[148, 535], [256, 535], [256, 735], [148, 735]], '쇼', 0.007444898514938958), ([[620, 2080], [664, 2080], [664, 2122], [620, 2122]], '차', 0.03160606832690238), ([[566.9815420665362, 2036.074486052446], [621.7938435926183, 2027.5817106656068], [633.0184579334638, 2117.925513947554], [579.2061564073817, 2125.418289334393]], "한'", 0.34755001201096486), ([[1696.2481463178192, 2388.031459648271], [1759.8295120554913, 2420.1384502830824], [1683.7518536821808, 2572.968540351729], [1619.1704879445087, 2540.8615497169176]], '평', 0.018424598408191883)]
[([[871, 1260], [1052, 1260], [1052, 1518], [871, 1518]], '곳"', 0.12644770444424136), ([[523, 2618], [704, 2618], [704, 2795], [523, 2795]], '4', 0.5245531122402589)]
[([[74, 555], [166, 555], [166, 648], [74, 648]], '7', 0.724807190473431), ([[238, 1959], [324, 1959], [324, 2043], [238, 2043]], '민', 0.04072298286598741), ([[1357, 2021], [1421, 2021], [1421, 2069], [1357, 2069]], '잔량', 0.9264509800406859), ([[1349, 2073], [1429, 2073], [1429, 2111], [1349, 2111]], '0,.041', 0.409669745382023), ([[1371, 2121], [1409, 2121], [1409, 2160], [1371, 2160]], '%', 0.9999389657750726), ([[1571, 2284], [1630, 2284], [1630, 2332], [1571, 2332]], '보급', 0.9992218892858614), ([[1567, 2332], [1629, 2332], [1629, 2376], [1567, 2376]], '해쥐', 0.9341368547584263)]
[([[565, 92], [618, 92], [618, 145], [565, 145]], '하', 0.9998476563305445), ([[1680, 273], [1719, 273], [1719, 333], [1680, 333]], '응', 0.9981560870325303), ([[1414, 363], [1526, 363], [1526, 467], [1414, 467]], '떼', 0.04599717596890063), ([[1412, 753], [1605, 753], [1605, 905], [1412, 905]], '0"', 0.10739641272800152), ([[1454, 903], [1529, 903], [1529, 989], [1454, 989]], '구', 0.6881060789466495), ([[1499, 995], [1561, 995], [1561, 1052], [1499, 1052]], '2', 0.2190076489410444), ([[541, 1387], [590, 1387], [590, 1431], [541, 1431]], '"', 0.07583604048042591), ([[1510, 2151], [1543, 2151], [1543, 2193], [1510, 2193]], '0', 0.999992728246557), ([[1639, 2398], [1757, 2398], [1757, 2459], [1639, 2459]], '이걸로', 0.25703592546323173), ([[1642, 2461], [1760, 2461], [1760, 2525], [1642, 2525]], '조금은', 0.9998410147526916), ([[1617, 2526], [1780, 2526], [1780, 2590], [1617, 2590]], '움직일 수', 0.9921231252089601), ([[1606, 2591], [1773, 2591], [1773, 2655], [1606, 2655]], '있으려나 ', 0.6458209943503807), ([[432.5246508801263, 147.01413478612147], [495.3423947843869, 137.11343064172698], [522.4753491198737, 330.9858652138785], [460.6576052156131, 340.886569358273]], '7', 0.09886800434186771), ([[229.0604346124799, 458.0339976522224], [322.58777901577133, 431.2601648454333], [371.93956538752013, 621.9660023477776], [278.41222098422867, 648.7398351545667]], '향', 0.0967519898953384), ([[1472.9022400030797, 449.04643203633987], [1627.8166545820725, 479.58089726172466], [1602.0977599969203, 592.9535679636601], [1447.1833454179275, 562.4191027382753]], '다', 0.3806598539075736), ([[1709.6158283444886, 519.0092295653609], [1774.362153788134, 528.7408043210742], [1744.3841716555114, 742.9907704346391], [1679.637846211866, 733.2591956789258]], '3', 0.21166123680592364), ([[1551.1780050634732, 2194.0680303808394], [1607.9916195206124, 2226.710630752428], [1585.8219949365268, 2263.9319696191606], [1529.0083804793876, 2231.289369247572]], '090', 0.11042525608052993)]
