2399389
12
[([[286, 110], [460, 110], [460, 142], [286, 142]], '너어어* 독이어,;37!', 0.0005432040758067683), ([[321, 143], [423, 143], [423, 173], [321, 173]], '-물목하라!', 6.749867280525467e-05), ([[265, 173], [479, 173], [479, 211], [265, 211]], "1+'$ 세교73버커 (어탁목!", 3.8200540444878974e-05), ([[582, 294], [742, 294], [742, 324], [582, 324]], "1+' 00, ,즌담,", 0.0031751664105164504), ([[600, 330], [722, 330], [722, 358], [600, 358]], '벼~,거 어담7', 0.000347607696989079), ([[601, 357], [723, 357], [723, 387], [601, 387]], '7서,~컨+리!', 0.006330240621118523), ([[772, 786], [854, 786], [854, 814], [772, 814]], '47]담', 0.0061833919025957584), ([[754, 818], [876, 818], [876, 848], [754, 848]], '7서마~-+리!', 0.002349575112683292), ([[840, 1055], [1050, 1055], [1050, 1086], [840, 1086]], '[,기곤안-하기마 -3어리!', 1.8318592983254344e-05), ([[876, 1088], [1014, 1088], [1014, 1118], [876, 1118]], '표어4 웃어 ;+!', 0.0030051740820094606), ([[840, 1120], [950, 1120], [950, 1150], [840, 1150]], "표어산'즌?", 0.006082340420526829), ([[949, 1116], [1052, 1116], [1052, 1157], [949, 1157]], '9~,디째!', 0.0002870266817331089)]
[]
[]
[]
[([[881, 85], [1189, 85], [1189, 124], [881, 124]], '미아+ +기 6@ +어0 -4,명싣;-.것.', 3.580832139595775e-05), ([[836, 120], [1184, 120], [1184, 152], [836, 152]], '7;도 7서,~-+리 <37 교라. +즌', 4.886739252356758e-05), ([[54, 122], [246, 122], [246, 196], [54, 196]], '@채.', 0.005259245241279957), ([[815, 153], [1205, 153], [1205, 189], [815, 189]], '나-서, +,라"곤)<물 교7+기 리물거 +커명입!', 4.933184627769311e-07), ([[1119, 301], [1190, 301], [1190, 334], [1119, 334]], '답~<~,', 0.000670902063590659), ([[1038, 336], [1072, 336], [1072, 362], [1038, 362]], '1"1', 0.4586963038162704), ([[1124, 334], [1272, 334], [1272, 364], [1124, 364]], '+실;도 어7 3,어', 0.0013805254855238111), ([[1076, 366], [1292, 366], [1292, 398], [1076, 398]], '(라마 +룹~7 찮리 어산', 0.0001542546327028949), ([[1031, 397], [1278, 397], [1278, 435], [1031, 435]], '+서 +커명처 >어산 버리,+.', 0.00023468613635915168), ([[990, 576], [1112, 576], [1112, 604], [990, 604]], '들어33라답', 0.0005411460667836966), ([[922, 608], [1174, 608], [1174, 638], [922, 638]], '+^;- ;- (,-서/;~+라6|~.', 1.0201105444159886e-05), ([[994, 922], [1194, 922], [1194, 952], [994, 952]], '요서버 나엇. +지~7', 8.273302185448779e-05), ([[1044, 954], [1156, 954], [1156, 982], [1044, 982]], '표어어풍', 0.0003531181428115815), ([[830.9563638994289, 83.13854642788694], [885.7043694390782, 92.49081245074592], [879.0436361005711, 127.86145357211306], [824.2956305609218, 117.50918754925408]], '가다거', 0.0027893585667011496), ([[1070.2802656784306, 336.3885579247043], [1124.1914692956889, 331.5886676432572], [1126.7197343215694, 364.6114420752957], [1072.8085307043111, 370.4113323567428]], '명4+', 0.015366672964504481), ([[1019.6027607015021, 371.34524533285406], [1073.504318037472, 366.34821576251846], [1075.3972392984979, 395.65475466714594], [1021.495681962528, 400.65178423748154]], '~어4', 0.0020525987382286775)]
[([[921, 185], [1198, 185], [1198, 235], [921, 235]], '씨-물어값교! +영명.?', 0.0001880285107857935)]
[([[348, 112], [440, 112], [440, 144], [348, 144]], '주3-!', 0.047742314636707306), ([[274, 148], [512, 148], [512, 180], [274, 180]], '씨-비어렁 7거꾸되!?', 3.9892008664338985e-05), ([[1474, 105], [1793, 105], [1793, 201], [1474, 201]], '[@@`찌', 0.03489196184043728), ([[648, 253], [871, 253], [871, 293], [648, 293]], "가서마~'$ 70 버라거", 0.0002921835782811745), ([[617, 287], [901, 287], [901, 324], [617, 324]], '+룹3+\'$ @담~7 5@굽아+톤|커"', 1.8955044474240402e-05), ([[667, 322], [818, 322], [818, 350], [667, 350]], '명즌`-;. 6즌?', 0.001489347682855027), ([[1674, 388], [1768, 388], [1768, 418], [1674, 418]], '-3어3(오)', 0.036285773679298056), ([[1634, 418], [1806, 418], [1806, 448], [1634, 448]], '(온어물교!-+커명즌)', 3.8830657037874485e-05), ([[1644, 1127], [1752, 1127], [1752, 1153], [1644, 1153]], '"4:이/', 0.00034934890630479437), ([[1562, 1155], [1834, 1155], [1834, 1182], [1562, 1182]], '7서마서하+리 @너두서-+$ 버수시/ 7아+', 5.469938718029974e-06), ([[1580, 1184], [1816, 1184], [1816, 1214], [1580, 1214]], '(서3-+;+라+. 나7+기/ >어나,', 8.340134883920007e-06), ([[1544, 1212], [1848, 1212], [1848, 1240], [1544, 1240]], '[기*~악아7 3,. ;7-3명3-;+3+깨어', 9.101881768949262e-07), ([[1592, 1239], [1804, 1239], [1804, 1266], [1592, 1266]], '-리++;아7 ;- 리어최-.천!', 0.00013137208364883004)]
[([[287, 125], [457, 125], [457, 161], [287, 161]], '보민아, 이거야!', 0.6744406649614664), ([[279, 157], [467, 157], [467, 195], [279, 195]], '드디어 완성햇에!', 0.40241431825160195), ([[569, 309], [739, 309], [739, 345], [569, 345]], '우리들의 새로운.', 0.8107571123443283), ([[607, 341], [719, 341], [719, 377], [607, 377]], '테라스틱!', 0.5672894570731463), ([[751, 783], [873, 783], [873, 819], [751, 819]], '새 새로운', 0.9856968628788279), ([[751, 817], [875, 817], [875, 853], [751, 853]], '테라스틱?!', 0.6605272009803616), ([[881, 1071], [1005, 1071], [1005, 1107], [881, 1107]], '올림박사님', 0.9639121235714465), ([[841, 1103], [1049, 1103], [1049, 1139], [841, 1139]], '드디어 해내션군요!', 0.37808165524034343)]
[([[919, 86], [1101, 86], [1101, 123], [919, 123]], '놀라지말고 들에!', 0.9342185884987951), ([[848, 122], [878, 122], [878, 146], [848, 146]], '이', 0.9998599339897432), ([[879, 119], [1173, 119], [1173, 155], [879, 155]], '테라스틱올 착용하면 누구나', 0.8382952777817568), ([[55, 119], [221, 119], [221, 209], [55, 209]], '업월', 0.0030122840093728567), ([[800, 149], [1219, 149], [1219, 189], [800, 189]], '자신이 원하는 타입으로 변할 수 있다고!', 0.6808856760858812), ([[1009, 331], [1304, 331], [1304, 369], [1009, 369]], '자, 내가 한번 보여출테니까', 0.7401042645751695), ([[1037, 365], [1277, 365], [1277, 401], [1037, 401]], '아무 타입이나 불러보!', 0.7547330209738545), ([[1004, 558], [1074, 558], [1074, 590], [1004, 590]], '우오오.', 0.9539769887924194), ([[923, 587], [1173, 587], [1173, 627], [923, 627]], '원하는 타입으로 변신활', 0.5021313762003898), ([[915, 623], [1187, 623], [1187, 659], [915, 659]], '수 있는 테라스틱이라니', 0.3286952000386992), ([[1008, 922], [1038, 922], [1038, 954], [1008, 954]], '엄', 0.9618468767012587), ([[1052, 918], [1183, 918], [1183, 955], [1052, 955]], '저기. 그럼', 0.8024796704440127), ([[1061.1535010280254, 950.1219034952862], [1128.8746570402038, 959.1418934208347], [1123.8464989719746, 989.8780965047138], [1056.1253429597962, 980.8581065791653]], '저논 ', 0.39420666725087444)]
[([[967, 187], [1151, 187], [1151, 229], [967, 229]], '암돼지 타입?', 0.9088430186184017)]
[([[325, 93], [459, 93], [459, 135], [325, 135]], '뭐  뭐?!', 0.7383084082571924), ([[284, 136], [500, 136], [500, 184], [284, 184]], '암돼지 타입?', 0.9557367389351725), ([[1510, 144], [1712, 144], [1712, 244], [1510, 244]], '피직', 0.010149112440688187), ([[698, 252], [820, 252], [820, 284], [698, 284]], '너 너.!', 0.5626900294955495), ([[621, 285], [895, 285], [895, 327], [621, 327]], '진심으로 그런게 된다고', 0.9760716875092212), ([[637, 323], [869, 323], [869, 359], [637, 359]], '생각. 하는  건 _ 아니.?.', 0.3039626152311842), ([[1682, 408], [1800, 408], [1800, 440], [1682, 440]], '올림박사(오)', 0.7778928017944993), ([[1672, 436], [1808, 436], [1808, 468], [1672, 468]], '(암돼지 타입)', 0.8429560916255562), ([[1676, 1142], [1722, 1142], [1722, 1172], [1676, 1172]], '주의', 0.5603566525061722), ([[1555, 1165], [1843, 1165], [1843, 1204], [1555, 1204]], '테라스틱 효과는 해당 포켓든이', 0.46736369325906535), ([[1531, 1195], [1867, 1195], [1867, 1231], [1531, 1231]], '기절하기 전까지 해제되지 안습니다.', 0.6830312074139049), ([[1608, 1224], [1788, 1224], [1788, 1254], [1608, 1254]], '시용에 주의하세요!', 0.6465984084270744)]
[]
