2400063
16
[([[92, 30], [288, 30], [288, 224], [92, 224]], '나', 0.5616557787858625), ([[139, 203], [267, 203], [267, 311], [139, 311]], '희', 0.9275914920067727), ([[39, 287], [300, 287], [300, 1179], [39, 1179]], '"', 0.46788716934999286), ([[829, 1191], [965, 1191], [965, 1233], [829, 1233]], '편어시', 0.0004251783436308457), ([[82, 1160], [232, 1160], [232, 1354], [82, 1354]], '9', 0.9985661881510168), ([[454, 1250], [765, 1250], [765, 1325], [454, 1325]], '@8다 5 #제로', 0.013071508024463432), ([[834, 1230], [962, 1230], [962, 1304], [834, 1304]], '허18', 0.18231662071782262), ([[829, 1303], [967, 1303], [967, 1339], [829, 1339]], '묘 시미 (}', 0.12277312528923834), ([[840, 1344], [952, 1344], [952, 1370], [840, 1370]], '18품초#0', 0.05507908092044065), ([[822, 1364], [974, 1364], [974, 1396], [822, 1396]], '[시: [취도끝-', 0.009100843586072131)]
[]
[]
[]
[]
[]
[([[741, 693], [795, 693], [795, 731], [741, 731]], "'", 0.4796905656078856)]
[]
[([[1180, 104], [1240, 104], [1240, 128], [1180, 128]], '예혜혜0', 0.26932936906814575), ([[865, 129], [901, 129], [901, 149], [865, 149]], '신뜻한', 0.9438407751689176), ([[866, 144], [900, 144], [900, 168], [866, 168]], '아침', 0.8069064199592203), ([[1128, 170], [1164, 170], [1164, 194], [1128, 194]], '안녕~', 0.7456886768341064), ([[1121, 189], [1173, 189], [1173, 209], [1121, 209]], '오빠  가', 0.5389358679585665), ([[1118, 204], [1174, 204], [1174, 228], [1118, 228]], '아니라어', 0.24128717184066772), ([[882, 211], [1016, 211], [1016, 450], [882, 450]], '@', 0.9758397530732879), ([[1044, 420], [1112, 420], [1112, 450], [1044, 450]], '주인남0', 0.2506466805934906), ([[966, 514], [1060, 514], [1060, 564], [966, 564]], '여청최밤늄', 0.003944084337994084), ([[114, 612], [192, 612], [192, 638], [114, 638]], '만족스러우신', 0.9957002844275831), ([[125, 633], [179, 633], [179, 653], [125, 653]], '건가요0', 0.5697871446609497), ([[67, 677], [107, 677], [107, 697], [67, 697]], '그러면', 0.9997607663426412), ([[45, 691], [128, 691], [128, 719], [45, 719]], '더욱더 뽑아내', 0.85024934394303), ([[407, 699], [451, 699], [451, 719], [407, 719]], '게다가', 0.9996577385599572), ([[50, 712], [124, 712], [124, 736], [50, 736]], '드실게요-0', 0.153126110626526), ([[398, 716], [460, 716], [460, 740], [398, 740]], '기분 좋이', 0.3699963630316984), ([[975, 683], [1109, 683], [1109, 817], [975, 817]], '방', 0.007346409130884135), ([[517, 793], [633, 793], [633, 910], [517, 910]], '젊', 0.00638748290424479), ([[984, 782], [1126, 782], [1126, 906], [984, 906]], '해유', 0.08882519818583212), ([[1108.1626153221723, 632.0351223338498], [1226.9876994091837, 697.50415676692], [1184.8373846778277, 770.9648776661502], [1066.0123005908163, 705.49584323308]], '37', 0.35026513967968403)]
[([[250, 70], [306, 70], [306, 130], [250, 130]], '하', 0.23392683470536557), ([[359, 103], [411, 103], [411, 123], [359, 123]], '에하하다', 0.049208857119083405), ([[995, 0], [1129, 0], [1129, 151], [995, 151]], '@', 0.10565808137954846), ([[305, 177], [377, 177], [377, 221], [305, 221]], '자주워앗', 0.004233717452734709), ([[988, 138], [1102, 138], [1102, 234], [988, 234]], '부', 0.355898911882889), ([[312, 216], [368, 216], [368, 240], [312, 240]], '버로어0', 0.04051562398672104), ([[256, 210], [304, 210], [304, 272], [256, 272]], '해', 0.9018514046528345), ([[1146, 256], [1176, 256], [1176, 280], [1146, 280]], '엄청', 0.9850128985660397), ([[191, 279], [219, 279], [219, 299], [191, 299]], '오늘', 0.9999984827137908), ([[260, 270], [312, 270], [312, 318], [260, 318]], '야', 0.5747379819816878), ([[1130, 274], [1192, 274], [1192, 298], [1130, 298]], '팔골 나와!', 0.1393033416416904), ([[176, 294], [234, 294], [234, 320], [176, 320]], '아침 봉사 ', 0.5921044558008531), ([[168, 312], [242, 312], [242, 338], [168, 338]], '너무 중앙에', 0.44116320838968553), ([[107, 381], [193, 381], [193, 425], [107, 425]], '다른 이적관도', 0.016357042762056195), ([[908, 280], [1008, 280], [1008, 436], [908, 436]], '[', 0.9495451204844017), ([[116, 416], [182, 416], [182, 442], [116, 442]], '기대되다 ', 0.21597542447537585), ([[732, 412], [872, 412], [872, 468], [732, 468]], '08 7', 0.040885846227055635), ([[1073, 471], [1103, 471], [1103, 487], [1073, 487]], '하아', 0.9953673331092291), ([[1065, 487], [1105, 487], [1105, 507], [1065, 507]], '아앗이', 0.4313824319825082), ([[1010, 556], [1062, 556], [1062, 580], [1010, 580]], '배속어서', 0.6147416830062866), ([[1010, 572], [1064, 572], [1064, 600], [1010, 600]], '움필월필', 0.1868736445903778), ([[1014, 592], [1058, 592], [1058, 616], [1014, 616]], "'날뒤고", 0.32396358251571655), ([[1016, 610], [1058, 610], [1058, 634], [1016, 634]], '있어9', 0.7948404991501282), ([[102, 620], [144, 620], [144, 646], [102, 646]], '아웃0', 0.19713126950662566), ([[802, 664], [872, 664], [872, 688], [802, 688]], '이리야 장의', 0.748492696596481), ([[805, 683], [869, 683], [869, 703], [805, 703]], '미니메이드', 0.8990096318272198), ([[49, 693], [109, 693], [109, 737], [49, 737]], '표{', 0.07279447914853188), ([[805, 701], [871, 701], [871, 721], [805, 721]], '보지 최고 !', 0.6421997151080246), ([[1066, 493], [1277, 493], [1277, 910], [1066, 910]], '"', 0.18082774812031577), ([[753, 815], [797, 815], [797, 835], [753, 835]], '또나와', 0.9229732396854914), ([[68.3688575474865, 187.018121326265], [155.87057866805665, 215.31534051307855], [100.6311424525135, 382.98187867373497], [13.129421331943359, 354.6846594869214]], '@', 0.16653029313605217), ([[689.453412353454, 655.0135883044261], [776.1386072476034, 671.8721579187811], [735.546587646546, 877.9864116955739], [648.8613927523966, 861.1278420812189]], '8', 0.3425014698991369)]
[([[417, 41], [477, 41], [477, 101], [417, 101]], '9', 0.24364864963594446), ([[840, 78], [884, 78], [884, 102], [840, 102]], '아앗)', 0.4755355994470204), ([[281, 121], [309, 121], [309, 141], [281, 141]], '역시', 0.971234496726525), ([[310, 38], [370, 38], [370, 168], [310, 168]], '흙', 0.1476577393034697), ([[413, 91], [457, 91], [457, 131], [413, 131]], '@', 0.9559716412371841), ([[272, 138], [318, 138], [318, 164], [272, 164]], '우등생', 0.5912207189173403), ([[510, 144], [542, 144], [542, 168], [510, 168]], '봉사', 0.4878528235393349), ([[501, 163], [551, 163], [551, 183], [501, 183]], '메이드의', 0.9122270941734314), ([[1203, 161], [1229, 161], [1229, 181], [1203, 181]], '오옷', 0.9910042726338658), ([[494, 180], [558, 180], [558, 204], [494, 204]], '음란보지다', 0.44656851805239267), ([[216, 204], [288, 204], [288, 228], [216, 228]], '캐릭 설정도', 0.9781847229162993), ([[230, 222], [276, 222], [276, 246], [230, 246]], "'완벽하:", 0.4378906601408618), ([[444, 240], [476, 240], [476, 264], [444, 264]], '잔뜩', 0.9991026429795148), ([[1138, 246], [1192, 246], [1192, 270], [1138, 270]], '무똑둑한', 0.35438108444213867), ([[422, 258], [498, 258], [498, 282], [422, 282]], '사용하주시니', 0.7230099913501274), ([[1134, 264], [1192, 264], [1192, 288], [1134, 288]], '청순마법', 0.9467040300369263), ([[428, 276], [492, 276], [492, 300], [428, 300]], '행복해요0', 0.5787245808081203), ([[1132, 282], [1194, 282], [1194, 306], [1132, 306]], '메이드한데', 0.2793514101804313), ([[1132, 302], [1184, 302], [1184, 326], [1132, 326]], '쥐어 짜이', 0.9565735560307655), ([[1137, 321], [1179, 321], [1179, 341], [1137, 341]], "'있어엇", 0.7402790188789368), ([[155, 385], [187, 385], [187, 405], [155, 405]], '나와!', 0.23116541235109483), ([[197, 303], [519, 303], [519, 524], [197, 524]], '모?', 0.4017343094553007), ([[941, 535], [987, 535], [987, 577], [941, 577]], '@', 0.4186679473083963), ([[117, 599], [169, 599], [169, 619], [117, 619]], '에헤하0', 0.1700168401002884), ([[1070, 590], [1128, 590], [1128, 616], [1070, 616]], '미유장의', 0.6324522495269775), ([[1062, 608], [1136, 608], [1136, 632], [1062, 632]], '축출한 보제', 0.1472792513181383), ([[754, 650], [808, 650], [808, 674], [754, 674]], '주인남의', 0.8923724889755249), ([[761, 669], [801, 669], [801, 689], [761, 689]], '자지어', 0.3028991517754185), ([[68, 682], [122, 682], [122, 706], [68, 706]], '주인남0', 0.8753243684768677), ([[1018, 688], [1078, 688], [1078, 712], [1018, 712]], '파악 파악', 0.9866432298682147), ([[71, 701], [123, 701], [123, 721], [71, 721]], '또 딱딱하', 0.8896878732634641), ([[709, 709], [749, 709], [749, 729], [709, 729]], '오늘도', 0.9899625778198242), ([[812, 678], [868, 678], [868, 736], [812, 736]], '술', 0.016582682236992108), ([[1016, 704], [1080, 704], [1080, 730], [1016, 730]], '달라붙어서', 0.9514345050971313), ([[696, 720], [758, 720], [758, 768], [696, 768]], '지위로집', 0.013747641816735268), ([[921, 579], [1049, 579], [1049, 910], [921, 910]], '(', 0.012092805167984721), ([[1013, 723], [1083, 723], [1083, 767], [1013, 767]], '잔뜩어오고', 0.008833864044423932), ([[136, 676], [408, 676], [408, 898], [136, 898]], '*', 0.04406952993464586), ([[388, 732], [582, 732], [582, 836], [388, 836]], '신6?', 0.27801034540275305), ([[841, 813], [883, 813], [883, 855], [841, 855]], '@', 0.8741234667219402), ([[1180.729851512598, 381.00405536951484], [1252.1275854012322, 391.56091180529563], [1202.270148487402, 731.9959446304852], [1129.8724145987678, 721.4390881947044]], '5', 0.061087499703682546), ([[131.37292982319715, 445.04945788614214], [160.80509719339807, 440.0818603254628], [173.62707017680285, 515.9505421138579], [144.19490280660193, 520.9181396745372]], '음', 0.06170348671587811)]
[([[498, 94], [556, 94], [556, 120], [498, 120]], '연속사정', 0.9985237717628479), ([[785, 9], [897, 9], [897, 147], [785, 147]], '8', 0.04545596950532005), ([[498, 112], [552, 112], [552, 138], [498, 138]], '기록경신', 0.9938905239105225), ([[501, 133], [551, 133], [551, 153], [501, 153]], '이에요애', 0.2670325040817261), ([[687, 81], [827, 81], [827, 213], [687, 213]], '과', 0.03391600112423987), ([[438, 166], [504, 166], [504, 190], [438, 190]], '이리야보다', 0.9862596357678409), ([[259, 185], [299, 185], [299, 205], [259, 205]], '진짜로', 0.9956448240329419), ([[436, 186], [506, 186], [506, 210], [436, 210]], '먼저 임신해', 0.8680418736554845), ([[340, 194], [408, 194], [408, 250], [340, 250]], '하', 0.970578498036275), ([[432, 204], [510, 204], [510, 228], [432, 228]], "'버밀지도요다", 0.16576982946078583), ([[86, 206], [168, 206], [168, 278], [86, 278]], '하', 0.9426896327303815), ([[203, 247], [269, 247], [269, 267], [203, 267]], '에로 메이드', 0.579187832369205), ([[196, 264], [270, 264], [270, 288], [196, 288]], '효과 굉장해:', 0.6944063768546821), ([[1199, 415], [1225, 415], [1225, 433], [1199, 433]], '후오', 0.9982178223904281), ([[1190, 430], [1244, 430], [1244, 454], [1190, 454]], '오오옷0', 0.5740966200828552), ([[126, 504], [166, 504], [166, 528], [126, 528]], '주인남', 0.8227826861953156), ([[1150, 508], [1204, 508], [1204, 532], [1150, 532]], '얼마듣지', 0.8700008988380432), ([[119, 523], [161, 523], [161, 543], [119, 543]], '멋저요', 0.9977390116022983), ([[1162, 526], [1192, 526], [1192, 550], [1162, 550]], '정액', 0.9958669729849365), ([[1147, 545], [1205, 545], [1205, 565], [1147, 565]], '싸주마~0', 0.7008223656886028), ([[66, 606], [108, 606], [108, 630], [66, 630]], '오늘은', 0.9927183808067747), ([[58, 624], [116, 624], [116, 648], [58, 648]], '이대로 쭉', 0.8918751960759252), ([[957, 625], [979, 625], [979, 645], [957, 645]], '이', 0.8834347195675605), ([[56, 642], [114, 642], [114, 668], [56, 668]], '기록경신', 0.9996464848518372), ([[752, 652], [794, 652], [794, 676], [752, 676]], '굉장해다', 0.4878579378128052), ([[59, 663], [113, 663], [113, 683], [59, 683]], '해보조0', 0.6906249523162842), ([[466, 682], [496, 682], [496, 722], [466, 722]], '6', 0.9878309325432753), ([[841, 576], [908, 576], [908, 771], [841, 771]], '군', 0.13503316868224147), ([[712, 720], [760, 720], [760, 770], [712, 770]], '중블', 0.18137765794205085), ([[704, 760], [768, 760], [768, 784], [704, 784]], '굉장하요0', 0.22382032296692334), ([[1021.1708379723451, -4.982804866481967], [1162.3279483513727, -43.72117541554243], [1243.8291620276548, 275.98280486648196], [1101.6720516486273, 315.7211754155424]], '"', 0.1648664590733553), ([[679.2802656784306, 285.3885579247043], [780.6600985497658, 277.3864081662323], [781.7197343215694, 313.6114420752957], [680.3399014502342, 321.6135918337677]], '요:9', 0.027045624613987077), ([[952.442410787291, 267.00536093913445], [1165.3141584272203, 245.9375146057673], [1217.557589212709, 844.9946390608656], [1003.6858415727797, 866.0624853942327]], '벽', 0.05683445216512073), ([[767.781199215099, 395.6717988226486], [876.5171678661471, 378.09486740583696], [881.218800784901, 417.3282011773514], [773.4828321338529, 433.90513259416304]], '건어시', 0.0007814853521653791)]
[([[688, 0], [786, 0], [786, 120], [688, 120]], '[', 0.07850973781362214), ([[507, 131], [579, 131], [579, 175], [507, 175]], '고양망]보지', 0.08940727270645087), ([[1169, 55], [1235, 55], [1235, 178], [1169, 178]], '밖', 0.006652200229230465), ([[528, 168], [560, 168], [560, 192], [528, 192]], '엄청', 0.9901168526578535), ([[508, 186], [580, 186], [580, 212], [508, 212]], '기분 좋아서', 0.9897513985889222), ([[522, 204], [564, 204], [564, 228], [522, 228]], '안되0', 0.15031655025183935), ([[248, 224], [332, 224], [332, 250], [248, 250]], '또주인남한데', 0.8691819966806622), ([[246, 242], [334, 242], [334, 268], [246, 268]], '범해저 버려0', 0.8018167956082104), ([[466, 260], [522, 260], [522, 284], [466, 284]], '싸도대?', 0.8244515061378479), ([[1129, 323], [1212, 323], [1212, 350], [1129, 350]], "'정액 억류하고", 0.49792399551763983), ([[1138, 344], [1204, 344], [1204, 368], [1138, 368]], '앞는데도0', 0.16268328043594554), ([[171, 387], [203, 387], [203, 407], [171, 407]], '젠쟁', 0.2673914916867062), ([[1084, 404], [1138, 404], [1138, 428], [1084, 428]], '주인남은', 0.9958769083023071), ([[1076, 422], [1146, 422], [1146, 446], [1076, 446]], '가차 없네어', 0.4062281343959087), ([[128, 452], [172, 452], [172, 476], [128, 476]], '어른올', 0.844467043876648), ([[114, 470], [184, 470], [184, 494], [114, 494]], '안보는 태도', 0.12395586241992784), ([[137, 493], [165, 493], [165, 511], [137, 511]], '좋네!', 0.29506782662207953), ([[233, 375], [397, 375], [397, 657], [233, 657]], '"', 0.1483212972114103), ([[306, 632], [368, 632], [368, 682], [306, 682]], '2', 0.5455525236203016), ([[913, 635], [992, 635], [992, 684], [913, 684]], "'내롯보지", 0.12731412361441188), ([[70, 692], [112, 692], [112, 716], [70, 716]], '주인남', 0.7854565628946473), ([[480, 642], [576, 642], [576, 750], [480, 750]], '양', 0.0256535327097398), ([[920, 676], [986, 676], [986, 700], [920, 700]], '기분 좋아?', 0.8411725232392658), ([[66, 710], [104, 710], [104, 734], [66, 734]], '쉽-네', 0.720172525465686), ([[867, 715], [923, 715], [923, 735], [867, 735]], '괜지 이거', 0.6332922622088804), ([[866, 730], [924, 730], [924, 756], [866, 756]], '버릇들 거', 0.8576999730485226), ([[699, 757], [751, 757], [751, 777], [699, 777]], '메스가키', 0.9380550980567932), ([[874, 750], [916, 750], [916, 774], [874, 774]], '같아이', 0.2847037613391876), ([[705, 777], [743, 777], [743, 793], [705, 793]], '메이드', 0.7515911171254223), ([[705, 793], [745, 793], [745, 813], [705, 813]], '좋아이', 0.4521740361322015), ([[54.14102548660364, -1.976925949172312], [165.5180268318705, -33.800618369987305], [230.85897451339636, 215.9769259491723], [120.48197316812951, 248.80061836998732]], '싹', 0.01004265705240931), ([[37.26792113104823, 134.01577024031897], [201.56104920192703, 290.16181692315854], [99.73207886895177, 399.984229759681], [-64.56104920192703, 243.83818307684146]], '.2', 0.0002568656219398523), ([[1043.9304644802842, 565.0318032687733], [1175.4158990476465, 527.550076343978], [1236.0695355197158, 768.9681967312267], [1104.5841009523535, 807.449923656022]], '"', 0.3787179870474944), ([[150.40331589187363, 603.0751484538606], [274.49144424087007, 575.7396506204499], [302.59668410812634, 742.9248515461394], [178.50855575912996, 771.2603493795501]], '%', 0.4423890620256685)]
[([[531, 81], [559, 81], [559, 99], [531, 99]], '아니', 0.9997799162511624), ([[524, 96], [566, 96], [566, 120], [524, 120]], '아앗)', 0.17193786931672453), ([[462, 122], [534, 122], [534, 146], [462, 146]], '잇찌 한 얼굴', 0.4358543643444794), ([[463, 137], [532, 137], [532, 165], [463, 165]], '보여주는 거', 0.4173896017127689), ([[466, 158], [532, 158], [532, 182], [466, 182]], '부끄러워서', 0.9911573607464804), ([[476, 176], [522, 176], [522, 200], [476, 200]], '그런거', 0.9995540239857886), ([[473, 197], [525, 197], [525, 217], [473, 217]], '뿐이야니', 0.11954031139612198), ([[822, 216], [876, 216], [876, 240], [822, 240]], '아니앗)', 0.2888232469558716), ([[1173, 223], [1215, 223], [1215, 243], [1173, 243]], '보네어', 0.1913383858072555), ([[1132, 246], [1160, 246], [1160, 270], [1132, 270]], '엄청', 0.9900876037901428), ([[1112, 264], [1178, 264], [1178, 288], [1112, 288]], '약전하저서', 0.7260454740265826), ([[782, 284], [830, 284], [830, 308], [782, 308]], '그런거', 0.9668571352958679), ([[1131, 285], [1159, 285], [1159, 305], [1131, 305]], '너무', 0.9999822140762555), ([[774, 302], [836, 302], [836, 326], [774, 326]], '아니야-0', 0.8129690926053679), ([[1118, 300], [1172, 300], [1172, 324], [1118, 324]], '귀여워0', 0.23462966084480286), ([[994, 332], [1098, 332], [1098, 476], [994, 476]], '[', 0.27255950231506176), ([[270, 512], [300, 512], [300, 536], [270, 536]], '응하', 0.9981884193827856), ([[256, 528], [310, 528], [310, 552], [256, 552]], '하하앗다', 0.3402312397956848), ([[226, 554], [274, 554], [274, 602], [226, 602]], "'문", 0.08575599401957464), ([[108, 596], [162, 596], [162, 620], [108, 620]], '주인남0', 0.27287647128105164), ([[230, 596], [272, 596], [272, 620], [230, 620]], '있어9', 0.5959222968996604), ([[44, 684], [114, 684], [114, 710], [44, 710]], '쿠로에 한데', 0.24810961747468827), ([[50, 704], [108, 704], [108, 728], [50, 728]], '잔뜩 교배', 0.4208651413573232), ([[358, 704], [428, 704], [428, 730], [358, 730]], '평소의 망할', 0.7878016962403519), ([[695, 701], [751, 701], [751, 719], [695, 719]], '보지 파약', 0.4286774062119171), ([[46, 722], [112, 722], [112, 746], [46, 746]], "'해주세요9", 0.3190241790948738), ([[364, 722], [418, 722], [418, 746], [364, 746]], '고망이량', 0.28287452459335327), ([[694, 716], [750, 716], [750, 740], [694, 740]], '조여오고', 0.9965142011642456), ([[356, 742], [426, 742], [426, 766], [356, 766]], '다른 같으로', 0.22326581980767018), ([[694, 736], [748, 736], [748, 760], [694, 760]], '잇는데9', 0.12431075423955917), ([[375, 761], [409, 761], [409, 781], [375, 781]], '간다', 0.43569314701337397), ([[131, 825], [163, 825], [163, 839], [131, 839]], '염주타', 0.000726269782178856), ([[171, 825], [227, 825], [227, 839], [171, 839]], '202218/14', 0.7048773857391846), ([[315, 827], [347, 827], [347, 839], [315, 839]], '1100', 0.9128603935241699), ([[160, 838], [260, 838], [260, 846], [160, 846]], '밥|술걱하무카3`종확풀', 9.362465220981895e-07), ([[161, 845], [203, 845], [203, 859], [161, 859]], '75 7 <', 0.1283033024631372), ([[1178.7805784783006, 188.4147520217908], [1217.594184296308, 182.79228462400908], [1220.2194215216994, 204.5852479782092], [1181.405815703692, 210.20771537599092]], "'상위가", 0.5272522282295156), ([[864.9328167443059, 754.0475475362265], [1016.391434457542, 792.2270408166103], [988.0671832556941, 889.9524524637735], [836.608565542458, 851.7729591833897]], '5', 0.6732051740545008), ([[1171.2624143155142, 785.0340746075524], [1249.8306568051776, 856.3626808498265], [1202.7375856844858, 908.9659253924476], [1124.1693431948224, 836.6373191501735]], '나', 0.03166013393915623)]
[([[118, 0], [216, 0], [216, 100], [118, 100]], '끈', 0.004278763835753596), ([[23, 53], [113, 53], [113, 153], [23, 153]], '넷', 0.052315378393373635), ([[255, 117], [303, 117], [303, 137], [255, 137]], '자 자아', 0.45245471596717834), ([[550, 136], [602, 136], [602, 160], [550, 160]], '나없어9', 0.185090109705925), ([[1129, 159], [1169, 159], [1169, 179], [1129, 179]], '새택이', 0.6753695547562527), ([[30, 152], [116, 152], [116, 228], [30, 228]], '33', 0.9458116661818423), ([[216, 184], [244, 184], [244, 208], [216, 208]], '잔뜩', 0.9996657918510318), ([[1120, 174], [1178, 174], [1178, 200], [1120, 200]], '대딸 엄청', 0.7105113857211118), ([[204, 202], [256, 202], [256, 228], [204, 228]], '문질문질', 0.9992349147796631), ([[215, 221], [243, 221], [243, 241], [215, 241]], '하줄', 0.6915717977448599), ([[202, 238], [256, 238], [256, 262], [202, 262]], '테니까다', 0.6180336475372314), ([[94, 308], [136, 308], [136, 334], [94, 334]], '온몸올', 0.9073217014100977), ([[88, 326], [142, 326], [142, 350], [88, 350]], '새하자게', 0.2730172574520111), ([[82, 344], [148, 344], [148, 368], [82, 368]], '데코레이선', 0.6810554888700294), ([[93, 365], [135, 365], [135, 385], [93, 385]], '해쥐어', 0.23847434891710584), ([[1061, 381], [1113, 381], [1113, 401], [1061, 401]], '하아앗~', 0.04803367704153061), ([[1027, 459], [1071, 459], [1071, 479], [1027, 479]], '보지또', 0.998728334903717), ([[1015, 477], [1079, 477], [1079, 497], [1015, 497]], '가버려요애', 0.3670310066838867), ([[542, 576], [588, 576], [588, 600], [542, 600]], '이리야', 0.9997453499372958), ([[742, 572], [796, 572], [796, 596], [742, 596]], '서방님의', 0.32087942957878113), ([[550, 594], [580, 594], [580, 618], [550, 618]], '장도', 0.9851846067518413), ([[1125, 595], [1163, 595], [1163, 615], [1125, 615]], '보지에', 0.9863741064136604), ([[536, 612], [594, 612], [594, 636], [536, 636]], '미유장도', 0.9369300007820129), ([[1122, 612], [1164, 612], [1164, 636], [1122, 636]], '사정흘', 0.3158727852418299), ([[1118, 630], [1174, 630], [1174, 654], [1118, 654]], '몇 번이나', 0.6041514363582425), ([[142, 644], [196, 644], [196, 670], [142, 670]], '음문 신부', 0.9887609177530989), ([[1116, 648], [1172, 648], [1172, 672], [1116, 672]], '햇는데도', 0.46836328506469727), ([[140, 662], [194, 662], [194, 686], [140, 686]], '마법소녀', 0.7569398880004883), ([[700, 670], [754, 670], [754, 694], [700, 694]], '따존따끈', 0.37706997990608215), ([[113, 707], [151, 707], [151, 727], [113, 727]], '무조건', 0.9999549882486429), ([[472, 690], [520, 690], [520, 738], [472, 738]], '나훌문', 0.051127200383261566), ([[499, 691], [557, 691], [557, 735], [499, 735]], '물보하', 0.19121902310640582), ([[707, 689], [747, 689], [747, 709], [707, 709]], '하요이', 0.24169116873335256), ([[972, 602], [1051, 602], [1051, 787], [972, 787]], '@', 0.02474592792087038), ([[1062, 698], [1116, 698], [1116, 746], [1062, 746]], '최다고', 0.019095003290608408), ([[98, 724], [168, 724], [168, 748], [98, 748]], '임신시키대!', 0.17773054706431007), ([[402, 618], [491, 618], [491, 875], [402, 875]], '@', 0.4847157048960895), ([[804, 652], [852, 652], [852, 814], [804, 814]], '#', 0.6481965095976108), ([[1047, 735], [1111, 735], [1111, 799], [1047, 799]], '짧질', 0.0026909142977910665), ([[451, 857], [495, 857], [495, 910], [451, 910]], '3', 0.996784177145301), ([[783, 861], [823, 861], [823, 903], [783, 903]], '9', 0.022670792469618783), ([[926.1017854857936, 9.023745681497676], [1054.2053030848706, -8.82700899174872], [1081.8982145142065, 231.97625431850233], [952.7946969151294, 249.82700899174873]], '{@', 0.1932563721507709), ([[1015.3391958274261, 199.02185699413417], [1093.5079137345597, 217.40743397634702], [1056.660804172574, 369.97814300586583], [978.4920862654403, 351.592566023653]], '동', 0.12039154632498139), ([[197.57259959576703, 583.0070277113178], [291.2592093408176, 573.1978137353668], [322.42740040423297, 912.9929722886822], [229.74079065918238, 921.8021862646332]], '{', 0.09070004284731059), ([[1155.3425418378304, 782.0309434810015], [1209.1436241123924, 801.2520392808685], [1174.6574581621696, 901.9690565189985], [1120.8563758876076, 882.7479607191315]], '규', 0.38278994525061094)]
[]
