2403855
15
[([[1673, 161], [1872, 161], [1872, 227], [1673, 227]], '침착하게', 0.8865157961845398), ([[505, 219], [556, 219], [556, 261], [505, 261]], '제', 0.1385099330851327), ([[1689, 222], [1901, 222], [1901, 286], [1689, 286]], '어제 연습', 0.9995638737382254), ([[430, 268], [645, 268], [645, 323], [430, 323]], '조오오. !', 0.39300110458411575), ([[1652, 278], [1919, 278], [1919, 352], [1652, 352]], '많이 햇잡아.', 0.4537604108952583), ([[1698, 343], [1906, 343], [1906, 407], [1698, 407]], "'좋아해요,", 0.6586291757597013), ([[1630, 402], [1957, 402], [1957, 468], [1630, 468]], '사귀어주세요!"', 0.493094769642413), ([[1660, 463], [1928, 463], [1928, 527], [1660, 527]], '라고 안 하면', 0.9890213126976418), ([[1698, 521], [1890, 521], [1890, 587], [1698, 587]], '여름방학', 0.9990291858806972), ([[1711, 582], [1877, 582], [1877, 648], [1711, 648]], '끝이야!', 0.6441066265106201), ([[112, 1014], [412, 1014], [412, 1080], [112, 1080]], '빨리 말하라고', 0.9947500006259948), ([[225, 1078], [296, 1078], [296, 1131], [225, 1131]], '나!', 0.6280018095111544), ([[112, 1133], [412, 1133], [412, 1199], [112, 1199]], '평소 햇당대로', 0.7456141939816855), ([[181, 1196], [342, 1196], [342, 1258], [181, 1258]], '말 결고', 0.5949903162730916), ([[141, 1255], [380, 1255], [380, 1319], [141, 1319]], '자연스럽게', 0.875842514029834), ([[177, 1315], [284, 1315], [284, 1377], [177, 1377]], '하면', 0.9998723817279317), ([[1003, 2431], [1771, 2431], [1771, 2516], [1003, 2516]], '번역 커미션 받고 있습니다.', 0.7584899264790795), ([[1015, 2507], [1761, 2507], [1761, 2586], [1015, 2586]], '@찮+싣서니서7어@ (텔레그램)', 0.0006289090410997788), ([[1116, 2583], [1668, 2583], [1668, 2660], [1116, 2660]], '@교형+;이3(카카오록)', 0.004046103884034857), ([[1945, 2818], [2012, 2818], [2012, 2860], [1945, 2860]], '7', 0.8581972029402465)]
[([[0, 1313], [246, 1313], [246, 1627], [0, 1627]], '실', 0.02997437033622763), ([[993, 1767], [1090, 1767], [1090, 1886], [993, 1886]], '', 0.0), ([[1174, 1633], [1312, 1633], [1312, 1958], [1174, 1958]], '%', 0.11672444366098844), ([[740.448167612687, 1659.9859687479113], [804.7950168663632, 1601.0287672441882], [888.551832387313, 1702.0140312520887], [824.2049831336368, 1760.9712327558118]], '통', 0.03740860175259564), ([[386.0803242346687, 1964.032571708829], [478.6122738683773, 1937.2651648916606], [526.9196757653312, 2130.967428291171], [433.3877261316227, 2157.734835108339]], '미', 0.3631231422573933), ([[629.3696742798779, 1986.0152901654849], [716.4811515866285, 1954.008907161032], [803.6303257201221, 2217.984709834515], [717.5188484133715, 2249.991092838968]], '@', 0.030352918445054833)]
[]
[]
[]
[]
[]
[([[1673, 157], [1854, 157], [1854, 218], [1673, 218]], '아, 그게', 0.9434529474998824), ([[1711, 215], [1814, 215], [1814, 279], [1711, 279]], '역시', 0.9998076472023113), ([[276, 298], [576, 298], [576, 367], [276, 367]], '남은 방학동안', 0.9989189019580087), ([[1642, 272], [1885, 272], [1885, 346], [1642, 346]], '학생이라면', 0.9997720880701126), ([[298, 359], [554, 359], [554, 425], [298, 425]], '열심히 해서', 0.6277233550165014), ([[1691, 337], [1836, 337], [1836, 401], [1691, 401]], '성적이', 0.9996767335552178), ([[328, 420], [522, 420], [522, 486], [328, 486]], '다음에는', 0.6323803663253784), ([[1628, 395], [1901, 395], [1901, 464], [1628, 464]], '제일이켓지?', 0.802987079848626), ([[298, 481], [556, 481], [556, 545], [298, 545]], '더 잘하자고', 0.9815971719451047), ([[267, 539], [587, 539], [587, 605], [267, 605]], '말하고 싶어서!', 0.9373806450329641), ([[1480, 611], [1611, 611], [1611, 673], [1480, 673]], '에옛?', 0.6733450778578699), ([[184, 827], [281, 827], [281, 887], [184, 887]], '으응', 0.9998836766797952), ([[341, 1273], [506, 1273], [506, 1337], [341, 1337]], '그럼 난', 0.9979544374496376), ([[375, 1333], [475, 1333], [475, 1397], [375, 1397]], '먼저', 0.9996007241079259), ([[341, 1394], [506, 1394], [506, 1456], [341, 1456]], '가볼게!', 0.4503245949745178), ([[169, 1690], [222, 1690], [222, 1741], [169, 1741]], '아', 0.9998742381537831), ([[210, 2147], [415, 2147], [415, 2219], [210, 2219]], '아 . 결국', 0.9427641132467238), ([[163, 2209], [461, 2209], [461, 2277], [163, 2277]], '말하지 못쨌어', 0.37263890464985494), ([[215, 2272], [410, 2272], [410, 2336], [215, 2336]], '나중에는', 0.7830772399902344), ([[152, 2330], [473, 2330], [473, 2399], [152, 2399]], '꼭 전해주켓어!', 0.5209901588960002), ([[8, 2422], [315, 2422], [315, 2489], [8, 2489]], '같은   *대학에', 0.6493734038649136), ([[15, 2478], [307, 2478], [307, 2552], [15, 2552]], '지원햇으니까', 0.5229253076511589), ([[64, 2542], [257, 2542], [257, 2608], [64, 2608]], '합격하면', 0.9998788237571716), ([[1, 2602], [322, 2602], [322, 2669], [1, 2669]], '꼭 고백할거야!', 0.584636089076737), ([[1945, 2818], [2012, 2818], [2012, 2860], [1945, 2860]], '7장', 0.024689269367241223)]
[([[1795, 103], [1987, 103], [1987, 169], [1795, 169]], '여름방학', 0.9996845722198486), ([[462, 160], [626, 160], [626, 229], [462, 229]], '한 적은', 0.9985526683612896), ([[1840, 161], [1942, 161], [1942, 225], [1840, 225]], '이후', 0.9996606290995949), ([[476, 224], [612, 224], [612, 288], [476, 288]], '잇고?', 0.309571557365973), ([[406, 283], [680, 283], [680, 349], [406, 349]], '듣고 싶은데!', 0.9099935775744162), ([[1742, 455], [1900, 455], [1900, 505], [1742, 505]], '에? 저거', 0.9996445707844627), ([[51, 492], [396, 492], [396, 554], [51, 554]], "'월 물어보는 거야!", 0.4440698127267528), ([[1733, 504], [1936, 504], [1936, 553], [1733, 553]], '그 얘 아냐?', 0.9487299955037053), ([[176, 547], [314, 547], [314, 604], [176, 604]], '아무튼', 0.9996430105896675), ([[59, 601], [384, 601], [384, 658], [59, 658]], '그날 노래방 하고', 0.997959729539699), ([[1753, 592], [1913, 592], [1913, 653], [1753, 653]], '그때하곧', 0.9923973679542542), ([[107, 654], [338, 654], [338, 716], [107, 716]], '나오기 전에', 0.9834203030199726), ([[1791, 648], [1873, 648], [1873, 697], [1791, 697]], '너무', 0.9999517843457623), ([[73, 706], [375, 706], [375, 769], [73, 769]], '방 하나 더 잡고', 0.9510603766713519), ([[1735, 691], [1931, 691], [1931, 751], [1735, 751]], '변화잖아!?', 0.08972733699959785), ([[88, 763], [346, 763], [346, 820], [88, 820]], '거기서 햇지.', 0.9111572446069571), ([[1532, 752], [1664, 752], [1664, 802], [1532, 802]], '너 그런', 0.5741176907976947), ([[1433, 799], [1763, 799], [1763, 852], [1433, 852]], '캐릭터 아니엿잡아!', 0.4624172303617138), ([[1453, 848], [1743, 848], [1743, 899], [1453, 899]], '억지로 그런 거에', 0.9351594301451348), ([[1476, 895], [1721, 895], [1721, 949], [1476, 949]], '어울길 필요가', 0.4400414640656496), ([[1532, 945], [1666, 945], [1666, 998], [1532, 998]], '없는데!', 0.5865442752838135), ([[1476, 992], [1720, 992], [1720, 1045], [1476, 1045]], '그저 장난치논', 0.7404924835433018), ([[1539, 1042], [1657, 1042], [1657, 1090], [1539, 1090]], '거라고', 0.9923070121570452), ([[317, 1073], [436, 1073], [436, 1126], [317, 1126]], '우와~', 0.7240831255912781), ([[1485, 1087], [1705, 1087], [1705, 1142], [1485, 1142]], '믿고 싶은데!', 0.9631902174157975), ([[284, 1127], [469, 1127], [469, 1183], [284, 1183]], '그거 너무', 0.7001869738577046), ([[283, 1178], [470, 1178], [470, 1240], [283, 1240]], '대답한 거', 0.5418089891073181), ([[295, 1235], [454, 1235], [454, 1288], [295, 1288]], '아냐? 0', 0.9714220693441855), ([[110, 1427], [197, 1427], [197, 1480], [110, 1480]], '소리', 0.9752074618806537), ([[108, 1483], [197, 1483], [197, 1534], [108, 1534]], '크게', 0.9989912378294039), ([[1661, 1490], [1801, 1490], [1801, 1543], [1661, 1543]], '너 말야,', 0.714624098397358), ([[65, 1535], [222, 1535], [222, 1590], [65, 1590]], '내지 마.', 0.9974425929782365), ([[1337, 1546], [1455, 1546], [1455, 1599], [1337, 1599]], '우와~', 0.9821742173610304), ([[1679, 1539], [1786, 1539], [1786, 1590], [1679, 1590]], '3반의', 0.9998397759199065), ([[1368, 1602], [1421, 1602], [1421, 1651], [1368, 1651]], '왜', 0.9996295318460966), ([[1636, 1584], [1831, 1584], [1831, 1637], [1636, 1637]], '이켜멘하고', 0.27309249909379096), ([[1618, 1634], [1849, 1634], [1849, 1687], [1618, 1687]], '사귀고 있지?', 0.6645639033475894), ([[1303, 1654], [1491, 1654], [1491, 1711], [1303, 1711]], '말 안하고', 0.9999022756135675), ([[1320, 1707], [1474, 1707], [1474, 1769], [1320, 1769]], '있없어!', 0.8250756859779358), ([[1157, 1877], [1275, 1877], [1275, 1925], [1157, 1925]], '그다지', 0.9999823806888501), ([[1175, 1922], [1257, 1922], [1257, 1975], [1175, 1975]], '말할', 0.7625290619390548), ([[1154, 1971], [1275, 1971], [1275, 2022], [1154, 2022]], '기회가', 0.9991559027971622), ([[1116, 2018], [1275, 2018], [1275, 2071], [1116, 2071]], '없없어서', 0.4757058918476105), ([[1551, 2076], [1596, 2076], [1596, 2127], [1551, 2127]], '응', 0.9997210697156902), ([[1154, 2115], [1275, 2115], [1275, 2166], [1154, 2166]], '그리고', 0.9020987749099731), ([[1523, 2122], [1666, 2122], [1666, 2173], [1523, 2173]], '그런데?', 0.999976396560669), ([[1139, 2162], [1293, 2162], [1293, 2215], [1139, 2215]], '부끄럽네', 0.864813506603241), ([[46, 2413], [293, 2413], [293, 2475], [46, 2475]], '무슨 소리야!', 0.7719834977054477), ([[955, 2413], [1163, 2413], [1163, 2475], [955, 2475]], '에, 잠깐만', 0.9210728555623724), ([[4, 2467], [335, 2467], [335, 2529], [4, 2529]], '이거 대체 원데?!', 0.993419632478155), ([[1013, 2471], [1102, 2471], [1102, 2524], [1013, 2524]], '그거', 0.9999858386882693), ([[77, 2525], [217, 2525], [217, 2578], [77, 2578]], '왜냐고', 0.9998542978060331), ([[1013, 2522], [1104, 2522], [1104, 2578], [1013, 2578]], '누구', 0.9998794621411472), ([[13, 2575], [328, 2575], [328, 2637], [13, 2637]], '끝까지 기다려출', 0.8070478293851222), ([[958, 2575], [1163, 2575], [1163, 2637], [958, 2637]], '이야기야?', 0.9996929172278223), ([[31, 2629], [304, 2629], [304, 2689], [31, 2689]], '줄 알앞는데..', 0.5748938266329884), ([[1572, 2825], [1638, 2825], [1638, 2862], [1572, 2862]], '7사', 0.1975862961045452)]
[([[1855, 87], [1976, 87], [1976, 143], [1855, 143]], '그날의', 0.9994327616603851), ([[1220, 144], [1309, 144], [1309, 195], [1220, 195]], '설마 .', 0.9794787764549255), ([[1348, 144], [1430, 144], [1430, 195], [1348, 195]], '단지', 0.999913684345375), ([[1856, 137], [1977, 137], [1977, 190], [1856, 190]], '노래방', 0.999901717811072), ([[477, 176], [564, 176], [564, 226], [477, 226]], '싫다_', 0.9876613657007747), ([[1203, 189], [1444, 189], [1444, 246], [1203, 246]], '예전부터 줄곧', 0.9976494212402698), ([[468, 225], [634, 225], [634, 276], [468, 276]], '나도 단지', 0.9284767826784764), ([[1202, 237], [1445, 237], [1445, 297], [1202, 297]], '성실한 우등생', 0.8701905727406692), ([[448, 272], [654, 272], [654, 323], [448, 323]], '공부만 하는', 0.756079125034781), ([[1240, 288], [1405, 288], [1405, 341], [1240, 341]], '같앞는데 ,', 0.5741107266247457), ([[177, 315], [671, 315], [671, 375], [177, 375]], '실은 예전부터 아이로 보이기', 0.7329274899081402), ([[1568, 308], [1655, 308], [1655, 361], [1568, 361]], '하응', 0.98729751900113), ([[214, 365], [386, 365], [386, 421], [214, 421]], '에로 만화', 0.8654492873166929), ([[459, 367], [636, 367], [636, 420], [459, 420]], '싫엎는데..', 0.2001254345867933), ([[1265, 385], [1383, 385], [1383, 436], [1265, 436]], '의외로', 0.9001438021659851), ([[1566, 356], [1696, 356], [1696, 409], [1566, 409]], '이런 거', 0.9992127582023246), ([[200, 414], [375, 414], [375, 467], [200, 467]], '화용어서.', 0.11046037604162784), ([[1589, 403], [1673, 403], [1673, 456], [1589, 456]], '취향', 0.9988205135486199), ([[1247, 432], [1403, 432], [1403, 485], [1247, 485]], '음란하네', 0.996152937412262), ([[1559, 452], [1702, 452], [1702, 503], [1559, 503]], '아니야?', 0.9999797344207764), ([[1791, 459], [1878, 459], [1878, 510], [1791, 510]], '오옷', 0.48615517227890126), ([[241, 513], [359, 513], [359, 562], [241, 562]], '거기서', 0.9996520263063471), ([[872, 427], [961, 427], [961, 618], [872, 618]], '내', 0.009619556673900798), ([[1820, 506], [1869, 506], [1869, 557], [1820, 557]], '잘', 0.9998961714040355), ([[209, 560], [388, 560], [388, 611], [209, 611]], '본 것 중에', 0.820972326749685), ([[1768, 551], [1903, 551], [1903, 612], [1768, 612]], '하는데.', 0.28207772970199585), ([[218, 608], [346, 608], [346, 658], [218, 658]], '하나야', 0.9986461184855743), ([[1804, 1909], [1915, 1909], [1915, 1963], [1804, 1963]], '어때?', 0.9999021307587381), ([[1760, 1956], [1957, 1956], [1957, 2012], [1760, 2012]], '기분 쫓지?', 0.6566278098536249), ([[1757, 2052], [1961, 2052], [1961, 2107], [1757, 2107]], '내 남친한터', 0.5324472594970395), ([[1764, 2102], [1957, 2102], [1957, 2155], [1764, 2155]], '펼라해보고', 0.5060141948973582), ([[1737, 2151], [1970, 2151], [1970, 2204], [1737, 2204]], '싶엇는데..~', 0.24618028201042227), ([[144, 2426], [229, 2426], [229, 2479], [144, 2479]], '후후', 0.9998958988712978), ([[1629, 2446], [1680, 2446], [1680, 2494], [1629, 2494]], '우', 0.9998190484850653), ([[1722, 2445], [1767, 2445], [1767, 2496], [1722, 2496]], '웃', 0.698903018400646), ([[110, 2475], [301, 2475], [301, 2528], [110, 2528]], '필사적으로', 0.999584849166385), ([[1656, 2493], [1738, 2493], [1738, 2542], [1656, 2542]], '너무', 0.9999699072827828), ([[126, 2525], [283, 2525], [283, 2575], [126, 2575]], '버터대는', 0.9786984324455261), ([[1625, 2540], [1750, 2540], [1750, 2593], [1625, 2593]], '종은걸', 0.45139731216169776), ([[110, 2572], [303, 2572], [303, 2623], [110, 2623]], '목소리하고', 0.9999829401380246), ([[149, 2621], [235, 2621], [235, 2672], [149, 2672]], '표정', 0.9996895604292164), ([[1492, 2612], [1581, 2612], [1581, 2665], [1492, 2665]], '기분', 0.9996178337699044), ([[113, 2666], [296, 2666], [296, 2719], [113, 2719]], '귀여워. ~', 0.7326309409419638), ([[1478, 2660], [1621, 2660], [1621, 2715], [1478, 2715]], '중은데?', 0.6990994215011597), ([[1189.5382052244852, 2209.0076183019005], [1293.2890700754497, 2240.717654619527], [1199.4617947755148, 2539.9923816980995], [1096.7109299245503, 2508.282345380473]], '3', 0.18725924152364826)]
[([[572, 151], [658, 151], [658, 204], [572, 204]], '잠깐', 0.9999825512493038), ([[954, 151], [1039, 151], [1039, 202], [954, 202]], '우우', 0.9989043578209429), ([[567, 198], [685, 198], [685, 249], [567, 249]], '이지만', 0.9994007602971072), ([[1771, 198], [1864, 198], [1864, 249], [1771, 249]], '하아.', 0.8151911477433532), ([[1886, 198], [1979, 198], [1979, 249], [1886, 249]], '아아.', 0.8412317280279714), ([[284, 254], [384, 254], [384, 303], [284, 303]], '아아.', 0.7925939721793795), ([[398, 254], [481, 254], [481, 303], [398, 303]], '나도', 0.9999742905192073), ([[583, 248], [667, 248], [667, 296], [583, 296]], '기분', 0.9995021134422841), ([[1811, 245], [1936, 245], [1936, 298], [1811, 298]], '대단해', 0.9997860933634213), ([[340, 302], [424, 302], [424, 352], [340, 352]], '그럼', 0.7560273791498408), ([[545, 295], [634, 295], [634, 348], [545, 348]], '좋아 .', 0.5478461384773254), ([[801, 315], [888, 315], [888, 366], [801, 366]], '미안', 0.9997490668863298), ([[1760, 293], [1993, 293], [1993, 346], [1760, 346]], '들어와버력어', 0.32336451787420767), ([[290, 349], [465, 349], [465, 402], [290, 402]], '움직인다.', 0.9705556584547619), ([[776, 365], [919, 365], [919, 415], [776, 415]], '아쨌어?', 0.5195716619491577), ([[1609, 441], [1819, 441], [1819, 494], [1609, 494]], '내 안쪽까지', 0.47464283285213316), ([[1636, 491], [1788, 491], [1788, 541], [1636, 541]], '커다래 .', 0.9757552201310113), ([[76, 526], [227, 526], [227, 590], [76, 590]], '하아아', 0.8583572506904602), ([[402, 724], [502, 724], [502, 790], [402, 790]], '좋아', 0.9900229714138978), ([[208, 908], [331, 908], [331, 965], [208, 965]], '음란한', 0.8755579129326586), ([[231, 962], [309, 962], [309, 1006], [231, 1006]], '소리', 0.9999973868963923), ([[194, 1055], [386, 1055], [386, 1106], [194, 1106]], '마이크에서', 0.9482883377784962), ([[196, 1103], [359, 1103], [359, 1156], [196, 1156]], '전해지는.', 0.6374355770044549), ([[207, 1150], [366, 1150], [366, 1203], [207, 1203]], "'찌적대는", 0.40070694744251667), ([[36, 1181], [163, 1181], [163, 1234], [36, 1234]], '내 안의', 0.6643639705097083), ([[209, 1199], [294, 1199], [294, 1250], [209, 1250]], '소리', 0.9999913279900958), ([[27, 1231], [175, 1231], [175, 1279], [27, 1279]], '소리~', 0.22587701397146398), ([[266, 1575], [386, 1575], [386, 1624], [266, 1624]], '에로해', 0.98987343986222), ([[998, 1770], [1089, 1770], [1089, 1939], [998, 1939]], '쏟', 0.00996141973155501), ([[1781, 1905], [1944, 1905], [1944, 1969], [1781, 1969]], '좀 더어', 0.7207504525930322), ([[1761, 1963], [1967, 1963], [1967, 2030], [1761, 2030]], '더 해쥐어', 0.3128973603277602), ([[1602, 2196], [1768, 2196], [1768, 2249], [1602, 2249]], '몸에 힘흘', 0.6647807455784118), ([[1625, 2246], [1743, 2246], [1743, 2299], [1625, 2299]], '실어서', 0.9993514165285792), ([[1576, 2292], [1754, 2292], [1754, 2347], [1576, 2347]], '가장 깊이.', 0.9018517060183461), ([[201, 2307], [327, 2307], [327, 2462], [201, 2462]], '병0', 0.005279731958844394), ([[1566, 2342], [1727, 2342], [1727, 2393], [1566, 2393]], '하아아아', 0.9946841597557068), ([[1201.5776323284738, 1636.0059476608208], [1314.0689273631297, 1649.2825614395013], [1268.4223676715262, 2020.9940523391792], [1155.9310726368703, 2006.7174385604987]], '6', 0.11300957950915436), ([[374.25410437430224, 1930.0214161128586], [469.79144005578786, 1902.1240245990248], [529.7458956256978, 2129.978583887141], [434.20855994421214, 2157.875975400975]], '_', 0.020069566601038424), ([[672.3305117250438, 2050.0203922907194], [754.082191714433, 2039.44063949685], [775.6694882749562, 2235.9796077092806], [693.917808285567, 2245.55936050315]], '탑', 0.045171934386822876)]
[([[1087, 43], [1160, 43], [1160, 161], [1087, 161]], '3', 0.01191753521310629), ([[187, 182], [278, 182], [278, 233], [187, 233]], '하아', 0.9999881146094074), ([[953, 179], [1008, 179], [1008, 221], [953, 221]], '나.', 0.9415582050896265), ([[1125, 182], [1151, 182], [1151, 231], [1125, 231]], '!', 0.5378789509563866), ([[171, 230], [315, 230], [315, 286], [171, 286]], '너 진짜.', 0.9873439030576627), ([[887, 221], [1052, 221], [1052, 274], [887, 274]], '나온다고.', 0.5798517288894114), ([[586, 248], [743, 248], [743, 308], [586, 308]], '해버려도', 0.9997182488441467), ([[209, 281], [292, 281], [292, 330], [209, 330]], '너무', 0.9999399834152334), ([[605, 302], [724, 302], [724, 355], [605, 355]], '좋아~', 0.22865689917666446), ([[1081, 262], [1145, 262], [1145, 380], [1081, 380]], '꿈', 0.0040482525530594615), ([[142, 326], [341, 326], [341, 382], [142, 382]], '음란하잡아 .', 0.5499039397716934), ([[441, 358], [559, 358], [559, 411], [441, 411]], '오늘은', 0.5185145735740662), ([[405, 405], [598, 405], [598, 458], [405, 458]], '안전일이니', 0.9986339293729848), ([[416, 455], [584, 455], [584, 505], [416, 505]], '내 안에서', 0.9896981374526189), ([[439, 502], [559, 502], [559, 555], [439, 555]], '싸젊음', 0.19792412781200863), ([[42, 535], [209, 535], [209, 599], [42, 599]], '나혼다!', 0.23662655647934136), ([[410, 549], [559, 549], [559, 604], [410, 604]], '중깊어..-', 0.13903917618344191), ([[216, 882], [319, 882], [319, 931], [216, 931]], '아아.', 0.8788735830565794), ([[216, 929], [303, 929], [303, 978], [216, 978]], '멋저', 0.9419028374926052), ([[212, 977], [330, 977], [330, 1030], [212, 1030]], '안에서', 0.9957337639334121), ([[176, 1024], [366, 1024], [366, 1077], [176, 1077]], '꿀렇이면서', 0.4446522511569955), ([[153, 1073], [366, 1073], [366, 1124], [153, 1124]], '나오고 있어.', 0.9777735196232427), ([[44, 1317], [158, 1317], [158, 1746], [44, 1746]], '{', 0.55445134804879), ([[1727, 1537], [1995, 1537], [1995, 1675], [1727, 1675]], '처음버이런 ', 0.04506652724831941), ([[1786, 1662], [1937, 1662], [1937, 1728], [1786, 1728]], '아절한', 0.6012526198760176), ([[1765, 1722], [1944, 1722], [1944, 1789], [1765, 1789]], '곳에서 .', 0.7566481160352063), ([[25, 1828], [73, 1828], [73, 1957], [25, 1957]], '8', 0.8548580553942884), ([[1726, 2129], [1813, 2129], [1813, 2179], [1726, 2179]], '으웃.', 0.91794360965169), ([[1841, 2126], [1968, 2126], [1968, 2182], [1841, 2182]], '괜찮아.', 0.9967470765113831), ([[1771, 2176], [1941, 2176], [1941, 2227], [1771, 2227]], '이런 데서', 0.9985674511608473), ([[1735, 2223], [1977, 2223], [1977, 2276], [1735, 2276]], '하면 안되지만', 0.9781719185815662), ([[1796, 2273], [1916, 2273], [1916, 2326], [1796, 2326]], '그만큼', 0.9999739840005138), ([[1760, 2320], [1952, 2320], [1952, 2373], [1760, 2373]], '배덕적이고', 0.9978264033911746), ([[1715, 2367], [1984, 2367], [1984, 2422], [1715, 2422]], '기분 종은걸.. ~', 0.3417115242606977), ([[1571, 2405], [1693, 2405], [1693, 2458], [1571, 2458]], '있잡아', 0.2096437492354059), ([[1481, 2453], [1725, 2453], [1725, 2508], [1481, 2508]], '시간 연장하지', 0.9974199078413575), ([[1532, 2502], [1675, 2502], [1675, 2555], [1532, 2555]], '않울래?', 0.7557643055915833), ([[1523, 2549], [1680, 2549], [1680, 2602], [1523, 2602]], '새벽까지', 0.9970114231109619), ([[1551, 2602], [1625, 2602], [1625, 2646], [1551, 2646]], '쭉. ,', 0.25252190232276917), ([[186.45703476187512, 1320.0163933328429], [251.31443827695824, 1348.5868986249643], [176.54296523812488, 1519.9836066671571], [110.68556172304177, 1491.4131013750357]], '{', 0.7145777702204583), ([[642.2223783309032, 2026.0151231042132], [819.6626009896717, 2194.34184167634], [699.7776216690968, 2322.984876895787], [522.3373990103283, 2153.65815832366]], '0묻(', 0.000487703178422431), ([[24.393592685446105, 2089.02631588263], [76.72524258981619, 2075.0376711377644], [112.60640731455389, 2217.97368411737], [60.27475741018381, 2232.9623288622356]], '물', 0.16904979442279), ([[46.669597913713055, 2218.010928497067], [88.48845000869814, 2212.023915536388], [113.33040208628695, 2378.989071502933], [71.51154999130186, 2384.976084463612]], '{', 0.2851485938495877)]
[([[878, 430], [957, 430], [957, 615], [878, 615]], '쏟', 0.0011431196852636077), ([[1132, 2260], [1247, 2260], [1247, 2523], [1132, 2523]], '급', 0.3567058355295103), ([[1837, 2316], [1987, 2316], [1987, 2480], [1837, 2480]], '씨', 0.001964351422276703), ([[1068, 2537], [1112, 2537], [1112, 2588], [1068, 2588]], ';', 0.09432926343608017), ([[707, 2732], [755, 2732], [755, 2794], [707, 2794]], '꼴', 0.05895547123316991)]
[]
[]
