2404555
20
[([[675, 115], [880, 115], [880, 151], [675, 151]], '오늘은 선생님과', 0.8877394860560721), ([[727, 147], [829, 147], [829, 183], [727, 183]], '노는날 !', 0.9944567300922187), ([[675, 211], [881, 211], [881, 247], [675, 247]], '원가 선생님께서', 0.7052142253180431), ([[665, 241], [894, 241], [894, 279], [665, 279]], '새로운 가상공간을', 0.6416639603184812), ([[667, 275], [895, 275], [895, 311], [667, 311]], '만드신 모양이네요', 0.9671440057043094), ([[185, 581], [267, 581], [267, 619], [185, 619]], '어라 ?', 0.9948488641894251), ([[155, 643], [271, 643], [271, 683], [155, 683]], '선생님은', 0.9899336099624634), ([[113, 677], [319, 677], [319, 715], [113, 715]], '아직 안오세네요', 0.43639050800395157), ([[861, 673], [929, 673], [929, 711], [861, 711]], '헤에', 0.9971986381034161), ([[129, 737], [313, 737], [313, 775], [129, 775]], '언제오시려나 ..', 0.9751899398951667), ([[739, 1001], [965, 1001], [965, 1043], [739, 1043]], '원가 묘한물건이', 0.8668572099537326), ([[757, 1037], [919, 1037], [919, 1079], [757, 1079]], '잔뜩잎네요', 0.28977504524257547), ([[325, 1363], [439, 1363], [439, 1399], [325, 1399]], '선생님은', 0.9948698282241821), ([[317, 1395], [447, 1395], [447, 1433], [317, 1433]], '이걸로월.', 0.7658895699527809), ([[46, 1642], [198, 1642], [198, 1690], [46, 1690]], '후울후육.', 0.25537928489967143), ([[46, 1686], [198, 1686], [198, 1734], [46, 1734]], '아로나장.', 0.9790933272819743), ([[903, 1915], [949, 1915], [949, 1951], [903, 1951]], '응?', 0.9953793707465726), ([[831, 1947], [1015, 1947], [1015, 1985], [831, 1985]], '아 선생님 오섯', 0.4066849346237353), ([[883, 2001], [991, 2001], [991, 2037], [883, 2037]], '선생님 ?', 0.8085094286065166)]
[([[573, 195], [645, 195], [645, 237], [573, 237]], '후우', 0.9995567282281352), ([[333, 299], [475, 299], [475, 343], [333, 343]], '아로나장 .', 0.9899931513291106), ([[331, 355], [495, 355], [495, 397], [331, 397]], '정말최고의', 0.9995495548091048), ([[309, 393], [521, 393], [521, 437], [309, 437]], '오나혹이없어.', 0.253483003067017), ([[1336, 588], [1464, 588], [1464, 750], [1336, 750]], '0', 0.5597171716527214), ([[1153, 1201], [1419, 1201], [1419, 1243], [1153, 1243]], '다음에도 잘부탁해', 0.9378275135690666), ([[1217, 1241], [1371, 1241], [1371, 1281], [1217, 1281]], '아로나장 !', 0.87148232393476), ([[98, 1982], [221, 1982], [221, 2020], [98, 2020]], '어디보자.', 0.9743118144438335), ([[111, 2015], [243, 2015], [243, 2051], [111, 2051]], '초기화가.', 0.9734732677612964)]
[]
[([[175, 495], [337, 495], [337, 539], [175, 539]], '001:35', 0.4535326392398222), ([[406, 574], [454, 574], [454, 628], [406, 628]], '0', 0.9947157757355995), ([[403, 625], [441, 625], [441, 661], [403, 661]], '2', 0.9502608195116977), ([[307, 1419], [471, 1419], [471, 1467], [307, 1467]], '0.01:55', 0.6605258954180422), ([[505, 1481], [617, 1481], [617, 1609], [505, 1609]], '교?', 0.015207601575875815)]
[([[188, 72], [398, 72], [398, 128], [188, 128]], '0.03:37', 0.6027658314238233), ([[159, 746], [334, 746], [334, 808], [159, 808]], '0.03:5', 0.3514411679857954)]
[([[139, 277], [305, 277], [305, 325], [139, 325]], '0;11:59', 0.5791208105944484), ([[339, 575], [383, 575], [383, 615], [339, 615]], '0', 0.5533893398777856), ([[135, 1193], [304, 1193], [304, 1246], [135, 1246]], '0:23:05', 0.9826156100207389)]
[([[503, 69], [665, 69], [665, 113], [503, 113]], '1.00:35', 0.6424486847989899), ([[58, 541], [169, 541], [169, 584], [58, 584]], '02:32', 0.9829631360057615), ([[1137.1156738786751, 1567.0989018474147], [1369.2006515479045, 1543.9391910054012], [1374.8843261213249, 1697.9010981525853], [1141.7993484520955, 1721.0608089945988]], '!2"', 0.2301771468777636)]
[([[428, 98], [488, 98], [488, 148], [428, 148]], '1', 0.2984649793745575), ([[980, 916], [1044, 916], [1044, 964], [980, 964]], "(시'", 0.3782309974023655), ([[237, 1439], [381, 1439], [381, 1479], [237, 1479]], '1:05:32', 0.9790322978810577)]
[([[156, 76], [326, 76], [326, 124], [156, 124]], '1:21:35', 0.6238967404224007), ([[1311, 503], [1399, 503], [1399, 587], [1311, 587]], '14', 0.03892214716177964), ([[154, 1100], [326, 1100], [326, 1152], [154, 1152]], '1:21:51', 0.9802056040583178)]
[([[137, 351], [314, 351], [314, 404], [137, 404]], '1:35:02', 0.8836060955916454), ([[1140, 340], [1314, 340], [1314, 536], [1140, 536]], '0', 0.9187076775260863), ([[354, 1756], [546, 1756], [546, 1966], [354, 1966]], '"', 0.03644127882140169), ([[849, 1745], [1076, 1745], [1076, 1932], [849, 1932]], '~여', 0.0966613363696484)]
[([[213, 133], [305, 133], [305, 237], [213, 237]], '0', 0.32977358508254895)]
[([[1258, 120], [1292, 120], [1292, 152], [1258, 152]], '왜', 0.9997042636208597), ([[1217, 153], [1285, 153], [1285, 193], [1217, 193]], '알몸', 0.9155972067347729), ([[231, 457], [301, 457], [301, 495], [231, 495]], '저기', 0.9999902219451473), ([[217, 493], [323, 493], [323, 535], [217, 535]], '선생님', 0.9999228469959823), ([[1267, 503], [1339, 503], [1339, 545], [1267, 545]], '후우_', 0.8986575272894864), ([[215, 533], [285, 533], [285, 573], [215, 573]], '이건', 0.9969405841219435), ([[294, 538], [336, 538], [336, 570], [294, 570]], '?', 0.43954322873215745), ([[1259, 541], [1389, 541], [1389, 583], [1259, 583]], '아로나장', 0.9922888278961182), ([[408, 574], [456, 574], [456, 630], [408, 630]], '0', 0.8983494345413909), ([[1252, 578], [1406, 578], [1406, 620], [1252, 620]], '준비뒷니 ?', 0.7336554478366916), ([[403, 623], [439, 623], [439, 663], [403, 663]], '2', 0.987851666955951), ([[1143, 875], [1203, 875], [1203, 911], [1143, 911]], '호음', 0.723253793858437), ([[1129, 907], [1271, 907], [1271, 945], [1129, 945]], '아로나장은', 0.9854591441760195), ([[1155, 941], [1245, 941], [1245, 977], [1155, 977]], '지금이', 0.999936680794401), ([[1113, 971], [1285, 971], [1285, 1011], [1113, 1011]], '무슨상황인지', 0.9849015809748133), ([[1103, 1007], [1275, 1007], [1275, 1043], [1103, 1043]], '모르는거갈네', 0.4802027237935818), ([[807, 1193], [865, 1193], [865, 1233], [807, 1233]], '네?', 0.4895495153828273), ([[1087, 1347], [1205, 1347], [1205, 1387], [1087, 1387]], '괜찮아 ~', 0.8451643795365308), ([[1101, 1383], [1219, 1383], [1219, 1421], [1101, 1421]], '괜찮아 ~', 0.5423760426008227), ([[307, 1419], [471, 1419], [471, 1467], [307, 1467]], '0.01:55', 0.7959073190089753), ([[1291, 1499], [1353, 1499], [1353, 1539], [1291, 1539]], '방금', 0.9999662826876826), ([[507, 1483], [615, 1483], [615, 1609], [507, 1609]], '@?', 0.33326760355866414), ([[1251, 1535], [1395, 1535], [1395, 1573], [1251, 1573]], '아로나장의', 0.989031393227089), ([[1241, 1569], [1329, 1569], [1329, 1605], [1241, 1605]], '^ 1틀', 0.27625615250102875), ([[1345, 1569], [1411, 1569], [1411, 1605], [1345, 1605]], '조금', 0.9999983141264758), ([[1223, 1601], [1449, 1601], [1449, 1639], [1223, 1639]], '수정햇울뿐이야 ~', 0.23012520355120183), ([[372, 1726], [490, 1726], [490, 1774], [372, 1774]], '수정. ?', 0.4799845964817616), ([[1104, 1871], [1244, 1871], [1244, 1909], [1104, 1909]], '아로나장은', 0.9915579309153634), ([[300, 1906], [336, 1906], [336, 1936], [300, 1936]], '아', 0.9998681588715641), ([[1118, 1906], [1244, 1906], [1244, 1938], [1118, 1938]], '이제 내가', 0.9996052932132393), ([[257, 1937], [375, 1937], [375, 1975], [257, 1975]], '그렇군요', 0.7635935544967651), ([[1091, 1933], [1269, 1933], [1269, 1973], [1091, 1973]], '무슨말올 해도', 0.9322109891768849), ([[1106, 1969], [1246, 1969], [1246, 2005], [1106, 2005]], '납득해주는', 0.8882857806326222), ([[1053, 1997], [1297, 1997], [1297, 2039], [1053, 2039]], '착한 아로나가 뒷어', 0.9827368150746773)]
[([[1359.147924013692, 571.0259538245518], [1470.2677683118532, 587.5067416634389], [1441.852075986308, 762.9740461754482], [1330.7322316881468, 745.4932583365611]], '0', 0.7978886206298661)]
[([[188, 72], [398, 72], [398, 128], [188, 128]], '0.03:37', 0.8449855456369737), ([[1237, 193], [1389, 193], [1389, 233], [1237, 233]], '아로나장은', 0.9740142684749474), ([[1284, 232], [1346, 232], [1346, 264], [1284, 264]], '이제', 0.9999215234700043), ([[1267, 263], [1361, 263], [1361, 303], [1267, 303]], '훌륭한', 0.9903477040017252), ([[1209, 297], [1431, 297], [1431, 337], [1209, 337]], '오나흩이 펼거야', 0.14354524919470368), ([[732, 334], [844, 334], [844, 372], [732, 372]], '선생님올', 0.8699577450752258), ([[964, 320], [1124, 320], [1124, 368], [964, 368]], '오나혹. .?', 0.24991905379916302), ([[733, 369], [847, 369], [847, 405], [733, 405]], '위로해줄', 0.8540700674057007), ([[707, 401], [877, 401], [877, 437], [707, 437]], '성처리도구가', 0.9993048295402684), ([[734, 436], [846, 436], [846, 468], [734, 468]], '되는거지', 0.7205531001091003), ([[157, 746], [334, 746], [334, 808], [157, 808]], '203:52', 0.2287431416708499), ([[113, 959], [258, 959], [258, 1025], [113, 1025]], '히야!?', 0.6287139058113098), ([[747, 1199], [881, 1199], [881, 1239], [747, 1239]], '스선생님.', 0.3813418703216906), ([[716, 1234], [912, 1234], [912, 1274], [716, 1274]], '간지러워요.. !', 0.31074848697216356), ([[51, 1521], [115, 1521], [115, 1559], [51, 1559]], '추름 .', 0.7089713752724298), ([[135, 1521], [225, 1521], [225, 1559], [135, 1559]], '추르르', 0.5756461152794194), ([[41, 1552], [255, 1552], [255, 1592], [41, 1592]], '하아..아로나장의', 0.7256542790342123), ([[75, 1587], [219, 1587], [219, 1623], [75, 1623]], '자궁덮개살 .', 0.4757914286825309), ([[101, 1619], [191, 1619], [191, 1655], [101, 1655]], '맛있어', 0.5221635699272156), ([[714, 1767], [848, 1767], [848, 1809], [714, 1809]], '선생님이', 0.967848002910614), ([[731, 1803], [893, 1803], [893, 1847], [731, 1847]], '아로나장울', 0.6242467801792955), ([[699, 1841], [925, 1841], [925, 1885], [699, 1885]], '최고의오나홀로', 0.9721086599169078), ([[731, 1877], [895, 1877], [895, 1921], [731, 1921]], '만들어줄게', 0.9513987899606703)]
[([[380, 42], [463, 42], [463, 91], [380, 91]], '하아_', 0.66813063621521), ([[912, 56], [1028, 56], [1028, 104], [912, 104]], '선생님', 0.9998617996445325), ([[699, 81], [745, 81], [745, 123], [699, 123]], '앗', 0.6484582630503475), ([[483, 103], [563, 103], [563, 145], [483, 145]], '하아', 0.9999914020537298), ([[775, 165], [849, 165], [849, 205], [775, 205]], '으응', 0.9981927920699087), ([[139, 277], [305, 277], [305, 325], [139, 325]], '011:59', 0.995067637405616), ([[94, 514], [210, 514], [210, 562], [94, 562]], '추르룹', 0.2872942424163841), ([[110, 556], [194, 556], [194, 604], [110, 604]], '주름', 0.19813214176540023), ([[339, 575], [383, 575], [383, 615], [339, 615]], '0', 0.42645515880659346), ([[78, 598], [254, 598], [254, 646], [78, 646]], '할짝할짝 . .', 0.4131257366622798), ([[1297, 587], [1341, 587], [1341, 629], [1297, 629]], '차', 0.12495658823728295), ([[1355, 587], [1429, 587], [1429, 629], [1355, 629]], '하앗_', 0.48599664783173135), ([[735, 895], [913, 895], [913, 935], [735, 935]], '선..선생님 ?', 0.9865584664685684), ([[135, 1193], [304, 1193], [304, 1246], [135, 1246]], '0:23:05', 0.9799877865838725), ([[797, 1285], [865, 1285], [865, 1329], [797, 1329]], '옷 !', 0.9086664049662787), ([[476, 1304], [634, 1304], [634, 1454], [476, 1454]], '9', 0.8045821871282897), ([[1215, 1633], [1261, 1633], [1261, 1673], [1215, 1673]], '오', 0.9999977350247811), ([[1191, 1673], [1273, 1673], [1273, 1717], [1191, 1717]], '오옷', 0.9943411134427467)]
[([[503, 69], [665, 69], [665, 113], [503, 113]], '1.00:35', 0.4664153706263992), ([[1319, 147], [1391, 147], [1391, 185], [1319, 185]], '으음.', 0.7954364550918194), ([[1279, 177], [1457, 177], [1457, 219], [1279, 219]], '슬슬뒷으려나', 0.7552854261351818), ([[867, 291], [937, 291], [937, 327], [867, 327]], '하아.', 0.5365365767171627), ([[854, 324], [947, 324], [947, 364], [854, 364]], '하아어', 0.44225967346680084), ([[711, 469], [811, 469], [811, 511], [711, 511]], '선생님', 0.9998645526146805), ([[701, 507], [853, 507], [853, 547], [701, 547]], '자지. 빨리.', 0.8555754244743008), ([[56, 539], [167, 539], [167, 584], [56, 584]], '02:32', 0.6871248434500538), ([[1273, 1031], [1345, 1031], [1345, 1067], [1273, 1067]], '오오', 0.9356904437527701), ([[1261, 1063], [1399, 1063], [1399, 1107], [1261, 1107]], '아로나장', 0.9759255051612854), ([[614, 1136], [670, 1136], [670, 1168], [614, 1168]], '그럼', 0.8791479577570723), ([[1287, 1121], [1383, 1121], [1383, 1159], [1287, 1159]], '드디어', 0.9999571906521794), ([[547, 1165], [741, 1165], [741, 1201], [547, 1201]], '아로나장울위해.', 0.9354066309652537), ([[1231, 1157], [1449, 1157], [1449, 1199], [1231, 1199]], '준비가된거야 ?', 0.7157503932070379), ([[609, 1193], [670, 1193], [670, 1230], [609, 1230]], '바로', 0.9998804736299481), ([[114, 1398], [166, 1398], [166, 1542], [114, 1542]], '살', 0.0766761645786298), ([[1136.2771766804033, 1563.082637476195], [1374.6235269112474, 1547.504645757478], [1374.7228233195967, 1702.917362523805], [1136.3764730887526, 1718.495354242522]], "!2'", 0.812478520383252), ([[1047.3643454322, 1554.0202232855422], [1168.6152394764083, 1663.2527887210263], [1108.6356545678, 1730.9797767144578], [988.3847605235918, 1622.7472112789737]], '244', 0.38316473158579584)]
[([[426, 98], [484, 98], [484, 148], [426, 148]], '1', 0.43288696558887807), ([[1261, 187], [1329, 187], [1329, 229], [1261, 229]], '아웃', 0.7727292268694732), ([[567, 263], [681, 263], [681, 303], [567, 303]], '오옷. .!', 0.5854518798934251), ([[529, 301], [741, 301], [741, 343], [529, 343]], '자꾸 조여오는', 0.7159856848149475), ([[585, 339], [671, 339], [671, 383], [585, 383]], '구멍!', 0.9938812412556888), ([[769, 593], [827, 593], [827, 633], [769, 633]], '웃 !', 0.8216427898843323), ([[975, 887], [1067, 887], [1067, 971], [975, 971]], '(', 0.9277353574166369), ([[367, 1131], [487, 1131], [487, 1173], [367, 1173]], '으맛. .!', 0.40444350602735446), ([[370, 1170], [518, 1170], [518, 1214], [370, 1214]], '아로나장', 0.9814079999923706), ([[353, 1211], [526, 1211], [526, 1259], [353, 1259]], '안에쌀게 !', 0.5822483004586727), ([[239, 1441], [381, 1441], [381, 1479], [239, 1479]], '1:05:32', 0.9677911637006102), ([[1233, 1759], [1443, 1759], [1443, 1819], [1233, 1819]], '우선한발 !', 0.7438615642968802)]
[([[156, 74], [326, 74], [326, 124], [156, 124]], '1:21:35', 0.7711651528720045), ([[1132, 174], [1242, 174], [1242, 222], [1132, 222]], '여쭈발', 0.2746817794276063), ([[1149, 219], [1225, 219], [1225, 261], [1149, 261]], '아니', 0.9999973868963923), ([[315, 255], [391, 255], [391, 299], [315, 299]], '아양', 0.7946874496954178), ([[1091, 257], [1301, 257], [1301, 305], [1091, 305]], '아흉발인가 !', 0.4084369696333225), ([[227, 397], [269, 397], [269, 441], [227, 441]], '양', 0.9894157870080598), ([[1168, 614], [1200, 614], [1200, 650], [1168, 650]], '선', 0.9999816418536653), ([[1217, 613], [1291, 613], [1291, 651], [1217, 651]], '생님.', 0.9968674453555911), ([[205, 705], [405, 705], [405, 765], [205, 765]], '산다아앗 !', 0.8714077111298105), ([[155, 1101], [326, 1101], [326, 1152], [155, 1152]], '1:21:51', 0.983142913874855)]
[([[137, 352], [314, 352], [314, 404], [137, 404]], '1:35:02', 0.7680454815553565), ([[1402, 356], [1436, 356], [1436, 384], [1402, 384]], '옷', 0.9997680321763625), ([[1396, 386], [1450, 386], [1450, 418], [1396, 418]], '오옷.', 0.9900524881821132), ([[1330, 536], [1404, 536], [1404, 568], [1330, 568]], '선.생.', 0.7992327809333801), ([[365, 1771], [451, 1771], [451, 1835], [365, 1835]], '>', 0.9120722143561579), ([[788, 1746], [1075, 1746], [1075, 1927], [788, 1927]], '-장', 0.01392043427361141), ([[233, 1925], [307, 1925], [307, 1969], [233, 1969]], '이제', 0.9998420372661987), ([[192, 1966], [352, 1966], [352, 2014], [192, 2014]], '마지막. . !', 0.6489971752470829), ([[1180.9651187784673, 327.0267924244172], [1329.771143195305, 386.82468150242397], [1259.0348812215327, 559.9732075755828], [1110.228856804695, 500.17531849757603]], '0', 0.9899411517016041)]
[([[213, 133], [305, 133], [305, 237], [213, 237]], '0', 0.32977358508254895), ([[1208, 256], [1430, 256], [1430, 334], [1208, 334]], '가버럿 !', 0.37109221900507927)]
