2404228
18
[([[741, 471], [1093, 471], [1093, 513], [741, 513]], '번역 커미션 받고 있습니다 .', 0.5115831975163264), ([[745, 507], [1091, 507], [1091, 547], [745, 547]], '@-+,안니라,튜@ (텔레그램)', 0.00026303252402380125)]
[([[337, 419], [377, 419], [377, 435], [337, 435]], '피대', 0.7332333571769147), ([[288, 863], [380, 863], [380, 891], [288, 891]], '"비표고미', 0.020471934405291357), ([[289, 1315], [380, 1315], [380, 1341], [289, 1341]], '"니닐1', 0.00974348932504654), ([[292, 1767], [379, 1767], [379, 1788], [292, 1788]], '가이번1 ;', 0.0031074655605900733), ([[542.1055728090001, 83.21114561800017], [557.5352877275722, 75.07296418074012], [572.8944271909999, 106.78885438199983], [558.4647122724278, 114.92703581925988]], '북', 0.04369982775656589)]
[([[289, 414], [380, 414], [380, 441], [289, 441]], '"렉고다', 0.015803957358002663), ([[221, 787], [257, 787], [257, 827], [221, 827]], '국', 0.40497118096505247), ([[286, 862], [380, 862], [380, 891], [286, 891]], '""비늬고7 ', 0.0021907024499368943), ([[287, 1314], [378, 1314], [378, 1341], [287, 1341]], '("비_고', 0.05793177357410443), ([[322.1964926239916, 1562.054045417538], [363.5742744398655, 1547.0275458253984], [397.8035073760084, 1647.945954582462], [357.4257255601345, 1662.9724541746016]], '터', 0.01703709275994303)]
[([[134, 50], [158, 50], [158, 74], [134, 74]], '(학', 0.2767180649241941), ([[288, 414], [380, 414], [380, 441], [288, 441]], '"고', 0.3125513122432917), ([[301, 864], [380, 864], [380, 890], [301, 890]], '미닐고이', 0.02566482499241829), ([[644, 982], [684, 982], [684, 1006], [644, 1006]], '다녀', 0.9999214391782458), ([[618, 1006], [708, 1006], [708, 1032], [618, 1032]], '오섞어요~', 0.5461832510705107), ([[139, 1117], [171, 1117], [171, 1133], [139, 1133]], '1꼴신', 0.061364740772441285), ([[371, 1107], [433, 1107], [433, 1143], [371, 1143]], '어라', 0.9951031050837754), ([[323, 1141], [479, 1141], [479, 1181], [323, 1181]], '계속 소파에', 0.9922319427938815), ([[19, 1189], [83, 1189], [83, 1225], [19, 1225]], '네에', 0.998514815412334), ([[341, 1177], [459, 1177], [459, 1219], [341, 1219]], '앉아있면', 0.16171734035015106), ([[361, 1217], [441, 1217], [441, 1253], [361, 1253]], '거니?', 0.9999090820478816), ([[371, 1531], [461, 1531], [461, 1573], [371, 1573]], '조금은', 0.9484007954597473), ([[141, 1567], [171, 1567], [171, 1585], [141, 1585]], '1서시', 0.05750560282251397), ([[343, 1567], [487, 1567], [487, 1609], [343, 1609]], "'운동해두는", 0.937333378162776), ([[4, 1604], [88, 1604], [88, 1630], [4, 1630]], '그 정도는', 0.9893887126100813), ([[385, 1605], [447, 1605], [447, 1643], [385, 1643]], '것이', 0.9957898544390856), ([[16, 1628], [76, 1628], [76, 1654], [16, 1654]], '햇어요', 0.8613557339499609), ([[369, 1639], [463, 1639], [463, 1681], [369, 1681]], '어떻까', 0.8725488370178094), ([[361, 1677], [471, 1677], [471, 1717], [361, 1717]], '싶은데~', 0.9993282556533813), ([[292, 1767], [379, 1767], [379, 1788], [292, 1788]], '종미터거 자', 0.00154147416432106)]
[([[206, 56], [242, 56], [242, 84], [206, 84]], '으응', 0.9997563156191274), ([[694, 86], [756, 86], [756, 112], [694, 112]], '남매가', 0.999956571226119), ([[364, 102], [426, 102], [426, 126], [364, 126]], '누나가', 0.9999452839158015), ([[702, 110], [746, 110], [746, 136], [702, 136]], '같이', 0.9990047208612938), ([[333, 126], [455, 126], [455, 152], [333, 152]], '셋겨줄 테니까', 0.7960124772172164), ([[684, 134], [764, 134], [764, 160], [684, 160]], '목욕탕에', 0.9989750385284424), ([[374, 150], [416, 150], [416, 178], [374, 178]], '얼른', 0.9995670107392901), ([[668, 158], [774, 158], [774, 188], [668, 188]], '들어가거나.', 0.9706141306724999), ([[358, 174], [430, 174], [430, 200], [358, 200]], '들어와~', 0.9874684810638428), ([[323, 537], [385, 537], [385, 567], [323, 567]], '조용히', 0.7332841753959656), ([[633, 531], [739, 531], [739, 567], [633, 567]], '오늘 발기', 0.8176481639711604), ([[320, 562], [388, 562], [388, 588], [320, 588]], '하지 .?', 0.5454672549398788), ([[631, 561], [739, 561], [739, 597], [631, 597]], '빨리 되지', 0.970028314914758), ([[639, 591], [731, 591], [731, 627], [639, 627]], '않있어?', 0.38742553130662605), ([[643, 607], [665, 607], [665, 623], [643, 623]], '1승', 0.4356525042932202)]
[([[420, 100], [464, 100], [464, 130], [420, 130]], '후우.', 0.9914868182849372), ([[428, 1610], [478, 1610], [478, 1666], [428, 1666]], '#;', 0.31040708794559996)]
[([[14, 1454], [42, 1454], [42, 1494], [14, 1494]], '5', 0.9646876204606656)]
[([[688, 72], [764, 72], [764, 104], [688, 104]], '때로는', 0.9921149150169583), ([[702, 102], [754, 102], [754, 134], [702, 134]], '집에', 0.998255064328824), ([[678, 132], [776, 132], [776, 164], [678, 164]], '부모님이', 0.9792918201332773), ([[690, 162], [764, 162], [764, 194], [690, 194]], '있어도', 0.9958121805057958), ([[674, 192], [780, 192], [780, 224], [674, 224]], '밤에 몰래', 0.9943549852223417), ([[665, 222], [785, 222], [785, 254], [665, 254]], '해버리기도', 0.9999414632053047), ([[436, 276], [526, 276], [526, 306], [436, 306]], '누나아~', 0.9983348250389099), ([[450, 306], [510, 306], [510, 336], [450, 336]], '어라,', 0.9882324460161346), ([[455, 333], [509, 333], [509, 369], [455, 369]], '벌써', 0.9998808107929484), ([[419, 363], [543, 363], [543, 399], [419, 399]], '자고 있어?', 0.9899127380882748), ([[82, 622], [156, 622], [156, 650], [82, 650]], '일어나~', 0.9995551109313965), ([[622, 1388], [684, 1388], [684, 1416], [622, 1416]], '에옛?!', 0.860475480556488), ([[648, 1414], [692, 1414], [692, 1440], [648, 1440]], '잠깐', 0.9999859229816177), ([[622, 1436], [684, 1436], [684, 1464], [622, 1464]], '갑자기', 0.9950320412346992), ([[606, 1460], [688, 1460], [688, 1488], [606, 1488]], '이러기앗.', 0.6715231787112669), ([[562, 1502], [626, 1502], [626, 1532], [562, 1532]], '잠깐만 .', 0.5412316487624405)]
[([[376, 270], [408, 270], [408, 358], [376, 358]], '#', 0.9959051890524542), ([[197.46432841599443, 1004.0360302783587], [234.41642050469483, 1010.812381461892], [219.53567158400557, 1085.9639697216412], [182.58357949530517, 1079.1876185381082]], '말', 0.3722892528785451)]
[([[712, 136], [736, 136], [736, 188], [712, 188]], '조', 0.4062857901917738), ([[697, 1033], [773, 1033], [773, 1069], [697, 1069]], '너희들', 0.9496534012753641), ([[683, 1063], [789, 1063], [789, 1099], [683, 1099]], '이제 슬술', 0.4861102095540285), ([[671, 1093], [800, 1093], [800, 1129], [671, 1129]], '일어나야지!', 0.9697209369067679), ([[652, 1166], [760, 1166], [760, 1194], [652, 1194]], '잠깐 나뭇다', 0.32325297893072846), ([[336, 1178], [372, 1178], [372, 1208], [336, 1208]], '네,', 0.9807236313892163), ([[666, 1190], [746, 1190], [746, 1216], [666, 1216]], '올테니까', 0.9613115787506104), ([[316, 1206], [370, 1206], [370, 1236], [316, 1236]], '네에_', 0.8458631006806754), ([[662, 1214], [746, 1214], [746, 1242], [662, 1242]], '그동안 집', 0.9748035645097453), ([[648, 1238], [766, 1238], [766, 1268], [648, 1268]], '잘 보고 있어!', 0.9512185317702859), ([[28, 1554], [125, 1554], [125, 1586], [28, 1586]], '부모님이', 0.9856230616569519), ([[12, 1584], [140, 1584], [140, 1616], [12, 1616]], '자리 비우는', 0.9441286577309926), ([[40, 1614], [114, 1614], [114, 1644], [40, 1644]], '시간에', 0.9986190750161528), ([[24, 1644], [128, 1644], [128, 1676], [24, 1676]], '이 남매는', 0.9944025931466735), ([[50, 1674], [104, 1674], [104, 1706], [50, 1706]], '항상', 0.9995830245478663), ([[24, 1704], [128, 1704], [128, 1736], [24, 1736]], '이런 느낌', 0.9960691325558444)]
[([[1241, 199], [1333, 199], [1333, 241], [1241, 241]], '이것은', 0.7961167097091675), ([[1209, 235], [1365, 235], [1365, 277], [1209, 277]], '어질 적부터', 0.3264446407008013), ([[1241, 271], [1333, 271], [1333, 313], [1241, 313]], '있둘던', 0.07369471585029902), ([[1195, 306], [1380, 306], [1380, 348], [1195, 348]], '내 의붓누이와', 0.6629278460562726), ([[1227, 343], [1347, 343], [1347, 385], [1227, 385]], '세스햇던', 0.0808221697807312), ([[1209, 381], [1361, 381], [1361, 421], [1209, 421]], '이야기이다.', 0.9987010830836636), ([[565.2572186472918, 332.1430466182295], [606.9105717813827, 339.4086325438577], [603.7427813527082, 360.8569533817705], [561.0894282186173, 353.5913674561423]], '0*마', 0.27323244415508824)]
[([[1155, 30], [1218, 30], [1218, 68], [1155, 68]], '다른', 0.999853922148244), ([[883, 75], [966, 75], [966, 111], [883, 111]], '그래?', 0.9999936680552679), ([[1115, 64], [1258, 64], [1258, 106], [1115, 106]], '전공이지만', 0.9105561113038276), ([[1149, 98], [1224, 98], [1224, 141], [1149, 141]], '한 명', 0.997478723526001), ([[1711, 91], [1807, 91], [1807, 131], [1711, 131]], '유지야.', 0.7251476645469666), ([[728, 141], [900, 141], [900, 180], [728, 180]], '그게 누군데?', 0.9982130707194723), ([[1115, 136], [1258, 136], [1258, 178], [1115, 178]], '생각하고는', 0.9052977792826208), ([[1637, 127], [1884, 127], [1884, 167], [1637, 167]], '너 대학교 들어가고', 0.9995083941181191), ([[746, 177], [880, 177], [880, 216], [746, 216]], '사진 한 번', 0.7045118413807007), ([[1155, 174], [1218, 174], [1218, 214], [1155, 214]], '있어', 0.9611993815999138), ([[1698, 162], [1829, 162], [1829, 204], [1698, 204]], '여친 하나', 0.9943293504757702), ([[764, 213], [867, 213], [867, 252], [764, 252]], '보여쥐!', 0.9302477240562439), ([[1716, 201], [1805, 201], [1805, 237], [1716, 237]], '제대로', 0.9999780446928741), ([[712, 246], [914, 246], [914, 291], [712, 291]], '얼굴은 귀엽지?', 0.9667059662278276), ([[1654, 231], [1868, 231], [1868, 280], [1654, 280]], '사격본 적 있니?', 0.4455435267989085), ([[19, 332], [149, 332], [149, 369], [19, 369]], '왜 누나가', 0.9995067327247488), ([[21, 368], [147, 368], [147, 405], [21, 405]], '나보다 더', 0.9994675512818343), ([[39, 404], [131, 404], [131, 444], [39, 444]], '궁금해', 0.9996715718669383), ([[8, 436], [156, 436], [156, 481], [8, 481]], '하는 건데?', 0.6990208316931745), ([[1378, 438], [1470, 438], [1470, 477], [1378, 477]], '갑자기', 0.9986166665694357), ([[1392, 476], [1454, 476], [1454, 516], [1392, 516]], '그건', 0.998289266858555), ([[1396, 512], [1449, 512], [1449, 549], [1396, 549]], '왜?', 0.9995461086179886), ([[703, 726], [831, 726], [831, 765], [703, 765]], '해본 적은', 0.7917172062072821), ([[728, 764], [808, 764], [808, 804], [728, 804]], '있고?', 0.5828875936251595), ([[1662, 793], [1704, 793], [1704, 831], [1662, 831]], '그', 0.9999874830637658), ([[1716, 791], [1805, 791], [1805, 833], [1716, 833]], '그게.', 0.8014664480106983), ([[1643, 830], [1828, 830], [1828, 879], [1643, 879]], '너 아다잡아.', 0.6664491236536199), ([[24, 888], [108, 888], [108, 979], [24, 979]], '7', 0.017011498502629507), ([[1647, 914], [1826, 914], [1826, 962], [1647, 962]], '네가 여친올', 0.8845881042293986), ([[1646, 957], [1825, 957], [1825, 1002], [1646, 1002]], '사권다 해도', 0.8017035274794976), ([[1585, 996], [1876, 996], [1876, 1047], [1585, 1047]], '제대로 하지 못하면', 0.9943977755343566), ([[537, 1061], [626, 1061], [626, 1101], [537, 1101]], '그러면', 0.9984412789344788), ([[1602, 1040], [1871, 1040], [1871, 1088], [1602, 1088]], '바로 걷어차일걸?', 0.8347954593138269), ([[548, 1097], [615, 1097], [615, 1137], [548, 1137]], '이런', 0.9997857321462599), ([[538, 1136], [625, 1136], [625, 1169], [538, 1169]], '식으로', 0.9998688885447231), ([[213, 2229], [362, 2229], [362, 2293], [213, 2293]], '누나가', 0.9993898867468546), ([[161, 2287], [416, 2287], [416, 2354], [161, 2354]], '연습 상대가', 0.9991875179312225), ([[184, 2348], [392, 2348], [392, 2412], [184, 2412]], '되출 수도', 0.782310233323898), ([[214, 2408], [361, 2408], [361, 2477], [214, 2477]], '잇는데', 0.4737429463076515), ([[222, 2470], [353, 2470], [353, 2531], [222, 2531]], '어때?', 0.9997492728588492), ([[1666.0066227486884, 1380.110716975408], [1793.4731341807176, 1444.0637252315314], [1630.9933772513116, 1765.889283024592], [1503.5268658192824, 1700.9362747684686]], '""', 0.765648245691324), ([[1802.129005793198, 1614.0380037597017], [1875.9605711470276, 1653.9477849498626], [1787.870994206802, 1816.9619962402983], [1714.0394288529724, 1777.0522150501374]], '"', 0.28714683610079206), ([[1263.4829399781568, 2486.4489746217214], [1359.866175771396, 2551.570742125735], [1202.5170600218432, 2775.5510253782786], [1106.133824228604, 2710.429257874265]], '""', 0.36309798106645885), ([[1085.4422105348267, 2649.0155685733966], [1164.3179789800192, 2680.1847829346384], [1097.5577894651733, 2847.9844314266034], [1018.6820210199807, 2815.8152170653616]], '5', 0.13869810891766665)]
[([[663, 82], [806, 82], [806, 126], [663, 126]], '누나 몸이', 0.860736085482738), ([[1290, 93], [1393, 93], [1393, 135], [1290, 135]], '아직도', 0.999030351638794), ([[664, 122], [802, 122], [802, 170], [664, 170]], '원래부터', 0.9999629855155945), ([[1286, 132], [1395, 132], [1395, 181], [1286, 181]], '가만히', 0.999983757196036), ([[653, 164], [814, 164], [814, 213], [653, 213]], '이쨌던가?', 0.12687546343840558), ([[1256, 173], [1426, 173], [1426, 222], [1256, 222]], '있는 거야?', 0.34108945747017716), ([[20, 311], [161, 311], [161, 361], [20, 361]], '가까이서', 0.9986878037452698), ([[1459, 255], [1562, 255], [1562, 390], [1459, 390]], '@', 0.029043262836703443), ([[36, 353], [145, 353], [145, 404], [36, 404]], '이렇게', 0.7301332638497466), ([[1636, 367], [1871, 367], [1871, 415], [1636, 415]], '노 놀리는 것도', 0.7086201418473653), ([[36, 396], [150, 396], [150, 445], [36, 445]], '본 적이', 0.9974853252732683), ([[1699, 407], [1806, 407], [1806, 456], [1699, 456]], '적당히', 0.9997426658342633), ([[54, 439], [132, 439], [132, 487], [54, 487]], '없긴', 0.9059436881803766), ([[1680, 451], [1791, 451], [1791, 495], [1680, 495]], '해야지', 0.9951488987073924), ([[38, 479], [148, 479], [148, 530], [38, 530]], '햇지만', 0.9810596779000167), ([[1577, 551], [1608, 551], [1608, 632], [1577, 632]], '3', 0.45453502891664144), ([[1577, 797], [1759, 797], [1759, 847], [1577, 847]], '내가 여태껏', 0.8962737610748004), ([[1613, 839], [1720, 839], [1720, 888], [1613, 888]], '누나름', 0.8621978621138839), ([[1598, 882], [1736, 882], [1736, 931], [1598, 931]], '이성으로', 0.9889028072357178), ([[1611, 923], [1727, 923], [1727, 971], [1611, 971]], '본 적이', 0.9964053137217294), ([[1575, 965], [1763, 965], [1763, 1014], [1575, 1014]], '있엿던가.?', 0.17256047201514438), ([[1046, 1172], [1102, 1172], [1102, 1199], [1046, 1199]], '000', 0.5108769325144261), ([[1384, 1508], [1702, 1508], [1702, 1839], [1384, 1839]], '장', 0.1750103483396268), ([[746, 1799], [839, 1799], [839, 1908], [746, 1908]], '%', 0.02580342433056715), ([[828, 1874], [877, 1874], [877, 1943], [828, 1943]], '8', 0.2850595447523716), ([[43, 2005], [118, 2005], [118, 2114], [43, 2114]], '( ', 0.09198461568779093), ([[891, 2459], [958, 2459], [958, 2515], [891, 2515]], '(', 0.4847621833938689), ([[957, 2485], [982, 2485], [982, 2503], [957, 2503]], '0', 0.9932930058833769), ([[1408.3824924789055, 299.0479518649956], [1441.0920147422985, 294.151948050948], [1450.6175075210945, 370.9520481350044], [1417.9079852577015, 375.848051949052]], '@', 0.07867243943025048), ([[909.9424244217886, 1086.0400023676086], [1073.2188025402409, 1131.3887898115438], [1038.0575755782115, 1245.9599976323914], [874.7811974597591, 1200.6112101884562]], '', 0.0), ([[921.1570173083644, 1892.029645778775], [1062.9695043979689, 1968.1450354001452], [1012.8429826916356, 2057.970354221225], [871.0304956020311, 1981.8549645998548]], ')꼭들줄', 0.0012984421337023377), ([[1387.3187231979005, 2371.029061415434], [1493.8812554230876, 2447.6267509490076], [1452.6812768020995, 2503.970938584566], [1346.1187445769124, 2427.3732490509924]], '<""', 0.8454162501914478)]
[([[181, 5], [304, 5], [304, 129], [181, 129]], '짓', 0.8214821295642629), ([[1328, 101], [1448, 101], [1448, 157], [1328, 157]], '하아..', 0.8454574346542358), ([[27, 74], [190, 74], [190, 244], [27, 244]], '"', 0.6767085258386238), ([[1275, 154], [1550, 154], [1550, 216], [1275, 216]], '유지의 처음은', 0.9360204637548866), ([[1345, 208], [1483, 208], [1483, 268], [1345, 268]], '누나가', 0.9997095619762446), ([[1259, 262], [1562, 262], [1562, 324], [1259, 324]], '가져가버럿네어', 0.22156890624561096), ([[528, 840], [567, 840], [567, 898], [528, 898]], '(7', 0.5625874687548776), ([[1232, 771], [1325, 771], [1325, 904], [1232, 904]], '값', 0.019439412219697028), ([[1741, 863], [1976, 863], [1976, 927], [1741, 927]], '뭐하는 거야', 0.662934542127918), ([[1814, 923], [1889, 923], [1889, 973], [1814, 973]], '나. .', 0.5955617427825928), ([[1648, 1036], [1825, 1036], [1825, 1098], [1648, 1098]], '원래부터', 0.9999702572822571), ([[1619, 1090], [1852, 1090], [1852, 1152], [1619, 1152]], '가족 같앞던', 0.18749091221836933), ([[1661, 1148], [1806, 1148], [1806, 1203], [1661, 1203]], '누나의,', 0.7381867170333862), ([[1648, 1198], [1825, 1198], [1825, 1260], [1648, 1260]], '엉덩이름', 0.7600122094154358), ([[1606, 1252], [1856, 1252], [1856, 1314], [1606, 1314]], '범하고 있어.', 0.9346554438042136), ([[1655, 1504], [1783, 1504], [1783, 1632], [1655, 1632]], '사', 0.1860096508079465), ([[610, 2448], [670, 2448], [670, 2565], [610, 2565]], '(', 0.7905091179281953), ([[60, 2553], [299, 2553], [299, 2617], [60, 2617]], '내간 눈나름', 0.7960269765539776), ([[87, 2607], [270, 2607], [270, 2673], [87, 2673]], '암컷으로', 0.9963834285736084), ([[894, 2572], [991, 2572], [991, 2696], [894, 2696]], '%', 0.38234282671115594), ([[85, 2663], [277, 2663], [277, 2725], [85, 2725]], '보는 컷도', 0.41727138528509794), ([[955, 2656], [1019, 2656], [1019, 2718], [955, 2718]], '0)', 0.3323877104534353), ([[84, 2717], [272, 2717], [272, 2779], [84, 2779]], '아니고 .', 0.4503331278571305), ([[685.8113490115473, 2015.064410906236], [756.686161147707, 1981.0214216366883], [820.1886509884527, 2128.935589093764], [749.313838852293, 2162.978578363312]], '영', 0.007258540523738477), ([[1124.4890423984252, 2618.0217960615755], [1171.407222101756, 2603.0138351041887], [1214.5109576015748, 2746.9782039384245], [1166.592777898244, 2761.9861648958113]], '요', 0.14317625127411304), ([[265.8233031891709, 2803.1165159458546], [308.6090821280804, 2779.0309951448126], [353.1766968108291, 2864.8834840541454], [310.3909178719196, 2888.9690048551874]], '영', 0.1242557608728454)]
[([[1340, 48], [1478, 48], [1478, 110], [1340, 110]], '지금은', 0.9998969689145532), ([[1699, 52], [1830, 52], [1830, 109], [1699, 109]], '유지꺼', 0.9980961850872395), ([[1322, 103], [1496, 103], [1496, 164], [1322, 164]], '늘름하게', 0.8224080204963684), ([[1675, 103], [1854, 103], [1854, 164], [1675, 164]], '처음에는', 0.9316290616989136), ([[60, 130], [124, 130], [124, 259], [60, 259]], '입', 0.1770733928110113), ([[1321, 158], [1493, 158], [1493, 215], [1321, 215]], '커울네9', 0.17325031757354736), ([[1718, 157], [1811, 157], [1811, 218], [1718, 218]], '엄청', 0.980138666576236), ([[947, 191], [1035, 191], [1035, 349], [947, 349]], '(', 0.9992725980324089), ([[1632, 208], [1868, 208], [1868, 276], [1632, 276]], '귀여워논데.', 0.20459596075467176), ([[773, 285], [839, 285], [839, 407], [773, 407]], '(호', 0.15760233246744515), ([[1069, 466], [1201, 466], [1201, 521], [1069, 521]], '자지가', 0.9998681314773913), ([[1071, 522], [1203, 522], [1203, 577], [1071, 577]], '안에서', 0.9738877564572548), ([[1023, 573], [1251, 573], [1251, 635], [1023, 635]], '더 커저서논', 0.3589799555409101), ([[1091, 630], [1183, 630], [1183, 685], [1091, 685]], '점점', 0.9999947737947846), ([[1041, 681], [1231, 681], [1231, 743], [1041, 743]], '내 안쪽에', 0.5460162211569538), ([[210, 732], [282, 732], [282, 820], [210, 820]], '(당', 0.027438119599597043), ([[1027, 735], [1204, 735], [1204, 797], [1027, 797]], '닿아버려', 0.9917947053909302), ([[1807, 713], [1858, 713], [1858, 784], [1807, 784]], '(', 0.22043168213099396), ([[963, 821], [1014, 821], [1014, 913], [963, 913]], '5', 0.16530005140382187), ([[78, 928], [252, 928], [252, 990], [78, 990]], '남동생올', 0.9088635444641113), ([[97, 986], [229, 986], [229, 1039], [97, 1039]], '상대로', 0.9999709556890053), ([[1290, 1016], [1330, 1016], [1330, 1053], [1290, 1053]], '여', 0.3899316588817925), ([[73, 1036], [250, 1036], [250, 1096], [73, 1096]], '하늘데도', 0.2516915202140808), ([[1268, 1047], [1305, 1047], [1305, 1098], [1268, 1098]], '양8', 0.2560055971806741), ([[96, 1090], [234, 1090], [234, 1152], [96, 1152]], '허리가', 0.994699239730835), ([[1471, 1059], [1535, 1059], [1535, 1161], [1471, 1161]], '(', 0.9892052059182141), ([[98, 1144], [232, 1144], [232, 1206], [98, 1206]], '멈추지', 0.9985189531017736), ([[78, 1198], [178, 1198], [178, 1258], [78, 1258]], '않아', 0.9996931004443845), ([[25, 1413], [198, 1413], [198, 1616], [25, 1616]], '7"', 0.4616235559772957), ([[1551, 1484], [1850, 1484], [1850, 1609], [1551, 1609]], "커칠이령되다니'", 0.030046491441157935), ([[1634, 1598], [1768, 1598], [1768, 1655], [1634, 1655]], '누나는', 0.962254426494571), ([[1570, 1648], [1778, 1648], [1778, 1710], [1570, 1710]], '행복한걸. .', 0.5782023285667921), ([[1423, 1693], [1501, 1693], [1501, 1760], [1423, 1760]], "'00", 0.5971003967763651), ([[666, 1728], [834, 1728], [834, 1889], [666, 1889]], '90', 0.0423803975801679), ([[1011, 1706], [1083, 1706], [1083, 1830], [1011, 1830]], '숨', 0.05042878975337062), ([[1278, 1692], [1459, 1692], [1459, 1887], [1278, 1887]], '넷', 0.03727994128895262), ([[736, 2232], [760, 2232], [760, 2276], [736, 2276]], '꼭', 0.06539748391345768), ([[1293, 2206], [1566, 2206], [1566, 2268], [1293, 2268]], '그렇게 따지면', 0.6735379441726194), ([[1624, 2128], [1737, 2128], [1737, 2331], [1624, 2331]], '4', 0.45432335907765165), ([[493, 2282], [611, 2282], [611, 2335], [493, 2335]], '그렇네', 0.9984515866049852), ([[1337, 2264], [1522, 2264], [1522, 2319], [1337, 2319]], '누나 몸도', 0.9871940157399578), ([[1849, 2243], [1937, 2243], [1937, 2376], [1849, 2376]], '스', 0.042288331797180945), ([[1360, 2314], [1496, 2314], [1496, 2374], [1360, 2374]], '예전에', 0.9910960034709531), ([[1135, 2402], [1465, 2402], [1465, 2466], [1135, 2466]], '같이 씻을 적하곧', 0.27122830804623044), ([[1169, 2456], [1409, 2456], [1409, 2518], [1169, 2518]], '전혀 다른데.', 0.9977586011875117), ([[84, 2484], [159, 2484], [159, 2582], [84, 2582]], ':"', 0.057234931305592804), ([[565, 2703], [638, 2703], [638, 2814], [565, 2814]], '희"', 0.10827317375202773), ([[1315, 2719], [1359, 2719], [1359, 2790], [1315, 2790]], '희', 0.013719055572437355), ([[364, 2782], [430, 2782], [430, 2849], [364, 2849]], '8', 0.8754085599539394), ([[703.2203334527164, 89.03383470623885], [767.8114686851457, 74.18418573229127], [798.7796665472836, 221.96616529376115], [734.1885313148543, 237.81581426770873]], '(@', 0.33446363706532334), ([[1413.8302423892474, 421.09843009655873], [1459.6764311217491, 399.0327594459837], [1501.1697576107526, 493.90156990344127], [1455.3235688782509, 515.9672405540163]], '자', 0.007227017984612338), ([[1429.1423139959816, 850.0527433674499], [1484.076835765751, 839.3151848789889], [1501.8576860040184, 944.9472566325501], [1447.923164234249, 955.6848151210111]], '(', 0.8900235137574306), ([[295.54266803359496, 1585.0393586215073], [494.7087350558549, 1536.2144599916905], [549.457331966405, 1823.9606413784927], [349.2912649441451, 1872.7855400083095]], '자', 0.12592166984657016)]
[([[70, 104], [202, 104], [202, 154], [70, 154]], '지금 이', 0.9399720534979148), ([[448, 68], [523, 68], [523, 141], [448, 141]], '칼', 0.02513836527996549), ([[1149, 91], [1247, 91], [1247, 151], [1149, 151]], '이런', 0.9999051709078337), ([[1396, 73], [1440, 73], [1440, 185], [1396, 185]], '호', 0.023532173808228585), ([[77, 151], [195, 151], [195, 204], [77, 204]], '욕구릎', 0.3659501257913775), ([[1133, 145], [1307, 145], [1307, 207], [1133, 207]], '머릿속이', 0.9975137710571289), ([[7, 198], [262, 198], [262, 251], [7, 251]], '채우는 거 말곧', 0.4669365958004695), ([[1154, 203], [1288, 203], [1288, 260], [1154, 260]], '어떻게', 0.7209950349537912), ([[52, 245], [220, 245], [220, 301], [52, 301]], '생각활 수', 0.5515839183964042), ([[1095, 231], [1415, 231], [1415, 317], [1095, 317]], '되는 젖 같아 | @', 0.07909885806213061), ([[68, 295], [154, 295], [154, 348], [68, 348]], '없어', 0.9999070253181629), ([[1416, 287], [1456, 287], [1456, 349], [1416, 349]], '$', 0.10243015282363022), ([[1405, 386], [1474, 386], [1474, 527], [1405, 527]], '""', 0.6614433575679562), ([[1795, 732], [1933, 732], [1933, 792], [1795, 792]], '누나가', 0.9998710220985259), ([[1462, 710], [1681, 710], [1681, 902], [1462, 902]], '유', 0.13717660852650226), ([[1756, 786], [1973, 786], [1973, 848], [1756, 848]], '움직이면서', 0.9950186047520814), ([[1794, 840], [1934, 840], [1934, 904], [1794, 904]], '애정이', 0.9970831945934755), ([[1749, 891], [1978, 891], [1978, 957], [1749, 957]], '느껴지는 것', 0.6501600458010056), ([[1795, 949], [1895, 949], [1895, 1010], [1795, 1010]], '같아.', 0.9541938945609001), ([[496, 1275], [563, 1275], [563, 1359], [496, 1359]], '(', 0.9101025547575984), ([[1028, 1239], [1231, 1239], [1231, 1435], [1028, 1435]], '수', 0.015092657253057418), ([[1873, 1137], [2019, 1137], [2019, 1436], [1873, 1436]], '움', 0.09461300626072955), ([[1161, 1397], [1210, 1397], [1210, 1453], [1161, 1453]], '00', 0.9650455395485331), ([[1094, 1431], [1187, 1431], [1187, 1511], [1094, 1511]], '기현?', 0.03039871111428465), ([[80, 1873], [279, 1873], [279, 1935], [80, 1935]], '아~ 아아', 0.7230371592829701), ([[443, 1928], [474, 1928], [474, 1959], [443, 1959]], '"', 0.05938956539321283), ([[107, 1927], [252, 1927], [252, 1989], [107, 1989]], '유우지.', 0.8955792188644409), ([[94, 1981], [299, 1981], [299, 2041], [94, 2041]], '사랑해..~', 0.9459647343328954), ([[1870, 2014], [1974, 2014], [1974, 2129], [1870, 2129]], '늙', 0.010587623092754905), ([[1834, 2315], [1932, 2315], [1932, 2368], [1834, 2368]], '누나.', 0.7195917002470716), ([[958, 2386], [1098, 2386], [1098, 2450], [958, 2450]], '괜찮아.', 0.9929603338241577), ([[1854, 2365], [1948, 2365], [1948, 2425], [1854, 2425]], '이제', 0.9993047321064041), ([[979, 2444], [1117, 2444], [1117, 2499], [979, 2499]], '누나도', 0.999796554549263), ([[1770, 2420], [2009, 2420], [2009, 2482], [1770, 2482]], '못 참켓는데.', 0.3225578496510515), ([[409, 2473], [438, 2473], [438, 2510], [409, 2510]], '이', 0.044499130102085616), ([[367, 2482], [422, 2482], [422, 2566], [367, 2566]], '지', 0.2700926029776838), ([[967, 2497], [1154, 2497], [1154, 2558], [967, 2558]], '가버길 것', 0.45728872560034683), ([[970, 2552], [1066, 2552], [1066, 2609], [970, 2609]], '같아', 0.9974160283883621), ([[1, 2519], [176, 2519], [176, 2750], [1, 2750]], '쥐', 0.5014540088779995), ([[894, 2683], [1022, 2683], [1022, 2880], [894, 2880]], '국"', 0.14710453062407455), ([[1097, 2834], [1110, 2834], [1110, 2856], [1097, 2856]], ';', 0.8235706902540905), ([[9.287529500120904, 895.0254130016926], [83.303229015336, 881.2688574102054], [112.7124704998791, 1054.9745869983074], [38.696770984664, 1069.7311425897947]], '( ', 0.12226256061016777), ([[408.1411165784699, 1805.0369523102506], [480.4712343809555, 1788.3101599273061], [509.8588834215301, 1940.9630476897494], [437.5287656190445, 1956.6898400726939]], '(', 0.9411455604056904), ([[1158.120938695087, 2227.0554156911876], [1210.2338921216199, 2218.3660173357957], [1224.879061304913, 2319.9445843088124], [1172.7661078783801, 2329.6339826642043]], '( ', 0.2718388894265505), ([[1052.2736737481337, 2740.0441247346967], [1095.5432144762551, 2726.024640761194], [1128.7263262518663, 2833.9558752653033], [1084.4567855237449, 2847.975359238806]], '(궁', 0.025154193444753073)]
[([[34, 157], [91, 157], [91, 280], [34, 280]], '삼', 0.047297312255700996), ([[409, 393], [499, 393], [499, 520], [409, 520]], '(꿀', 0.13931829019905068), ([[1682, 312], [1827, 312], [1827, 502], [1682, 502]], '0', 0.04223844143329125), ([[729, 785], [778, 785], [778, 850], [729, 850]], '7', 0.9986015682321217), ([[1720, 851], [1788, 851], [1788, 1007], [1720, 1007]], '(', 0.9869262947298729), ([[58, 1300], [191, 1300], [191, 1361], [58, 1361]], '이거면', 0.9994698558855213), ([[548, 1318], [612, 1318], [612, 1391], [548, 1391]], '(단', 0.06536239738113328), ([[15, 1354], [234, 1354], [234, 1415], [15, 1415]], '여친하고도', 0.9993429572443117), ([[590, 1385], [608, 1385], [608, 1407], [590, 1407]], '8', 0.2918229251466222), ([[43, 1409], [204, 1409], [204, 1466], [43, 1466]], '잘 할 수', 0.7711107228268244), ([[41, 1465], [197, 1465], [197, 1520], [41, 1520]], '핑켓네..', 0.06905968059884884), ([[1332, 1492], [1493, 1492], [1493, 1736], [1332, 1736]], '별', 0.1395259302927485), ([[1348, 1809], [1403, 1809], [1403, 1862], [1348, 1862]], '00', 0.8170965545223967), ([[1081, 1846], [1119, 1846], [1119, 1890], [1081, 1890]], '00', 0.7057723702596261), ([[1051, 1906], [1155, 1906], [1155, 2042], [1051, 2042]], '"', 0.09588103933947512), ([[929, 2167], [1048, 2167], [1048, 2218], [929, 2218]], '그러면', 0.9999803159285474), ([[1667, 2170], [1837, 2170], [1837, 2226], [1667, 2226]], '근데 유지', 0.9990757178627964), ([[171, 2203], [292, 2203], [292, 2254], [171, 2254]], '누나가', 0.9999467980661942), ([[880, 2214], [1097, 2214], [1097, 2267], [880, 2267]], '이렇게 된 거', 0.8794348620385175), ([[1649, 2219], [1853, 2219], [1853, 2272], [1649, 2272]], '여친 생기면', 0.9957764596437839), ([[171, 2252], [292, 2252], [292, 2303], [171, 2303]], '이렇게', 0.8879742281560847), ([[830, 2261], [1149, 2261], [1149, 2314], [830, 2314]], '여친 만들지 말고 .', 0.9751422128229927), ([[1656, 2268], [1849, 2268], [1849, 2321], [1656, 2321]], '독립하다고', 0.9672539681251275), ([[135, 2300], [325, 2300], [325, 2353], [135, 2353]], '신경서주는', 0.3096304141674986), ([[1631, 2315], [1871, 2315], [1871, 2371], [1631, 2371]], '멀리 가버리는', 0.7185975146776652), ([[173, 2347], [292, 2347], [292, 2400], [173, 2400]], '거라면', 0.9987423197140589), ([[887, 2358], [1093, 2358], [1093, 2411], [887, 2411]], '계속 누나랑', 0.9952105767184994), ([[1674, 2365], [1831, 2365], [1831, 2416], [1674, 2416]], '거 아냐?', 0.6138735157111374), ([[891, 2405], [1079, 2405], [1079, 2458], [891, 2458]], '같이 살자 .', 0.7718829562915013), ([[99, 2448], [181, 2448], [181, 2497], [99, 2497]], '나도', 0.9999843214083535), ([[954, 2455], [1023, 2455], [1023, 2508], [954, 2508]], '응?', 0.9988488265598137), ([[56, 2495], [224, 2495], [224, 2548], [56, 2548]], '누나 말곧', 0.6857063212795893), ([[80, 2542], [200, 2542], [200, 2597], [80, 2597]], '호감이', 0.9983944046938031), ([[38, 2592], [242, 2592], [242, 2645], [38, 2645]], '안 생길지도', 0.9906598792755322), ([[106, 2642], [188, 2642], [188, 2692], [106, 2692]], '몰라', 0.7644062955461401), ([[1251, 2621], [1331, 2621], [1331, 2672], [1251, 2672]], '딱히', 0.9993984488918158), ([[1211, 2671], [1376, 2671], [1376, 2724], [1211, 2724]], '별 생각은', 0.8910282367969904), ([[1213, 2718], [1338, 2718], [1338, 2771], [1213, 2771]], '없지만.', 0.9880498647689819), ([[788.2935252745643, 92.02777098696647], [853.6347659735119, 77.14971524684952], [885.7064747254357, 236.9722290130335], [821.3652340264881, 251.85028475315048]], '군', 0.035398220199400754), ([[601.5461864796104, 443.012882041142], [660.2225817963239, 434.09397105043894], [687.4538135203896, 634.987117958858], [627.7774182036761, 643.906028949561]], '5', 0.004765153486454787), ([[684.4967283712894, 634.009048721844], [791.7864711746973, 650.7548454891331], [747.5032716287106, 939.990951278156], [640.2135288253027, 924.2451545108669]], '@', 0.5808525277940504), ([[11.462041444988689, 850.0160921313111], [78.22838440759811, 843.28023492679], [94.53795855501131, 1034.983907868689], [27.77161559240188, 1040.71976507321]], '면', 0.006061946050688383), ([[769.1143743951309, 1331.0218002211568], [896.7759434877927, 1303.645163100697], [944.8856256048691, 1569.9781997788432], [816.2240565122073, 1596.354836899303]], '{"', 0.41786794663770555), ([[997.2708127332623, 1652.02046665207], [1090.045013943367, 1628.1618569110858], [1142.7291872667377, 1855.97953334793], [1049.954986056633, 1879.8381430889142]], '틀', 0.2040170072586358), ([[1427.2731154101687, 1807.0240426935477], [1516.4062386787052, 1817.057958510974], [1495.7268845898313, 1979.9759573064523], [1407.5937613212948, 1968.942041489026]], '""', 0.4047725399839293), ([[54.90262719059504, 1912.0865513007489], [107.45252945848544, 1894.1523611242828], [135.09737280940496, 1988.9134486992511], [83.54747054151456, 2006.8476388757172]], '(', 0.9953926349641193)]
[([[277, 55], [375, 55], [375, 95], [277, 95]], '그럼 집', 0.9991929242658779), ([[279, 93], [375, 93], [375, 131], [279, 131]], '잘 보고', 0.9998195902202816), ([[287, 129], [369, 129], [369, 169], [287, 169]], '있어~', 0.9669733276258915), ([[141, 217], [171, 217], [171, 235], [141, 235]], '1꼴신', 0.04415232811514204), ([[37, 285], [97, 285], [97, 321], [37, 321]], '다녀', 0.9999275924820796), ([[13, 321], [121, 321], [121, 357], [13, 357]], '오세요~', 0.6777212757372993), ([[291, 414], [378, 414], [378, 441], [291, 441]], '"비너고', 0.008489571511745453), ([[167, 669], [199, 669], [199, 685], [167, 685]], '1사신', 0.07719304079673034), ([[291, 869], [377, 869], [377, 887], [291, 887]], '(러피', 0.13645051539618316), ([[284, 1311], [380, 1311], [380, 1341], [284, 1341]], '|"럽고  \'', 0.011157630248095986), ([[339, 1769], [379, 1769], [379, 1785], [339, 1785]], '피내)', 0.12932224019311622)]
