2407839
11
[([[1011, 11], [1147, 11], [1147, 55], [1011, 55]], '[템', 0.22292696419904404), ([[37, 428], [370, 428], [370, 501], [37, 501]], ':,~. 카+라용입|3', 0.000292319102658155), ([[414, 430], [647, 430], [647, 493], [414, 493]], '[,~검;4교', 0.0003804655912203219), ([[70, 494], [681, 494], [681, 580], [70, 580]], '스건시불_이)  문[', 0.002554355281999015), ([[2, 568], [205, 568], [205, 610], [2, 610]], '@움@솟기645+국찌)하김)', 2.3222968867041282e-05), ([[444, 570], [878, 570], [878, 618], [444, 618]], '(가   통"7면0 . #내', 0.04298840709088837), ([[958, 568], [1180, 568], [1180, 620], [958, 620]], '202찬/-8어', 0.015557309054184438), ([[4, 598], [44, 598], [44, 628], [4, 628]], '식용', 0.6435821478509772)]
[]
[([[246.53582611867563, 1051.007183633223], [361.5629749500674, 1064.5119549302062], [319.46417388132437, 1403.992816366777], [203.43702504993257, 1389.4880450697938]], '8', 0.025401999864137714), ([[576.3371760987868, 1367.303458488908], [773.0420459466135, 1273.786014637148], [816.6628239012132, 1375.696541511092], [619.9579540533865, 1468.213985362852]], '(7', 0.03226200933500941)]
[([[429, 225], [525, 225], [525, 261], [429, 261]], '네? 질싸', 0.8561545345948615), ([[437, 257], [517, 257], [517, 293], [437, 293]], '한 번에', 0.8498994708061218), ([[429, 289], [523, 289], [523, 325], [429, 325]], '오니기리', 0.9891601483264107), ([[407, 319], [545, 319], [545, 359], [407, 359]], '한 개인가요?', 0.995374584580663), ([[1066, 458], [1096, 458], [1096, 490], [1066, 490]], '5', 0.9516623249697318), ([[231, 587], [285, 587], [285, 625], [231, 625]], '장난', 0.999003119748468), ([[472, 510], [548, 510], [548, 638], [472, 638]], '(', 0.07209356244946807), ([[207, 620], [311, 620], [311, 656], [207, 656]], '아니데요', 0.36499783396720886), ([[219, 1129], [383, 1129], [383, 1319], [219, 1319]], '{#', 0.1281194658519323), ([[668, 1244], [842, 1244], [842, 1428], [668, 1428]], '7량', 0.020663055771042), ([[485, 1463], [647, 1463], [647, 1629], [485, 1629]], '꿀', 0.4823739221692449), ([[987.192459655934, 422.03630218086835], [1057.0188882292462, 412.5214202923297], [1073.807540344066, 550.9636978191317], [1003.9811117707537, 561.4785797076703]], '댐', 0.01847870330448509)]
[([[472, 394], [574, 394], [574, 522], [472, 522]], '8', 0.15818352882196596), ([[1042, 538], [1120, 538], [1120, 568], [1042, 568]], '아"" 또', 0.654114565968786), ([[1033, 565], [1131, 565], [1131, 607], [1033, 607]], '사정당햇', 0.9665043950080872), ([[1057, 601], [1109, 601], [1109, 637], [1057, 637]], '어요', 0.9983872526859588), ([[233, 659], [313, 659], [313, 697], [233, 697]], '잘 먹켓', 0.6557658314704895), ([[233, 689], [315, 689], [315, 729], [233, 729]], '습니다]', 0.6530295610427856), ([[98, 1205], [389, 1205], [389, 1449], [98, 1449]], '@계', 0.12310915228001147), ([[973.6139764580934, 250.1504140189375], [1089.8289043786403, 175.0180897291376], [1194.3860235419068, 366.8495859810625], [1078.1710956213597, 441.9819102708624]], '품', 0.1442330479430618), ([[664.1475713553544, 1190.0110114522165], [1050.9094433584914, 1397.5569408860508], [913.8524286446456, 1642.9889885477835], [527.0905566415087, 1436.4430591139492]], '}', 0.001878651504337317)]
[([[372, 360], [452, 360], [452, 434], [372, 434]], '표요', 0.14102205329621645), ([[992, 276], [1172, 276], [1172, 450], [992, 450]], '딸', 0.03327717616229209), ([[269, 1073], [361, 1073], [361, 1169], [269, 1169]], '^', 0.13023554842178342), ([[953, 1185], [1027, 1185], [1027, 1223], [953, 1223]], '이렇게', 0.6635879056332713), ([[939, 1217], [1043, 1217], [1043, 1255], [939, 1255]], '많은 문께', 0.5189046882386094), ([[929, 1249], [1049, 1249], [1049, 1289], [929, 1289]], '사정당한거', 0.9735217753033418), ([[921, 1283], [1061, 1283], [1061, 1321], [921, 1321]], '처음이에요" ', 0.541201952173092), ([[538, 1468], [642, 1468], [642, 1586], [538, 1586]], '다"', 0.041896905733804175), ([[527.3466627336992, 919.0064680518066], [962.9164753763404, 1268.6131889522026], [786.6533372663008, 1489.9935319481935], [351.0835246236596, 1141.3868110477974]], '(모공 ', 0.00015419720148202032), ([[234.92865683198883, 1355.0720605567174], [332.24189555258425, 1373.600742903889], [316.07134316801114, 1444.9279394432826], [219.75810444741577, 1426.399257096111]], '뜨', 0.006964005211646196)]
[([[255, 647], [1019, 647], [1019, 935], [255, 935]], '3시간 후', 0.741019299510886)]
[([[392, 244], [494, 244], [494, 276], [392, 276]], '이제 배가', 0.9994389802480564), ([[381, 273], [501, 273], [501, 313], [381, 313]], '빵빵해요 ', 0.5306138682141526), ([[227, 363], [329, 363], [329, 401], [227, 401]], '이이상은', 0.9979629516601562), ([[219, 397], [331, 397], [331, 435], [219, 435]], '못먹어요:"', 0.7418494970047373), ([[551, 527], [627, 527], [627, 587], [551, 587]], '0"', 0.021923574824118434), ([[223, 539], [309, 539], [309, 631], [223, 631]], '(', 0.8256593028903616), ([[997, 995], [1095, 995], [1095, 1037], [997, 1037]], '빵빵한건', 0.9216387867927551), ([[995, 1031], [1097, 1031], [1097, 1067], [995, 1067]], '배야지궁', 0.617984886759215), ([[1013, 1063], [1079, 1063], [1079, 1099], [1013, 1099]], '이야?', 0.6287502646446228), ([[841, 1375], [937, 1375], [937, 1413], [841, 1413]], '둘다요   ', 0.2772685043364024), ([[502.2006652916285, 332.0457880371682], [552.0917380143111, 319.0856592426965], [580.7993347083715, 432.9542119628318], [531.9082619856889, 446.9143407573035]], '흙', 0.035864938681754666), ([[1042.2747574101838, 330.03767113776456], [1096.1772734229023, 323.3472200966872], [1109.7252425898162, 439.96232886223544], [1055.8227265770977, 446.6527799033128]], '@', 0.009719870860564805), ([[245.69014877274577, 1050.003200600896], [361.18558038241036, 1064.9248532477434], [298.3098512272542, 1563.996799399104], [182.81441961758966, 1549.0751467522566]], '"', 0.11928127721125836), ([[578.3177872040262, 1366.7813446448315], [772.5096055951551, 1274.6402017219807], [814.6822127959738, 1373.2186553551685], [619.4903944048449, 1465.3597982780193]], '17', 0.08362310681019745)]
[]
[]
[([[274, 1076], [352, 1076], [352, 1164], [274, 1164]], '스', 0.6837735748588649)]
