2408056
89
[]
[]
[([[306, 22], [363, 22], [363, 158], [306, 158]], '흙', 0.08580835564998868), ([[316, 166], [342, 166], [342, 206], [316, 206]], '훌품', 0.17872557758241242), ([[279, 205], [295, 205], [295, 239], [279, 239]], '주', 0.07778850012471228), ([[297, 167], [313, 167], [313, 237], [297, 237]], '푹', 0.020086893240032433), ([[314, 194], [342, 194], [342, 244], [314, 244]], '로', 0.622120721598268), ([[277, 233], [343, 233], [343, 271], [277, 271]], '용보 동"', 0.011785791163985652), ([[15, 257], [31, 257], [31, 279], [15, 279]], '=', 0.18932291894390474), ([[327, 259], [341, 259], [341, 283], [327, 283]], '약', 0.05553006007787098), ([[253, 281], [271, 281], [271, 307], [253, 307]], '[미', 0.01705124311396049), ([[294, 262], [344, 262], [344, 330], [294, 330]], '명', 0.012514249729445093), ([[299, 315], [313, 315], [313, 343], [299, 343]], '톤', 0.4876446224801647), ([[299, 343], [313, 343], [313, 379], [299, 379]], '품', 0.33611006415867806), ([[327, 343], [341, 343], [341, 369], [327, 369]], '둠', 0.10035255229464557), ([[79, 511], [99, 511], [99, 551], [79, 551]], '톤', 0.490717718965076), ([[79, 551], [99, 551], [99, 575], [79, 575]], '=', 0.9996892455279784), ([[76, 559], [133, 559], [133, 648], [76, 648]], '꼴', 0.01972961842290033), ([[315, 671], [331, 671], [331, 697], [315, 697]], '%움', 0.3597447145032327), ([[115, 683], [129, 683], [129, 717], [115, 717]], '능', 0.02895693943907318), ([[287, 671], [305, 671], [305, 723], [287, 723]], '문', 0.23743245716787342), ([[313, 691], [331, 691], [331, 715], [313, 715]], '뿐', 0.04476770783505857)]
[([[361, 269], [393, 269], [393, 283], [361, 283]], '하니다', 0.9169038249870713)]
[]
[]
[]
[]
[]
[]
[]
[]
[]
[([[228, 378], [338, 378], [338, 408], [228, 408]], '인덕렁가', 0.05133700743317604), ([[234, 406], [322, 406], [322, 414], [234, 414]], '7데', 0.0025059181193945604), ([[36, 726], [220, 726], [220, 750], [36, 750]], '인덕대학 만화 애니메이선과', 0.6293627327176833), ([[36, 750], [312, 750], [312, 774], [36, 774]], '139-749 서문시 노원구 원계동 신76번치', 0.264218643556482), ([[37, 771], [307, 771], [307, 789], [37, 789]], '  02 950 7700 ` 02 950 7719', 0.6943850228504986)]
[]
[([[94.10263340389898, 124.30790021169692], [238.4430177337896, 56.96768138445988], [255.89736659610102, 105.69209978830308], [110.55698226621043, 173.0323186155401]], '@[[입륙', 0.06986354561563046)]
[]
[([[69, 343], [87, 343], [87, 369], [69, 369]], '(', 0.5190291992881271)]
[]
[([[49, 1], [121, 1], [121, 17], [49, 17]], '90-10-6003', 0.6760432833203245), ([[128, 0], [523, 0], [523, 19], [128, 19]], '"""익놈차-명13810018-[4-1명88-[명배]나(-(.민/3싣/륙3명/나03\'18서궁신"바9/|:0 니', 4.706252374372294e-08), ([[79, 509], [161, 509], [161, 521], [79, 521]], '\'["스형]3어 교니미업 이\'', 5.696842537148975e-05), ([[164, 510], [204, 510], [204, 518], [164, 518]], '데>', 0.0058226446191439385), ([[217, 509], [261, 509], [261, 521], [217, 521]], '꼴예"00-', 0.0006299207238289784), ([[49, 525], [131, 525], [131, 539], [49, 539]], '1410 3,, =문선', 0.002643879099665494), ([[149, 527], [359, 527], [359, 541], [149, 541]], '4515 "1345 (대 국습 3세 벼" "비\' `니 비무>', 0.0001307978358005683), ([[65, 543], [115, 543], [115, 555], [65, 555]], '박리 소:', 0.003023049300549145), ([[123, 543], [191, 543], [191, 555], [123, 555]], '벼긋 개::', 5.598972159551347e-05), ([[199, 543], [267, 543], [267, 557], [199, 557]], '178공 ",뇨', 0.008672491692104371), ([[273, 543], [341, 543], [341, 557], [273, 557]], "군810 '서|51", 0.07007833717939076), ([[349, 543], [407, 543], [407, 559], [349, 559]], '"85 사+이,', 0.0030832668241978787), ([[356, 606], [392, 606], [392, 614], [356, 614]], '3시', 0.003946487401747186), ([[419, 603], [447, 603], [447, 615], [419, 615]], '출4>', 0.01973561415406087), ([[77, 615], [495, 615], [495, 630], [77, 630]], '58 7워{(앞분 다 도383 \'국급 미니] \'1화+3" 38팬 838 \'&소다 극대 |0세 잠, 3<소"', 2.8432203760797032e-06), ([[446, 638], [490, 638], [490, 646], [446, 646]], "사' 감기", 0.005496120179645479), ([[117, 647], [495, 647], [495, 663], [117, 663]], '친후슷시&" $소 \'없공 #,구 \',입 ;##병;; 목>굉체 탁도 오 주,\' 봄몹교', 6.82678110442489e-08), ([[350, 672], [386, 672], [386, 680], [350, 680]], '스그;', 0.025821960963322534), ([[143, 681], [493, 681], [493, 697], [143, 697]], '\'목"리- 논규 \'톤교뉴& {10} \',|자표 &뇨1 3도 \'5! 훌#",8 "미`0|3 ,:', 3.9532098034915416e-07), ([[459, 711], [501, 711], [501, 727], [459, 727]], '5+3=', 0.06132323667407036), ([[41, 783], [109, 783], [109, 797], [41, 797]], '+1  [이어표', 0.018626135688921325), ([[427, 783], [467, 783], [467, 799], [427, 799]], '세무익', 0.0021826680872241025), ([[477, 783], [515, 783], [515, 799], [477, 799]], '쉽10하7', 0.000363565774191453)]
[]
[([[282, 44], [368, 44], [368, 72], [282, 72]], "'", 0.7486866350554919)]
[]
[]
[]
[([[295, 631], [329, 631], [329, 645], [295, 645]], '고|대', 0.055675716205855166), ([[503, 634], [589, 634], [589, 648], [503, 648]], '미미아깊력뉴하', 6.73640164010358e-05), ([[295, 647], [329, 647], [329, 661], [295, 661]], '급미;', 0.04354846952635333), ([[472, 647], [557, 647], [557, 665], [472, 665]], "'다  유", 0.015851023835586665), ([[295, 663], [329, 663], [329, 677], [295, 677]], '[]', 0.003242111518909253), ([[511, 667], [589, 667], [589, 681], [511, 681]], '10/0431613 ', 0.023384916088094884), ([[293, 679], [327, 679], [327, 693], [293, 693]], '금요;', 0.1608412815800971), ([[481, 681], [531, 681], [531, 695], [481, 695]], '2510"1', 0.035349895299719075), ([[565, 683], [589, 683], [589, 695], [565, 695]], '1이3', 0.2203836178092414), ([[293, 695], [329, 695], [329, 709], [293, 709]], '50', 0.03182748196611843), ([[533, 699], [587, 699], [587, 713], [533, 713]], '#규12-', 0.0034494111123987317), ([[292, 707], [327, 707], [327, 725], [292, 725]], '효고요', 0.29425664127942247), ([[492, 712], [587, 712], [587, 729], [492, 729]], '34@기 요물.', 0.001215907542129329), ([[293, 727], [329, 727], [329, 741], [293, 741]], '반10', 0.24406718988328616), ([[515, 729], [587, 729], [587, 743], [515, 743]], '2하중 _ 쇼|어근', 0.023022439159948515), ([[57, 743], [81, 743], [81, 759], [57, 759]], '믿-', 0.06798485635523707), ([[119, 743], [167, 743], [167, 759], [119, 759]], '곰스{10', 0.05074614520089883), ([[203, 745], [227, 745], [227, 759], [203, 759]], '다', 0.004166584823352082), ([[265, 747], [311, 747], [311, 761], [265, 761]], '+뜨,,', 0.04746491461992264), ([[445, 749], [481, 749], [481, 763], [445, 763]], '뜯늘:', 0.010564849258099505)]
[]
[]
[]
[]
[]
[([[502, 492], [526, 492], [526, 518], [502, 518]], '~?', 0.0627655414031508), ([[448.80382166575663, 144.2487898312403], [492.34164078649985, 106.31671842700025], [507.19617833424337, 126.7512101687597], [462.65835921350015, 165.68328157299976]], "'3사", 0.03933873692969674)]
[]
[([[436, 152], [460, 152], [460, 178], [436, 178]], '맞', 0.007682542275211424), ([[497, 367], [515, 367], [515, 389], [497, 389]], '3', 0.012366156909423331), ([[500, 492], [526, 492], [526, 518], [500, 518]], '~3', 0.11382209167664335), ([[448.80382166575663, 144.2487898312403], [492.34164078649985, 106.31671842700025], [507.19617833424337, 126.7512101687597], [462.65835921350015, 165.68328157299976]], "'3사", 0.050304976748043594)]
[]
[]
[]
[]
[]
[]
[]
[]
[]
[]
[]
[]
[([[23, 43], [229, 43], [229, 79], [23, 79]], '거니 0 새04 /', 0.003984950037227204), ([[23, 97], [227, 97], [227, 117], [23, 117]], '0 [?서:-씨토사1 $10 &[', 0.000762843548591614), ([[4, 128], [106, 128], [106, 158], [4, 158]], '현대백화점', 0.5795232271454698), ([[4, 158], [50, 158], [50, 182], [4, 182]], '반송처', 0.9943671785340594), ([[56, 157], [396, 157], [396, 182], [56, 182]], '410608 경기도 고양시 일산구 고양우편집중국 사서함 8호', 0.7286102511094762), ([[4, 182], [178, 182], [178, 206], [4, 206]], '*+오:/|감담감 @^훨산교응히;-어물', 1.19874984639089e-06), ([[974, 386], [1092, 386], [1092, 418], [974, 418]], '모27009어', 0.15617269380328705), ([[1215, 489], [1389, 489], [1389, 529], [1215, 529]], '서울 마포구', 0.45029638726870735)]
[]
[([[306, 22], [363, 22], [363, 158], [306, 158]], '흙', 0.08580835564998868), ([[316, 166], [342, 166], [342, 206], [316, 206]], '훌품', 0.17872557758241242), ([[279, 205], [295, 205], [295, 239], [279, 239]], '주', 0.07778850012471228), ([[297, 167], [313, 167], [313, 237], [297, 237]], '푹', 0.020086893240032433), ([[314, 194], [342, 194], [342, 244], [314, 244]], '로', 0.622120721598268), ([[277, 233], [343, 233], [343, 271], [277, 271]], '용보 동"', 0.011785791163985652), ([[15, 257], [31, 257], [31, 279], [15, 279]], '=', 0.18932291894390474), ([[327, 259], [341, 259], [341, 283], [327, 283]], '약', 0.05553006007787098), ([[253, 281], [271, 281], [271, 307], [253, 307]], '[미', 0.01705124311396049), ([[294, 262], [344, 262], [344, 330], [294, 330]], '명', 0.012514249729445093), ([[299, 315], [313, 315], [313, 343], [299, 343]], '톤', 0.4876446224801647), ([[299, 343], [313, 343], [313, 379], [299, 379]], '품', 0.33611006415867806), ([[327, 343], [341, 343], [341, 369], [327, 369]], '둠', 0.10035255229464557), ([[79, 511], [99, 511], [99, 551], [79, 551]], '톤', 0.490717718965076), ([[79, 551], [99, 551], [99, 575], [79, 575]], '=', 0.9996892455279784), ([[76, 559], [133, 559], [133, 648], [76, 648]], '꼴', 0.01972961842290033), ([[315, 671], [331, 671], [331, 697], [315, 697]], '%움', 0.3597447145032327), ([[115, 685], [129, 685], [129, 717], [115, 717]], '.', 0.08367450277106414), ([[287, 671], [305, 671], [305, 723], [287, 723]], '문', 0.23743245716787342), ([[313, 691], [331, 691], [331, 715], [313, 715]], '뿐', 0.04476770783505857)]
[([[361, 269], [393, 269], [393, 283], [361, 283]], '하니다', 0.9407346015987149)]
[]
[]
[]
[]
[]
[]
[]
[([[196, 26], [372, 26], [372, 52], [196, 52]], '4 월 평  가   서', 0.4702526207089109), ([[301, 73], [467, 73], [467, 93], [301, 93]], '상황표연 입시반 최은영', 0.3913928833303157), ([[477, 79], [507, 79], [507, 91], [477, 91]], '박 성', 0.033656150102615356), ([[21, 127], [99, 127], [99, 143], [21, 143]], '권 식 반 신썹님', 0.30512497966669416), ([[253, 231], [332, 231], [332, 272], [253, 272]], '5.:다', 0.004994610324501991)]
[]
[]
[]
[]
[]
[([[147, 573], [197, 573], [197, 615], [147, 615]], '9 |', 0.02423486642463883)]
[]
[]
[([[59, 23], [79, 23], [79, 77], [59, 77]], '뿐', 0.0039005602954507307), ([[89, 25], [107, 25], [107, 81], [89, 81]], '꿈', 0.2748072850926384), ([[209, 259], [223, 259], [223, 285], [209, 285]], '별', 0.032389591075659974), ([[208, 282], [238, 282], [238, 306], [208, 306]], '*~', 0.09056865715206194), ([[249, 277], [267, 277], [267, 311], [249, 311]], '흙', 0.6926777619594446), ([[205, 297], [273, 297], [273, 375], [205, 375]], '@품', 0.03985528470508054), ([[307, 341], [327, 341], [327, 365], [307, 365]], '=', 0.9994731643474211), ([[210, 342], [240, 342], [240, 372], [210, 372]], '햇력', 0.0065820954680709115), ([[55, 467], [69, 467], [69, 503], [55, 503]], '흙', 0.1347745544337977), ([[55, 503], [69, 503], [69, 545], [55, 545]], '옷', 0.06791973868445211), ([[63, 499], [127, 499], [127, 559], [63, 559]], '@촬용', 0.023143056849185297), ([[52, 542], [124, 542], [124, 592], [52, 592]], '궁 %글', 0.004228431731462479), ([[55, 575], [71, 575], [71, 597], [55, 597]], '꿈', 0.1630903605906866), ([[55, 585], [105, 585], [105, 629], [55, 629]], '훌기 흙', 0.027778939977258478), ([[131, 585], [145, 585], [145, 617], [131, 617]], '품', 0.06275489039035165), ([[34, 638], [90, 638], [90, 770], [34, 770]], '볼', 0.20234512132596283)]
[([[1, 101], [49, 101], [49, 115], [1, 115]], '버0367', 0.3772803817554236), ([[75, 103], [139, 103], [139, 115], [75, 115]], '02100546', 0.5200562350022447), ([[548, 582], [578, 582], [578, 616], [548, 616]], '$', 0.599420284343978), ([[519, 651], [541, 651], [541, 667], [519, 667]], '<5', 0.0031921294357270843), ([[484, 714], [508, 714], [508, 748], [484, 748]], '몸', 0.3971668005931548), ([[519, 719], [579, 719], [579, 757], [519, 757]], '떠죽', 0.29654203788278555), ([[498.30513841808187, 523.0815813559439], [519.4302872169567, 510.03101820299895], [556.6948615819181, 570.9184186440561], [535.5697127830433, 584.9689817970011]], '@', 0.11947521178177567), ([[475.1758366163079, 532.1154281570775], [499.50972074952296, 521.043619652767], [522.8241633836922, 572.8845718429225], [499.49027925047704, 584.956380347233]], '젊', 0.19901145554940403), ([[503.1758366163079, 581.1154281570775], [526.4853250811994, 568.0395170046834], [553.8241633836922, 621.8845718429225], [530.5146749188006, 634.9604829953166]], '털', 0.3198935585626259), ([[478.9563638994289, 597.1385464278869], [506.60822873701574, 583.0465132093975], [535.0436361005711, 641.8614535721131], [508.39177126298426, 655.9534867906025]], "젖'", 0.07446644440947955), ([[545.592091491776, 638.0420391605248], [565.3342164602151, 632.028122884731], [582.407908508224, 689.9579608394752], [562.6657835397849, 694.971877115269]], ':', 0.04515648685426776), ([[517.230342157116, 661.0747450012914], [544.5578740873835, 651.0390939795767], [568.769657842884, 719.9252549987086], [541.4421259126165, 729.9609060204233]], '불', 0.055404344816190054), ([[488.0939460213589, 659.1039678918432], [518.9855951163664, 651.1233258756255], [532.9060539786411, 709.8960321081568], [502.01440488363363, 717.8766741243745]], '뒷', 0.02748059014415194)]
[]
[([[139, 307], [201, 307], [201, 325], [139, 325]], '독일 영국', 0.9960781926227548), ([[346, 632], [406, 632], [406, 660], [346, 660]], '연합회', 0.9915658086941377)]
[]
[([[355.1430466182295, 28.257218647291793], [393.46211053648574, 15.635363499279977], [399.8569533817705, 33.74278135270821], [360.53788946351426, 46.364636500720025]], '865#', 0.0014676866121590137)]
[]
[]
[]
[]
[]
[([[324, 669], [514, 669], [514, 698], [324, 698]], '만화 애니메이선', 0.47775438180251817)]
[]
[]
[]
[]
[]
[]
[]
[([[424, 2], [637, 2], [637, 71], [424, 71]], '% 주 먹자"', 0.2705379305262357)]
[]
[]
[]
