2409573
10
[([[1011, 11], [1147, 11], [1147, 55], [1011, 55]], '[템', 0.2771245546324588), ([[36, 428], [370, 428], [370, 501], [36, 501]], '주,~. |+멋-@ 5', 0.003768803886737479), ([[413, 431], [647, 431], [647, 493], [413, 493]], '2,~물고교', 7.039176730683432e-05), ([[81, 500], [798, 500], [798, 580], [81, 580]], '그"소미(21) #내이 [햇', 0.011932474877393713), ([[12, 568], [174, 568], [174, 596], [12, 596]], '번역 : @, 1645(+.라9김)', 0.0022568021899495375), ([[12, 590], [54, 590], [54, 614], [12, 614]], '식질:', 0.9917935725311076), ([[444, 568], [876, 568], [876, 618], [444, 618]], '(토다   뇌)&터7 #(', 0.010301993481045556), ([[958, 568], [1176, 568], [1176, 618], [958, 618]], '2021/어어', 0.03619980841950622)]
[([[161, 1199], [451, 1199], [451, 1475], [161, 1475]], ')', 0.056999048832949484)]
[([[1009, 8], [1148, 8], [1148, 56], [1009, 56]], '[품]', 0.06577858250681891), ([[36, 428], [370, 428], [370, 502], [36, 502]], '주,@. (+해-@ 5', 0.001161222576992187), ([[413, 431], [647, 431], [647, 493], [413, 493]], '2,~물고교', 0.00010863666627951063), ([[80, 500], [798, 500], [798, 580], [80, 580]], '그모 소미(21)#내이 타굶', 0.03589790797576071), ([[444, 568], [876, 568], [876, 620], [444, 620]], '(유가   뇌"&#7 돼내', 0.005192379822853775), ([[958, 568], [1176, 568], [1176, 618], [958, 618]], '021번어어', 0.05833398571720595)]
[([[182, 164], [254, 164], [254, 242], [182, 242]], '새', 0.02670054184952253), ([[245, 293], [375, 293], [375, 335], [245, 335]], '주인남 "', 0.3731131402056585), ([[267, 329], [353, 329], [353, 371], [267, 371]], '그렇게', 0.6471764513271376), ([[257, 365], [365, 365], [365, 407], [257, 407]], '서두르지', 0.7087676525115967), ([[239, 401], [383, 401], [383, 445], [239, 445]], '않으서도 !', 0.8615050183751626), ([[989, 491], [1147, 491], [1147, 665], [989, 665]], '해', 0.0518636229027758), ([[183, 717], [443, 717], [443, 1027], [183, 1027]], '팩', 0.01283516025420628), ([[951, 1313], [1091, 1313], [1091, 1357], [951, 1357]], '10년간 매일', 0.8962949071504605), ([[967, 1351], [1077, 1351], [1077, 1395], [967, 1395]], '계속해온', 0.9995426535606384), ([[969, 1389], [1077, 1389], [1077, 1431], [969, 1431]], '건강체크', 0.98418790102005), ([[955, 1425], [1087, 1425], [1087, 1467], [955, 1467]], '아니가요"', 0.3185191641195565), ([[145, 1363], [405, 1363], [405, 1623], [145, 1623]], '{-', 0.04793104313361679), ([[1021, 1479], [1155, 1479], [1155, 1621], [1021, 1621]], '헌', 0.05110503833347568)]
[([[283, 85], [503, 85], [503, 268], [283, 268]], '패}', 0.07327825483817631), ([[266, 264], [482, 264], [482, 546], [266, 546]], '', 0.0), ([[991, 331], [1153, 331], [1153, 499], [991, 499]], '닭', 0.01839365284691774), ([[209, 491], [295, 491], [295, 533], [209, 533]], '가시는', 0.5005589325099477), ([[201, 527], [301, 527], [301, 569], [201, 569]], '거군요?', 0.9971222281455994), ([[223, 813], [385, 813], [385, 977], [223, 977]], '앙', 0.007908027365747472), ([[438, 832], [632, 832], [632, 1024], [438, 1024]], '교0', 0.02905457648664322), ([[104, 1080], [288, 1080], [288, 1256], [104, 1256]], '푹', 0.001630012618968557), ([[366, 1140], [540, 1140], [540, 1268], [366, 1268]], '군', 0.007811950516132038), ([[905, 1317], [1045, 1317], [1045, 1361], [905, 1361]], '네 좋습니다', 0.7736013414090235), ([[542, 1344], [582, 1344], [582, 1376], [542, 1376]], '9', 0.8598854672221847), ([[919, 1355], [1027, 1355], [1027, 1399], [919, 1399]], '평소처럼', 0.9991456270217896), ([[139, 1351], [275, 1351], [275, 1503], [139, 1503]], '{', 0.024669804032566356), ([[933, 1393], [1011, 1393], [1011, 1433], [933, 1433]], '안에"', 0.9284629612014806), ([[1009, 1395], [1123, 1395], [1123, 1541], [1009, 1541]], '통;', 0.23332544374052774), ([[476.1851782856173, 1227.0369611417907], [543.952374120368, 1210.2143164583445], [575.8148217143827, 1354.9630388582093], [508.0476258796321, 1371.7856835416555]], '술', 0.3103493835583073)]
[([[128, 51], [448, 51], [448, 531], [128, 531]], '#', 0.15887296530678796)]
[([[1020, 300], [1092, 300], [1092, 414], [1020, 414]], '(', 0.08635250176795584), ([[283, 389], [367, 389], [367, 431], [283, 431]], '오늘도', 0.9999434256407393), ([[283, 425], [367, 425], [367, 467], [283, 467]], '진하고', 0.9996997891397926), ([[271, 463], [377, 463], [377, 505], [271, 505]], '많네요"', 0.5463708639144897), ([[207, 781], [319, 781], [319, 825], [207, 825]], '네 건강에', 0.7938405814530385), ([[207, 817], [315, 817], [315, 861], [207, 861]], '문제없습', 0.9995101094245911), ([[221, 857], [301, 857], [301, 895], [221, 895]], '니다"', 0.721929938296936), ([[160, 1208], [440, 1208], [440, 1472], [160, 1472]], '"', 0.04497254861188993)]
[]
[]
[]
