2423081
17
[([[596, 124], [686, 124], [686, 152], [596, 152]], '흙   확실히!', 0.6440851014739992), ([[604, 150], [762, 150], [762, 176], [604, 176]], '나는 그결활 수있어!', 0.469976844262056), ([[841, 179], [867, 179], [867, 191], [841, 191]], '디+++', 0.20180507004261017), ([[868, 165], [986, 165], [986, 193], [868, 193]], '하시켓습니까?', 0.5924705497553615), ([[836, 192], [922, 192], [922, 218], [836, 218]], '자위 세선?', 0.8177509632636738), ([[860, 216], [960, 216], [960, 246], [860, 246]], '연봉이 높다!', 0.9358760009808534), ([[1054, 325], [1279, 325], [1279, 353], [1054, 353]], '당신의 노고에 감사드컵니다!', 0.46987793657470106), ([[1054, 350], [1156, 350], [1156, 378], [1054, 378]], '포토타임 끝!', 0.7831489162954822), ([[911, 402], [996, 402], [996, 432], [911, 432]], '감사해요', 0.9998400211334229)]
[([[902, 170], [978, 170], [978, 202], [902, 202]], '응응. !', 0.6769657423656299), ([[979, 583], [1037, 583], [1037, 625], [979, 625]], '오', 0.20944320048801401), ([[915, 707], [975, 707], [975, 751], [915, 751]], '9', 0.3627420849200149), ([[863.0574282752855, 534.5033708955139], [919.7648905838695, 521.1094325714092], [927.9425717247145, 559.4966291044861], [870.2351094161305, 572.8905674285908]], '-,0', 0.0304833159124412)]
[([[787, 219], [963, 219], [963, 255], [787, 255]], '무슨 두꺼운 정액', 0.6226934031851593), ([[787, 251], [1049, 251], [1049, 287], [787, 287]], '당신은 갇혀 있어야합니다', 0.7488264371490178)]
[([[160, 48], [192, 48], [192, 80], [160, 80]], '서', 0.6910428769405286), ([[631, 179], [857, 179], [857, 215], [631, 215]], '내 거시기가 계속 경련', 0.49046885800120793), ([[647, 211], [895, 211], [895, 247], [647, 247]], '나는 계속 커망울 할거야', 0.4182511917275132), ([[587, 247], [645, 247], [645, 285], [587, 285]], '사소', 0.012497842133199022), ([[933, 716], [1007, 716], [1007, 745], [933, 745]], '-도', 0.0065359288923930855), ([[971.3756770666055, 578.0656822130455], [1042.9958534879975, 601.8423235006317], [1032.6243229333945, 630.9343177869545], [961.0041465120024, 606.1576764993683]], '+참사', 0.007901213452823614), ([[692.4275212228624, 656.4565127337174], [761.3181787635757, 636.09578172992], [769.5724787771376, 665.5434872662826], [700.6818212364243, 685.90421827008]], '-뇨사', 0.0005035656280745005)]
[([[1038, 146], [1100, 146], [1100, 176], [1038, 176]], '후..!!', 0.12925852019085354), ([[1037, 177], [1157, 177], [1157, 213], [1037, 213]], '그것은오고', 0.634437644729295), ([[629, 305], [701, 305], [701, 343], [629, 343]], '7', 0.015535728359794554), ([[750, 632], [778, 632], [778, 656], [750, 656]], '보', 0.2138420840051305), ([[904.3204595160191, 532.0779759188824], [972.9927922629031, 553.792167203965], [963.6795404839809, 580.9220240811176], [895.0072077370969, 559.207832796035]], '745', 0.29219291193913105), ([[908.8786796564403, 713.8786796564403], [978.6566416760134, 703.6063519076652], [982.1213203435597, 728.1213203435597], [912.3433583239866, 738.3936480923348]], '뇨"', 0.007406759674259296)]
[([[1134, 106], [1190, 106], [1190, 138], [1134, 138]], '커망!', 0.6799930070933617), ([[705, 241], [1017, 241], [1017, 277], [705, 277]], '그리고 그것은 계속 누출차니다', 0.6863943263235217), ([[986, 332], [1112, 332], [1112, 364], [986, 364]], '그건 미처어!', 0.7390953410489131), ([[985, 363], [1233, 363], [1233, 399], [985, 399]], '당신은 만지지 않고 커망', 0.7571573079663204), ([[835, 775], [893, 775], [893, 811], [835, 811]], '5꾸+', 0.05663128798649855)]
[([[713, 117], [953, 117], [953, 153], [713, 153]], '나는 더 나은 지불음발올', 0.2548236686215155), ([[726, 152], [882, 152], [882, 184], [726, 184]], '이것올 위해 더:', 0.35792797158683487), ([[1053, 149], [1201, 149], [1201, 185], [1053, 185]], '너무 씩시햇어!', 0.15958569556887792), ([[1050, 181], [1313, 181], [1313, 217], [1050, 217]], "카메라블 가져갈게 기다려'", 0.183653243550619), ([[647, 254], [743, 254], [743, 286], [647, 286]], '물론이야', 0.9974106550216675), ([[890, 354], [1096, 354], [1096, 386], [890, 386]], '이 포즈 너무 씩시해!', 0.4411140119404651), ([[948, 666], [998, 666], [998, 698], [948, 698]], '(.', 0.045579069456307256), ([[695.0, 677.0], [747.6174721686064, 659.82365660465], [754.0, 677.0], [700.3825278313936, 694.17634339535]], '니괴시', 0.008270682750470305)]
[([[1116, 126], [1156, 126], [1156, 154], [1116, 154]], '흙 .', 0.367499977350235), ([[589, 151], [861, 151], [861, 189], [589, 189]], '정액에 흑백 젖으면서 미소', 0.4384597933080033), ([[870, 200], [1012, 200], [1012, 232], [870, 232]], '네! 그런 아하.', 0.9524578331488822), ([[871, 231], [1127, 231], [1127, 267], [871, 267]], '너무 세시하고 세시합니다:', 0.2757940381248754), ([[1103.1218571837176, 230.04294327392017], [1269.9404538766105, 278.96642151715486], [1245.8781428162824, 349.9570567260798], [1079.0595461233895, 301.03357848284514]], '다1^ !', 0.01575756910473124), ([[194.33480989476226, 649.0221484214339], [355.958932064677, 742.0946425395748], [310.66519010523774, 818.9778515785661], [149.04106793532296, 726.9053574604252]], '여좁여', 0.00037281878507472205)]
[([[24, 158], [180, 158], [180, 258], [24, 258]], '(이5^', 0.004094075411558151), ([[501, 173], [910, 173], [910, 215], [501, 215]], '나는 확실히 당신흘 다시 전화할 것입니다', 0.4561812644112024), ([[957, 177], [1265, 177], [1265, 213], [957, 213]], '원하는만큼 가져칼 수 있습니다', 0.28220044870539623), ([[757, 323], [1087, 323], [1087, 359], [757, 359]], '아 잘생겨올 뿐만 아니라 친절도', 0.59054183377086), ([[1208, 482], [1282, 482], [1282, 536], [1208, 536]], '사애', 0.02612658485233473), ([[782.0864055220114, 14.041820189924827], [988.8787712540449, 60.44762166007867], [965.9135944779886, 142.95817981007517], [759.1212287459551, 96.55237833992133]], '(;-슷!', 0.03145350785913953), ([[318.1690477599767, 762.0314304316926], [520.9564960855547, 829.022659973589], [487.8309522400233, 915.9685695683074], [286.0435039144453, 849.977340026411]], '(', 0.09547673653975153)]
[([[684, 137], [780, 137], [780, 165], [684, 165]], '이와 같이.', 0.9035151833870186), ([[685, 163], [801, 163], [801, 189], [685, 189]], '좀 부끄럽다 .', 0.9371609741962491), ([[1028, 258], [1094, 258], [1094, 284], [1028, 284]], '정말로!', 0.9865087270736694), ([[1028, 282], [1194, 282], [1194, 308], [1028, 308]], '네 거시기틀 보여쥐!', 0.45028465506162774)]
[([[1024, 180], [1290, 180], [1290, 212], [1024, 212]], '누군가 내 거시기틀 처음 본 순간:', 0.6027549096737811), ([[686, 210], [754, 210], [754, 240], [686, 240]], '너 정말', 0.9995270559124341), ([[1022, 203], [1262, 203], [1262, 236], [1022, 236]], '그것은 나름 직립하게 만듣다', 0.831937992037524), ([[705, 236], [875, 236], [875, 266], [705, 266]], '군 거시기틀 가지고!', 0.39140987207188405), ([[880, 334], [914, 334], [914, 358], [880, 358]], "'와", 0.6719120991465781), ([[892, 356], [1040, 356], [1040, 386], [892, 386]], '얼마나 중은 수닭!', 0.8209077625349129)]
[([[618, 150], [682, 150], [682, 178], [618, 178]], '감사..!', 0.3650730371939582), ([[1022, 192], [1260, 192], [1260, 222], [1022, 222]], '당신은 잘생겨올 뿐만 아니라', 0.2757293991351032), ([[1022, 218], [1258, 218], [1258, 246], [1022, 246]], '그리고 멋진 몸매틀 가지세요', 0.5966303544417293), ([[832, 364], [1112, 364], [1112, 396], [832, 396]], '당신의 거시기논 정말 거대합니다:', 0.5743250561290597)]
[([[646, 184], [780, 184], [780, 216], [646, 216]], '그래  준비#어', 0.2672618983301248), ([[1034, 236], [1132, 236], [1132, 262], [1034, 262]], '그 다음에.', 0.6633649482985111), ([[1034, 260], [1138, 260], [1138, 286], [1034, 286]], '의 시작하자', 0.9985449067107363), ([[1034, 284], [1162, 284], [1162, 312], [1034, 312]], '준비 되없나요?', 0.7137390502173645)]
[([[625, 87], [645, 87], [645, 113], [625, 113]], '응', 0.9995906771945471), ([[624, 110], [706, 110], [706, 138], [624, 138]], '좀 이상해', 0.9952715875121553), ([[631, 135], [782, 135], [782, 164], [631, 164]], '하지만 또한 흥분!', 0.6172887440540932), ([[744, 189], [926, 189], [926, 217], [744, 217]], '이번이 처음이신가요?', 0.9872306539652022), ([[1050, 178], [1310, 178], [1310, 208], [1050, 208]], '얼마나 직립하고 뜨거운 거시기!', 0.9558370518419265), ([[754, 216], [1014, 216], [1014, 246], [754, 246]], '누군가이 거시기틀 만젊습니까?', 0.4203744565445572), ([[556, 254], [676, 254], [676, 282], [556, 282]], '그럼 시작하자', 0.999651041019576), ([[906, 301], [1087, 301], [1087, 339], [906, 339]], '(너무 두근두근합니다:', 0.5747989137705684), ([[908, 332], [1140, 332], [1140, 360], [908, 360]], '나는 그것올 기다필수 없어!', 0.4056767486354822)]
[([[643, 127], [663, 127], [663, 151], [643, 151]], '응', 0.9992435217581921), ([[642, 150], [732, 150], [732, 180], [642, 180]], '종은 느낌!', 0.5588083857192776), ([[1104, 162], [1202, 162], [1202, 188], [1104, 188]], '천천히 해.', 0.8113910775633479), ([[1104, 188], [1152, 188], [1152, 214], [1104, 214]], '네 손_', 0.6540113421161247), ([[1104, 212], [1154, 212], [1154, 238], [1104, 238]], "빨리'", 0.5231881225480945), ([[890, 316], [1060, 316], [1060, 346], [890, 346]], '기분이 증지 않나요?', 0.9161891926782461), ([[739, 629], [779, 629], [779, 679], [739, 679]], '외', 0.09935438481376568), ([[937, 687], [991, 687], [991, 727], [937, 727]], '{써', 0.1541381372162671), ([[903.1644588494623, 516.0703072118276], [957.9339454584965, 544.1899492530827], [935.8355411505377, 584.9296927881724], [881.0660545415035, 556.8100507469173]], '{새', 0.2412197503969099)]
[([[175, 51], [211, 51], [211, 87], [175, 87]], '서', 0.14186426135043817), ([[654, 154], [766, 154], [766, 180], [654, 180]], '아 더 빨리!', 0.6673750860323381), ([[655, 175], [805, 175], [805, 211], [655, 211]], '손이 너무 좋아 !', 0.9601099432974467), ([[520, 182], [590, 182], [590, 232], [520, 232]], '유', 0.06965101834943344), ([[1018, 216], [1314, 216], [1314, 246], [1018, 246]], '당신의 거시기가 너무 육신거립니다:', 0.857081494570637), ([[1028, 242], [1194, 242], [1194, 270], [1028, 270]], '정말 즐기논 것처럼!', 0.5879375644743742), ([[908, 680], [972, 680], [972, 728], [908, 728]], '{새', 0.03908468560628612), ([[821, 795], [881, 795], [881, 833], [821, 833]], '{자', 0.06823768299255886), ([[914.1360026099594, 520.0752148767684], [967.8999365979103, 546.0047003785495], [947.8639973900406, 586.9247851232316], [894.1000634020897, 560.9952996214505]], '테(', 0.2119575849359991)]
[([[1057, 111], [1166, 111], [1166, 155], [1057, 155]], '척.! !!!', 0.428031771843967), ([[697, 167], [965, 167], [965, 207], [697, 207]], '당신은 커망에 가깝습니까?', 0.5354052333377943), ([[697, 203], [973, 203], [973, 239], [697, 239]], '기분 중제 흔들리는 너의몸!', 0.5353949020477234), ([[599, 293], [657, 293], [657, 331], [599, 331]], ':', 0.2385972809898016), ([[718, 640], [766, 640], [766, 688], [718, 688]], '때', 0.14208352548906422), ([[942, 672], [996, 672], [996, 722], [942, 722]], '다', 0.11644226889377851), ([[847, 777], [897, 777], [897, 817], [847, 817]], '{?', 0.2584106664232004), ([[896.9594617776758, 505.1094703550758], [958.5290477158427, 516.8815744554929], [948.0405382223242, 561.8905296449242], [887.4709522841573, 550.1184255445071]], '4묘', 0.003342322402323756), ([[1015.1360026099594, 579.0752148767684], [1064.9943406886223, 610.7621742529227], [1041.8639973900406, 645.9247851232316], [992.0056593113778, 614.2378257470773]], '*', 0.277677120935099)]
