2423069
20
[([[1168, 148], [1293, 148], [1293, 204], [1168, 204]], '선생님,', 0.9955214858055115), ([[1152, 209], [1313, 209], [1313, 262], [1152, 262]], '결국 나랑', 0.7989169484886668), ([[1193, 268], [1273, 268], [1273, 323], [1193, 323]], '선올', 0.6374834357372937), ([[1157, 329], [1309, 329], [1309, 384], [1157, 384]], '넘어버린', 0.9485364556312561), ([[135, 367], [222, 367], [222, 422], [135, 422]], '아컷', 0.08475394706521346), ([[1163, 389], [1248, 389], [1248, 440], [1163, 440]], '거야', 0.9687641544149135), ([[1197, 569], [1306, 569], [1306, 625], [1197, 625]], '돕아', 0.09302573347070062), ([[1357, 797], [1468, 797], [1468, 850], [1357, 850]], '어때?', 0.9992179870605469), ([[1346, 857], [1480, 857], [1480, 913], [1346, 913]], '내 안은', 0.9982063938562755), ([[243, 1559], [319, 1559], [319, 1610], [243, 1610]], '기분', 0.9999016306727299), ([[225, 1615], [339, 1615], [339, 1675], [225, 1675]], '좋아?', 0.9969312200690033), ([[63, 2210], [451, 2210], [451, 2283], [63, 2283]], '저..저기.. 미카..', 0.260133800157333), ([[99, 2284], [412, 2284], [412, 2362], [99, 2362]], '이런 짓은 . .', 0.7621590981542632), ([[1407, 2286], [1574, 2286], [1574, 2361], [1407, 2361]], '살레의', 0.9822445253980758), ([[86, 2361], [424, 2361], [424, 2438], [86, 2438]], '서로에계 쫓지', 0.548470066140236), ([[1360, 2360], [1625, 2360], [1625, 2445], [1360, 2445]], '선생으로서', 0.9943396219878353), ([[59, 2439], [453, 2439], [453, 2514], [59, 2514]], '않다고 생각해...', 0.8395960208417536), ([[1346, 2439], [1639, 2439], [1639, 2519], [1346, 2519]], '이런 상황이', 0.9992642689797694), ([[1387, 2518], [1602, 2518], [1602, 2599], [1387, 2599]], '되는건. ..', 0.3835866015853652), ([[324.4461446358477, 872.4123012450934], [427.3907269122122, 824.3125851644768], [456.5538553641523, 888.5876987549066], [353.6092730877878, 936.6874148355232]], '하아', 0.23787513434025984), ([[210.23128477340478, 834.0140743139503], [481.9919525571685, 995.4186843907246], [386.76871522659525, 1148.9859256860498], [115.0080474428315, 987.5813156092754]], '@선죄', 0.017163538778245203), ([[1402.1580737994434, 1109.0154147248027], [1686.9586289675765, 1256.6211033653108], [1592.8419262005566, 1427.9845852751973], [1308.0413710324235, 1279.3788966346892]], "유`:'", 0.00913796853274107)]
[([[87, 343], [243, 343], [243, 403], [87, 403]], '힘들리가', 0.9960004687309265), ([[1141, 223], [1300, 223], [1300, 418], [1141, 418]], '%', 0.11556180497052893), ([[70, 403], [197, 403], [197, 460], [70, 460]], '없잡아', 0.9412963041420924), ([[96, 532], [252, 532], [252, 592], [96, 592]], '선생님은', 0.973014771938324), ([[67, 592], [278, 592], [278, 652], [67, 652]], '이런 나라도', 0.9932994066338554), ([[113, 655], [231, 655], [231, 708], [113, 708]], '감싸준', 0.9476496384904454), ([[60, 712], [286, 712], [286, 772], [60, 772]], '유일한 내 편', 0.775902961693367), ([[1451, 749], [1563, 749], [1563, 800], [1451, 800]], '나로도', 0.999877904534305), ([[119, 774], [226, 774], [226, 829], [119, 829]], '인걸?', 0.7058657785099516), ([[320, 795], [505, 795], [505, 919], [320, 919]], '생로', 0.1418349583275192), ([[1026, 825], [1226, 825], [1226, 940], [1026, 940]], '생관', 0.042950901190478466), ([[1423, 802], [1589, 802], [1589, 930], [1423, 930]], '괜#다', 0.039121994249321376), ([[1427, 929], [1585, 929], [1585, 982], [1427, 982]], '찾아와쥐', 0.8927950859069824), ([[1467, 1049], [1545, 1049], [1545, 1102], [1467, 1102]], '나의', 0.9974371701445427), ([[1403, 1103], [1568, 1103], [1568, 1169], [1403, 1169]], '(왕자님]', 0.5219881911737388), ([[1309, 1604], [1601, 1604], [1601, 1851], [1309, 1851]], '유돈', 0.10729766282583844), ([[162, 2433], [357, 2433], [357, 2505], [162, 2505]], '(진장...', 0.3356281240240294), ([[72, 2505], [449, 2505], [449, 2584], [72, 2584]], '너무 꼴리잡아 .', 0.6054189684082609), ([[1330, 2541], [1626, 2541], [1626, 2620], [1330, 2620]], '(안되계어..', 0.22079605900029267), ([[52, 2583], [469, 2583], [469, 2661], [52, 2661]], '아무리 해도 해도', 0.9612019999841143), ([[142, 2660], [377, 2660], [377, 2739], [142, 2739]], '부족할 것', 0.8747272837533853), ([[1260, 2617], [1700, 2617], [1700, 2758], [1260, 2758]], '결혼하자)', 0.9909340589833052), ([[151, 2739], [370, 2739], [370, 2816], [151, 2816]], '같다고 )', 0.9400176515570365), ([[977.4972384864693, 261.0707279565747], [1074.7199906401825, 203.01620778794813], [1175.5027615135307, 398.9292720434253], [1077.2800093598175, 456.98379221205187]], '움', 0.6210905307001582), ([[245.96627570441063, 1445.0197958851177], [527.7899468074281, 1546.007588369583], [445.03372429558937, 1759.9802041148823], [163.21005319257182, 1658.992411630417]], '없32', 0.15704303172021353)]
[]
[]
[]
[]
[]
[]
[]
[]
[]
[([[1217, 68], [1338, 68], [1338, 123], [1217, 123]], '이렇게', 0.42319663836904065), ([[1180, 127], [1379, 127], [1379, 187], [1180, 187]], '딱딱해저선', 0.783930889723935), ([[1222, 189], [1336, 189], [1336, 242], [1222, 242]], '변명도', 0.9965613756167457), ([[1165, 248], [1349, 248], [1349, 303], [1165, 303]], '안되다구~', 0.5740057998479487), ([[99, 378], [220, 378], [220, 431], [99, 431]], '에에~', 0.9976654597982099), ([[1352, 664], [1502, 664], [1502, 719], [1352, 719]], '아니면~', 0.9999087452888489), ([[1286, 718], [1570, 718], [1570, 787], [1286, 787]], '살레의 선생님은', 0.6727903764720199), ([[72, 760], [219, 760], [219, 816], [72, 816]], '거짓말~', 0.9998440146446228), ([[1321, 783], [1531, 783], [1531, 836], [1321, 836]], '여자 아이의', 0.9681261509898469), ([[384, 805], [479, 805], [479, 889], [384, 889]], '(', 0.22283551792015377), ([[1348, 844], [1527, 844], [1527, 899], [1348, 899]], "'명령' 하나", 0.9992136646092512), ([[1368, 905], [1484, 905], [1484, 958], [1368, 958]], '없이는', 0.8465489834850298), ([[1364, 1361], [1529, 1361], [1529, 1417], [1364, 1417]], '아무 것도', 0.9870729210131636), ([[1388, 1422], [1504, 1422], [1504, 1475], [1388, 1475]], '못하는', 0.8035402702236237), ([[1368, 1477], [1527, 1477], [1527, 1543], [1368, 1543]], '얼간이인', 0.9763922095298767), ([[1375, 1541], [1518, 1541], [1518, 1596], [1375, 1596]], '걸까나?', 0.7162229733611792), ([[1289, 1688], [1484, 1688], [1484, 1846], [1289, 1846]], '유군', 0.01627452542626695), ([[215, 2357], [380, 2357], [380, 2423], [215, 2423]], '미카.', 0.8784279515660498), ([[517, 2220], [744, 2220], [744, 2441], [517, 2441]], '떼', 0.12334613915204162), ([[1103, 2330], [1229, 2330], [1229, 2491], [1103, 2491]], '@', 0.19993773162440576), ([[1439, 2362], [1553, 2362], [1553, 2438], [1439, 2438]], '너...', 0.24777019023895264), ([[1109.282861621992, 659.0197953580544], [1284.9481030113504, 770.8395568055865], [1222.717138378008, 865.9802046419456], [1047.0518969886496, 754.1604431944135]], '(87 <', 0.09625020009107522), ([[174.2016370719101, 1262.0953884759551], [261.6434779275159, 1177.0121827135797], [440.7983629280899, 1389.9046115240449], [354.3565220724841, 1474.9878172864203]], '톤', 0.23103205061546817)]
[]
[([[292, 792], [405, 792], [405, 924], [292, 924]], '%', 0.9992948821846426), ([[1278, 821], [1472, 821], [1472, 935], [1278, 935]], '올웬', 0.026899278500398246), ([[153, 1057], [263, 1057], [263, 1183], [153, 1183]], '와', 0.5187580169616837), ([[162, 1168], [294, 1168], [294, 1300], [162, 1300]], '(*', 0.31323939397741724), ([[142, 1814], [525, 1814], [525, 2105], [142, 2105]], '소제', 0.11137120663401293), ([[742, 1942], [987, 1942], [987, 2249], [742, 2249]], '대', 0.2096652207448111), ([[1281, 2061], [1578, 2061], [1578, 2359], [1281, 2359]], '옛', 0.06057136785510253), ([[187, 2349], [350, 2349], [350, 2427], [187, 2427]], '어른올', 0.9605580366041254), ([[160, 2430], [379, 2430], [379, 2503], [160, 2503]], '않보지..', 0.34475102594153567), ([[1316, 2373], [1689, 2373], [1689, 2488], [1316, 2488]], '말라고-!!', 0.9511685717481534), ([[1083.2669554505442, 76.01414616909439], [1306.8233448916483, 241.41510404656944], [1207.7330445494558, 372.9858538309056], [985.1766551083518, 207.58489595343056]], '{,', 0.03990346558059797), ([[1121.2155454886333, 411.0162008249245], [1406.9941021834081, 546.5266267368621], [1333.7844545113667, 690.9837991750754], [1048.0058978165919, 555.4733732631379]], '어시', 0.11482667710024762), ([[264.08676875072814, 1423.0321162603393], [355.97196318738526, 1393.1504334241347], [412.91323124927186, 1590.9678837396607], [321.02803681261474, 1620.8495665758653]], '월', 0.30759563944389257)]
[([[1096, 65], [1207, 65], [1207, 118], [1096, 118]], '조금은', 0.999816100488422), ([[72, 400], [226, 400], [226, 456], [72, 456]], '남자다위', 0.9837053418159485), ([[1247, 481], [1402, 481], [1402, 543], [1247, 543]], '젓올지도', 0.3014594614505768), ([[94, 572], [325, 572], [325, 721], [94, 721]], '&', 0.01577068393329739), ([[1385, 1128], [1555, 1128], [1555, 1274], [1385, 1274]], '양)', 0.22381128380790585), ([[325, 1148], [422, 1148], [422, 1389], [325, 1389]], '평', 0.050605003424607276), ([[223, 1496], [397, 1496], [397, 1653], [223, 1653]], '야', 0.8967111765750566), ([[1331, 1459], [1595, 1459], [1595, 1621], [1331, 1621]], '떼5', 0.05186202288022881), ([[1379, 2223], [1584, 2223], [1584, 2356], [1379, 2356]], '89', 0.5902693048776602), ([[144, 2313], [363, 2313], [363, 2391], [144, 2391]], '반성하는', 0.7138396501541138), ([[1413, 2349], [1583, 2349], [1583, 2427], [1413, 2427]], '언제나', 0.99994555921585), ([[122, 2392], [390, 2392], [390, 2467], [122, 2467]], '기색조차 ..', 0.483045216811471), ([[1390, 2425], [1606, 2425], [1606, 2505], [1390, 2505]], '제덧대로', 0.3939092755317688), ([[58, 2463], [449, 2463], [449, 2549], [58, 2549]], '제대로 보여주질', 0.9986896781197783), ([[1330, 2505], [1668, 2505], [1668, 2580], [1330, 2580]], '꿀고 말이야 !', 0.2209392791615513), ([[138, 2545], [370, 2545], [370, 2622], [138, 2622]], '않논거나!', 0.09538643113891601), ([[1285.948571264003, 666.0251394176637], [1600.9729040067245, 734.3564092897954], [1553.051428735997, 918.9748605823363], [1237.0270959932755, 849.6435907102046]], '콤"', 0.02443784266686595), ([[248.20209748177487, 737.0151637706794], [491.9925373131972, 893.4401990049814], [393.7979025182251, 1041.9848362293208], [150.0074626868028, 886.5598009950186]], '8하', 0.09457258977451626), ([[1302.9947012387095, 1352.1687373083864], [1464.2018722616629, 1329.2976921069046], [1473.0052987612905, 1434.8312626916136], [1310.7981277383371, 1457.7023078930954]], '효히', 0.03760836028177012), ([[261.14006615581235, 1746.017614201821], [553.825752639906, 1865.3003653985306], [480.85993384418765, 2031.982385798179], [188.17424736009406, 1912.6996346014694]], '세추', 0.003728971577908979), ([[1551.1686948591155, 2237.850608457735], [1618.3495811555993, 2203.76279929673], [1635.8313051408845, 2237.149391542265], [1568.6504188444007, 2272.23720070327]], '0 0', 0.6126620173454285)]
[([[56, 315], [231, 315], [231, 472], [56, 472]], '아', 0.2611622797389579), ([[1141, 704], [1257, 704], [1257, 759], [1141, 759]], '갑자기', 0.9981347176366993), ([[107, 874], [227, 874], [227, 934], [107, 934]], '선생님', 0.9993463238848588), ([[94, 936], [217, 936], [217, 989], [94, 989]], '잠깐만', 0.9991606512219925), ([[1386, 974], [1502, 974], [1502, 1030], [1386, 1030]], '그렇계', 0.793473877740495), ([[1386, 1033], [1504, 1033], [1504, 1088], [1386, 1088]], '격하게', 0.805052066965038), ([[1402, 1092], [1488, 1092], [1488, 1148], [1402, 1148]], '하면', 0.9997199878222924), ([[238, 1235], [418, 1235], [418, 1376], [238, 1376]], "아하'", 0.06729908839972071), ([[94, 1531], [248, 1531], [248, 1658], [94, 1658]], '0', 0.6689586582541871), ([[1313, 1558], [1438, 1558], [1438, 1686], [1313, 1686]], '%', 0.8529305282710453), ([[289, 1970], [702, 1970], [702, 2331], [289, 2331]], '사', 0.24819845845738175), ([[59, 2367], [393, 2367], [393, 2445], [59, 2445]], '어른올 우습계', 0.7288815129648527), ([[1428, 2340], [1597, 2340], [1597, 2452], [1428, 2452]], '벌올', 0.40388123947616533), ([[145, 2443], [308, 2443], [308, 2522], [145, 2522]], '여기논', 0.29997223735878087), ([[1368, 2448], [1657, 2448], [1657, 2569], [1368, 2569]], '쥐아지!', 0.7418614029884338), ([[171, 2525], [280, 2525], [280, 2598], [171, 2598]], '못된', 0.5048853100489232), ([[61, 2596], [397, 2596], [397, 2681], [61, 2681]], '아이어계는..', 0.6169099190934555), ([[1096.8668833090592, 25.04285967958075], [1279.8748265657518, 62.30007124866409], [1249.1331166909408, 186.95714032041926], [1067.1251734342482, 149.6999287513359]], '하오늘', 0.17102436915384242), ([[368.26829088423847, 931.0243632635772], [481.6956295713458, 1032.430270817274], [418.73170911576153, 1102.9756367364228], [306.3043704286542, 1000.569729182726]], '패선', 0.07198264793334089), ([[1195.2583527229992, 1461.0211726524883], [1329.8607747264682, 1573.1025086469144], [1255.7416472770008, 1661.9788273475117], [1121.1392252735318, 1549.8974913530856]], '7선느', 0.050540045784254084), ([[103.27877623726965, 1723.0123885045468], [253.7477306892473, 1694.543728264848], [313.72122376273035, 2055.987611495453], [163.2522693107527, 2084.456271735152]], '$', 0.009613100867923663), ([[341.8445824720007, 1862.6891649440013], [430.8777968612619, 1780.0240971250337], [539.1554175279994, 1911.3108350559987], [450.1222031387381, 1993.9759028749663]], '&', 0.02138915681998399), ([[1441.8487110720848, 2544.023679051661], [1735.9269485633654, 2603.2466774792083], [1680.1512889279152, 2842.976320948339], [1385.0730514366346, 2782.7533225207917]], '과소', 0.0026770650580316842)]
[([[1048, 31], [1183, 31], [1183, 144], [1048, 144]], '야무', 0.09777383973208484), ([[95, 351], [181, 351], [181, 404], [95, 404]], '뛰야', 0.5582123947287366), ([[1170, 369], [1293, 369], [1293, 422], [1170, 422]], '안에서', 0.9696025113487039), ([[95, 412], [177, 412], [177, 463], [95, 463]], '이거', 0.9998877226417923), ([[1206, 430], [1257, 430], [1257, 481], [1206, 481]], '더', 0.9995493204656647), ([[1172, 488], [1293, 488], [1293, 544], [1172, 544]], '커적어', 0.4460396701526908), ([[1384, 749], [1500, 749], [1500, 805], [1384, 805]], '선생님', 0.9997705392589529), ([[197, 784], [347, 784], [347, 907], [197, 907]], '다', 0.4380737941630741), ([[1386, 810], [1500, 810], [1500, 863], [1386, 863]], '조금만', 0.9998372982549533), ([[284, 865], [451, 865], [451, 986], [284, 986]], '080', 0.30257279667758347), ([[1356, 973], [1483, 973], [1483, 1033], [1356, 1033]], '천천히', 0.9997063273036074), ([[1533, 1204], [1634, 1204], [1634, 1315], [1533, 1315]], '화', 0.12577693305434323), ([[205, 1468], [446, 1468], [446, 1652], [205, 1652]], '문심', 0.014718808327091784), ([[1066, 1862], [1152, 1862], [1152, 1964], [1066, 1964]], '0', 0.9766325594333445), ([[86, 1913], [455, 1913], [455, 2125], [86, 2125]], '폐`', 0.24736875274384085), ([[983, 1941], [1075, 1941], [1075, 2034], [983, 2034]], '[3', 0.07848243571004819), ([[351, 2146], [492, 2146], [492, 2312], [351, 2312]], '야', 0.9994457536221404), ([[1260, 2084], [1662, 2084], [1662, 2355], [1260, 2355]], '펴억', 0.050727986814248914), ([[158, 2381], [323, 2381], [323, 2456], [158, 2456]], '그렇계', 0.4342315836166371), ([[1463, 2390], [1576, 2390], [1576, 2463], [1463, 2463]], '이건', 0.9924632169377265), ([[133, 2453], [354, 2453], [354, 2532], [133, 2532]], '애원해도', 0.9579950571060181), ([[1348, 2466], [1693, 2466], [1693, 2544], [1348, 2544]], '못된 학생에계', 0.6377284806680088), ([[133, 2529], [352, 2529], [352, 2614], [133, 2614]], '멈최주지', 0.2796389162540436), ([[820, 2463], [992, 2463], [992, 2671], [820, 2671]], '쇼', 0.16984990718129112), ([[1346, 2543], [1700, 2543], [1700, 2622], [1346, 2622]], '주는 벌이니까!', 0.7002972726606703), ([[75, 2608], [414, 2608], [414, 2688], [75, 2688]], '않울 거라고.', 0.3650269262975812), ([[1096.939569135362, 676.0331061657909], [1339.0404818749284, 724.3694635051272], [1303.060430864638, 869.9668938342091], [1061.9595181250716, 821.6305364948728]], '인인다', 0.07597239398628308), ([[203.45506700720355, 1341.3292546273735], [261.74419924821626, 1293.0277300739021], [338.5449329927964, 1398.6707453726265], [279.25580075178374, 1446.9722699260979]], '응', 0.9887123962485589), ([[1373.1530691543735, 1567.0256410471634], [1525.9949982492276, 1660.6258021858496], [1462.8469308456265, 1759.9743589528366], [1311.0050017507724, 1666.3741978141504]], '귀%5', 0.01118453030595188), ([[839.3498322017565, 1600.0088082448135], [1141.982946753281, 1860.0873913364167], [1009.6501677982435, 2016.9911917551865], [707.0170532467189, 1756.9126086635833]], '세 :-', 0.04469683766365051), ([[1000.7514421195876, 2398.029996087423], [1278.716304309835, 2439.3520943036815], [1238.2485578804124, 2657.970003912577], [960.2836956901649, 2616.6479056963185]], '%', 0.6655614596425607)]
[([[97, 331], [217, 331], [217, 391], [97, 391]], '선생님', 0.9995254631584894), ([[104, 394], [157, 394], [157, 445], [104, 445]], '저', 0.999955058602783), ([[1259, 338], [1434, 338], [1434, 460], [1259, 460]], '히', 0.028459632901992826), ([[115, 445], [254, 445], [254, 600], [115, 600]], '4', 0.46815499116634385), ([[1272, 494], [1438, 494], [1438, 555], [1272, 555]], '이상해저', 0.674655020236969), ([[160, 1015], [276, 1015], [276, 1070], [160, 1070]], '버려요', 0.999853196619365), ([[143, 1068], [419, 1068], [419, 1263], [143, 1263]], '하마', 0.10415610785625862), ([[1373, 1508], [1455, 1508], [1455, 1561], [1373, 1561]], '죄송', 0.9437816958626994), ([[1384, 1566], [1502, 1566], [1502, 1621], [1384, 1621]], '합니다', 0.7882679417924969), ([[245, 1843], [301, 1843], [301, 1916], [245, 1916]], '9', 0.7570676163000059), ([[11, 1979], [441, 1979], [441, 2396], [11, 2396]], "'", 0.029708884976963112), ([[1324, 2170], [1391, 2170], [1391, 2311], [1324, 2311]], '하', 0.9772399553642117), ([[133, 2415], [285, 2415], [285, 2492], [133, 2492]], '(젠장', 0.33100072305269995), ([[77, 2491], [388, 2491], [388, 2568], [77, 2568]], '흔풀 벌 생각', 0.37368909965015257), ([[1332, 2473], [1707, 2473], [1707, 2553], [1332, 2553]], '더는 못참계어..', 0.37910925188461464), ([[97, 2567], [372, 2567], [372, 2651], [97, 2651]], '이어는논데...', 0.10608107416430688), ([[1268, 2519], [1688, 2519], [1688, 2669], [1268, 2669]], '(안에다 :', 0.03572896425016698), ([[25, 2644], [447, 2644], [447, 2724], [25, 2724]], '너무 아하잡아!)', 0.7541379151183077), ([[1339, 2664], [1631, 2664], [1631, 2798], [1339, 2798]], '산다 .', 0.8127286759007762), ([[956.7333538497073, 127.05357542654603], [1048.6092529236562, 63.012378078059996], [1178.2666461502927, 274.94642457345395], [1086.3907470763438, 338.98762192194]], '응', 0.8877313024358955), ([[495.9594617776757, 2301.1094703550757], [532.6279009320807, 2285.0395826365625], [562.0405382223242, 2357.8905296449243], [525.3720990679193, 2373.9604173634375]], '용', 0.9987957529003246), ([[323.59116108106497, 2335.066307459289], [428.56375296649725, 2290.2207181931335], [494.40883891893503, 2470.933692540711], [389.43624703350275, 2515.7792818068665]], '것', 0.11663056459011134), ([[982.4722246656047, 2412.041711380565], [1167.4360917676177, 2329.353642376811], [1288.5277753343953, 2650.958288619435], [1102.5639082323823, 2733.646357623189]], '품', 0.5100472726463181)]
[([[1396, 129], [1522, 129], [1522, 284], [1396, 284]], '(', 0.4055452775006074), ([[223, 446], [303, 446], [303, 577], [223, 577]], '갖', 0.18209704901994783), ([[227, 794], [339, 794], [339, 904], [227, 904]], '9', 0.3222368311388415), ([[1374, 1283], [1568, 1283], [1568, 1446], [1374, 1446]], '위출', 0.05220691084138071), ([[515, 2018], [674, 2018], [674, 2204], [515, 2204]], ';', 0.029515450765757123), ([[1459, 2003], [1580, 2003], [1580, 2149], [1459, 2149]], '0', 0.7333945409264722), ([[269, 2123], [578, 2123], [578, 2466], [269, 2466]], '넷', 0.15232983720329685), ([[1409, 2435], [1626, 2435], [1626, 2514], [1409, 2514]], '안쪽-지', 0.47053736448287964), ([[106, 2491], [384, 2491], [384, 2568], [106, 2568]], '크아앗..', 0.6377454651847468), ([[468, 2480], [546, 2480], [546, 2589], [468, 2589]], '{>', 0.03533487701671438), ([[1430, 2510], [1602, 2510], [1602, 2594], [1430, 2594]], '확실히', 0.9997359211693657), ([[56, 2562], [184, 2562], [184, 2647], [56, 2647]], '전부.', 0.4455713927745819), ([[210, 2565], [440, 2565], [440, 2645], [210, 2645]], '받아쥐 !', 0.4555645469790733), ([[1357, 2590], [1682, 2590], [1682, 2670], [1357, 2670]], '마랗해주마 !', 0.4307251462220601), ([[154, 2642], [344, 2642], [344, 2723], [154, 2723]], '미카.. !', 0.5776052199224085), ([[1398, 2667], [1639, 2667], [1639, 2746], [1398, 2746]], '네 잘못올', 0.9441966979079601), ([[1389, 2743], [1650, 2743], [1650, 2823], [1389, 2823]], '반성해:!!', 0.21974204062667743), ([[1138.1972281292758, 113.01791009577659], [1338.975905989335, 249.06897698063204], [1253.8027718707242, 372.9820899042234], [1052.024094010665, 237.93102301936796]], '9어', 0.002193901830060624), ([[1214.2937389719314, 289.00959416707326], [1385.5178255555081, 222.00515711349533], [1556.7062610280686, 708.9904058329267], [1384.4821744444919, 775.9948428865047]], '호', 0.12526770817125055), ([[1313.1982467532816, 593.0100454559345], [1590.4712358837976, 855.2067874243755], [1402.8017532467184, 1055.9899545440655], [1125.5287641162024, 792.7932125756245]], '%3', 0.17059302554372435), ([[238.4217371477885, 917.1265211443365], [368.46885490573976, 851.627925823312], [405.57826285221154, 925.8734788556635], [276.53114509426024, 992.372074176688]], ' 퍼과', 0.003617675563280277), ([[157.94606962717205, 1730.0292532890971], [263.5457517344105, 1646.007839642516], [477.05393037282795, 1947.9707467109029], [371.4542482655895, 2031.992160357484]], '품', 0.04947626086284651), ([[1236.5532550639844, 2178.107107729422], [1618.4157615471815, 2111.9621188230362], [1640.4467449360156, 2347.892892270578], [1258.5842384528185, 2415.0378811769638]], "'닭", 0.01969943170986097)]
[([[970, 77], [1077, 77], [1077, 130], [970, 130]], '와-오', 0.6964259147644043), ([[194, 333], [276, 333], [276, 386], [194, 386]], '원가', 0.5011567561328093), ([[178, 392], [289, 392], [289, 447], [178, 447]], '오늘은', 0.999810250466052), ([[196, 452], [274, 452], [274, 505], [196, 505]], '유독', 0.9750012371132043), ([[1253, 484], [1403, 484], [1403, 539], [1253, 539]], '그렇계도', 0.8928759694099426), ([[1271, 545], [1390, 545], [1390, 600], [1271, 600]], '미카가', 0.9886756117212531), ([[109, 595], [295, 595], [295, 655], [109, 655]], '평소보다도', 0.9999399171460462), ([[1292, 605], [1365, 605], [1365, 656], [1292, 656]], '보고', 0.9999998314126102), ([[126, 657], [276, 657], [276, 710], [126, 710]], '겪렬햇네', 0.33855539560317993), ([[1271, 666], [1387, 666], [1387, 719], [1271, 719]], '싶엇든', 0.6768995669562835), ([[113, 716], [229, 716], [229, 771], [113, 771]], '선생님', 0.9998332376391698), ([[1273, 720], [1386, 720], [1386, 782], [1273, 782]], '걸까?', 0.9789871708404824), ([[178, 1341], [296, 1341], [296, 1396], [178, 1396]], '참율성', 0.31510208631553166), ([[198, 1404], [276, 1404], [276, 1457], [198, 1457]], '없는', 0.7997292108351124), ([[158, 1463], [321, 1463], [321, 1518], [158, 1518]], '어른이야', 0.9988452196121216), ([[567, 1512], [877, 1512], [877, 1746], [567, 1746]], "4애'", 0.033800182959258296), ([[1082, 1808], [1404, 1808], [1404, 2039], [1082, 2039]], '8', 0.2992242488333865), ([[1628, 2343], [1650, 2343], [1650, 2363], [1628, 2363]], '0', 0.9927515489586405), ([[431, 2375], [473, 2375], [473, 2421], [431, 2421]], '0', 0.9998136845596015), ([[1362, 2328], [1629, 2328], [1629, 2497], [1362, 2497]], '꼭욱이', 0.009437168909646024), ([[187, 2442], [298, 2442], [298, 2517], [187, 2517]], '욕.', 0.19450458278288862), ([[99, 2516], [384, 2516], [384, 2593], [99, 2593]], '미카 연기가', 0.9782296633784536), ([[1319, 2502], [1655, 2502], [1655, 2582], [1319, 2582]], '혹시 아프거나', 0.9986577554114351), ([[102, 2592], [381, 2592], [381, 2670], [102, 2670]], '너무 꼴리논', 0.5965622494098672), ([[1380, 2583], [1592, 2583], [1592, 2658], [1380, 2658]], '힘들거나', 0.6764166832015895), ([[126, 2671], [356, 2671], [356, 2748], [126, 2748]], '바람에..', 0.7014721993535905), ([[1400, 2660], [1567, 2660], [1567, 2735], [1400, 2735]], '햇으면', 0.9678433344749773), ([[68, 2745], [404, 2745], [404, 2825], [68, 2825]], '참질_못햇네?.', 0.5495465988189902), ([[1311, 2733], [1661, 2733], [1661, 2817], [1311, 2817]], '무리하지 마.', 0.5138992815225399), ([[1042.9264062639024, 427.1805157042442], [1218.4996248592536, 402.6680747730593], [1226.0735937360976, 507.8194842957558], [1050.5003751407464, 532.3319252269407]], "넷이'", 0.03647519453983413), ([[342.252451216018, 941.4504902432036], [526.8404075733328, 850.6304286933341], [572.747548783982, 944.5495097567964], [387.1595924266673, 1035.3695713066659]], '하이', 0.38770305093817936), ([[251.12299403315862, 2197.021377679752], [487.7968790760458, 2294.303503170296], [423.87700596684135, 2437.978622320248], [188.2031209239542, 2339.696496829704]], '조요', 0.04066301165026754)]
