2423514
40
[([[1149, 283], [1189, 283], [1189, 323], [1149, 323]], '*', 0.03778113410195605), ([[689, 1043], [895, 1043], [895, 1203], [689, 1203]], '대사', 0.060852091919954714), ([[733.3062418092542, 102.13992136883978], [1375.7242089544834, 33.36224133174605], [1378.693758190746, 249.8600786311602], [737.2757910455166, 319.637758668254]], '비익연리', 0.9438827633857727)]
[]
[([[190.28940418390624, 1890.0361610022812], [242.14206426289184, 1883.3358000710032], [254.71059581609376, 2001.9638389977188], [201.85793573710816, 2008.6641999289968]], '못', 0.24457341365039387)]
[([[625, 53], [669, 53], [669, 257], [625, 257]], '"', 0.032462109357084046), ([[935, 317], [981, 317], [981, 357], [935, 357]], '그', 0.999988794358174), ([[562, 338], [614, 338], [614, 370], [562, 370]], '나는', 0.991075313282556), ([[515, 369], [661, 369], [661, 405], [515, 405]], '인공호흡으로', 0.9339630642309354), ([[794, 362], [852, 362], [852, 394], [794, 394]], '처음.', 0.6179099678993225), ([[168, 405], [268, 405], [268, 445], [168, 445]], '아하하', 0.9999506522685799), ([[524, 404], [640, 404], [640, 436], [524, 436]], '몇 번인가 .', 0.6725331217900012), ([[768, 398], [880, 398], [880, 430], [768, 430]], '이엿논데.', 0.36850141134200914), ([[1243, 653], [1283, 653], [1283, 775], [1243, 775]], '각', 0.08710742502729829), ([[1243, 783], [1283, 783], [1283, 903], [1243, 903]], '풍', 0.75096049957898), ([[268, 918], [386, 918], [386, 966], [268, 966]], '이렇게', 0.7167387389421987), ([[224, 970], [432, 970], [432, 1024], [224, 1024]], '높아진 적은', 0.9969011939576827), ([[248, 1024], [408, 1024], [408, 1078], [248, 1078]], '없없다구', 0.5185146331787109), ([[682.5143570688214, 1411.1258427238783], [694.2900073952828, 1403.0429755955665], [711.4856429311786, 1430.8741572761217], [699.7099926047172, 1437.9570244044335]], '용', 0.7150606448314001)]
[([[159, 83], [320, 83], [320, 134], [159, 134]], '확인해화도', 0.917587342696112), ([[197, 131], [285, 131], [285, 173], [197, 173]], '월까?', 0.29238228988987924), ([[1115, 121], [1259, 121], [1259, 165], [1115, 165]], '아즈사장', 0.9626749157905579), ([[513, 505], [595, 505], [595, 565], [513, 565]], '응?', 0.9994471624102907), ([[439, 995], [565, 995], [565, 1037], [439, 1037]], '상관없어', 0.9999498128890991)]
[([[1135, 65], [1231, 65], [1231, 103], [1135, 103]], '진짜다', 0.9996931821590204), ([[223, 283], [289, 283], [289, 323], [223, 323]], '두근', 0.9991442733718802), ([[278, 398], [334, 398], [334, 430], [278, 430]], '두근', 0.9981022338047929), ([[1140, 680], [1222, 680], [1222, 712], [1140, 712]], '빠르다', 0.999753952838137), ([[271, 1715], [307, 1715], [307, 1757], [271, 1757]], '웃', 0.9382534606743889), ([[262, 1814], [300, 1814], [300, 1923], [262, 1923]], '햇', 0.3708120677736737), ([[1085.5757359312881, 1638.0301515190165], [1109.4619562637947, 1634.0357806406507], [1120.4242640687119, 1713.9698484809835], [1096.5380437362053, 1716.9642193593493]], '틈', 0.09295144680889766)]
[([[839, 521], [967, 521], [967, 559], [839, 559]], '아즈사장', 0.9643124341964722), ([[721, 583], [780, 583], [780, 622], [721, 622]], '직접', 0.9999323128322639), ([[711, 621], [793, 621], [793, 657], [711, 657]], '만져도', 0.713259004430373), ([[705, 657], [803, 657], [803, 693], [705, 693]], '까 .. ?', 0.43029918298714087), ([[517, 1657], [583, 1657], [583, 1731], [517, 1731]], '물', 0.9999369392800226), ([[501.0880513155584, 1701.046322007301], [569.0229771349333, 1731.3124184915569], [480.9119486844416, 1934.953677992699], [411.9770228650667, 1905.6875815084431]], '@', 0.18764899568538684)]
[([[512, 250], [568, 250], [568, 322], [512, 322]], '잇', 0.06178875374759607), ([[946, 336], [998, 336], [998, 414], [946, 414]], '응', 0.8631218832693435), ([[375, 469], [479, 469], [479, 561], [375, 561]], '0)', 0.6393366844021413), ([[607, 1209], [659, 1209], [659, 1249], [607, 1249]], '응?', 0.9990621086119714), ([[1131, 1209], [1227, 1209], [1227, 1253], [1131, 1253]], '히후미', 0.9838448334023335), ([[134, 1760], [264, 1760], [264, 1792], [134, 1792]], '아즈사장도', 0.9360816449957516), ([[219, 1889], [317, 1889], [317, 1931], [219, 1931]], '만져화', 0.08384991246212473)]
[([[961, 148], [1104, 148], [1104, 201], [961, 201]], '히후미의', 0.9736500978469849), ([[981, 203], [1087, 203], [1087, 247], [981, 247]], '고동도', 0.7489091523194301), ([[981, 251], [1087, 251], [1087, 293], [981, 293]], '빠르네', 0.9950027411796329), ([[967, 691], [1033, 691], [1033, 733], [967, 733]], '두근', 0.9990270522501035), ([[1059, 809], [1123, 809], [1123, 851], [1059, 851]], '두근', 0.9990559568685594), ([[1189, 1271], [1255, 1271], [1255, 1313], [1189, 1313]], '두근', 0.9986322717074838), ([[1124, 1372], [1196, 1372], [1196, 1420], [1124, 1420]], '두근', 0.9989164922381383), ([[1139, 1657], [1245, 1657], [1245, 1699], [1139, 1699]], '기쁨네', 0.7750924591086819), ([[142, 1829], [184, 1829], [184, 1955], [142, 1955]], '흙', 0.043012631328921636)]
[]
[([[900, 262], [994, 262], [994, 342], [900, 342]], '아', 0.9983439155161165), ([[426, 382], [512, 382], [512, 456], [426, 456]], '와', 0.05163152145867955), ([[559, 453], [603, 453], [603, 495], [559, 495]], '미', 0.6614850286723595), ([[300, 480], [372, 480], [372, 566], [300, 566]], '웃', 0.0038677832923109806), ([[406, 488], [478, 488], [478, 580], [406, 580]], '털', 0.5391980035928476), ([[183, 521], [269, 521], [269, 625], [183, 625]], '밭', 0.06287604339906139), ([[235, 945], [345, 945], [345, 1098], [235, 1098]], '요', 0.038027943674073805), ([[355, 1117], [423, 1117], [423, 1191], [355, 1191]], '어', 0.9074930969300112), ([[885, 1427], [1013, 1427], [1013, 1541], [885, 1541]], '야', 0.3230928860530504), ([[581, 1531], [621, 1531], [621, 1651], [581, 1651]], '호', 0.031413003140354556), ([[470, 1710], [532, 1710], [532, 1742], [470, 1742]], '나도', 0.9999756392084701), ([[607.5534804510703, 301.01663804434133], [657.7700226425258, 317.33235291877764], [616.4465195489297, 446.98336195565867], [566.2299773574742, 430.66764708122236]], '콩', 0.027696022368610906), ([[191.39651465788245, 631.0165667734606], [276.74083731589013, 619.3469342061628], [303.60348534211755, 834.9834332265394], [218.25916268410984, 846.6530657938372]], '용', 0.2910319507287227), ([[335.7478019326001, 1041.1129106293006], [383.78081099490765, 1019.0436838635502], [419.2521980673999, 1109.8870893706994], [371.21918900509235, 1130.9563161364497]], '늘', 0.46093111300530154)]
[([[285, 1587], [613, 1587], [613, 1925], [285, 1925]], '1', 0.0020196074864836794), ([[961, 1823], [1049, 1823], [1049, 1885], [961, 1885]], ')', 0.034500507850609985), ([[1135, 1787], [1197, 1787], [1197, 1847], [1135, 1847]], '사', 0.0068343466713935985), ([[1037.1588936020132, 1157.3906723224156], [1271.4881196245685, 1106.5750169100743], [1279.8411063979868, 1154.6093276775844], [1045.5118803754315, 1206.4249830899257]], '벼물이류02.', 0.08388597710791527), ([[858.9632031319512, 1241.090257852122], [1281.676533016817, 1147.056556430203], [1287.0367968680487, 1195.909742147878], [864.3234669831829, 1289.943443569797]], '흙소-{#버 ? ( 3 #터 차 _0류', 0.008708071266352115), ([[943.4203985176459, 1179.5828368870564], [1038.7490317486504, 1161.3330261181306], [1045.579601482354, 1211.4171631129436], [950.2509682513497, 1229.6669738818694]], '[루]', 0.09867438243979512), ([[1057.0938090314046, 1236.9313326439662], [1290.5880352062827, 1185.0125561779237], [1298.9061909685954, 1231.0686673560338], [1064.4119647937173, 1282.9874438220763]], '밥1토-01*02.', 0.02100824337155023), ([[874.9973506193547, 1320.0843686541932], [1300.6681016249095, 1223.0321016363396], [1306.0026493806452, 1272.9156313458068], [880.3318983750904, 1368.9678983636604]], "#모가# 위.0_#이7 #규+후-7'", 0.002601066060305444), ([[960.7639320225002, 1259.5278640450003], [1058.075291873876, 1241.1031057764014], [1065.2360679774997, 1288.4721359549997], [966.9247081261238, 1305.8968942235986]], '[불로-]', 0.05678525183718168), ([[893.1780050634732, 1359.0680303808392], [1307.7142969186007, 1261.3340454498177], [1313.8219949365268, 1308.9319696191608], [899.2857030813993, 1405.6659545501823]], '<220모+-51 1+0', 0.006571530547473437), ([[1004.5891683800422, 1372.2031724921437], [1318.6699515990138, 1301.2135084486995], [1325.4108316199577, 1347.7968275078563], [1011.3300484009862, 1418.7864915513005]], "'{@초궁 ( (디:이*스초", 6.54754509226749e-05), ([[540.2984854762599, 1490.1400082866305], [1363.9774379575135, 1310.3055673523104], [1413.7015145237401, 1719.8599917133695], [589.0225620424864, 1900.6944326476896]], '뜻기로-올', 0.0019442083091169079)]
[([[1195, 17], [1285, 17], [1285, 107], [1195, 107]], '0', 0.9956512150367871), ([[1164, 142], [1218, 142], [1218, 206], [1164, 206]], '조', 0.36944628063242035), ([[89, 175], [153, 175], [153, 239], [89, 239]], '2', 0.5588602485406682), ([[1221, 117], [1302, 117], [1302, 316], [1221, 316]], '9', 0.12263239859750286), ([[100, 242], [172, 242], [172, 338], [100, 338]], '유', 0.34364064128489247), ([[1166, 220], [1238, 220], [1238, 364], [1166, 364]], '쟁', 0.09438212146165714), ([[152, 369], [239, 369], [239, 622], [152, 622]], '종', 0.023437018080141536), ([[224, 521], [324, 521], [324, 740], [224, 740]], '움', 0.055403853773672296), ([[761, 706], [822, 706], [822, 841], [761, 841]], '흡', 0.013541976887237406), ([[824, 728], [874, 728], [874, 798], [824, 798]], '&', 0.010867851008669271), ([[143, 823], [251, 823], [251, 867], [143, 867]], '히후미', 0.9716913394787363), ([[127, 1019], [183, 1019], [183, 1055], [127, 1055]], '엄청', 0.9705358736399483), ([[103, 1057], [209, 1057], [209, 1093], [103, 1093]], '젖어있네', 0.43299049139022827), ([[1109, 1337], [1273, 1337], [1273, 1447], [1109, 1447]], '올륙', 0.01163222307368737), ([[1182, 1450], [1256, 1450], [1256, 1540], [1182, 1540]], '올', 0.5684902158647134), ([[1101, 1519], [1161, 1519], [1161, 1591], [1101, 1591]], '및', 0.006119164877562477), ([[243, 1635], [343, 1635], [343, 1673], [243, 1673]], '히후미?', 0.9611502289772034), ([[1104, 1594], [1160, 1594], [1160, 1662], [1104, 1662]], '온', 0.08844645728970679), ([[1166, 1546], [1242, 1546], [1242, 1666], [1166, 1666]], '무', 0.009038430414566534), ([[1100, 1662], [1248, 1662], [1248, 1764], [1100, 1764]], '욕규', 0.002958070059823751), ([[1137, 1769], [1221, 1769], [1221, 1869], [1137, 1869]], '올', 0.019437189252578868), ([[1118, 1864], [1194, 1864], [1194, 1970], [1118, 1970]], '흙', 0.6104984409053635), ([[755.234300746846, 841.0367277671977], [813.6031698891896, 827.1622805417395], [841.765699253154, 960.9632722328023], [783.3968301108104, 974.8377194582605]], '물', 0.5814740430207941), ([[790.543246488746, 975.1532584971062], [846.2135943621179, 957.3592169136464], [869.456753511254, 1035.8467415028938], [813.7864056378821, 1054.6407830863536]], '올', 0.7795266181251783), ([[1145.5244746689496, 1131.0125712431459], [1215.0435024416101, 1139.9594721563387], [1189.4755253310504, 1337.9874287568541], [1119.9564975583899, 1329.0405278436613]], '콩', 0.5713367304611552)]
[([[794, 1088], [968, 1088], [968, 1238], [794, 1238]], '1 )', 0.6987782950901872), ([[711, 1215], [875, 1215], [875, 1421], [711, 1421]], '층', 0.04276179604227082), ([[511, 1643], [672, 1643], [672, 1867], [511, 1867]], '"틀', 0.009686756328771189), ([[911.832505447305, 80.09804690906788], [964.4232488630774, 103.5746088163816], [880.167494552695, 294.9019530909321], [827.5767511369226, 271.4253911836184]], '활', 0.0034878780946151627), ([[780.1132927896317, 226.06588251522766], [823.5452256513942, 243.1594034375196], [755.8867072103683, 411.93411748477234], [712.4547743486058, 394.8405965624804]], '춤', 0.21305585642227598)]
[([[319, 429], [381, 429], [381, 597], [319, 597]], '륙', 0.017948825271769886), ([[1159, 1023], [1203, 1023], [1203, 1091], [1159, 1091]], '좀', 0.9856494676796501), ([[323, 1178], [375, 1178], [375, 1299], [323, 1299]], '호', 0.4694614340044154), ([[1123, 1475], [1165, 1475], [1165, 1515], [1123, 1515]], '9', 0.9958752101057691), ([[1185, 1431], [1247, 1431], [1247, 1525], [1185, 1525]], '후', 0.9803141137700919), ([[115, 1875], [243, 1875], [243, 1915], [115, 1915]], '아즈사장', 0.9604465679036646), ([[468.48667989874764, 1043.0188466229677], [521.0347769545783, 1056.2798098871801], [486.51332010125236, 1192.9811533770323], [433.9652230454216, 1179.7201901128199]], '콩', 0.0341396180940059), ([[1154.4416853037703, 1568.0260327503431], [1199.4465195489297, 1555.0166380443413], [1236.5583146962297, 1686.9739672496569], [1191.5534804510703, 1700.9833619556587]], '호', 0.07569517421668426)]
[([[1023, 75], [1119, 75], [1119, 117], [1023, 117]], '히후미', 0.9504649087235955), ([[1025, 121], [1123, 121], [1123, 157], [1025, 157]], '아즈사', 0.8526517748832703), ([[973, 303], [1059, 303], [1059, 343], [973, 343]], '있어?', 0.9835246065378097), ([[313, 721], [439, 721], [439, 763], [313, 763]], '아즈사름', 0.18499170243740082), ([[301, 763], [455, 763], [455, 805], [301, 805]], '불러오라고', 0.6717379732933577), ([[1192, 750], [1246, 750], [1246, 812], [1192, 812]], '코', 0.6497271764453139), ([[175, 935], [331, 935], [331, 971], [175, 971]], '부탁햇논데도', 0.4464700885417834), ([[159, 971], [347, 971], [347, 1007], [159, 1007]], '전여 돌아오지틀', 0.6386604000295085), ([[1179, 961], [1305, 961], [1305, 1003], [1179, 1003]], '코하루장', 0.9888840590941227), ([[199, 1007], [309, 1007], [309, 1043], [199, 1043]], '않으니까', 0.8841580748558044), ([[1181, 1005], [1303, 1005], [1303, 1043], [1181, 1043]], '왜 그래?', 0.9952174035362681), ([[599, 1091], [723, 1091], [723, 1131], [599, 1131]], '왜 그래?', 0.9995107725309093), ([[542, 1252], [636, 1252], [636, 1306], [542, 1306]], "'가", 0.028791919198710568), ([[538, 1312], [636, 1312], [636, 1368], [538, 1368]], '아니', 0.9999665355662857), ([[521, 1373], [653, 1373], [653, 1435], [521, 1435]], '잡아]', 0.8361839176256677), ([[1107, 1715], [1249, 1715], [1249, 1755], [1107, 1755]], '상황울 보러', 0.7708390927139042), ([[1140, 1756], [1222, 1756], [1222, 1788], [1140, 1788]], '온거야', 0.9978144218768608), ([[260, 1746], [369, 1746], [369, 1961], [260, 1961]], '햇', 0.054887309304977094), ([[837, 1881], [937, 1881], [937, 1923], [837, 1923]], '아하하', 0.9999421179659729)]
[([[143, 739], [181, 739], [181, 875], [143, 875]], '%', 0.027583738801590707), ([[628, 776], [714, 776], [714, 854], [628, 854]], '얼굴잎', 0.12070849326935056), ([[471, 869], [623, 869], [623, 907], [471, 907]], '땀도 나는데', 0.9788611717081741), ([[493, 909], [601, 909], [601, 947], [493, 947]], '괜찮아?', 0.9966102838516235), ([[200, 1208], [254, 1208], [254, 1268], [200, 1268]], '웃', 0.9547981715833522), ([[884, 1420], [1036, 1420], [1036, 1634], [884, 1634]], '입', 0.03413663361016095), ([[277, 1641], [387, 1641], [387, 1683], [277, 1683]], '히후미?', 0.8978840112686157)]
[([[1123, 137], [1191, 137], [1191, 179], [1123, 179]], '분명', 0.9997758704169389), ([[1073, 183], [1237, 183], [1237, 227], [1073, 227]], '아즈사장의', 0.9760683685582497), ([[1053, 227], [1261, 227], [1261, 271], [1053, 271]], '안되논 부분과', 0.8315094663724241), ([[266, 415], [465, 415], [465, 476], [266, 476]], '히후미장의', 0.872331824053375), ([[308, 474], [428, 474], [428, 526], [308, 526]], '안되는', 0.4260818804945727), ([[290, 528], [428, 528], [428, 578], [290, 578]], '부분이 .', 0.7508547016385105), ([[153, 701], [449, 701], [449, 852], [153, 852]], '야한건', 0.9611129580164343), ([[178, 827], [454, 827], [454, 973], [178, 973]], '안돼진', 0.12050759465240743), ([[710, 1304], [818, 1304], [818, 1340], [710, 1340]], '화장실올', 0.9375601410865784), ([[1007, 1291], [1173, 1291], [1173, 1351], [1007, 1351]], '그렇리가', 0.46273418042146286), ([[230, 1326], [304, 1326], [304, 1358], [230, 1358]], '화장실', 0.9999434944657334), ([[695, 1339], [835, 1339], [835, 1377], [695, 1377]], '참고 있있던', 0.24661213851395217), ([[204, 1360], [330, 1360], [330, 1390], [204, 1390]], '들길 테니까', 0.4510871244032727), ([[1011, 1345], [1171, 1345], [1171, 1407], [1011, 1407]], '없잡아]', 0.43635883927345276), ([[709, 1377], [825, 1377], [825, 1413], [709, 1413]], '것 뿐이야', 0.7107991928541256), ([[382, 1480], [468, 1480], [468, 1528], [382, 1528]], '것 화', 0.9835035927819941), ([[183, 1555], [247, 1555], [247, 1595], [183, 1595]], '먼저', 0.9998929486831356), ([[150, 1594], [279, 1594], [279, 1638], [150, 1638]], '가주세요', 0.999942421913147), ([[145, 1823], [227, 1823], [227, 1859], [145, 1859]], '알앉어', 0.38968492325428333)]
[]
[([[1057, 139], [1199, 139], [1199, 183], [1057, 183]], '아즈사장', 0.965941309928894), ([[840, 224], [1018, 224], [1018, 274], [840, 274]], '들키켓어 .', 0.19917280907604493), ([[1189, 617], [1321, 617], [1321, 657], [1189, 657]], '참울 수가', 0.5684978649437131), ([[1206, 656], [1301, 656], [1301, 700], [1206, 700]], '없으니', 0.9940955971541383), ([[791, 941], [853, 941], [853, 981], [791, 981]], '빨리', 0.9999268338549803), ([[686, 1184], [794, 1184], [794, 1216], [686, 1216]], '아즈사장', 0.9658994078636169), ([[533, 1493], [649, 1493], [649, 1529], [533, 1529]], '계속 할께', 0.6146147015410681), ([[1177, 1417], [1261, 1417], [1261, 1523], [1177, 1523]], '올', 0.058371657736636884), ([[1114.5687221228154, 1481.0132983896083], [1169.840038878732, 1471.0505874577618], [1201.4312778771846, 1656.9867016103917], [1146.159961121268, 1666.9494125422382]], '쪽', 0.21654288584842618), ([[1137.1519862692069, 1776.1070819151798], [1300.6298214212786, 1751.0414509010614], [1313.8480137307931, 1893.8929180848202], [1151.3701785787214, 1918.9585490989386]], '3다', 0.033616127306091835)]
[([[238, 94], [294, 94], [294, 172], [238, 172]], '들', 0.9757972420239902), ([[549, 121], [593, 121], [593, 183], [549, 183]], '곧', 0.04653180663265055), ([[616, 146], [668, 146], [668, 198], [616, 198]], '이', 0.6247539703325664), ([[554, 192], [606, 192], [606, 242], [554, 242]], '가', 0.9996925828722034), ([[91, 211], [177, 211], [177, 297], [91, 297]], '와', 0.7552824463926164), ([[558, 208], [670, 208], [670, 306], [558, 306]], '탁안', 0.7502913402087779), ([[72, 330], [216, 330], [216, 474], [72, 474]], '얘', 0.503023180516621), ([[160, 865], [408, 865], [408, 1085], [160, 1085]], '(평', 0.13829222247397185), ([[177, 1062], [258, 1062], [258, 1260], [177, 1260]], '술', 0.5017856504164229), ([[1033, 1149], [1264, 1149], [1264, 1592], [1033, 1592]], '다', 0.12139881826521393), ([[330, 1664], [422, 1664], [422, 1740], [330, 1740]], '애', 0.5779836456082563), ([[176, 1740], [290, 1740], [290, 1844], [176, 1844]], '아', 0.9360866433226533), ([[195, 1875], [317, 1875], [317, 1989], [195, 1989]], '0', 0.5351469700511338), ([[597.4567855237449, 9.024640761193778], [641.3526850661439, 4.154468107021273], [654.5432144762551, 130.97535923880622], [610.6473149338561, 136.84553189297873]], '향', 0.010628146320858234), ([[372.2825636685871, 1010.3695382011523], [488.7462657560033, 946.353238504217], [523.717436331413, 1013.6304617988477], [407.2537342439967, 1077.646761495783]], '+ +', 0.48106929659843445), ([[270.4349816092901, 1088.0099795429098], [387.9992198089326, 1131.3803113813328], [288.5650183907099, 1402.9900204570902], [171.0007801910674, 1360.6196886186672]], '벼', 0.003463067937244324), ([[344.17526026741115, 1749.030961556568], [416.7361109141278, 1809.605021411464], [336.82473973258885, 1903.969038443432], [265.2638890858722, 1843.394978588536]], '여', 0.26728014539517986)]
[([[390, 88], [462, 88], [462, 114], [390, 114]], '코하루랑', 0.9039867520332336), ([[252, 112], [342, 112], [342, 142], [252, 142]], '거짓말올', 0.6849186282648664), ([[380, 112], [470, 112], [470, 138], [380, 138]], '하나고한데', 0.3657362567470268), ([[1159, 109], [1289, 109], [1289, 149], [1159, 149]], '나는 나뿐', 0.5879122394359327), ([[116, 130], [232, 130], [232, 160], [116, 160]], '하면 안되는', 0.6527751447506548), ([[272, 140], [320, 140], [320, 170], [272, 170]], '하고', 0.999827708030808), ([[126, 160], [222, 160], [222, 190], [126, 190]], '짓율 하고', 0.3713009135319398), ([[1159, 151], [1287, 151], [1287, 193], [1159, 193]], '사람이야', 0.9908243417739868), ([[130, 190], [222, 190], [222, 222], [130, 222]], '있으니까', 0.8109376430511475), ([[352, 180], [402, 180], [402, 250], [352, 250]], '우', 0.1808692675582515), ([[1068, 168], [1120, 168], [1120, 240], [1068, 240]], '우', 0.5815897675110051), ([[433, 647], [503, 647], [503, 691], [433, 691]], '그럼', 0.9992834944876251), ([[545, 759], [677, 759], [677, 801], [545, 801]], '나도 나뿐', 0.7069050149784701), ([[547, 801], [673, 801], [673, 843], [547, 843]], '사람이네', 0.9811369180679321)]
[([[1066, 113], [1208, 113], [1208, 157], [1066, 157]], '아즈사장', 0.947817325592041), ([[932, 238], [1040, 238], [1040, 286], [932, 286]], '다같이', 0.9992350436057063), ([[911, 289], [1061, 289], [1061, 333], [911, 333]], '새로 생긴', 0.9614268666768984), ([[915, 335], [1037, 335], [1037, 379], [915, 379]], '카페에.', 0.934495747089386), ([[1007, 1421], [1073, 1421], [1073, 1461], [1007, 1461]], '감기', 0.9999935093914989), ([[969, 1465], [1113, 1465], [1113, 1505], [969, 1505]], '걸린다구 ~', 0.4381072790015085)]
[([[363, 155], [489, 155], [489, 195], [363, 195]], '아즈사장', 0.7867193123050221), ([[333, 253], [403, 253], [403, 293], [333, 293]], '와 쥐', 0.9975570440292358), ([[148, 1554], [252, 1554], [252, 1658], [148, 1658]], '남', 0.4060400929629395), ([[1152, 1600], [1254, 1600], [1254, 1712], [1152, 1712]], '옷', 0.6101358872479636), ([[1060, 1791], [1200, 1791], [1200, 1833], [1060, 1833]], '아조사장', 0.5382599234580994), ([[117.33022067660538, 1705.024957066512], [183.69153052021744, 1691.1603888943475], [214.66977932339464, 1856.975042933488], [149.30846947978256, 1870.8396111056525]], '엇', 0.19095691990263308)]
[([[986, 56], [1138, 56], [1138, 224], [986, 224]], '5', 0.13715546054584493), ([[960, 1544], [1262, 1544], [1262, 1694], [960, 1694]], '[5무 니', 0.04815917641775147), ([[1036, 1680], [1144, 1680], [1144, 1778], [1036, 1778]], '문', 0.09356945413689832), ([[17, 1731], [251, 1731], [251, 1937], [17, 1937]], '계', 0.1962782477436784), ([[1251.493951750192, -85.60118742503712], [1461.2156543220458, 97.29565857950384], [1122.506048249808, 469.6011874250371], [911.7843456779543, 285.7043414204962]], '8', 0.5899011001756662), ([[166.88442106965329, 173.03113714679358], [310.16243280814774, 132.67775148950415], [373.1155789303467, 391.9688628532064], [229.83756719185226, 433.32224851049585]], '3', 0.0663684978539445)]
[([[1226, 54], [1370, 54], [1370, 200], [1226, 200]], '해', 0.9989661267748353), ([[638, 212], [692, 212], [692, 268], [638, 268]], '좀', 0.9984083553571601), ([[154, 248], [211, 248], [211, 447], [154, 447]], '꼴', 0.30133741716440454), ([[627, 301], [689, 301], [689, 361], [627, 361]], '더', 0.9997449083903689), ([[712, 267], [785, 267], [785, 470], [712, 470]], '올', 0.12094944914153505), ([[1186, 217], [1335, 217], [1335, 624], [1186, 624]], '기', 0.03718892460643364), ([[154, 498], [206, 498], [206, 562], [154, 562]], '좀', 0.9862330236703798), ([[178, 570], [228, 570], [228, 628], [178, 628]], '더', 0.9979526757358634), ([[1037, 1171], [1099, 1171], [1099, 1269], [1037, 1269]], '낭', 0.03706084360112194), ([[941, 1505], [1021, 1505], [1021, 1549], [941, 1549]], '좀 더', 0.8356937460452984), ([[941, 1553], [1023, 1553], [1023, 1597], [941, 1597]], '좀 더', 0.877469080757981), ([[941, 1601], [1023, 1601], [1023, 1645], [941, 1645]], '좀 더', 0.877469080757981), ([[795, 1741], [914, 1741], [914, 1792], [795, 1792]], '안되는', 0.480602713707477), ([[816, 1796], [898, 1796], [898, 1846], [816, 1846]], '점을', 0.2985966191321128), ([[798, 1850], [916, 1850], [916, 1898], [798, 1898]], '보여줄', 0.5017796158790588), ([[961.6481054017017, 644.0061934083309], [1036.3020732062776, 658.9726988458439], [981.3518945982983, 947.9938065916691], [905.6979267937224, 933.0273011541561]], '{', 0.04010185279901268), ([[192.91424942966802, 1094.0740208365764], [252.5752218659096, 1080.4258180414422], [272.085750570332, 1182.9259791634236], [213.4247781340904, 1195.5741819585578]], '빛', 0.024497626952801888), ([[241.30056284535166, 1185.1825890886175], [291.72428596834015, 1153.0328543482583], [344.69943715464836, 1246.8174109113825], [294.27571403165985, 1278.9671456517417]], '8', 0.4079776746610584), ([[1078.9563638994289, 1237.0683656356596], [1137.197769023179, 1223.3078084188735], [1160.0436361005711, 1328.9316343643404], [1102.802230976821, 1343.6921915811265]], '8', 0.1448978362148745)]
[([[267, 951], [305, 951], [305, 989], [267, 989]], '물', 0.06058250247837926), ([[835, 1769], [945, 1769], [945, 1883], [835, 1883]], '(', 0.13372574883143162), ([[806, 1868], [930, 1868], [930, 2010], [806, 2010]], '소', 0.00958192786836265), ([[256.0729607040109, 310.08669173125764], [322.9319696191607, 335.1780050634732], [307.9270392959891, 372.91330826874236], [241.06803038083928, 348.8219949365268]], '품 <', 0.19077372762690384), ([[1078.9187615789879, 1144.0233924746187], [1228.5964888546036, 1050.0071169921048], [1436.0812384210121, 1424.9766075253813], [1286.4035111453964, 1518.9928830078952]], '꿀', 0.03078870971711134)]
[([[1036, 110], [1186, 110], [1186, 280], [1036, 280]], '75', 0.23210424304599303)]
[([[260, 208], [332, 208], [332, 260], [260, 260]], '9', 0.14578302526047082), ([[196, 522], [546, 522], [546, 866], [196, 866]], '모?', 0.013255032889103041), ([[322, 648], [412, 648], [412, 722], [322, 722]], '월', 0.09734309278318065), ([[520, 664], [622, 664], [622, 744], [520, 744]], '곧', 0.07697157090419537), ([[1052, 690], [1132, 690], [1132, 770], [1052, 770]], '극', 0.5747792837885299), ([[1008, 760], [1134, 760], [1134, 810], [1008, 810]], '>,', 0.00469634226524449), ([[192, 817], [403, 817], [403, 916], [192, 916]], '글6볼', 0.003566404208399778), ([[234, 894], [340, 894], [340, 998], [234, 998]], '@', 0.10327044395609519), ([[332.3649035910731, 244.01061737308535], [467.3629821850454, 210.1475116975727], [551.6350964089269, 580.9893826269147], [416.6370178149546, 614.8524883024273]], '#', 0.28320661931560664), ([[213.2562854188427, 420.5587995863798], [276.60472942637335, 412.5115831849295], [279.7437145811573, 439.4412004136202], [215.39527057362662, 447.4884168150705]], "'고'", 0.03348622294952121), ([[512.3424040507786, 590.0544243046714], [546.8137858272763, 581.0836557062327], [563.6575959492214, 657.9455756953286], [529.1862141727237, 665.9163442937673]], '술', 0.10271185511670922), ([[491.0769230769231, 764.3846153846154], [559.0608393492772, 710.4444603858083], [583.9230769230769, 749.6153846153846], [516.9391606507228, 803.5555396141917]], '"등', 0.0024222881267361987)]
[([[760, 58], [815, 58], [815, 181], [760, 181]], '마', 0.5750092273158316), ([[716, 156], [766, 156], [766, 204], [716, 204]], '아', 0.7660881981266812), ([[1181, 181], [1225, 181], [1225, 231], [1181, 231]], '아', 0.3788588541798532), ([[732, 206], [782, 206], [782, 256], [732, 256]], '아', 0.9919359597940378), ([[1174, 232], [1222, 232], [1222, 280], [1174, 280]], '아', 0.9291932406262191), ([[1131.4257255601344, 255.0275458253983], [1177.6, 266.2], [1153.5742744398656, 370.9724541746017], [1107.4, 359.8]], '야', 0.5681346991980405)]
[([[1213, 91], [1307, 91], [1307, 129], [1213, 129]], '히후미!', 0.7892707586288452), ([[624, 90], [712, 90], [712, 168], [624, 168]], '1?', 0.1307883561681834), ([[1214, 130], [1306, 130], [1306, 162], [1214, 162]], '아즈사!', 0.8765375018119812), ([[1027, 173], [1201, 173], [1201, 209], [1027, 209]], '늦는 것 갈길래', 0.6811503006817562), ([[1035, 209], [1171, 209], [1171, 245], [1035, 245]], '돌아닷는데.', 0.1493903461873252), ([[197, 775], [325, 775], [325, 815], [197, 815]], '어머어머.', 0.7110429448639562), ([[748, 1208], [854, 1208], [854, 1244], [748, 1244]], '방해하는', 0.8495237231254578), ([[747, 1247], [859, 1247], [859, 1279], [747, 1279]], '것 같으니', 0.9726434885715676), ([[595, 1289], [691, 1289], [691, 1331], [595, 1331]], '우리논', 0.5538423110965084), ([[221, 1331], [289, 1331], [289, 1367], [221, 1367]], '해!?', 0.9131473448885967), ([[581, 1331], [707, 1331], [707, 1373], [581, 1373]], '저쪽에서', 0.9955578446388245), ([[577, 1375], [711, 1375], [711, 1415], [577, 1415]], '활까요 ~~', 0.5333536892143163), ([[201, 1483], [297, 1483], [297, 1525], [201, 1525]], '오늘은', 0.9997136913476062), ([[211, 1527], [287, 1527], [287, 1567], [211, 1567]], '안 할', 0.43324570531551065), ([[207, 1571], [295, 1571], [295, 1607], [207, 1607]], '거야!!', 0.920677661895752), ([[883, 1827], [949, 1827], [949, 1871], [883, 1871]], '후후', 0.9997431667663471), ([[315, 1861], [401, 1861], [401, 1897], [315, 1897]], '아하하', 0.999813691655126), ([[1118.4468709174168, 476.0102018619996], [1227.0460791133783, 447.03652050863326], [1309.5531290825832, 776.9897981380004], [1201.9539208866217, 805.9634794913668]], '뿐', 0.024277805078690484), ([[1069.4042961354514, 620.0136557528393], [1162.0558321164, 601.1635848341845], [1210.5957038645486, 863.9863442471607], [1116.9441678836, 882.8364151658155]], '살', 0.610540449329676)]
[([[359, 73], [709, 73], [709, 109], [359, 109]], '10757 > 4 " )5+어3', 0.010410761576980527), ([[725, 67], [867, 67], [867, 111], [725, 111]], '티로추', 0.2627248255842628), ([[137, 119], [171, 119], [171, 135], [137, 135]], '15,*', 0.23128767311573029), ([[191, 117], [219, 117], [219, 135], [191, 135]], '7*', 0.31292819682692874), ([[237, 119], [265, 119], [265, 135], [237, 135]], '4꾸*', 0.06460728386176556), ([[285, 119], [313, 119], [313, 135], [285, 135]], '2*', 0.06354454289012343), ([[1125, 119], [1151, 119], [1151, 135], [1125, 135]], '2*', 0.6484325642365468), ([[1173, 119], [1199, 119], [1199, 135], [1173, 135]], '40*', 0.06551094919495111), ([[1217, 119], [1245, 119], [1245, 135], [1217, 135]], '7 *', 0.1263811891177981), ([[1259, 119], [1293, 119], [1293, 135], [1259, 135]], '15*', 0.9657980907280442), ([[113, 137], [147, 137], [147, 153], [113, 153]], '20꾸*', 0.16694670915603638), ([[161, 135], [197, 135], [197, 153], [161, 153]], '10*', 0.49266249663123207), ([[215, 137], [241, 137], [241, 153], [215, 153]], '50*', 0.02572403977276646), ([[263, 137], [289, 137], [289, 153], [263, 153]], '3*', 0.494598466180292), ([[311, 137], [337, 137], [337, 153], [311, 153]], '1꾸*', 0.09230417605324337), ([[1101, 137], [1127, 137], [1127, 153], [1101, 153]], '1꾸*', 0.005400356480284375), ([[1147, 137], [1173, 137], [1173, 153], [1147, 153]], '3*', 0.971949149885593), ([[1195, 137], [1221, 137], [1221, 153], [1195, 153]], '5*', 0.8502727971210132), ([[1237, 137], [1269, 137], [1269, 153], [1237, 153]], '10꾸*', 0.10972091555595398), ([[1285, 137], [1319, 137], [1319, 153], [1285, 153]], '20꾸*', 0.3235149681568146), ([[725, 159], [1017, 159], [1017, 203], [725, 203]], '* * * 7* %', 0.17821689308885133), ([[668, 230], [700, 230], [700, 262], [668, 262]], '*', 0.01919412839269108), ([[725, 225], [769, 225], [769, 265], [725, 265]], '*', 0.9065989056085186), ([[785, 229], [833, 229], [833, 265], [785, 265]], '*', 0.3128497671696664), ([[725, 283], [769, 283], [769, 329], [725, 329]], '*', 0.995610891463091), ([[353, 349], [395, 349], [395, 389], [353, 389]], '*', 0.9456855843989196), ([[419, 351], [455, 351], [455, 389], [419, 389]], '7', 0.3464126086938144), ([[353, 411], [397, 411], [397, 455], [353, 455]], '*', 0.9358135455595971), ([[415, 413], [457, 413], [457, 453], [415, 453]], '*', 0.4285167987360552), ([[353, 473], [643, 473], [643, 517], [353, 517]], '* * * *  ', 0.43541806545345313), ([[1040, 482], [1076, 482], [1076, 514], [1040, 514]], '*', 0.5675820539603507), ([[743, 635], [953, 635], [953, 679], [743, 679]], '+ 8*0 * +', 0.041354258665400365), ([[736, 720], [1028, 720], [1028, 768], [736, 768]], "*주6묘* ? (1록'", 0.001977548512824548), ([[738, 762], [1118, 762], [1118, 810], [738, 810]], '80 +5 5 < 농 * }0', 0.014964264228492605), ([[734, 850], [1166, 850], [1166, 898], [734, 898]], '343" 0 02*채수추 7} .', 0.017301753896598722), ([[738, 894], [1214, 894], [1214, 942], [738, 942]], '7 07 # 1 : **#7 한 시병', 0.046684406148888705), ([[736, 936], [1192, 936], [1192, 984], [736, 984]], '틈흙& < 총 120 @#습& 3 니#', 0.0030764251700766457), ([[738, 1024], [888, 1024], [888, 1066], [738, 1066]], '5*3*', 0.4511350989341736), ([[743, 1069], [1099, 1069], [1099, 1111], [743, 1111]], '^ 마-+ 8 5 그간', 0.07037165652822971), ([[735, 1108], [1084, 1108], [1084, 1158], [735, 1158]], '#그?} 85 : 호 .', 0.021739310857133175), ([[736, 1152], [1138, 1152], [1138, 1200], [736, 1200]], '5 $#혼 내 디3 그?:', 0.0035924507697833244), ([[738, 1194], [1028, 1194], [1028, 1242], [738, 1242]], '~ 마- 손# < 논', 0.06929968188709319), ([[734, 1238], [1110, 1238], [1110, 1286], [734, 1286]], '#숲} 책 ? <내: 5 1&', 0.07231373235801367), ([[740, 1282], [1178, 1282], [1178, 1330], [740, 1330]], '7 * 9## 디6*( {류습}"', 0.0063984768313173), ([[739, 1327], [889, 1327], [889, 1371], [739, 1371]], '85 *}', 0.1153326406192715), ([[741, 1413], [1027, 1413], [1027, 1457], [741, 1457]], '<5틈? 0* < 논', 0.11034336003397176), ([[736, 1454], [1138, 1454], [1138, 1502], [736, 1502]], '# 도차 <5  1{름습 한 3', 0.002959249350232059), ([[136, 1478], [278, 1478], [278, 1526], [136, 1526]], '+ 특사 +', 0.07118454080675514), ([[737, 1499], [1173, 1499], [1173, 1543], [737, 1543]], '18? 7 + * *6+*] ? <', 0.015535065848399547), ([[739, 1543], [1105, 1543], [1105, 1587], [739, 1587]], '* 507+ 자 ^ 7호', 0.04002440368346427), ([[131, 1566], [420, 1566], [420, 1614], [131, 1614]], '2022.12.31 주{7', 0.10550067118317089), ([[131, 1653], [467, 1653], [467, 1697], [131, 1697]], '티이돌: -7,:만어어*$', 0.0008734665673038183), ([[621, 1653], [665, 1653], [665, 1697], [621, 1697]], '#', 0.7769472679688647), ([[129, 1697], [703, 1697], [703, 1789], [129, 1789]], '116- (타쫓 수5', 0.004471972294749132), ([[132, 1782], [330, 1782], [330, 1830], [132, 1830]], '꼴: 덥국 3 $', 0.026563950669935166), ([[1149, 1799], [1227, 1799], [1227, 1835], [1149, 1835]], '역 /식', 0.5783444091512422), ([[1248, 1802], [1314, 1802], [1314, 1832], [1248, 1832]], '답명4', 0.00436437853666238), ([[134, 1826], [704, 1826], [704, 1875], [134, 1875]], '감리;버:-^<3 +라가3 굽어+;@8가3;|.<어값', 5.611023283431404e-07), ([[130, 1871], [368, 1871], [368, 1911], [130, 1911]], '[;슷;차:297323', 0.01779932184778877)]
[([[278, 1568], [620, 1568], [620, 1936], [278, 1936]], '사', 0.0646354500827897), ([[959, 1823], [1043, 1823], [1043, 1885], [959, 1885]], ')', 0.028746803865429493), ([[1135, 1785], [1197, 1785], [1197, 1845], [1135, 1845]], '훌', 0.0147064637245089), ([[543.4067592912334, 1490.1319263607736], [1367.1326206542176, 1314.51037469324], [1413.5932407087666, 1723.8680736392264], [590.8673793457824, 1899.48962530676]], '뜻]로-올', 0.0012553200705536767)]
[([[408, 126], [506, 126], [506, 224], [408, 224]], '05', 0.12216016982437244), ([[1084, 756], [1194, 756], [1194, 806], [1084, 806]], '히후미', 0.8718249626074717), ([[222, 856], [340, 856], [340, 912], [222, 912]], '뭐해?', 0.9315298199653625), ([[634, 946], [713, 946], [713, 996], [634, 996]], '11?', 0.7891670722743934), ([[532, 1092], [634, 1092], [634, 1134], [532, 1134]], '어째서', 0.9992605064791897), ([[533, 1137], [635, 1137], [635, 1179], [533, 1179]], '크스한', 0.25085004866971106), ([[1119, 1071], [1233, 1071], [1233, 1203], [1119, 1203]], '앗', 0.39529901331380657), ([[573, 1181], [629, 1181], [629, 1225], [573, 1225]], '야?', 0.6876452769085856), ([[918, 1154], [1093, 1154], [1093, 1235], [918, 1235]], '일어나', 0.9964985671781388), ([[894, 1225], [1114, 1225], [1114, 1310], [894, 1310]], '있없어!?', 0.34894615642180066), ([[475, 1181], [579, 1181], [579, 1569], [475, 1569]], '#', 0.22018643850277275), ([[659, 1799], [701, 1799], [701, 1839], [659, 1839]], '그', 0.9999917745759355), ([[942, 1832], [1054, 1832], [1054, 1864], [942, 1864]], '자고 있을', 0.602042633173293), ([[918, 1868], [1082, 1868], [1082, 1900], [918, 1900]], '때도 경계하고', 0.9996649092976704), ([[943, 1903], [1051, 1903], [1051, 1939], [943, 1939]], '있으니까', 0.924001932144165)]
[([[809.2608763961798, 1660.5695932243375], [1269.4223799398778, 1576.17856032801], [1285.7391236038202, 1740.4304067756625], [826.5776200601221, 1825.82143967199]], '타도{ 5', 0.015966624405381578)]
[([[1097, 149], [1237, 149], [1237, 187], [1097, 187]], '아즈사장의', 0.974760679998929), ([[1079, 187], [1255, 187], [1255, 227], [1079, 227]], '잠자는 얼굴이', 0.881494842796143), ([[978, 290], [1118, 290], [1118, 338], [978, 338]], '귀여워서', 0.9706741571426392), ([[905, 395], [969, 395], [969, 431], [905, 431]], '그만', 0.9999947737947846), ([[1091, 669], [1159, 669], [1159, 709], [1091, 709]], '나는', 0.9952973809696413), ([[321, 699], [423, 699], [423, 741], [321, 741]], '그렇지', 0.9995213338912999), ([[1073, 713], [1175, 713], [1175, 755], [1073, 755]], '귀엽지', 0.9983500907346831), ([[156, 740], [286, 740], [286, 776], [156, 776]], '먹어버리고', 0.9995208713711216), ([[331, 745], [415, 745], [415, 789], [331, 789]], '않아!', 0.974051806381155), ([[1063, 757], [1187, 757], [1187, 801], [1063, 801]], '않다구?', 0.9996284246444702), ([[153, 777], [289, 777], [289, 813], [153, 813]], '싶올 정도로', 0.365357098682957), ([[163, 813], [281, 813], [281, 849], [163, 849]], '귀엽다구!', 0.9939633519254452), ([[1144, 1020], [1228, 1020], [1228, 1096], [1144, 1096]], '!?', 0.9709831091652021), ([[168, 1142], [304, 1142], [304, 1174], [168, 1174]], '아즈사장??', 0.9727554845343906), ([[783, 1729], [861, 1729], [861, 1773], [783, 1773]], '자깐_', 0.819190922355901), ([[619, 1789], [661, 1789], [661, 1829], [619, 1829]], '저', 0.8624493150794166), ([[619, 1837], [691, 1837], [691, 1877], [619, 1877]], '저기', 0.5800070855647854), ([[241, 1885], [381, 1885], [381, 1921], [241, 1921]], '아주사장??', 0.9973279651616002)]
[([[431, 1721], [471, 1721], [471, 1837], [431, 1837]], '호', 0.03162641701688873), ([[1191, 1775], [1253, 1775], [1253, 1815], [1191, 1815]], '에?', 0.9994414313720219), ([[143, 1827], [285, 1827], [285, 1866], [143, 1866]], '라는 기분올', 0.5861616656363662), ([[329, 1815], [395, 1815], [395, 1855], [329, 1855]], '먹고', 0.9957992836870727), ([[433, 1837], [469, 1837], [469, 1879], [433, 1879]], '의', 0.9999976158156301), ([[139, 1865], [279, 1865], [279, 1901], [139, 1901]], '조금 알앉어', 0.3855144485009838), ([[313, 1859], [409, 1859], [409, 1899], [313, 1899]], '싶다는', 0.937243674547087), ([[1169, 1883], [1223, 1883], [1223, 1919], [1169, 1919]], '에?', 0.9995966784861051), ([[1096, 1926], [1148, 1926], [1148, 1958], [1096, 1958]], '에?', 0.9993917065911063)]
[([[1111, 179], [1243, 179], [1243, 219], [1111, 219]], '쌓이 붉게', 0.42981384145839086), ([[1129, 219], [1225, 219], [1225, 261], [1129, 261]], '물들은', 0.999485409363188), ([[1115, 261], [1237, 261], [1237, 303], [1115, 303]], '히후미도', 0.9897449612617493), ([[226, 522], [360, 522], [360, 578], [226, 578]], '귀엽네', 0.9598880943454654), ([[183, 979], [221, 979], [221, 1133], [183, 1133]], '올', 0.02032149422657259), ([[871, 1035], [1009, 1035], [1009, 1121], [871, 1121]], '이말뇨', 0.03995175346123073), ([[1101, 1335], [1197, 1335], [1197, 1371], [1101, 1371]], '조금 더', 0.9417782658070264), ([[1118, 1376], [1176, 1376], [1176, 1408], [1118, 1408]], '해도', 0.9996634318593943), ([[998, 1436], [1108, 1436], [1108, 1468], [998, 1468]], '괜찮올까?', 0.598889172099964), ([[234, 1536], [378, 1536], [378, 1584], [234, 1584]], '물론이야', 0.9995171427726746)]
[([[1018, 1498], [1152, 1498], [1152, 1548], [1018, 1548]], '조금 더', 0.8168502456839245)]
[]
