2425681
84
[([[177, 56], [593, 56], [593, 213], [177, 213]], '-4', 0.005674350352666825), ([[121, 180], [596, 180], [596, 338], [121, 338]], '"잠:5', 0.0031896058935672045), ([[76, 352], [108, 352], [108, 390], [76, 390]], '8', 0.999999046325911), ([[232, 342], [418, 342], [418, 398], [232, 398]], '데스스타', 0.9967804551124573), ([[436, 344], [518, 344], [518, 394], [436, 394]], '001', 0.9948269432767856), ([[55, 577], [197, 577], [197, 619], [55, 619]], '데스스타', 0.8641483375931234), ([[334, 624], [556, 624], [556, 860], [334, 860]], '@', 0.9998409811299922)]
[([[153, 45], [257, 45], [257, 85], [153, 85]], '미친놈', 0.7592253293896283), ([[153, 79], [189, 79], [189, 153], [153, 153]], '열', 0.08757495186471065), ([[186, 75], [450, 75], [450, 123], [186, 123]], '다 안불고 버티나', 0.9332548617109019), ([[185, 113], [291, 113], [291, 153], [185, 153]], '고보자', 0.9999620772373462), ([[171, 425], [255, 425], [255, 519], [171, 519]], '국', 0.6173296778776063)]
[([[42, 480], [206, 480], [206, 632], [42, 632]], '짝_', 0.838078377531825), ([[490, 536], [618, 536], [618, 698], [490, 698]], '짝', 0.3439130235328811), ([[187.31552506177647, 76.40968019768474], [284.6904068026547, 51.02724800238089], [299.6844749382235, 125.59031980231526], [202.30959319734532, 151.97275199761913]], '년??', 0.9768246175245991), ([[395.3446046887869, 60.03590266796057], [564.9861021560893, 117.59185667117573], [547.6553953112132, 162.96409733203944], [377.01389784391074, 106.40814332882427]], '테아공주름', 0.2875562246392553), ([[73.06608385012537, 106.49164316536356], [202.55379993423523, 75.83171770895508], [216.93391614987465, 152.50835683463646], [87.44620006576477, 184.16828229104493]], '누구나', 0.9981958196594103), ([[385.228115598632, 96.05993983124449], [487.97870337027973, 127.53900894719632], [472.771884401368, 169.9400601687555], [370.02129662972027, 138.46099105280368]], '구하러', 0.952798030898797), ([[489.3560570951135, 128.0416396323738], [615.9994347727768, 171.92482052973267], [599.6439429048866, 214.9583603676262], [473.00056522722315, 170.07517947026733]], '온거나?', 0.9931568193757151)]
[([[170, 70], [202, 70], [202, 96], [170, 96]], '나', 0.9437600955600978), ([[213, 65], [395, 65], [395, 105], [213, 105]], '미래에서 온', 0.8128374496293629), ([[167, 103], [239, 103], [239, 139], [167, 139]], '7-2', 0.9903267395091816), ([[360, 250], [442, 250], [442, 280], [360, 280]], '사이(', 0.00901442031899567), ([[16, 658], [210, 658], [210, 874], [16, 874]], '양', 0.021859236765956247), ([[393, 753], [571, 753], [571, 865], [393, 865]], '유사}', 0.037887825301904855), ([[20.22136124050989, 202.07924589371078], [273.6663334937885, 178.56754268612195], [277.7786387594901, 353.9207541062892], [24.333666506211475, 376.43245731387805]], "주'", 0.04119884881085412)]
[([[409, 70], [511, 70], [511, 108], [409, 108]], '시끄러', 0.9907528459033631), ([[407, 103], [557, 103], [557, 143], [407, 143]], '이 또라이', 0.7837087527511275), ([[409, 139], [515, 139], [515, 177], [409, 177]], '새끼야', 0.9984453247858579), ([[311, 801], [380, 801], [380, 842], [311, 842]], '오호', 0.9999488341093059), ([[311, 835], [495, 835], [495, 877], [311, 877]], '돼지 야한데', 0.37737568408529437)]
[([[29, 33], [65, 33], [65, 71], [29, 71]], '난', 0.9898205308162602), ([[27, 65], [209, 65], [209, 105], [27, 105]], '미래에서 온', 0.9640696791589822), ([[27, 99], [97, 99], [97, 137], [27, 137]], '7-2', 0.9960488797558654), ([[59, 126], [246, 126], [246, 174], [59, 174]], '코너의 엄마', 0.9953727129506916), ([[20, 124], [140, 124], [140, 248], [20, 248]], '#콤물등', 0.03979327902197838), ([[60, 165], [199, 165], [199, 207], [60, 207]], '라코너지', 0.41021445393562317), ([[359, 186], [426, 186], [426, 214], [359, 214]], ')4', 0.01770769469879652), ([[137, 199], [213, 199], [213, 241], [137, 241]], '윗다', 0.4303808588711906), ([[516, 358], [592, 358], [592, 480], [516, 480]], '퍽', 0.06755171436738294), ([[122.03780454494682, 343.0515822680054], [221.6882705372544, 380.65181877371504], [192.96219545505318, 453.9484177319946], [93.3117294627456, 415.34818122628496]], '84', 0.13015537473330646)]
[([[177, 56], [594, 56], [594, 213], [177, 213]], '94', 0.006470557666447875), ([[121, 180], [596, 180], [596, 337], [121, 337]], '"잠:-', 0.0022407236974686384), ([[76, 350], [108, 350], [108, 390], [76, 390]], '8', 0.9999997615814351), ([[232, 342], [416, 342], [416, 396], [232, 396]], '데스스타', 0.9932993054389954), ([[436, 344], [524, 344], [524, 394], [436, 394]], '002', 0.9999962145976122), ([[43, 599], [139, 599], [139, 637], [43, 637]], '아오~', 0.5639086365699768), ([[149, 599], [221, 599], [221, 635], [149, 635]], '박처', 0.30080747908525773), ([[43, 629], [259, 629], [259, 671], [43, 671]], '네가 이또라이', 0.9825653749236187), ([[43, 663], [225, 663], [225, 705], [43, 705]], '불게 만들어', 0.9284048525785652)]
[([[69, 63], [171, 63], [171, 101], [69, 101]], '확실히', 0.9999319318756357), ([[443, 55], [515, 55], [515, 91], [443, 91]], '니예', 0.9520569636079605), ([[69, 97], [153, 97], [153, 133], [69, 133]], '조저!', 0.9597928138882413), ([[444, 90], [512, 90], [512, 122], [444, 122]], '니예', 0.9759930531059396)]
[([[353, 69], [545, 69], [545, 109], [353, 109]], '제가 꼭 불게', 0.7373430084391828), ([[355, 103], [517, 103], [517, 143], [355, 143]], '만들께요~', 0.7703206898354328), ([[353, 135], [563, 135], [563, 177], [353, 177]], '살펴 가세요~', 0.49360792349979504)]
[]
[]
[]
[([[493, 474], [617, 474], [617, 650], [493, 650]], '턱', 0.1999515375249672), ([[101.08093419637781, 684.0301997849429], [481.88962928674476, 748.245520511148], [454.9190658036222, 863.9698002150571], [74.11037071325524, 799.754479488852]], '오.호호호호호호히', 0.027582901063261684)]
[([[37, 35], [251, 35], [251, 221], [37, 221]], '짝', 0.3560910959553354), ([[298, 140], [426, 140], [426, 188], [298, 188]], '씨버신씨', 0.0008290257537737489)]
[([[189, 51], [315, 51], [315, 91], [189, 91]], '나. 나는', 0.9634454759853905), ([[225, 87], [291, 87], [291, 123], [225, 123]], '7-2', 0.8958318829536438), ([[19, 165], [175, 165], [175, 335], [19, 335]], '뜻', 0.02539443384393736), ([[401, 412], [498, 412], [498, 436], [401, 436]], '//2/  ', 0.2786221583713697), ([[75, 813], [279, 813], [279, 853], [75, 853]], '싸라코너클~.', 0.42523115182893934), ([[293, 813], [411, 813], [411, 851], [293, 851]], '흐플~~', 0.19193219520574922)]
[([[45.651779258650826, 68.00606472327871], [119.20818943212446, 60.07325439551799], [153.34822074134917, 374.9939352767213], [79.79181056787554, 383.926745604482]], '출', 0.007250882169125783), ([[21.600679796067976, 460.3433310007331], [234.219535091909, 398.228076404808], [264.399320203932, 542.6566689992669], [52.780464908091, 604.771923595192]], '짜', 0.9295240999976819)]
[]
[([[81, 133], [169, 133], [169, 217], [81, 217]], '[흥~', 0.3066779652834367), ([[69, 247], [137, 247], [137, 285], [69, 285]], '믿어', 0.9994029156733727), ([[147, 247], [215, 247], [215, 285], [147, 285]], '믿어', 0.9993816774434487), ([[69, 279], [204, 279], [204, 321], [69, 321]], '꽂미남이', 0.854252815246582), ([[99, 311], [208, 311], [208, 353], [99, 353]], '깔리가', 0.996594603077516), ([[66, 310], [202, 310], [202, 390], [66, 390]], '없깔하가', 0.10529974102973938)]
[([[80, 360], [301, 360], [301, 402], [80, 402]], '아름다운 몸에', 0.9543673398460889), ([[37, 363], [78, 363], [78, 436], [37, 436]], '잎', 0.9932814814584532), ([[73, 395], [265, 395], [265, 437], [73, 437]], '추가 없다니.', 0.8572683540598482), ([[37, 427], [79, 427], [79, 501], [37, 501]], '히', 0.027840081315490872), ([[73, 431], [171, 431], [171, 469], [73, 469]], '이여~', 0.5856823921203613), ([[71, 463], [289, 463], [289, 503], [71, 503]], '건 아니장아요', 0.6199124667846507)]
[([[293, 67], [511, 67], [511, 109], [293, 109]], '내가 풀어줄께', 0.7408727255192896), ([[145, 143], [361, 143], [361, 181], [145, 181]], '난 싸라코너름', 0.4611166576838964), ([[145, 173], [329, 173], [329, 215], [145, 215]], '죽이러 윗다', 0.20241679199937312), ([[115, 825], [433, 825], [433, 869], [115, 869]], '싸라코너도 찾아줄께', 0.5661871162756748)]
[([[397, 57], [463, 57], [463, 95], [397, 95]], '우리', 0.9999926664562352), ([[473, 59], [545, 59], [545, 97], [473, 97]], '같이', 0.999834704061749), ([[427, 90], [567, 90], [567, 131], [427, 131]], '라코너클', 0.4176259934902191), ([[397, 93], [435, 93], [435, 197], [397, 197]], '쭉', 0.011786230387657248), ([[429, 125], [499, 125], [499, 163], [429, 163]], '아서', 0.9996021569334707), ([[431, 159], [569, 159], [569, 197], [431, 197]], '여버리자', 0.9983372688293457), ([[394.42752122286237, 446.45651273371743], [450.36251500302274, 431.1510752150257], [456.57247877713763, 455.54348726628257], [399.63748499697726, 470.8489247849743]], '스나', 0.24513288258738294)]
[([[123, 81], [557, 81], [557, 125], [123, 125]], '가자~ 사랑의 모험올 찾아~', 0.8666241385934917), ([[487, 500], [558, 500], [558, 537], [487, 537]], '빠', 0.006351090154272987), ([[469.0843474295577, 461.42530422886733], [545.8286987792932, 447.1901476834559], [548.9156525704423, 465.57469577113267], [472.1713012207069, 479.8098523165441]], '// /', 0.1168036162853241)]
[]
[([[177, 56], [594, 56], [594, 213], [177, 213]], '-4', 0.0064672477658981225), ([[123, 180], [596, 180], [596, 337], [123, 337]], '"잠:-', 0.0030553112737834454), ([[76, 352], [108, 352], [108, 390], [76, 390]], '8', 0.9999997615814351), ([[232, 342], [416, 342], [416, 394], [232, 394]], '데스스타', 0.8859149957875603), ([[436, 344], [524, 344], [524, 394], [436, 394]], '003', 0.8739107251167297), ([[47, 523], [117, 523], [117, 559], [47, 559]], '에이', 0.9978943190172889), ([[126, 524], [160, 524], [160, 552], [126, 552]], '쌀', 0.055076421516212726), ([[44, 550], [376, 550], [376, 598], [44, 598]], '요즘 이렇게 되는일이', 0.8638040811471325), ([[45, 587], [119, 587], [119, 627], [45, 627]], '없어', 0.999967041323548), ([[442, 678], [522, 678], [522, 710], [442, 710]], '산다는', 0.8957568031324772), ([[529, 681], [555, 681], [555, 701], [529, 701]], '게', 0.9430983653047065), ([[432, 714], [462, 714], [462, 738], [432, 738]], '다', 0.9999892711927174), ([[475, 709], [617, 709], [617, 745], [475, 745]], '그런게 아니켓니', 0.4707453503156019)]
[([[197, 97], [507, 97], [507, 141], [197, 141]], '폭력상사 물러가라!!', 0.8217943149732989), ([[277, 155], [587, 155], [587, 199], [277, 199]], '부당해고 철회하라!!', 0.9606203416517722), ([[138, 333], [194, 333], [194, 363], [138, 363]], '아님', 0.00188685835271478), ([[214, 354], [262, 354], [262, 382], [214, 382]], '61', 0.14448209002727275), ([[251, 339], [319, 339], [319, 405], [251, 405]], '@', 0.6124627374603655), ([[399, 365], [523, 365], [523, 427], [399, 427]], "'부탕하고", 0.3884523028280721), ([[410, 418], [543, 418], [543, 469], [410, 469]], '철회하라 |', 0.4819970379200397), ([[507, 645], [597, 645], [597, 690], [507, 690]], '직장 내', 0.9605863218899515), ([[503, 679], [617, 679], [617, 747], [503, 747]], '폭력금제', 0.8740777969360352), ([[89, 727], [295, 727], [295, 767], [89, 767]], '이건 또 뭐야 .', 0.8436534332980808)]
[([[37, 77], [545, 77], [545, 121], [37, 121]], '노동인권 무시하고 폭력만 일삼는', 0.531553505953454), ([[35, 111], [359, 111], [359, 154], [35, 154]], '갑질 상사 물러가라!!', 0.7836568496970868), ([[159, 175], [487, 175], [487, 217], [159, 217]], '직장내 성희통 일삼는', 0.2287769655911383), ([[159, 209], [469, 209], [469, 251], [159, 251]], '변태상사 물러가라!!', 0.7094507182517696), ([[362, 386], [408, 386], [408, 414], [362, 414]], '"끼', 0.025884500830349277), ([[68, 732], [100, 732], [100, 764], [68, 764]], '맨', 0.9809428427909097), ([[142, 728], [358, 728], [358, 770], [142, 770]], '딸이나 칠거면', 0.5021686006467586), ([[68, 764], [100, 764], [100, 804], [68, 804]], '집', 0.999214445907004), ([[99, 731], [135, 731], [135, 803], [99, 803]], '날', 0.13777058643232554), ([[133, 765], [235, 765], [235, 803], [133, 803]], '석에서', 0.9955253449604023), ([[67, 797], [229, 797], [229, 837], [67, 837]], '혼자 처라!', 0.9066629911849142), ([[253, 847], [507, 847], [507, 889], [253, 889]], '에이 드런 새끼!!', 0.4613273045116135), ([[411.87652476222786, 381.5012198097823], [498.018422088654, 347.37528514030083], [509.12347523777214, 378.4987801902177], [422.981577911346, 412.62471485969917]], '셋갈', 0.004790707410909403)]
[([[207, 111], [399, 111], [399, 149], [207, 149]], '아이구 두야.', 0.9617691998170951), ([[264, 160], [560, 160], [560, 209], [264, 209]], '저거 당장 치위버려', 0.8490664853917737), ([[115, 351], [155, 351], [155, 397], [115, 397]], '엔', 0.17913656787273968), ([[362.07944680100655, 832.6953361612078], [437.7512101687597, 824.8038216657567], [439.92055319899345, 849.3046638387922], [363.2487898312403, 857.1961783342433]], '[아꼬참9', 0.011024930587389981)]
[([[97, 126], [324, 126], [324, 258], [97, 258]], '아보', 0.6506258557395336), ([[449, 151], [539, 151], [539, 249], [449, 249]], '꿀', 0.013382371303683138)]
[([[63, 109], [327, 109], [327, 153], [63, 153]], '치워버로습니다~', 0.5872825852459086), ([[451, 153], [549, 153], [549, 193], [451, 193]], '잘햇스', 0.9743146917575346), ([[141.57178534410684, 809.6292136193923], [206.17369711680007, 791.1363687273738], [217.42821465589316, 836.3707863806077], [153.82630288319993, 854.8636312726262]], '보인다', 0.10763354600995022), ([[102.46489936718304, 828.6903289242111], [151.40005707694687, 810.6136887904074], [166.53510063281698, 854.3096710757889], [117.59994292305313, 872.3863112095926]], '빠스', 0.833945758348484)]
[([[486, 148], [514, 148], [514, 178], [486, 178]], '연', 0.9989978203011027), ([[47, 159], [219, 159], [219, 201], [47, 201]], '애새끼들이', 0.943986397194264), ([[47, 193], [263, 193], [263, 235], [47, 235]], '존나게 빠져어', 0.58197175541913), ([[49, 227], [277, 227], [277, 269], [49, 269]], '집합 한번 해라', 0.7945357590734068)]
[([[7, 305], [71, 305], [71, 323], [7, 323]], '"]6.~', 0.00048075380692264805), ([[319, 351], [391, 351], [391, 391], [319, 391]], '아항', 0.9978245676277223), ([[398, 424], [434, 424], [434, 456], [398, 456]], '항', 0.9988154106827665), ([[52, 542], [94, 542], [94, 550], [52, 550]], '-08946', 0.0031941764885218948), ([[206, 646], [332, 646], [332, 724], [206, 724]], '뼈량', 0.26153710742582115), ([[507, 757], [577, 757], [577, 795], [507, 795]], '아흥', 0.4137180280170504), ([[70, 820], [214, 820], [214, 911], [70, 911]], '연권_', 0.022062297542541572)]
[([[21, 319], [79, 319], [79, 333], [21, 333]], '나렁응-하5', 1.796737876175323e-05), ([[17, 507], [97, 507], [97, 519], [17, 519]], '관 -카 5', 0.0008572517925860887), ([[17, 519], [79, 519], [79, 531], [17, 531]], '@처 덥', 0.000433084525866434)]
[([[340, 96], [492, 96], [492, 168], [340, 168]], '지것들도', 0.43287625908851624), ([[342, 158], [568, 158], [568, 232], [342, 232]], '당장 치위버려', 0.4966886202685667), ([[280, 832], [312, 832], [312, 868], [280, 868]], '업', 0.052170831130130324)]
[([[45, 61], [375, 61], [375, 103], [45, 103]], '이놈의 망할 로보트놈', 0.9607351991160432), ([[79, 139], [329, 139], [329, 181], [79, 181]], '난동질이 심햇어', 0.7380625593684249), ([[85, 223], [299, 223], [299, 265], [85, 265]], '누가 보내건지', 0.2825234561412945), ([[86, 259], [267, 259], [267, 299], [86, 299]], '알아야 깊다', 0.7202830750958573)]
[([[171, 27], [365, 27], [365, 289], [171, 289]], '박', 0.3144213195273551), ([[348, 712], [494, 712], [494, 948], [348, 948]], '움', 0.47836096947675344)]
[([[60, 862], [320, 862], [320, 1062], [60, 1062]], '사', 0.9999690058248802), ([[24.240045367134698, 84.06461699303193], [289.5558894150223, 56.635686789617225], [297.7599546328653, 267.9353830069681], [33.44411058497771, 295.36431321038276]], '빠', 0.029918068265104347)]
[([[449, 69], [547, 69], [547, 109], [449, 109]], '장나!!', 0.9027984142303467), ([[313, 65], [447, 65], [447, 149], [313, 149]], '아옷개,', 0.017527097836136818), ([[395, 103], [561, 103], [561, 143], [395, 143]], '개판이야!!', 0.7569964478036344), ([[97, 209], [255, 209], [255, 247], [97, 247]], '아보오~~', 0.9375800733755091)]
[([[444, 196], [592, 196], [592, 380], [444, 380]], '잎', 0.1288715189474523)]
[([[85, 119], [225, 119], [225, 157], [85, 157]], '윗놓이나', 0.2384420484304428), ([[85, 149], [261, 149], [261, 191], [85, 191]], '아랫놓이나', 0.15850871578851575)]
[([[108, 100], [168, 100], [168, 132], [108, 132]], '요~', 0.9825642157560234), ([[107, 131], [275, 131], [275, 171], [107, 171]], '다싸베이더', 0.6696985938775423), ([[103, 165], [237, 165], [237, 205], [103, 205]], '사령관~', 0.4416547702267023)]
[([[81, 57], [333, 57], [333, 99], [81, 99]], '레아도 탈출하고', 0.834297587761494), ([[85, 91], [367, 91], [367, 133], [85, 133]], '드로이드도 못창고', 0.564336895968173), ([[85, 125], [399, 125], [399, 167], [85, 167]], '변태 싸이보그하놓이', 0.3121776029968845), ([[85, 161], [309, 161], [309, 201], [85, 201]], '난장판치고~~', 0.984406020379853)]
[([[75, 51], [209, 51], [209, 91], [75, 91]], '항제께 서', 0.2624761131710903), ([[73, 85], [175, 85], [175, 123], [73, 123]], '아시면', 0.8682750463485718), ([[75, 119], [379, 119], [379, 159], [75, 159]], '참 ~ 좋아하시켓어~', 0.1947861632493396), ([[375.0574282752855, 377.50337089551385], [440.15740886950533, 366.5442375459403], [444.9425717247145, 402.49662910448615], [379.84259113049467, 413.4557624540597]], '구크크', 0.9532926486341173)]
[([[311, 37], [393, 37], [393, 73], [311, 73]], '부관!', 0.9622423070240748), ([[307, 65], [559, 65], [559, 108], [307, 108]], '데스스타 주포록', 0.4621641177651416), ([[311, 103], [427, 103], [427, 141], [311, 141]], '준비해!', 0.996830403804779), ([[67, 245], [101, 245], [101, 259], [67, 259]], '어효]형;', 0.00036130911762626277), ([[117, 265], [231, 265], [231, 307], [117, 307]], '년 꺼져', 0.43584874877415536)]
[([[185, 31], [471, 31], [471, 73], [185, 73]], '목표는 얼데라이다', 0.7396488972699812)]
[([[289, 81], [359, 81], [359, 123], [289, 123]], '앗!!', 0.4274008820423166), ([[282, 114], [494, 114], [494, 170], [282, 170]], '다싸베이더', 0.6154877905888391), ([[284, 152], [453, 152], [453, 206], [284, 206]], '사령관님', 0.19156020879745483), ([[283, 631], [431, 631], [431, 699], [283, 699]], '왜? 왜?', 0.5465230347292815)]
[([[177, 56], [594, 56], [594, 213], [177, 213]], '94', 0.009631491914856766), ([[123, 180], [596, 180], [596, 337], [123, 337]], '"잠:-', 0.0035091442987322807), ([[76, 352], [108, 352], [108, 390], [76, 390]], '8', 0.9999997615814351), ([[232, 342], [418, 342], [418, 396], [232, 396]], '데스스타', 0.9938201904296875), ([[436, 344], [524, 344], [524, 394], [436, 394]], '004', 0.999992016244482), ([[309, 587], [593, 587], [593, 629], [309, 629]], '얼데라에 도착완료', 0.38448305037273056), ([[247.21456992734423, 1403.8858279709377], [297.9523741203679, 1379.7222301929041], [307.7854300726558, 1402.1141720290623], [258.0476258796321, 1426.2777698070959]], '서3', 0.09242497676767031)]
[([[111, 59], [309, 59], [309, 121], [111, 121]], '주포준비!', 0.844776490671567), ([[112, 456], [152, 456], [152, 482], [112, 482]], '스랑', 0.009221174083879211), ([[145, 443], [252, 443], [252, 482], [145, 482]], '오다_"그', 0.2773492412074426), ([[190, 486], [250, 486], [250, 510], [190, 510]], '47894', 0.5456019994053555)]
[([[391, 139], [543, 139], [543, 179], [391, 179]], '주포준비 !', 0.9523274205600715), ([[400.14095457565395, 388.0284140923744], [584.9250571425339, 464.60612128855024], [539.859045424346, 564.9715859076256], [355.07494285746606, 489.39387871144976]], '*텅', 0.06576287428061992)]
[([[57, 187], [215, 187], [215, 409], [57, 409]], '꽃', 0.1952984073019346), ([[307, 627], [467, 627], [467, 827], [307, 827]], '상', 0.4207961451145117)]
[([[85, 257], [235, 257], [235, 395], [85, 395]], '털껑', 0.02936842606498369), ([[238, 424], [264, 424], [264, 456], [238, 456]], '1', 0.7536934190054332), ([[228, 512], [254, 512], [254, 566], [228, 566]], '씨', 0.11464780707706268)]
[([[518, 362], [618, 362], [618, 490], [518, 490]], '텅', 0.5584100298566206), ([[123.17363682400058, 378.11963986240437], [199.6854514607565, 314.0167902005674], [320.8263631759994, 481.88036013759563], [244.3145485392435, 545.9832097994325]], '출', 0.31381833671105497)]
[([[199, 62], [378, 62], [378, 103], [199, 103]], '으액 드러워', 0.7183336165255993), ([[475, 79], [581, 79], [581, 119], [475, 119]], '카카카', 0.9904670309014102), ([[477, 117], [577, 117], [577, 153], [477, 153]], '귀여워', 0.5598838676904606), ([[42, 128], [98, 128], [98, 176], [42, 176]], '어머', 0.9863617906757431), ([[475, 147], [577, 147], [577, 187], [475, 187]], '귀여워', 0.9287079449726601), ([[42, 172], [164, 172], [164, 222], [42, 222]], '꼬추 좀 화', 0.6387780887491612)]
[([[50, 132], [270, 132], [270, 408], [50, 408]], '', 0.0), ([[336, 206], [470, 206], [470, 334], [336, 334]], '때', 0.04094429451609316), ([[475, 145], [637, 145], [637, 369], [475, 369]], '평', 0.015940081864501687)]
[([[36, 192], [160, 192], [160, 368], [36, 368]], '딸', 0.06521095555388357), ([[66, 396], [212, 396], [212, 564], [66, 564]], '방', 0.012681974714169542)]
[([[85, 121], [197, 121], [197, 255], [85, 255]], '숲', 0.8355555838534201), ([[49, 391], [133, 391], [133, 525], [49, 525]], '숙', 0.5102764004427662)]
[([[157, 55], [521, 55], [521, 97], [157, 97]], '저녀석 꼬추가 떨어지니', 0.5743079325447757), ([[155, 84], [444, 84], [444, 132], [155, 132]], '꽂미남이 되없어요', 0.7330588110021078), ([[444, 290], [562, 290], [562, 386], [444, 386]], '사', 0.962182212612106), ([[500, 366], [624, 366], [624, 504], [500, 504]], '방', 0.9992776030075312), ([[373, 641], [597, 641], [597, 773], [373, 773]], '사방_', 0.5174555015035501)]
[([[13.92364516768869, 87.03866783087281], [123.23644921558467, 58.61068111258312], [167.0763548323113, 255.9613321691272], [56.76355078441534, 284.3893188874169]], '숙', 0.7772935338261142), ([[184.7645425688811, 199.0509650834613], [288.657294974729, 159.23725014039456], [351.2354574311189, 349.9490349165387], [247.34270502527102, 388.76274985960544]], '숲', 0.78876601985991), ([[87.93883565538698, 607.0375827409565], [197.66438247235737, 589.1106238006579], [223.06116434461302, 777.9624172590435], [113.33561752764261, 795.8893761993421]], '숲', 0.33147487707232415)]
[([[108.60117667420032, 73.30647170810175], [448.5829965015281, 7.129387320239836], [466.3988233257997, 165.69352829189825], [126.41700349847189, 231.87061267976017]], '9222200', 0.33615067421122163)]
[([[20, 20], [501, 20], [501, 219], [20, 219]], '우우우움', 0.5996763706207275), ([[63, 447], [183, 447], [183, 559], [63, 559]], '숲', 0.1181370594135025), ([[361, 549], [405, 549], [405, 597], [361, 597]], '양', 0.3310493494827824), ([[194.91588609132293, 508.0392280602566], [399.0728126336524, 548.8080885429243], [369.08411390867707, 675.9607719397434], [164.9271873663476, 635.1919114570757]], '숙석', 0.09266802360051586)]
[([[49, 84], [602, 84], [602, 487], [49, 487]], '유심', 0.0027854875023667312)]
[([[82, 32], [352, 32], [352, 250], [82, 250]], '우', 0.9650129116497652), ([[450.87867965644034, 692.8786796564403], [479.69486158191813, 666.0815813559439], [497.12132034355966, 687.1213203435597], [468.30513841808187, 713.9184186440561]], '@4', 0.24845478647702957)]
[([[255, 13], [497, 13], [497, 243], [255, 243]], '주', 0.9992240980893854), ([[280, 680], [476, 680], [476, 832], [280, 832]], '와', 0.20995188990522085)]
[([[214, 218], [266, 218], [266, 276], [214, 276]], '후우', 0.9701315584963177)]
[([[108, 24], [540, 24], [540, 196], [108, 196]], '우안아~', 0.06947845965623856), ([[383, 199], [525, 199], [525, 241], [383, 241]], '명중이다', 0.8759809272533069), ([[39, 253], [391, 253], [391, 295], [39, 295]], '얼데란올 부카켓시켜다', 0.4263792555684814), ([[144, 644], [174, 644], [174, 692], [144, 692]], '염', 0.11989064998854193), ([[198, 652], [229, 652], [229, 701], [198, 701]], '@', 0.021216348844715904), ([[95, 927], [487, 927], [487, 971], [95, 971]], '흘~ 나 좀 멋있는 거 같아', 0.4252686340253961)]
[([[177, 56], [594, 56], [594, 213], [177, 213]], '9장', 0.007065093664834392), ([[121, 180], [596, 180], [596, 337], [121, 337]], '"잠:-', 0.0015066731721162796), ([[76, 350], [108, 350], [108, 390], [76, 390]], '8', 0.9999997615814351), ([[232, 342], [418, 342], [418, 396], [232, 396]], '데스스타', 0.9940638542175293), ([[436, 344], [524, 344], [524, 394], [436, 394]], '005', 0.999994838088129), ([[372, 582], [580, 582], [580, 750], [372, 750]], '구름', 0.5596921136777162), ([[391, 957], [595, 957], [595, 1119], [391, 1119]], '유중', 0.16201354979932908)]
[]
[([[237, 209], [275, 209], [275, 245], [237, 245]], '어', 0.9997041444292023), ([[293, 209], [363, 209], [363, 245], [293, 245]], '어이', 0.8923702949013003), ([[235, 239], [425, 239], [425, 281], [235, 281]], '정신 챙거라', 0.4273269110164607), ([[469, 367], [539, 367], [539, 403], [469, 403]], '헤해', 0.5569086493531713)]
[([[165, 143], [351, 143], [351, 185], [165, 185]], '너무 이상해', 0.8400423438694484), ([[441, 127], [545, 127], [545, 167], [441, 167]], '냄새도', 0.9996951091944747), ([[52, 140], [280, 140], [280, 220], [52, 220]], '화늘잎터문;', 0.047844400789207674), ([[443, 159], [579, 159], [579, 203], [443, 203]], '알딱꾸리', 0.9943031668663025), ([[443, 195], [513, 195], [513, 235], [443, 235]], '한데', 0.993281762183515), ([[495, 307], [569, 307], [569, 347], [495, 347]], '구려-(', 0.6269349202683117)]
[([[25, 0], [620, 0], [620, 332], [25, 332]], '우무완램', 0.01302922423928976)]
[([[33, 73], [255, 73], [255, 257], [33, 257]], '째', 0.09272838948206985), ([[433, 95], [533, 95], [533, 179], [433, 179]], '00)', 0.8833719052153987), ([[554, 204], [608, 204], [608, 300], [554, 300]], '푹푹', 0.951955762294911), ([[27, 293], [173, 293], [173, 359], [27, 359]], '세퍽', 0.6393933251567027)]
[([[87, 113], [131, 113], [131, 151], [87, 151]], '이 .', 0.3435287499872416), ([[143, 113], [215, 113], [215, 151], [143, 151]], '이게', 0.99797350710827), ([[235, 113], [367, 113], [367, 151], [235, 151]], '뛰야..??', 0.7069953599655736), ([[493, 227], [555, 227], [555, 263], [493, 263]], '양 ~', 0.992397665977478), ([[91, 241], [153, 241], [153, 321], [91, 321]], '푹', 0.9933579953867735), ([[485, 261], [633, 261], [633, 301], [485, 301]], '기분도 이상해', 0.6121405405278733), ([[413, 857], [545, 857], [545, 943], [413, 943]], '떠퍽', 0.05251936065576403)]
[([[11, 169], [195, 169], [195, 209], [11, 209]], '반란군 기지', 0.6083194823493089), ([[395, 211], [531, 211], [531, 307], [395, 307]], '아', 0.33279834898861793)]
[([[138, 110], [164, 110], [164, 138], [138, 138]], '!!', 0.9293176583248247), ([[69, 101], [148, 101], [148, 214], [69, 214]], '클라', 0.011912055067193951), ([[136, 136], [292, 136], [292, 216], [136, 216]], '용격올', 0.27104901815584), ([[73, 205], [245, 205], [245, 247], [73, 247]], '당햇습니다', 0.5996572347840038), ([[429, 173], [549, 173], [549, 235], [429, 235]], '뭐시?', 0.9816527642491121)]
[([[329, 93], [469, 93], [469, 133], [329, 133]], '제국군이', 0.9934096932411194), ([[265, 127], [435, 127], [435, 167], [265, 167]], '데스스타름', 0.38428187153512894), ([[443, 127], [581, 127], [581, 169], [443, 169]], '이용해서', 0.9997847080230713), ([[265, 158], [615, 158], [615, 203], [265, 203]], '얼데란을 정액범먹으로', 0.3946568041070335), ([[264, 190], [550, 190], [550, 238], [264, 238]], '만들어 버럿습니다', 0.5438647053992747), ([[332, 374], [414, 374], [414, 417], [332, 417]], '냄새도', 0.9944152513304264), ([[335, 419], [393, 419], [393, 463], [335, 463]], '콜라', 0.1476053318747499), ([[332, 458], [429, 458], [429, 500], [332, 500]], '심합니다', 0.9584475159645081)]
[([[59, 183], [265, 183], [265, 221], [59, 221]], '다싸베이더놈', 0.9665470573239653), ([[57, 213], [411, 213], [411, 257], [57, 257]], '기어이 저질러버럿구만', 0.4291273809565445), ([[59, 285], [127, 285], [127, 321], [59, 321]], '그래', 0.9999850800482271), ([[55, 311], [378, 311], [378, 359], [55, 359]], '피해상황은 어떠한가', 0.8022266211336518)]
[([[147, 38], [553, 38], [553, 81], [147, 81]], '액비가 그치지 않고 쏟아저', 0.8467964409151798), ([[105, 35], [260, 35], [260, 156], [105, 156]], '립러번로', 0.00021949359506834298), ([[257, 73], [577, 73], [577, 115], [257, 115]], '정액범버인 시민들이', 0.49235872998338803), ([[177, 107], [219, 107], [219, 147], [177, 147]], '나', 0.9985422444113432), ([[256, 107], [396, 107], [396, 149], [256, 149]], '있습니다', 0.9300488829612732)]
[([[183, 51], [527, 51], [527, 96], [183, 96]], '다가 정액올 뒤집어 손', 0.673870041770427), ([[253, 87], [403, 87], [403, 131], [253, 131]], '이 발정이', 0.9884144896379526), ([[412, 92], [448, 92], [448, 124], [412, 124]], '나', 0.999113041228398), ([[147, 51], [263, 51], [263, 203], [147, 203]], ' 름', 0.06737685444994244), ([[253, 121], [503, 121], [503, 163], [253, 163]], '이 아비규환으로', 0.9243943352162177), ([[261, 155], [403, 155], [403, 197], [261, 197]], '있습니다', 0.9365836977958679), ([[141, 761], [185, 761], [185, 805], [141, 805]], '욕', 0.023684819364646836)]
[([[89, 85], [395, 85], [395, 127], [89, 127]], '이 꼬추도 없는 새끼', 0.4952803724681795), ([[87, 117], [405, 117], [405, 161], [87, 161]], '누가 보내서 온거나?', 0.9580886358226188), ([[87, 153], [281, 153], [281, 195], [87, 195]], '반란군이나?', 0.3072396039307821), ([[352, 250], [478, 250], [478, 376], [352, 376]], '터', 0.9944449538490971), ([[468, 374], [524, 374], [524, 402], [468, 402]], '씨고', 0.05692482772777721), ([[515.2548739491968, 316.0940084018679], [610.9974524992753, 335.8763937113701], [604.7451260508032, 360.9059915981321], [508.0025475007248, 340.1236062886299]], ' ', 0.02646418609133705), ([[457.03883864861814, 342.6077677297236], [510.4986581709623, 321.6756044070566], [517.9611613513819, 341.3922322702764], [464.5013418290377, 362.3243955929434]], '변오', 0.0014215141395999937)]
[([[65, 53], [427, 53], [427, 95], [65, 95]], '이제 얼데란은 색정지욕', 0.5153965036256634), ([[65, 87], [281, 87], [281, 127], [65, 127]], '그 자체입니다', 0.8935973434194908), ([[341, 239], [593, 239], [593, 281], [341, 281]], '슬로들만 노냥군', 0.2338650673398672)]
[([[143, 123], [215, 123], [215, 159], [143, 159]], '크혹', 0.8346978966610733), ([[141, 155], [505, 155], [505, 197], [141, 197]], '레아공주는 어찌 뒷는가', 0.5589940448977917)]
[([[96, 94], [164, 94], [164, 126], [96, 126]], '크혹', 0.8351959408113775), ([[95, 123], [569, 123], [569, 165], [95, 165]], '공주님 또한 담배사러 나뭇다가', 0.5800423984939169), ([[93, 159], [165, 159], [165, 197], [93, 197]], '그만', 0.9999893790106953)]
[([[141, 81], [293, 81], [293, 123], [141, 123]], '아주 그냥', 0.7481008755814049), ([[83, 113], [347, 113], [347, 155], [83, 155]], '흉백 뒤집어 쓰고', 0.38736792116971297), ([[129, 147], [303, 147], [303, 191], [129, 191]], '말앗습니다', 0.3368315316719996)]
[([[358, 108], [408, 108], [408, 166], [358, 166]], '얼', 0.8956412328621468), ([[407.2672065083737, 112.03846182955016], [535.9955399804328, 163.75015928641312], [511.7327934916263, 220.96153817044984], [382.00446001956715, 169.24984071358688]], '데라이', 0.8975970907205251), ([[355.41760780679857, 143.02122695314011], [576.9350533174868, 233.98268547211708], [548.5823921932015, 295.9787730468599], [327.0649466825132, 206.01731452788292]], '끝장낫다~!!', 0.10992385845919349)]
[([[77, 111], [293, 111], [293, 151], [77, 151]], '나는 미래에서', 0.9390814022105038), ([[303, 113], [413, 113], [413, 151], [303, 151]], '온 7-2', 0.9267200704252342), ([[77, 143], [473, 143], [473, 185], [77, 185]], '쫓코너의 엄마 싸라코너름', 0.36104640803862215), ([[77, 177], [261, 177], [261, 221], [77, 221]], '죽이러 윗다', 0.24258073670332553)]
