2425662
121
[([[177, 56], [594, 56], [594, 213], [177, 213]], '-4', 0.005923399033624629), ([[123, 185], [594, 185], [594, 332], [123, 332]], '꿈장:5', 0.0008744322694838047), ([[246, 342], [388, 342], [388, 396], [246, 396]], '아바다', 0.42194446657253076), ([[436, 344], [518, 344], [518, 394], [436, 394]], '001', 0.9912943987018236)]
[([[389, 101], [463, 101], [463, 139], [389, 139]], '도라', 0.9987403788893706), ([[477, 99], [617, 99], [617, 139], [477, 139]], '대기권에', 0.9975071549415588), ([[352, 98], [528, 98], [528, 176], [352, 176]], '판습갑다다', 0.09949898101711536), ([[343, 165], [527, 165], [527, 207], [343, 207]], '잠시 기체가', 0.6634300736329479), ([[342, 196], [642, 196], [642, 276], [342, 276]], '출약정켓숲 있으니', 0.08829243035208188), ([[417, 233], [527, 233], [527, 273], [417, 273]], '하세요', 0.9972455610272228)]
[([[47, 59], [443, 59], [443, 101], [47, 101]], '저기 우주경찰이 갇혀워어', 0.6682114857222283), ([[79, 105], [591, 105], [591, 149], [79, 149]], '우주경찰도 제국군 소속이 아년가', 0.5929285608157867), ([[229, 165], [549, 165], [549, 209], [229, 209]], '우주경찰올 구해야지', 0.5905990464175098), ([[75, 229], [339, 229], [339, 273], [75, 273]], '우린 같은 편이야', 0.9421234145264329), ([[197, 317], [593, 317], [593, 359], [197, 359]], '선랑한 제국의 국민들이지', 0.6740030518448554), ([[80, 539], [273, 539], [273, 666], [80, 666]], '책{', 0.003213376016887964), ([[467, 751], [553, 751], [553, 791], [467, 791]], '.-', 0.07145864358405961)]
[([[215, 69], [501, 69], [501, 113], [215, 113]], '그렇구나 제다이가', 0.5662516171620723), ([[213, 105], [283, 105], [283, 147], [213, 147]], '아니', 0.9999627423892065), ([[279, 99], [535, 99], [535, 185], [279, 185]], '온국나로렇다면 ', 0.07192075984822784), ([[215, 137], [285, 137], [285, 179], [215, 179]], '도와', 0.610323263510236), ([[315, 137], [421, 137], [421, 179], [315, 179]], '려야조', 0.9911413740524503), ([[213, 173], [387, 173], [387, 213], [213, 213]], '호호호호호', 0.9998633602036455), ([[67, 291], [141, 291], [141, 333], [67, 333]], '아유-', 0.912239361496633), ([[139, 305], [185, 305], [185, 321], [139, 321]], '~ ~', 0.3688569962978363), ([[71, 327], [139, 327], [139, 365], [71, 365]], '착해', 0.9910737159024662), ([[121, 769], [223, 769], [223, 811], [121, 811]], '저것도', 0.9984886759492273), ([[121, 801], [227, 801], [227, 843], [121, 843]], '바보네', 0.6991198062896729), ([[256.0, 711.0], [326.5301382834497, 677.9018714896534], [343.0, 711.0], [272.4698617165503, 744.0981285103466]], '7메|', 0.2504964752812258)]
[([[175, 56], [594, 56], [594, 213], [175, 213]], '-장:', 0.03010256463737025), ([[121, 180], [596, 180], [596, 337], [121, 337]], '"잠:-', 0.0013886152300983667), ([[232, 343], [374, 343], [374, 395], [232, 395]], '아바다', 0.5419500551129411), ([[392, 344], [480, 344], [480, 394], [392, 394]], '006', 0.9999387455426327), ([[51, 560], [267, 560], [267, 602], [51, 602]], '채출회사 기지', 0.685260694390244)]
[([[189, 69], [327, 69], [327, 111], [189, 111]], '이쪽으로', 0.9979997277259827), ([[189, 103], [373, 103], [373, 145], [189, 145]], '들어 오시조', 0.36927382792844526), ([[88, 308], [120, 308], [120, 338], [88, 338]], '꽤', 0.9997480074389529), ([[119, 341], [161, 341], [161, 377], [119, 377]], '네', 0.9987822904094088), ([[274, 612], [308, 612], [308, 636], [274, 636]], '들르0=', 0.00015475854161195457)]
[([[191, 61], [487, 61], [487, 103], [191, 103]], '여기가 내 본체에요', 0.9910218819328961)]
[([[304.75360678589436, 189.19555867959792], [443.14048622156974, 156.8642965672612], [463.24639321410564, 271.8044413204021], [324.85951377843026, 304.1357034327388]], '피', 0.9999917745759355)]
[([[458, 120], [510, 120], [510, 152], [458, 152]], '엉?', 0.27206938191762337), ([[40, 260], [168, 260], [168, 412], [40, 412]], '털', 0.9978759850544385), ([[277, 255], [389, 255], [389, 373], [277, 373]], '썩', 0.9977580967415669)]
[([[197, 65], [371, 65], [371, 105], [197, 105]], '안녕하세요', 0.9948368083186349), ([[199, 99], [447, 99], [447, 139], [199, 139]], '내가 저아바타의', 0.8985290728381726), ([[457, 101], [561, 101], [561, 139], [457, 139]], '본체인', 0.9403779970495761), ([[197, 130], [517, 130], [517, 173], [197, 173]], '사론스트이라고 해요', 0.48164707098873155), ([[37, 323], [211, 323], [211, 487], [37, 487]], '팎', 0.16409361368176523), ([[443, 583], [537, 583], [537, 625], [443, 625]], '세어', 0.015219556721306428), ([[115, 891], [419, 891], [419, 933], [115, 933]], '저 정도면 사기아냐.', 0.9229993843974674), ([[276.4050955543422, 612.331719774987], [352.49177392854904, 606.0487145693402], [354.5949044456578, 642.668280225013], [277.50822607145096, 647.9512854306598]], '나신', 0.0011958414930680506)]
[([[51, 43], [267, 43], [267, 85], [51, 85]], '마침 잘맞어요', 0.3283335512267488), ([[49, 79], [119, 79], [119, 119], [49, 119]], '사실', 0.9999156230519413), ([[129, 76], [379, 76], [379, 120], [129, 120]], '나비족들 때문에', 0.8343515814929283), ([[49, 111], [367, 111], [367, 151], [49, 151]], '광석 채집에 어려움올', 0.7267830009073778), ([[51, 145], [301, 145], [301, 187], [51, 187]], '겨고 있엎든데요', 0.3091231395831661), ([[328, 376], [418, 376], [418, 420], [328, 420]], '"심"', 0.006645067555388126)]
[([[83, 85], [175, 85], [175, 105], [83, 105]], '규구터', 0.1373842032516949), ([[215, 89], [513, 89], [513, 131], [215, 131]], '내일 나비족 구역올', 0.7048585257373485), ([[215, 121], [603, 121], [603, 165], [215, 165]], '쓸어버리려터 참이없어요', 0.680899891311791), ([[53, 171], [491, 171], [491, 215], [53, 215]], '사실 당신이 제다이든 아니든', 0.7910329902667265), ([[51, 209], [225, 209], [225, 249], [51, 249]], '상관없어요', 0.9975832879865097), ([[228, 586], [369, 586], [369, 625], [228, 625]], '< 나다', 0.026973504573106766), ([[117, 773], [187, 773], [187, 815], [117, 815]], '내일', 0.9999789266407801), ([[197, 771], [515, 771], [515, 815], [197, 815]], '나비즉올 공격하논데', 0.2660124216565725), ([[123, 807], [335, 807], [335, 847], [123, 847]], '도움올 준다면', 0.790768636224618), ([[117, 837], [515, 837], [515, 881], [117, 881]], '나도 당신네들올 돕료어요', 0.4157652270623118)]
[([[191.92624901561368, 150.04123720297787], [335.08416506906053, 195.01957587693823], [297.0737509843863, 307.95876279702213], [153.91583493093944, 263.98042412306177]], '움,', 0.0016300951884520994)]
[([[475, 171], [611, 171], [611, 211], [475, 211]], '흐흐흐흐', 0.4883388915106701), ([[226, 370], [256, 370], [256, 394], [226, 394]], '74', 0.8693514552460907), ([[396, 308], [428, 308], [428, 408], [396, 408]], '틀', 0.6008005115438806), ([[179, 439], [223, 439], [223, 487], [179, 487]], '(비', 0.04952327232125693)]
[([[161, 57], [359, 57], [359, 101], [161, 101]], '있것습니까~', 0.3074844614850555), ([[161, 91], [261, 91], [261, 131], [161, 131]], '턱서리', 0.8648888629736223), ([[43, 55], [159, 55], [159, 237], [43, 237]], '활꽃', 0.00839952832387598), ([[154, 122], [232, 122], [232, 202], [154, 202]], '한대', 0.1939690641291415), ([[224, 122], [378, 122], [378, 202], [224, 202]], '똑 국위면', 0.09782805285578274), ([[93, 191], [265, 191], [265, 235], [93, 235]], '쓸어버립조', 0.23366293852442974), ([[409, 275], [555, 275], [555, 317], [409, 317]], '말이 통해', 0.8806461221213867), ([[409, 307], [511, 307], [511, 351], [409, 351]], '종군요', 0.465093802005214), ([[571, 441], [647, 441], [647, 503], [571, 503]], '카', 0.8777967246469167), ([[337, 619], [381, 619], [381, 671], [337, 671]], '$$', 0.002940875860807178), ([[35, 889], [285, 889], [285, 929], [35, 929]], '하여간 저인간이', 0.9984549672456934), ([[36, 926], [68, 926], [68, 960], [36, 960]], '절', 0.322552454696293), ([[79, 925], [153, 925], [153, 961], [79, 961]], '나빠', 0.9992532395368066)]
[([[71, 69], [367, 69], [367, 111], [71, 111]], '내일 작전올 지휘할', 0.39558793639212086), ([[75, 101], [323, 101], [323, 143], [75, 143]], '엘마+스 소령올', 0.08097352527261735), ([[73, 135], [247, 135], [247, 177], [73, 177]], '소개합니다', 0.9741733638527721)]
[([[53, 87], [157, 87], [157, 127], [53, 127]], '제군들', 0.9938117849463226), ([[85, 119], [335, 119], [335, 161], [85, 161]], '흑하고 야만스런', 0.6318453203002751), ([[53, 119], [91, 119], [91, 261], [53, 261]], '품', 0.14632639934052705), ([[87, 153], [371, 153], [371, 195], [87, 195]], '비족들과의 일전에', 0.33202804084784465), ([[87, 187], [233, 187], [233, 231], [87, 231]], '할 각오름', 0.6619272493383658), ([[85, 221], [349, 221], [349, 263], [85, 263]], '단히 하길 바라다', 0.9419981658974866)]
[([[51, 77], [335, 77], [335, 119], [51, 119]], '비실비실 어리버리', 0.9955161691481718), ([[51, 109], [407, 109], [407, 151], [51, 151]], '하게 생긴 제군따라*!!', 0.17137926308263451), ([[295, 157], [591, 157], [591, 197], [295, 197]], '같이 싸물 동료들올', 0.7062173374324088), ([[297, 191], [527, 191], [527, 231], [297, 231]], '소개시켜주마!!', 0.9864019919741852), ([[99, 821], [359, 821], [359, 866], [99, 866]], '저 봉신 팔다리름', 0.31929953947685386), ([[97, 857], [317, 857], [317, 899], [97, 899]], '같이 움직인다', 0.9458657040787619)]
[([[71, 74], [325, 74], [325, 117], [71, 117]], '자 인사들 해라!!', 0.7315956280354168), ([[295, 121], [615, 121], [615, 163], [295, 163]], '최강의 공의 특전부대', 0.7411124857622656), ([[297, 153], [471, 153], [471, 197], [297, 197]], '용병들이다', 0.9897287396466272), ([[139, 841], [507, 841], [507, 885], [139, 885]], '파견계악근로직들이지!!', 0.4779006238167005)]
[([[229, 57], [591, 57], [591, 101], [229, 101]], '아놀드 슈활제네거 일병', 0.5558400314764784), ([[491, 415], [561, 415], [561, 453], [491, 453]], '안농', 0.4947720659875589)]
[([[115, 97], [445, 97], [445, 141], [115, 141]], '실버스터 스템론 대리', 0.6971347870928436), ([[445, 369], [515, 369], [515, 405], [445, 405]], '하이', 0.9995031248192641)]
[([[154, 90], [486, 90], [486, 138], [154, 138]], '부르스 월리스 지점장', 0.5211966197829645)]
[([[229, 77], [411, 77], [411, 119], [229, 119]], '이연결 총리', 0.6555257661413866)]
[([[16, 110], [272, 110], [272, 278], [16, 278]], '털령', 0.11685222228968131), ([[361.78274859098883, 189.0370768922169], [609.1198665801298, 225.53416069616884], [577.2172514090112, 392.9629231077831], [328.88013341987016, 356.46583930383116]], '@명', 0.030436454437913003), ([[131.40077848228802, 498.0451379831009], [200.98933489436627, 537.7080974467536], [180.59922151771198, 571.954862016899], [111.01066510563373, 532.2919025532464]], '1>"', 0.028055512916730915)]
[([[225, 77], [497, 77], [497, 161], [225, 161]], '안녕하세요~', 0.6407481247270254)]
[([[88, 64], [339, 64], [339, 109], [88, 109]], '우리논 특전부대', 0.8524114046348562), ([[239, 149], [281, 149], [281, 197], [239, 197]], '피', 0.9982158757930257), ([[429, 149], [503, 149], [503, 191], [429, 191]], '예요-', 0.6911586966602308), ([[266.0502525316942, 136.05025253169416], [433.7990985426547, 94.07948267538836], [446.9497474683058, 155.94974746830584], [280.2009014573453, 197.92051732461164]], '스메이거', 0.4796047806739807)]
[([[380, 168], [580, 168], [580, 428], [380, 428]], '콩', 0.9870573982953488), ([[336, 700], [450, 700], [450, 754], [336, 754]], '아콩6', 0.024504055790777593)]
[([[124, 50], [350, 50], [350, 176], [124, 176]], '털령', 0.11773125061581226), ([[83, 175], [139, 175], [139, 213], [83, 213]], '엉?', 0.31518009307448774), ([[383, 175], [469, 175], [469, 213], [383, 213]], '이구!', 0.4764728036082451), ([[538, 638], [570, 638], [570, 662], [538, 662]], '에', 0.856215281333764), ([[47.35821479635385, 702.3343599003108], [389.8196369477329, 625.7632076571543], [413.6417852036461, 795.6656400996892], [71.18036305226714, 872.2367923428457]], '텔텔거당', 0.0015871901996433735)]
[([[42, 204], [132, 204], [132, 254], [42, 254]], '예영_', 0.7806226352503265)]
[([[119, 127], [231, 127], [231, 189], [119, 189]], '곰같은', 0.9109291689739599), ([[117, 181], [231, 181], [231, 241], [117, 241]], '힘이여', 0.9946724013748978), ([[117, 233], [261, 233], [261, 297], [117, 297]], '솟아라]!', 0.18541843582709946), ([[538, 459], [622, 459], [622, 674], [538, 674]], '푹', 0.6745842596229181)]
[([[55, 87], [205, 87], [205, 123], [55, 123]], '어!어이!!', 0.8171442043467128), ([[55, 119], [185, 119], [185, 159], [55, 159]], '위험해!!', 0.9749637684051119), ([[317, 121], [535, 121], [535, 163], [317, 163]], '이눈의 쉬끼들', 0.2319875949484354)]
[([[65, 85], [353, 85], [353, 127], [65, 127]], '네놈들 다 체포다!!', 0.5082091346917301), ([[391, 161], [573, 161], [573, 245], [391, 245]], '위일하연액', 0.09228840180326665), ([[423, 603], [551, 603], [551, 643], [423, 643]], '진정해!!', 0.9634060118509203)]
[([[372, 330], [614, 330], [614, 578], [372, 578]], '평', 0.9837571184420177)]
[([[375.1579833204635, 154.2897482934367], [475.0187667774785, 143.71184245613478], [477.8420166795365, 196.7102517065633], [377.9812332225215, 207.28815754386522]], '드로럭', 0.537518622329996), ([[393.7716559418754, 377.42913985468846], [501.0664504372367, 362.7858002602477], [505.2283440581246, 413.57086014531154], [397.9335495627633, 428.2141997397523]], '(.-4', 0.004276798106729984), ([[473.51341170750567, 720.6620705367551], [502.47697098785625, 714.6514612719574], [506.48658829249433, 732.3379294632449], [476.52302901214375, 738.3485387280426]], '@씨', 0.033336816557677645)]
[([[496, 171], [583, 171], [583, 238], [496, 238]], '품요', 0.06525190211426836), ([[115, 355], [289, 355], [289, 395], [115, 395]], '으아아아아아아이', 0.26832284153196223)]
[([[175, 56], [594, 56], [594, 213], [175, 213]], '-장:', 0.021307156494266073), ([[123, 185], [594, 185], [594, 332], [123, 332]], '꿈장:5', 0.0009321485995315015), ([[232, 342], [374, 342], [374, 396], [232, 396]], '아바다', 0.532150840807086), ([[392, 344], [480, 344], [480, 396], [392, 396]], '002', 0.9999958704702177), ([[56.33078537926375, 738.0172363577167], [592.3870288586471, 465.18273503777493], [626.6692146207363, 569.9827636422833], [90.61297114135287, 842.8172649622251]], '피요요요요요찮5@', 0.11101075948276497)]
[([[162, 358], [418, 358], [418, 602], [162, 602]], '칸', 0.05245647379110907)]
[]
[([[261, 217], [457, 217], [457, 351], [261, 351]], '파', 0.16278795242393418), ([[369, 469], [557, 469], [557, 689], [369, 689]], '빵}', 0.09653949956209416), ([[-2.66486115571887, 678.1751525681213], [88.8458836099993, 668.5387139959217], [93.66486115571887, 740.8248474318787], [1.154116390000694, 750.4612860040783]], '0', 0.49166348017934425)]
[([[462, 148], [494, 148], [494, 178], [462, 178]], '으', 0.3421465945095612)]
[([[222, 72], [436, 72], [436, 152], [222, 152]], '임복 괜찮야?', 0.41027796318546694), ([[78, 742], [142, 742], [142, 768], [78, 768]], '09', 0.4096248538014573), ([[73, 771], [339, 771], [339, 813], [73, 813]], '괜찮은 것 같은데', 0.9112321652752292)]
[([[197, 161], [331, 161], [331, 201], [197, 201]], '어찌뒷든', 0.7604190707206726), ([[193, 193], [303, 193], [303, 235], [193, 235]], '살앗네', 0.6741819552844737), ([[436.0939460213589, 449.10396789184324], [497.73795093971586, 461.57601868963206], [488.9060539786411, 499.89603210815676], [427.26204906028414, 488.42398131036794]], '열려)', 0.010629320385254772), ([[423.27253004752583, 472.05320432317575], [531.9930891466626, 507.7372058343862], [515.7274699524742, 549.9467956768243], [408.00691085333744, 514.2627941656139]], '몸가기롭이다스', 0.03297045732820204), ([[251.47893962030983, 583.4141973545267], [312.60175929050445, 577.5063974443401], [314.5210603796902, 605.5858026454733], [253.39824070949558, 611.4936025556599]], '텍아', 0.0013216759211765571), ([[-1.4902521016062222, 608.1880168037358], [84.8, 601.4], [86.49025210160622, 658.8119831962642], [-0.8000000000000007, 665.6]], '"도드', 0.016956446378051895)]
[([[187, 221], [307, 221], [307, 311], [187, 311]], '빠<', 0.055997376782810526), ([[218, 296], [322, 296], [322, 368], [218, 368]], '시', 0.7528410916752684), ([[465, 677], [547, 677], [547, 722], [465, 722]], '청돕마싸', 0.0035939260851591825), ([[287.0317760432619, 410.0213161820459], [459.7584014837198, 448.7467203875579], [404.9682239567381, 680.9786838179541], [232.2415985162802, 642.2532796124422]], '고', 0.23332802068881975)]
[([[238, 312], [324, 312], [324, 340], [238, 340]], '머리 돌아윗다', 0.17480319169669142), ([[452, 318], [492, 318], [492, 344], [452, 344]], '뛰야', 0.7366530334691491), ([[158.9127277988578, 599.2770928557738], [277.2496578884564, 519.2220646336011], [308.0872722011422, 577.7229071442262], [189.75034211154357, 658.7779353663989]], '자-시|', 0.0045868330635130405)]
[([[117, 57], [219, 57], [219, 99], [117, 99]], '주인남', 0.7993914075124895), ([[229, 57], [513, 57], [513, 97], [229, 97]], '연료가 바닥이에요', 0.6435947073003351), ([[111, 85], [223, 85], [223, 169], [111, 169]], '핸"록', 0.007662232733581551), ([[229, 89], [479, 89], [479, 133], [229, 133]], '행성에 착류해서', 0.6276898231427813), ([[117, 125], [185, 125], [185, 165], [117, 165]], '연료', 0.9900291908606043), ([[229, 123], [503, 123], [503, 167], [229, 167]], '보충해아켓드데요', 0.2652340186651754), ([[562, 302], [622, 302], [622, 326], [562, 326]], '장0', 0.03872220702285682), ([[563, 321], [611, 321], [611, 341], [563, 341]], '71:', 0.2234778504145602), ([[582, 334], [620, 334], [620, 358], [582, 358]], '509', 0.6101020509945012), ([[549, 405], [585, 405], [585, 419], [549, 419]], '03', 0.011634489994890253), ([[4, 400], [108, 400], [108, 450], [4, 450]], '사', 0.39221097250186077), ([[549, 419], [573, 419], [573, 431], [549, 431]], '9', 0.4114185545773239), ([[540, 488], [626, 488], [626, 516], [540, 516]], '774696654 ', 0.7351568045181236), ([[497, 541], [527, 541], [527, 555], [497, 555]], '(9', 0.15210430967391414), ([[523, 532], [630, 532], [630, 557], [523, 557]], "'형도|:?'", 0.0003689809301453751), ([[42, 686], [104, 686], [104, 712], [42, 712]], '(1`~', 0.024757344275712967), ([[66.14304661822948, 283.3576165455737], [168.3617124997981, 272.5555237638494], [170.85695338177052, 317.6423834544263], [68.6382875002019, 328.4444762361506]], '6969', 0.6214050980117211)]
[([[91, 143], [239, 143], [239, 185], [91, 185]], '다 죽엎스', 0.35736444857768235)]
[([[374, 310], [458, 310], [458, 386], [374, 386]], '모두', 0.9997467068371129), ([[357.18789204271775, 253.20793578368642], [470.15107416228483, 237.8848962229421], [475.81210795728225, 311.7920642163136], [362.84892583771517, 327.1151037770579]], '네놈들', 0.19893739504967076), ([[441.7095603064832, 300.2963291646362], [584.307243850932, 278.7460312807348], [591.2904396935168, 355.7036708353638], [448.69275614906803, 376.2539687192652]], '체포닷', 0.49082940265615294), ([[52.13783298880027, 865.2580814384015], [345.1419194507727, 811.8736670480745], [359.86216701119974, 951.7419185615985], [66.85808054922727, 1005.1263329519255]], '휴가약', 0.618279720435422)]
[([[88, 79], [455, 79], [455, 213], [88, 213]], '-가 개 좀 말려되', 0.14152543428945358), ([[102, 278], [176, 278], [176, 328], [102, 328]], '물부들_', 0.10528593510389328), ([[86, 302], [116, 302], [116, 332], [86, 332]], '낮', 0.23574096191638105), ([[332, 378], [372, 378], [372, 406], [332, 406]], '새', 0.22969485873986528)]
[]
[([[70, 14], [288, 14], [288, 294], [70, 294]], '크', 0.09545380822353255), ([[86, 300], [188, 300], [188, 426], [86, 426]], '0', 0.30874658664368226)]
[([[119, 61], [155, 61], [155, 101], [119, 101]], '망', 0.9999660256410472), ([[148, 56], [336, 56], [336, 136], [148, 136]], '항 영방익들', 0.2604676331491723), ([[117, 93], [155, 93], [155, 133], [117, 133]], '감', 0.9999992847443906), ([[193, 93], [413, 93], [413, 135], [193, 135]], '생명의 나무에', 0.9343943288590371), ([[117, 126], [343, 126], [343, 169], [117, 169]], '상처클 주다니:', 0.22309081608287248)]
[([[51, 660], [257, 660], [257, 703], [51, 703]], '생명의 나무?', 0.9958861629219167), ([[41, 1052], [254, 1052], [254, 1095], [41, 1095]], '판도라 행성의', 0.9944070761143483), ([[41, 1087], [179, 1087], [179, 1129], [41, 1129]], '원 주민인', 0.987239025571382), ([[39, 1121], [245, 1121], [245, 1161], [39, 1161]], '나비족이에요', 0.7335939921062938)]
[([[101, 99], [237, 99], [237, 137], [101, 137]], '큰머리에', 0.6026986837387085), ([[97, 131], [279, 131], [279, 173], [97, 173]], '강인한 턱선', 0.9749151023560675)]
[([[161, 123], [459, 123], [459, 165], [161, 165]], '거대한 근육질 몸매', 0.9993355689396742), ([[147, 295], [219, 295], [219, 357], [147, 357]], '우후', 0.502004333011435), ([[215, 311], [237, 311], [237, 329], [215, 329]], '~', 0.8269041573254334)]
[([[107, 123], [323, 123], [323, 165], [107, 165]], '꼬추가 귀여운', 0.8871572216888547), ([[105, 159], [425, 159], [425, 199], [105, 199]], '아담사이즈인걸 보아', 0.6437968884059113), ([[107, 193], [425, 193], [425, 233], [107, 233]], '나비족이 확실합니다', 0.8684657038071508), ([[140, 450], [188, 450], [188, 476], [140, 476]], '고추가', 0.464240609860469), ([[144, 478], [206, 478], [206, 508], [144, 508]], '꼬이내요6', 0.004354040358776888)]
[([[399, 137], [489, 137], [489, 175], [399, 175]], '그래?', 0.7139659523963928), ([[397, 167], [581, 167], [581, 211], [397, 211]], '가까운 긋이', 0.8260523278814726), ([[397, 203], [521, 203], [521, 243], [397, 243]], '어단데?', 0.9950503706932068), ([[34, 239], [229, 239], [229, 331], [34, 331]], '하 ~아', 0.7029503355707976), ([[58, 428], [154, 428], [154, 480], [58, 480]], '졸려.', 0.6281687754371307)]
[([[44, 46], [331, 46], [331, 99], [44, 99]], '네놈들은 성스러운', 0.6513478232117165), ([[45, 85], [261, 85], [261, 127], [45, 127]], '생명의 나무에', 0.8338020045560169), ([[345, 97], [527, 97], [527, 137], [345, 137]], '이논 커다란', 0.8270908321306282), ([[43, 119], [263, 119], [263, 162], [43, 162]], '상처클 입핏다', 0.1026526296248031), ([[347, 129], [517, 129], [517, 173], [347, 173]], '적대행위로', 0.9985860473227555), ([[347, 163], [597, 163], [597, 205], [347, 205]], '벌올 받아야한다', 0.562358874414191), ([[132, 231], [521, 231], [521, 295], [132, 295]], '네듬들올 모두 여행하다!', 0.16085193250453553)]
[([[279, 69], [485, 69], [485, 111], [279, 111]], '유감스럽지만', 0.9758284407423161), ([[281, 105], [575, 105], [575, 145], [281, 145]], '우리논 갈길이 머네', 0.7842692352334323), ([[158, 268], [220, 268], [220, 292], [158, 292]], '귀여운', 0.3630950647782275), ([[161, 287], [246, 287], [246, 318], [161, 318]], '교추 녀석물', 0.8570281092182505), ([[200, 440], [264, 440], [264, 492], [200, 492]], '가.', 0.0025340745567061416), ([[248, 462], [314, 462], [314, 514], [248, 514]], '메시1', 0.0895247336986547), ([[425, 457], [537, 457], [537, 601], [425, 601]], '응', 0.9725910961024056)]
[([[105, 93], [407, 93], [407, 157], [105, 157]], '웬 썩올 것들이', 0.559010430063827), ([[105, 147], [401, 147], [401, 211], [105, 211]], '경찰을 값나??', 0.3926408848857008), ([[365, 369], [553, 369], [553, 557], [365, 557]], '{퍽', 0.5650815751459045)]
[([[92, 73], [383, 73], [383, 127], [92, 127]], '공무집행방해로!!', 0.5368276799965581), ([[89, 118], [358, 118], [358, 168], [89, 168]], '네놈들도 체포!!', 0.4672031311575381), ([[238.39527057362662, 487.162164589013], [359.8070955641253, 397.0155153327424], [491.60472942637335, 608.837835410987], [371.1929044358747, 698.9844846672576]], '확', 0.4541147108444079)]
[([[182, 334], [334, 334], [334, 492], [182, 492]], '척', 0.33622832448260453)]
[([[267.09129974156355, -10.98667881268204], [685.65555571723, 151.39164848695236], [583.9087002584364, 391.98667881268204], [165.34444428277004, 229.60835151304764]], '방엇', 0.0076979609419796325)]
[]
[([[56, 470], [152, 470], [152, 520], [56, 520]], '자꾸 싸', 0.004779063165187836)]
[([[107, 97], [205, 97], [205, 137], [107, 137]], '항복~', 0.5882310271263123), ([[265, 153], [439, 153], [439, 195], [265, 195]], '개노무영감', 0.9959709982436598), ([[266, 180], [608, 180], [608, 228], [266, 228]], '포스가 어쩌구 하더니.', 0.8874904465211437), ([[54, 541], [152, 541], [152, 592], [54, 592]], '-밑 싸로', 0.00022576138009057538), ([[141, 573], [155, 573], [155, 595], [141, 595]], '부', 0.999963283875843)]
[([[177, 56], [594, 56], [594, 213], [177, 213]], '-4', 0.006059255239395262), ([[123, 185], [594, 185], [594, 332], [123, 332]], '꿈장:5', 0.0013233621139079332), ([[232, 342], [374, 342], [374, 396], [232, 396]], '아바다', 0.5772480458861362), ([[392, 344], [480, 344], [480, 394], [392, 394]], '003', 0.8668177723884583), ([[358, 640], [408, 640], [408, 746], [358, 746]], '7', 0.11232646369860877)]
[([[209, 67], [385, 67], [385, 109], [209, 109]], '165도 방향', 0.6908419826055219), ([[211, 103], [427, 103], [427, 141], [211, 141]], '한시간 지점에', 0.7951030963599635), ([[217, 135], [403, 135], [403, 177], [217, 177]], "판도라' 라는", 0.6507063302251453), ([[211, 171], [313, 171], [313, 211], [211, 211]], '행성이', 0.9986556146889519), ([[211, 203], [347, 203], [347, 245], [211, 245]], '있든데요', 0.26543378829956055), ([[532.2111456180002, 620.4222912360003], [621.5415916113518, 611.1406644040403], [623.7888543819998, 647.5777087639997], [534.4584083886482, 656.8593355959597]], "'[물4", 0.3201235830783844)]
[]
[([[508, 310], [576, 310], [576, 342], [508, 342]], '1어~', 0.03871709150755877), ([[509, 341], [579, 341], [579, 381], [509, 381]], '왕섭', 0.3893189496461333), ([[406, 730], [442, 730], [442, 754], [406, 754]], '메""', 0.05879699895281556), ([[63, 953], [269, 953], [269, 991], [63, 991]], '이쁘마들이네', 0.2828229520467538)]
[([[439, 95], [579, 95], [579, 269], [439, 269]], '3', 0.030808432669204855), ([[293, 649], [331, 649], [331, 687], [293, 687]], '크', 0.9980034075265145), ([[62.15213584645426, 95.02767845075014], [159.35116357881193, 80.74980100119102], [182.84786415354574, 273.97232154924984], [85.64883642118807, 288.25019899880897]], '류', 0.11793461415392414)]
[([[119, 83], [185, 83], [185, 123], [119, 123]], '들의', 0.9956507760689757), ([[127, 115], [167, 115], [167, 157], [127, 157]], '무', 0.9999964237245109), ([[195, 117], [233, 117], [233, 187], [195, 187]], '다', 0.5474435321060724), ([[229, 151], [267, 151], [267, 191], [229, 191]], '틀', 0.9904876551761532), ([[37, 73], [210, 73], [210, 335], [37, 335]], '#:', 0.1707810393199469), ([[195, 185], [233, 185], [233, 255], [195, 255]], '다', 0.6184740218766507), ([[149, 283], [223, 283], [223, 325], [149, 325]], '보라', 0.9871058851327725)]
[([[354, 88], [394, 88], [394, 120], [354, 120]], '아', 0.9996524159205933), ([[419, 83], [497, 83], [497, 123], [419, 123]], '씨바.', 0.9580979645390998), ([[351, 117], [457, 117], [457, 159], [351, 159]], '쫓뒷네', 0.22714773860050086), ([[46, 236], [78, 236], [78, 266], [46, 266]], '호', 0.41968379838488445)]
[([[479, 243], [583, 243], [583, 283], [479, 283]], '위대한', 0.9996704018847581), ([[477, 277], [583, 277], [583, 317], [477, 317]], '나비족', 0.9877630588743882), ([[31, 301], [45, 301], [45, 327], [31, 327]], '3', 0.8599761146952147), ([[479, 309], [581, 309], [581, 351], [479, 351]], '즉장님', 0.948534449903895)]
[([[109, 59], [325, 59], [325, 101], [109, 101]], '이용은 우주의', 0.5236373952132648), ([[329, 55], [445, 55], [445, 141], [329, 141]], '평:와', 0.005597441665163058), ([[335, 63], [371, 63], [371, 103], [335, 103]], '평', 0.9998127309743587), ([[447, 59], [551, 59], [551, 101], [447, 101]], '균형올', 0.8938088152963966), ([[141, 93], [327, 93], [327, 135], [141, 135]], '위해 살아온', 0.947443535195749), ([[437, 95], [505, 95], [505, 135], [437, 135]], '스터', 0.7261141175583216), ([[209, 128], [429, 128], [429, 167], [209, 167]], '제다이 올시다', 0.9143942246368827), ([[34, 294], [182, 294], [182, 448], [34, 448]], '위', 0.8842966774352625), ([[460, 282], [584, 282], [584, 456], [460, 456]], '풍', 0.3398560632684031), ([[74, 622], [202, 622], [202, 766], [74, 766]], '당', 0.9380964276761574), ([[476, 606], [620, 606], [620, 754], [476, 754]], '당', 0.9931534103907893), ([[279.4871464448379, 575.4665807565785], [410.94183706709333, 556.299382177512], [416.5128535551621, 614.5334192434215], [285.05816293290667, 634.700617822488]], '[가:?새', 0.00962850968238111)]
[([[89, 93], [145, 93], [145, 129], [89, 129]], '뭐?', 0.5957372356307968), ([[483, 93], [555, 93], [555, 131], [483, 131]], '싸운', 0.9991497510929087), ([[87, 123], [213, 123], [213, 163], [87, 163]], '제다이?', 0.8876508630974519), ([[333, 89], [483, 89], [483, 173], [333, 173]], '정화국과', 0.340501993894577), ([[482, 122], [591, 122], [591, 167], [482, 167]], '수호자', 0.9953553124252364), ([[337, 159], [469, 159], [469, 199], [337, 199]], '제다이!!', 0.9514158967800127)]
[([[82, 59], [545, 59], [545, 101], [82, 101]], '자네가 진정 제다이란 말인가?', 0.9468421194754422)]
[([[425, 67], [461, 67], [461, 103], [425, 103]], '요', 0.9995247690370981), ([[425, 99], [491, 99], [491, 137], [425, 137]], '다이', 0.9994348575458603), ([[389, 67], [427, 67], [427, 239], [389, 239]], '출', 0.03556926443729935), ([[420, 126], [500, 126], [500, 210], [420, 210]], '곧리', 0.26711423653475624), ([[458, 166], [490, 166], [490, 202], [458, 202]], '티', 0.8141719660731184), ([[488, 128], [574, 128], [574, 208], [488, 208]], '왼는', 0.2673855917638211), ([[421, 197], [561, 197], [561, 239], [421, 239]], '없장아요', 0.5994337201118469), ([[164, 484], [196, 484], [196, 560], [164, 560]], '불', 0.45305814652243726), ([[215.02977685874006, 438.402977685874], [300.46982298348763, 394.10507114829426], [322.9702231412599, 438.597022314126], [237.5301770165124, 482.89492885170574]], "'괜타내 ", 0.03187569341872478)]
[([[90, 82], [198, 82], [198, 120], [90, 120]], '판도라', 0.9979605658599745), ([[295, 73], [331, 73], [331, 113], [295, 113]], '흙', 0.9196678365882782), ([[369, 71], [477, 71], [477, 114], [369, 114]], '그곳에', 0.9672107413204099), ([[291, 105], [545, 105], [545, 147], [291, 147]], '자원 채취름 위한', 0.5902474445544337), ([[296, 140], [328, 140], [328, 180], [296, 180]], '인', 0.9999661448483153), ([[359, 139], [397, 139], [397, 181], [359, 181]], '들', 0.9993728190882081), ([[437, 139], [545, 139], [545, 179], [437, 179]], '기지가', 0.9985546665375421), ([[296, 176], [328, 176], [328, 214], [296, 214]], '잎', 0.9292966637650721), ([[329, 141], [365, 141], [365, 215], [329, 215]], '탓', 0.01875788235816267), ([[364, 176], [396, 176], [396, 214], [364, 214]], '던', 0.31249840981795174), ([[392, 138], [550, 138], [550, 218], [392, 218]], '윗 갈질가', 0.05027237924079756), ([[334, 738], [432, 738], [432, 838], [334, 838]], '째', 0.1351338966955531), ([[449, 779], [493, 779], [493, 825], [449, 825]], '[', 0.024348671620547435)]
[([[139, 75], [177, 75], [177, 113], [139, 113]], '이', 0.9995918690437975), ([[70, 72], [150, 72], [150, 254], [70, 254]], '겨', 0.0016461260820064272), ([[143, 107], [179, 107], [179, 183], [143, 183]], '말', 0.6657912889410831), ([[153, 177], [191, 177], [191, 213], [153, 213]], '진', 0.999861006798497), ([[177, 77], [213, 77], [213, 179], [177, 179]], '들', 0.14943572485204815), ([[185, 173], [289, 173], [289, 215], [185, 215]], '실만을', 0.4206527414429146), ([[109, 207], [213, 207], [213, 249], [109, 249]], '합니다', 0.9917198733538624), ([[285, 257], [593, 257], [593, 302], [285, 302]], '이 모든 불행한 일은', 0.6983549467985019), ([[287, 293], [507, 293], [507, 335], [287, 335]], '심히 유감이나', 0.7757080884207413), ([[287, 327], [471, 327], [471, 369], [287, 369]], '이일은 사실', 0.998008836973365), ([[90.86862915010153, 707.0804040507106], [176.0200426978358, 722.1634650372292], [161.13137084989847, 792.9195959492894], [75.9799573021642, 776.8365349627708]], '[올', 0.00834499747371978)]
[([[99, 47], [329, 47], [329, 89], [99, 89]], '재 때문이에요!', 0.6291983837695537), ([[281, 103], [355, 103], [355, 145], [281, 145]], '재가', 0.9705901871413715), ([[283, 137], [491, 137], [491, 181], [283, 181]], '다 나빠어요!!', 0.3842331315141351)]
[([[45, 67], [263, 67], [263, 110], [45, 110]], '재가 우주선도', 0.7032984694078305), ([[273, 67], [421, 67], [421, 107], [273, 107]], '막 뻗개고', 0.3488412439426075), ([[47, 101], [411, 101], [411, 143], [47, 143]], '생명의 나무도 들이박고', 0.9973000339122626), ([[49, 135], [507, 135], [507, 177], [49, 177]], '나비족 전사한데도 개끗어요~', 0.5858256528831898), ([[51, 217], [371, 217], [371, 260], [51, 260]], '재는 우주경찰이에요', 0.8291268909997129), ([[51, 249], [375, 249], [375, 293], [51, 293]], '제국군과 한통속이조', 0.8624698655146303), ([[71, 333], [255, 333], [255, 375], [71, 375]], '완전 나쁘논', 0.4755135073347675), ([[33, 501], [73, 501], [73, 539], [33, 539]], '아', 0.991957330888372), ([[33, 531], [141, 531], [141, 575], [33, 575]], '찌질해', 0.9858033075143475)]
[([[57, 76], [160, 76], [160, 116], [57, 116]], '허허히', 0.6655212640762329), ([[57, 111], [421, 111], [421, 153], [57, 153]], '나도 예전에 제다이들과', 0.6995743198908567), ([[55, 144], [533, 144], [533, 187], [55, 187]], '제국군과 싸원단 시절이 있,지', 0.2474121961200257), ([[59, 477], [133, 477], [133, 519], [59, 519]], '아입-', 0.6729588034330132), ([[131, 491], [179, 491], [179, 507], [131, 507]], '~ -', 0.4437571395561975), ([[14, 738], [138, 738], [138, 841], [14, 841]], '살량', 0.1525232370877154), ([[321, 815], [435, 815], [435, 903], [321, 903]], '살량', 0.23246253272559694), ([[148.55675779282205, 746.0497342884171], [164.34303884947772, 752.5180260971281], [147.44324220717795, 793.9502657115829], [132.65696115052228, 787.4819739028719]], '8', 0.748740582347839)]
[([[119, 63], [383, 63], [383, 105], [119, 105]], '저 제국군 앞잡이', 0.9878105156378896), ([[121, 97], [326, 97], [326, 139], [121, 139]], '우주경 찰논올', 0.5598072108569312), ([[119, 131], [407, 131], [407, 173], [119, 173]], '징벌방에 가두어라', 0.7331777302906691), ([[430, 794], [482, 794], [482, 824], [430, 824]], '엉?', 0.32482008672867907)]
[([[36, 138], [280, 138], [280, 176], [36, 176]], '네 . 네들 뭐야??', 0.8942151205777561), ([[483, 147], [523, 147], [523, 187], [483, 187]], '재', 0.8698890005689783), ([[441, 181], [582, 181], [582, 224], [441, 224]], '큰일낫다', 0.9507570266723633)]
[([[70, 92], [130, 92], [130, 124], [70, 124]], '야!', 0.9493143439364278), ([[67, 119], [139, 119], [139, 159], [67, 159]], '이거', 0.9896623471236092), ([[149, 123], [257, 123], [257, 161], [149, 161]], '안놔??', 0.5691522398440825), ([[69, 153], [139, 153], [139, 195], [69, 195]], '당장', 0.9999671256164323), ([[149, 153], [253, 153], [253, 193], [149, 193]], '내려놔', 0.7489840367756796), ([[363, 187], [467, 187], [467, 227], [363, 227]], '네놈들', 0.576023817455461), ([[363, 218], [545, 218], [545, 262], [363, 262]], '모두 체포해', 0.66784427713303), ([[365, 257], [527, 257], [527, 295], [365, 295]], '버월테다!!', 0.24315299436565901), ([[81, 454], [274, 454], [274, 579], [81, 579]], '뼈똑', 0.003083838796233645)]
[([[78, 425], [274, 425], [274, 553], [78, 553]], '팬표', 0.07128455417270921), ([[383, 443], [477, 443], [477, 535], [383, 535]], '(', 0.06822012122655963)]
[([[81, 427], [272, 427], [272, 553], [81, 553]], '름품', 0.002694052251060488)]
[([[81, 427], [272, 427], [272, 553], [81, 553]], '름품', 0.0027537391758444864), ([[314.1498374172081, 95.0329026819846], [536.8807273224241, 151.38452083422524], [508.8501625827919, 245.9670973180154], [286.11927267757585, 188.61547916577476]], '아아아아야양', 0.14007959245391985)]
[([[77, 387], [165, 387], [165, 425], [77, 425]], '0*!!', 0.18890084326267242), ([[71, 413], [217, 413], [217, 498], [71, 498]], '묶동해록', 0.052316341549158096), ([[79, 486], [247, 486], [247, 527], [79, 527]], '얼데란으로', 0.6560441465116436), ([[75, 519], [173, 519], [173, 561], [75, 561]], '간다!!', 0.8582733869552612)]
[([[177, 56], [594, 56], [594, 213], [177, 213]], '94', 0.009946441241065779), ([[123, 185], [594, 185], [594, 332], [123, 332]], '꿈장:5', 0.0010978226782754064), ([[232, 342], [372, 342], [372, 394], [232, 394]], '아바다', 0.45704417601971575), ([[392, 344], [480, 344], [480, 394], [392, 394]], '004', 0.9999942874844068), ([[311, 737], [363, 737], [363, 751], [311, 751]], '나이+', 0.027385556563724104), ([[34, 762], [138, 762], [138, 804], [34, 804]], '결결철', 0.010812856957746784), ([[87, 881], [237, 881], [237, 919], [87, 919]], '0 제다이', 0.5977923658640792), ([[121, 915], [225, 915], [225, 957], [121, 957]], '행들올', 0.37843048058803636), ([[243, 915], [315, 915], [315, 953], [243, 953]], '위해', 0.9968559460027845), ([[90, 916], [122, 916], [122, 990], [90, 990]], '왕', 0.03834630256882576), ([[121, 949], [303, 949], [303, 989], [121, 989]], '대히 연회틀', 0.2716017793999558), ([[89, 981], [227, 981], [227, 1023], [89, 1023]], '베풀어라', 0.956266462802887)]
[([[118, 102], [398, 102], [398, 222], [118, 222]], '헤호', 0.007041817410288111), ([[253, 547], [342, 547], [342, 585], [253, 585]], '꼬미시', 0.0011252716757096646)]
[([[138, 720], [262, 720], [262, 870], [138, 870]], '[왜', 0.12033834039896749), ([[367.2613725481261, 78.21935293769168], [504.05004640317344, 65.47907135553021], [506.7386274518739, 130.7806470623083], [369.94995359682656, 143.5209286444698]], '(', 0.3679896489089174), ([[103.08053530324713, 97.10871066857479], [365.04975769961897, 70.42898602122025], [369.91946469675287, 218.8912893314252], [107.95024230038102, 245.57101397877975]], '오예', 0.9999300369483246), ([[256.0207836274907, 715.0239860008106], [588.5593898185626, 795.825042524108], [540.9792163725093, 958.9760139991894], [207.44061018143734, 877.174957475892]], '고@', 0.003438026987935484)]
[([[22, 47], [198, 47], [198, 156], [22, 156]], '국', 0.9396797137229704), ([[554, 152], [632, 152], [632, 250], [554, 250]], '작', 0.38523963532094285), ([[13, 267], [171, 267], [171, 380], [13, 380]], '젊다', 0.07788326817055533), ([[340, 322], [374, 322], [374, 348], [340, 348]], '{', 0.012132162869131824), ([[388, 318], [416, 318], [416, 344], [388, 344]], '50', 0.9845727580455191), ([[263, 419], [349, 419], [349, 455], [263, 455]], '마서!', 0.5805578034845708), ([[443, 461], [527, 461], [527, 501], [443, 501]], '부어!', 0.990314848200494), ([[284, 780], [437, 780], [437, 822], [284, 822]], '죽어버려!', 0.988876372024766), ([[515.3935926854462, 120.02631588263021], [573.2281343563238, 131.42121161318389], [551.6064073145538, 248.97368411736977], [492.7718656436762, 237.57878838681611]], '콩', 0.974209335058962), ([[363.4789396203098, 353.41419735452666], [417.55310803839905, 348.42467801886016], [419.5210603796902, 375.58580264547334], [365.44689196160095, 380.57532198113984]], '9.산', 0.010235035412740685)]
[([[37, 67], [256, 67], [256, 112], [37, 112]], '제국군과 맞서', 0.7439196788896083), ([[39, 105], [211, 105], [211, 143], [39, 143]], '싸우기위해', 0.9903571237860523), ([[41, 139], [211, 139], [211, 179], [41, 179]], '얼데란으로', 0.7008248119406025), ([[39, 170], [298, 170], [298, 212], [39, 212]], '찾아가신다구요?', 0.9665230223347301), ([[343, 241], [557, 241], [557, 281], [343, 281]], '위험한 모험올', 0.6422175787036656), ([[341, 275], [559, 275], [559, 313], [341, 313]], '하고 계시군요', 0.9940150116433094), ([[30, 270], [202, 270], [202, 418], [30, 418]], '콜락', 0.007274208991624506), ([[472, 467], [648, 467], [648, 627], [472, 627]], '콩', 0.05130040250677226), ([[253, 893], [321, 893], [321, 929], [253, 929]], '허히', 0.8883454278538497), ([[253, 923], [535, 923], [535, 965], [253, 965]], '정의름 위해서라면', 0.8659275800843789), ([[255, 955], [503, 955], [503, 999], [255, 999]], '목숨이 아깝켓소', 0.5712022278876936)]
[([[81, 45], [185, 45], [185, 83], [81, 83]], '하하하', 0.9998053639802933), ([[78, 72], [332, 72], [332, 121], [78, 121]], '정말 대단하시오', 0.9829603982820102), ([[487, 191], [593, 191], [593, 231], [487, 231]], '하하하', 0.9995270460448513), ([[489, 225], [593, 225], [593, 265], [489, 265]], '압니다', 0.8886575429660258), ([[291, 681], [439, 681], [439, 721], [291, 721]], '내가 정말', 0.8363854573824689), ([[289, 715], [497, 715], [497, 755], [289, 755]], '대단하긴하조', 0.9982065031742766)]
[([[33, 111], [537, 111], [537, 297], [33, 297]], '빠밤~', 0.8758052385093273)]
[([[54, 162], [264, 162], [264, 240], [54, 240]], '온스공연이요', 0.4047246185833674), ([[395, 119], [575, 119], [575, 255], [395, 255]], '패스', 0.08114144054336003), ([[55, 229], [159, 229], [159, 271], [55, 271]], '즐겁게', 0.87171870470047), ([[55, 263], [225, 263], [225, 305], [55, 305]], '감상하시길', 0.9992605833902201), ([[253, 311], [323, 311], [323, 349], [253, 349]], '오예-', 0.44382426142692566), ([[209, 415], [295, 415], [295, 523], [209, 523]], '콩', 0.14637412435654884), ([[56, 870], [230, 870], [230, 998], [56, 998]], '공스', 0.20181230596559233), ([[484, 922], [562, 922], [562, 1024], [484, 1024]], '꿈', 0.23993134352446077)]
[([[14, 54], [232, 54], [232, 204], [14, 204]], '냉상', 0.0018114425878238032), ([[377, 99], [577, 99], [577, 259], [377, 259]], '꿈&', 0.010702190343934232), ([[430, 414], [609, 414], [609, 555], [430, 555]], '%필', 0.02117414575871759), ([[157, 773], [281, 773], [281, 861], [157, 861]], '젓신', 0.011456413126705678)]
[([[125, 63], [231, 63], [231, 103], [125, 103]], '사람은', 0.8318942257952288), ([[83, 63], [119, 63], [119, 139], [83, 139]], '절', 0.17135714074498765), ([[115, 97], [185, 97], [185, 137], [115, 137]], '통의', 0.9999742062261461), ([[83, 129], [253, 129], [253, 171], [83, 171]], '나비쪽과는', 0.3706326425786631), ([[475, 93], [619, 93], [619, 203], [475, 203]], '팬', 0.6465560682672198), ([[83, 163], [185, 163], [185, 205], [83, 205]], '다르게', 0.6949702501296997), ([[83, 197], [221, 197], [221, 239], [83, 239]], '생격네요', 0.7665422558784485), ([[239, 663], [389, 663], [389, 777], [239, 777]], ')4', 0.02388909748169541)]
[([[428, 456], [604, 456], [604, 698], [428, 698]], '토', 0.00716134998015866), ([[46.8740736173598, 116.10295825880596], [159.68290057482588, 6.0106014906068275], [373.1259263826402, 262.897041741194], [261.31709942517415, 371.9893985093932]], '출', 0.5460617463487694)]
[([[61, 49], [201, 49], [201, 91], [61, 91]], '저사람은', 0.7800614280867747), ([[97, 83], [243, 83], [243, 125], [97, 125]], '원올 채취', 0.6023461639187095), ([[56, 78], [184, 78], [184, 230], [56, 230]], '스#', 0.004010006380751146), ([[175, 151], [277, 151], [277, 193], [175, 193]], '성인의', 0.9997342005925616), ([[97, 185], [245, 185], [245, 225], [97, 225]], '바타 이오', 0.6655363267281482), ([[365, 189], [499, 189], [499, 227], [365, 227]], '우리와의', 0.9768578434752562), ([[363, 219], [499, 219], [499, 261], [363, 261]], '화친위해', 0.9481594762141854), ([[363, 255], [581, 255], [581, 295], [363, 295]], '아바타틀 보내', 0.3837301168986494), ([[365, 287], [613, 287], [613, 329], [365, 329]], '함께 살고있지요', 0.7280352336582852), ([[397, 375], [593, 375], [593, 511], [397, 511]], '핑', 0.2805655894523085)]
[([[385, 79], [489, 79], [489, 117], [385, 117]], '하지만', 0.9997743933703132), ([[387, 111], [601, 111], [601, 153], [387, 153]], '우리 나비족은', 0.5540277089245662), ([[417, 145], [455, 145], [455, 185], [417, 185]], '욕', 0.9993985603845346), ([[422, 182], [454, 182], [454, 218], [422, 218]], '즉', 0.8364688736149652), ([[448, 144], [526, 144], [526, 222], [448, 222]], '혀겪', 0.003432619277824523), ([[419, 213], [567, 213], [567, 255], [419, 255]], '헌 천박한', 0.5910876552736019), ([[385, 147], [421, 147], [421, 357], [385, 357]], '1', 0.008735316336072607), ([[413, 243], [503, 243], [503, 327], [413, 327]], "'매위", 0.061850481979559786), ([[505, 281], [613, 281], [613, 323], [505, 323]], '좋다고', 0.9947997073543151), ([[419, 315], [557, 315], [557, 355], [419, 355]], '수없지요', 0.8362884997463591)]
[([[78, 52], [258, 52], [258, 224], [78, 224]], '오', 0.9979829241131064), ([[322, 78], [603, 78], [603, 222], [322, 222]], "예'", 0.24798200889005534), ([[50, 250], [214, 250], [214, 374], [50, 374]], '대사', 0.008172965927978337), ([[453, 233], [563, 233], [563, 353], [453, 353]], '셈', 0.005053694579620904), ([[577, 577], [637, 577], [637, 715], [577, 715]], '밝', 0.016115181554149594), ([[73, 967], [249, 967], [249, 1101], [73, 1101]], '딴', 0.3746559089851331), ([[474, 932], [626, 932], [626, 1106], [474, 1106]], '밑', 0.1199333749612217)]
[([[397, 225], [585, 225], [585, 265], [397, 265]], '매력 없다매', 0.9980002706440114), ([[511, 605], [590, 605], [590, 647], [511, 647]], '(5.041', 0.00273117546050095), ([[463, 665], [641, 665], [641, 703], [463, 703]], '꼬추뇨 헬히 귀엽구려 "', 0.03227244347810136)]
[([[177, 56], [594, 56], [594, 213], [177, 213]], '94', 0.006968822563694751), ([[123, 185], [594, 185], [594, 332], [123, 332]], '꿈장:5', 0.0009174411534331739), ([[232, 342], [374, 342], [374, 396], [232, 396]], '아바다', 0.4707907670087968), ([[392, 344], [480, 344], [480, 394], [392, 394]], '005', 0.9999959392956953), ([[262.8834409320689, 601.2055487535513], [565.2356171720468, 577.9710868578113], [565.1165590679311, 673.7944512464487], [262.76438282795317, 697.0289131421887]], '오르럭-', 0.2911965329111686)]
[([[181, 61], [263, 61], [263, 97], [181, 97]], '루크!', 0.7058607862698223), ([[303, 55], [383, 55], [383, 93], [303, 93]], '루크!', 0.6056063762564567), ([[397, 117], [503, 117], [503, 153], [397, 153]], '일어나', 0.9950768168942528), ([[86, 138], [188, 138], [188, 216], [86, 216]], '운들', 0.28104541288620694), ([[176.4814867952694, 183.16669057871232], [266.47976278329276, 177.64429112097244], [268.5185132047306, 241.83330942128768], [177.52023721670724, 248.35570887902756]], '꿀', 0.0858373242781596), ([[544.9230627620734, 402.19996318139084], [564.5665421809504, 389.0539806590581], [592.0769372379266, 433.80003681860916], [572.4334578190496, 446.9460193409419]], '틀', 0.8933478785245974), ([[33.39413681728343, 658.2188925422204], [130.95613014248357, 649.618170020423], [132.60586318271658, 705.7811074577796], [36.04386985751644, 714.381829979577]], '요전', 0.01030287170174667)]
[([[261, 81], [433, 81], [433, 123], [261, 123]], '조용히하고', 0.99963556666309), ([[261, 115], [365, 115], [365, 155], [261, 155]], '따라와', 0.9954095820956036)]
[([[41, 111], [271, 111], [271, 151], [41, 151]], '왜 잠도 안자고', 0.5240195008589539), ([[343, 103], [445, 103], [445, 141], [343, 141]], '여기서', 0.9980972860144584), ([[41, 145], [227, 145], [227, 185], [41, 185]], '깨우고 그래', 0.8692325096136887), ([[339, 131], [414, 131], [414, 176], [339, 176]], '나갈', 0.2929046723350329), ([[416, 132], [604, 132], [604, 210], [416, 210]], '발발따맑러', 0.0107803529282957), ([[45, 179], [115, 179], [115, 219], [45, 219]], '영감', 0.9995504070276385), ([[345, 169], [459, 169], [459, 209], [345, 209]], '잔말 말', 0.9795739454464432), ([[497, 165], [605, 165], [605, 207], [497, 207]], '따라와', 0.9884031396561378), ([[70, 384], [114, 384], [114, 408], [70, 408]], "아'", 0.4910837393766638), ([[506, 418], [608, 418], [608, 466], [506, 466]], '바지나입어', 0.7971004594588934), ([[507, 471], [605, 471], [605, 509], [507, 509]], '데러워 진자', 0.2367495258180286), ([[61.263428220882034, 409.31125619638146], [136.1700951759826, 403.2413216528115], [137.73657177911798, 445.68874380361854], [62.8299048240174, 451.7586783471885]], '속쓰려.', 0.5898866653442383)]
[([[301, 75], [463, 75], [463, 115], [301, 115]], '여기앗군!!', 0.5139039084249484), ([[90, 189], [272, 189], [272, 238], [90, 238]], '2 아까 그램서씨', 0.19554842724697657), ([[284, 368], [359, 368], [359, 401], [284, 401]], '-카묘4사', 5.225887739027329e-05)]
[([[203, 93], [239, 93], [239, 131], [203, 131]], '보', 0.6265749621015893), ([[166, 92], [242, 92], [242, 166], [166, 166]], '이화', 0.6200610513149345), ([[361, 117], [499, 117], [499, 157], [361, 157]], '일어나화', 0.39985063672065735), ([[33, 389], [119, 389], [119, 499], [33, 499]], '흔', 0.37600525973699916), ([[561, 355], [625, 355], [625, 451], [561, 451]], '들', 0.9978152538417397), ([[520.3970077642288, 338.03037686586504], [571.1953660940483, 343.92165031481613], [560.6029922357712, 448.96962313413496], [508.80463390595173, 443.07834968518387]], '흔', 0.26755070870036946), ([[450.7131418553622, 350.0206788019993], [472.02040382662983, 355.2798906922526], [456.2868581446378, 422.9793211980007], [434.97959617337017, 417.7201093077474]], '틀', 0.27997241938976813), ([[93.72614048940304, 398.10207103429883], [149.09063871812847, 375.07469198159976], [187.27385951059696, 475.89792896570117], [131.90936128187153, 499.92530801840024]], '들', 0.7572589200662831)]
[([[475, 415], [545, 415], [545, 457], [475, 457]], '행성', 0.9993887568387353), ([[475, 449], [581, 449], [581, 489], [475, 489]], '판도라', 0.9994293894672462)]
[([[165, 63], [239, 63], [239, 99], [165, 99]], '어이', 0.9985848337066136), ([[294, 94], [366, 94], [366, 126], [294, 126]], '어이', 0.9956499342075471), ([[477, 284], [612, 284], [612, 511], [477, 511]], '퍽', 0.8999044843577053)]
[([[229, 97], [379, 97], [379, 133], [229, 133]], '어이 어이', 0.9538311419491963), ([[227, 128], [538, 128], [538, 169], [227, 169]], '일어나보 일어나보~', 0.583899170126448)]
[([[284, 174], [310, 174], [310, 202], [284, 202]], '0', 0.999956131462568), ([[393, 167], [561, 167], [561, 209], [393, 209]], '안일어나~', 0.869773673753178), ([[284, 206], [308, 206], [308, 236], [284, 236]], '0', 0.9999687674100102), ([[309, 163], [393, 163], [393, 247], [309, 247]], "'태돈", 0.02985026227051797), ([[315, 201], [353, 201], [353, 241], [315, 241]], '대', 0.464939358991856), ([[393, 201], [559, 201], [559, 241], [393, 241]], '안일어나~', 0.9985976712752249), ([[133, 277], [223, 277], [223, 317], [133, 317]], '법태명강행이', 0.015110913062282206), ([[141, 315], [225, 315], [225, 351], [141, 351]], '개버릇 납주#', 0.11127758625517165), ([[236, 334], [280, 334], [280, 366], [236, 366]], '부들', 0.9980374486225879), ([[21, 564], [125, 564], [125, 640], [21, 640]], '(물', 0.16107630993191488), ([[236, 612], [314, 612], [314, 668], [236, 668]], '주물', 0.9430602476184239)]
[([[267, 145], [439, 145], [439, 185], [267, 185]], '안일어나지', 0.9995972181510467), ([[267, 179], [437, 179], [437, 219], [267, 219]], '안일어나지', 0.9997019805940797), ([[318, 280], [476, 280], [476, 406], [318, 406]], '쩍', 0.1907307217998664), ([[89, 883], [316, 883], [316, 928], [89, 928]], '저라다 또 맞지', 0.9366773143525249), ([[290.1135155856441, 462.09946857683417], [351.9534867906025, 482.3917712629842], [340.8864844143559, 513.9005314231658], [279.0465132093975, 493.6082287370158]], "나('", 0.006229605309634349)]
[([[195, 89], [465, 89], [465, 131], [195, 131]], '일어나 보아요~~', 0.9919923745379225), ([[82, 726], [182, 726], [182, 806], [82, 806]], '밖', 0.26538162137331156), ([[504, 686], [608, 686], [608, 786], [504, 786]], '북비', 0.15917192566492408), ([[116.43681886092946, 265.24259206358005], [254.3463872511826, 192.76010059735688], [286.56318113907054, 263.75740793641995], [147.6536127488174, 337.2398994026431]], '부들부들', 0.9835524559020996)]
[([[249, 69], [371, 69], [371, 109], [249, 109]], '뭐하나..', 0.9395655475280992), ([[318.5857864376269, 602.5857864376269], [363.553511497439, 592.7403960831575], [368.4142135623731, 615.4142135623731], [323.446488502561, 625.2596039168425]], '이보', 0.01384980880894241)]
[([[59, 83], [161, 83], [161, 121], [59, 121]], '어히히', 0.4281013619100117), ([[57, 113], [321, 113], [321, 155], [57, 155]], '자네 아바다 라매', 0.6530456035945387), ([[125, 181], [161, 181], [161, 219], [125, 219]], '네', 0.9941738122501), ([[421, 181], [511, 181], [511, 219], [421, 219]], '뭐여?', 0.9749902266137856), ([[91, 181], [129, 181], [129, 285], [91, 285]], '잘', 0.6915370652814659), ([[421, 215], [557, 215], [557, 251], [421, 251]], '내가 왜?', 0.9887161645133872), ([[92, 280], [124, 280], [124, 318], [92, 318]], '데', 0.9989636246757527), ([[111, 200], [281, 200], [281, 365], [111, 365]], '닭"#', 0.008341351956463766), ([[91, 313], [127, 313], [127, 355], [91, 355]], '않', 0.606774393797437), ([[193, 325], [219, 325], [219, 341], [193, 341]], '~', 0.9674980794227537), ([[499, 467], [585, 467], [585, 507], [499, 507]], '넘어가네', 0.9991887211799622), ([[536, 506], [576, 506], [576, 530], [536, 530]], '시키', 0.9995282407770809), ([[16, 638], [68, 638], [68, 690], [16, 690]], '붓들', 0.22089530435429375), ([[118, 722], [221, 722], [221, 773], [118, 773]], '청.지4', 0.0006449871580116451), ([[499.9074644389062, 417.10030797009324], [590.692099788303, 433.10263340389895], [580.0925355610939, 482.89969202990676], [489.3079002116969, 466.89736659610105]], '얼정중땅', 0.2234037220478058)]
[([[49, 92], [178, 92], [178, 130], [49, 130]], '허히~참', 0.9591361880302429), ([[49, 125], [455, 125], [455, 167], [49, 167]], '어려운 처지의 사람을 보면', 0.42609252645877416), ([[49, 159], [185, 159], [185, 199], [49, 199]], '도와가다', 0.3207411468029022), ([[195, 163], [333, 163], [333, 201], [195, 201]], '살아야지', 0.9448731289339611), ([[391, 265], [501, 265], [501, 333], [391, 333]], "지'", 0.4274632027363118), ([[73, 473], [111, 473], [111, 513], [73, 513]], '만', 0.03259113352969778)]
[([[101, 63], [171, 63], [171, 101], [101, 101]], '당신', 0.9999822983695145), ([[41, 95], [229, 95], [229, 135], [41, 135]], '제다이 라다', 0.5297015612059874), ([[383, 123], [555, 123], [555, 165], [383, 165]], '제다이라면', 0.9992706069182079), ([[385, 157], [549, 157], [549, 200], [385, 200]], '제국의 적!', 0.8270398606685809), ([[37, 831], [105, 831], [105, 871], [37, 871]], '우리', 0.9999879460226044), ([[109, 825], [227, 825], [227, 909], [109, 909]], '훨하하', 0.054955581086738765), ([[229, 833], [333, 833], [333, 873], [229, 873]], '제국과', 0.9998467271509721), ([[37, 865], [153, 865], [153, 907], [37, 907]], '같이 일', 0.5235653022044271), ([[229, 863], [333, 863], [333, 905], [229, 905]], '때문에', 0.9620671589938647), ([[363, 921], [545, 921], [545, 963], [363, 963]], '당신은 나의', 0.8143659112657529), ([[555, 923], [603, 923], [603, 961], [555, 961]], '적!', 0.9955761879554929)]
[([[79, 45], [151, 45], [151, 85], [79, 85]], '에임-', 0.13482366502285004), ([[79, 77], [255, 77], [255, 119], [79, 119]], '오해햇구만', 0.7070911528666506), ([[329, 137], [577, 137], [577, 179], [329, 179]], '후드티만 입으면', 0.9754632947972841), ([[329, 175], [501, 175], [501, 213], [329, 213]], '제다이인가', 0.9979977904835764), ([[482.4088311299229, 438.0291944122211], [572.8084477270723, 507.4960269278116], [539.5911688700771, 550.970805587779], [449.19155227292765, 481.5039730721884]], ':씨배', 0.0062260045074405135), ([[462.3170000317804, 481.03340032416014], [547.9369470128722, 545.0625747279902], [508.6829999682196, 596.9665996758399], [423.0630529871277, 531.9374252720098]], '만순@정:', 0.005732013959352046), ([[286.0729607040109, 571.0866917312577], [375.8599906802828, 590.8250571981733], [364.9270392959891, 633.9133082687423], [275.1400093197172, 615.1749428018267]], '504 ', 0.05581945925951004)]
