2426788
117
[([[206, 71], [758, 71], [758, 276], [206, 276]], '9즈', 0.00445483447851148), ([[166, 244], [744, 244], [744, 416], [166, 416]], '애잠:)', 0.0002953149378299713), ([[120, 464], [192, 464], [192, 512], [120, 512]], '12', 0.5638207404336284), ([[311, 457], [497, 457], [497, 521], [311, 521]], '또라곤볼', 0.1536930948495865), ([[594, 462], [688, 462], [688, 514], [594, 514]], '001', 0.9985512495040894), ([[571, 677], [669, 677], [669, 719], [571, 719]], '얼데란', 0.9817551295368396), ([[571, 715], [735, 715], [735, 757], [571, 757]], '반란군 기지', 0.5964630169078139), ([[157, 753], [185, 753], [185, 765], [157, 765]], '0#', 0.04273856595068039), ([[213, 1163], [304, 1163], [304, 1188], [213, 1188]], '^ ^', 0.8378936711595485), ([[308, 1174], [422, 1174], [422, 1200], [308, 1200]], "스'4시;", 0.0008555486801958874), ([[187.29289321881345, 753.2928932188134], [218.98724112071264, 755.8407675611754], [217.70710678118655, 764.7071067811866], [186.01275887928736, 761.1592324388246]], '밥744 8', 0.010773985046840627), ([[417.2572186472918, 1182.1430466182294], [490.98497126068116, 1191.7552775158065], [487.7427813527082, 1210.8569533817706], [414.01502873931884, 1201.2447224841935]], "^무/'서''", 0.004642290314652671), ([[609.202547777171, 1195.1658598874935], [641.9589140865133, 1204.596694158659], [636.797452222829, 1221.8341401125065], [604.0410859134867, 1212.403305841341]], '}판-', 0.00010366190800986868)]
[([[231, 39], [593, 39], [593, 83], [231, 83]], '일급개의 구술올 모두 모아', 0.5132144236954873), ([[233, 73], [325, 73], [325, 113], [233, 113]], '소원올', 0.9968549931829901), ([[324, 70], [426, 70], [426, 148], [324, 148]], '빗쇠위', 0.014792134894944688), ([[397, 73], [561, 73], [561, 113], [397, 113]], '원하는 것은', 0.8021929499924515), ([[231, 103], [323, 103], [323, 147], [231, 147]], '모든지', 0.947203311302249), ([[425, 105], [589, 105], [589, 147], [425, 147]], '준다는 데요', 0.6437815698287741)]
[]
[([[538, 127], [606, 127], [606, 433], [538, 433]], '형', 0.002529749936597492)]
[([[430, 48], [480, 48], [480, 78], [430, 78]], '크혹', 0.8955849327690754), ([[41, 59], [289, 59], [289, 95], [41, 95]], '용새끼가 이상해젓다!', 0.6075451327260316), ([[430, 76], [556, 76], [556, 108], [430, 108]], '용새끼마저', 0.9918818525882708), ([[430, 102], [532, 102], [532, 134], [430, 134]], '정액비에', 0.9979439973831177), ([[429, 126], [607, 126], [607, 163], [429, 163]], '발정나버린건가', 0.9845346336658235)]
[([[288, 64], [326, 64], [326, 90], [288, 90]], '액!', 0.24631509284669104), ([[177, 325], [407, 325], [407, 459], [177, 459]], '똑대', 0.013700351846064954)]
[([[353, 15], [654, 15], [654, 131], [353, 131]], '(우행행행', 0.13206010459816048), ([[600, 188], [632, 188], [632, 290], [600, 290]], '응', 0.32210265503186974)]
[([[37, 47], [259, 47], [259, 83], [37, 83]], '빨리 소원올 빌어서', 0.9596275780626173), ([[507, 41], [599, 41], [599, 77], [507, 77]], '그렇균', 0.5229485240745286), ([[37, 77], [259, 77], [259, 113], [37, 113]], '일흘 마무리 지으면', 0.7307265015126387), ([[508, 72], [586, 72], [586, 104], [508, 104]], '소원은', 0.9999652431956411), ([[37, 107], [323, 107], [323, 143], [37, 143]], '용새끼도 사라질것입니다', 0.729287430860901), ([[510, 102], [608, 102], [608, 134], [510, 134]], '무엇으로', 0.9996131062507629), ([[508, 128], [578, 128], [578, 156], [508, 156]], '하지?', 0.9999615954612017)]
[([[255, 29], [585, 29], [585, 65], [255, 65]], '우리 부대륙 전부 데스스타로', 0.47139000913283846), ([[256, 60], [382, 60], [382, 92], [256, 92]], '보내버리조', 0.9987857851295786), ([[272, 460], [458, 460], [458, 492], [272, 492]], '아까 빠끌려에게', 0.4972480589725463), ([[271, 487], [521, 487], [521, 523], [271, 523]], '다 개박살나지 않있나', 0.38801699855666727), ([[293.24844317292917, 160.14034767216089], [433.72154269603215, 148.29666553114885], [435.75155682707083, 243.85965232783911], [295.27845730396785, 254.70333446885115]], '뼈퀴', 0.034386635867754194)]
[([[46, 72], [230, 72], [230, 104], [46, 104]], '그럼 드로이드틀', 0.7446539864235758), ([[43, 99], [279, 99], [279, 135], [43, 135]], '이곳으로 불러들이조', 0.9758716318582117), ([[37, 207], [307, 207], [307, 245], [37, 245]], '이곳 얼데란올 탈출하지', 0.6180428676725745), ([[38, 240], [308, 240], [308, 272], [38, 272]], '않으면 드로이드고 뭐고', 0.9861979845990105), ([[38, 270], [188, 270], [188, 302], [38, 302]], '다 소용없어!', 0.8342184355731296), ([[261, 573], [309, 573], [309, 611], [261, 611]], '@', 0.04274393195103898)]
[([[75, 20], [391, 20], [391, 152], [75, 152]], '\'1허하"', 0.012627849805606418), ([[576, 384], [608, 384], [608, 424], [576, 424]], '시', 0.08913226846305466), ([[157, 703], [463, 703], [463, 739], [157, 739]], '소원올 빨리 정하지 않으면', 0.9160055837237235), ([[157, 733], [417, 733], [417, 769], [157, 769]], '레아공주 맛가켓논데요', 0.36385907140342216)]
[([[41, 35], [205, 35], [205, 77], [41, 77]], '용신새끼야!', 0.8368590804847694), ([[41, 83], [253, 83], [253, 119], [41, 119]], '소원은 레아공주름', 0.5954997472213797), ([[44, 114], [168, 114], [168, 146], [44, 146]], '데스스타로', 0.9986940214957811), ([[41, 141], [207, 141], [207, 177], [41, 177]], '보내는 것이다', 0.6781263941673228)]
[([[292, 77], [573, 77], [573, 125], [292, 125]], '무엇이" 그런 물건이', 0.3362253750802858), ([[291, 115], [409, 115], [409, 155], [291, 155]], '있다니신', 0.12513114511966705), ([[357, 145], [545, 145], [545, 187], [357, 187]], '빠몰려씨에게', 0.19530699690375805), ([[288, 142], [360, 142], [360, 252], [288, 252]], '털퍽', 0.002073406423968039), ([[321, 179], [417, 179], [417, 217], [321, 217]], '락해서', 0.9690027298611623), ([[327, 209], [581, 209], [581, 253], [327, 253]], '구술올 얻아야켓어', 0.3898886570514422)]
[]
[([[293, 147], [383, 147], [383, 281], [293, 281]], '보', 0.9556671060902069)]
[([[365, 57], [459, 57], [459, 117], [365, 117]], '크형', 0.11947474443559593), ([[367, 117], [581, 117], [581, 155], [367, 155]], '소원은 이루어적다', 0.44179953871993616)]
[([[294, 534], [393, 534], [393, 562], [294, 562]], "^ 두서4'", 0.0005914191222981206), ([[441.3273272060037, 540.1165161768104], [515.991111470229, 551.811651617681], [511.6726727939963, 571.8834838231896], [438.0088885297709, 559.188348382319]], '신비비몹^', 0.0004206155312146558)]
[]
[([[232, 22], [454, 22], [454, 54], [232, 54]], '근데 레아공주 혼자', 0.7915982566821463), ([[230, 52], [466, 52], [466, 84], [230, 84]], '데스스타로 간다한들', 0.9989457148201604)]
[([[246, 34], [322, 34], [322, 64], [246, 64]], '차라리', 0.9994290453659912), ([[245, 59], [507, 59], [507, 95], [245, 95]], '데스스타틀 폭파하거나', 0.8337393715579954), ([[184, 402], [332, 402], [332, 434], [184, 434]], '다싸베이더클', 0.5131424677043928), ([[184, 428], [332, 428], [332, 460], [184, 460]], '죽여버리논게', 0.9076551973799162), ([[183, 453], [413, 453], [413, 489], [183, 489]], '낫지양앗올 라나요?', 0.4139081840063412)]
[([[48, 76], [138, 76], [138, 108], [48, 108]], '아 올라', 0.5370106861356595), ([[45, 105], [151, 105], [151, 141], [45, 141]], '어떻게든', 0.6346659760637408), ([[48, 136], [126, 136], [126, 168], [48, 168]], '되켓지', 0.19562847337941125)]
[([[329, 37], [447, 37], [447, 77], [329, 77]], '하지만]!', 0.592981977088847), ([[224, 122], [339, 122], [339, 163], [224, 163]], '하지만?', 0.6855219519458542)]
[([[629, 79], [715, 79], [715, 117], [629, 117]], '<', 0.004372942027175419), ([[460, 114], [709, 114], [709, 164], [460, 164]], '존나 비.니다]!', 0.18805897225183413), ([[429, 309], [513, 309], [513, 371], [429, 371]], '위도', 0.07830563535414736), ([[435, 369], [543, 369], [543, 431], [435, 431]], '그세가', 0.018465566834585192), ([[438, 420], [552, 420], [552, 476], [438, 476]], '따? 없어', 0.2615911187187091), ([[502.41440553737806, 308.1819438107256], [574.9911657586741, 302.09202033730384], [577.585594462622, 364.8180561892744], [505.0088342413259, 370.90797966269616]], '없어&', 0.06454474063048836)]
[([[444, 128], [542, 128], [542, 208], [444, 208]], '구릇하', 0.049418026903515405), ([[502, 130], [740, 130], [740, 210], [502, 210]], '질명의틀 위해서 ', 0.1954098676419937), ([[475, 197], [647, 197], [647, 237], [475, 237]], '처와! 아니면', 0.9071621690364009), ([[448, 200], [480, 200], [480, 298], [448, 298]], '품', 0.2691696648168005), ([[475, 229], [551, 229], [551, 269], [475, 269]], '어와!', 0.7671435673896091), ([[475, 259], [607, 259], [607, 303], [475, 303]], '꼴려 따위', 0.8995227749350266), ([[445, 293], [619, 293], [619, 335], [445, 335]], '존나 패버려!', 0.8172617768001235)]
[([[93, 99], [525, 99], [525, 143], [93, 143]], '최고의 반란군 전사흘 불러와라!', 0.28727891060588717)]
[([[57, 63], [321, 63], [321, 105], [57, 105]], '반란군 최고의 전사', 0.5316821484594041), ([[57, 95], [401, 95], [401, 139], [57, 139]], '스티찌찌가 해내켓습니다', 0.59607776385147), ([[657, 205], [751, 205], [751, 245], [657, 245]], '진행이', 0.9997786604244981), ([[687, 241], [751, 241], [751, 277], [687, 277]], '라서', 0.999940320584111), ([[655, 237], [723, 237], [723, 313], [655, 313]], '빨람', 0.2357819450727054), ([[361.97191949374644, 503.5522631393689], [468.5627408197307, 489.1815177065958], [472.02808050625356, 527.447736860631], [365.4372591802693, 541.8184822934043]], '{ *', 0.13569415826528852)]
[([[140, 201], [358, 201], [358, 245], [140, 245]], '다녀오켓습니다', 0.6608519891538929), ([[517.9931005564431, 110.15584356123568], [740.0522511048123, 87.15545870666446], [744.0068994435569, 199.84415643876432], [520.9477488951877, 222.84454129333554]], '화이팅', 0.4640053776746383)]
[([[79, 27], [251, 27], [251, 67], [79, 67]], '어 근데 밖에', 0.6671726262029346), ([[79, 61], [207, 61], [207, 97], [79, 97]], '정액비가', 0.9975016117095947), ([[203, 59], [399, 59], [399, 101], [203, 101]], '계속 내리논데', 0.6020127621240468), ([[79, 92], [270, 92], [270, 133], [79, 133]], '그냥 나가네요', 0.8849628917765754)]
[([[662, 194], [808, 194], [808, 418], [662, 418]], '퍽', 0.3605126917528345)]
[([[225, 148], [348, 148], [348, 238], [225, 238]], '장금범', 0.0047322496963494685)]
[([[213, 153], [319, 153], [319, 195], [213, 195]], '저 병신', 0.9992275269904087), ([[622, 162], [721, 162], [721, 211], [622, 211]], '(아흐흥', 0.33939653635025024), ([[321, 299], [443, 299], [443, 385], [321, 385]], '챔떡', 0.21346918410837362), ([[696.5931764455362, 287.0091994463489], [768.1850823211003, 300.0322471194437], [727.4068235544638, 525.9908005536511], [655.8149176788997, 513.9677528805563]], '달', 0.0432589374459289), ([[724.3546125260749, 406.02981528160836], [776.099805341146, 394.0869378556542], [804.6453874739251, 527.9701847183917], [752.900194658854, 539.9130621443458]], '숲', 0.09736018377425015), ([[456.15028142267585, 511.0912945443088], [569.9262806151369, 526.2355913846636], [562.8497185773242, 564.9087054556912], [449.0737193848631, 549.7644086153364]], '시*판', 0.0008308200610890277)]
[([[204, 71], [758, 71], [758, 276], [204, 276]], '-즈', 0.00796356881349505), ([[166, 243], [743, 243], [743, 415], [166, 415]], '"습:', 0.0008877015348089552), ([[120, 464], [192, 464], [192, 512], [120, 512]], '12', 0.6964770779177964), ([[311, 457], [497, 457], [497, 521], [311, 521]], '또라곧볼', 0.10487160238125426), ([[594, 462], [694, 462], [694, 514], [594, 514]], '002', 0.9998282194137573), ([[529, 707], [693, 707], [693, 749], [529, 749]], '빠끌려의 집', 0.679879335526895)]
[([[67, 287], [227, 287], [227, 325], [67, 325]], '날씨가 아주', 0.5353549735527788), ([[67, 321], [189, 321], [189, 359], [67, 359]], '그지갈네', 0.6730660200119019)]
[([[37, 109], [223, 109], [223, 149], [37, 149]], '뼈몰려 나와]!', 0.13746182097181825), ([[543, 161], [593, 161], [593, 199], [543, 199]], '응?', 0.5402791726032924)]
[([[587, 47], [679, 47], [679, 85], [587, 85]], '푸히행', 0.41096585705739075), ([[585, 79], [751, 79], [751, 117], [585, 117]], '이뻐해주마!', 0.9339344993740162), ([[275, 701], [361, 701], [361, 743], [275, 743]], '뭐야?', 0.5843139650698118), ([[277, 737], [369, 737], [369, 775], [277, 775]], '이새끼', 0.9985647131225684), ([[46, 685], [297, 685], [297, 898], [46, 898]], '의', 0.34713250188383427)]
[([[225, 23], [495, 23], [495, 275], [225, 275]], '다', 0.1077178499635103), ([[536, 178], [800, 178], [800, 446], [536, 446]], '아', 0.9953012954771481), ([[631, 425], [765, 425], [765, 585], [631, 585]], '0', 0.999989390401371)]
[([[494, 164], [708, 164], [708, 325], [494, 325]], '프입', 0.05257105292571397), ([[494, 300], [682, 300], [682, 450], [494, 450]], '프압', 0.2132483121391158)]
[([[216, 80], [484, 80], [484, 358], [216, 358]], '싹', 0.06481617670752726)]
[([[53, 45], [279, 45], [279, 129], [53, 129]], '심금줄아가니까', 0.05442862477469448), ([[549, 51], [743, 51], [743, 93], [549, 93]], '별의 별것들이', 0.601429375129598), ([[551, 85], [675, 85], [675, 125], [551, 125]], '발정나서', 0.9998382329940796), ([[551, 115], [735, 115], [735, 159], [551, 159]], '지락들이구만', 0.3105324647597379)]
[([[573, 140], [783, 140], [783, 255], [573, 255]], '1로등', 0.012606465954990062)]
[([[79, 55], [391, 55], [391, 97], [79, 97]], '레아공주의 드로이드가', 0.9687977294752543), ([[79, 85], [393, 85], [393, 129], [79, 129]], '있손곳올 알아져습니다', 0.2052019255390102), ([[515, 83], [729, 83], [729, 125], [515, 125]], '뭐라고 어단데?', 0.7584903546203963)]
[([[61, 123], [346, 123], [346, 171], [61, 171]], '또라곧볼올 내놓던지', 0.25366959090930813), ([[63, 159], [315, 159], [315, 199], [63, 199]], '나한터 따먹히던지', 0.5712221931934561), ([[61, 191], [287, 191], [287, 233], [61, 233]], '양자택일올 해라', 0.9733916790583169), ([[551, 173], [665, 173], [665, 263], [551, 263]], '고등', 0.22703859932039638), ([[65, 225], [171, 225], [171, 265], [65, 265]], '빠끌려!', 0.23571814596652985)]
[([[99, 17], [617, 17], [617, 61], [99, 61]], '너 단순히 발정난 개새끼가 아니엇구나', 0.9826465741063917), ([[603, 103], [759, 103], [759, 145], [603, 145]], '또라근볼올', 0.40937506930626044), ([[629, 135], [727, 135], [727, 177], [629, 177]], '어떻게', 0.8824379641915959), ([[613, 169], [757, 169], [757, 211], [613, 211]], '알고있지?', 0.5644553391323469)]
[([[77, 359], [213, 359], [213, 543], [77, 543]], '01', 0.9789992570976535), ([[501, 585], [673, 585], [673, 749], [501, 749]], '피', 0.2225163376495809), ([[100.39155988757378, 24.00881612129533], [262.16131249234263, 46.211658215328896], [209.60844011242622, 410.99118387870465], [47.838687507657355, 387.7883417846711]], '1', 0.0750951685970449)]
[([[475, 77], [705, 77], [705, 139], [475, 139]], '마광광살포', 0.9645228749088695)]
[]
[([[438, 376], [760, 376], [760, 596], [438, 596]], '야 7', 0.0451713502407074), ([[369.0879217695797, 102.01891464686983], [532.9998152401668, 243.9098368227862], [409.9120782304203, 386.98108535313014], [245.00018475983322, 245.0901631772138]], '씨시', 0.03890990391130009)]
[([[194, 74], [757, 74], [757, 273], [194, 273]], '-장:', 0.0019577662567170887), ([[166, 243], [743, 243], [743, 415], [166, 415]], '"습:', 0.0013032941012877087), ([[120, 464], [192, 464], [192, 512], [120, 512]], '12', 0.5518789507331925), ([[311, 457], [497, 457], [497, 521], [311, 521]], '또라곧볼', 0.14360181987285614), ([[594, 462], [694, 462], [694, 514], [594, 514]], '003', 0.9990861415863037), ([[369, 669], [493, 669], [493, 711], [369, 711]], '사령관남', 0.2612667381763458), ([[527, 711], [651, 711], [651, 753], [527, 753]], '사령관님', 0.3558802008628845), ([[156, 744], [203, 744], [203, 757], [156, 757]], '54*01', 0.10385591853492897), ([[427, 823], [737, 823], [737, 865], [427, 865]], '스티찌찌가 빠끌려에게', 0.782552318083601), ([[425, 861], [777, 861], [777, 903], [425, 903]], '두들겨 맞고 돌아올습니다', 0.42672309952641196), ([[224, 1159], [303, 1159], [303, 1179], [224, 1179]], "'화 ^", 0.011693899519741535), ([[308, 1166], [422, 1166], [422, 1192], [308, 1192]], '스"\'사전 사', 0.0001751085263336163), ([[417.2572186472918, 1174.1430466182294], [494.9833441470505, 1183.7424228380453], [491.7427813527082, 1202.8569533817706], [414.0166558529495, 1194.2575771619547]], "'^비커서'", 0.0011316071224780646)]
[([[485, 39], [639, 39], [639, 81], [485, 81]], '정면승부는', 0.548222694957131), ([[487, 69], [681, 69], [681, 113], [487, 113]], '피해야 합니다', 0.905270976510634), ([[65, 101], [363, 101], [363, 143], [65, 143]], '크혹! 믿없던 전사마저', 0.29930559293268894), ([[514, 103], [747, 103], [747, 147], [514, 147]], '자부대름 보내서', 0.28787624759727), ([[60, 132], [256, 132], [256, 176], [60, 176]], '처맞고 오다니', 0.6812655215930061), ([[488, 106], [520, 106], [520, 208], [488, 208]], '불', 0.5234997930034844), ([[512, 131], [682, 131], [682, 180], [512, 180]], '래 훔처와야', 0.6418799307886001), ([[515, 169], [583, 169], [583, 209], [515, 209]], '니다', 0.9436099788487581), ([[302, 232], [424, 232], [424, 304], [302, 304]], '동째끼', 0.11217193151428935)]
[([[82, 2], [286, 2], [286, 154], [82, 154]], '따', 0.05490924925596463), ([[585, 23], [773, 23], [773, 207], [585, 207]], '뱀?', 0.6521012779771032), ([[527, 763], [651, 763], [651, 801], [527, 801]], '인자부대', 0.2616439461708069), ([[323, 755], [776, 755], [776, 843], [323, 843]], '#주륙 최자워 _자세대 습니다', 0.0005703201183767426)]
[([[521, 53], [589, 53], [589, 95], [521, 95]], '출동드', 0.9223153819440625), ([[289, 135], [515, 135], [515, 179], [289, 179]], '맡겨만 주십시요', 0.8140777698162415)]
[([[51, 101], [373, 101], [373, 143], [51, 143]], '한슬로라는 자의 소유인', 0.9197539873740073), ([[51, 133], [385, 133], [385, 175], [51, 175]], '"빌어먹올빨큰"호름 타고', 0.17276163551281976), ([[403, 137], [743, 137], [743, 179], [403, 179]], '데스스타로 이동중이라는', 0.9204094231866337), ([[403, 167], [727, 167], [727, 211], [403, 211]], '데요 신문에 나용습니다', 0.5666317345425065), ([[422, 381], [729, 381], [729, 489], [422, 489]], '[유주해적 히록경거', 0.1269727863079447), ([[461, 473], [567, 473], [567, 511], [461, 511]], '오빠안기오무른', 0.01778413639895887), ([[444, 501], [649, 501], [649, 553], [444, 553]], '테아장-이도?이블마림하', 0.0008730581222080391), ([[435, 539], [533, 539], [533, 587], [435, 587]], '대풍행', 0.0056937085614795135)]
[([[53, 83], [145, 83], [145, 207], [53, 207]], '셈', 0.08739597388424247), ([[676.102633403899, 155.3079002116969], [766.6491901246312, 141.20723963516923], [771.897366596101, 196.6920997883031], [681.3508098753688, 210.79276036483077]], '요면', 0.775643094183947)]
[([[353, 43], [449, 43], [449, 85], [353, 85]], '병신들', 0.9954730691712673), ([[181, 423], [274, 423], [274, 464], [181, 464]], '물거#', 0.0009975660151633923), ([[769, 449], [787, 449], [787, 475], [769, 475]], '"', 0.08423954574878767), ([[11, 737], [105, 737], [105, 799], [11, 799]], '으예', 0.8856708786193455)]
[([[283, 295], [407, 295], [407, 335], [283, 335]], '1시간 후', 0.7769188623265807), ([[163, 405], [289, 405], [289, 445], [163, 445]], '사령관남', 0.09245609729991548), ([[433, 399], [693, 399], [693, 439], [433, 439]], '이제 저새끼가 오면', 0.9953416169057961), ([[431, 431], [597, 431], [597, 473], [431, 473]], '짜증이 나네', 0.9949690938948259)]
[([[97, 65], [209, 65], [209, 101], [97, 101]], '왜? 왜?', 0.9984137086253082), ([[97, 95], [310, 95], [310, 137], [97, 137]], '독수리오자매도', 0.8418151104800915), ([[95, 127], [241, 127], [241, 169], [95, 169]], '실패햇나?', 0.41607250758526226), ([[525, 131], [617, 131], [617, 169], [525, 169]], '당동망', 0.3758898854596516), ([[523, 163], [599, 163], [599, 203], [523, 203]], '정답!', 0.9610303263611343), ([[631, 365], [645, 365], [645, 387], [631, 387]], '8', 0.11604125986117708), ([[644.1758366163078, 358.11542815707753], [705.9470156992675, 371.43866367633], [698.8241633836922, 398.88457184292247], [637.0529843007325, 384.56133632367]], '[유해요', 0.04886652517765983), ([[624.0794468010066, 382.6953361612079], [674.2858179532784, 372.05705473971335], [678.9205531989934, 399.3046638387921], [629.7141820467216, 409.94294526028665]], '훌륭하', 0.3408413866430634)]
[([[591, 67], [745, 67], [745, 109], [591, 109]], '빠끌려에게', 0.4408538115799791), ([[621, 103], [685, 103], [685, 139], [621, 139]], '려서', 0.959570668304958), ([[590, 102], [628, 102], [628, 207], [590, 207]], '출', 0.9333284363710845), ([[621, 135], [725, 135], [725, 175], [621, 175]], '나 맞고', 0.9855938286503461), ([[621, 165], [747, 165], [747, 209], [621, 209]], '앞습니다', 0.7897687554359436)]
[([[311, 89], [482, 89], [482, 170], [311, 170]], '쥐빼숙되물', 0.0010179692057548852), ([[477, 87], [741, 87], [741, 173], [477, 173]], '볶잡허품물밝증다', 0.0009998503546189625), ([[35, 163], [161, 163], [161, 203], [35, 203]], '오호호호', 0.998809278011322), ([[446, 318], [594, 318], [594, 392], [446, 392]], '아망~', 0.507767776100428), ([[290, 598], [390, 598], [390, 706], [290, 706]], '넷', 0.008939021754961696), ([[600.1430466182295, 408.3576165455737], [682.1962643985922, 400.28129348823603], [684.8569533817705, 442.6423834544263], [602.8037356014078, 451.71870651176397]], '306', 0.9753068558649234)]
[([[127, 157], [311, 157], [311, 199], [127, 199]], '이젠 어쩌조?', 0.6753827887633344)]
[([[622, 46], [658, 46], [658, 78], [622, 78]], '아', 0.9998272731987221), ([[602, 71], [729, 71], [729, 116], [602, 116]], '그것보다', 0.9916474223136902), ([[574, 107], [760, 107], [760, 149], [574, 149]], '독수리오자매', 0.9700653551268991), ([[619, 139], [717, 139], [717, 181], [619, 181]], '고문컷', 0.8392577767372131), ([[593, 171], [659, 171], [659, 213], [593, 213]], '좀더', 0.2739028039766642), ([[671, 175], [737, 175], [737, 211], [671, 211]], '보지', 0.8662699930678402)]
[([[47, 137], [161, 137], [161, 261], [47, 261]], '사', 0.8724599131952324), ([[760, 142], [810, 142], [810, 204], [760, 204]], '0', 0.236083706357463), ([[599.9140743953177, 84.03689361117031], [797.1109491719371, 132.74079710192385], [760.0859256046823, 262.9631063888297], [562.8890508280629, 214.25920289807615]], '아왕', 0.07275434464407031)]
[([[9, 215], [71, 215], [71, 281], [9, 281]], '허', 0.916854838991199), ([[314.99701813799464, 355.18389794517094], [440.6623895170356, 333.10773879745335], [451.00298186200536, 430.81610205482906], [325.3376104829644, 451.89226120254665]], '흐응', 0.652619859671194)]
[([[82, 60], [254, 60], [254, 108], [82, 108]], '데스스타]', 0.36379657030130486), ([[87, 141], [309, 141], [309, 181], [87, 181]], '신문에 나용다고', 0.7601266299379319), ([[89, 175], [309, 175], [309, 215], [89, 215]], '다싸베이터 놈도', 0.4908873337463255), ([[87, 205], [377, 205], [377, 247], [87, 247]], '이사실올 알고 있켓군', 0.7837616125514425), ([[87, 237], [213, 237], [213, 279], [87, 279]], '큰일이야', 0.9812081456184387)]
[([[320, 246], [450, 246], [450, 372], [320, 372]], '호능', 0.05619361449797427), ([[165, 653], [247, 653], [247, 719], [165, 719]], '뿌런', 0.012005724271395063), ([[495.61120843015397, 696.0126098243711], [540.7530343660881, 690.0474426299706], [562.388791569846, 861.9873901756289], [518.2469656339119, 867.9525573700294]], '물', 0.31009209693208106)]
[([[90, 76], [198, 76], [198, 126], [90, 126]], '장군]!', 0.7363608479499817), ([[171, 131], [363, 131], [363, 171], [171, 171]], '빠끌려가 언제', 0.5672878411778611), ([[169, 159], [461, 159], [461, 203], [169, 203]], '처들어 올치 모르는데', 0.6172943553728126), ([[169, 193], [405, 193], [405, 235], [169, 235]], '대책올 세워야조!', 0.8596461215695562), ([[629, 261], [783, 261], [783, 323], [629, 323]], '헤7~', 0.09549622936637295)]
[([[45, 87], [239, 87], [239, 131], [45, 131]], '걱정활거 없다', 0.7446704746398243), ([[45, 123], [133, 123], [133, 161], [45, 161]], '아무리', 0.9999841701482413), ([[45, 155], [267, 155], [267, 195], [45, 195]], '빠끌려라고 해도', 0.660786551657341), ([[81, 185], [275, 185], [275, 227], [81, 227]], '밖의 정액비틀', 0.6553280435496822), ([[44, 186], [82, 186], [82, 293], [44, 293]], '절', 0.3030642670759711), ([[77, 217], [237, 217], [237, 259], [77, 259]], '고 여기까지', 0.9980471146497453), ([[73, 249], [207, 249], [207, 293], [73, 293]], '수는 없어', 0.33521205943753996), ([[669, 449], [813, 449], [813, 589], [669, 589]], '양', 0.9982693537113505)]
[([[90, 166], [144, 166], [144, 228], [90, 228]], '빠', 0.5481505250118381), ([[628, 132], [802, 132], [802, 236], [628, 236]], '깜딱', 0.7604134036518165)]
[([[457, 49], [727, 49], [727, 135], [457, 135]], '외 1이처락유 놈들', 0.02231391372308841)]
[([[504, 132], [544, 132], [544, 164], [504, 164]], '아', 0.9999302637814402), ([[507, 161], [581, 161], [581, 199], [507, 199]], '우산!', 0.851589011486718)]
[([[183, 60], [618, 60], [618, 221], [183, 221]], '9맑적', 0.001607390770946454), ([[134, 198], [618, 198], [618, 342], [134, 342]], '음장-', 0.0006305277745179282), ([[97, 379], [157, 379], [157, 421], [97, 421]], '12', 0.9999991570631338), ([[253, 373], [405, 373], [405, 425], [253, 425]], '또라근볼', 0.5199882388114929), ([[485, 377], [567, 377], [567, 421], [485, 421]], '004', 0.9999936680552679), ([[106, 548], [234, 548], [234, 580], [106, 580]], '전군 비상]!', 0.6707834081520183), ([[105, 577], [291, 577], [291, 613], [105, 613]], '저논올 해치우고', 0.9587791448521156), ([[107, 608], [233, 608], [233, 644], [107, 644]], '또라곧볼올', 0.20340540756395917), ([[105, 641], [211, 641], [211, 677], [105, 677]], '빼앗아라', 0.9990421533584595)]
[([[25, 29], [518, 29], [518, 204], [25, 204]], '커나 다다', 0.017601577046232)]
[([[66, 345], [657, 345], [657, 591], [66, 591]], '피바바박', 0.09564969688653946)]
[]
[([[253, 99], [534, 99], [534, 141], [253, 141]], '당장 데스스타로가서', 0.8782407122690373), ([[257, 133], [479, 133], [479, 173], [257, 173]], '놈들보다 우리가', 0.8667032169892384), ([[490, 136], [552, 136], [552, 168], [490, 168]], '먼저', 0.9998757533514409), ([[257, 163], [565, 163], [565, 205], [257, 205]], '드로이드틀 찾아내야돼', 0.6087386958270968), ([[249, 687], [431, 687], [431, 725], [249, 725]], '어떻게 가요?', 0.8723809942822366), ([[279, 719], [343, 719], [343, 757], [279, 757]], '액구', 0.9993944035097915), ([[377, 719], [471, 719], [471, 757], [377, 757]], '때문에', 0.9893820930818211), ([[249, 719], [285, 719], [285, 823], [249, 823]], '평', 0.16757206473610697), ([[280, 754], [310, 754], [310, 788], [280, 788]], '데', 0.9999206081889866), ([[303, 713], [563, 713], [563, 797], [303, 797]], '{굶틀 때륙예갈수도', 0.1482102979180126), ([[279, 783], [395, 783], [395, 823], [279, 823]], '습니다!!', 0.35200916364177093)]
[([[342, 486], [376, 486], [376, 516], [342, 516]], '도5', 0.0009238125511536129)]
[([[140.05260381665065, 309.02040854629513], [374.54805495164635, 414.56363574524926], [293.9473961833493, 584.9795914537049], [59.451945048353664, 479.43636425475074]], '0', 0.7530679387071046), ([[340.2066403493261, 381.0350359473848], [411.7638707632828, 401.06282455222953], [379.7933596506739, 511.9649640526152], [308.2361292367172, 491.93717544777047]], '중', 0.1929924768869009)]
[([[-13.171795033026893, 314.201794404222], [215.56692170304285, 203.70388210748695], [286.1717950330269, 384.798205595778], [56.43307829695715, 494.29611789251305]], '다비', 0.24164831765579606)]
[]
[]
[([[44, 154], [196, 154], [196, 354], [44, 354]], '뿐', 0.3338472329319444)]
[([[47, 49], [183, 49], [183, 85], [47, 85]], '내 로봇으로', 0.9993321400182206), ([[49, 75], [207, 75], [207, 111], [49, 111]], '널 박살내주지', 0.898450917856893), ([[48, 104], [182, 104], [182, 136], [48, 136]], '가소로운 논', 0.9991154071671198)]
[([[68, 118], [124, 118], [124, 148], [68, 148]], '오냐', 0.6927453421782624), ([[66, 140], [196, 140], [196, 176], [66, 176]], '상대해주마', 0.9993000376339344)]
[([[349, 83], [519, 83], [519, 197], [349, 197]], '파', 0.9821333285092351)]
[([[110, 42], [298, 42], [298, 140], [110, 140]], '두다', 0.47744923109211873), ([[54, 446], [196, 446], [196, 478], [54, 478]], '존나 세잡아!', 0.36233794852677503), ([[52, 472], [178, 472], [178, 504], [52, 504]], '어점 좋나?', 0.6018957301119974), ([[249, 567], [471, 567], [471, 633], [249, 633]], '중킬하여보되우고', 0.0019021855716907683), ([[256, 626], [282, 626], [282, 656], [256, 656]], '잎', 0.9474570776896805), ([[279, 623], [357, 623], [357, 659], [279, 659]], '잔아요', 0.2064272169202278)]
[([[497, 141], [725, 141], [725, 183], [497, 183]], '크혹! 데스스타틀', 0.45738944066571297), ([[493, 173], [687, 173], [687, 217], [493, 217]], '파괴할 비밀이', 0.9862616883683589), ([[497, 207], [687, 207], [687, 247], [497, 247]], '그 드로이드에', 0.9795705739311195), ([[495, 239], [657, 239], [657, 281], [495, 281]], '담겨 있는데', 0.2263886470050504), ([[495, 271], [727, 271], [727, 313], [495, 313]], '이 어쩌란 말인가', 0.7816444667326207)]
[]
[([[49, 53], [265, 53], [265, 89], [49, 89]], '이런 허접한 새끼들', 0.533559018079939)]
[([[46, 146], [98, 146], [98, 174], [46, 174]], '이제', 0.9998330182698496), ([[45, 171], [97, 171], [97, 207], [45, 207]], '끝을', 0.9617406046040293), ([[46, 198], [124, 198], [124, 230], [46, 230]], '내주마', 0.9998927017927223)]
[([[183, 60], [618, 60], [618, 221], [183, 221]], '9맑적', 0.002379886900583121), ([[134, 198], [618, 198], [618, 342], [134, 342]], '뜻장-', 0.0008135947846290971), ([[97, 379], [157, 379], [157, 419], [97, 419]], '12', 0.9337171171195623), ([[253, 373], [405, 373], [405, 425], [253, 425]], '또라근볼', 0.47126513719558716), ([[485, 377], [569, 377], [569, 421], [485, 421]], '005', 0.9999716877937317), ([[433, 653], [657, 653], [657, 761], [433, 761]], '해미익', 0.08488166162845344), ([[261, 1119], [407, 1119], [407, 1227], [261, 1227]], '71엎', 0.02180183541983761)]
[([[271, 29], [482, 29], [482, 202], [271, 202]], '피', 0.5833795519731808), ([[373, 193], [499, 193], [499, 307], [373, 307]], '바', 0.10216285870655284)]
[([[463, 181], [615, 181], [615, 217], [463, 217]], '레아 공주님!', 0.43016101131387285), ([[427.4050955543422, 314.33171977498705], [510.5188260543045, 308.0979318625381], [511.5949044456578, 344.66828022501295], [429.4811739456955, 351.9020681374619]], '오예~', 0.9984635597682944)]
[([[350, 80], [404, 80], [404, 110], [350, 110]], '크혹', 0.9045022707091149), ([[413, 79], [631, 79], [631, 115], [413, 115]], '아직 남아있는 것이', 0.5335787153841931), ([[349, 105], [431, 105], [431, 141], [349, 141]], '있없나', 0.5272369475874301)]
[([[62, 42], [322, 42], [322, 74], [62, 74]], '저 괴물은 도대체 뛰야?', 0.7382135511573018), ([[61, 67], [339, 67], [339, 103], [61, 103]], '도대체 원일이 생긴거야?', 0.7616627207959203), ([[404, 64], [488, 64], [488, 96], [404, 96]], '저 논올', 0.8382661374245527), ([[404, 90], [562, 90], [562, 122], [404, 122]], '해치워야 하오', 0.9960500510155242), ([[403, 115], [469, 115], [469, 151], [403, 151]], '공주!', 0.9953489156461007), ([[403, 139], [531, 139], [531, 177], [403, 177]], '처논에계서', 0.8335833933313388), ([[405, 166], [531, 166], [531, 206], [405, 206]], '또라근볼올', 0.5258713384343933), ([[404, 194], [434, 194], [434, 226], [404, 226]], '빼', 0.3178655080810735), ([[423, 189], [566, 189], [566, 257], [423, 257]], '{뜻하이하오', 0.15505459880789774), ([[406, 222], [432, 222], [432, 254], [406, 254]], '공', 0.969144414794096)]
[([[62, 260], [188, 260], [188, 304], [62, 304]], '이것들!!', 0.4616115005703061)]
[([[204, 132], [274, 132], [274, 164], [204, 164]], '크혹!', 0.6990401714775712)]
[([[360, 124], [693, 124], [693, 169], [360, 169]], '장군님 중은 수가 있어요', 0.6551254377851061), ([[460, 388], [530, 388], [530, 440], [460, 440]], '아이구', 0.8468202343036325), ([[414, 532], [442, 532], [442, 556], [414, 556]], '터*', 0.00608821524665283), ([[456.20552140300424, 436.6904906657081], [568.000384778176, 416.6839553576307], [573.7944785969958, 466.3095093342919], [462.99961522182406, 486.3160446423693]], '깜짝이야', 0.25698599219322205)]
[([[29, 41], [201, 41], [201, 79], [29, 79]], "'이짜 총알따위!", 0.18487235916377745)]
[([[151, 451], [521, 451], [521, 577], [151, 577]], '피마마', 0.08869255419687798)]
[([[79, 273], [195, 273], [195, 401], [79, 401]], '5', 0.10173742780261819)]
[([[355, 57], [447, 57], [447, 125], [355, 125]], '앞쪽월', 0.6511335405887128), ([[432, 54], [548, 54], [548, 128], [432, 128]], '{발증핵다다', 0.007397250302149741), ([[189, 407], [573, 407], [573, 550], [189, 550]], '투부부무부', 0.019028213683315632)]
[([[78, 178], [160, 178], [160, 258], [78, 258]], '다', 0.745948607983852)]
[([[512, 160], [626, 160], [626, 258], [512, 258]], '파', 0.9995934184488853), ([[97, 175], [231, 175], [231, 429], [97, 429]], '파', 0.03769571564874141), ([[500, 340], [570, 340], [570, 390], [500, 390]], '제횟', 0.1940545803807175), ([[530, 247], [638, 247], [638, 399], [530, 399]], '박', 0.9984881635881528), ([[135, 653], [171, 653], [171, 711], [135, 711]], '2', 0.8408144410076979)]
[([[129, 73], [313, 73], [313, 109], [129, 109]], '마지막 한방이다', 0.9982021116170534), ([[150, 276], [320, 276], [320, 380], [150, 380]], '설거', 0.3081567803737244)]
[([[273.7936773549478, 37.029121247420335], [514.2246591677308, 76.78963122340406], [470.2063226450522, 293.97087875257967], [230.7753408322692, 253.21036877659594]], '평', 0.9998555235598019)]
[]
[([[326, 71], [627, 71], [627, 147], [326, 147]], '아아아아아아아" ', 0.34050383232486003), ([[396, 418], [626, 418], [626, 538], [396, 538]], '작상', 0.0071495407392571965)]
[([[519, 185], [711, 185], [711, 229], [519, 229]], '이곳 얼데란에', 0.7599738298828853), ([[518, 218], [703, 218], [703, 262], [518, 262]], '나메크성인인', 0.9933409658061919), ([[519, 251], [681, 251], [681, 293], [519, 293]], '뼈끌려 라는', 0.2782048668762777), ([[521, 283], [679, 283], [679, 327], [521, 327]], '논이 잇는데', 0.2967511206911693), ([[520, 316], [645, 316], [645, 358], [520, 358]], '그논에게', 0.8040741682052612), ([[678, 318], [710, 318], [710, 356], [678, 356]], '청', 0.9978050130742453), ([[512, 343], [589, 343], [589, 426], [512, 426]], '있락', 0.00936356455013819), ([[549, 383], [585, 383], [585, 421], [549, 421]], '다', 0.9999989271166818), ([[579, 347], [615, 347], [615, 417], [579, 417]], '화', 0.46241257447208284), ([[618, 352], [650, 352], [650, 422], [618, 422]], '글', 0.0839384893547015), ([[648, 318], [680, 318], [680, 420], [648, 420]], '옆', 0.5088536782577648), ([[670, 348], [744, 348], [744, 424], [670, 424]], '{이요', 0.14433856681930451)]
[([[39, 497], [83, 497], [83, 517], [39, 517]], '40', 0.23173987608391813), ([[195, 521], [229, 521], [229, 535], [195, 535]], '행나/', 0.003559867227355377), ([[358.8384650161883, 154.02699784804835], [679.9301677109821, 207.0397084005421], [636.1615349838117, 418.9730021519516], [314.0698322890178, 365.9602915994579]], '구아', 0.5000909770211343), ([[217.17239411139764, 448.17926704507477], [268.95504208816465, 455.5783242554939], [265.82760588860236, 473.82073295492523], [214.04495791183535, 467.4216757445061]], '사1', 0.012049023170681345), ([[169.4929798734366, 513.1380657848422], [196.97208220857328, 518.7653594668961], [193.5070201265634, 531.8619342151578], [166.02791779142672, 526.2346405331039]], '서', 0.035575351875811956), ([[238.65268564417642, 519.0622512392763], [300.9998779520347, 533.9843769069995], [297.3473143558236, 547.9377487607237], [235.0001220479653, 533.0156230930005]], "~사 , '", 0.0023311679937031444)]
[([[548, 92], [572, 92], [572, 116], [548, 116]], '{', 0.18349871123247397), ([[566, 80], [596, 80], [596, 114], [566, 114]], '수', 0.7525649492157562), ([[611, 81], [647, 81], [647, 101], [611, 101]], "1'", 0.2745501789582058), ([[10.96308413307236, 44.14897210489205], [138.11201729844765, 16.58968995383185], [157.03691586692764, 139.85102789510793], [30.887982701552332, 167.41031004616815]], '교', 0.6967542206127497)]
[([[578, 206], [643, 206], [643, 227], [578, 227]], '//11- _', 0.2736408404277218), ([[559, 373], [593, 373], [593, 387], [559, 387]], '414 .', 0.37378720003776655), ([[520, 416], [580, 416], [580, 444], [520, 444]], '씨 1"\'', 0.07111674597735851), ([[312.87462134111564, 236.04530462983416], [478.0145455690599, 273.84038725960346], [448.12537865888436, 387.95469537016584], [282.9854544309401, 351.15961274039654]], '굶)', 0.008412078235377918), ([[481.0843474295577, 498.42530422886733], [575.8250186490299, 477.1818881918142], [579.9156525704423, 496.57469577113267], [485.1749813509701, 517.8181118081858]], '{ 버표', 0.01014852523803711)]
[([[51, 435], [137, 435], [137, 527], [51, 527]], '멋', 0.03261377741718108)]
[([[105, 65], [183, 65], [183, 101], [105, 101]], '끝늄군', 0.2459159110861695), ([[304, 130], [368, 130], [368, 160], [304, 160]], '아싸!', 0.588518819038139), ([[371, 156], [563, 156], [563, 223], [371, 223]], '{어석또라근블올', 0.11764561603300779), ([[576, 206], [638, 206], [638, 234], [576, 234]], '예써!', 0.30120660571217334)]
[([[183, 60], [618, 60], [618, 221], [183, 221]], '9맑적', 0.001989094726290806), ([[133, 195], [618, 195], [618, 343], [133, 343]], '"잠:~', 0.00032306346110999584), ([[97, 379], [157, 379], [157, 419], [97, 419]], '12', 0.8287024401773377), ([[252, 374], [406, 374], [406, 426], [252, 426]], '또라근볼', 0.42581602931022644), ([[485, 377], [567, 377], [567, 421], [485, 421]], '006', 0.9999561582754407), ([[89, 827], [157, 827], [157, 843], [89, 843]], '4시"버/,{:', 0.03690106291974072), ([[325.0428759335574, 531.0459097089972], [440.51637968522203, 569.9277829362669], [410.9571240664426, 654.9540902910028], [294.48362031477797, 617.0722170637331]], '철퍽', 0.19417393050216367)]
[([[64, 66], [192, 66], [192, 98], [64, 98]], '용신새끼야', 0.9990988190685033), ([[63, 89], [159, 89], [159, 125], [63, 125]], '나와라!!', 0.7557604735246979)]
[([[246, 50], [524, 50], [524, 242], [246, 242]], '파', 0.4747849999338918)]
[([[534, 86], [647, 86], [647, 400], [534, 400]], '탑', 0.4821921223611412)]
[([[35, 101], [111, 101], [111, 137], [35, 137]], '소원올', 0.9593027419058028), ([[32, 126], [113, 126], [113, 163], [32, 163]], '말하라', 0.991481181055589), ([[504, 368], [556, 368], [556, 400], [504, 400]], '어떤', 0.9997746903828605), ([[503, 393], [605, 393], [605, 429], [503, 429]], '소원이든', 0.9737253785133362), ([[503, 417], [579, 417], [579, 453], [503, 453]], '한가지', 0.9998593219722675), ([[501, 447], [581, 447], [581, 485], [501, 485]], '소원올', 0.9713887165339153), ([[503, 475], [617, 475], [617, 511], [503, 511]], '다 이루어', 0.9996679814147279), ([[504, 506], [582, 506], [582, 538], [504, 538]], '주노라', 0.9760393538590276)]
