2426696
251
[([[177, 56], [594, 56], [594, 213], [177, 213]], '-4', 0.008325554620652991), ([[123, 185], [594, 185], [594, 332], [123, 332]], '꿈장:5', 0.0013673510402441025), ([[71, 347], [111, 347], [111, 391], [71, 391]], '9', 0.9999983310706426), ([[188, 342], [414, 342], [414, 398], [188, 398]], '판도라대전', 0.9977945678827895), ([[452, 346], [534, 346], [534, 394], [452, 394]], '001', 0.9973217231128788), ([[135, 511], [513, 511], [513, 555], [135, 555]], '제군들 준비는 다 되없나', 0.8761290350554533)]
[]
[([[187, 29], [381, 29], [381, 187], [187, 187]], '야!', 0.9112244328141961), ([[427, 139], [557, 139], [557, 179], [427, 179]], '아이고!!', 0.4777059248536038), ([[427, 171], [521, 171], [521, 209], [427, 209]], '깜짝!!', 0.955967903137207)]
[([[285, 97], [563, 97], [563, 139], [285, 139]], '이것좀 풀어주라~', 0.7417263629867369), ([[19, 389], [139, 389], [139, 473], [19, 473]], '대륙', 0.4200170455431642), ([[465, 555], [589, 555], [589, 643], [465, 643]], '대통', 0.37069230165212064)]
[([[66, 88], [172, 88], [172, 126], [66, 126]], '파하하', 0.9997657904459071), ([[63, 117], [175, 117], [175, 201], [63, 201]], '균혀럿', 0.005858068955088966), ([[162, 122], [270, 122], [270, 198], [162, 198]], "'불나~", 0.44146968011664717), ([[347, 669], [561, 669], [561, 709], [347, 709]], '꼬추나 내농고', 0.6022205182284901), ([[343, 701], [527, 701], [527, 743], [343, 743]], '다니는 높이', 0.7528138485619361), ([[345, 737], [485, 737], [485, 777], [345, 777]], '활소리나', 0.6663371920585632)]
[([[75, 63], [259, 63], [259, 103], [75, 103]], '내가 미즉나', 0.41368897790126147), ([[76, 92], [258, 92], [258, 140], [76, 140]], '널 풀어주게', 0.8305318109378409), ([[73, 129], [294, 129], [294, 171], [73, 171]], '곰같은 힘이나', 0.7924508471920253), ([[73, 161], [290, 161], [290, 205], [73, 205]], '솟아나 보시지', 0.6691360479125114), ([[515, 675], [587, 675], [587, 713], [515, 713]], '진짜', 0.9999130943044646), ([[505, 707], [575, 707], [575, 747], [505, 747]], '빵에', 0.9978142061300846), ([[464, 668], [584, 668], [584, 821], [464, 821]], '불률', 0.007214741270867788)]
[([[342, 88], [386, 88], [386, 116], [342, 116]], '야!', 0.9458290813999778), ([[51, 113], [157, 113], [157, 151], [51, 151]], '빠빠이', 0.9914023290415405), ([[480, 102], [548, 102], [548, 150], [480, 150]], '야!', 0.9908640452936262), ([[105, 159], [207, 159], [207, 201], [105, 201]], '고생해', 0.998621483463648), ([[250, 448], [336, 448], [336, 498], [250, 498]], '임마', 0.9932254813967848), ([[321, 695], [417, 695], [417, 733], [321, 733]], '형씨 ~', 0.6339489878234924)]
[([[47, 71], [189, 71], [189, 111], [47, 111]], "'어이어이", 0.9664344506627149), ([[141, 141], [393, 141], [393, 183], [141, 183]], "'싸가지위커 선생", 0.9537905563382724), ([[203, 209], [407, 209], [407, 251], [203, 251]], '싸가지위커님', 0.6555539111961848), ([[35, 274], [291, 274], [291, 313], [35, 313]], ')싸가지워커마마', 0.6192062000692513), ([[79, 673], [213, 673], [213, 711], [79, 711]], '카카카~', 0.9946773052215576), ([[61, 747], [269, 747], [269, 789], [61, 789]], '버르장머리가', 0.7980246224566716), ([[61, 779], [245, 779], [245, 823], [61, 823]], '좀 나아페군', 0.27363870082948943)]
[([[225, 161], [311, 161], [311, 247], [225, 247]], '특', 0.8629887661578692)]
[([[171, 115], [195, 115], [195, 129], [171, 129]], '~ _', 0.1480489034661549), ([[191, 183], [259, 183], [259, 221], [191, 221]], '안농', 0.3373693242909556), ([[1, 477], [141, 477], [141, 591], [1, 591]], '음', 0.002823684552171246), ([[411, 917], [511, 917], [511, 955], [411, 955]], '주인남', 0.7777889966964722), ([[409, 949], [579, 949], [579, 989], [409, 989]], '살려주세요', 0.9972783416881973), ([[76.12652114433655, 332.13795634330097], [162.47508984497688, 304.3047329828926], [170.87347885566345, 330.86204365669903], [84.52491015502314, 357.6952670171074]], '[(( ', 0.28834097237664286), ([[27.029857499854668, 666.1194299994187], [90.75369452808566, 605.4049262174244], [110.97014250014533, 633.8805700005813], [47.24630547191434, 694.5950737825756]], '((장실', 0.030207837000489235)]
[([[64, 30], [100, 30], [100, 62], [64, 62]], '어', 0.9998892576361449), ([[117, 29], [187, 29], [187, 65], [117, 65]], '어이', 0.9990776144254133), ([[61, 59], [311, 59], [311, 101], [61, 101]], '우리 평화적으로', 0.9370818937296598), ([[61, 93], [297, 93], [297, 133], [61, 133]], '대화로 풀어 가.', 0.7624041057401226)]
[([[45, 43], [341, 43], [341, 255], [45, 255]], '파', 0.0033493086441694353)]
[([[232, 132], [546, 132], [546, 181], [232, 181]], '우린 저거 타고 가야', 0.6454384432954265), ([[233, 169], [393, 169], [393, 211], [233, 211]], '되는거지?', 0.7919787789332201), ([[120, 238], [152, 238], [152, 272], [120, 272]], '뵙', 0.07198429661120631)]
[([[142, 0], [464, 0], [464, 195], [142, 195]], '나', 0.10279880902630456), ([[407, 361], [541, 361], [541, 477], [407, 477]], '약', 0.21404414103674085), ([[430, 462], [588, 462], [588, 610], [430, 610]], "'창", 0.07526811344269856), ([[458, 614], [580, 614], [580, 748], [458, 748]], '빵', 0.0027730579000678213)]
[([[55, 115], [169, 115], [169, 237], [55, 237]], '후드', 0.42887045394515366)]
[([[119, 213], [211, 213], [211, 251], [119, 251]], '히익-', 0.6624585314712784), ([[544, 398], [600, 398], [600, 480], [544, 480]], '코', 0.17833553725407203), ([[225, 851], [513, 851], [513, 895], [225, 895]], '고추 치위!! 냄새나', 0.6347995548529193)]
[([[99, 31], [235, 31], [235, 69], [99, 69]], '어이어이', 0.9657660126686096), ([[97, 61], [305, 61], [305, 103], [97, 103]], '풀어풀테니까', 0.37015784757337805), ([[405, 91], [519, 91], [519, 131], [405, 131]], '괴물 좀', 0.6319446838192657), ([[361, 90], [397, 90], [397, 196], [361, 196]], '혀', 0.097297982749879), ([[397, 123], [465, 123], [465, 167], [397, 167]], '핑게', 0.05626308134070777), ([[393, 157], [467, 157], [467, 197], [393, 197]], '보바', 0.5910450226732555), ([[43, 591], [135, 591], [135, 629], [43, 629]], '아입~', 0.418286750241077)]
[([[215, 43], [469, 43], [469, 85], [215, 85]], '싸워라 우주경찰', 0.8857364757297131), ([[219, 75], [433, 75], [433, 119], [219, 119]], '선랑한 시민을', 0.2508885519789263), ([[215, 109], [383, 109], [383, 151], [215, 151]], '지켜주요~', 0.5715828741118324), ([[311, 699], [581, 699], [581, 741], [311, 741]], '년 좀 이따가 보자', 0.9643536517534003)]
[([[47, 305], [173, 305], [173, 343], [47, 343]], '멈취라!!', 0.31136133181479075), ([[33, 363], [175, 363], [175, 403], [33, 403]], '경찰이다트', 0.8961915180667144), ([[463, 463], [567, 463], [567, 503], [463, 503]], '더이상', 0.9982110952433852), ([[464, 498], [494, 498], [494, 536], [464, 536]], '접', 0.9831667305962846), ([[495, 495], [531, 495], [531, 569], [495, 569]], '로', 0.6492996488355551), ([[529, 497], [597, 497], [597, 537], [529, 537]], '하면', 0.999950435665923), ([[459, 529], [497, 529], [497, 569], [459, 569]], '체', 0.9996927020631716), ([[529, 529], [591, 529], [591, 571], [529, 571]], '탓!!', 0.7817985445305234), ([[249.1686948591154, 496.8506084577346], [333.91674906695056, 463.2627431833233], [346.8313051408846, 496.1493915422654], [263.08325093304944, 529.7372568166767]], '(넷 몹"', 0.006059849347677804)]
[([[131, 275], [309, 275], [309, 437], [131, 437]], '콩 -', 0.9073948672914752)]
[([[315, 71], [355, 71], [355, 109], [315, 109]], '머', 0.8707906021829928), ([[369, 69], [569, 69], [569, 109], [369, 109]], '댐 .. 추라니까', 0.5120561507621685)]
[([[410, 554], [458, 554], [458, 586], [410, 586]], '66과', 0.00864210465519899)]
[([[177, 56], [594, 56], [594, 213], [177, 213]], '94', 0.007893303766762338), ([[123, 185], [594, 185], [594, 332], [123, 332]], '꿈장:5', 0.0009637741022743285), ([[71, 347], [111, 347], [111, 391], [71, 391]], '9', 0.9999986886982448), ([[188, 342], [414, 342], [414, 398], [188, 398]], '판도라대전', 0.998521688728097), ([[452, 346], [538, 346], [538, 394], [452, 394]], '007', 0.9999963522485745), ([[154, 466], [402, 466], [402, 594], [154, 594]], '@어9', 0.34349001029295617), ([[19, 927], [203, 927], [203, 1173], [19, 1173]], '텅', 0.13282797892790743), ([[200.96964531482686, 1106.0230905206392], [424.54959559946343, 1184.961658784327], [354.0303546851731, 1374.9769094793608], [129.45040440053654, 1295.038341215673]], '된', 0.013690146897972433)]
[([[195, 67], [299, 67], [299, 103], [195, 103]], '이보들', 0.3812327361659856), ([[193, 97], [377, 97], [377, 137], [193, 137]], '어여 타라고', 0.7687829175202501), ([[395, 141], [579, 141], [579, 181], [395, 181]], '정비논 내가', 0.7730170472464009), ([[391, 171], [575, 171], [575, 213], [391, 213]], '기가 막히게', 0.872232472098841), ([[393, 207], [497, 207], [497, 249], [393, 249]], '해끗어', 0.1360686810746489), ([[129, 262], [204, 262], [204, 302], [129, 302]], '아뇨', 0.9287322698825005), ([[131, 297], [199, 297], [199, 335], [131, 335]], '따불', 0.15446544680668275)]
[([[259, 21], [417, 21], [417, 61], [259, 61]], '어디감어?', 0.41064451373814614), ([[359, 61], [541, 61], [541, 101], [359, 101]], '이 쥐새끼들', 0.8933408011273806), ([[35, 135], [219, 135], [219, 177], [35, 177]], '곰같은 힘은', 0.8834526556916388), ([[35, 169], [207, 169], [207, 211], [35, 211]], '어따 쓰나?', 0.6446632487815495), ([[163, 239], [263, 239], [263, 281], [163, 281]], '힘없장', 0.21207606539968235), ([[161, 273], [389, 273], [389, 315], [161, 315]], '어제 험한 일흘', 0.7182771016838153), ([[163, 305], [271, 305], [271, 347], [163, 347]], '당해서', 0.9999441827157088)]
[([[361, 141], [537, 141], [537, 183], [361, 183]], '안 나오나!!', 0.8212360188666011), ([[244, 270], [414, 270], [414, 452], [244, 452]], '땅', 0.3663469004908535), ([[53, 469], [127, 469], [127, 509], [53, 509]], '가을', 0.2756487983999719)]
[([[316, 0], [492, 0], [492, 102], [316, 102]], '6양', 0.07100872447323438), ([[437, 243], [529, 243], [529, 347], [437, 347]], '텅', 0.9997787597967545)]
[([[241, 94], [442, 94], [442, 230], [241, 230]], '딱콩', 0.9883313708739802)]
[([[199, 157], [276, 157], [276, 198], [199, 198]], '어으', 0.9393971650871017)]
[([[298, 108], [514, 108], [514, 164], [298, 164]], '주인남~~', 0.9737061762334049)]
[([[65, 333], [157, 333], [157, 399], [65, 399]], '조용!', 0.9915513029944407)]
[([[226, 4], [566, 4], [566, 320], [226, 320]], '칸', 0.5111410950520145), ([[366, 256], [494, 256], [494, 390], [366, 390]], '0', 0.9860058542689423)]
[([[89, 63], [193, 63], [193, 103], [89, 103]], '찾있다', 0.2264796528341855), ([[399, 67], [547, 67], [547, 109], [399, 109]], '다 디욱어', 0.6935753759171647), ([[89, 97], [225, 97], [225, 137], [89, 137]], '쥐새끼들', 0.9286163449287415), ([[171, 967], [241, 967], [241, 1005], [171, 1005]], '아혹', 0.7781946073493924)]
[([[53, 57], [121, 57], [121, 93], [53, 93]], '크혹', 0.7754121919665765), ([[48, 82], [414, 82], [414, 130], [48, 130]], '경찰제면이 말이 아니군', 0.4994079944319364), ([[352, 294], [454, 294], [454, 336], [352, 336]], '주인남', 0.778403370587255), ([[499, 303], [599, 303], [599, 339], [499, 339]], '시끄러', 0.9988917850296112)]
[([[177, 56], [594, 56], [594, 213], [177, 213]], '94', 0.005669455513996596), ([[123, 185], [594, 185], [594, 332], [123, 332]], '꿈장:5', 0.0013242164859548211), ([[73, 349], [111, 349], [111, 393], [73, 393]], '9', 0.999999880790714), ([[188, 342], [414, 342], [414, 398], [188, 398]], '판도라대전', 0.9983523385042266), ([[452, 344], [538, 344], [538, 394], [452, 394]], '002', 0.999996902852449), ([[33, 513], [311, 513], [311, 603], [33, 603]], '과하하하하하하', 0.8777887646328909), ([[154, 630], [456, 630], [456, 708], [154, 708]], '미개하낮바주 놈들', 0.09185734132908059), ([[203, 667], [367, 667], [367, 707], [203, 707]], '쓸어주마!!', 0.9481242986087409), ([[483, 1162], [567, 1162], [567, 1310], [483, 1310]], '굽', 0.07574114725690606), ([[40, 1296], [136, 1296], [136, 1418], [40, 1418]], '3', 0.03691950251914911), ([[422, 1308], [518, 1308], [518, 1420], [422, 1420]], '콩', 0.521157490220503), ([[249, 1413], [357, 1413], [357, 1503], [249, 1503]], '*', 0.05857281295884342)]
[([[445, 125], [485, 125], [485, 197], [445, 197]], '해', 0.2471161093604337), ([[479, 92], [517, 92], [517, 197], [479, 197]], '곁', 0.005467451048276395), ([[513, 157], [585, 157], [585, 197], [513, 197]], '자고', 0.894050858886184)]
[([[105, 43], [526, 43], [526, 88], [105, 88]], '경찰관 폭행 강금 고문 죄로', 0.8593502210534977), ([[355, 179], [589, 179], [589, 425], [355, 425]], '파', 0.018579419813423925)]
[([[47, 0], [525, 0], [525, 277], [47, 277]], '빠;', 0.1426311464431874), ([[51, 917], [309, 917], [309, 1003], [51, 1003]], '널 체포하다씨', 0.1528731381804983)]
[([[401, 89], [581, 89], [581, 131], [401, 131]], '년 묵비권올', 0.947871700542112), ([[397, 121], [437, 121], [437, 163], [397, 163]], '행', 0.9997911562297759), ([[393, 119], [585, 119], [585, 203], [393, 203]], '현닮화 잇고', 0.040334498427499706), ([[25, 87], [267, 87], [267, 321], [25, 321]], '퍽', 0.9917103900608346), ([[45.15889360201312, 566.3906723224158], [142.1563760060691, 534.6728140210787], [157.8411063979869, 587.6093276775842], [60.843623993930876, 619.3271859789213]], '(신)', 0.0871320877942797)]
[([[65, 53], [201, 53], [201, 95], [65, 95]], '변호사름', 0.651828944683075), ([[97, 89], [201, 89], [201, 131], [97, 131]], '임활수', 0.6411458954216773), ([[65, 89], [101, 89], [101, 163], [65, 163]], '엇', 0.009656528519534968), ([[97, 121], [165, 121], [165, 161], [97, 161]], '으`', 0.6594153709401787), ([[405, 57], [609, 57], [609, 273], [405, 273]], '스', 0.01603865377443814)]
[([[205, 83], [533, 83], [533, 127], [205, 127]], '불리한 증업올 거부할', 0.5336496374702108), ([[207, 119], [311, 119], [311, 157], [207, 157]], '권리가', 0.9996839599248076), ([[418.23721451864014, 259.02426794265057], [589.9986228266438, 350.81820268444477], [540.7627854813599, 439.97573205734943], [368.0013771733562, 348.18179731555523]], '@ @', 0.4514485745429398)]
[([[60, 30], [412, 30], [412, 274], [60, 274]], '뼈', 0.2576492376557695), ([[403, 683], [648, 683], [648, 967], [403, 967]], '약', 0.9995996160812446), ([[70.96667006423117, 334.0766894303488], [184.76952176083853, 358.2185469050425], [171.03332993576885, 414.9233105696512], [57.23047823916147, 391.7814530949575]], '있거나', 0.5466235490220831), ([[62.03702140107718, 380.0665540877557], [198.8878865656453, 409.7521944627454], [183.9629785989228, 465.9334459122443], [47.11211343435471, 437.2478055372546]], '말거나]!', 0.5437920408848692), ([[49.96667006423117, 428.0766894303488], [163.78393879248762, 452.27426118436716], [150.03332993576885, 508.9233105696512], [36.21606120751239, 484.72573881563284]], '이돼지', 0.9981627914767992), ([[150.96667006423115, 448.0766894303488], [253.74276433616257, 472.11980609857005], [239.03332993576885, 528.9233105696512], [136.25723566383743, 504.88019390142995]], '새끼!!', 0.6530992388725281)]
[([[362, 219], [494, 219], [494, 291], [362, 291]], '코육%', 0.2957538495879304)]
[([[485, 79], [605, 79], [605, 169], [485, 169]], '효예적', 0.4045452778683072), ([[41.97158397316787, 293.03113555726975], [250.19973826022544, 352.8455378262919], [206.02841602683213, 491.96886444273025], [-2.1997382602254554, 433.1544621737081]], '과', 0.5661118305867241)]
[([[174, 236], [342, 236], [342, 426], [174, 426]], '딸', 0.1814533506060343)]
[([[167, 73], [449, 73], [449, 115], [167, 115]], '과학문명의 공포틀', 0.4933858820595228), ([[167, 103], [339, 103], [339, 147], [167, 147]], '느껴보아라', 0.8955825740220796), ([[165, 141], [471, 141], [471, 181], [165, 181]], '이 원시괴물들아~~', 0.7598351934070907), ([[11, 227], [395, 227], [395, 372], [11, 372]], '파하하하_', 0.8566072118050864)]
[([[284, 40], [565, 40], [565, 203], [284, 203]], '주억', 0.23522533013301059), ([[233, 495], [307, 495], [307, 537], [233, 537]], '까올', 0.29277475352324217)]
[([[200, 34], [532, 34], [532, 304], [200, 304]], '빠', 0.015743071774887207), ([[95, 405], [171, 405], [171, 443], [95, 443]], '"', 0.03458865724809712)]
[]
[([[5, 41], [648, 41], [648, 325], [5, 325]], '첫_약', 0.07902590329489986), ([[64, 528], [186, 528], [186, 584], [64, 584]], '어; 엄마', 0.30552180497395537), ([[114.6076433315133, 766.4975796624806], [215.66870440740615, 746.23128680366], [224.3923566684867, 800.5024203375194], [123.33129559259386, 820.76871319634]], '조1', 0.015246168800558872), ([[149.1033793898917, 856.6274346577618], [280.6359960270824, 790.7552368178461], [303.8966206101083, 847.3725653422382], [172.3640039729176, 913.2447631821539]], '">)', 0.04174051048449807)]
[([[212, 460], [316, 460], [316, 598], [212, 598]], '0', 0.7205069798899935)]
[([[288.2365201021611, 749.0987763882121], [312.700118857426, 743.0828380940585], [323.7634798978389, 792.9012236117879], [299.299881142574, 798.9171619059415]], '돌', 0.7770125218864941)]
[([[177, 56], [594, 56], [594, 213], [177, 213]], '-장', 0.009277120135757232), ([[123, 185], [594, 185], [594, 332], [123, 332]], '뜻장:5', 0.0008851306629367173), ([[73, 349], [111, 349], [111, 393], [73, 393]], '9', 0.9999996423721633), ([[188, 342], [414, 342], [414, 398], [188, 398]], '판도라대전', 0.9985340059452416), ([[452, 344], [540, 344], [540, 394], [452, 394]], '008', 0.9999958704702177)]
[([[69, 165], [171, 165], [171, 201], [69, 201]], '해치위', 0.8539089759880536)]
[([[8, 41], [590, 41], [590, 226], [8, 226]], '파바바바박', 0.9926918689478927), ([[466, 238], [630, 238], [630, 340], [466, 340]], '딱몽', 0.3371498305868434), ([[435, 759], [606, 759], [606, 874], [435, 874]], '방야', 0.6777645699607207), ([[3.6081826731439266, 727.4502758906325], [165.19770412622805, 676.9105179984886], [192.39181732685608, 789.5497241093675], [31.802295873771946, 841.0894820015114]], '땅다', 0.4120238438660987)]
[([[231, 49], [365, 49], [365, 89], [231, 89]], '장순아~', 0.9899236702655257), ([[232, 82], [371, 82], [371, 126], [232, 126]], '내가용다', 0.11847986280918121), ([[307, 157], [377, 157], [377, 195], [307, 195]], '허히', 0.9607394746962911), ([[407, 155], [477, 155], [477, 195], [407, 195]], '안녕', 0.9906690145325769), ([[309, 187], [589, 187], [589, 231], [309, 231]], '오랜만 말대가리님', 0.8215698413937034)]
[]
[([[223, 75], [523, 75], [523, 120], [223, 120]], '우리 장순이 상태가', 0.7909726803888626), ([[225, 113], [492, 113], [492, 153], [225, 153]], '왜 이 모양이야??', 0.5391893897662436)]
[([[329, 43], [537, 43], [537, 85], [329, 85]], '네놈짓이구나', 0.43192928641752065), ([[329, 79], [543, 79], [543, 119], [329, 119]], '이 경찰남치범', 0.6679834968392518), ([[115, 219], [259, 219], [259, 351], [115, 351]], '홀씬', 0.06672954986933108)]
[([[245, 41], [397, 41], [397, 79], [245, 79]], '아냐 아냐', 0.668004055199909), ([[242, 72], [600, 72], [600, 120], [242, 120]], '날치논 변태영감행이가', 0.1177501956985801), ([[276, 105], [383, 105], [383, 149], [276, 149]], '긴거구', 0.5464255736307162), ([[242, 106], [318, 106], [318, 220], [242, 220]], '쇄름', 0.012363651761091101), ([[323, 140], [585, 140], [585, 183], [323, 183]], '저 나비족 괴물이', 0.9866241190670846), ([[313, 179], [377, 179], [377, 215], [313, 215]], '어 ~', 0.7761392484031628)]
[([[347, 51], [385, 51], [385, 93], [347, 93]], '후', 0.10943547989886415), ([[349, 85], [533, 85], [533, 125], [349, 125]], '오히려 내가', 0.6699458292785602), ([[349, 119], [451, 119], [451, 159], [349, 159]], '그녀지', 0.8064722295883594), ([[349, 151], [597, 151], [597, 195], [349, 195]], '지켜주고 있없지', 0.7072240950473621)]
[([[64, 59], [314, 59], [314, 101], [64, 101]], '웃기구 지락하구', 0.8583971996415749), ([[66, 93], [249, 93], [249, 135], [66, 135]], '자빠저 잇네', 0.6281836446031673), ([[119, 161], [445, 161], [445, 203], [119, 203]], '바지는 왜 벗고 있냐?', 0.8425558853019736), ([[115, 195], [617, 195], [617, 237], [115, 237]], '네놈 장순이에게 원짓올 한거야?', 0.6532355317399304), ([[137, 315], [173, 315], [173, 365], [137, 365]], '확', 0.9212732589460302), ([[561, 533], [603, 533], [603, 551], [561, 551]], '"', 0.004503158383437844), ([[133, 821], [563, 821], [563, 863], [133, 863]], '이런 변태새끼 성뚜행범으로', 0.541130116647932), ([[279, 857], [409, 857], [409, 895], [279, 895]], '체포다!!', 0.9058115034764959), ([[125.21854690504249, 358.23047823916147], [247.02204073543922, 348.4313832678879], [248.7814530949575, 409.76952176083853], [126.97795926456078, 419.5686167321121]], '싸버훨까', 0.054109156131744385)]
[([[35, 57], [109, 57], [109, 93], [35, 93]], '아냐', 0.9999849957548995), ([[131, 71], [207, 71], [207, 111], [131, 111]], '아냐', 0.9999621523398174), ([[389, 80], [605, 80], [605, 121], [389, 121]], '바지는 더위서', 0.6479590936515486), ([[49, 121], [186, 121], [186, 161], [49, 161]], '아무짓도', 0.9993454217910767), ([[387, 113], [531, 113], [531, 155], [387, 155]], '벗은거야', 0.9024324417114258), ([[47, 151], [151, 151], [151, 193], [47, 193]], '안있어', 0.2822068236724872)]
[]
[([[59, 53], [471, 53], [471, 95], [59, 95]], '실은 우린 사랑하는 사이야', 0.7116127834304328), ([[61, 86], [433, 86], [433, 129], [61, 129]], '불거 못불거 다본 사이지', 0.6662622617665903), ([[78, 190], [238, 190], [238, 336], [78, 336]], '와', 0.8515590782283198), ([[34, 340], [166, 340], [166, 444], [34, 444]], '9', 0.10915255435686166), ([[399.7449046081527, 584.0358306426725], [562.4980220041377, 556.1559183127837], [594.2550953918472, 802.9641693573275], [431.50197799586226, 829.8440816872163]], '씩', 0.31938114122462835)]
[]
[([[81, 45], [357, 45], [357, 87], [81, 87]], '특훌름증후군인가', 0.3146634937317918), ([[311, 97], [451, 97], [451, 139], [311, 139]], '남자라면', 0.9999319314956665), ([[81, 93], [167, 93], [167, 179], [81, 179]], "'화퀴", 0.2902695100792004), ([[155, 129], [195, 129], [195, 171], [155, 171]], '지', 0.9877243018581936), ([[161, 93], [499, 93], [499, 179], [161, 179]], '장중앞가 불자락명지 ', 0.058384431339222075), ([[75, 704], [507, 704], [507, 747], [75, 747]], '장순이가 일어나면 물어보고', 0.7211952380643116), ([[77, 737], [373, 737], [373, 781], [77, 781]], '네농은 일단 따라와', 0.38242044286334814), ([[75, 771], [483, 771], [483, 813], [75, 813]], '오비완 개노무 위치도 불고', 0.7260033941306049)]
[([[484, 244], [636, 244], [636, 426], [484, 426]], '양', 0.9872197798215474), ([[211.18701329449465, 905.0685754873292], [335.63807224725036, 783.0084835033863], [590.8129867055054, 1084.931424512671], [466.36192775274964, 1206.9915164966137]], '', 0.0)]
[([[184, 40], [406, 40], [406, 92], [184, 92]], '으아아악~~', 0.9562893321852552), ([[387, 151], [485, 151], [485, 241], [387, 241]], '뭐', 0.16706245444100265), ([[373, 243], [485, 243], [485, 333], [373, 333]], '간', 0.22118690118059536), ([[90.76462184759066, 545.2820252056036], [222.93461652395652, 522.263180875636], [232.23537815240934, 601.7179747943964], [99.06538347604346, 624.736819124364]], '취리', 0.12030835114432213)]
[([[281, 51], [535, 51], [535, 95], [281, 95]], '제국군 개새끼들', 0.6881694463217765), ([[358, 838], [408, 838], [408, 870], [358, 870]], '살려', 0.9105070042229735)]
[([[187, 3], [599, 3], [599, 233], [187, 233]], '끊양', 0.1294217047971699)]
[([[201, 89], [451, 89], [451, 275], [201, 275]], '"구', 0.03888426066645229), ([[537, 133], [621, 133], [621, 269], [537, 269]], '양', 0.5402039050969485), ([[17, 683], [171, 683], [171, 821], [17, 821]], '사', 0.38005706189213484)]
[([[499, 185], [635, 185], [635, 333], [499, 333]], '폐', 0.22011134840912305), ([[20, 520], [188, 520], [188, 720], [20, 720]], '콩', 0.10230983583534581)]
[([[401, 59], [605, 59], [605, 323], [401, 323]], '빠', 0.07524912775654347), ([[535.1165477914012, 401.04893012261107], [586.5619884610904, 375.0197638525166], [646.8834522085988, 506.95106987738893], [596.4380115389096, 532.9802361474834]], '팩', 0.17662990054546768)]
[([[405, 149], [503, 149], [503, 217], [405, 217]], '아보', 0.8856101116225765), ([[-2.8561726894780897, 499.0203735209601], [104.49431898859089, 422.00678881529154], [311.8561726894781, 744.9796264790399], [203.5056810114091, 821.9932111847085]], '백', 0.11315896633745126)]
[([[141, 43], [465, 43], [465, 155], [141, 155]], '@분분보묘보회', 0.006566633716934149), ([[16, 744], [616, 744], [616, 955], [16, 955]], '패쎄@', 0.009408365530972742)]
[([[208, 32], [507, 32], [507, 221], [208, 221]], '@:', 0.05352451239742293), ([[282, 652], [552, 652], [552, 918], [282, 918]], '탁', 0.5307647175585686)]
[]
[([[161, 239], [279, 239], [279, 305], [161, 305]], '히각!', 0.4502534353715477), ([[35, 645], [137, 645], [137, 707], [35, 707]], '농', 0.00954436989184515)]
[([[342.30954032324405, 106.0216911395801], [531.9564960855547, 205.02265997358901], [486.69045967675595, 286.9783088604199], [297.0435039144453, 187.97734002641099]], '이히히히', 0.009966137818992138)]
[([[351, 73], [421, 73], [421, 111], [351, 111]], '이보', 0.3369450586285763), ([[349, 103], [567, 103], [567, 145], [349, 145]], '장순이 데리고', 0.9981150468590227), ([[349, 139], [419, 139], [419, 177], [349, 177]], '어서', 0.9998856996601944), ([[429, 141], [491, 141], [491, 177], [429, 177]], '타!!', 0.8830059074826915)]
[([[83, 79], [149, 79], [149, 115], [83, 115]], '아양', 0.7715146251562145), ([[475, 77], [607, 77], [607, 119], [475, 119]], '거기섯!!', 0.6508627965988835), ([[60, 448], [139, 448], [139, 602], [60, 602]], '콩', 0.04022152970607351), ([[490, 1012], [646, 1012], [646, 1108], [490, 1108]], '따가', 0.46766406605067234)]
[([[208, 466], [484, 466], [484, 614], [208, 614]], '개 춤', 0.00861741611333965), ([[26.20883699001878, 426.03134607423664], [199.95399271293078, 489.041861663996], [166.79116300998123, 571.9686539257634], [-6.953992712930795, 508.958138336004]], '~엇', 0.0023350196753477398)]
[([[32, 254], [60, 254], [60, 282], [32, 282]], '여', 0.6228196241352322), ([[223.9194081923158, 333.05855536930545], [405.57383533818313, 359.1118038644587], [389.0805918076842, 444.94144463069455], [207.42616466181684, 418.8881961355413]], '개 탑', 0.0026243918920045603)]
[([[37, 125], [183, 125], [183, 163], [37, 163]], '에이 씨발', 0.9985829809058052), ([[325, 495], [597, 495], [597, 537], [325, 537]], '나는 안 데꾸가나 .', 0.9668008460145183)]
[([[181, 59], [592, 59], [592, 210], [181, 210]], '-작적', 0.0015575169986508548), ([[123, 185], [594, 185], [594, 332], [123, 332]], '꿈장:5', 0.0009092757245525718), ([[73, 349], [111, 349], [111, 393], [73, 393]], '9', 0.9999996423721633), ([[188, 342], [414, 342], [414, 398], [188, 398]], '판도라대전', 0.9981458716796489), ([[452, 344], [538, 344], [538, 394], [452, 394]], '009', 0.9999775629156988)]
[]
[([[403, 115], [509, 115], [509, 157], [403, 157]], '정리는', 0.620061398926576), ([[405, 151], [541, 151], [541, 189], [405, 189]], '다 뒷나?', 0.1692901246825149), ([[223.43826238111393, 307.7506099048912], [287.6034917275611, 283.8046698030908], [294.56173761888607, 302.2493900951088], [229.39650827243887, 327.1953301969092]], '74441)', 0.0448901775995927), ([[283.5430712064641, 402.3775281716354], [350.04135329810185, 365.8016195251211], [360.4569287935359, 389.6224718283646], [293.95864670189815, 426.1983804748789]], '', 0.0)]
[([[277, 95], [495, 95], [495, 137], [277, 137]], '나비족 진영은', 0.962486796859459), ([[347, 131], [417, 131], [417, 169], [347, 169]], '거의', 0.9999028950419884), ([[277, 163], [521, 163], [521, 205], [277, 205]], '귀결상태입니다', 0.4795274759519856), ([[170, 576], [566, 576], [566, 625], [170, 625]], '만 동행햇터 우주경찰과는', 0.30963477056300603), ([[137, 615], [545, 615], [545, 657], [137, 657]], '연락이 당지 않고 있습니다', 0.4759061227570721)]
[([[42, 116], [436, 116], [436, 218], [42, 218]], '규오오 오요 -', 0.3834362918250631)]
[([[307, 29], [475, 29], [475, 67], [307, 67]], '레아공주의', 0.7708721517653688), ([[36, 46], [233, 46], [233, 95], [36, 95]], '딴건 다 뒷고', 0.8761841773471823), ([[307, 57], [477, 57], [477, 102], [307, 102]], '드로이드하', 0.996996401296385), ([[373, 131], [625, 131], [625, 169], [373, 169]], '개노무 일딩이나', 0.832929561101945), ([[453, 163], [557, 163], [557, 201], [453, 201]], '찾아와', 0.9991375973036465)]
[([[38, 64], [367, 64], [367, 106], [38, 106]], '전장이 너무 흔란해서', 0.5959242081329074), ([[347, 131], [551, 131], [551, 173], [347, 173]], '아직 찾지 못.', 0.8507494297271125)]
[([[136, 30], [464, 30], [464, 322], [136, 322]], '탕', 0.4908347200771601)]
[([[61, 149], [177, 149], [177, 233], [61, 233]], '입뉴잎', 0.037852821616259275), ([[144, 152], [286, 152], [286, 232], [144, 232]], '위 릎움위', 0.04649624223952304), ([[42, 423], [155, 423], [155, 484], [42, 484]], '구아평', 0.35464486674612894)]
[([[57, 97], [285, 97], [285, 139], [57, 139]], '모두 다 들어라', 0.8209902035332809), ([[68, 193], [166, 193], [166, 231], [68, 231]], '레아의', 0.8177669061866277), ([[68, 223], [237, 223], [237, 265], [68, 265]], '드로이드트', 0.5838307032527306), ([[63, 255], [209, 255], [209, 339], [63, 339]], '출본길다', 0.11498491060168492), ([[45, 433], [229, 433], [229, 475], [45, 475]], '정신들 바짝', 0.9054164064419886), ([[47, 469], [131, 469], [131, 507], [47, 507]], '차려!', 0.9201121324075975)]
[([[69, 93], [321, 93], [321, 137], [69, 137]], '잘 와주석습니다', 0.6011876435690723), ([[71, 129], [139, 129], [139, 169], [71, 169]], '장군', 0.9997048162350524)]
[([[174, 32], [512, 32], [512, 368], [174, 368]], '당', 0.4046516389843333), ([[122.00496280979002, 268.0496280979001], [311.7192104681792, 302.6469279919145], [292.99503719021, 387.9503719020999], [102.28078953182079, 353.3530720080855]], '뜻애', 0.10331020651889385)]
[([[70, 32], [108, 32], [108, 64], [70, 64]], '아', 0.9978089426648609), ([[451, 29], [541, 29], [541, 65], [451, 65]], '그래?', 0.9999651743704464), ([[69, 59], [207, 59], [207, 101], [69, 101]], '이사람은', 0.9968370199203491), ([[449, 59], [585, 59], [585, 101], [449, 101]], '못생겨서', 0.9880033135414124), ([[69, 95], [209, 95], [209, 135], [69, 135]], '채국회사', 0.8151205778121948), ([[452, 98], [518, 98], [518, 130], [452, 130]], '그만', 0.9999667884449074), ([[67, 127], [241, 127], [241, 169], [67, 169]], '사장인데요', 0.9302473961826475), ([[350, 318], [402, 318], [402, 386], [350, 386]], '꿈', 0.11506269868754604), ([[393, 473], [433, 473], [433, 511], [393, 511]], '뭐', 0.999987721480867), ([[469, 471], [543, 471], [543, 513], [469, 513]], '뒷고', 0.7318901172145542)]
[([[341, 63], [435, 63], [435, 101], [341, 101]], '자!자!', 0.8753923773765564), ([[340, 92], [552, 92], [552, 170], [340, 170]], '실)어진말꽃', 0.19079850324400038), ([[375, 127], [595, 127], [595, 169], [375, 169]], '로이드나 찾아', 0.9909917389145749), ([[21, 387], [96, 387], [96, 427], [21, 427]], '.04', 0.006408568959842031)]
[([[333, 37], [397, 37], [397, 77], [333, 77]], '호~', 0.8702834839520435), ([[401, 35], [587, 35], [587, 80], [401, 80]], '저놈 뒤직군', 0.23904568963708078), ([[333, 71], [547, 71], [547, 113], [333, 113]], '저놈 우주선이', 0.9146416257016794), ([[333, 105], [551, 105], [551, 147], [333, 147]], '기지내 어단가', 0.6895046179619541), ([[333, 137], [473, 137], [473, 181], [333, 181]], '있들꺼야', 0.2273295670747757), ([[104, 366], [132, 366], [132, 390], [104, 390]], "'1벼", 0.018713533013447994), ([[213, 575], [239, 575], [239, 591], [213, 591]], '거', 0.012483283646420651), ([[210.21114561800016, 589.1055728090001], [276.82384301035023, 578.1792706453424], [278.78885438199984, 595.8944271909999], [213.1761569896498, 606.8207293546576]], '"비', 0.009262457478913695)]
[([[93, 61], [505, 61], [505, 103], [93, 103]], '네놓들이 올줄 알고 있있다', 0.39947231193757676), ([[95, 95], [309, 95], [309, 135], [95, 135]], '우리 나비족의', 0.8988604898089979), ([[319, 95], [556, 95], [556, 137], [319, 137]], '철단전투능력올', 0.3524085102721413), ([[95, 129], [233, 129], [233, 169], [95, 169]], '보여주마', 0.9994597434997559)]
[([[32, 24], [180, 24], [180, 104], [32, 104]], "'물내", 0.09020851331903126), ([[37, 61], [107, 61], [107, 101], [37, 101]], '어떻', 0.9744609338648015), ([[145, 61], [187, 61], [187, 101], [145, 101]], '빠', 0.9031675893353999), ([[178, 24], [324, 24], [324, 102], [178, 102]], '슬들리고', 0.012467381544411182), ([[227, 63], [343, 63], [343, 101], [227, 101]], '나가나.', 0.9947424530982971), ([[256, 402], [326, 402], [326, 434], [256, 434]], '자.-41', 0.002332793321595801)]
[]
[([[400, 168], [454, 168], [454, 260], [400, 260]], '통', 0.9987821712727261), ([[109, 295], [165, 295], [165, 333], [109, 333]], '응?', 0.4589879094583201)]
[([[439, 153], [531, 153], [531, 193], [439, 193]], '뭐야?', 0.5404263734817505), ([[55, 215], [293, 215], [293, 351], [55, 351]], '씨욕', 0.111599479616045), ([[156.85033209803825, 586.4856974058804], [256.18999042353744, 571.2716341428128], [261.1496679019617, 616.5143025941196], [161.81000957646256, 632.7283658571872]], '늑너04', 0.001972420606762171)]
[([[348, 258], [474, 258], [474, 424], [348, 424]], '움', 0.9846464629032745), ([[480, 416], [584, 416], [584, 548], [480, 548]], '움', 0.888268827272217), ([[71.82914291162355, 116.05725769856025], [156.57974746034938, 87.28057582298426], [201.17085708837644, 241.94274230143975], [116.42025253965062, 269.71942417701575]], '움', 0.8630013908010028)]
[([[16, 96], [236, 96], [236, 292], [16, 292]], '@', 0.3053075042064535), ([[129, 441], [339, 441], [339, 625], [129, 625]], '때', 0.043364916392762076)]
[([[111, 115], [337, 115], [337, 157], [111, 157]], '역시 멋진 나의', 0.9949632397766605), ([[111, 149], [297, 149], [297, 191], [111, 191]], '제다이 검술', 0.5290955565359392), ([[312, 406], [364, 406], [364, 460], [312, 460]], '부들', 0.997498995794217), ([[360.52714844085955, 460.02804690322023], [391.4101970829502, 454.02108829538287], [411.47285155914045, 551.9719530967798], [380.5898029170498, 558.9789117046171]], '불', 0.3792482091719229)]
[([[165, 56], [544, 56], [544, 195], [165, 195]], '-장적', 0.0009013600684997207), ([[118, 173], [543, 173], [543, 301], [118, 301]], '음장:~', 0.000207231190870516), ([[67, 319], [103, 319], [103, 359], [67, 359]], '9.', 0.9198754220791594), ([[172, 314], [378, 314], [378, 364], [172, 364]], '판도라대전', 0.9982554511617919), ([[412, 314], [494, 314], [494, 362], [412, 362]], '010', 0.9947016835212708), ([[407, 525], [487, 525], [487, 561], [407, 561]], '어이!', 0.9536440922497943), ([[407, 565], [489, 565], [489, 601], [407, 601]], '거기!', 0.7532448962535563), ([[71, 945], [111, 945], [111, 981], [71, 981]], '예', 0.999974966205869), ([[128, 946], [164, 946], [164, 978], [128, 978]], '예', 0.9999738933359801), ([[141.400119964012, 825.0605878236588], [162.43648197148448, 816.0319225939054], [189.599880035988, 879.9394121763412], [168.56351802851552, 889.9680774060946]], '불', 0.5229491336513128)]
[([[201, 83], [427, 83], [427, 119], [201, 119]], '꾸물거리지 말고', 0.9079205343796599), ([[201, 123], [367, 123], [367, 161], [201, 161]], '빨리 따라와', 0.9940180514912383), ([[142, 526], [228, 526], [228, 556], [142, 556]], '예~예', 0.5695705413818359)]
[([[34, 58], [286, 58], [286, 90], [34, 90]], '에이~ 이번 장군놈은', 0.9179889722679563), ([[35, 82], [295, 82], [295, 118], [35, 118]], '성격이 완전 지락이야', 0.7052708391095053), ([[350, 78], [432, 78], [432, 108], [350, 108]], '참아요', 0.9960363601647381), ([[350, 102], [520, 102], [520, 134], [350, 134]], '어차피 두어번', 0.9940573898020018), ([[350, 130], [494, 130], [494, 160], [350, 160]], '작전 나가면', 0.9993344384137871), ([[348, 156], [556, 156], [556, 188], [348, 188]], '다 디질 놈들인데', 0.7204382147204909)]
[([[28, 158], [80, 158], [80, 234], [28, 234]], '(0', 0.5444403758421461)]
[([[353, 116], [597, 116], [597, 290], [353, 290]], '어액', 0.46016935533679504), ([[16, 362], [200, 362], [200, 508], [16, 508]], '뿐', 0.010913532499259526), ([[45, 709], [205, 709], [205, 867], [45, 867]], '(', 0.07354417104865263), ([[174, 776], [406, 776], [406, 946], [174, 946]], '럿', 0.005836927646243106)]
[([[48, 100], [78, 100], [78, 130], [48, 130]], '오', 0.9999980926522767), ([[48, 126], [218, 126], [218, 158], [48, 158]], '여기가 좋은데', 0.9778024418344249), ([[48, 151], [246, 151], [246, 184], [48, 184]], '아숙하고 말이야', 0.41443213014137764), ([[330, 154], [438, 154], [438, 184], [330, 184]], '맞습니다', 0.901054859161377), ([[330, 180], [474, 180], [474, 212], [330, 212]], '은페 엄페도', 0.4081465904199958), ([[328, 203], [555, 203], [555, 239], [328, 239]], '완벽한 공간입니다', 0.9135313106050387)]
[([[122, 58], [302, 58], [302, 90], [122, 90]], '자 헬넷들 벗고', 0.3242736419112332), ([[118, 80], [381, 80], [381, 119], [118, 119]], '가져온것들 다 꺼내와', 0.640332756275075), ([[54, 352], [110, 352], [110, 382], [54, 382]], '야호', 0.9749718687332324)]
[([[382, 94], [498, 94], [498, 126], [382, 126]], '군생활 다', 0.7307365648270143), ([[388, 120], [498, 120], [498, 152], [388, 152]], '이런맛에', 0.9776856303215027), ([[342, 144], [545, 144], [545, 182], [342, 182]], '하느거 아니깊나', 0.6857997006315291)]
[([[165, 253], [185, 253], [185, 317], [165, 317]], '불', 0.20849905538924762), ([[246, 674], [302, 674], [302, 704], [246, 704]], '자아', 0.8574824357368094), ([[244, 700], [296, 700], [296, 730], [244, 730]], '어여', 0.9982919629055436), ([[306, 700], [360, 700], [360, 730], [306, 730]], '먹어', 0.9971478511295568), ([[244, 726], [376, 726], [376, 758], [244, 758]], '놀아 놀아~', 0.9620305480808695)]
[([[24, 264], [130, 264], [130, 366], [24, 366]], '건', 0.9797624007599701), ([[83, 369], [187, 369], [187, 461], [83, 461]], '배', 0.9629847772299769)]
[([[40, 102], [158, 102], [158, 132], [40, 132]], '어이 너도', 0.9240795870601344), ([[396, 110], [532, 110], [532, 142], [396, 142]], '괜찮습니다', 0.7527383193823115), ([[40, 128], [68, 128], [68, 160], [40, 160]], '헬', 0.9764923726486394), ([[66, 128], [96, 128], [96, 184], [66, 184]], '옛', 0.5650216823384291), ([[130, 128], [220, 128], [220, 160], [130, 160]], '고 앉아', 0.6775087205114365), ([[333, 109], [393, 109], [393, 199], [333, 199]], '절툼', 0.002627121803798596), ([[398, 138], [478, 138], [478, 170], [398, 170]], '불데니', 0.9840437890150995), ([[40, 154], [68, 154], [68, 204], [40, 204]], '평', 0.1360761509574795), ([[102, 128], [132, 128], [132, 212], [102, 212]], '뭐', 0.9967194326999476), ([[128, 154], [156, 154], [156, 184], [128, 184]], '어', 0.9292623816858507), ([[361, 161], [533, 161], [533, 197], [361, 197]], '히들 쉬십시요', 0.8921345773650079), ([[66, 180], [96, 180], [96, 212], [66, 212]], '생', 0.9997428820919687), ([[138, 180], [212, 180], [212, 212], [138, 212]], '있니~', 0.9943331357549945), ([[291.5697127830433, 325.03101820299895], [313.5259715326044, 323.046467547683], [320.4302872169567, 399.96898179700105], [299.4740284673956, 401.953532452317]], '불', 0.20113012257658713)]
[([[46, 44], [232, 44], [232, 76], [46, 76]], '재는 신입인가?', 0.6314043746222775), ([[302, 70], [506, 70], [506, 102], [302, 102]], '한명 꼼은 보조클', 0.15713732658602952), ([[302, 96], [488, 96], [488, 128], [302, 128]], '서논것도 종조~', 0.5532043050077313), ([[240, 590], [326, 590], [326, 622], [240, 622]], '그런가', 0.9947459923555816)]
[([[38, 52], [149, 52], [149, 88], [38, 88]], '그나저나', 0.9960298538208008), ([[262, 54], [350, 54], [350, 84], [262, 84]], '신경 꺼', 0.9728424298036568), ([[39, 81], [171, 81], [171, 113], [39, 113]], '드로이드틀', 0.286588278818245), ([[260, 80], [430, 80], [430, 112], [260, 112]], '사람들 많은데', 0.5249055783277757), ([[38, 108], [208, 108], [208, 140], [38, 140]], '찾아야 하느거', 0.5906797887257237), ([[260, 106], [430, 106], [430, 138], [260, 138]], '누군가 찾켓지', 0.20818976457943256), ([[38, 136], [162, 136], [162, 166], [38, 166]], '아니예요?', 0.9994502286606676)]
[([[90, 164], [200, 164], [200, 196], [90, 196]], '안되켓어', 0.5904222130775452), ([[113, 187], [235, 187], [235, 249], [113, 249]], '허닭금둘', 0.007147496100515127), ([[90, 190], [118, 190], [118, 274], [90, 274]], '쥐', 0.11384707876786226), ([[142, 216], [226, 216], [226, 246], [142, 246]], '버리고', 0.9997132095874963), ([[116, 244], [234, 244], [234, 276], [116, 276]], '어야 켓다', 0.41941635206045624), ([[345, 291], [385, 291], [385, 331], [345, 331]], '%', 0.7657085530902386)]
[([[511, 129], [580, 129], [580, 255], [511, 255]], '출', 0.48798340806257556)]
[([[576, 768], [630, 768], [630, 850], [576, 850]], '값', 0.1298889270458483), ([[25, 815], [201, 815], [201, 927], [25, 927]], '뜻의', 0.042611401504237215), ([[508.25995562830275, 959.2578535733992], [620.0851020737088, 946.8153906205057], [623.7400443716972, 1003.7421464266008], [510.9148979262913, 1015.1846093794943]], '투두두', 0.07468895018864347), ([[317.79907800167763, 1020.1588936020131], [436.1475728898836, 993.2075746879992], [445.20092199832237, 1039.8411063979868], [326.8524271101164, 1066.792425312001]], '타타다)', 0.5258934497833252)]
[([[114, 54], [370, 54], [370, 86], [114, 86]], '누가 오나 잘보고있어', 0.9093998920870667), ([[234, 104], [486, 104], [486, 136], [234, 136]], '이제 본격적으로다가', 0.967365827597911), ([[236, 132], [388, 132], [388, 162], [236, 162]], '놀아보자고~', 0.9002286495863863), ([[66, 194], [328, 194], [328, 314], [66, 314]], '올레명', 0.4449385013805868), ([[181, 729], [349, 729], [349, 845], [181, 845]], '@력', 0.012650346772050415)]
[([[235, 243], [325, 243], [325, 303], [235, 303]], '양~', 0.9030252007304065), ([[173, 587], [351, 587], [351, 671], [173, 671]], '피랑', 0.49861283202777634), ([[415.24844317292917, 550.1403476721608], [474.6575049005694, 498.01966816049134], [581.7515568270708, 633.8596523278392], [522.3424950994306, 686.9803318395086]], '중', 0.3627444542400191)]
[([[234, 88], [450, 88], [450, 118], [234, 118]], '이런 짝이 안 맞네', 0.6528164640499118)]
[([[56, 78], [128, 78], [128, 108], [56, 108]], '어때?', 0.6864545345306396), ([[56, 104], [114, 104], [114, 132], [56, 132]], '네가', 0.9986053086420139), ([[56, 130], [208, 130], [208, 162], [56, 162]], '상대해줄래?', 0.9357591249529155)]
[([[390, 108], [450, 108], [450, 156], [390, 156]], '콜!', 0.6931006125594478), ([[58, 204], [214, 204], [214, 354], [58, 354]], '맛', 0.23114256473963568), ([[110, 772], [204, 772], [204, 802], [110, 802]], '몸마나!', 0.8610098361968994)]
[([[416, 62], [560, 62], [560, 94], [416, 94]], '웬 노인네가', 0.5818754475923177), ([[416, 90], [498, 90], [498, 120], [416, 120]], '나왕어', 0.3563728928565979), ([[91, 271], [131, 271], [131, 319], [91, 319]], '뜰', 0.033564981497250734), ([[150.57006641960766, 211.09713948117607], [160.3846153846154, 209.07692307692307], [162.42993358039234, 233.90286051882393], [153.6153846153846, 234.92307692307693]], ';', 0.7764915126808916), ([[63.006498598929184, 285.12534453582384], [94.05246962316843, 277.14094471504905], [106.99350140107082, 331.87465546417616], [76.94753037683157, 339.85905528495095]], '부', 0.38121270405468977)]
[([[122, 104], [246, 104], [246, 136], [122, 136]], '맛! 저놈은', 0.3888746091475148), ([[121, 129], [347, 129], [347, 165], [121, 165]], '오비완 개노무 탓!!', 0.4955808337643494)]
[([[166, 57], [543, 57], [543, 192], [166, 192]], '-4적', 0.005548170311918118), ([[118, 172], [544, 172], [544, 300], [118, 300]], '뜻장:올', 0.0003818534896709025), ([[108, 352], [140, 352], [140, 388], [108, 388]], '9', 0.9999996423721633), ([[184, 344], [384, 344], [384, 394], [184, 394]], '판도라대전', 0.9977480675612861), ([[419, 347], [493, 347], [493, 389], [419, 389]], '011', 0.9944956484481514), ([[66, 460], [232, 460], [232, 492], [66, 492]], '저놈 잡아라!!', 0.8978991122271177), ([[68, 486], [264, 486], [264, 518], [68, 518]], '오비완을 잡으면', 0.2823796452905891), ([[67, 511], [284, 511], [284, 548], [67, 548]], '일계급 특친이다!!', 0.5932118686446326), ([[70, 1046], [94, 1046], [94, 1070], [70, 1070]], '어', 0.9998757877776967)]
[([[437, 327], [577, 327], [577, 471], [437, 471]], '팔', 0.16053558272190926), ([[238.70989945115647, 86.03621023058534], [393.75680605510564, 24.30889142716201], [491.2901005488435, 309.9637897694147], [336.24319394489436, 371.691108572838]], '붕', 0.23254000293971533)]
[([[102, 226], [134, 226], [134, 252], [102, 252]], '오1', 0.012792456225365564), ([[263, 161], [377, 161], [377, 293], [263, 293]], '떼', 0.12414644578493395), ([[446, 546], [500, 546], [500, 578], [446, 578]], '아흥', 0.7284653420223245)]
[([[281.4221029027534, 239.0098253409509], [631.6583617586273, 439.60898488374], [555.5778970972466, 566.9901746590491], [205.34163824137272, 366.39101511626]], '`낫고건(?', 7.970776559261104e-05)]
[]
[([[194, 103], [563, 103], [563, 249], [194, 249]], '방글심러', 0.02071111463010311), ([[36.3500052999841, 267.76000847997454], [139.51377738898327, 219.4428426432515], [155.6499947000159, 260.23999152002546], [51.48622261101673, 308.5571573567485]], '아흐흐흥', 0.14088724553585052)]
[([[268.2498071556772, 623.0216637932158], [390.76137943700223, 737.520646280811], [312.7501928443228, 821.9783362067842], [190.23862056299777, 708.479353719189]], '예:', 0.01504327124762069), ([[125.70476287549462, 714.021911265814], [144.24505314400528, 707.0150695335572], [173.29523712450538, 784.978088734186], [155.75494685599472, 791.9849304664428]], '1', 0.002800316513745571)]
[([[111, 143], [339, 143], [339, 323], [111, 323]], '부양', 0.7047737207469994), ([[440, 196], [546, 196], [546, 292], [440, 292]], '뼈', 0.12506505784495303), ([[177.200159952016, 637.0807837648783], [246.955347095035, 659.4039887938989], [234.799840047984, 693.9192162351217], [166.044652904965, 671.5960112061011]], '아흥!', 0.8328335122069197), ([[243.16756942214056, 659.0875762840607], [312.9181396745372, 678.1949028066019], [301.83243057785944, 713.9124237159393], [232.0818603254628, 694.8050971933981]], '아흥!', 0.8115436157895608)]
[([[342, 102], [424, 102], [424, 134], [342, 134]], '켜켜켜', 0.02520896755196418), ([[449, 369], [491, 369], [491, 411], [449, 411]], '', 0.0)]
[([[318, 734], [546, 734], [546, 954], [318, 954]], '파', 0.7399693477057099)]
[]
[([[371, 997], [559, 997], [559, 1187], [371, 1187]], '연', 0.019227644901534058)]
[([[462, 358], [492, 358], [492, 384], [462, 384]], '아', 0.9942388305614855), ([[42, 404], [72, 404], [72, 434], [42, 434]], '양', 0.9837734352397867), ([[187.35418710061322, 22.023200698523688], [292.6628639766047, 118.55975662630854], [239.64581289938678, 178.97679930147632], [133.33713602339532, 83.44024337369146]], '아위때', 0.0017855045636813865), ([[307.20883699001877, 93.03134607423664], [380.73041974303504, 130.12354933271916], [325.79116300998123, 238.96865392576336], [252.26958025696496, 201.87645066728084]], '물', 0.7933649344579408)]
[([[339, 125], [425, 125], [425, 215], [339, 215]], '(병', 0.35224735734658)]
[([[44.96308413307236, 112.14897210489205], [350.7404683714031, 90.19651262797296], [350.03691586692764, 207.85102789510793], [44.2595316285969, 229.80348737202704]], '파바박', 0.9902001289853318), ([[525.9904649372536, 490.6799763682325], [623.9168598637845, 464.0175820046984], [637.0095350627464, 524.3200236317675], [539.0831401362155, 549.9824179953016]], '아따거', 0.44370433563284584)]
[([[330.52230268352616, 329.03827663786205], [357.1931658047286, 339.95304524892], [334.47769731647384, 396.96172336213795], [307.8068341952714, 386.04695475108]], '주', 0.6890459219949321), ([[386.472628084549, 399.04671727347454], [409.3631631259331, 386.02206236734844], [450.527371915451, 460.95328272652546], [428.6368368740669, 473.97793763265156]], '불', 0.9175351606805329)]
[([[54, 100], [110, 100], [110, 128], [54, 128]], '허어', 0.9969573435613417), ([[54, 126], [128, 126], [128, 156], [54, 156]], '싸다 ~', 0.28725305311113913), ([[54, 152], [182, 152], [182, 184], [54, 184]], '개운히군~', 0.7609142692823564), ([[182, 696], [230, 696], [230, 752], [182, 752]], '늘', 0.8986502340690983)]
[([[166, 57], [543, 57], [543, 192], [166, 192]], '-4적', 0.003953917589826682), ([[118, 173], [543, 173], [543, 301], [118, 301]], '음장:~', 0.0001887118414742872), ([[67, 319], [103, 319], [103, 361], [67, 361]], '9.', 0.9284698041215673), ([[171, 310], [378, 310], [378, 365], [171, 365]], '판도라대전', 0.9978122187406055), ([[412, 314], [494, 314], [494, 362], [412, 362]], '012', 0.9538694111643256), ([[30, 480], [240, 480], [240, 528], [30, 528]], '채출회사 기지', 0.395290907437644)]
[([[40, 34], [304, 34], [304, 82], [40, 82]], '홀~~아무도 없군', 0.586421032782305), ([[158.15350102802535, 300.1219034952862], [218.93615084917658, 312.38435546710815], [212.84649897197465, 339.8780965047138], [151.06384915082342, 326.61564453289185]], '자꼬', 0.0005456020203123343)]
[([[325, 25], [559, 25], [559, 67], [325, 67]], '아이고 삭신이야', 0.9233671238802842), ([[327, 57], [519, 57], [519, 101], [327, 101]], '오랜만에 심한', 0.952133451326149), ([[327, 89], [509, 89], [509, 133], [327, 133]], '운동올 햇네.', 0.744340573103337), ([[99, 179], [129, 179], [129, 199], [99, 199]], '위"', 0.018350893971162498), ([[74, 376], [184, 376], [184, 424], [74, 424]], '-르-,', 0.003941370639950037)]
[([[39, 105], [275, 105], [275, 147], [39, 147]], '올~여기 우주선이', 0.7905315801068304), ([[37, 137], [201, 137], [201, 179], [37, 179]], '겁나 망구만', 0.7190537750255265), ([[371.0220279500418, 335.1638810551212], [426.8460498941515, 343.0513167019495], [421.9779720499582, 369.8361189448788], [367.1539501058485, 362.9486832980505]], '1빠"', 0.15947826287981726), ([[357.6286093236459, 503.07152330911475], [371.3259906833194, 501.0546270183737], [375.3713906763541, 529.9284766908853], [361.6740093166806, 531.9453729816263]], '들', 0.943950957822782)]
[([[373, 27], [537, 27], [537, 71], [373, 71]], '어디 쓸만한', 0.984540882877952), ([[373, 61], [501, 61], [501, 103], [373, 103]], '우주선이', 0.999242901802063), ([[373, 93], [509, 93], [509, 135], [373, 135]], '어디 있냐', 0.9775471996890109), ([[25, 241], [37, 241], [37, 271], [25, 271]], '5', 0.1878083377926112), ([[445, 491], [481, 491], [481, 539], [445, 539]], '부', 0.9999645951543847), ([[411, 529], [449, 529], [449, 581], [411, 581]], '들', 0.9995549220474373)]
[([[326, 68], [424, 68], [424, 118], [326, 118]], '어이구', 0.9936538258403987), ([[416, 96], [530, 96], [530, 168], [416, 168]], '규볕', 0.0028556957925824347), ([[217, 291], [291, 291], [291, 331], [217, 331]], '(파', 0.6914563385724134), ([[223, 341], [311, 341], [311, 379], [223, 379]], '(파 -', 0.9705658235267498)]
[([[51, 75], [305, 75], [305, 117], [51, 117]], '원소린지 모르켓고', 0.21516735142134888), ([[86, 107], [279, 107], [279, 150], [86, 150]], '너만 여기까지', 0.9634837672648605), ([[57, 139], [309, 139], [309, 183], [57, 183]], '온거보니 딴념들은', 0.7709167346891866), ([[89, 173], [275, 173], [275, 215], [89, 215]], '글럽나보구만', 0.2261508443702609), ([[91, 345], [244, 345], [244, 447], [91, 447]], '@파', 0.2633929272514495), ([[175, 655], [402, 655], [402, 697], [175, 697]], '뭐 슬픔 일이지만', 0.5162537107452105), ([[205, 689], [367, 689], [367, 729], [205, 729]], '어절수 없지', 0.937930896243893), ([[227.8719580218869, 373.0579928123029], [347.80633703523887, 396.01645167061633], [327.1280419781131, 491.9420071876971], [206.19366296476116, 467.98354832938367]], "@'", 0.8722583261950932)]
[([[313, 43], [405, 43], [405, 79], [313, 79]], '그래도', 0.9999487939921813), ([[313, 71], [573, 71], [573, 115], [313, 115]], '네가 내결에 있으니', 0.619307537696711), ([[313, 105], [443, 105], [443, 143], [313, 143]], '우리의 미', 0.999669100838868), ([[309, 137], [375, 137], [375, 177], [309, 177]], '아직', 0.9998221449321005), ([[370, 98], [579, 98], [579, 185], [370, 185]], '금미려왕앉다', 0.0018363897258150098), ([[447, 261], [573, 261], [573, 375], [447, 375]], '불', 0.9901551324927347), ([[51, 409], [117, 409], [117, 477], [51, 477]], '부들', 0.3544879697873603), ([[205, 523], [351, 523], [351, 583], [205, 583]], '15박:', 0.0006856676773168147)]
[([[152, 234], [250, 234], [250, 308], [152, 308]], '후브', 0.06907486385715045), ([[472, 272], [648, 272], [648, 526], [472, 526]], '%', 0.94633198618817)]
[([[194, 78], [228, 78], [228, 108], [194, 108]], '자', 0.9998532587482067), ([[256, 78], [318, 78], [318, 110], [256, 110]], '가자', 0.9811065179230951), ([[195, 107], [349, 107], [349, 147], [195, 147]], '얼데란으로-', 0.9063391045760594), ([[364, 456], [420, 456], [420, 488], [364, 488]], '기)', 0.013592920474711561)]
[]
[([[358, 34], [506, 34], [506, 82], [358, 82]], '출발준비!', 0.9922700085065066)]
[([[33, 53], [361, 53], [361, 97], [33, 97]], '후크는 어찌 뒷올까나 ?', 0.15295362053846512), ([[391, 205], [559, 205], [559, 247], [391, 247]], '개노무 영감', 0.9821607268563408), ([[392, 382], [456, 382], [456, 422], [392, 422]], '(파', 0.9180196003996792), ([[430.9859597468732, 412.2761315696845], [472.67792257405534, 408.91161778980194], [474.0140402531268, 432.7238684303155], [432.32207742594466, 435.08838221019806]], '(다', 0.8588551205263193)]
[([[317, 45], [413, 45], [413, 81], [317, 81]], '개노무', 0.9822681446555699), ([[431, 43], [529, 43], [529, 79], [431, 79]], '머시라', 0.9898732336670398), ([[315, 73], [537, 73], [537, 115], [315, 115]], '네가 나 불컷나?', 0.5229176445111317), ([[454, 260], [478, 260], [478, 292], [454, 292]], '끄', 0.7350999069513477)]
[([[24, 12], [112, 12], [112, 64], [24, 64]], '우어', 0.977410911812819), ([[166, 27], [433, 27], [433, 69], [166, 69]], "'손들어 이 사기군아", 0.5792700915827851), ([[397, 99], [503, 99], [503, 139], [397, 139]], '올마나!', 0.9636298418045044), ([[397, 129], [531, 129], [531, 171], [397, 171]], '한 슬로양', 0.6987465236415492), ([[254, 313], [333, 313], [333, 344], [254, 344]], '영균행미-', 0.1596514498338341), ([[480, 492], [581, 492], [581, 547], [480, 547]], '[자긋-잠_', 0.0005668155802969146), ([[256.95805693252925, 291.1867537178289], [305.8015702550885, 296.92705820017886], [302.04194306747075, 323.8132462821711], [253.1984297449115, 317.07294179982114]], '개소무', 0.8291983026605039)]
[([[333, 67], [519, 67], [519, 111], [333, 111]], '내우주선이다', 0.9990045513672683), ([[39, 113], [263, 113], [263, 153], [39, 153]], '어떻게 여기에?!', 0.9263507644683442), ([[333, 103], [431, 103], [431, 143], [333, 143]], '봉신아', 0.1415188454385648), ([[130, 450], [186, 450], [186, 478], [130, 478]], ']차새', 0.012887407030657178)]
[([[25, 47], [149, 47], [149, 85], [25, 85]], '네덕분에', 0.9741273522377014), ([[25, 78], [208, 78], [208, 116], [25, 116]], '자바더학에게', 0.112725925782048), ([[426, 37], [498, 37], [498, 148], [426, 148]], '류릎', 0.023986091307405623), ([[487, 73], [553, 73], [553, 113], [487, 113]], '에게', 0.5831226429195694), ([[23, 109], [187, 109], [187, 151], [23, 151]], '당한 수모틀', 0.5287145057550132), ([[397, 44], [437, 44], [437, 213], [397, 213]], '터', 0.0083133257800872), ([[429, 137], [525, 137], [525, 179], [429, 179]], '이라도', 0.9991647802895197), ([[20, 138], [154, 138], [154, 218], [20, 218]], '솔각하면.', 0.5028935049784102), ([[429, 169], [553, 169], [553, 213], [429, 213]], '어야켓어', 0.9866111278533936)]
[([[374, 58], [434, 58], [434, 90], [374, 90]], '크크', 0.999922872138422), ([[37, 83], [199, 83], [199, 125], [37, 125]], '진정해 진정', 0.9992674237090947), ([[373, 87], [497, 87], [497, 129], [373, 129]], '걱정마쇼', 0.7255011556353025), ([[29, 109], [147, 109], [147, 195], [29, 195]], '[업가저', 0.016904590651392937), ([[140, 113], [336, 113], [336, 161], [140, 161]], '제국군 놈들은', 0.34660837946193856), ([[374, 120], [406, 120], [406, 160], [374, 160]], '협', 0.9969940159648196), ([[396, 116], [474, 116], [474, 196], [396, 196]], '(쇼할', 0.03742077907450156), ([[467, 121], [563, 121], [563, 159], [467, 159]], '루트는', 0.39170815155073635), ([[133, 149], [331, 149], [331, 191], [133, 191]], '죽일 놈들이야', 0.6789681656840726), ([[371, 151], [409, 151], [409, 189], [371, 189]], '(차', 0.37041404532267375), ([[447, 151], [575, 151], [575, 193], [447, 193]], '넘치니까', 0.9668947458267212), ([[219.4392624013421, 462.9271148816105], [295.9950489002219, 442.3486452358691], [305.5607375986579, 481.0728851183895], [229.00495109977808, 501.6513547641309]], '자텔에', 0.0006339353422516046)]
[([[155, 47], [520, 47], [520, 95], [155, 95]], '슈뼈커 목표는 데스스타로!', 0.37642712039181825), ([[227, 155], [355, 155], [355, 239], [227, 239]], '우어-', 0.6004428267478943), ([[257, 563], [471, 563], [471, 607], [257, 607]], '뭐시 데스스타]!', 0.32478966988498686)]
[([[279, 327], [355, 327], [355, 393], [279, 393]], '@물', 0.23576792217939269)]
[([[274, 92], [542, 92], [542, 332], [274, 332]], '우%', 0.4287539589677784)]
[([[220, 68], [420, 68], [420, 282], [220, 282]], '푹', 0.2059057088670011), ([[312, 490], [436, 490], [436, 624], [312, 624]], '76', 0.0900249011841917)]
[([[347, 22], [544, 22], [544, 90], [347, 90]], '타타타다 ', 0.17578367285471302), ([[91, 365], [161, 365], [161, 401], [91, 401]], '뭐여', 0.9163619014258222), ([[87, 387], [236, 387], [236, 438], [87, 438]], '유선0야.', 0.8603166576662512)]
[([[63.26455633745075, 71.19050351852837], [196.75164689480368, 59.708699007540034], [198.73544366254924, 131.80949648147163], [65.24835310519633, 143.29130099245995]], '조저!', 0.20596953057076284)]
[([[31, 33], [429, 33], [429, 170], [31, 170]], '두뉴주주 무', 0.01073310166491498), ([[449, 139], [641, 139], [641, 231], [449, 231]], '화다당', 0.178225651584759), ([[89, 791], [527, 791], [527, 881], [89, 881]], '왜존다? +', 0.004036703595748197)]
[([[177, 56], [594, 56], [594, 213], [177, 213]], '-4', 0.007216667514345699), ([[123, 185], [594, 185], [594, 332], [123, 332]], '꿈장:5', 0.0017492411425337195), ([[71, 347], [111, 347], [111, 391], [71, 391]], '9', 0.9999986886982448), ([[188, 342], [414, 342], [414, 398], [188, 398]], '판도라대전', 0.9985310199548533), ([[452, 344], [538, 344], [538, 394], [452, 394]], '003', 0.9999982105368138), ([[87, 489], [187, 489], [187, 529], [87, 529]], '즉장님', 0.8558750211973846), ([[87, 523], [227, 523], [227, 561], [87, 561]], '초호기가', 0.9973944541092084), ([[84, 552], [256, 552], [256, 596], [84, 596]], '당햇습니다', 0.8208846552296442), ([[177, 1041], [437, 1041], [437, 1081], [177, 1081]], '호들갑 떨거 없어', 0.909658281927924)]
[([[55, 143], [343, 143], [343, 185], [55, 185]], '호오~ 이거 좋은데', 0.9765373631272501), ([[386, 412], [416, 412], [416, 442], [386, 442]], '씨', 0.030219340952291285), ([[583.781199215099, 552.6717988226486], [645.0065027562817, 539.361640438365], [651.218800784901, 574.3282011773514], [589.9934972437183, 587.638359561635]], '-.악시', 0.0043325964361429214)]
[([[101, 45], [499, 45], [499, 87], [101, 87]], '위대한 나비족 전사들이여', 0.7454427708260035), ([[65, 113], [213, 113], [213, 155], [65, 155]], '저 오만한', 0.7032210629190536), ([[359, 107], [493, 107], [493, 145], [359, 145]], '나비즉의', 0.5138053297996521), ([[63, 147], [269, 147], [269, 187], [63, 187]], '무리배들에게', 0.39492284613124895), ([[359, 139], [575, 139], [575, 181], [359, 181]], '우수한 공지름', 0.571140859580609), ([[359, 173], [612, 173], [612, 216], [359, 216]], '보여출때가 올다 ', 0.18694310372945927)]
[([[19, 45], [183, 45], [183, 293], [19, 293]], '천', 0.8824916539919094), ([[32, 350], [204, 350], [204, 570], [32, 570]], '군', 0.9876656574346363)]
[([[50, 40], [266, 40], [266, 214], [50, 214]], '지', 0.9591492480092398), ([[377, 41], [561, 41], [561, 255], [377, 255]], '곁', 0.8951061057751417), ([[124, 186], [236, 186], [236, 286], [124, 286]], '', 0.0), ([[11.048571519372587, 718.0954294976004], [372.4042707369897, 687.1465051827504], [373.95142848062744, 859.9045705023996], [12.595729263010298, 890.8534948172496]], '유', 0.10677143150145696), ([[517.9234480567936, 740.0646188713868], [659.556179650433, 764.2086222417028], [643.0765519432064, 840.9353811286132], [501.44382034956703, 815.7913777582972]], '|내아5', 0.0020038974471390247)]
[([[65, 75], [317, 75], [317, 117], [65, 117]], '놈들이 밀려온다', 0.6136125914171698), ([[347, 119], [511, 119], [511, 161], [347, 161]], '전투준비!!', 0.918368772157059), ([[25, 863], [105, 863], [105, 929], [25, 929]], '[[', 0.03414343937351917), ([[39, 969], [225, 969], [225, 1011], [39, 1011]], '쓸어버려라!', 0.6584229341634419), ([[130, 1001], [315, 1001], [315, 1118], [130, 1118]], '스특덤다', 0.00142400071490556), ([[200, 1140], [365, 1140], [365, 1185], [200, 1185]], '죽여버려!!', 0.8602968737004791)]
[([[302, 740], [484, 740], [484, 912], [302, 912]], '떼', 0.022670931575604847)]
[([[33, 263], [117, 263], [117, 355], [33, 355]], '{', 0.4786886798529508), ([[245, 655], [323, 655], [323, 719], [245, 719]], '가 ]', 0.07984587841056649), ([[96.03957484795765, 118.12055626845702], [335.12547358762015, 92.85003043170711], [339.9604251520423, 230.87944373154298], [100.87452641237985, 256.1499695682929]], '수청', 0.353733569610113)]
[([[61, 35], [131, 35], [131, 71], [61, 71]], '죽어', 0.9995966784861051), ([[61, 67], [301, 67], [301, 109], [61, 109]], '이 문디자식들!!', 0.6571939013210825), ([[429.55278640450007, 106.0058833710016], [546.6234335669957, 78.01143529936849], [646.4472135955, 519.9941166289984], [529.3765664330043, 547.9885647006315]], '"', 0.0019082640413670277)]
[([[39.58541898617257, 55.008597566759015], [102.32345525779417, 21.00523253416042], [250.41458101382742, 315.991402433241], [187.67654474220583, 349.9947674658396]], '들', 0.4569559331464781), ([[513.9973506193547, 85.08436865419321], [558.5547713965241, 73.204942976592], [578.0026493806453, 155.9156313458068], [533.4452286034759, 166.79505702340802]], '퍽', 0.5100799655502328), ([[563.5725177000726, 313.01524780101556], [611.9123431055236, 305.0697698140963], [635.4274822999274, 464.98475219898444], [586.0876568944764, 472.9302301859037]], '푹', 0.5643354104868195), ([[263.47304020432216, 554.1975527764241], [356.95480589124116, 547.6162301230548], [358.52695979567784, 603.8024472235759], [265.04519410875884, 610.3837698769452]], '타다', 0.07476816332174599)]
[([[173, 467], [261, 467], [261, 559], [173, 559]], '화', 0.10369288441234303), ([[90, 824], [124, 824], [124, 854], [90, 854]], '예', 0.13451052616562098)]
[([[19, 85], [249, 85], [249, 221], [19, 221]], '파창', 0.6291016092695618), ([[384, 136], [536, 136], [536, 282], [384, 282]], '퍽', 0.9880284514704876), ([[548, 194], [628, 194], [628, 370], [548, 370]], '뜻', 0.39804010666648537), ([[153, 752], [385, 752], [385, 860], [153, 860]], '하아', 0.824336928920002)]
[([[95, 148], [373, 148], [373, 191], [95, 191]], '헬기도 준비완료!!', 0.703739346206515)]
[([[281.4240596236821, 239.0097588986228], [631.6517511045606, 440.5766704581995], [554.5759403763178, 567.9902411013773], [204.34824889543938, 366.4233295418005]], '`고건(', 0.0003363552677910775)]
[]
[([[12, 0], [276, 0], [276, 194], [12, 194]], '및', 0.04025793156848345)]
[([[395, 133], [485, 133], [485, 219], [395, 219]], '퍽', 0.9999310982175444), ([[106, 496], [254, 496], [254, 616], [106, 616]], '*', 0.03602929852883108)]
[([[230, 94], [466, 94], [466, 316], [230, 316]], '평', 0.8061512783159266), ([[41, 547], [115, 547], [115, 585], [41, 585]], '(에에', 0.9876770318550354), ([[448, 660], [526, 660], [526, 716], [448, 716]], '젖', 0.0283209537350102), ([[562, 684], [618, 684], [618, 748], [562, 748]], '깎', 0.38065382288755245), ([[564, 766], [620, 766], [620, 836], [564, 836]], '퍽', 0.9999703171071737), ([[55, 1019], [333, 1019], [333, 1059], [55, 1059]], '꽉~ 완존 무서워!!', 0.4924246806918597)]
[([[13, 133], [53, 133], [53, 171], [13, 171]], '내', 0.9999560122558968), ([[58, 128], [172, 128], [172, 184], [58, 184]], '두제골!!', 0.27685565633293485), ([[363, 143], [441, 143], [441, 203], [363, 203]], '깐데', 0.06091100602355796), ([[54, 360], [132, 360], [132, 448], [54, 448]], '팩', 0.578292913604983), ([[529, 447], [579, 447], [579, 485], [529, 485]], '가슴', 0.46724046808533903), ([[359.2264990188739, 101.83974852831078], [447.8411063979869, 80.7990780016776], [456.7735009811261, 125.16025147168922], [368.1588936020131, 147.2009219983224]], '24아', 0.1396751331138135), ([[427.42039851764594, 136.58283688705643], [555.1692307692308, 116.95384615384616], [560.5796014823541, 168.41716311294357], [432.83076923076925, 189.04615384615386]], '또까지마', 0.9474465250968933), ([[527.286093236459, 490.51443729458356], [628.35199233883, 463.8173073142503], [636.713906763541, 497.48556270541644], [535.64800766117, 524.1826926857498]], '만기지야', 0.7593643069267273)]
[([[323, 115], [413, 115], [413, 155], [323, 155]], '불까?', 0.4612610879917059)]
[([[462, 318], [550, 318], [550, 396], [462, 396]], '퍽', 0.9997196394042476), ([[306, 676], [571, 676], [571, 813], [306, 813]], '동대', 0.007407893018890558), ([[471.91051062220066, 511.06618710204526], [591.3801542568964, 534.717772916049], [574.0894893777994, 610.9338128979547], [454.61984574310367, 588.282227083951]], '못주', 0.013914833507970214)]
[([[177, 56], [594, 56], [594, 213], [177, 213]], '94', 0.009239272427992143), ([[121, 180], [596, 180], [596, 337], [121, 337]], '"잠:-', 0.001419489155523479), ([[71, 347], [111, 347], [111, 391], [71, 391]], '9', 0.9999983310706426), ([[188, 342], [412, 342], [412, 398], [188, 398]], '판도라대전', 0.9986698673930183), ([[452, 344], [538, 344], [538, 394], [452, 394]], '004', 0.9999938057061831), ([[356, 455], [527, 455], [527, 493], [356, 493]], '우어어어어', 0.9998717836336896), ([[102, 1026], [178, 1026], [178, 1076], [102, 1076]], '곡육', 0.11765882161296297), ([[501, 1133], [579, 1133], [579, 1197], [501, 1197]], '뺨', 0.5163051464297155)]
[([[435, 479], [523, 479], [523, 579], [435, 579]], '똑', 0.11259806946065343), ([[255.5836319292544, 109.00788293231628], [331.34251296575883, 80.0053337991421], [443.4163680707456, 394.9921170676837], [367.65748703424117, 422.9946662008579]], '톱', 0.005183955565547793)]
[([[127, 77], [527, 77], [527, 119], [127, 119]], '아바다 부대도 준비 완료!!', 0.3695247164877741)]
[([[269, 111], [417, 111], [417, 151], [269, 151]], '이런 제길', 0.9989459428095299), ([[346, 244], [448, 244], [448, 320], [346, 320]], '설기', 0.2242073274903704)]
[([[241, 99], [335, 99], [335, 135], [241, 135]], '이보! !', 0.3697276236007092), ([[406, 546], [464, 546], [464, 574], [406, 574]], "5시'", 0.01261837656937004), ([[55, 713], [127, 713], [127, 751], [55, 751]], '뛰야', 0.6827849790982402), ([[412.1116703186812, 572.0303866527453], [598.7872593564659, 636.6577792267859], [557.8883296813189, 743.9696133472547], [371.2127406435341, 678.3422207732141]], '맛임', 0.007701437744031378)]
[([[171, 125], [543, 125], [543, 167], [171, 167]], '이미 끝낫어 다 틀랍다구', 0.23045138924077113), ([[171, 157], [535, 157], [535, 202], [171, 202]], '우주선 있지 우주선이나', 0.8945898360791324), ([[247, 193], [319, 193], [319, 233], [247, 233]], '쥐화', 0.7139617695800242), ([[168, 192], [433, 192], [433, 272], [168, 272]], '빨화 출방 뒤자구', 0.34588038676803795)]
[([[47, 88], [229, 88], [229, 130], [47, 130]], '아직 끝나지', 0.9992267274539707), ([[365, 99], [585, 99], [585, 141], [365, 141]], '비장의 무기가', 0.9995464994589506), ([[49, 125], [187, 125], [187, 165], [49, 165]], '않앗어요', 0.30450788140296936), ([[365, 128], [540, 128], [540, 178], [365, 178]], '남아있지요', 0.9562406107215277), ([[468, 420], [590, 420], [590, 542], [468, 542]], '몸흙', 0.012943928666755877)]
[([[267, 141], [449, 141], [449, 327], [267, 327]], '푸', 0.04374208378380118), ([[205, 487], [341, 487], [341, 691], [205, 691]], '숨', 0.28493627385572395)]
[([[400, 718], [632, 718], [632, 934], [400, 934]], '쓰리', 0.014261832116601546)]
[([[29, 1123], [99, 1123], [99, 1163], [29, 1163]], '호호', 0.9999808653843955), ([[361, 1131], [555, 1131], [555, 1171], [361, 1171]], '구원군인가?', 0.9973327843843836), ([[28, 1156], [204, 1156], [204, 1236], [28, 1236]], '떼딱햄 내요', 0.009966730974234311), ([[359, 1163], [397, 1163], [397, 1237], [359, 1237]], '방', 0.0320848780572105), ([[388, 1158], [466, 1158], [466, 1242], [388, 1242]], '(확원', 0.22144727582614798), ([[461, 1163], [565, 1163], [565, 1203], [461, 1203]], '무기가', 0.996072130481035), ([[360, 1227], [578, 1227], [578, 1275], [360, 1275]], '확실히 있없군', 0.2978797423185099), ([[430.8116272003157, 731.0353369653037], [579.1469602524153, 712.214243953637], [600.1883727996843, 938.9646630346963], [452.8530397475848, 957.785756046363]], '양', 0.3319642763369899)]
[([[53, 55], [597, 55], [597, 99], [53, 99]], '제국군에 도움올 요청햇지요 호호호', 0.6962507064498059), ([[271, 727], [315, 727], [315, 818], [271, 818]], '봄', 0.026593071700853566), ([[480, 838], [530, 838], [530, 912], [480, 912]], '빚', 0.8252301929535157), ([[514.1690477599767, 219.03143043169254], [599.2304929176772, 202.48506226795246], [627.8309522400233, 372.96856956830743], [541.7695070823228, 389.51493773204754]], '두', 0.9946510985009951)]
[([[234, 184], [477, 184], [477, 322], [234, 322]], '우퍼로', 0.06292950116966499)]
[([[3, 660], [614, 660], [614, 784], [3, 784]], '당적 척-적적 ', 0.0043462452457541335)]
[([[277, 119], [349, 119], [349, 155], [277, 155]], '어이', 0.9989614068107642), ([[355, 155], [449, 155], [449, 193], [355, 193]], '어이~', 0.8663491010665894), ([[327, 245], [551, 245], [551, 287], [327, 287]], '난 무기가 없어', 0.6680307439511882), ([[323, 279], [543, 279], [543, 321], [323, 321]], '뭐라도 쥐야지', 0.8994660494398685)]
[([[219, 113], [539, 113], [539, 155], [219, 155]], '나비족올 쓸어버려라', 0.7760770365501724)]
[([[55, 38], [523, 38], [523, 81], [55, 81]], '그리고 레아공주의 드로이드가', 0.9237793651099039), ([[52, 69], [352, 69], [352, 118], [52, 118]], '이곳에 있다 찾아라', 0.9270718532658107), ([[431, 101], [599, 101], [599, 139], [431, 139]], '드로이드만', 0.9978252835512056), ([[429, 135], [565, 135], [565, 173], [429, 173]], '회수하면', 0.9952430725097656), ([[427, 167], [609, 167], [609, 209], [427, 209]], '나는 일계급', 0.9290937085034601), ([[441, 201], [509, 201], [509, 239], [441, 239]], '특진', 0.9594523282408596)]
[([[259, 149], [424, 149], [424, 247], [259, 247]], '언육', 0.3079016630026841)]
[([[283, 117], [533, 117], [533, 159], [283, 159]], '장순아 내가앉다', 0.4856195235945233), ([[363, 187], [499, 187], [499, 231], [363, 231]], '쓰글님들', 0.4418677091598511), ([[363, 221], [613, 221], [613, 263], [363, 263]], '다 체포해버리마', 0.8668321669049509)]
[([[331, 113], [591, 113], [591, 155], [331, 155]], '근데 여긴 왜이리', 0.9083684515280613), ([[331, 145], [481, 145], [481, 187], [331, 187]], '살벌하나 .', 0.45698840211951736)]
[([[58, 9], [565, 9], [565, 107], [58, 107]], '으아아 안 아악', 0.1384056898085306), ([[215, 615], [308, 615], [308, 770], [215, 770]], '땅', 0.04311791226135875), ([[535.6280459781144, 271.0115402476427], [586.2164670467359, 283.93498867353077], [544.3719540218856, 443.9884597523573], [492.78353295326406, 431.06501132646923]], '푹', 0.8525271885049648), ([[42.30037345714888, 364.1619419771742], [154.95581870517694, 354.28890674732844], [157.69962654285112, 433.8380580228258], [46.044181294823076, 443.71109325267156]], '꾸학', 0.4265228766222268)]
[([[319, 141], [445, 141], [445, 179], [319, 179]], '호호호~', 0.9999280571937561), ([[317, 175], [495, 175], [495, 215], [317, 215]], '다 죽엎스~', 0.3282682223404849), ([[35, 397], [79, 397], [79, 433], [35, 433]], '제 .', 0.9960939884185791), ([[89, 397], [201, 397], [201, 435], [89, 435]], '제국군', 0.9987551191127131), ([[59, 603], [107, 603], [107, 647], [59, 647]], '이런', 0.05938688745779441), ([[54, 646], [112, 646], [112, 694], [54, 694]], '떠벌', 0.9395910876074465), ([[139, 739], [217, 739], [217, 779], [139, 779]], '낙[>', 0.0002698290633723019)]
[([[56, 248], [178, 248], [178, 378], [56, 378]], '반', 0.07384634725291139), ([[166, 638], [216, 638], [216, 694], [166, 694]], '생', 0.05521274419481892)]
[([[43, 39], [293, 39], [293, 81], [43, 81]], '네놈들의 정체는', 0.5752075857649273), ([[45, 73], [373, 73], [373, 115], [45, 115]], '진작에 알고 있없지요', 0.9336782523954827), ([[213, 138], [611, 138], [611, 183], [213, 183]], '네놓들올 넘기면 제국군이', 0.5265129472885738), ([[213, 171], [499, 171], [499, 213], [213, 213]], '도와준다지 %니까', 0.3085149523760888), ([[513, 303], [609, 303], [609, 341], [513, 341]], '허희!!', 0.6677507162094116), ([[99, 889], [533, 889], [533, 933], [99, 933]], '알아들없나 변태 영감당이야', 0.2948450006211202), ([[103.72542213401374, 647.1369418164631], [135.563535567574, 617.0265229837155], [212.27457786598626, 704.8630581835369], [180.436464432426, 734.9734770162845]], '불', 0.6702094996743568), ([[172.9309852784941, 718.448167612687], [206.66958948000698, 692.0450378479484], [249.0690147215059, 749.551832387313], [215.33041051999302, 775.9549621520516]], '들', 0.9991978823940286)]
[([[81, 75], [253, 75], [253, 111], [81, 111]], '어이! 어이!', 0.9669390769993605), ([[79, 105], [263, 105], [263, 145], [79, 145]], '여기야 여기', 0.8620827321209887)]
[([[51, 49], [171, 49], [171, 85], [51, 85]], '저~~기', 0.8819247349673857), ([[49, 79], [321, 79], [321, 123], [49, 123]], '저 구석에 있는 거', 0.46261885029277616), ([[51, 113], [235, 113], [235, 155], [51, 155]], '타고 따라와', 0.8801841973249748), ([[409, 177], [504, 177], [504, 202], [409, 202]], '사~~?', 0.0055539789609611034), ([[519, 161], [603, 161], [603, 201], [519, 201]], '에임', 0.971588377070699), ([[517, 207], [625, 207], [625, 251], [517, 251]], '구차나', 0.9856927113313316)]
[([[201, 43], [500, 43], [500, 88], [201, 88]], '저기 개노무가 있다', 0.8432785286891774)]
[([[482.227697131376, 125.02131807790465], [589.3342046644511, 108.68779995918592], [617.772302868624, 333.97868192209535], [510.6657953355489, 350.3122000408141]], '떡', 0.39544383041743814), ([[168.07296070401088, 522.0866917312577], [294.38457072095486, 441.3196900898355], [311.9270392959891, 478.91330826874236], [184.61542927904514, 560.6803099101645]], '#)', 0.018993049686796864)]
[([[132, 104], [226, 104], [226, 176], [132, 176]], '사', 0.40192736041922217), ([[372, 124], [448, 124], [448, 222], [372, 222]], '푹', 0.86417632951283), ([[528, 136], [576, 136], [576, 212], [528, 212]], '아', 0.38550774930073217)]
[([[244, 118], [384, 118], [384, 168], [244, 168]], '잡아라!', 0.4452173177656656), ([[383, 507], [611, 507], [611, 549], [383, 549]], '아 시발 뒷네', 0.53459093508374), ([[470, 776], [530, 776], [530, 806], [470, 806]], '자타권쪽', 0.00011697503214236349), ([[59, 885], [153, 885], [153, 923], [59, 923]], '아악!!', 0.9676128029823303), ([[309, 835], [395, 835], [395, 929], [309, 929]], '@', 0.007840088083883645), ([[57, 917], [127, 917], [127, 957], [57, 957]], '내팔', 0.9605742738804808)]
[([[179, 59], [592, 59], [592, 210], [179, 210]], '-,작적', 0.0007207974558696151), ([[123, 185], [594, 185], [594, 332], [123, 332]], '꿈장:5', 0.0010284120216965675), ([[71, 347], [111, 347], [111, 391], [71, 391]], '9', 0.9999988079074598), ([[188, 342], [414, 342], [414, 398], [188, 398]], '판도라대전', 0.9984688471298294), ([[452, 344], [538, 344], [538, 394], [452, 394]], '005', 0.9999956639937885), ([[370, 1107], [542, 1107], [542, 1208], [370, 1208]], '플플풀', 0.21579190641439738)]
[([[411, 59], [481, 59], [481, 101], [411, 101]], '어휴', 0.4161348239635573), ([[411, 93], [553, 93], [553, 135], [411, 135]], '살벌하네', 0.7264879941940308)]
[]
[([[404, 602], [532, 602], [532, 840], [404, 840]], '유', 0.45526194416703447), ([[39.754877271542576, 93.12035862534599], [281.7721050378178, 49.07401886803826], [302.24512272845743, 227.87964137465403], [60.22789496218219, 272.92598113196175]], '꽤', 0.22690635027391526), ([[401.0939460213589, 497.10396789184324], [458.71390676354105, 508.51443729458356], [448.9060539786411, 547.8960321081568], [391.28609323645895, 535.4855627054164]], '으7', 0.0892076680810996)]
[([[33, 846], [197, 846], [197, 920], [33, 920]], '예구구 :', 0.15880155222562164)]
[([[42, 136], [214, 136], [214, 168], [42, 168]], '어제 그렇게도', 0.7779142731045945), ([[40, 170], [124, 170], [124, 202], [40, 202]], '성대히', 0.9999516158194874), ([[42, 204], [241, 204], [241, 236], [42, 236]], '환대해 주없건만', 0.9398112731139997), ([[40, 272], [160, 272], [160, 302], [40, 302]], '이 쥐새끼', 0.5774310301781188), ([[38, 302], [150, 302], [150, 338], [38, 338]], '같은놈들', 0.5599668622016907)]
[([[50, 86], [168, 86], [168, 182], [50, 182]], '진격', 0.9972127878430133), ([[391, 485], [527, 485], [527, 523], [391, 523]], '나비족올', 0.7892912030220032), ([[391, 517], [563, 517], [563, 557], [391, 557]], '썰어버려라', 0.9722972335294928), ([[210, 608], [310, 608], [310, 708], [210, 708]], '오', 0.49850236409202253), ([[316, 652], [468, 652], [468, 776], [316, 776]], '히', 0.13182175901410265), ([[383, 765], [555, 765], [555, 881], [383, 881]], '이', 0.008170593962208983), ([[496, 864], [618, 864], [618, 990], [496, 990]], '야', 0.7110098083596803), ([[61.875703556689565, 168.228236360772], [177.6854961113799, 143.5633245502628], [192.12429644331044, 233.771763639228], [75.31450388862008, 257.4366754497372]], '하라', 0.9945677254476915)]
[([[39, 237], [171, 237], [171, 387], [39, 387]], '뒤', 0.9912173127362713), ([[488, 242], [614, 242], [614, 374], [488, 374]], '저', 0.9989015497922118)]
[([[15, 77], [587, 77], [587, 185], [15, 185]], '히예에엔익', 0.09151719362854126)]
[([[316, 20], [612, 20], [612, 292], [316, 292]], '[붕', 0.07193775118950442)]
[([[0, 55], [173, 55], [173, 191], [0, 191]], '떼', 0.8804328657505636), ([[494, 292], [616, 292], [616, 394], [494, 394]], '우`', 0.013019626262090966)]
[([[0, 45], [175, 45], [175, 303], [0, 303]], '지', 0.25877891741334125), ([[477, 277], [615, 277], [615, 511], [477, 511]], '움', 0.5789587729869403)]
[]
[]
[([[330, 244], [426, 244], [426, 300], [330, 300]], '유후 ~', 0.19166182343309765), ([[526, 444], [582, 444], [582, 474], [526, 474]], '왜 ?', 0.9810876846313477), ([[535, 472], [629, 472], [629, 509], [535, 509]], '바지 교켓', 0.10404904484952086), ([[539, 505], [641, 505], [641, 541], [539, 541]], '벗운거나 ?', 0.16799146230610731)]
[([[20, 146], [198, 146], [198, 294], [20, 294]], '프', 0.00403220483875999), ([[42, 368], [200, 368], [200, 518], [42, 518]], '예', 0.3304140373929023), ([[83, 615], [267, 615], [267, 811], [83, 811]], '다몇', 0.001351480240224566)]
[([[62, 124], [158, 124], [158, 154], [62, 154]], '후후~~', 0.9795193076133728), ([[61, 155], [237, 155], [237, 191], [61, 191]], '포스의 힘이다', 0.9394110450929831)]
[([[58.11001377995866, 446.97602204793384], [392.32018426039264, 376.6083313359688], [409.88998622004135, 485.02397795206616], [75.67981573960736, 555.3916686640313]], '유@@요용', 0.12184062262922313)]
[([[100, 140], [246, 140], [246, 172], [100, 172]], '포스는 개쁨', 0.6374719725271463), ([[496, 142], [594, 142], [594, 276], [496, 276]], '(협', 0.10025027673003868), ([[126.54230423844288, 467.27961296691], [193.5364667090929, 452.39802102583604], [198.45769576155712, 477.72038703309], [131.4635332909071, 491.60197897416396]], ':@@@', 0.052078522741794586)]
[([[196, 100], [226, 100], [226, 132], [196, 132]], '엉', 0.1086999827557742)]
[([[460.9780847968505, 259.0435921231512], [637.4762188526161, 298.49337757281177], [611.0219152031494, 399.9564078768488], [434.52378114738394, 360.50662242718823]], '까울', 0.7890967673788648), ([[101.75541344265534, 275.02278698449095], [464.7369628981421, 329.51627961913573], [410.24458655734463, 615.977213015509], [46.263037101857904, 561.4837203808643]], '보~', 0.027176724416757215)]
[]
[([[18, 322], [146, 322], [146, 396], [18, 396]], '찌핏', 0.11237220473614934)]
[([[70, 110], [198, 110], [198, 142], [70, 142]], '저 .. 저희논', 0.6243550368647472), ([[69, 140], [270, 140], [270, 178], [69, 178]], '그냥 안드로이드', 0.990145948134391), ([[67, 175], [157, 175], [157, 212], [67, 212]], '인데요', 0.9263071370050157), ([[414, 346], [466, 346], [466, 374], [414, 374]], '@파', 0.5585489006423657), ([[478, 374], [532, 374], [532, 402], [478, 402]], '@파', 0.40955865417024495)]
[([[177, 56], [594, 56], [594, 213], [177, 213]], '94', 0.0065859221726970426), ([[123, 185], [594, 185], [594, 332], [123, 332]], '꿈장:5', 0.0013178834924474359), ([[73, 349], [109, 349], [109, 393], [73, 393]], '9', 0.9999996423721633), ([[188, 342], [414, 342], [414, 398], [188, 398]], '판도라대전', 0.998526434324705), ([[452, 344], [538, 344], [538, 394], [452, 394]], '006', 0.9994691676792941), ([[97, 549], [489, 549], [489, 591], [97, 591]], '으아아아아아아아아아~~', 0.9961393502279203)]
[([[428, 378], [572, 378], [572, 522], [428, 522]], '직', 0.9045763416858712), ([[79, 474], [269, 474], [269, 596], [79, 596]], '#표', 0.013654340917514713), ([[417.83168499060633, 92.04556787976135], [583.4644342226027, 123.38872092063822], [555.1683150093936, 249.95443212023866], [389.5355657773974, 218.61127907936176]], '까', 0.2756833697462504)]
[([[478, 76], [608, 76], [608, 180], [478, 180]], '후떨둑', 0.06530537353132182)]
[([[95, 39], [201, 39], [201, 77], [95, 77]], '아이고', 0.99995058344352), ([[93, 71], [329, 71], [329, 113], [93, 113]], '죽는 줄 알앞네 .', 0.5358455993755696)]
