2426835
203
[([[185, 60], [618, 60], [618, 221], [185, 221]], '-4큰', 0.004326598893760126), ([[131, 195], [618, 195], [618, 344], [131, 344]], '뜻장:', 0.0008125031037152145), ([[123, 375], [183, 375], [183, 417], [123, 417]], '13', 0.9999997471189183), ([[300, 370], [382, 370], [382, 422], [300, 422]], '종용', 0.3889406480964584), ([[459, 373], [537, 373], [537, 417], [459, 417]], '001', 0.9989475256243247), ([[481, 539], [641, 539], [641, 629], [481, 629]], '끼의', 0.3833690209412322), ([[119, 703], [217, 703], [217, 767], [119, 767]], '후드둑', 0.493293411133054), ([[286, 728], [330, 728], [330, 760], [286, 760]], '끼', 0.9197215681916227)]
[([[60, 66], [140, 66], [140, 96], [60, 96]], '저새끼', 0.9994834135611429), ([[365, 67], [563, 67], [563, 106], [365, 106]], '내가 멋진 바디틀', 0.46764284647159304), ([[61, 89], [223, 89], [223, 125], [61, 125]], '또 쓸데없는거', 0.9014646206618819), ([[365, 99], [493, 99], [493, 135], [365, 135]], '만들어줄께', 0.6379866394406561), ([[61, 119], [165, 119], [165, 155], [61, 155]], '주어올네', 0.4129181504249573), ([[435, 613], [633, 613], [633, 649], [435, 649]], '난 쫓코너의 엄마', 0.7841462298089373), ([[434, 644], [560, 644], [560, 676], [434, 676]], '싸라코너클', 0.4411667349193169), ([[433, 667], [621, 667], [621, 705], [433, 705]], '죽이러 미래에서', 0.9744495196064239), ([[122, 733], [419, 733], [419, 774], [122, 774]], '닥처라! 고추도 없는 높아', 0.37636943860982564)]
[]
[([[66.02024696614434, 299.0300255481529], [357.6386266470379, 360.6186753195594], [322.9797530338557, 493.9699744518471], [30.36137335296212, 431.3813246804406]], '빠이', 0.4021972284875367)]
[]
[([[548, 88], [604, 88], [604, 120], [548, 120]], '우씨', 0.9936760903912981)]
[([[73, 153], [187, 153], [187, 271], [73, 271]], '악]', 0.07501467078473847)]
[([[81, 155], [237, 155], [237, 293], [81, 293]], '[', 0.1433580683059441), ([[279, 413], [419, 413], [419, 478], [279, 478]], '서0-타', 0.018736984580755234)]
[]
[([[338, 96], [420, 96], [420, 128], [338, 128]], '올마야', 0.7200913154886867), ([[8, 72], [158, 72], [158, 301], [8, 301]], '불', 0.7447440618514101)]
[]
[([[417, 305], [455, 305], [455, 477], [417, 477]], '=', 0.3433926765083619)]
[([[364, 28], [574, 28], [574, 60], [364, 60]], '선생님 꽃소년따위', 0.8562721904888623), ([[374, 58], [536, 58], [536, 90], [374, 90]], '다 소용없어요', 0.9550019571180698), ([[134, 92], [296, 92], [296, 124], [134, 124]], '요호- 이것 화', 0.8752355514674405), ([[362, 83], [601, 83], [601, 121], [362, 121]], '왕고추가 최고립니다', 0.3557962941543807), ([[132, 122], [304, 122], [304, 154], [132, 154]], '살짝 갖다 대도', 0.9717404220261394), ([[131, 149], [247, 149], [247, 185], [131, 185]], '착착 붙어', 0.3078637322361246), ([[473, 137], [637, 137], [637, 176], [473, 176]], '제일 근놈으로', 0.5985396938999491), ([[475, 169], [627, 169], [627, 205], [475, 205]], '부탁드립니다', 0.5722270585892423), ([[91, 491], [193, 491], [193, 527], [91, 527]], '걱정마숲', 0.4936361610889435), ([[92, 518], [192, 518], [192, 550], [92, 550]], '스폐살루', 0.5602167844772339), ([[90, 542], [192, 542], [192, 578], [90, 578]], '준비행소', 0.6159294843673706)]
[([[456, 146], [508, 146], [508, 178], [456, 178]], '우게', 0.1593000266715806), ([[585, 135], [647, 135], [647, 171], [585, 171]], '우행!', 0.12137920501839848), ([[345, 537], [433, 537], [433, 573], [345, 573]], '우에행!', 0.33466264605522156)]
[([[59, 67], [277, 67], [277, 105], [59, 105]], '깔리블 넣고 달리늄', 0.2233343247804642), ([[59, 93], [351, 93], [351, 131], [59, 131]], '+어1-[ 엄청 느려젊습니다', 0.033399791616693375)]
[]
[([[33, 53], [135, 53], [135, 89], [33, 89]], '빼강볼올', 0.022493740543723106), ([[34, 82], [134, 82], [134, 114], [34, 114]], '내놓아라', 0.996934175491333), ([[34, 108], [162, 108], [162, 140], [34, 140]], '고물로봇아', 0.9233952685198754), ([[358, 155], [501, 155], [501, 259], [358, 259]], ';싹', 0.012839522193523982), ([[278, 398], [380, 398], [380, 637], [278, 637]], '출', 0.9061023861451964), ([[620, 540], [652, 540], [652, 578], [620, 578]], '0', 0.780097603206432), ([[494.5221905329606, 145.01038225809435], [574.0482195904378, 136.19237322492367], [601.4778094670394, 396.98961774190565], [522.9517804095622, 405.8076267750763]], '물', 0.014856576602264637), ([[513.9975495200122, 590.3985297120073], [614.7312635945517, 535.0773593737275], [644.0024504799878, 591.6014702879927], [544.2687364054483, 646.9226406262725]], "'거응-", 0.039480771869421005)]
[([[572, 274], [624, 274], [624, 458], [572, 458]], '하', 0.09614889900291246)]
[([[408.01985123916006, 451.601985123916], [464.9971944955167, 418.5342801401328], [483.98014876083994, 451.398014876084], [427.0028055044833, 484.4657198598672]], "'거-내", 0.0035693267427097538)]
[]
[([[176.42020189564357, 525.0280795251289], [277.78523235682275, 597.4090611018737], [247.57979810435643, 639.9719204748711], [146.21476764317725, 567.5909388981263]], '반}', 0.0023142192606059385)]
[([[56.32500877482889, 429.0151948012014], [350.9269242159161, 569.521171594708], [292.6749912251711, 680.9848051987987], [-1.9269242159160669, 540.478828405292]], '유당보', 0.016048013390341894)]
[([[183, 58], [619, 58], [619, 223], [183, 223]], '-장:', 0.004935289914227942), ([[131, 195], [618, 195], [618, 345], [131, 345]], '뜻장5', 0.0012109252807950897), ([[117, 375], [177, 375], [177, 415], [117, 415]], '13', 0.9998015098529379), ([[294, 370], [376, 370], [376, 422], [294, 422]], '종용', 0.27791474004902433), ([[453, 373], [537, 373], [537, 417], [453, 417]], '006', 0.9999623525380141), ([[386, 596], [438, 596], [438, 628], [386, 628]], '크혹', 0.9346310099498668)]
[([[387, 271], [521, 271], [521, 411], [387, 411]], '척', 0.945169317343332), ([[371.2742673037723, 34.087819576968485], [612.0010003523421, 17.357801644141745], [612.7257326962277, 165.91218042303151], [371.99899964765785, 182.64219835585826]], '유후 ~', 0.9400816960705453)]
[([[524, 382], [648, 382], [648, 650], [524, 650]], '움', 0.17920269494931063)]
[([[85, 471], [641, 471], [641, 644], [85, 644]], '섬)내-', 0.02180773951113224)]
[]
[([[270, 128], [402, 128], [402, 160], [270, 160]], '저기 있다!!', 0.52728138395845)]
[([[58, 86], [122, 86], [122, 118], [58, 118]], '잡아!', 0.9801179370894846), ([[246, 68], [334, 68], [334, 100], [246, 100]], '따먹어!', 0.887708306312561), ([[409, 73], [605, 73], [605, 109], [409, 109]], '뼈림볼은 내꺼야!', 0.11495118827174394), ([[145, 123], [214, 123], [214, 162], [145, 162]], "'죽여!", 0.8679579496383667)]
[([[380, 62], [528, 62], [528, 188], [380, 188]], '예', 0.3843901759775328)]
[([[346, 62], [522, 62], [522, 94], [346, 94]], '꺼저! 잔쟁이들!', 0.39883314221180205), ([[548, 458], [624, 458], [624, 572], [548, 572]], '값', 0.14169034952902226), ([[234.86553175937732, 448.0460406403409], [389.5850539149119, 478.86677752247965], [362.1344682406227, 598.9539593596592], [206.4149460850881, 568.1332224775203]], '공차', 0.009391924021334814)]
[([[141, 97], [253, 97], [253, 133], [141, 133]], '아이 씨발', 0.9939108960453954)]
[([[39, 45], [293, 45], [293, 81], [39, 81]], '힘흘 합해 저 떡대부터', 0.3660925812373138), ([[40, 73], [175, 73], [175, 105], [40, 105]], '조저버리자!', 0.8562442623269304), ([[444, 168], [628, 168], [628, 200], [444, 200]], '잔챙이들의 힘을', 0.36451322737199066), ([[446, 194], [556, 194], [556, 226], [446, 226]], '보여주자!', 0.9674791296886881)]
[([[12, 98], [230, 98], [230, 318], [12, 318]], '@', 0.7966902826539446), ([[297, 179], [411, 179], [411, 289], [297, 289]], '퍽', 0.9947216015456242), ([[204.29829763906596, 500.0690609605113], [443.1583349007758, 483.5870132619774], [444.70170236093406, 664.9309390394886], [204.8416650992242, 681.4129867380226]], '예내', 0.018685530346084393)]
[([[72, 84], [152, 84], [152, 112], [72, 112]], '자아~~', 0.9719510448518144), ([[516, 72], [590, 72], [590, 104], [516, 104]], '다목소', 0.17830689251422882)]
[]
[([[327, 75], [557, 75], [557, 111], [327, 111]], '안에 사람이 있있다!', 0.6969227415641668), ([[172, 166], [308, 166], [308, 198], [172, 198]], '이런 인간이', 0.9936978266973957), ([[425, 175], [587, 175], [587, 211], [425, 211]], '위험한 논일세', 0.9744058126817511), ([[171, 190], [284, 190], [284, 229], [171, 229]], '출천_하면', 0.6280407829970192), ([[172, 218], [250, 218], [250, 250], [172, 250]], '안되지', 0.9987200928535592)]
[([[85, 39], [249, 39], [249, 75], [85, 75]], '흔플올 내주마', 0.38141487664794965), ([[527, 235], [585, 235], [585, 271], [527, 271]], '아양_', 0.740539036208451)]
[([[330, 408], [384, 408], [384, 440], [330, 440]], '아양', 0.7842688278979438)]
[]
[([[420, 230], [500, 230], [500, 450], [420, 450]], '푹', 0.9342615206497271)]
[]
[([[180, 62], [494, 62], [494, 94], [180, 94]], '레이스는 막바지로 흘러가는', 0.9044267466411116), ([[177, 87], [501, 87], [501, 123], [177, 123]], '가운데 이제 남은 선수는 셋!', 0.6518240692715002), ([[410, 166], [544, 166], [544, 198], [410, 198]], '선두는 깔리', 0.9476398471641798)]
[([[335, 75], [577, 75], [577, 115], [335, 115]], '그뒤름 무서운 속도로', 0.433796158482403), ([[333, 101], [553, 101], [553, 142], [333, 142]], '추격하고 있든 양틈', 0.45113165240005154)]
[([[66, 528], [192, 528], [192, 558], [66, 558]], '마지막으로', 0.9982757138788548), ([[65, 552], [274, 552], [274, 588], [65, 588]], '7-2가 남앞습니다', 0.36128124829511993)]
[([[439, 111], [563, 111], [563, 225], [439, 225]], '빠', 0.9420131209890634)]
[([[185, 58], [619, 58], [619, 221], [185, 221]], '9장:', 0.006056475897580196), ([[131, 196], [617, 196], [617, 342], [131, 342]], '뜻장:', 0.0016479365077624924), ([[117, 373], [175, 373], [175, 415], [117, 415]], '13', 0.9999992413568111), ([[294, 368], [376, 368], [376, 422], [294, 422]], '종못', 0.1858965352427473), ([[453, 373], [535, 373], [535, 415], [453, 415]], '007', 0.9999991052683532), ([[81, 607], [219, 607], [219, 835], [81, 835]], '춤', 0.007760511445965845), ([[41, 873], [205, 873], [205, 1057], [41, 1057]], '야', 0.5408407186345734)]
[([[386, 96], [500, 96], [500, 194], [386, 194]], '회락', 0.11321428600525393)]
[([[473, 125], [635, 125], [635, 161], [473, 161]], '뼈림볼 운반은', 0.1114743096215931), ([[472, 149], [605, 149], [605, 187], [472, 187]], '여기까지다', 0.997332166267953), ([[474, 180], [526, 180], [526, 212], [474, 212]], '깔리', 0.999931722788134)]
[([[32, 102], [96, 102], [96, 132], [32, 132]], '꺼저!', 0.283792107940387), ([[31, 127], [229, 127], [229, 163], [31, 163]], '반스만 입은 논아', 0.9111090433745204), ([[34, 152], [110, 152], [110, 184], [34, 184]], '그리고', 0.9999598060072228), ([[33, 179], [135, 179], [135, 215], [33, 215]], '내이름은', 0.9970606565475464), ([[34, 210], [136, 210], [136, 240], [34, 240]], '350 다!', 0.16342863781353076)]
[([[33, 127], [231, 127], [231, 311], [33, 311]], '파', 0.9986456453042116)]
[([[60, 124], [224, 124], [224, 264], [60, 264]], '빠', 0.878834278864872)]
[([[262, 460], [316, 460], [316, 490], [262, 490]], '아올', 0.9799532133312059), ([[298.1338161011568, 33.229659827172355], [510.65980007372923, -24.713098199920537], [541.8661838988431, 130.77034017282764], [328.34019992627077, 189.71309819992055]], '타', 0.14655088638414782), ([[17.9147665880642, 123.69315971703112], [333.35439176587164, 36.552050890533174], [364.0852334119358, 196.30684028296886], [48.64560823412834, 283.44794910946683]], '[)', 0.16460097022650816)]
[([[414.0165201930918, 120.034586741904], [519.3837481911663, 111.54015413290433], [528.9834798069081, 289.965413258096], [423.6162518088337, 298.4598458670957]], '뭐', 0.30811717732427724)]
[([[578, 60], [602, 60], [602, 84], [578, 84]], '혹', 0.8342189762009902), ([[65, 112], [187, 112], [187, 144], [65, 144]], '진동공격!!', 0.5839964408751072), ([[281, 279], [301, 279], [301, 301], [281, 301]], '쇼', 0.35399127239452355), ([[422, 598], [454, 598], [454, 624], [422, 624]], '개', 0.005774402930523392), ([[341, 615], [436, 615], [436, 657], [341, 657]], '쟁22', 0.12378633652858845), ([[454.97191949374644, 602.552263139369], [508.6939599847348, 589.0432146509008], [516.0280805062536, 626.447736860631], [462.3060400152652, 639.9567853490992]], '1', 0.07304267786111396)]
[]
[([[35, 77], [197, 77], [197, 113], [35, 113]], '꼬추가 생기니', 0.6172488737349991), ([[35, 107], [271, 107], [271, 143], [35, 143]], '생긴것도 변하는구려', 0.7499321221518599), ([[336, 106], [536, 106], [536, 138], [336, 138]], '그래 역시 이거야', 0.4313763438958431), ([[38, 140], [138, 140], [138, 172], [38, 172]], '신기하오', 0.9999790191650391)]
[([[44.085751867114844, 80.09181941799437], [316.9754936293163, 51.96739416004687], [322.9142481328852, 223.90818058200563], [50.024506370683696, 253.03260583995313]], '빠사', 0.9780646675087881)]
[([[9, 51], [173, 51], [173, 253], [9, 253]], '뜻', 0.13177222783730258)]
[([[58, 118], [128, 118], [128, 150], [58, 150]], '흐격!!', 0.36752212047576904), ([[455, 121], [475, 121], [475, 143], [455, 143]], '4', 0.059815805130373434), ([[500, 224], [620, 224], [620, 540], [500, 540]], '운', 0.3396979095764472)]
[([[25, 335], [185, 335], [185, 509], [25, 509]], '뼈', 0.4173642448864143), ([[441, 297], [605, 297], [605, 475], [441, 475]], '씩', 0.2253570783313217)]
[([[548, 252], [598, 252], [598, 284], [548, 284]], '흐엉', 0.411297497430196), ([[59.76940875114934, 78.06326488614863], [210.84783714895863, 98.86926621333038], [193.23059124885066, 198.93673511385137], [41.152162851041375, 179.13073378666962]], '빠', 0.1727689196486546)]
[([[0, 50], [224, 50], [224, 250], [0, 250]], '쏘', 0.0898985588451362), ([[355, 139], [397, 139], [397, 175], [355, 175]], '4', 0.031623963168808666), ([[500, 44], [624, 44], [624, 164], [500, 164]], '죄', 0.18786051959449512), ([[427, 161], [554, 161], [554, 229], [427, 229]], '유출북률', 0.009507372975349426), ([[116, 554], [168, 554], [168, 584], [116, 584]], '꾸액', 0.9539953520353809), ([[215.6837947269396, 114.27193785314633], [344.0710678118655, 87.92893218813452], [357.3162052730604, 175.72806214685366], [228.92893218813452, 203.07106781186548]], "'4 제럿", 0.019579418316006948)]
[]
[]
[([[73, 97], [177, 97], [177, 133], [73, 133]], '대단하군', 0.9994781613349915), ([[398, 66], [426, 66], [426, 122], [398, 122]], '륙', 0.10727736287293865), ([[421, 91], [557, 91], [557, 127], [421, 127]], '도 만만참은', 0.903761973128922), ([[395, 117], [499, 117], [499, 153], [395, 153]], '실력이군', 0.9956755042076111)]
[([[218, 254], [414, 254], [414, 404], [218, 404]], '취로', 0.1282414697993287)]
[([[65, 163], [243, 163], [243, 199], [65, 199]], '난 싸라코너클 .', 0.3475320998357489), ([[455.30513841808187, 138.0815813559439], [534.9964370533747, 159.85383233885977], [527.6948615819181, 185.9184186440561], [447.0035629466253, 164.14616766114023]], '|시&', 0.008018544876777152)]
[]
[]
[([[433.8352156135971, 84.0424539062802], [614.1001648797173, 113.43790039970469], [587.1647843864029, 252.9575460937198], [406.8998351202827, 224.5620996002953]], '쓰욕', 0.6131225798223775)]
[([[44, 102], [170, 102], [170, 134], [44, 134]], '싸라코너지', 0.5293473455979054), ([[468, 114], [546, 114], [546, 146], [468, 146]], '방해는', 0.9408888127359469), ([[44, 130], [202, 130], [202, 162], [44, 162]], '찾아 떠나려면', 0.998442339877754), ([[467, 137], [597, 137], [597, 173], [467, 173]], '용서못하다', 0.7223540039226364), ([[43, 155], [205, 155], [205, 191], [43, 191]], '돈이 필요하다', 0.9475877309207599)]
[([[185, 58], [619, 58], [619, 221], [185, 221]], '-장:', 0.006758362521916825), ([[132, 196], [618, 196], [618, 342], [132, 342]], '뜻장:', 0.0008839790375792646), ([[117, 373], [175, 373], [175, 415], [117, 415]], '13', 0.9999988198884456), ([[294, 368], [376, 368], [376, 422], [294, 422]], '종못', 0.2085585143908509), ([[453, 373], [537, 373], [537, 415], [453, 415]], '008', 0.9999978664093272), ([[43, 559], [123, 559], [123, 595], [43, 595]], '우승올', 0.669474540461271), ([[43, 589], [216, 589], [216, 628], [43, 628]], '양보 할순 없지', 0.6891713464857182), ([[472.9230627620734, 610.1999631813908], [625.6408116685698, 560.57658378148], [633.0769372379266, 589.8000368186092], [479.3591883314302, 639.42341621852]], '세<\'감~디"(사드', 1.9499630844449474e-05), ([[584.8375236125618, 629.3725330575866], [632.7463954040298, 625.0252676814717], [635.1624763874382, 646.6274669424134], [586.2536045959702, 650.9747323185283]], "'주(", 0.11734540140597309), ([[509.0843474295577, 653.4253042288673], [583.8198153319596, 636.1703783045479], [586.9156525704423, 651.5746957711327], [512.1801846680404, 668.8296216954521]], '3시3/', 0.000815527921076864)]
[]
[([[522, 120], [646, 120], [646, 308], [522, 308]], '박', 0.9980860578530191), ([[301, 285], [341, 285], [341, 323], [301, 323]], '\'1""', 0.8127889633178711), ([[-39.0689419486735, 136.93795224619384], [494.8211349133944, -34.189541614546556], [558.0689419486735, 182.06204775380616], [23.178865086605573, 355.18954161454656]], '파마바라', 0.15530258417129517)]
[]
[([[358.8199912904895, 119.02176397226577], [665.8809868876845, 182.29488713288663], [601.1800087095105, 453.9782360277342], [294.1190131123156, 391.70511286711337]], "'광", 0.13218499603770312)]
[([[222, 46], [304, 46], [304, 78], [222, 78]], '파하하', 0.9998512695430871), ([[370, 114], [448, 114], [448, 146], [370, 146]], '최후의', 0.998837352332501), ([[370, 140], [424, 140], [424, 172], [370, 172]], '결국', 0.9999247265583663), ([[421, 111], [535, 111], [535, 177], [421, 177]], '와출작늄', 0.09710473567247391)]
[([[253, 37], [331, 37], [331, 73], [253, 73]], '알앞어', 0.5897738862262399), ([[254, 66], [328, 66], [328, 98], [254, 98]], '알내어', 0.17612452209683152), ([[277, 91], [329, 91], [329, 127], [277, 127]], '놈의', 0.9933058227151648), ([[254, 120], [354, 120], [354, 148], [254, 148]], '싸라코너', 0.9835488200187683), ([[485, 115], [602, 115], [602, 154], [485, 154]], '네가 먼저', 0.9994759716707377), ([[485, 145], [626, 145], [626, 184], [485, 184]], '싸기나 하서', 0.8474841642028318)]
[]
[]
[([[37, 547], [173, 547], [173, 583], [37, 583]], '아직 끝나지', 0.9849484578210017), ([[37, 573], [115, 573], [115, 609], [37, 609]], '않있어', 0.2132503754654158)]
[([[71, 41], [145, 41], [145, 77], [71, 77]], '우승은', 0.9998904305837104), ([[70, 70], [172, 70], [172, 102], [70, 102]], '양보활수', 0.9894248843193054), ([[417, 69], [603, 69], [603, 107], [417, 107]], '이 징글징글한것', 0.45911299880146667), ([[69, 95], [125, 95], [125, 131], [69, 131]], '없다', 0.9999773250707977)]
[([[409, 27], [513, 27], [513, 63], [409, 63]], '어림없지', 0.9982746243476868), ([[49, 61], [153, 61], [153, 97], [49, 97]], '항복해라', 0.6506124876208279)]
[([[56, 96], [110, 96], [110, 126], [56, 126]], '나는', 0.9916864085139508), ([[57, 119], [185, 119], [185, 155], [57, 155]], '싸라코너클', 0.47848872289325545), ([[469, 109], [605, 109], [605, 145], [469, 145]], '미래에서 온', 0.9917784273853003), ([[58, 148], [192, 148], [192, 180], [58, 180]], '죽이기 위해', 0.99341080148226)]
[([[190, 43], [380, 43], [380, 97], [190, 97]], '터미네이터', 0.9279524181341389), ([[403, 49], [469, 49], [469, 91], [403, 91]], '탓!!', 0.3570610206534587), ([[26, 766], [656, 766], [656, 988], [26, 988]], '석릿뱃활만록', 0.0015966131388301327)]
[([[435, 60], [586, 60], [586, 374], [435, 374]], '흙', 0.9161807030089939)]
[([[478, 94], [576, 94], [576, 218], [478, 218]], '아', 0.9995027206810505)]
[([[515, 82], [627, 82], [627, 513], [515, 513]], '하', 0.016309676552426433), ([[494, 510], [621, 510], [621, 811], [494, 811]], "'", 0.10522079338620624), ([[39.16837354923654, 213.02662736809003], [138.95522380173622, 225.71824848266166], [116.83162645076347, 394.97337263190997], [17.044776198263765, 383.28175151733836]], '짧', 0.005617258234114075), ([[40.98154206653618, 699.074486052446], [130.45943641241763, 718.3026529266828], [116.01845793346382, 780.925513947554], [26.540563587582362, 761.6973470733172]], '씨끼기', 0.029568116983249147)]
[([[550, 68], [661, 68], [661, 140], [550, 140]], '{흐엉듣', 0.09275250881910324), ([[463, 145], [549, 145], [549, 207], [463, 207]], '구형', 0.12500373029614611), ([[615, 169], [651, 169], [651, 183], [615, 183]], '{파-', 0.012763373222233067), ([[17, 163], [107, 163], [107, 226], [17, 226]], "'연", 0.3247094547154863), ([[248, 376], [532, 376], [532, 548], [248, 548]], '콤질협', 0.0061558578223804665)]
[([[542.31030298491, 88.03406014759129], [594.320401965088, 83.39577902244207], [603.68969701509, 202.96593985240872], [550.679598034912, 207.60422097755793]], '양', 0.9949035180741852), ([[342.9378517783448, 337.114118180386], [370.50756844006696, 311.0258292873437], [443.0621482216552, 392.885881819614], [415.49243155993304, 418.9741707126563]], '출', 0.073390626711344)]
[([[151, 61], [385, 61], [385, 171], [151, 171]], '키 괜탕', 0.048764957600039335), ([[556, 500], [634, 500], [634, 576], [556, 576]], "'호망", 0.07754663271732162)]
[([[411, 25], [499, 25], [499, 123], [411, 123]], '와', 0.3124198463741692), ([[25, 41], [135, 41], [135, 197], [25, 197]], '%', 0.5578793203517876)]
[([[426, 90], [480, 90], [480, 122], [426, 122]], '아양', 0.6779085408505025)]
[([[389, 173], [631, 173], [631, 285], [389, 285]], '세익-', 0.21513893321262015)]
[([[51, 119], [293, 119], [293, 158], [51, 158]], '72 도 맛이 갖습니다', 0.5137564031435157)]
[([[71, 61], [199, 61], [199, 97], [71, 97]], '양통선수도', 0.7328444367210798), ([[74, 90], [174, 90], [174, 120], [74, 120]], '일어나지', 0.9561861051065271), ([[73, 113], [149, 113], [149, 149], [73, 149]], '못하고', 0.9998839610830409), ([[73, 141], [177, 141], [177, 177], [73, 177]], '있습니다', 0.8784476518630981)]
[([[75, 79], [247, 79], [247, 115], [75, 115]], '깔리 선수는??', 0.9042773276387431), ([[419, 185], [489, 185], [489, 251], [419, 251]], '낮', 0.04552117195624206), ([[355, 223], [427, 223], [427, 285], [355, 285]], '부들', 0.9518446771251062)]
[([[175.0632144382315, -9.981710381273103], [357.95503048176965, 132.53149238425934], [230.9367855617685, 293.9817103812731], [49.044969518230374, 151.46850761574066]], '스^', 0.002663726589594169)]
[([[59, 81], [183, 81], [183, 117], [59, 117]], '깔리선수!!', 0.8586082649515), ([[453, 138], [623, 138], [623, 174], [453, 174]], '일어섯습니다]!', 0.2969686257376572), ([[209.5677632769263, 335.02342214772216], [240.54392008292007, 330.03715368158237], [256.4322367230737, 434.97657785227784], [225.45607991707993, 439.96284631841763]], '불', 0.9540989303382084), ([[484.53686935917915, 791.0359638987467], [510.3546386693553, 781.0210351774151], [540.4631306408209, 860.9640361012533], [513.6453613306446, 870.9789648225849]], '톤', 0.18943557022073865)]
[([[183, 60], [618, 60], [618, 221], [183, 221]], '-맑적', 0.0022581605272621167), ([[131, 195], [618, 195], [618, 344], [131, 344]], '뜻장:', 0.0006735590837031928), ([[123, 375], [183, 375], [183, 417], [123, 417]], '13', 0.9999997471189183), ([[300, 370], [382, 370], [382, 424], [300, 424]], '종용', 0.13522924963762945), ([[459, 373], [543, 373], [543, 417], [459, 417]], '002', 0.9999046325683594), ([[483, 541], [609, 541], [609, 577], [483, 577]], '로봇정비소', 0.999479285544997), ([[340, 760], [426, 760], [426, 786], [340, 786]], '로봇 정비소', 0.9736573029438083)]
[([[192, 94], [481, 94], [481, 239], [192, 239]], '[오빠', 0.017273751995270845)]
[([[71, 67], [241, 67], [241, 109], [71, 109]], '오늘 레이스', 0.7904378240803426), ([[73, 99], [199, 99], [199, 143], [73, 143]], '우승자는', 0.7948722839355469), ([[71, 133], [161, 133], [161, 175], [71, 175]], '깔리!!', 0.6460546851158142), ([[505, 153], [663, 153], [663, 263], [505, 263]], '@야', 0.530982592400473), ([[34.23200346193953, 244.08243704275293], [328.0042701441715, 222.75971986943816], [328.76799653806046, 388.91756295724707], [34.99572985582847, 410.24028013056187]], '아아', 0.7303266325395887), ([[96.23520835187, 455.240687605659], [324.87673215116274, 405.2788417878693], [344.76479164813003, 543.759312394341], [116.12326784883726, 593.7211582121307]], '@아', 0.3082106716092324)]
[([[185, 58], [619, 58], [619, 221], [185, 221]], '-장:', 0.005079078531892358), ([[132, 196], [616, 196], [616, 342], [132, 342]], '뜻장:', 0.0007901403272856138), ([[117, 373], [177, 373], [177, 415], [117, 415]], '13', 0.9999988198884456), ([[294, 368], [376, 368], [376, 422], [294, 422]], '종못', 0.16714175408813564), ([[453, 373], [535, 373], [535, 415], [453, 415]], '009', 0.6847320795059204), ([[34, 570], [110, 570], [110, 602], [34, 602]], '정말로', 0.9999178647994995), ([[34, 602], [136, 602], [136, 634], [34, 634]], '우승까지', 0.9960769414901733), ([[33, 631], [139, 631], [139, 667], [33, 667]], '할줄이야', 0.9674063920974731), ([[294, 663], [355, 663], [355, 684], [294, 684]], '사사사', 0.10355555811879694), ([[466, 664], [550, 664], [550, 692], [466, 692]], '그래~~', 0.9548142328399088), ([[464, 691], [602, 691], [602, 730], [464, 730]], '하고자 하는', 0.790432598263681), ([[465, 725], [601, 725], [601, 761], [465, 761]], '일이 있으면', 0.9661273743937512), ([[466, 758], [544, 758], [544, 790], [466, 790]], '해야지', 0.9984497975132691), ([[465, 789], [651, 789], [651, 825], [465, 825]], '그동안 즐거워어', 0.8186623560335823), ([[465, 819], [519, 819], [519, 855], [465, 855]], '깔리', 0.9989961254223054)]
[([[386, 88], [502, 88], [502, 120], [386, 120]], '아 아니지', 0.9722335812642684), ([[385, 113], [613, 113], [613, 149], [385, 149]], '3명0 라고 불러야지', 0.4344133765260759), ([[117.21456992734423, 72.88582797093768], [167.6995864686612, 45.527874227401895], [180.78543007265577, 71.11417202906232], [131.3004135313388, 98.4721257725981]], '음', 0.03426302101975498)]
[([[52, 144], [190, 144], [190, 176], [52, 176]], '너의 필라가', 0.7454893232609353), ([[54, 172], [100, 172], [100, 196], [54, 196]], '그리', 0.9999947737947846), ([[101, 169], [183, 169], [183, 205], [101, 205]], '울꺼야', 0.9807326393683717)]
[([[271, 61], [565, 61], [565, 97], [271, 97]], '나도 잠시의 인연이없지만', 0.5408186866833629), ([[271, 87], [509, 87], [509, 125], [271, 125]], '중은추억이 훨것같아', 0.46725677991889325), ([[274, 118], [350, 118], [350, 146], [274, 146]], '3명0~', 0.14293131314139162), ([[604, 496], [628, 496], [628, 536], [604, 536]], '9', 0.26100774663292725)]
[([[482, 82], [570, 82], [570, 156], [482, 156]], "'아당", 0.5731626997637833), ([[96, 136], [186, 136], [186, 208], [96, 208]], "'아아", 0.9895851846199911)]
[([[477, 128], [638, 128], [638, 366], [477, 366]], '퍽', 0.4199216923631788)]
[([[85, 73], [101, 73], [101, 99], [85, 99]], '2', 0.9999519592333037), ([[599, 337], [659, 337], [659, 457], [599, 457]], "'불", 0.8613612832863291), ([[74.58980291704978, 125.02108829538288], [107.62764180127179, 120.04954866258343], [122.41019708295022, 229.97891170461713], [89.37235819872821, 234.95045133741655]], '불', 0.2796856839063935)]
[([[71, 53], [215, 53], [215, 89], [71, 89]], '3꾸도 잘하는', 0.20918134086452506), ([[72, 84], [178, 84], [178, 114], [72, 114]], '3꾸0예요', 0.38751317979272376), ([[71, 105], [255, 105], [255, 143], [71, 143]], '잊지 말아주세요', 0.8819087361770372), ([[37, 192], [273, 192], [273, 232], [37, 232]], '옛몸하고 비슷한 옷도', 0.8253384927137248), ([[37, 221], [171, 221], [171, 257], [37, 257]], '맘에 들어요', 0.8552304453004923), ([[61, 301], [139, 301], [139, 337], [61, 337]], '감사요', 0.999511630122401)]
[([[181, 21], [489, 21], [489, 59], [181, 59]], '은하계 모든 고철이 모이는', 0.6270657665346622), ([[181, 51], [285, 51], [285, 87], [181, 87]], '고철행성', 0.7372811840912487), ([[369, 189], [433, 189], [433, 267], [369, 267]], '@_', 0.7456942204905245)]
[([[232, 68], [270, 68], [270, 92], [232, 92]], "')_", 0.09267894075256788), ([[439, 113], [581, 113], [581, 149], [439, 149]], '자 움직여화', 0.7003502504307002), ([[274.34240405077855, 60.05442430467143], [326.9633206721772, 97.45954718106674], [305.65759594922145, 127.94557569532857], [253.0366793278228, 89.54045281893326]], "'씨감'", 0.010920648463070393)]
[([[92, 68], [146, 68], [146, 100], [92, 100]], '안농', 0.8826539359542102), ([[94, 94], [228, 94], [228, 126], [94, 126]], '이제 갈께요', 0.9071895020427296), ([[520, 158], [576, 158], [576, 190], [520, 190]], '잘가', 0.9978554838282921), ([[296, 500], [336, 500], [336, 528], [296, 528]], '꽤 {', 0.015304827882846348), ([[262.2821863608303, 505.0322686052163], [412.9986618468279, 569.853683014997], [384.7178136391697, 631.9677313947838], [233.00133815317213, 567.146316985003]], '"애', 0.002746868049483016)]
[([[303, 49], [439, 49], [439, 85], [303, 85]], '너의 앞날에', 0.9981508993214557), ([[303, 75], [437, 75], [437, 111], [303, 111]], '행운이 엇길', 0.4055425909956195), ([[495, 109], [581, 109], [581, 145], [495, 145]], '참 밝은', 0.873130588141625), ([[496, 138], [598, 138], [598, 170], [496, 170]], '아이름어', 0.42739948630332947), ([[384, 505], [461, 505], [461, 623], [384, 623]], '탁', 0.06562604873355227)]
[([[261, 171], [443, 171], [443, 373], [261, 373]], '우', 0.4318551710695182), ([[253, 498], [319, 498], [319, 651], [253, 651]], '딸', 0.047164439934167746), ([[594, 454], [650, 454], [650, 593], [594, 593]], '물', 0.885739331314884)]
[]
[([[146, 88], [200, 88], [200, 120], [146, 120]], '이쁨', 0.25636808038889053), ([[218, 88], [296, 88], [296, 120], [218, 120]], '손이네', 0.9765310427763468), ([[271, 269], [347, 269], [347, 335], [271, 335]], '라', 0.6000979173723522)]
[([[23, 133], [185, 133], [185, 169], [23, 169]], '마침 광전사의', 0.9993792656986178), ([[24, 164], [162, 164], [162, 196], [24, 196]], '몸이 있어서', 0.8034895572821245), ([[23, 193], [185, 193], [185, 229], [23, 229]], '네게 달아략어', 0.292313455213339), ([[528, 196], [584, 196], [584, 222], [528, 222]], '오~~', 0.6065280437469482), ([[527, 221], [619, 221], [619, 257], [527, 257]], '왕가슴!', 0.6435322761535645)]
[([[351, 29], [609, 29], [609, 65], [351, 65]], '너의 멋진 아라 솜씨와', 0.4270552762488486), ([[349, 59], [657, 59], [657, 95], [349, 95]], '이 아름다운 바디가 있으면', 0.7558251894811114), ([[351, 89], [645, 89], [645, 125], [351, 125]], '년 행복한 삶올 살수 있어', 0.42039985990575307), ([[349, 119], [421, 119], [421, 155], [349, 155]], '깔리-', 0.457374004661444)]
[([[461, 75], [649, 75], [649, 111], [461, 111]], '존나 깔심하니까', 0.7920884989865713), ([[50, 96], [122, 96], [122, 128], [50, 128]], '깔리?', 0.9999355107706566), ([[460, 106], [562, 106], [562, 138], [460, 138]], '깔리라고', 0.9998665452003479), ([[461, 131], [561, 131], [561, 167], [461, 167]], '네이름올', 0.8858169913291931), ([[457, 155], [563, 155], [563, 193], [457, 193]], '지어주어', 0.29132071137428284)]
[([[485, 23], [585, 23], [585, 59], [485, 59]], '옛기억은', 0.9960793256759644), ([[508, 52], [586, 52], [586, 82], [508, 82]], '어버러', 0.9983469942722345), ([[482, 50], [536, 50], [536, 112], [482, 112]], '월어', 0.02400962079081373), ([[485, 103], [643, 103], [643, 139], [485, 139]], '머리만 남긴채', 0.8366081898208861), ([[491, 129], [595, 129], [595, 165], [491, 165]], '버림받은', 0.9052796363830566), ([[484, 158], [562, 158], [562, 190], [484, 190]], '안주은', 0.11133017018260558), ([[31, 195], [213, 195], [213, 231], [31, 231]], '하지만 내이름은', 0.9880271081563147), ([[484, 184], [586, 184], [586, 216], [484, 216]], '기억따위', 0.9986876249313354), ([[31, 219], [167, 219], [167, 257], [31, 257]], '30 인걸요', 0.6183887692108418)]
[([[59, 47], [301, 47], [301, 83], [59, 83]], '새로운 삶올 사는거야', 0.3585758249067695), ([[59, 73], [133, 73], [133, 109], [59, 109]], '깔리!!', 0.6723573207855225), ([[24, 200], [202, 200], [202, 298], [24, 298]], '야;', 0.02831536108253779)]
[([[35, 605], [553, 605], [553, 769], [35, 769]], '@행 떼행', 0.11678768125114349), ([[401.11378308918484, 461.28029375484266], [611.9895860564177, 412.79073958072433], [631.8862169108152, 541.7197062451573], [421.01041394358225, 590.2092604192757]], '빼퀴', 0.38709799566053527)]
[([[370, 2], [602, 2], [602, 150], [370, 150]], '뼈행', 0.2483028445378075), ([[526, 150], [650, 150], [650, 246], [526, 246]], '@륙', 0.03496529068256296), ([[108.73514962106927, 31.184412688522528], [319.17748004515994, -0.429943050818963], [329.26485037893076, 119.81558731147747], [117.82251995484003, 151.42994305081896]], '[행', 0.014472742701047354), ([[54.66327391235852, 159.2510599968492], [191.66990929536271, 130.11504651878602], [206.3367260876415, 226.7489400031508], [69.33009070463729, 255.88495348121398]], '때행', 0.8861193068445208)]
[([[339, 83], [471, 83], [471, 119], [339, 119]], '뉴스입니다', 0.9912808532405902)]
[([[402, 34], [502, 34], [502, 156], [402, 156]], '씨', 0.07498573964869948), ([[421, 123], [533, 123], [533, 245], [421, 245]], '수', 0.9849632706291835)]
[([[235, 29], [583, 29], [583, 67], [235, 67]], '우주해적 해록이 검거되습니다', 0.23095244788654354), ([[236, 62], [504, 62], [504, 94], [236, 94]], '이 과정에서 현상수배범', 0.9836254478365019), ([[236, 91], [554, 91], [554, 124], [236, 124]], '오비완 개노무가 데스스타로', 0.5979080543714271), ([[233, 117], [617, 117], [617, 155], [233, 155]], '향하고 있다는 정보가 나건습니다', 0.3992278631217739), ([[59, 396], [301, 396], [301, 450], [59, 450]], '[뜻부 @@출방', 9.792935177659867e-05)]
[([[39, 61], [313, 61], [313, 97], [39, 97]], '재미없는 뉴스 신경끄고', 0.3354033337853024), ([[41, 91], [265, 91], [265, 127], [41, 127]], '하던거나 마저 하장', 0.6690711419449745), ([[40, 242], [160, 242], [160, 290], [40, 290]], '아항~~', 0.770300030708313)]
[([[412, 64], [486, 64], [486, 96], [412, 96]], '아 좀!', 0.4544254614501511), ([[414, 91], [524, 91], [524, 123], [414, 123]], '비켜보요!', 0.687209955455678), ([[230, 124], [282, 124], [282, 156], [230, 156]], '흐엉', 0.7318561146608906), ([[411, 115], [453, 115], [453, 151], [411, 151]], '좀!', 0.8286060190880353)]
[([[179, 73], [461, 73], [461, 109], [179, 109]], '난 저곳에 당장 가야해요', 0.667759448129875), ([[177, 103], [533, 103], [533, 139], [177, 139]], "제 주인남이 저곳에 있'꺼에요", 0.27012300123869254)]
[([[350, 28], [440, 28], [440, 60], [350, 60]], '오 깔리', 0.614736641192343), ([[350, 52], [380, 52], [380, 84], [350, 84]], '과', 0.9999756814527814), ([[432, 49], [563, 49], [563, 87], [432, 87]], '잊으라니까', 0.8738860407847311), ([[350, 80], [376, 80], [376, 108], [350, 108]], '저', 0.999998569489037), ([[369, 51], [431, 51], [431, 139], [369, 139]], '심툼', 0.002918796299777311), ([[376, 78], [404, 78], [404, 114], [376, 114]], '곳', 0.9999907016970297), ([[433, 79], [569, 79], [569, 115], [433, 115]], '너무 위험해', 0.7270630042673023), ([[430, 103], [537, 103], [537, 142], [430, 142]], '저곳까지', 0.9793316721916199), ([[350, 106], [378, 106], [378, 218], [350, 218]], '꿀', 0.012232619214849416), ([[373, 129], [489, 129], [489, 193], [373, 193]], ':증색울', 0.001992500387132168), ([[498, 134], [626, 134], [626, 166], [498, 166]], '구하느것도', 0.34391415096099237), ([[382, 188], [436, 188], [436, 220], [382, 220]], '돈도', 0.990910366751772), ([[452, 188], [504, 188], [504, 220], [452, 220]], '없고', 0.9799660340232633)]
[([[131, 40], [318, 40], [318, 77], [131, 77]], '다음 뉴스입니다', 0.9835452158388096), ([[288, 78], [549, 78], [549, 116], [288, 116]], '무규칙 뼈핑올레이스가', 0.059312937228313926), ([[287, 105], [421, 105], [421, 141], [287, 141]], '펼쳐집니다', 0.7868232939889394), ([[311, 159], [419, 159], [419, 227], [311, 227]], '[살로용촌', 0.02679758444745103), ([[386, 154], [578, 154], [578, 228], [386, 228]], '최식숙--', 0.008103626445410605), ([[283, 457], [419, 457], [419, 493], [283, 493]], '많은 분들의', 0.8751294559702703), ([[281, 483], [409, 483], [409, 521], [281, 521]], '참여신청올', 0.5928336371596878), ([[281, 511], [387, 511], [387, 547], [281, 547]], '바람니다', 0.7589141130447388)]
[]
[([[459, 115], [597, 115], [597, 151], [459, 151]], '나 뼈팅불에', 0.0788542540887662), ([[459, 141], [587, 141], [587, 177], [459, 177]], '참가할래요', 0.6020825929230919)]
[([[40, 154], [94, 154], [94, 184], [40, 184]], '안돼-', 0.11479418862316705), ([[37, 177], [185, 177], [185, 213], [37, 213]], '너무 위험해!', 0.9740019969902434), ([[453, 169], [589, 169], [589, 205], [453, 205]], '네 멋진몸도', 0.7589157458216242), ([[453, 191], [647, 191], [647, 231], [453, 231]], '내가 괜히 공짜로', 0.6486793100353601), ([[451, 221], [557, 221], [557, 257], [451, 257]], '준출알아', 0.6216738224029541), ([[355.43345781904964, 140.05398065905806], [410.9307000521888, 175.3589093635837], [396.56654218095036, 197.94601934094194], [341.0692999478112, 162.6410906364163]], '초어5', 0.0035333452172494825)]
[([[497, 151], [551, 151], [551, 187], [497, 187]], '흐엉', 0.5265272205263065), ([[86, 264], [140, 264], [140, 296], [86, 296]], '아입', 0.8602350883941646)]
[]
[([[40, 200], [142, 200], [142, 232], [40, 232]], '상금타서', 0.9071534872055054), ([[39, 225], [175, 225], [175, 261], [39, 261]], '다 갚율끼요', 0.46050179923848145), ([[498, 214], [598, 214], [598, 246], [498, 246]], '도와취요', 0.4005816876888275)]
[([[314, 74], [368, 74], [368, 106], [314, 106]], '안동', 0.29314446494889257), ([[394, 98], [448, 98], [448, 130], [394, 130]], '안동', 0.31080072301272266), ([[360, 148], [412, 148], [412, 178], [360, 178]], '시정', 0.9950160717431811), ([[373, 193], [583, 193], [583, 229], [373, 229]], '{나랑 행복하게 놀', 0.5786859121854148), ([[22.6186176480295, 196.08047941283246], [162.28618000732877, 131.99531008876247], [188.3813823519705, 196.91952058716754], [48.71381999267124, 261.0046899112375]], '우우우후', 0.5740644931793213)]
[([[267, 143], [297, 143], [297, 161], [267, 161]], '시', 0.1531299818799461), ([[437.30777840163154, 89.0171237129569], [533.5181632471383, 55.00959232726526], [619.6922215983685, 318.9828762870431], [523.4818367528617, 352.99040767273476]], '형', 0.4040327100611627)]
[([[130, 84], [184, 84], [184, 116], [130, 116]], '중앙', 0.6964788709566587), ([[502, 126], [564, 126], [564, 156], [502, 156]], '오레!', 0.43764573335647583), ([[18, 170], [78, 170], [78, 200], [18, 200]], '{체', 0.0013580222372359034), ([[225, 163], [329, 163], [329, 199], [225, 199]], '도와줄께', 0.7950382232666016)]
[([[183, 58], [619, 58], [619, 223], [183, 223]], '-장_', 0.005016379618385573), ([[131, 195], [618, 195], [618, 344], [131, 344]], '뜻장:', 0.0009642256319821952), ([[123, 375], [183, 375], [183, 417], [123, 417]], '13', 0.9999996628252286), ([[300, 370], [382, 370], [382, 424], [300, 424]], '종못', 0.20194142264918152), ([[459, 375], [541, 375], [541, 417], [459, 417]], '003', 0.9999984170133134), ([[62, 562], [138, 562], [138, 592], [62, 592]], '뼈칭볼', 0.049339115606406594), ([[419, 941], [589, 941], [589, 977], [419, 977]], '지상 최대의 쇼', 0.9975771296090745), ([[355.09993650191905, 546.1295364640089], [501.39706500389724, 522.6223716913482], [513.900063498081, 646.8704635359911], [367.60293499610276, 670.3776283086518]], '@_', 0.016615176980010915)]
[([[402, 52], [478, 52], [478, 84], [402, 84]], '최고의', 0.9999713686405023), ([[402, 78], [454, 78], [454, 110], [402, 110]], '로봇', 0.9999836470619405), ([[402, 106], [502, 106], [502, 134], [402, 134]], '싸이보그', 0.9949095249176025), ([[397, 127], [531, 127], [531, 193], [397, 193]], '알두록익 ', 0.02139444140005256), ([[481, 129], [617, 129], [617, 193], [481, 193]], '기하튿잎"', 0.0035296754808122883), ([[-3.528654880364072, 486.0350883972695], [25.591138140245523, 480.04392167681846], [41.52865488036407, 568.9649116027306], [11.408861859754477, 574.9560783231816]], '8', 0.987037382824699)]
[([[470, 86], [498, 86], [498, 114], [470, 114]], '어', 0.9999189393258803), ([[528, 84], [606, 84], [606, 116], [528, 116]], '반칙도', 0.9780727336941302), ([[470, 108], [494, 108], [494, 138], [470, 138]], '혀', 0.34651540482856547), ([[520, 112], [572, 112], [572, 142], [520, 142]], '되며', 0.1959494478859374), ([[459, 73], [617, 73], [617, 233], [459, 233]], '9#기', 0.00169799932839237), ([[602, 164], [628, 164], [628, 196], [602, 196]], '올', 0.9737170994250768), ([[494, 190], [546, 190], [546, 220], [494, 220]], '까지', 0.9992571162007549), ([[469, 213], [631, 213], [631, 251], [469, 251]], '소유한 상태로', 0.8876640798547478)]
[([[79, 39], [213, 39], [213, 105], [79, 105]], '콜라임가지', 0.2911332593514714), ([[359, 71], [547, 71], [547, 111], [359, 111]], '광란의 레이스', 0.8916831585309406), ([[156, 96], [184, 96], [184, 130], [156, 130]], '은', 0.9999926090377045), ([[77, 89], [165, 89], [165, 187], [77, 187]], '좋프렉록', 0.0023731414694339037), ([[125, 119], [215, 119], [215, 186], [125, 186]], "'충진가", 0.01361293438822031), ([[153.36836596710398, 526.1681566420991], [256.1916583936266, 516.9340976779418], [259.631634032896, 589.8318433579009], [155.80834160637343, 599.0659023220582]], '뼈기', 0.2700260210043755)]
[([[346, 32], [586, 32], [586, 64], [346, 64]], '아주 무서운 레이스지', 0.8832221061089487), ([[343, 57], [613, 57], [613, 93], [343, 93]], '제대로 준비하지 않으면', 0.9376386170763641), ([[345, 83], [541, 83], [541, 119], [345, 119]], '험한 꼴만 당하고', 0.9150262193583719), ([[345, 111], [607, 111], [607, 147], [345, 147]], '구경꺼리로 전락할꺼야', 0.6706063194857167), ([[592, 210], [648, 210], [648, 258], [592, 258]], '( ', 0.022179692518531125), ([[134, 556], [234, 556], [234, 588], [134, 588]], '알앞어요', 0.2592375874519348), ([[134, 582], [326, 582], [326, 614], [134, 614]], '각오 단단히 하고', 0.9102736880282601), ([[133, 609], [257, 609], [257, 641], [133, 641]], '준비함께요', 0.6728397263316466)]
[([[488, 102], [552, 102], [552, 134], [488, 134]], '좋아!', 0.6343623954908094), ([[488, 128], [622, 128], [622, 160], [488, 160]], '지욕의 특훈', 0.4337091751511093), ([[487, 153], [601, 153], [601, 189], [487, 189]], '시작이다!', 0.9152951630815341), ([[355.5837847110703, 101.04378814203032], [408.9560728717743, 132.58313201093333], [396.4162152889297, 151.95621185796966], [344.0439271282257, 120.41686798906666]], '시", ":', 0.002978880793830533)]
[([[82, 88], [122, 88], [122, 116], [82, 116]], '오~', 0.9906522020624073), ([[79, 115], [291, 115], [291, 151], [79, 151]], '아름다운 얼굴이군', 0.996506437013066), ([[401, 489], [649, 489], [649, 527], [401, 527]], '특히 입술이 맘에들어', 0.6221055517994662), ([[43.28026567843061, 298.3885579247043], [118.42146988431686, 252.81621552247228], [133.7197343215694, 284.6114420752957], [59.57853011568314, 330.18378447752775]], '가:', 0.04655024704572699)]
[([[248, 46], [304, 46], [304, 78], [248, 78]], '하양_', 0.4251510396176316), ([[74, 102], [152, 102], [152, 132], [74, 132]], '바스트', 0.9996600096981497), ([[73, 127], [201, 127], [201, 163], [73, 163]], '내구력강화', 0.9990184156121323)]
[([[434, 40], [486, 40], [486, 72], [434, 72]], '궁디', 0.7927205958010198), ([[433, 61], [572, 61], [572, 100], [433, 100]], '내구력 강화', 0.7722512740190888), ([[305, 85], [379, 85], [379, 121], [305, 121]], '호응!!', 0.033454544842243195)]
[([[462, 54], [514, 54], [514, 86], [462, 86]], '봉지', 0.9997423238928964), ([[461, 79], [607, 79], [607, 115], [461, 115]], '내구력강화] !', 0.2864441859665214), ([[306, 98], [363, 98], [363, 129], [306, 129]], '찌다', 0.30792625856479283), ([[225, 281], [239, 281], [239, 303], [225, 303]], '3', 0.1904928989038348), ([[391, 174], [460, 174], [460, 349], [391, 349]], '움', 0.6504822742672935), ([[542, 328], [626, 328], [626, 360], [542, 360]], '호으응!', 0.5261141657829285), ([[224.70999260471712, 225.04297559556653], [238.52736286177813, 227.15035983380187], [233.29000739528288, 259.95702440443347], [219.47263713822187, 257.8496401661981]], '0', 0.8468302210911851)]
[([[69, 1], [644, 1], [644, 172], [69, 172]], '야하하 야방', 0.11533812043858965), ([[304, 588], [328, 588], [328, 614], [304, 614]], '*', 0.6727202606940672)]
[([[286, 46], [354, 46], [354, 74], [286, 74]], '자아~', 0.8474899530410767), ([[467, 45], [545, 45], [545, 81], [467, 81]], '다음은', 0.9998616619960518), ([[281, 41], [465, 41], [465, 109], [281, 109]], '장악-발어금증', 0.02287890927168444), ([[10, 100], [50, 100], [50, 126], [10, 126]], '("', 0.3579533150987459), ([[290, 476], [365, 476], [365, 525], [290, 525]], '하아', 0.8995753809625588)]
[([[56, 96], [147, 96], [147, 135], [56, 135]], '공포의', 0.9990914896807551), ([[57, 129], [141, 129], [141, 167], [57, 167]], '펼라!!', 0.4384385645389557)]
[([[63, 113], [247, 113], [247, 155], [63, 155]], '파위 떡방아!!', 0.8005526371565009), ([[190.6632739123585, 227.2510599968492], [380.13537758400935, 199.87261259609127], [386.33672608764147, 294.74894000315084], [197.86462241599062, 322.1273874039087]], '_위-', 0.005953874507981834), ([[90.42275661783697, 331.05605875096853], [114.87809650471381, 351.15350102802535], [82.57724338216303, 387.94394124903147], [58.12190349528619, 367.84649897197465]], '동', 0.06308736169246121)]
[([[63, 51], [267, 51], [267, 93], [63, 93]], '슈퍼 조이기!!', 0.42973117888523216), ([[508, 60], [570, 60], [570, 90], [508, 90]], '꾸액!', 0.7359986987621222)]
[([[380, 134], [436, 134], [436, 164], [380, 164]], '하아', 0.9999667041520314), ([[162, 202], [218, 202], [218, 234], [162, 234]], '하아', 0.9999853329282224)]
[([[51, 124], [241, 124], [241, 165], [51, 165]], '생각보다 엄청나', 0.7416636472911181), ([[470, 140], [510, 140], [510, 164], [470, 164]], '게(어', 0.016426335441293342), ([[52, 156], [102, 156], [102, 188], [52, 188]], '깔리', 0.9998120398841724), ([[51, 180], [260, 180], [260, 217], [51, 217]], '어쩌면 우승활지도', 0.6588903126455354), ([[437, 183], [569, 183], [569, 331], [437, 331]], '9', 0.2387480609038386), ([[520.0789916602317, 146.14487414671834], [567.8460498941515, 155.05131670194947], [561.9210083397683, 182.85512585328166], [514.1539501058485, 172.94868329805053]], '시(~', 0.011598290375796367), ([[571.4633436854001, 163.0483902697003], [636.9673947295819, 198.55890078344052], [622.5366563145999, 223.9516097302997], [557.0326052704181, 188.44109921655948]], '예,과', 0.047161032181993835)]
[([[398, 78], [478, 78], [478, 110], [398, 110]], '종구나', 0.8434377021631283), ([[455, 447], [523, 447], [523, 559], [455, 559]], '접', 0.054551489797081354), ([[434.08647461900404, 342.0523291853351], [494.082011673308, 334.6175069220762], [504.91352538099596, 444.9476708146649], [444.917988326692, 452.3824930779238]], '품', 0.9421885324610493)]
[([[414, 110], [619, 110], [619, 142], [414, 142]], '도와 취서 고마워요', 0.5377308249848106), ([[413, 135], [573, 135], [573, 171], [413, 171]], '꼭 우승할께요', 0.6815992467983083)]
[([[70, 84], [132, 84], [132, 116], [70, 116]], '좋아', 0.9962161330897487), ([[70, 110], [196, 110], [196, 142], [70, 142]], '대회날까지', 0.9910662078183435), ([[69, 133], [241, 133], [241, 171], [69, 171]], '매일 특훈이다!', 0.6344932054015203), ([[293, 453], [419, 453], [419, 539], [293, 539]], '여구', 0.10240246318255139)]
[([[183, 58], [619, 58], [619, 223], [183, 223]], '-장_', 0.006145854661647128), ([[131, 195], [618, 195], [618, 344], [131, 344]], '뜻장:', 0.001001245486325208), ([[123, 375], [183, 375], [183, 417], [123, 417]], '13', 0.9999996628252286), ([[300, 370], [382, 370], [382, 424], [300, 424]], '종못', 0.1566434890263579), ([[459, 373], [543, 373], [543, 417], [459, 417]], '004', 0.9999905020849161), ([[354.0474406941575, 547.1368289285183], [501.4823326498966, 522.7002248802847], [512.9525593058424, 645.8631710714817], [366.5176673501034, 669.2997751197153]], '@문', 0.007913309989101792)]
[([[247, 26], [491, 26], [491, 64], [247, 64]], '광란의 무규칙 레이스', 0.8809538552211177), ([[245, 55], [501, 55], [501, 91], [245, 91]], '뼈강볼올 시작합니다!!', 0.07503128824930151), ([[51, 123], [319, 123], [319, 159], [51, 159]], '와우 완존 기대되논데요', 0.8010490598531382)]
[([[368, 88], [504, 88], [504, 120], [368, 120]], '이번 대회도', 0.7689402085889205), ([[366, 116], [552, 116], [552, 148], [366, 148]], '쟁쟁한 선수들이', 0.8916173713288071), ([[366, 138], [521, 138], [521, 179], [366, 179]], '참가햇습니다', 0.18176871894320826)]
[([[49, 57], [313, 57], [313, 93], [49, 93]], '자아 선수소개 입니다!!', 0.6785154860986939), ([[155, 477], [233, 477], [233, 519], [155, 519]], '베이:', 0.03392359944850462)]
[([[52, 66], [102, 66], [102, 96], [52, 96]], '먼저', 0.9995944871096213), ([[49, 89], [235, 89], [235, 125], [49, 125]], '광전사 세시바디', 0.5762848488008135), ([[47, 115], [123, 115], [123, 151], [47, 151]], '깔리!!', 0.8849701285362244), ([[466, 385], [675, 385], [675, 506], [466, 506]], '@야}', 0.09733564623834398), ([[-18.631032838127485, 408.2737934323745], [213.26240827780032, 274.4106120397606], [292.6310328381275, 413.7262065676255], [60.73759172219967, 547.5893879602394]], '안.', 0.2350633382523231)]
[([[64, 98], [248, 98], [248, 130], [64, 130]], '싸라코너 스토커', 0.9114892535058162), ([[63, 123], [191, 123], [191, 159], [63, 159]], '미래에서온', 0.9933576461105956), ([[63, 149], [161, 149], [161, 185], [63, 185]], '살인병기', 0.952582061290741), ([[64, 180], [130, 180], [130, 206], [64, 206]], '7-2!!', 0.9074789283909441), ([[17, 505], [213, 505], [213, 645], [17, 645]], '6이', 0.418496760280114)]
[([[26, 118], [76, 118], [76, 144], [26, 144]], '폭군', 0.6738729347353151), ([[473, 23], [617, 23], [617, 163], [473, 163]], '왜', 0.9469552917704647), ([[23, 141], [145, 141], [145, 179], [23, 179]], '강통로봇! !', 0.503164848504873), ([[136, 404], [238, 404], [238, 436], [136, 436]], '우주소녀', 0.9999539256095886), ([[136, 432], [208, 432], [208, 464], [136, 464]], '양렬!!', 0.14735163748264313)]
[([[431, 95], [593, 95], [593, 131], [431, 131]], '지목의 청소부', 0.8029473252169887), ([[70, 118], [172, 118], [172, 150], [70, 150]], '대량생산', 0.9999302625656128), ([[434, 126], [524, 126], [524, 154], [434, 154]], '베어어-터!!', 0.0022938822828781178), ([[69, 143], [191, 143], [191, 179], [69, 179]], '아입로봇]!', 0.20442369243624067), ([[542, 406], [674, 406], [674, 534], [542, 534]], '와', 0.9602874212833399)]
[([[479, 70], [607, 70], [607, 106], [479, 106]], '로봇정비소', 0.9997880287764669), ([[340, 290], [424, 290], [424, 316], [340, 316]], '로봇 정비소', 0.9889131011534051)]
[([[80, 78], [248, 78], [248, 108], [80, 108]], '그 외 액스트라', 0.20757915134150381), ([[77, 103], [199, 103], [199, 139], [77, 139]], '기타등등!!', 0.5248599810543837), ([[357, 125], [459, 125], [459, 161], [357, 161]], '우승하긴', 0.9572259361358331), ([[357, 151], [433, 151], [433, 187], [357, 187]], '글럿균', 0.1462974105417865), ([[69, 201], [280, 201], [280, 237], [69, 237]], '제길 기타등등이나', 0.87913254086821)]
[([[280, 68], [358, 68], [358, 100], [280, 100]], '선수들', 0.9993677955954698), ([[504, 162], [560, 162], [560, 194], [504, 194]], '준비드', 0.18183951891220568), ([[251, 421], [297, 421], [297, 459], [251, 459]], '깥마"', 0.006588023136690364)]
[([[73, 75], [243, 75], [243, 117], [73, 117]], '574:7!!', 0.07259383306860766)]
[([[320, 36], [374, 36], [374, 68], [320, 68]], '비켜', 0.9920844196319226)]
[([[29, 251], [273, 251], [273, 455], [29, 455]], '파', 0.5363170421121346)]
[([[396, 42], [472, 42], [472, 74], [396, 74]], '선두는', 0.9438120231894126), ([[395, 65], [517, 65], [517, 101], [395, 101]], '아입로봇]!', 0.33830605004901826), ([[413, 554], [490, 554], [490, 597], [413, 597]], '70', 0.9970472901032003)]
[([[348, 72], [457, 72], [457, 141], [348, 141]], '교발월등', 0.011214960366487503), ([[450, 69], [566, 69], [566, 143], [450, 143]], '완출하다', 0.14934884011745453)]
[([[191, 41], [603, 41], [603, 225], [191, 225]], '고 아', 0.09479127619881722)]
[]
[([[422, 80], [510, 80], [510, 132], [422, 132]], '꾸액', 0.9746919199199018), ([[50, 232], [226, 232], [226, 474], [50, 474]], '맛', 0.007451458463947347)]
[([[299, 51], [497, 51], [497, 87], [299, 87]], '할일은 잔뜩 쌓여', 0.9490846742510943), ([[46, 78], [124, 78], [124, 110], [46, 110]], '나용어', 0.7177633047103882), ([[300, 82], [450, 82], [450, 114], [300, 114]], '바빠주켓논데', 0.204509613402924), ([[297, 107], [599, 107], [599, 143], [297, 143]], '어달 싸돌아 다니논거야?!', 0.5573728457733564)]
[([[409, 327], [657, 327], [657, 483], [409, 483]], '터파반', 0.034462893656535286)]
[([[264, 56], [590, 56], [590, 230], [264, 230]], '차 약', 0.9994491934776306)]
[]
[([[338, 614], [438, 614], [438, 690], [338, 690]], '떠', 0.18571658040166117)]
[]
[([[509, 299], [599, 299], [599, 391], [509, 391]], '0', 0.995832621743066)]
[([[236, 100], [334, 100], [334, 150], [236, 150]], '크히:', 0.16447692631750274)]
[([[218, 660], [626, 660], [626, 836], [218, 836]], '기립픽쨌쪽', 0.00026553006396608605)]
[([[13, 17], [657, 17], [657, 223], [13, 223]], '우어어어어', 0.6020293299921212), ([[424.5296973673979, 166.0370934146066], [488.8681626245872, 211.12043012845993], [472.4703026326021, 234.9629065853934], [408.1318373754128, 189.87956987154007]], '가}', 0.005190664684487987)]
[]
[([[98, 94], [188, 94], [188, 124], [98, 124]], '이거 화', 0.9066333151654421), ([[99, 121], [237, 121], [237, 157], [99, 157]], '오다 주원어', 0.37141381314961863), ([[168, 168], [240, 168], [240, 194], [168, 194]], '필라도', 0.40727049897691303), ([[166, 190], [278, 190], [278, 222], [166, 222]], '기가 막혀', 0.9977875836782901)]
[([[183, 60], [618, 60], [618, 221], [183, 221]], '-맑적', 0.0017596692924650155), ([[134, 198], [618, 198], [618, 342], [134, 342]], '음장-', 0.0010455328164723902), ([[117, 375], [175, 375], [175, 415], [117, 415]], '13', 0.8209860324859619), ([[294, 370], [376, 370], [376, 422], [294, 422]], '종용', 0.3681907345310237), ([[453, 373], [537, 373], [537, 417], [453, 417]], '005', 0.9808351397514343), ([[21, 535], [379, 535], [379, 573], [21, 573]], '7-2 가 두선수홀 박살런 가운데', 0.19104454805540008), ([[86, 626], [486, 626], [486, 663], [86, 663]], '선두그룹은 한바퀴 째에 접어둡니다', 0.5620425037295828), ([[401, 925], [475, 925], [475, 961], [401, 961]], '렁아내-', 0.001637879991903901), ([[496, 986], [572, 986], [572, 1058], [496, 1058]], '1)', 0.00876738024184129), ([[550.8200063599809, 980.9120101759695], [648.1864540824326, 950.7019071420358], [663.1799936400191, 1007.0879898240305], [564.8135459175674, 1036.298092857964]], '6', 0.8426754898624758)]
[([[469, 43], [569, 43], [569, 79], [469, 79]], '빼강블이', 0.03558429703116417), ([[469, 67], [599, 67], [599, 105], [469, 105]], '나용습니다', 0.30357422834531295), ([[318, 250], [396, 250], [396, 342], [318, 342]], '종', 0.01914448574331118)]
[([[248, 82], [328, 82], [328, 114], [248, 114]], '첫번째', 0.9986047148704529), ([[249, 107], [351, 107], [351, 143], [249, 143]], '뼈릿볼의', 0.03933495283126831), ([[249, 133], [385, 133], [385, 169], [249, 169]], '소유자는??', 0.9355278516641734)]
[([[67, 67], [247, 67], [247, 103], [67, 103]], '우주소녀 양톱]!', 0.34427930211606905), ([[133, 121], [403, 121], [403, 157], [133, 157]], '뼈강볼올 차지햇습니다!', 0.0728335260506039)]
[([[253, 49], [530, 49], [530, 213], [253, 213]], '쇠약', 0.4177189786415688)]
[([[201, 371], [285, 371], [285, 467], [201, 467]], '기용', 0.04174318512401097)]
[([[434, 60], [486, 60], [486, 92], [434, 92]], '양톱', 0.13805187858477744), ([[432, 84], [534, 84], [534, 116], [432, 116]], '전매특히', 0.9686388373374939), ([[433, 111], [613, 111], [613, 147], [433, 147]], '엉덩이 총 발사!', 0.7200066995985471), ([[199.08032423466872, 82.03257170882898], [274.5054540849129, 24.009830017738608], [428.9196757653313, 248.96742829117102], [353.4945459150871, 306.99016998226136]], '물', 0.3048974778087974), ([[491.1555692331382, 342.0357169510307], [623.9681527853612, 404.2025477771711], [586.8444307668618, 479.9642830489693], [454.03184721463873, 417.7974522228289]], '눈행둑', 0.014306928470669455)]
[]
[([[590, 278], [618, 278], [618, 304], [590, 304]], '꽉', 0.9841999664882337)]
[([[408, 110], [482, 110], [482, 218], [408, 218]], '통', 0.9941299528350243), ([[287, 390], [449, 390], [449, 505], [287, 505]], '바싹', 0.2356136864769199)]
