2426232
85
[([[1216, 118], [1476, 118], [1476, 174], [1216, 174]], "서 커니0'", 0.0029585337207117604), ([[1179, 167], [1491, 167], [1491, 227], [1179, 227]], '서#쓰전때 ! !', 0.010986863002464087), ([[1201, 211], [1484, 211], [1484, 296], [1201, 296]], '10사;)0)', 0.011031658561009225), ([[810, 250], [918, 250], [918, 328], [810, 328]], '(', 0.9609562053847185), ([[1181, 279], [1503, 279], [1503, 341], [1181, 341]], '간첫-*군', 0.002429892914190637), ([[1238, 329], [1443, 329], [1443, 396], [1238, 396]], '#분 |6', 0.00700089318955312), ([[1257, 385], [1409, 385], [1409, 449], [1257, 449]], '*< !', 0.38415343122026735), ([[18, 180], [164, 180], [164, 1012], [18, 1012]], '}', 0.07293240511438981), ([[172, 14], [512, 14], [512, 1968], [172, 1968]], '', 0.0), ([[1366, 1394], [1534, 1394], [1534, 1706], [1366, 1706]], '춤', 0.04956528867963805), ([[7, 1741], [155, 1741], [155, 1783], [7, 1783]], '480+', 0.3047056794166565), ([[13, 1795], [147, 1795], [147, 1837], [13, 1837]], '*2,980', 0.8987187780168102), ([[7, 1847], [159, 1847], [159, 1887], [7, 1887]], '묘-_-001', 0.018213288703800876), ([[1363, 1795], [1523, 1795], [1523, 1965], [1363, 1965]], '축', 0.010995504038158688), ([[10, 1894], [154, 1894], [154, 1972], [10, 1972]], '오7', 0.0011185276529255515)]
[([[1531, 89], [1857, 89], [1857, 175], [1531, 175]], '콤습립이중', 0.006289329867528948), ([[493, 349], [641, 349], [641, 417], [493, 417]], '엇, 아"', 0.623464061457094), ([[353, 469], [555, 469], [555, 537], [353, 537]], '컴이에요"', 0.4179444030367664), ([[471, 536], [552, 536], [552, 580], [471, 580]], '아마도.', 0.9767690896987915), ([[156, 1006], [550, 1006], [550, 1056], [156, 1056]], '-로@--@8 투', 0.000575152778480278), ([[129, 1037], [555, 1037], [555, 1159], [129, 1159]], '온@품`헌', 0.0007852040911027385), ([[287, 1123], [540, 1123], [540, 1162], [287, 1162]], '어월립마스템 프로레스적', 0.02718388063865973)]
[([[1571, 89], [1857, 89], [1857, 175], [1571, 175]], '몸장없내비만', 0.01850521930657167), ([[1429, 163], [1852, 163], [1852, 244], [1429, 244]], '[물같어중도교', 0.009317535433460965), ([[309, 361], [609, 361], [609, 425], [309, 425]], '아; 알계습니다 "', 0.16663770043786091), ([[156, 1006], [550, 1006], [550, 1056], [156, 1056]], '-로@-이-@8 투', 0.0003248094062573734), ([[128, 1037], [553, 1037], [553, 1159], [128, 1159]], '인동&헌', 0.0009440909489057958), ([[287, 1125], [539, 1125], [539, 1161], [287, 1161]], '어월트마스터 프르소스타적', 0.011654080531960676)]
[([[154, 1006], [550, 1006], [550, 1056], [154, 1056]], '도로발|@8-료', 0.0013365819039570187), ([[129, 1040], [553, 1040], [553, 1143], [129, 1143]], '@@@몸@방@', 0.00031300604479215865), ([[285, 1125], [483, 1125], [483, 1163], [285, 1163]], '@월트만스템 포로레', 0.013003497153442942), ([[854.5094331982089, 332.0075222616075], [972.0444661588803, 317.2923195280961], [1014.4905668017911, 689.9924777383925], [896.9555338411197, 704.7076804719039]], '꿀', 0.008755569650375827), ([[476.9563638994289, 1120.138546427887], [541.7179628446785, 1128.5246179187784], [536.0436361005711, 1164.861453572113], [471.28203715532146, 1156.4753820812216]], "'스트적", 0.16303972899913788)]
[([[156, 1006], [552, 1006], [552, 1056], [156, 1056]], '-로@-이 -@8-료', 0.0003932654633639863), ([[129, 1037], [555, 1037], [555, 1157], [129, 1157]], '숨내잎', 0.0004644858582255371), ([[287, 1125], [539, 1125], [539, 1161], [287, 1161]], '어월트마스터 프르소스_적', 0.007384359838816257)]
[([[1195, 88], [1855, 88], [1855, 179], [1195, 179]], '객/림숙 대손 되어칭_요', 0.001202788841354419), ([[365, 381], [641, 381], [641, 449], [365, 449]], '앗, 네" 네에"', 0.7359043212799805), ([[156, 1006], [550, 1006], [550, 1056], [156, 1056]], '-로- -@8-투', 0.0002629003104985396), ([[128, 1032], [554, 1032], [554, 1158], [128, 1158]], '@품%잎', 0.00226109242066741), ([[287, 1125], [539, 1125], [539, 1161], [287, 1161]], '어월트마스터 포르소스.적', 0.010276779007842912)]
[([[1674, 92], [1842, 92], [1842, 168], [1674, 168]], '오품가', 0.13096151296874495), ([[452, 300], [652, 300], [652, 376], [452, 376]], '오, 오른~', 0.7712746758261834), ([[1141, 248], [1277, 248], [1277, 417], [1141, 417]], '"$', 0.42348708364713206), ([[156, 1006], [550, 1006], [550, 1056], [156, 1056]], '-로@--@8-투', 0.0006430622209218447), ([[129, 1037], [555, 1037], [555, 1159], [129, 1159]], '온@품`헌', 0.0008211687971808458), ([[287, 1125], [539, 1125], [539, 1161], [287, 1161]], '어달트마스터 포르요스적', 0.027947417973400418)]
[([[1411, 89], [1845, 89], [1845, 175], [1411, 175]], '예@) 취완) 취퍼)', 0.0029443777093552674), ([[388, 278], [594, 278], [594, 354], [388, 354]], '치, 치즈"', 0.8311866991408787), ([[156, 1006], [550, 1006], [550, 1056], [156, 1056]], '-로@--@8 투', 0.0006451644540549988), ([[129, 1032], [556, 1032], [556, 1158], [129, 1158]], '낱@잎', 0.006936297630822567), ([[287, 1125], [539, 1125], [539, 1161], [287, 1161]], '어월트마스터 포르노스타적', 0.011569664386632466)]
[([[1471, 89], [1853, 89], [1853, 173], [1471, 173]], '멋권매슴이데요', 0.01623587899303186), ([[1212, 160], [1855, 160], [1855, 247], [1212, 247]], '@지롭플} 문름운콤플핸죄표요', 0.0003343511059659958), ([[391, 285], [627, 285], [627, 353], [391, 353]], '아; 아하차 ', 0.3855645964415354), ([[217, 421], [433, 421], [433, 489], [217, 489]], '감사합니다.', 0.6892104393078627), ([[156, 1005], [550, 1005], [550, 1057], [156, 1057]], '-로@이오`@8 투', 0.0006582304482084313), ([[129, 1037], [555, 1037], [555, 1157], [129, 1157]], '숨내임', 0.0005723726669562366), ([[287, 1125], [539, 1125], [539, 1161], [287, 1161]], '어월트마스터 프르소스타적', 0.010207169068825316), ([[1085.2172729245717, 267.05127422674474], [1129.557606365215, 258.2057043214001], [1145.7827270754283, 354.94872577325526], [1101.442393634785, 362.7942956785999]], '문', 0.8335651680332354), ([[1119.305138418082, 355.0815813559439], [1142.5366563146, 348.0483902697003], [1156.694861581918, 402.9184186440561], [1133.4633436854, 408.9516097302997]], '8', 0.6909758886696551)]
[([[1355, 91], [1855, 91], [1855, 175], [1355, 175]], '민램쓸술 [직해로도', 0.007733813472063674), ([[1135, 383], [1195, 383], [1195, 541], [1135, 541]], '톱', 0.013117424019990276), ([[156, 1006], [550, 1006], [550, 1056], [156, 1056]], '-로이-@8 투', 0.0009762851449694816), ([[128, 1037], [555, 1037], [555, 1159], [128, 1159]], '인포', 0.0023167251716232737), ([[287, 1125], [539, 1125], [539, 1161], [287, 1161]], '어월트마스터 포르노스타적', 0.009418817758833856), ([[1087.2070176794539, 239.05263259590419], [1133.1715017324136, 234.4067379619649], [1141.7929823205461, 325.9473674040958], [1095.8284982675864, 330.5932620380351]], '6', 0.411910282841351)]
[([[774, 524], [1094, 524], [1094, 674], [774, 674]], '모 후로', 0.08659885078668594), ([[1077, 581], [1161, 581], [1161, 619], [1077, 619]], '000', 0.9999562959256643), ([[154, 1004], [550, 1004], [550, 1056], [154, 1056]], '도_로-=-@8료', 0.00017435539901036444), ([[134, 1042], [552, 1042], [552, 1140], [134, 1140]], '"물쪽문-', 0.00010762619555591868), ([[285, 1125], [483, 1125], [483, 1163], [285, 1163]], '어월트만스틱 프로뇨', 0.019815505993445982), ([[476.9563638994289, 1120.138546427887], [541.7179628446785, 1128.5246179187784], [536.0436361005711, 1164.861453572113], [471.28203715532146, 1156.4753820812216]], "'스트적", 0.12967945635318756)]
[([[1313, 89], [1855, 89], [1855, 175], [1313, 175]], '이름마} [이름@려넷요', 0.032414127510494634), ([[205, 397], [497, 397], [497, 465], [205, 465]], '쿠와아마 치유키', 0.5836764948184657), ([[368, 512], [606, 512], [606, 584], [368, 584]], '20살이에요', 0.9852167910062731), ([[156, 1006], [550, 1006], [550, 1056], [156, 1056]], '-로@-이-@8-투', 0.0002563531631900191), ([[128, 1032], [556, 1032], [556, 1158], [128, 1158]], '@품양잎', 0.004739871248602867), ([[287, 1125], [539, 1125], [539, 1161], [287, 1161]], '어월트마스터 프르노스타적', 0.01016208996673046)]
[]
[]
[]
[]
[]
[]
[]
[([[1229, 115], [1451, 115], [1451, 177], [1229, 177]], '{>#; !', 0.05582710110379815), ([[1236, 170], [1458, 170], [1458, 226], [1236, 226]], '1) )-_(', 0.0008429032164949107), ([[1257, 219], [1433, 219], [1433, 287], [1257, 287]], '사0)', 0.17828415719702342), ([[780, 252], [914, 252], [914, 328], [780, 328]], '"', 0.002407716897922088), ([[1158, 278], [1518, 278], [1518, 352], [1158, 352]], '서#니-., !!', 0.05322503046215632), ([[1204, 338], [1472, 338], [1472, 412], [1204, 412]], '`)(너품 !', 0.011724852132212537), ([[12, 182], [160, 182], [160, 1012], [12, 1012]], '}', 0.0602690419690346), ([[176, 14], [470, 14], [470, 1962], [176, 1962]], '{', 0.03496827791682122), ([[1366, 1394], [1536, 1394], [1536, 1708], [1366, 1708]], '춤', 0.021474854093256335), ([[7, 1741], [153, 1741], [153, 1783], [7, 1783]], '480+', 0.24210061132907867), ([[13, 1795], [147, 1795], [147, 1837], [13, 1837]], '*2,980', 0.8847265439665172), ([[7, 1847], [159, 1847], [159, 1887], [7, 1887]], '묘-고-001', 0.032522368508929374), ([[1363, 1795], [1525, 1795], [1525, 1965], [1363, 1965]], '축', 0.04373146333012201), ([[10, 1894], [154, 1894], [154, 1970], [10, 1970]], '오7', 0.0026480796712733488)]
[([[1554, 86], [1855, 86], [1855, 175], [1554, 175]], '외랜외이요', 0.07053920806132952), ([[355, 435], [609, 435], [609, 503], [355, 503]], '오랜만이에요', 0.6843970810376337), ([[156, 1005], [550, 1005], [550, 1057], [156, 1057]], '-로@이오`@8 료', 0.000401740219525311), ([[129, 1037], [553, 1037], [553, 1157], [129, 1157]], '숨존잎', 0.0005506593032603355), ([[287, 1125], [539, 1125], [539, 1161], [287, 1161]], '어월트마스터 프르소스타적', 0.011277033674066286)]
[([[1398, 85], [1857, 85], [1857, 176], [1398, 176]], '떠샌-안일램나교', 0.001047346870947875), ([[396, 416], [604, 416], [604, 490], [396, 490]], '안 젓어요', 0.8014975008181421), ([[156, 1006], [550, 1006], [550, 1056], [156, 1056]], '-로@-이-@8 투', 0.00028310060608474874), ([[129, 1037], [555, 1037], [555, 1157], [129, 1157]], '숨내잎', 0.00045478612890286174), ([[287, 1125], [539, 1125], [539, 1161], [287, 1161]], '어월트마스터 프르소스적', 0.024967102025954247), ([[1087.312893262776, 184.02956184820047], [1146.6135719910778, 164.02356411598734], [1192.687106737224, 315.9704381517995], [1133.3864280089222, 335.97643588401263]], '8', 0.9492064193202623)]
[([[1545, 89], [1857, 89], [1857, 175], [1545, 175]], '된장해나`', 0.016429444486948334), ([[1243, 249], [1395, 249], [1395, 317], [1243, 317]], '네, 네에', 0.9455564431172641), ([[209, 421], [581, 421], [581, 487], [209, 487]], '두근두근  거리네요', 0.9676674780073763), ([[1133, 382], [1195, 382], [1195, 541], [1133, 541]], '톱', 0.017511623382361563), ([[156, 1006], [552, 1006], [552, 1056], [156, 1056]], '-로-이 -@8-료', 0.00045064796717792004), ([[129, 1032], [556, 1032], [556, 1157], [129, 1157]], '@%%잎', 0.0027492097578942776), ([[287, 1125], [539, 1125], [539, 1161], [287, 1161]], '어월트마스터 포르소스타적', 0.009617726338573765)]
[([[1256, 89], [1855, 89], [1855, 173], [1256, 173]], '웬회- 느껴지문페하_되`', 0.0038672721263981894), ([[1529, 161], [1853, 161], [1853, 245], [1529, 245]], '없어주실 요되', 0.0036256146812144825), ([[336, 366], [550, 366], [550, 438], [336, 438]], '네; 네옛"', 0.5246029202201677), ([[1133, 382], [1196, 382], [1196, 541], [1133, 541]], '톱', 0.016107279265314967), ([[156, 1006], [550, 1006], [550, 1056], [156, 1056]], '-로@-이-@8 투', 0.0003909696268660958), ([[129, 1037], [553, 1037], [553, 1157], [129, 1157]], '저찌임임', 0.00023439327196683735), ([[287, 1125], [539, 1125], [539, 1161], [287, 1161]], '어월트마스터 포르소스_적', 0.011756339366755802)]
[([[154, 1006], [550, 1006], [550, 1056], [154, 1056]], '도로발|@8-료', 0.0013365819039570187), ([[129, 1040], [553, 1040], [553, 1143], [129, 1143]], '@@@몸@방@', 0.00031300604479215865), ([[285, 1125], [483, 1125], [483, 1163], [285, 1163]], '@월트만스템 포로레', 0.013003497153442942), ([[854.5094331982089, 332.0075222616075], [972.0444661588803, 317.2923195280961], [1014.4905668017911, 689.9924777383925], [896.9555338411197, 704.7076804719039]], '꿀', 0.008755569650375827), ([[476.9563638994289, 1120.138546427887], [541.7179628446785, 1128.5246179187784], [536.0436361005711, 1164.861453572113], [471.28203715532146, 1156.4753820812216]], "'스트적", 0.16303972899913788)]
[([[1538, 116], [1844, 116], [1844, 142], [1538, 142]], '0-디정-후--디정-))-))-출 )', 2.4505435671310553e-06), ([[1455, 161], [1855, 161], [1855, 245], [1455, 245]], '때기} 엄정내데요', 0.03843907451159039), ([[312, 260], [602, 260], [602, 332], [312, 332]], '가; 감사합니다.', 0.6543610633523083), ([[156, 1006], [550, 1006], [550, 1056], [156, 1056]], '-로@--@8 투', 0.0005355152146365931), ([[128, 1037], [555, 1037], [555, 1159], [128, 1159]], '인포', 0.0015242465209318443), ([[287, 1125], [539, 1125], [539, 1161], [287, 1161]], '어월트마스터 프르소스적', 0.0309426344342189)]
[([[1433, 86], [1858, 86], [1858, 176], [1433, 176]], '뜻째-이 텔싸니`', 0.004499827908619788), ([[1260, 310], [1494, 310], [1494, 384], [1260, 384]], '만삭이에요', 0.6844228446904708), ([[359, 481], [609, 481], [609, 547], [359, 547]], '곧 출산이고 ', 0.6051583192122898), ([[156, 1006], [550, 1006], [550, 1056], [156, 1056]], '-로@-이-@8-투', 0.00027190712758792465), ([[129, 1037], [555, 1037], [555, 1159], [129, 1159]], '온@품헌', 0.00231816410087049), ([[287, 1125], [539, 1125], [539, 1161], [287, 1161]], '어월트마스터 프로소스적', 0.026513211318291922)]
[([[1585, 91], [1851, 91], [1851, 177], [1585, 177]], '[기록 퇴면', 0.0011486817786048582), ([[1227, 161], [1853, 161], [1853, 245], [1227, 245]], '원리가} 빠종 활영움 &움때규', 0.0038270076901212686), ([[229, 249], [581, 249], [581, 313], [229, 313]], '그 때는 그거 말고도', 0.7405671134321546), ([[199, 311], [611, 311], [611, 377], [199, 377]], '여러 일이 있없으니까"', 0.26532796531079794), ([[1305, 437], [1655, 437], [1655, 503], [1305, 503]], '그게" 어떻까요 ?', 0.6451471493682644), ([[156, 1006], [550, 1006], [550, 1056], [156, 1056]], '-로@--@8 투', 0.00029666548732331304), ([[129, 1037], [553, 1037], [553, 1159], [129, 1159]], '온@때헌', 0.0018136354628950357), ([[287, 1125], [539, 1125], [539, 1161], [287, 1161]], '어월트마스터 프르소스타적', 0.011083383533098927)]
[([[1199, 88], [1857, 88], [1857, 175], [1199, 175]], '임신표눈예렉_문어필죄@로?', 0.0029254113432041267), ([[1345, 281], [1597, 281], [1597, 347], [1345, 347]], '임신 초기에는', 0.8274786677991339), ([[1242, 341], [1698, 341], [1698, 415], [1242, 415]], '입덧이 심해 힘들없어요 "', 0.7728545178483898), ([[99, 451], [638, 451], [638, 519], [99, 519]], '그래도 안정기에 들어선 후로는', 0.7899305146053294), ([[99, 513], [637, 513], [637, 581], [99, 581]], '힘들지 않아 즐기고 잇답니다"', 0.40514199762220104), ([[156, 1006], [550, 1006], [550, 1056], [156, 1056]], '-로@-이-@8 투', 0.000405129491283995), ([[129, 1037], [555, 1037], [555, 1159], [129, 1159]], '온@품', 0.0036816232830363263), ([[287, 1125], [539, 1125], [539, 1161], [287, 1161]], '어월트마스터 포르소스타적', 0.012569288267368734)]
[([[1401, 87], [1857, 87], [1857, 176], [1401, 176]], '정어음?해지달나워', 0.00042698453699672453), ([[364, 479], [601, 479], [601, 530], [364, 530]], '항상 몹이 달아올라 있답니다', 0.23344209810234912), ([[156, 1006], [552, 1006], [552, 1056], [156, 1056]], '-로-  -@8-료', 0.0004228661268088151), ([[128, 1032], [556, 1032], [556, 1159], [128, 1159]], '저@포양위', 0.00023496608085669393), ([[287, 1125], [539, 1125], [539, 1161], [287, 1161]], '어월트마스터 프르소스타적', 0.008483381100944248)]
[([[1413, 85], [1857, 85], [1857, 176], [1413, 176]], '때밀종 현합 붐문음', 0.011366770230985104), ([[1355, 276], [1558, 276], [1558, 349], [1355, 349]], '전체적으로', 0.9971286076802292), ([[1273, 343], [1640, 343], [1640, 408], [1273, 408]], '몸이 부풀엇답니다""', 0.2631817253701195), ([[247, 453], [637, 453], [637, 521], [247, 521]], '특히 가슴 쪽이 정말 ', 0.7362001157683203), ([[156, 1006], [552, 1006], [552, 1056], [156, 1056]], '-로-  -@8-료', 0.0006476395052191363), ([[126, 1024], [557, 1024], [557, 1161], [126, 1161]], '손%월', 0.004625665955245495), ([[287, 1125], [539, 1125], [539, 1161], [287, 1161]], '어월트마스터 프르노스적', 0.028405511561885994), ([[1115.667404947381, 134.01107421071694], [1154.6895501497288, 130.04777619740292], [1169.332595052619, 293.98892578928303], [1131.3104498502712, 297.9522238025971]], ';', 0.06439205540618165)]
[([[1489, 89], [1857, 89], [1857, 173], [1489, 173]], '모움움 [외레워', 0.0039628593496047046), ([[1286, 280], [1678, 280], [1678, 354], [1286, 354]], '어엇, 목욕할 때라던가', 0.5919797762022755), ([[1309, 345], [1649, 345], [1649, 413], [1309, 413]], '살짝 마사지틀 하면', 0.4521413297669583), ([[306, 476], [596, 476], [596, 548], [306, 548]], '연한 게 조금 ', 0.6606412803528011), ([[156, 1006], [550, 1006], [550, 1056], [156, 1056]], '-로@-이-@8쪽투', 0.00025096736167858053), ([[128, 1032], [554, 1032], [554, 1158], [128, 1158]], '@품양잎', 0.0069761257618665695), ([[287, 1125], [539, 1125], [539, 1161], [287, 1161]], '어월트마스터 포르소스_적', 0.009297858247080891)]
[([[1373, 86], [1858, 86], [1858, 175], [1373, 175]], '즈문따주집중 @나워', 0.0007813347860336894), ([[373, 445], [631, 445], [631, 509], [373, 509]], '네? 아; 네에"', 0.7143170850092275), ([[156, 1006], [550, 1006], [550, 1056], [156, 1056]], '-로--@8 투', 0.0007973280624949898), ([[129, 1037], [555, 1037], [555, 1159], [129, 1159]], '온@존헌', 0.001948447898030281), ([[287, 1125], [539, 1125], [539, 1161], [287, 1161]], '어월트마스터 포르소스타적', 0.011091602783919394)]
[([[1601, 89], [1855, 89], [1855, 173], [1601, 173]], '@뤄-험움', 0.019759719632353002), ([[1309, 161], [1831, 161], [1831, 245], [1309, 245]], '@위험입질내정 퓨표웬}', 0.0010967498588656938), ([[1560, 236], [1852, 236], [1852, 316], [1560, 316]], '@데 밥이도', 0.019838866275609945), ([[472, 286], [618, 286], [618, 340], [472, 340]], '네 네"', 0.9850681983037575), ([[261, 401], [515, 401], [515, 467], [261, 467]], '정말 위험일"', 0.9832849633685666), ([[291, 467], [489, 467], [489, 531], [291, 531]], '이랍니다 ', 0.8930716417835594), ([[156, 1006], [550, 1006], [550, 1056], [156, 1056]], '-로- -@8 투', 0.0002628018215805299), ([[129, 1032], [556, 1032], [556, 1158], [129, 1158]], '낱움잎', 0.0019722515278352663), ([[287, 1125], [539, 1125], [539, 1161], [287, 1161]], '어월트마스터 포르노스타적', 0.010790159367926594)]
[([[1282, 234], [1442, 234], [1442, 314], [1282, 314]], '응웃 ', 0.9230264184701025), ([[442, 414], [548, 414], [548, 490], [442, 490]], '움"', 0.16901970858353713), ([[1172, 523], [1229, 523], [1229, 603], [1172, 603]], '촬', 0.006124322776131175), ([[644, 576], [698, 576], [698, 658], [644, 658]], '@', 0.21224647199140723), ([[156, 1006], [550, 1006], [550, 1056], [156, 1056]], '-로@--@8 투', 0.0004238413606507768), ([[127, 1032], [556, 1032], [556, 1159], [127, 1159]], '저양잎', 0.0014705090353470322), ([[287, 1125], [539, 1125], [539, 1161], [287, 1161]], '어월트마스터 프르요스타적', 0.006218299891729719)]
[([[1291, 259], [1389, 259], [1389, 325], [1291, 325]], '앗 ', 0.4263915959065219), ([[317, 385], [619, 385], [619, 453], [317, 453]], '나올 거 같아요""', 0.8571655284881602), ([[1151, 485], [1239, 485], [1239, 631], [1151, 631]], '손', 0.31102893343836513), ([[156, 1006], [550, 1006], [550, 1056], [156, 1056]], '-로- -@8-투', 0.00031502582334047525), ([[129, 1032], [556, 1032], [556, 1159], [129, 1159]], '헌@품양잎', 0.00017304632739995746), ([[287, 1125], [539, 1125], [539, 1161], [287, 1161]], '어월트마스터 프르소스.적', 0.012622954577955342), ([[647.4242586110099, 518.0184343317546], [715.7266838681529, 547.0207254505307], [654.5757413889901, 691.9815656682454], [585.2733161318471, 662.9792745494693]], '놈', 0.04080432190577099)]
[([[1366, 208], [1586, 208], [1586, 334], [1366, 334]], '으옛', 0.38873150005638807), ([[1244, 486], [1353, 486], [1353, 678], [1244, 678]], '꿀', 0.22331497074194218), ([[1137, 801], [1175, 801], [1175, 841], [1137, 841]], '10', 0.2046633491130542), ([[156, 1006], [550, 1006], [550, 1056], [156, 1056]], '-로@--@8-투', 0.0004947924025339218), ([[127, 1032], [556, 1032], [556, 1158], [127, 1158]], '@빵동잎', 0.0022290402557700872), ([[287, 1125], [539, 1125], [539, 1161], [287, 1161]], '어월트마스터 프르소스타적', 0.007971291817701958), ([[523.3102931784844, 451.0752835990252], [651.5513348498658, 394.3348447425657], [728.6897068215156, 600.9247164009748], [601.4486651501342, 657.6651552574343]], '중', 0.0145244192568319)]
[([[1245, 269], [1471, 269], [1471, 337], [1245, 337]], '하아; 하아"', 0.5100671823878964), ([[340, 397], [629, 397], [629, 461], [340, 461]], '하아아 하아 ', 0.6795867778562901), ([[156, 1006], [550, 1006], [550, 1056], [156, 1056]], '-로@--@8-투', 0.0003713202543652314), ([[129, 1037], [553, 1037], [553, 1159], [129, 1159]], '온@품헌', 0.0012643905356526375), ([[287, 1125], [539, 1125], [539, 1161], [287, 1161]], '어월트마스터 프르노스타적', 0.010246775334170028)]
[([[1513, 89], [1853, 89], [1853, 173], [1513, 173]], '엄령 대표-외', 0.011506543298521122), ([[1384, 274], [1440, 274], [1440, 326], [1384, 326]], '네', 0.9994387222357979), ([[161, 417], [625, 417], [625, 485], [161, 485]], '저도 이렇게나 나올 줄은 ', 0.6489353874495296), ([[293, 483], [493, 483], [493, 549], [293, 549]], '놀랍어요"', 0.6400172488318618), ([[156, 1005], [550, 1005], [550, 1057], [156, 1057]], '-로@이오`@8-투', 0.0005572148778840594), ([[129, 1037], [555, 1037], [555, 1157], [129, 1157]], '숨내붐', 0.0005362150373802514), ([[287, 1123], [540, 1123], [540, 1162], [287, 1162]], '어월립마스템 프로레스적', 0.03010193627414683)]
[([[1345, 89], [1857, 89], [1857, 175], [1345, 175]], '뒷울훨인해훨`돌기요', 0.0033836009683648406), ([[1109, 287], [1158, 287], [1158, 424], [1109, 424]], '탑', 0.09467714920916492), ([[353, 433], [613, 433], [613, 497], [353, 497]], '네? 아; 네에"', 0.877399448390322), ([[156, 1006], [550, 1006], [550, 1056], [156, 1056]], '-로- -@8 투', 0.00040093299117110385), ([[125, 1024], [557, 1024], [557, 1161], [125, 1161]], '손대%음', 0.0020682814176909365), ([[287, 1123], [540, 1123], [540, 1162], [287, 1162]], '어달립마스템 프로레스적', 0.02000467889735028), ([[1031.6107425767057, 156.24900495710517], [1058.599221517712, 136.04513798310094], [1095.3892574232943, 190.75099504289483], [1067.400778482288, 209.95486201689906]], '움', 0.25237292186952587)]
[([[774, 524], [1094, 524], [1094, 674], [774, 674]], '모 후로', 0.08659885078668594), ([[1077, 581], [1161, 581], [1161, 619], [1077, 619]], '000', 0.9999562959256643), ([[154, 1004], [550, 1004], [550, 1056], [154, 1056]], '도_로-=-@8료', 0.00017435539901036444), ([[134, 1042], [552, 1042], [552, 1140], [134, 1140]], '"물쪽문-', 0.00010762619555591868), ([[285, 1125], [483, 1125], [483, 1163], [285, 1163]], '어월트만스틱 프로뇨', 0.019815505993445982), ([[476.9563638994289, 1120.138546427887], [541.7179628446785, 1128.5246179187784], [536.0436361005711, 1164.861453572113], [471.28203715532146, 1156.4753820812216]], "'스트적", 0.12967945635318756)]
[]
[]
[]
[([[1555, 87], [1851, 87], [1851, 176], [1555, 176]], '@출용애 @', 0.25916337154115826), ([[1445, 161], [1855, 161], [1855, 247], [1445, 247]], '잡&정@이리움요', 0.014130200710227558), ([[317, 291], [607, 291], [607, 359], [317, 359]], '알고 잇답니다""', 0.559749495759553), ([[1259, 427], [1544, 427], [1544, 493], [1259, 493]], '네" 괜찮아요"', 0.939802378455441), ([[156, 1006], [550, 1006], [550, 1056], [156, 1056]], '-로@--@8 투', 0.00045615304838823867), ([[129, 1032], [556, 1032], [556, 1156], [129, 1156]], '낱%월', 0.0009579969457507402), ([[287, 1125], [539, 1125], [539, 1161], [287, 1161]], '어월트마스터 프르국스타적', 0.008055815958083556)]
[]
[]
[]
[]
[([[29, 35], [137, 35], [137, 157], [29, 157]], '[의', 0.03680277495612509), ([[1183, 145], [1497, 145], [1497, 209], [1183, 209]], '*)슷 {>:(', 0.00017012987267808006), ([[1162, 198], [1522, 198], [1522, 274], [1162, 274]], '하01 0))-', 0.005358437456002463), ([[778, 248], [930, 248], [930, 328], [778, 328]], '"|', 0.09337141938745548), ([[1166, 262], [1512, 262], [1512, 336], [1166, 336]], '*운 *2<', 0.011148911011352219), ([[1180, 324], [1488, 324], [1488, 396], [1180, 396]], '"? <##!', 0.022255963622140912), ([[26, 184], [152, 184], [152, 1014], [26, 1014]], '{', 0.5128877058894012), ([[157, 18], [445, 18], [445, 1988], [157, 1988]], "'", 0.3511751696189549), ([[1366, 1392], [1534, 1392], [1534, 1712], [1366, 1712]], '류', 0.0799332101387904), ([[7, 1741], [153, 1741], [153, 1783], [7, 1783]], '480+', 0.29001691937446594), ([[13, 1795], [147, 1795], [147, 1837], [13, 1837]], '*2,980', 0.8948011224391609), ([[6, 1846], [159, 1846], [159, 1889], [6, 1889]], '묘-큰-001', 0.028651932185947852), ([[1363, 1795], [1523, 1795], [1523, 1965], [1363, 1965]], '축', 0.009011392397874296), ([[8, 1892], [158, 1892], [158, 1990], [8, 1990]], '모', 0.013719865426210731)]
[([[1555, 89], [1855, 89], [1855, 173], [1555, 173]], '오랜많이예요', 0.07875717103058927), ([[355, 435], [609, 435], [609, 503], [355, 503]], '오랜만이에요', 0.6827650511433998), ([[156, 1005], [550, 1005], [550, 1057], [156, 1057]], '-로@이오@8 투', 0.0007371420245880728), ([[129, 1032], [554, 1032], [554, 1157], [129, 1157]], '@빵%몸잎', 0.000621622686424709), ([[287, 1125], [539, 1125], [539, 1161], [287, 1161]], '어월트마스터 프르소스타적', 0.00808289654720201)]
[([[1321, 89], [1857, 89], [1857, 173], [1321, 173]], '@영해민에월만입기요', 0.0026944510625497528), ([[1088, 238], [1200, 238], [1200, 286], [1088, 286]], '@퍼랑', 0.0007443792980879008), ([[340, 417], [616, 417], [616, 492], [340, 492]], '네, 그렇네요 "', 0.7213370131768527), ([[156, 1006], [550, 1006], [550, 1056], [156, 1056]], '-로@- -@8-투', 0.0002582015713397721), ([[129, 1037], [555, 1037], [555, 1159], [129, 1159]], '온@존`헌', 0.0007806190043210734), ([[287, 1125], [539, 1125], [539, 1161], [287, 1161]], '어월트마스터 포르소스.적', 0.009547221922967754)]
[([[1497, 89], [1854, 89], [1854, 173], [1497, 173]], '썹마 품이 도중', 0.05156156451648634), ([[1109, 160], [1853, 160], [1853, 246], [1109, 246]], '양올 @민 현장제 `-제밥줄', 0.0053751345086732955), ([[1453, 233], [1855, 233], [1855, 319], [1453, 319]], '생동로못붙습내터', 0.0011226766580403292), ([[361, 419], [649, 419], [649, 485], [361, 485]], '저도 놀랍어요""', 0.727293222772133), ([[156, 1006], [550, 1006], [550, 1056], [156, 1056]], '-로@-이-@8 투', 0.00020000786781247773), ([[129, 1037], [555, 1037], [555, 1159], [129, 1159]], '온@품헌', 0.002027129987254739), ([[287, 1125], [539, 1125], [539, 1161], [287, 1161]], '어월트마스터 포르소스타적', 0.0082517685093138)]
[([[1445, 87], [1857, 87], [1857, 176], [1445, 176]], '신흉눈 어--$', 0.03838997484146841), ([[305, 417], [519, 417], [519, 479], [305, 479]], '예에 정말', 0.9971438877671575), ([[191, 479], [629, 479], [629, 547], [191, 547]], '여러모로 큰일이없어요"', 0.29777677844074085), ([[156, 1006], [550, 1006], [550, 1056], [156, 1056]], '-로-이-@8-투', 0.00025382737095220627), ([[129, 1037], [553, 1037], [553, 1157], [129, 1157]], '숨고대-임', 8.249769499514107e-05), ([[287, 1125], [539, 1125], [539, 1161], [287, 1161]], '어월트마스터 포르노스타적', 0.008081025337795677)]
[([[1157, 89], [1857, 89], [1857, 173], [1157, 173]], '떠긴-나가습 잔짜 엄청-되요', 0.0021990252723039236), ([[419, 417], [621, 417], [621, 483], [419, 483]], '네, 네에"', 0.75071057502968), ([[156, 1006], [550, 1006], [550, 1056], [156, 1056]], '-로@--@8-투', 0.0007226857465124108), ([[129, 1037], [555, 1037], [555, 1159], [129, 1159]], '온@존헌', 0.0012317965738475323), ([[287, 1125], [539, 1125], [539, 1161], [287, 1161]], '어월트마스터 포르소스타적', 0.011711988990985325)]
[([[1243, 89], [1855, 89], [1855, 175], [1243, 175]], '임신없트늄어떻없 @립-교', 0.00042205357455343074), ([[364, 434], [418, 434], [418, 492], [364, 492]], '어,', 0.9720399343938402), ([[427, 431], [587, 431], [587, 497], [427, 497]], '어쩌조""', 0.5073470516659161), ([[156, 1006], [550, 1006], [550, 1056], [156, 1056]], '-로@-이-@8 투', 0.0003598648882858802), ([[129, 1037], [553, 1037], [553, 1157], [129, 1157]], '숨존암', 0.00041284488386686326), ([[287, 1125], [539, 1125], [539, 1161], [287, 1161]], '어월트마스터 포르소스적', 0.02705849448618382), ([[1105.1360026099594, 282.0752148767684], [1221.9489051882656, 306.2870221338939], [1211.8639973900406, 348.9247851232316], [1094.0510948117344, 324.7129778661061]], '0형형)', 0.0027764339465647936)]
[([[1445, 89], [1857, 89], [1857, 173], [1445, 173]], '출합 영황입-`', 0.037835577587421496), ([[1323, 287], [1465, 287], [1465, 355], [1323, 355]], '아뇨"', 0.9724413009500459), ([[273, 387], [589, 387], [589, 455], [273, 455]], '업무 상 여러 약을', 0.8988556760006623), ([[225, 451], [639, 451], [639, 519], [225, 519]], '덕는 기획이 있,는데"', 0.2912456904467615), ([[109, 563], [467, 563], [467, 627], [109, 627]], '아마도 그 영향으로"', 0.6974325250623362), ([[156, 1006], [550, 1006], [550, 1056], [156, 1056]], '-로@--@8-투', 0.0004226118997915342), ([[127, 1032], [556, 1032], [556, 1160], [127, 1160]], '낱@필원', 0.00030835013603791595), ([[287, 1125], [539, 1125], [539, 1161], [287, 1161]], '어월트마스터 프로노스타적', 0.009379272658493917)]
[([[1312, 90], [1850, 90], [1850, 170], [1312, 170]], ' 문@로콤 손율렉않되', 0.011927077554538567), ([[1514, 159], [1853, 159], [1853, 244], [1514, 244]], '미손문움관@', 0.00786889919264561), ([[1247, 233], [1855, 233], [1855, 317], [1247, 317]], ' 유출품움중 &@@민규?', 0.0007093715496274), ([[373, 439], [635, 439], [635, 507], [373, 507]], '네, 가능해요""', 0.33248330586878294), ([[156, 1006], [550, 1006], [550, 1056], [156, 1056]], '-로--@8-투', 0.000496690511426598), ([[129, 1037], [553, 1037], [553, 1157], [129, 1157]], '숨고임임', 0.00022728319163434207), ([[287, 1125], [539, 1125], [539, 1161], [287, 1161]], '어덜트마스터 포르소스타적', 0.010822787760674754)]
[([[1618, 92], [1852, 92], [1852, 172], [1618, 172]], '해주집버', 0.13828834891319275), ([[203, 291], [551, 291], [551, 375], [203, 375]], '네, 알계습니다"', 0.5531617091187269), ([[156, 1006], [552, 1006], [552, 1056], [156, 1056]], '-로-  -@8-료', 0.00037971022756014294), ([[129, 1036], [555, 1036], [555, 1159], [129, 1159]], '온필', 0.0002475379415760604), ([[287, 1125], [539, 1125], [539, 1161], [287, 1161]], '어달트마스터 프로소스트적', 0.006003867987085146)]
[([[1139, 159], [1345, 159], [1345, 381], [1139, 381]], '#"', 0.06976502391744879), ([[1515, 249], [1639, 249], [1639, 333], [1515, 333]], '흐움', 0.9069112048068638), ([[1243, 375], [1329, 375], [1329, 465], [1243, 465]], '및', 0.10273825647914592), ([[1253, 723], [1340, 723], [1340, 950], [1253, 950]], '{', 0.014105395171406576), ([[156, 1006], [550, 1006], [550, 1056], [156, 1056]], '-로@--@8쪽투', 0.0004448836323028974), ([[125, 1024], [557, 1024], [557, 1161], [125, 1161]], '손대대%음', 0.0036223627521356425), ([[287, 1125], [539, 1125], [539, 1161], [287, 1161]], '어덜트마스터 포르소스_적', 0.011351463377812475)]
[([[1420, 194], [1592, 194], [1592, 342], [1420, 342]], '웨', 0.045739294990278845), ([[1413, 835], [1507, 835], [1507, 923], [1413, 923]], '0', 0.9992749813523325), ([[156, 1005], [552, 1005], [552, 1057], [156, 1057]], '-로@이오@8 투', 0.002283139556945298), ([[128, 1032], [556, 1032], [556, 1157], [128, 1157]], '및%잎', 0.003952718534349607), ([[287, 1125], [539, 1125], [539, 1161], [287, 1161]], '어월트마스터 프르소스_적', 0.00736537348818689), ([[225.99001801994595, 458.5840288319135], [436.6975599802638, 340.39341072016765], [500.0099819800541, 471.4159711680865], [288.3024400197362, 589.6065892798324]], '>(', 0.023231581908994076), ([[350.9395691353619, 480.0331061657909], [543.0308356709091, 535.3420579985027], [499.0604308646381, 673.9668938342091], [306.96916432909086, 618.6579420014973]], '해 &', 0.13473831117153168), ([[1340.2312847734047, 850.0140743139503], [1672.9999233021003, 1006.9432434505349], [1592.7687152265953, 1164.9859256860498], [1261.0000766978997, 1008.0567565494651]], '1개8', 0.004448691527552312)]
[([[1644, 87], [1855, 87], [1855, 175], [1644, 175]], '멋권되요', 0.013213266618549824), ([[630, 250], [732, 250], [732, 360], [630, 360]], '@문', 0.017232216808758853), ([[226, 386], [536, 386], [536, 460], [226, 460]], '가; 감사합니다,', 0.6927663793437961), ([[639, 379], [681, 379], [681, 439], [639, 439]], '0', 0.7437041440805423), ([[608, 898], [710, 898], [710, 1016], [608, 1016]], '"', 0.18181945568086633), ([[1166, 972], [1224, 972], [1224, 1028], [1166, 1028]], '7 ', 0.5702414946206286), ([[156, 1006], [550, 1006], [550, 1056], [156, 1056]], '-로--@8-투', 0.0006737203832889737), ([[646, 1024], [678, 1024], [678, 1070], [646, 1070]], '1', 0.18507406743586316), ([[1174, 1020], [1222, 1020], [1222, 1076], [1174, 1076]], '9', 0.15550234998248502), ([[129, 1037], [553, 1037], [553, 1159], [129, 1159]], '온@품&헌', 0.0007529486333143037), ([[287, 1125], [539, 1125], [539, 1161], [287, 1161]], '어월트마스터 프르노스타적', 0.01051622882875888), ([[1128.2483973007782, 180.02018979447422], [1228.6325112455525, 150.095507667191], [1295.7516026992218, 393.9798102055258], [1196.3674887544475, 424.904492332809]], "'꿀", 0.08874120443807818), ([[655.1142886264838, 387.06573379744185], [698.5531892633644, 366.0255559556643], [742.8857113735162, 465.93426620255815], [699.4468107366356, 485.9744440443357]], '@', 0.11020827990891124), ([[1208.3446046887868, 914.0359026679606], [1256.1466129230046, 903.1105790772947], [1279.6553953112132, 1016.9640973320394], [1231.8533870769954, 1027.8894209227053]], '속', 0.014422656834203684)]
[([[1299, 89], [1853, 89], [1853, 173], [1299, 173]], '그럽오늘움이 기중움-', 0.0011790737346765528), ([[1360, 161], [1852, 161], [1852, 242], [1360, 242]], '여자장트해되실요따?', 0.00026773540099733577), ([[348, 282], [564, 282], [564, 360], [348, 360]], '네; 네옛"', 0.37538986155842197), ([[138, 436], [456, 436], [456, 508], [138, 508]], '잘 부탁드컵게요', 0.2794719673912), ([[1136, 384], [1192, 384], [1192, 540], [1136, 540]], '[', 0.011870139084209974), ([[156, 1006], [550, 1006], [550, 1056], [156, 1056]], '-로-이-@8 투', 0.0003656439513090076), ([[129, 1037], [553, 1037], [553, 1159], [129, 1159]], '온@품&헌', 0.000563117289564339), ([[287, 1125], [539, 1125], [539, 1161], [287, 1161]], '어달트마스터 프로소스타적', 0.007195522554894578)]
[([[774, 524], [1094, 524], [1094, 674], [774, 674]], '모 후로', 0.08659885078668594), ([[1077, 581], [1161, 581], [1161, 619], [1077, 619]], '000', 0.9999562959256643), ([[154, 1004], [550, 1004], [550, 1056], [154, 1056]], '도_로-=-@8료', 0.00017435539901036444), ([[134, 1042], [552, 1042], [552, 1140], [134, 1140]], '"물쪽문-', 0.00010762619555591868), ([[285, 1125], [483, 1125], [483, 1163], [285, 1163]], '어월트만스틱 프로뇨', 0.019815505993445982), ([[476.9563638994289, 1120.138546427887], [541.7179628446785, 1128.5246179187784], [536.0436361005711, 1164.861453572113], [471.28203715532146, 1156.4753820812216]], "'스트적", 0.12967945635318756)]
[]
[]
[([[1425, 89], [1853, 89], [1853, 173], [1425, 173]], '원썹없어엎실끼요되', 0.0004167846963753131), ([[493, 323], [643, 323], [643, 391], [493, 391]], '아 예"', 0.9954872727394104), ([[383, 511], [597, 511], [597, 579], [383, 579]], '알켓습니다.', 0.15298757869817264), ([[156, 1006], [550, 1006], [550, 1056], [156, 1056]], '-로--@8 투', 0.0007395737825334521), ([[128, 1031], [556, 1031], [556, 1158], [128, 1158]], '낱빵움렉', 0.0013921656645834446), ([[287, 1125], [539, 1125], [539, 1161], [287, 1161]], '어월트마스터 프르소스적', 0.027426665854933974)]
[]
[]
[]
[]
[]
[([[37, 43], [125, 43], [125, 151], [37, 151]], '[0', 0.02625378066064269), ([[1195, 143], [1487, 143], [1487, 205], [1195, 205]], '새품 [) |*뱀)', 0.0013001778256613557), ([[1253, 195], [1373, 195], [1373, 261], [1253, 261]], '1}(', 0.0016451765583699806), ([[778, 252], [928, 252], [928, 328], [778, 328]], '"_', 0.02853409973142129), ([[1179, 251], [1497, 251], [1497, 337], [1179, 337]], '놓)사썰{하0', 0.00035385708554188793), ([[1181, 321], [1477, 321], [1477, 389], [1181, 389]], ';@__쪽!', 0.0027936107443502405), ([[23, 183], [159, 183], [159, 1015], [23, 1015]], '{', 0.5033961915224872), ([[156, 9], [441, 9], [441, 1981], [156, 1981]], "'", 0.14783486193893225), ([[1364, 1394], [1538, 1394], [1538, 1684], [1364, 1684]], '유', 0.012020531458575512), ([[7, 1741], [153, 1741], [153, 1783], [7, 1783]], '480+', 0.24366214871406555), ([[13, 1795], [147, 1795], [147, 1837], [13, 1837]], '*2,980', 0.8549348078927884), ([[7, 1847], [159, 1847], [159, 1887], [7, 1887]], '묘-고-001', 0.022025836682967804), ([[1361, 1797], [1521, 1797], [1521, 1961], [1361, 1961]], '터', 0.13876286826872786), ([[8, 1892], [156, 1892], [156, 1990], [8, 1990]], '모', 0.006855693326695056)]
[([[1622, 116], [1846, 116], [1846, 144], [1622, 144]], '--/--/--정-렁 )', 6.301846899070774e-06), ([[156, 1006], [552, 1006], [552, 1056], [156, 1056]], '-로@-이 -@8-료', 0.0007913301819805771), ([[129, 1037], [555, 1037], [555, 1157], [129, 1157]], '숨내붐', 0.0003437194973901573), ([[287, 1125], [539, 1125], [539, 1161], [287, 1161]], '어월트마스터 프르노스.적', 0.009627707900945635)]
[([[1546, 90], [1854, 90], [1854, 170], [1546, 170]], '떠떠떠`또또@기요', 0.0018094872740938887), ([[406, 388], [598, 388], [598, 460], [406, 460]], '""또네요', 0.6505426593154836), ([[417, 467], [587, 467], [587, 503], [417, 503]], '생겨버럿답니다 ', 0.19147101831045132), ([[156, 1006], [550, 1006], [550, 1056], [156, 1056]], '-로@--@8-투', 0.0003965382681855877), ([[129, 1037], [555, 1037], [555, 1159], [129, 1159]], '온@품헌', 0.0013428496895357966), ([[287, 1123], [540, 1123], [540, 1162], [287, 1162]], '어월트마스템 프로레스적', 0.024958763276441986)]
[([[31, 1043], [143, 1043], [143, 1173], [31, 1173]], '꼴', 0.024842081444093944)]
[]
[([[154, 1006], [550, 1006], [550, 1056], [154, 1056]], '도로발|@8-료', 0.0013365819039570187), ([[129, 1040], [553, 1040], [553, 1143], [129, 1143]], '@@@몸@방@', 0.00031300604479215865), ([[285, 1125], [483, 1125], [483, 1163], [285, 1163]], '@월트만스템 포로레', 0.013003497153442942), ([[854.5094331982089, 332.0075222616075], [972.0444661588803, 317.2923195280961], [1014.4905668017911, 689.9924777383925], [896.9555338411197, 704.7076804719039]], '꿀', 0.008755569650375827), ([[476.9563638994289, 1120.138546427887], [541.7179628446785, 1128.5246179187784], [536.0436361005711, 1164.861453572113], [471.28203715532146, 1156.4753820812216]], "'스트적", 0.16303972899913788)]
[]
[]
[]
[]
[]
[]
[([[1457, 89], [1855, 89], [1855, 175], [1457, 175]], '쏟용이 쓰사하데요', 0.020160800015885168), ([[1119, 393], [1163, 393], [1163, 445], [1119, 445]], '안', 0.11624014362841084), ([[335, 483], [637, 483], [637, 549], [335, 549]], '가; 감사합니다 "', 0.5608050674656703), ([[156, 1006], [550, 1006], [550, 1056], [156, 1056]], '-로--@8-투', 0.000591754895954741), ([[129, 1036], [554, 1036], [554, 1157], [129, 1157]], '저필동잎', 0.0006232821033336222), ([[287, 1125], [539, 1125], [539, 1161], [287, 1161]], '어월트마스터 프르소스타적', 0.008846238860075432)]
