2426282
109
[([[1634, 621], [2051, 621], [2051, 912], [1634, 912]], '기네', 0.40440106949985244)]
[([[493, 353], [1262, 353], [1262, 485], [493, 485]], '85+70 ~:', 0.0010360694058808666), ([[293, 1048], [832, 1048], [832, 1444], [293, 1444]], '속욕-', 0.13705962010754758), ([[1136.9022400030797, 1193.0464320363399], [1226.8432489399258, 1165.3147354987918], [1272.0977599969203, 1336.9535679636601], [1182.1567510600742, 1364.6852645012082]], '웬', 0.6279584096392341)]
[([[1157, 849], [1221, 849], [1221, 911], [1157, 911]], '6', 0.009621116153369302), ([[404.1170986264234, 934.175647939635], [560.8310380510896, 899.1271463690524], [571.8829013735766, 960.824352060365], [415.1689619489103, 995.8728536309476]], '만아*,', 0.0011858935467898846)]
[]
[([[382, 1226], [580, 1226], [580, 1350], [382, 1350]], '@좁어', 0.008214096352860172), ([[481.7426694080676, 147.32507598742984], [634.9835478570981, 130.09742913868047], [638.2573305919324, 196.67492401257016], [485.01645214290187, 213.90257086131953]], '6@대발', 0.002790281781926751)]
[([[720, 56], [752, 56], [752, 166], [720, 166]], '출', 0.9730194297820596), ([[1284, 0], [1332, 0], [1332, 148], [1284, 148]], '곡', 0.012960748074943018), ([[121, 121], [157, 121], [157, 281], [121, 281]], '물', 0.40853538201099937), ([[687, 57], [723, 57], [723, 257], [687, 257]], '{', 0.13976740113295083), ([[121, 275], [158, 275], [158, 334], [121, 334]], '춤', 0.154217048059909), ([[123, 331], [155, 331], [155, 423], [123, 423]], '중', 0.30109233253723744), ([[215, 0], [557, 0], [557, 991], [215, 991]], '[', 0.14069405300532), ([[1224, 18], [1337, 18], [1337, 1008], [1224, 1008]], "'", 0.4938997400886933), ([[295, 737], [337, 737], [337, 825], [295, 825]], '%', 0.027548607303124806)]
[([[166, 53], [534, 53], [534, 150], [166, 150]], "@ 7'-장@!", 0.01982130591895775), ([[179, 108], [526, 108], [526, 208], [179, 208]], '넘@내 @ 밟', 0.019580714933212225), ([[157, 160], [565, 160], [565, 269], [157, 269]], '새@요 스7 적@어통', 0.00021699569797836225), ([[159, 240], [357, 240], [357, 327], [159, 327]], '[`_-7', 0.004375259962735653), ([[986, 298], [1105, 298], [1105, 347], [986, 347]], '예물앗0', 0.0005802466766908765), ([[953, 371], [1081, 371], [1081, 407], [953, 407]], '[신밟0', 0.0015691766748204827), ([[1266, 389], [1765, 389], [1765, 642], [1266, 642]], '장', 0.12805816908272405), ([[1256, 636], [1649, 636], [1649, 834], [1256, 834]], '작', 0.006728113899812094), ([[1216, 834], [1525, 834], [1525, 985], [1216, 985]], "'장", 0.005781255960819704), ([[1828, 992], [1914, 992], [1914, 1068], [1828, 1068]], '7', 0.017568791756961133), ([[350.5439777606179, 242.38633105791558], [580.4540653886742, 221.0953641912678], [582.456022239382, 288.6136689420844], [352.5459346113258, 309.9046358087322]], '@어0', 0.007393029293174402), ([[990.0298574998546, 333.1194299994187], [1081.9155633305215, 347.1824647991219], [1075.9701425001454, 380.8805700005813], [983.0844366694785, 367.8175352008781]], '예0', 0.019239451207171607)]
[]
[([[1848, 361], [1952, 361], [1952, 732], [1848, 732]], '물', 0.08562822788818014), ([[1711, 19], [1970, 19], [1970, 1491], [1711, 1491]], '(', 0.29755150070971936), ([[1847, 784], [1958, 784], [1958, 1157], [1847, 1157]], '통', 0.26158115595814024), ([[526, 1885], [612, 1885], [612, 2007], [526, 2007]], '4', 0.9830845821376357), ([[1653, 1736], [1798, 1736], [1798, 1947], [1653, 1947]], '3', 0.08792817233791439), ([[1849, 1226], [1958, 1226], [1958, 2475], [1849, 2475]], '', 0.0), ([[1870.3211876860223, 112.01646633206069], [1977.942273307521, 127.47089358585669], [1945.6788123139777, 345.9835336679393], [1838.057726692479, 330.5291064141433]], '과', 0.00890778105593798), ([[78.12796524475579, 350.0924489720335], [269.9188517086588, 323.06790502007385], [281.8720347552442, 488.9075510279665], [91.0811482913412, 515.9320949799262]], '(54', 0.2131068297657519)]
[]
[([[618, 1592], [662, 1592], [662, 1663], [618, 1663]], '9', 0.3509385538775547), ([[972.3447882227953, 1474.3585340901495], [1028.725821989216, 1428.3914631134573], [1048.6552117772048, 1459.6414659098505], [992.274178010784, 1504.6085368865427]], '차차"', 0.0037168734768354018)]
[([[1088, 1545], [1260, 1545], [1260, 1694], [1088, 1694]], '', 0.0), ([[915, 2580], [979, 2580], [979, 2620], [915, 2620]], '모설~', 0.0021254809582659834), ([[1983.5593526323707, 1152.0107937003647], [2155.9242398992997, 1314.7331015926848], [2104.440647367629, 1373.9892062996353], [1932.0757601007003, 1211.2668984073152]], '스~시', 0.258333683013916)]
[([[622, 409], [968, 409], [968, 473], [622, 473]], '차+ 유있류+=;', 0.0003477217645688228), ([[323, 465], [1271, 465], [1271, 531], [323, 531]], '+-리;-047-품 `(떼묘?6+(:?', 0.0005486289173163974), ([[0, 962], [135, 962], [135, 1211], [0, 1211]], '=', 0.8853692475714183), ([[423, 1845], [818, 1845], [818, 2139], [423, 2139]], '필--', 0.16455593754326162), ([[1012.7703441703808, 815.1938566141602], [1269.347884019181, 725.1277848870703], [1327.2296558296193, 951.8061433858398], [1070.652115980819, 1041.8722151129298]], '통)', 0.17401451088347167), ([[220.4210007365315, 1533.0088241582332], [353.9632888959872, 1507.2325036587476], [422.5789992634685, 1898.9911758417668], [288.0367111040128, 1924.7674963412524]], '올', 0.12046088006451328), ([[816.9197238218546, 1504.0208469860338], [1209.522978680622, 1585.0260598449024], [1151.0802761781454, 1818.9791530139662], [757.4770213193781, 1737.9739401550976]], "%어%'", 0.0009309174492955208)]
[([[790, 325], [1260, 325], [1260, 493], [790, 493]], '초기 ?', 0.5138191340339047), ([[0, 962], [133, 962], [133, 1206], [0, 1206]], '=', 0.9345055817961025), ([[249, 2717], [293, 2717], [293, 2786], [249, 2786]], '<', 0.9175809507443233)]
[([[515, 76], [940, 76], [940, 319], [515, 319]], '건(댁"', 6.934344855835661e-05), ([[1132, 284], [1405, 284], [1405, 622], [1132, 622]], '쁨', 0.09668979814583256), ([[1113, 1003], [1197, 1003], [1197, 1093], [1113, 1093]], '슈', 0.0830183560581057), ([[1271, 1026], [1300, 1026], [1300, 1052], [1271, 1052]], '0', 0.6732762655006951), ([[0, 957], [135, 957], [135, 1213], [0, 1213]], '=', 0.804019197791618), ([[755, 1909], [986, 1909], [986, 1976], [755, 1976]], '층기-<', 0.08765115588903427), ([[614, 1971], [1124, 1971], [1124, 2048], [614, 2048]], '춥0 3+ $름이 *0', 0.003222232794393276), ([[419, 2039], [1322, 2039], [1322, 2114], [419, 2114]], '#기78하0+ 투<<.?하361', 0.003463047951923094), ([[251, 2183], [266, 2183], [266, 2210], [251, 2210]], '>', 0.6242448839817918), ([[260, 2210], [275, 2210], [275, 2244], [260, 2244]], '<', 0.4112540223878227), ([[1067.7128627800673, 139.01377291269915], [1094.408989519298, 137.02800949309992], [1105.2871372199327, 248.98622708730085], [1078.591010480702, 251.97199050690008]], '}', 0.7589550041886675), ([[782.9064387128927, 333.0206258916563], [1181.3089819716527, 413.24195185132015], [1122.0935612871074, 655.9793741083437], [723.6910180283475, 576.7580481486798]], '@어%', 0.03198258458355326), ([[19.188957862317615, 582.0468867427301], [350.38937361478946, 539.9627727684419], [368.81104213768236, 844.9531132572699], [38.61062638521052, 887.0372272315581]], '발품', 0.010187663687681769), ([[1172.9959964937677, 994.0723758069976], [1218.6170575060796, 972.0272501812993], [1265.0040035062323, 1076.9276241930024], [1218.3829424939204, 1098.9727498187008]], '틈', 0.06320523860275618), ([[1389.5670585375283, 2127.3103526837754], [1554.6162163708684, 2054.501621446349], [1585.4329414624717, 2131.6896473162246], [1421.3837836291316, 2205.498378553651]], '망앗네', 0.014755427456222894), ([[1101.5513939353425, 2390.0091514158935], [1741.2494260315236, 2081.0461677813887], [1766.4486060646575, 2166.9908485841065], [1127.7505739684764, 2475.9538322186113]], '[(-#0#?<*내+하0(', 0.0014420856075107087), ([[1187.9729724270167, 2232.5243227956466], [1377.3002199340424, 2144.5729300001717], [1405.0270275729833, 2221.4756772043534], [1215.6997800659576, 2309.4270699998283]], '~뒤지도 ', 0.04094053982647368), ([[1033.2732720600368, 2311.6005992660407], [1196.4717068786601, 2236.3765486768325], [1228.7267279399632, 2315.3994007339593], [1065.5282931213399, 2390.6234513231675]], '얼굴쎄', 0.6275917038927461)]
[([[377, 35], [764, 35], [764, 284], [377, 284]], '건(%', 0.013099952845420247), ([[726, 145], [790, 145], [790, 225], [726, 225]], '0', 0.9991579637002737), ([[1112, 347], [1855, 347], [1855, 451], [1112, 451]], '##분7터채-(3*', 0.00014043876629644603), ([[0, 962], [135, 962], [135, 1211], [0, 1211]], '즈', 0.017094058549461444), ([[456, 1681], [1045, 1681], [1045, 1998], [456, 1998]], '@휴!', 0.2890724059831126), ([[812, 2024], [1369, 2024], [1369, 2127], [812, 2127]], '(-*07-', 0.024551092368821095), ([[597, 2125], [1576, 2125], [1576, 2228], [597, 2228]], '하(하+서쇼:(디51730', 0.00010796980228750998), ([[673.0464293444962, 432.0239439554748], [902.4327075027613, 514.3918231243097], [842.9535706555038, 668.9760560445252], [613.5672924972387, 586.6081768756903]], '의@', 0.0841322599890739)]
[([[937, 104], [1357, 104], [1357, 340], [937, 340]], '건(%들', 0.0020998097024858), ([[1406, 1224], [1806, 1224], [1806, 1548], [1406, 1548]], '#@:', 0.012429830630360933), ([[461, 2252], [785, 2252], [785, 2501], [461, 2501]], '@잘9', 0.02777591662500036), ([[1041.8601392596784, 1386.0216625295418], [1457.1779477137222, 1461.7042114122937], [1400.1398607403216, 1708.9783374704582], [984.8220522862779, 1634.2957885877063]], "0(*'", 0.012511187233030796)]
[([[0, 140], [1608, 140], [1608, 821], [0, 821]], '뱃% 엇', 0.0008577710686559827), ([[498, 1032], [651, 1032], [651, 1258], [498, 1258]], '7', 0.8131491358551699), ([[693, 1525], [1068, 1525], [1068, 1768], [693, 1768]], '건(%', 0.049598048037064635), ([[376, 1658], [445, 1658], [445, 1866], [376, 1866]], '}', 0.42388112220237417), ([[551, 2365], [614, 2365], [614, 2534], [551, 2534]], '8', 0.37964936940115024), ([[657.9371320843796, -45.97739601707802], [1058.0040086672914, 30.013758671459975], [1007.0628679156204, 238.97739601707804], [607.9959913327086, 160.98624132854002]], "'@터터", 0.0032101639080792665), ([[1512.2537240814615, 1293.0221012177356], [2248.6257197412797, 1236.2202549024698], [2254.7462759185382, 1825.9778987822644], [1518.3742802587203, 1883.7797450975302]], '옷국', 0.3940550914549177), ([[1297.8220821075777, 2138.0330615148823], [1538.0579168964919, 2183.179807056169], [1498.1779178924223, 2357.9669384851177], [1257.9420831035081, 2312.820192943831]], '@%', 0.5181336147181175), ([[532.994091587594, 2408.0664698796227], [892.8008867316391, 2097.0047164838393], [1364.0059084124061, 2769.9335301203773], [1004.1991132683609, 3081.9952835161607]], '통들', 0.03662435487372631)]
[([[1545, 492], [1847, 492], [1847, 819], [1545, 819]], '4', 0.1912803447236877), ([[1395, 700], [1556, 700], [1556, 926], [1395, 926]], '8', 0.04481124658599711), ([[58.169610791378894, 145.0070366913553], [342.4974362944947, -51.9974750077279], [892.8303892086211, 832.9929633086447], [608.5025637055053, 1030.9974750077279]], '콩', 0.05540010789236849), ([[1020.0155529423755, 415.01076946656303], [1425.8416493184322, 620.8555539806445], [1246.9844470576245, 961.989230533437], [841.1583506815679, 756.1444460193555]], '온춥', 0.001906713976479727), ([[1213.0276865973535, 1083.0089195557682], [1687.0862195955362, 1343.200728177789], [1466.9723134026465, 1733.9910804442318], [992.9137804044638, 1473.799271822211]], '붙름', 0.026040972477502887)]
[([[1392, 569], [1649, 569], [1649, 789], [1392, 789]], '이)', 0.02143994896513684), ([[876.9477720498517, 355.0145709996461], [1468.540211085141, 477.568654264509], [1387.0522279501483, 791.9854290003539], [796.4597889148591, 669.4313457354909]], '&:(', 0.0015389522996862104)]
[([[380, 267], [1588, 267], [1588, 375], [380, 375]], '섯+7(3*040403(', 0.023798925651848584), ([[129, 363], [1846, 363], [1846, 466], [129, 466]], '#(하러?*#*< 충소#:도국:(<(:-+', 0.00015469104151230893), ([[616, 2018], [2169, 2018], [2169, 2135], [616, 2135]], '@30국#(-#: 3*-110디(3', 0.005838862174328605), ([[607, 2126], [2173, 2126], [2173, 2243], [607, 2243]], '##곤둘 347+603#충북+/ 5', 0.004606351627170311), ([[811, 2233], [1978, 2233], [1978, 2357], [811, 2357]], '붙어:#(-피병 터소#염++=', 6.591828413775488e-05)]
[]
[([[297.3400170126755, 341.02423137238696], [476.95397448672253, 427.09096705718554], [442.6599829873245, 494.97576862761304], [262.04602551327747, 408.90903294281446]], '3', 0.014107832227017392), ([[244.2772573942153, 399.0261520401711], [455.99990123603106, 476.95555599450654], [423.72274260578473, 556.973847959829], [211.00009876396894, 478.04444400549346]], '연2{', 0.018819965464520756)]
[([[942, 292], [1022, 292], [1022, 318], [942, 318]], '후; +.,.;', 0.0012490248972509593), ([[966, 320], [1002, 320], [1002, 344], [966, 344]], '17', 0.1655790529343806), ([[994, 346], [1048, 346], [1048, 370], [994, 370]], '|기값', 0.00018105268755736644), ([[924, 372], [1042, 372], [1042, 402], [924, 402]], '"선 9어마9(0', 0.0020525939084252843), ([[942, 398], [1028, 398], [1028, 422], [942, 422]], '^라추. $서*', 0.0002895369186968927), ([[942, 424], [1026, 424], [1026, 451], [942, 451]], '콩교 +^$', 0.0005723763506106254), ([[930, 451], [1038, 451], [1038, 481], [930, 481]], '나9깨 이라#쪽', 5.4471462419913945e-05), ([[120, 478], [174, 478], [174, 502], [120, 502]], '시<<:', 0.0015366208972409368), ([[964, 478], [1006, 478], [1006, 502], [964, 502]], '컵-&', 0.0003802838015283859), ([[108, 504], [190, 504], [190, 532], [108, 532]], "1'7 하기*,거", 0.0002281906220709335), ([[922, 503], [1045, 503], [1045, 532], [922, 532]], '버+교 커! 3,미.', 0.00047483492966831535), ([[98, 528], [208, 528], [208, 556], [98, 556]], '가거 ^릇-이37응', 1.79276654774538e-05), ([[118, 580], [180, 580], [180, 604], [118, 604]], '명서3-.', 0.001216995700795955), ([[99, 603], [202, 603], [202, 633], [99, 633]], "{아,9'차. 커즌", 1.9606235892562226e-05), ([[690.6517515851481, 588.1015604619771], [871.696907966091, 472.03255860262254], [902.3482484148519, 539.8984395380229], [721.303092033909, 655.9674413973775]], "'8'", 0.006907569326294377)]
[([[352, 40], [408, 40], [408, 116], [352, 116]], '0', 0.17080413578249054), ([[992, 456], [1042, 456], [1042, 488], [992, 488]], '아', 0.15871523047198532), ([[955, 491], [1087, 491], [1087, 527], [955, 527]], '+낫라+ ^나,.!', 0.0009188584841708019), ([[61, 801], [183, 801], [183, 837], [61, 837]], '+어|어 어,!', 0.0021443811423753492), ([[96, 842], [144, 842], [144, 874], [96, 874]], "1'<", 0.054449751656552324), ([[55, 879], [189, 879], [189, 919], [55, 919]], '미아+ [.3어거', 0.003897037947571083), ([[71, 917], [179, 917], [179, 953], [71, 953]], '아, +^!!', 0.0017825500950556926), ([[535, 1033], [555, 1033], [555, 1083], [535, 1083]], '물', 0.08888308176898363), ([[545, 1081], [563, 1081], [563, 1113], [545, 1113]], '닭', 0.31434993358567453), ([[690.8105265191808, 589.0789488938562], [880.711826158201, 464.04478311348305], [912.1894734808192, 531.9210511061438], [722.288173841799, 656.955216886517]], "'8덩", 0.004583483495467049), ([[998.9563638994289, 529.1385464278869], [1059.7268320069436, 538.5471671837338], [1053.0436361005711, 573.8614535721131], [993.2731679930563, 564.4528328162662]], '록~컨', 0.00033274940736571036)]
[([[336, 16], [390, 16], [390, 78], [336, 78]], '0', 0.8117098547761579), ([[1021, 513], [1075, 513], [1075, 549], [1021, 549]], '0', 0.03027202621530023), ([[1011, 553], [1099, 553], [1099, 589], [1011, 589]], '껏칭-4$', 1.9410428191880264e-05), ([[1009, 597], [1113, 597], [1113, 633], [1009, 633]], '70 버리훨', 0.006091781361095515), ([[119, 965], [201, 965], [201, 1003], [119, 1003]], '4^확교', 0.000128557687276043), ([[131, 1049], [181, 1049], [181, 1089], [131, 1089]], '샌', 0.01372871079459298), ([[533, 1033], [547, 1033], [547, 1071], [533, 1071]], '닭', 0.00610865178492187), ([[103, 1089], [215, 1089], [215, 1127], [103, 1127]], '3째어~', 0.0013118491042405367), ([[58, 1128], [257, 1128], [257, 1168], [58, 1168]], '버기산|어 6*아*~7', 6.758856966746702e-05), ([[689.8686291501015, 589.0804040507106], [876.1563704537972, 469.88347780653027], [907.1313708498985, 534.9195959492894], [720.8436295462028, 654.1165221934697]], '8/4', 0.0053624840067281136), ([[116.00649859892918, 1168.1253445358238], [186.81597486760504, 1179.8006936130384], [179.9935014010708, 1214.8746554641762], [109.18402513239498, 1204.1993063869616]], '-기핵:', 0.001962674781680107)]
[([[402, 192], [454, 192], [454, 246], [402, 246]], '음씨', 0.028777688035217602), ([[1047, 377], [1151, 377], [1151, 413], [1047, 413]], '4 ^라~', 0.007303664360929777), ([[1018, 414], [1171, 414], [1171, 458], [1018, 458]], '{아욕9차. 악.', 0.00019697074972254078), ([[1042, 448], [1148, 448], [1148, 497], [1042, 497]], '(라*마9', 0.004847621065933535), ([[855, 709], [977, 709], [977, 745], [855, 745]], '7^라+ 담라', 0.004094982102702724), ([[896, 754], [934, 754], [934, 780], [896, 780]], '라', 0.011611272845757137), ([[852, 790], [982, 790], [982, 820], [852, 820]], '라담서좌기<즌', 2.6179147915955744e-05), ([[849, 823], [991, 823], [991, 859], [849, 859]], '리,리 {나<|~', 0.0005541648848604495), ([[85, 1351], [155, 1351], [155, 1387], [85, 1387]], "오즌+'$", 0.010883677727748871), ([[51, 1391], [195, 1391], [195, 1427], [51, 1427]], '@기,+;7신성~', 0.00010995627435683715), ([[71, 1431], [177, 1431], [177, 1467], [71, 1467]], '감담라번~', 0.0036504591103217157), ([[690.914249429668, 589.0740208365764], [879.1249270684679, 466.85710796587756], [910.085750570332, 531.9259791634236], [722.8750729315321, 654.1428920341225]], "'8/4", 0.016842985525727272)]
[([[944, 292], [1022, 292], [1022, 318], [944, 318]], '후; +목,긋', 0.0005746291699664994), ([[968, 320], [1002, 320], [1002, 344], [968, 344]], '1머', 0.040507530675436956), ([[922, 346], [1048, 346], [1048, 370], [922, 370]], '-룹감나`기 <기값', 6.510708369478977e-05), ([[924, 372], [1042, 372], [1042, 404], [924, 404]], '(9어79 +0', 0.005948424201463231), ([[942, 398], [1028, 398], [1028, 422], [942, 422]], '^라앙. -서*', 0.00030810755732601537), ([[942, 424], [1026, 424], [1026, 451], [942, 451]], '콩교 +^$', 0.0007221612777179355), ([[930, 451], [1038, 451], [1038, 481], [930, 481]], '09깨 이라#쪽', 4.572414139240607e-05), ([[120, 478], [174, 478], [174, 502], [120, 502]], '시<<:', 0.0012851159553974867), ([[964, 478], [1006, 478], [1006, 502], [964, 502]], '컵-&', 0.0002312833791311488), ([[108, 504], [190, 504], [190, 532], [108, 532]], "1'7 하기*,거", 0.00016451472362009404), ([[922, 503], [1045, 503], [1045, 532], [922, 532]], "버+^ '! 3,미.", 0.0005446103805513275), ([[98, 528], [208, 528], [208, 556], [98, 556]], '가거 룹-이37]', 5.464854988627288e-05), ([[118, 580], [180, 580], [180, 604], [118, 604]], '명서3-.', 0.0010570835720553867), ([[99, 603], [202, 603], [202, 633], [99, 633]], '{아,9. 커즌', 9.08042030716894e-05), ([[690.7835425259685, 588.093026418795], [872.1214751973158, 472.854229763221], [902.2164574740315, 538.906973581205], [721.8785248026842, 653.145770236779]], "'81", 0.051810102137255926)]
[([[352, 40], [408, 40], [408, 116], [352, 116]], '0', 0.16926157535505215), ([[992, 456], [1042, 456], [1042, 488], [992, 488]], '아', 0.5654278549041045), ([[955, 491], [1087, 491], [1087, 527], [955, 527]], '+낫라+ ^나,.!', 0.0010149710081014704), ([[61, 801], [183, 801], [183, 837], [61, 837]], '+어|어 어,!', 0.0020852084782984792), ([[96, 842], [144, 842], [144, 874], [96, 874]], "1'<", 0.056860231471451445), ([[55, 879], [189, 879], [189, 919], [55, 919]], '"아+ [.3어거', 0.00498059502102552), ([[71, 917], [179, 917], [179, 953], [71, 953]], '어, +^!!', 0.0019880870891454115), ([[532, 1032], [556, 1032], [556, 1084], [532, 1084]], '틀', 0.16151967609716067), ([[689.8105265191808, 589.0789488938562], [879.711826158201, 464.04478311348305], [911.1894734808192, 531.9210511061438], [721.288173841799, 656.955216886517]], "'8령", 0.004851491552363647), ([[998.9563638994289, 529.1385464278869], [1059.7268320069436, 538.5471671837338], [1053.0436361005711, 573.8614535721131], [993.2731679930563, 564.4528328162662]], '베~딪', 0.0005044502086626497), ([[541.2307692307693, 1082.1538461538462], [555.5643326479831, 1077.0812689968575], [566.7692307692307, 1109.8461538461538], [553.4356673520169, 1114.9187310031425]], '9', 0.4869795497498366)]
[([[336, 16], [390, 16], [390, 78], [336, 78]], '0', 0.8117098547761579), ([[1021, 513], [1075, 513], [1075, 549], [1021, 549]], '0', 0.02750926188719305), ([[1011, 553], [1099, 553], [1099, 589], [1011, 589]], '껏~-나$', 1.9313934212235446e-05), ([[1009, 597], [1113, 597], [1113, 633], [1009, 633]], '70 버라훨', 0.008287306116882744), ([[119, 965], [201, 965], [201, 1003], [119, 1003]], '4켜확교', 0.00015608267858624458), ([[131, 1049], [181, 1049], [181, 1089], [131, 1089]], '샌', 0.012968318636912779), ([[103, 1089], [215, 1089], [215, 1127], [103, 1127]], '3째`어흔', 0.00047463362506296956), ([[58, 1128], [257, 1128], [257, 1168], [58, 1168]], '버어산|전 6*기*~7', 5.723528904539314e-05), ([[690.70913834913, 587.0930546089968], [877.781244944431, 468.102376721472], [907.29086165087, 535.9069453910032], [721.218755055569, 654.897623278528]], "'8/.", 0.0018813045462593436), ([[116.02985749985467, 1168.1194299994186], [186.81597486760504, 1179.8006936130384], [179.97014250014533, 1215.8805700005814], [109.18402513239498, 1204.1993063869616]], '-숨:', 0.01284074742001501)]
[([[402, 192], [452, 192], [452, 244], [402, 244]], '씨박', 0.0023816924042836486), ([[1047, 377], [1151, 377], [1151, 413], [1047, 413]], '4 ^라~', 0.007836812065012503), ([[1018, 414], [1171, 414], [1171, 458], [1018, 458]], '{아욕9커차. 악.', 0.0001464402690279268), ([[1042, 448], [1148, 448], [1148, 497], [1042, 497]], '(라*마9', 0.004563561939849292), ([[855, 709], [977, 709], [977, 745], [855, 745]], '7^라+ 담라', 0.004021190918015589), ([[852, 790], [982, 790], [982, 820], [852, 820]], '라담서좌기<즌', 2.2062469987623353e-05), ([[849, 823], [991, 823], [991, 859], [849, 859]], '리,리 {나<|~', 0.0006756876014523696), ([[533, 1033], [547, 1033], [547, 1071], [533, 1071]], '넓', 0.02737299962571016), ([[85, 1351], [155, 1351], [155, 1387], [85, 1387]], "오즌+'$", 0.008388752256108342), ([[51, 1391], [195, 1391], [195, 1427], [51, 1427]], '@기,+;7신성~', 0.00015118488929585905), ([[69, 1431], [177, 1431], [177, 1467], [69, 1467]], '답담라번~', 0.0019551650975285564), ([[690.7618846585278, 589.0855695414002], [876.6753336258502, 467.0149739989536], [908.2381153414722, 534.9144304585998], [722.3246663741498, 656.9850260010464]], "'8덩4", 0.0028611617162823677), ([[894.6027607015021, 753.345245332854], [933.32187189761, 750.1002866292282], [934.3972392984979, 777.654754667146], [895.67812810239, 780.8997133707718]], '37', 0.026155153882040934)]
[]
[([[1361, 1445], [2187, 1445], [2187, 1739], [1361, 1739]], '21?210 (', 0.3325471420350164), ([[474.7439160437738, 488.11598562460586], [875.9857527923573, 442.88509150251355], [881.2560839562262, 628.8840143753941], [481.0142472076427, 674.1149084974865]], '0+;', 0.15401173083177833), ([[1914.1526296920133, 1666.0189051010975], [2202.9249069492785, 1781.3124286796822], [2139.8473703079867, 1927.9810948989025], [1851.0750930507218, 1812.6875713203178]], '다;0데,', 0.0022841983431366422), ([[89.35155897398334, 2305.0647989695885], [1165.4688876025693, 2049.1283791047513], [1184.6484410260166, 2219.9352010304115], [107.53111239743058, 2476.8716208952487]], '0/0-,*웅매-@시@', 0.0005140388872340579), ([[1171.651818773715, 2300.153822680234], [1539.903519306921, 2259.569218680668], [1544.348181226285, 2411.846177319766], [1176.096480693079, 2452.430781319332]], '@교{@0', 0.06632995457129967), ([[673.8687958407205, 2304.0812255134388], [1163.9610627121806, 2251.5131965671185], [1170.1312041592796, 2490.9187744865612], [681.0389372878194, 2543.4868034328815]], '(@음', 0.1829296919119916)]
[([[111, 89], [127, 89], [127, 125], [111, 125]], '8', 0.24189826478283294), ([[188, 88], [212, 88], [212, 146], [188, 146]], '솜', 0.35876327101141214), ([[225, 9], [339, 9], [339, 207], [225, 207]], '', 0.0), ([[331, 35], [349, 35], [349, 91], [331, 91]], '#', 0.2829068821747569), ([[537, 23], [605, 23], [605, 165], [537, 165]], '`', 0.013974924126643418), ([[658, 40], [682, 40], [682, 164], [658, 164]], '}', 0.02859308698394991), ([[679, 25], [699, 25], [699, 75], [679, 75]], '출', 0.661357151238068), ([[766, 2], [790, 2], [790, 82], [766, 82]], '품', 0.0083843330627143), ([[104, 157], [130, 157], [130, 274], [104, 274]], ';', 0.05493617393115735), ([[111, 127], [127, 127], [127, 159], [111, 159]], '교', 0.02091964295744564), ([[122, 81], [194, 81], [194, 360], [122, 360]], '"', 0.6148086911069619), ([[189, 193], [209, 193], [209, 301], [189, 301]], '?', 0.010346347120503196), ([[193, 159], [211, 159], [211, 195], [193, 195]], ';', 0.11551000025298297), ([[213, 21], [233, 21], [233, 269], [213, 269]], '{', 0.288847778120104), ([[233, 197], [253, 197], [253, 287], [233, 287]], '듯', 0.10301064429629392), ([[252, 20], [276, 20], [276, 288], [252, 288]], "'", 0.27007544210713164), ([[540, 0], [800, 0], [800, 318], [540, 318]], '', 0.0), ([[10, 251], [84, 251], [84, 466], [10, 466]], '#', 0.10717187001941486), ([[97, 261], [243, 261], [243, 401], [97, 401]], '(8', 0.013561674823829797), ([[41, 409], [57, 409], [57, 447], [41, 447]], '?', 0.9570707252358126), ([[78, 429], [152, 429], [152, 662], [78, 662]], '{', 0.37576012812701265), ([[704, 553], [728, 553], [728, 674], [704, 674]], '{', 0.15462459927295313), ([[767, 555], [783, 555], [783, 589], [767, 589]], '8', 0.3467313614473291), ([[624, 606], [648, 606], [648, 746], [624, 746]], '8', 0.06040182714883713), ([[651, 627], [667, 627], [667, 659], [651, 659]], '"', 0.20887546591055983), ([[689, 609], [705, 609], [705, 693], [689, 693]], '주', 0.0007474209349357525), ([[725, 553], [745, 553], [745, 723], [725, 723]], "'", 0.1804005879257744), ([[745, 605], [765, 605], [765, 707], [745, 707]], '출', 0.0066499325720870694), ([[766, 590], [784, 590], [784, 738], [766, 738]], "'", 0.1405614164835436), ([[125, 773], [141, 773], [141, 809], [125, 809]], '5', 0.8889278962391387), ([[624, 742], [648, 742], [648, 812], [624, 812]], '{', 0.9198959209047786), ([[642, 603], [690, 603], [690, 866], [642, 866]], '', 0.0), ([[685, 741], [705, 741], [705, 827], [685, 827]], '"', 0.11551350485973799), ([[689, 695], [705, 695], [705, 727], [689, 727]], '"', 0.023263050689693365), ([[705, 669], [725, 669], [725, 789], [705, 789]], '8', 0.004658231389324863), ([[727, 739], [743, 739], [743, 789], [727, 789]], '?', 0.1050425986255874), ([[742, 702], [768, 702], [768, 808], [742, 808]], '듯', 0.31149495412927664), ([[143, 775], [161, 775], [161, 859], [143, 859]], '{', 0.15509263352306846), ([[685, 825], [705, 825], [705, 863], [685, 863]], '{', 0.12930451365410622), ([[12, 886], [36, 886], [36, 924], [12, 924]], '%', 0.15632422913790833), ([[35, 887], [55, 887], [55, 941], [35, 941]], '통', 0.11878052079646295), ([[120, 802], [144, 802], [144, 974], [120, 974]], '[', 0.2022961926926179), ([[141, 855], [161, 855], [161, 905], [141, 905]], '초', 0.049465548965763384), ([[160, 774], [184, 774], [184, 952], [160, 952]], '{', 0.329969949057741), ([[10, 916], [58, 916], [58, 1064], [10, 1064]], '#', 0.4215228158528248), ([[51, 886], [75, 886], [75, 1116], [51, 1116]], '{', 0.2098546188555881), ([[74, 885], [95, 885], [95, 1065], [74, 1065]], '', 0.0), ([[13, 1059], [33, 1059], [33, 1083], [13, 1083]], '+', 0.5985341234388422), ([[32, 1024], [56, 1024], [56, 1150], [32, 1150]], '{', 0.04671746669595578), ([[77, 1077], [95, 1077], [95, 1133], [77, 1133]], '준', 0.0981320447839531), ([[583.3859944401545, 112.0965827644789], [599.6486486486486, 110.10810810810811], [602.6140055598455, 146.9034172355211], [586.3513513513514, 148.8918918918919]], '호', 0.007025973557152343), ([[743.4199852094342, 552.0859511911331], [763.7514102174785, 550.1465214635532], [767.5800147905658, 588.9140488088669], [747.2485897825215, 590.8534785364468]], '$', 0.8060502421728621), ([[718.5984965661037, 825.0100816654631], [779.4006051248099, 842.3190813105159], [721.4015034338963, 1039.989918334537], [660.5993948751901, 1022.6809186894841]], '8', 0.18989178299511877), ([[100.45333558072689, 993.0186994786125], [159.53810441873708, 977.0181177887333], [204.54666441927313, 1154.9813005213875], [146.46189558126292, 1170.9818822112668]], '8', 0.8724749452545097)]
[([[693, 553], [715, 553], [715, 571], [693, 571]], '3', 0.9207319000793746), ([[649.3351366892331, 522.0746014326256], [700.0, 547.0], [687.6648633107669, 571.9253985673744], [637.0, 547.0]], '', 0.0)]
[([[745, 5], [765, 5], [765, 45], [745, 45]], '몇', 0.012478923690437904), ([[171, 33], [191, 33], [191, 69], [171, 69]], '#', 0.7538938966536648), ([[189, 31], [233, 31], [233, 69], [189, 69]], '쓸목', 0.1489378787133506), ([[667, 21], [687, 21], [687, 71], [667, 71]], '소', 0.38470649684683167), ([[766, 4], [790, 4], [790, 88], [766, 88]], '%', 0.01755539912122317), ([[47, 61], [137, 61], [137, 145], [47, 145]], "'중7@%", 0.017499340699843303), ([[149, 31], [174, 31], [174, 138], [149, 138]], '물', 0.6142493902963366), ([[585, 55], [601, 55], [601, 95], [585, 95]], '출', 0.245427372382224), ([[645, 19], [689, 19], [689, 155], [645, 155]], '@', 0.2666278801995112), ([[75, 85], [93, 85], [93, 287], [75, 287]], '{', 0.20461374655519649), ([[110, 119], [135, 119], [135, 204], [110, 204]], '중', 0.20536472495338387), ([[130, 68], [154, 68], [154, 324], [130, 324]], "'", 0.48156626802517977), ([[170, 82], [190, 82], [190, 186], [170, 186]], '{', 0.3441204055113509), ([[190, 64], [210, 64], [210, 254], [190, 254]], '', 0.0), ([[208, 198], [232, 198], [232, 256], [208, 256]], '둘', 0.04548414740043327), ([[213, 69], [231, 69], [231, 201], [213, 201]], '{', 0.2110690599172962), ([[231, 33], [251, 33], [251, 270], [231, 270]], '{', 0.7158576285172593), ([[559, 49], [603, 49], [603, 201], [559, 201]], '$', 0.13229767983308083), ([[713, 0], [794, 0], [794, 304], [713, 304]], '"', 0.25281981555258426), ([[53, 117], [73, 117], [73, 355], [53, 355]], '{', 0.4506162337094253), ([[70, 283], [94, 283], [94, 354], [70, 354]], '틈', 0.14590578484256955), ([[87, 145], [201, 145], [201, 331], [87, 331]], '짜', 0.008845463717868152), ([[39, 411], [59, 411], [59, 449], [39, 449]], '손', 0.1099656428423259), ([[58, 376], [101, 376], [101, 451], [58, 451]], '흙', 0.01056446955060708), ([[13, 405], [105, 405], [105, 539], [13, 539]], '떼', 0.008462711429528869), ([[116, 408], [171, 408], [171, 529], [116, 529]], '향', 0.018158564776840302), ([[19, 511], [39, 511], [39, 549], [19, 549]], '출', 0.2842661649606839), ([[577, 541], [639, 541], [639, 647], [577, 647]], '용', 0.06921826884977023), ([[692, 676], [738, 676], [738, 700], [692, 700]], '붓<', 0.5674716570802111), ([[589, 747], [609, 747], [609, 769], [589, 769]], '뿐', 0.9182388094078675), ([[690, 694], [740, 694], [740, 774], [690, 774]], '꿀', 0.020802157695598567), ([[187, 835], [203, 835], [203, 871], [187, 871]], '@', 0.10757771083105183), ([[586, 764], [610, 764], [610, 804], [586, 804]], '5', 0.17214550097899295), ([[609, 749], [629, 749], [629, 821], [609, 821]], '#', 0.16147107543397343), ([[642, 741], [745, 741], [745, 904], [642, 904]], '뼈', 0.7693300109774306), ([[734, 675], [785, 675], [785, 920], [734, 920]], '"', 0.14690347394196923), ([[11, 853], [31, 853], [31, 925], [11, 925]], '흉', 0.003650374165903872), ([[7, 847], [91, 847], [91, 945], [7, 945]], '타', 0.0422582702916765), ([[45, 871], [85, 871], [85, 959], [45, 959]], '똑', 0.04119832029737669), ([[123, 825], [233, 825], [233, 1041], [123, 1041]], '8', 0.02707432622846917), ([[586, 816], [610, 816], [610, 908], [586, 908]], '통', 0.0042430072200270175), ([[586, 904], [610, 904], [610, 944], [586, 944]], '#', 0.6023639306988606), ([[609, 835], [629, 835], [629, 993], [609, 993]], '{', 0.19686647732477525), ([[631, 751], [651, 751], [651, 1011], [631, 1011]], "'", 0.5237369261531057), ([[690, 857], [718, 857], [718, 916], [690, 916]], '통', 0.3219222413616798), ([[734, 894], [760, 894], [760, 990], [734, 990]], '물', 0.1156403141831106), ([[9, 919], [51, 919], [51, 1057], [9, 1057]], '$', 0.19483392619756845), ([[46, 953], [66, 953], [66, 1055], [46, 1055]], '#', 0.00767210495145193), ([[53, 841], [217, 841], [217, 1117], [53, 1117]], '1', 0.14013467331780305), ([[202, 1006], [226, 1006], [226, 1046], [202, 1046]], '7', 0.11044131964359849), ([[589, 943], [609, 943], [609, 1029], [589, 1029]], '총', 0.02008156734270017), ([[606, 990], [630, 990], [630, 1064], [606, 1064]], '#', 0.035041974739252746), ([[633, 1011], [651, 1011], [651, 1045], [633, 1045]], '국', 0.9888136273765582), ([[648, 850], [672, 850], [672, 1102], [648, 1102]], '{', 0.17461841293115654), ([[668, 886], [692, 886], [692, 1014], [668, 1014]], '{', 0.1343635332497337), ([[11, 1051], [31, 1051], [31, 1091], [11, 1091]], '중', 0.03497171095475338), ([[28, 1034], [52, 1034], [52, 1108], [28, 1108]], '호', 0.06999796182373874), ([[289, 1033], [357, 1033], [357, 1133], [289, 1133]], '낡', 0.10754316919234785), ([[11, 1103], [31, 1103], [31, 1125], [11, 1125]], '+', 0.8011068009516897), ([[128.314855964253, 665.0392468890013], [177.29019620425905, 654.1403589056569], [200.685144035747, 763.9607531109987], [150.70980379574095, 774.8596410943431]], '@', 0.2782929471551121), ([[585.600079976008, 956.0403918824392], [605.510782245674, 954.0663243556625], [611.399920023992, 1008.9596081175608], [590.489217754326, 1010.9336756443375]], '푹', 0.18008576614608618)]
[([[574, 98], [659, 98], [659, 331], [574, 331]], '개', 0.02228050026335282), ([[697, 64], [789, 64], [789, 369], [697, 369]], '[', 0.1228485908919561), ([[0, 419], [43, 419], [43, 433], [0, 433]], "'0세'", 0.10694105178117752), ([[61, 435], [93, 435], [93, 449], [61, 449]], '405', 0.5775692964686875), ([[718, 426], [770, 426], [770, 458], [718, 458]], '(', 0.03622251351735972), ([[55, 457], [87, 457], [87, 471], [55, 471]], '(;}', 0.11261395934000078), ([[710.00992561958, 8.800992561958003], [797.8238430103502, -8.820729354657596], [801.99007438042, 10.199007438041997], [714.1761569896498, 28.820729354657594]], "'3어어>업", 3.326006740836832e-06)]
[([[745, 5], [765, 5], [765, 45], [745, 45]], '뜻', 0.020015628733006885), ([[97, 37], [207, 37], [207, 79], [97, 79]], '허##> #', 0.23993573342123786), ([[519, 27], [539, 27], [539, 63], [519, 63]], '#', 0.9187472123258544), ([[766, 4], [790, 4], [790, 88], [766, 88]], '꽃', 0.024488531875110908), ([[36, 146], [60, 146], [60, 224], [36, 224]], '출', 0.45758639565782744), ([[96, 74], [122, 74], [122, 202], [96, 202]], '#', 0.03575767058606871), ([[116, 52], [190, 52], [190, 264], [116, 264]], '#', 0.6442208607981605), ([[299, 3], [342, 3], [342, 144], [299, 144]], '@', 0.3504246310190098), ([[505, 17], [713, 17], [713, 197], [505, 197]], '0', 0.7995266401911891), ([[718, 2], [769, 2], [769, 301], [718, 301]], '', 0.0), ([[78, 147], [102, 147], [102, 259], [78, 259]], '푹', 0.005810727328168008), ([[98, 202], [122, 202], [122, 244], [98, 244]], '틈', 0.04273805407007303), ([[143, 185], [163, 185], [163, 241], [143, 241]], '표', 0.1302859732601327), ([[184, 73], [208, 73], [208, 329], [184, 329]], ';', 0.07731894868186462), ([[612, 178], [660, 178], [660, 256], [612, 256]], '수문', 0.013424598379033663), ([[652, 146], [700, 146], [700, 256], [652, 256]], '#', 0.45787908239987374), ([[766, 94], [790, 94], [790, 298], [766, 298]], '{', 0.10441057761767425), ([[721, 241], [745, 241], [745, 261], [721, 261]], '1:', 0.2616031548317317), ([[10, 141], [84, 141], [84, 430], [10, 430]], '#', 0.6149468500268576), ([[78, 272], [102, 272], [102, 352], [78, 352]], '흙', 0.42038717075002197), ([[96, 256], [144, 256], [144, 330], [96, 330]], '손출', 0.06493442467741317), ([[138, 238], [168, 238], [168, 372], [138, 372]], '탑', 0.04766653610466798), ([[162, 238], [186, 238], [186, 334], [162, 334]], '품', 0.4492746119658477), ([[17, 401], [37, 401], [37, 423], [17, 423]], '*', 0.6725612881094243), ([[554, 627], [614, 627], [614, 782], [554, 782]], '%', 0.055781727951259796), ([[688, 698], [788, 698], [788, 822], [688, 822]], '[', 0.007356062795800478), ([[578, 814], [602, 814], [602, 852], [578, 852]], "'", 0.722311582930061), ([[670, 755], [766, 755], [766, 874], [670, 874]], '입', 0.013581825105379863), ([[3, 841], [101, 841], [101, 903], [3, 903]], '@조표터', 0.017256898805499077), ([[578, 866], [602, 866], [602, 900], [578, 900]], '북', 0.06435839149013223), ([[593, 809], [683, 809], [683, 943], [593, 943]], '뼈', 0.064646239888134), ([[676, 863], [700, 863], [700, 920], [676, 920]], '물', 0.40529805879319625), ([[716, 706], [740, 706], [740, 1008], [716, 1008]], "'", 0.16103548151665237), ([[736, 844], [760, 844], [760, 934], [736, 934]], '$', 0.010051272201370642), ([[5, 875], [63, 875], [63, 917], [5, 917]], '#포날', 0.1204825324531973), ([[153, 769], [227, 769], [227, 1023], [153, 1023]], '#', 0.1318520362556228), ([[599, 899], [619, 899], [619, 951], [599, 951]], '>', 0.32044444522307813), ([[759, 827], [779, 827], [779, 971], [759, 971]], '[', 0.13472484345309343), ([[3, 909], [67, 909], [67, 1051], [3, 1051]], '뼈', 0.04177808198345989), ([[59, 859], [101, 859], [101, 1127], [59, 1127]], '', 0.0), ([[574, 895], [602, 895], [602, 1082], [574, 1082]], '[', 0.023544848366271687), ([[599, 983], [619, 983], [619, 1017], [599, 1017]], "'", 0.787509705088624), ([[601, 947], [641, 947], [641, 985], [601, 985]], '축7', 0.30929843064309703), ([[621, 985], [637, 985], [637, 1033], [621, 1033]], '후', 0.11624455346021989), ([[629, 893], [704, 893], [704, 1088], [629, 1088]], '{', 0.09467326113901109), ([[696, 844], [720, 844], [720, 1048], [696, 1048]], '!', 0.11040410309576121), ([[741, 933], [759, 933], [759, 985], [741, 985]], '소', 0.04594709793325458), ([[7, 1043], [27, 1043], [27, 1095], [7, 1095]], '푹', 0.039133091530383135), ([[23, 975], [65, 975], [65, 1117], [23, 1117]], '#', 0.6681757582115644), ([[590, 1008], [686, 1008], [686, 1108], [590, 1108]], '@?', 0.16287016405103236), ([[637, 1083], [659, 1083], [659, 1103], [637, 1103]], '+:', 0.2704323953502245), ([[9, 1095], [25, 1095], [25, 1117], [9, 1117]], '+-', 0.24470541554891717), ([[79, 1093], [99, 1093], [99, 1119], [79, 1119]], '#', 0.1587525838986359), ([[23, 1111], [45, 1111], [45, 1131], [23, 1131]], '1', 0.943633636778177), ([[617.3859944401545, 32.096582764478896], [633.5996531934808, 30.09201256619749], [637.6140055598455, 66.9034172355211], [621.4003468065192, 68.90798743380252]], '숲', 0.019938295947735662), ([[57.45055774420524, 148.07695210471834], [77.75911271251262, 146.14966276325052], [81.54944225579476, 186.92304789528166], [60.24088728748739, 188.85033723674948]], '축', 0.8527554864713238), ([[102.51159033781546, 421.0132622158046], [169.83217332696893, 428.8566316801911], [148.48840966218452, 622.9867377841954], [82.16782667303109, 615.1433683198089]], '꿀', 0.02736282847280691), ([[109.75329522973246, 807.0050740824988], [157.44932760079732, 802.0168482630672], [184.24670477026754, 1061.9949259175012], [137.55067239920268, 1066.9831517369328]], '{', 0.06355595310536533), ([[263.10446652881103, 1064.04466528811], [582.9544917434953, 1106.0960765432433], [567.895533471189, 1181.95533471189], [248.04550825650472, 1139.9039234567567]], '욕980', 0.008517074398696423)]
[([[693, 5], [793, 5], [793, 49], [693, 49]], '축륭##규', 0.0338533087428811), ([[513, 35], [547, 35], [547, 53], [513, 53]], '0) +', 0.9693810799892615), ([[281, 33], [307, 33], [307, 88], [281, 88]], '숫', 0.22918899782234803), ([[613, 27], [637, 27], [637, 80], [613, 80]], '국', 0.7191150018120993), ([[755, 45], [771, 45], [771, 77], [755, 77]], '{', 0.633403468966435), ([[771, 45], [789, 45], [789, 79], [771, 79]], ';', 0.1086771096586725), ([[12, 35], [64, 35], [64, 180], [12, 180]], '지', 0.023574312057885516), ([[68, 38], [92, 38], [92, 296], [68, 296]], '1', 0.2534462148701664), ([[96, 110], [116, 110], [116, 179], [96, 179]], '{', 0.03349236993779314), ([[115, 111], [153, 111], [153, 131], [115, 131]], '# 그', 0.12174930421226426), ([[146, 30], [220, 30], [220, 228], [146, 228]], "'", 0.2729212126443059), ([[210, 34], [234, 34], [234, 190], [210, 190]], '}', 0.012606012890937157), ([[227, 29], [312, 29], [312, 281], [227, 281]], ':', 0.04875044106040982), ([[524, 45], [569, 45], [569, 161], [524, 161]], '@', 0.13734008573628476), ([[591, 25], [635, 25], [635, 165], [591, 165]], '#', 0.4139024502510438), ([[624, 18], [744, 18], [744, 287], [624, 287]], '1', 0.3593835991937908), ([[730, 44], [756, 44], [756, 180], [730, 180]], '{', 0.11237347350976279), ([[752, 76], [770, 76], [770, 212], [752, 212]], '', 0.0), ([[771, 91], [789, 91], [789, 177], [771, 177]], '중', 0.03369800417912239), ([[16, 172], [40, 172], [40, 210], [16, 210]], '0', 0.04912022990116416), ([[31, 169], [121, 169], [121, 319], [31, 319]], '무', 0.014591920808460168), ([[109, 124], [157, 124], [157, 383], [109, 383]], '1', 0.021936612501385122), ([[157, 195], [175, 195], [175, 229], [157, 229]], '3', 0.21879194251309375), ([[169, 183], [237, 183], [237, 303], [169, 303]], '{', 0.03841061838306814), ([[285, 237], [303, 237], [303, 273], [285, 273]], '7', 0.4955141169308632), ([[544, 155], [620, 155], [620, 312], [544, 312]], '8', 0.03752953913865853), ([[615, 179], [633, 179], [633, 231], [615, 231]], '쪽', 0.20480821366342017), ([[630, 176], [656, 176], [656, 284], [630, 284]], '흙', 0.010665294949149029), ([[719, 197], [735, 197], [735, 267], [719, 267]], '{', 0.9093453234022633), ([[733, 191], [753, 191], [753, 311], [733, 311]], '{', 0.10501733216210596), ([[751, 207], [771, 207], [771, 245], [751, 245]], '#', 0.004299320916084648), ([[751, 241], [771, 241], [771, 279], [751, 279]], '@', 0.27433273863393026), ([[766, 174], [790, 174], [790, 280], [766, 280]], '푹', 0.1063487074938827), ([[697, 275], [719, 275], [719, 295], [697, 295]], '13', 0.1068990538841841), ([[148, 223], [199, 223], [199, 384], [148, 384]], '#', 0.38920390450258324), ([[155, 365], [173, 365], [173, 415], [155, 415]], "'", 0.8282353283853041), ([[44, 637], [95, 637], [95, 754], [44, 754]], '탑', 0.05774843697363452), ([[561, 622], [638, 622], [638, 775], [561, 775]], '양', 0.21651087908026412), ([[703, 767], [715, 767], [715, 795], [703, 795]], '논', 0.018949499323525965), ([[29, 867], [49, 867], [49, 907], [29, 907]], '#', 0.1643086463901433), ([[150, 739], [246, 739], [246, 956], [150, 956]], '#', 0.8063679279985401), ([[597, 855], [615, 855], [615, 905], [597, 905]], '북', 0.036726348237554385), ([[670, 746], [799, 746], [799, 938], [670, 938]], '때', 0.7861918160641359), ([[29, 901], [49, 901], [49, 957], [29, 957]], '돌', 0.014458348109071262), ([[41, 860], [144, 860], [144, 1018], [41, 1018]], '매', 0.01465557383659033), ([[136, 876], [184, 876], [184, 984], [136, 984]], '8?', 0.1871937679878296), ([[181, 947], [199, 947], [199, 969], [181, 969]], '[', 0.027586070147723518), ([[201, 901], [221, 901], [221, 953], [201, 953]], '독', 0.06960620922868443), ([[219, 879], [239, 879], [239, 1019], [219, 1019]], ':', 0.07307955600435978), ([[574, 819], [594, 819], [594, 1067], [574, 1067]], '{', 0.20813807613297186), ([[595, 937], [615, 937], [615, 975], [595, 975]], '품', 0.2087453556897323), ([[595, 903], [615, 903], [615, 989], [595, 989]], '롬', 0.017248366925697534), ([[609, 817], [678, 817], [678, 1049], [609, 1049]], '"', 0.15460027165046597), ([[681, 943], [697, 943], [697, 995], [681, 995]], '속', 0.3425468888089114), ([[721, 893], [739, 893], [739, 977], [721, 977]], '#', 0.002991966333985241), ([[735, 855], [795, 855], [795, 999], [735, 999]], '"', 0.19619217093282604), ([[7, 881], [51, 881], [51, 1129], [7, 1129]], '(', 0.032165696869128846), ([[49, 1002], [92, 1002], [92, 1095], [49, 1095]], '전탑', 0.012266660822301366), ([[134, 942], [160, 942], [160, 1104], [134, 1104]], ';', 0.02241581461568387), ([[181, 969], [197, 969], [197, 1003], [181, 1003]], ";'", 0.031228338184956184), ([[196, 964], [222, 964], [222, 1038], [196, 1038]], '출', 0.5933661777005597), ([[595, 987], [615, 987], [615, 1071], [595, 1071]], '물', 0.22122272799922715), ([[698, 924], [722, 924], [722, 1048], [698, 1048]], '$', 0.01616799005802272), ([[593, 1069], [613, 1069], [613, 1091], [593, 1091]], '+', 0.8876169659973954), ([[608, 1031], [680, 1031], [680, 1146], [608, 1146]], '8', 0.004248760195069201), ([[48.53743707919828, 434.0152998958939], [99.81788873297178, 424.04794576973984], [129.46256292080173, 598.9847001041061], [78.18211126702822, 607.9520542302602]], '', 0.0), ([[595.3480186333612, 822.1092540367474], [612.6156405708293, 819.0971109628912], [617.6519813666388, 854.8907459632526], [600.3843594291707, 856.9028890371088]], '북', 0.2463838747787941), ([[635.3480186333612, 822.1092540367474], [650.5800147905658, 820.0859511911331], [655.6519813666388, 854.8907459632526], [639.4199852094342, 856.9140488088669]], '5', 0.36291147489538744), ([[159.3480186333612, 900.1092540367474], [177.73304903676498, 898.1391832143659], [181.6519813666388, 932.8907459632526], [163.26695096323502, 934.8608167856341]], '#', 0.36674738869468015), ([[264.09939121718196, 1004.0312335274201], [456.7231192557388, 1064.3312481561134], [418.90060878281804, 1173.9687664725798], [226.2768807442612, 1112.6687518438866]], '려*@엎트', 0.001692032451940143)]
[([[741, 11], [761, 11], [761, 33], [741, 33]], '+', 0.18408627956290857), ([[717, 31], [739, 31], [739, 51], [717, 51]], '1)', 0.25364074262738134), ([[184, 28], [208, 28], [208, 184], [184, 184]], '{', 0.008391127984541669), ([[209, 59], [225, 59], [225, 99], [209, 99]], '향', 0.038891842465061055), ([[546, 26], [570, 26], [570, 98], [546, 98]], '호', 0.02359287526618936), ([[563, 25], [614, 25], [614, 160], [563, 160]], '#', 0.08939222890099874), ([[644, 6], [722, 6], [722, 237], [644, 237]], '#', 0.49073458764397415), ([[694, 138], [718, 138], [718, 180], [694, 180]], '#', 0.9571535289576651), ([[719, 49], [739, 49], [739, 141], [719, 141]], '8', 0.042279482579946404), ([[736, 9], [789, 9], [789, 236], [736, 236]], '"', 0.5021783922160381), ([[43, 193], [63, 193], [63, 231], [43, 231]], '논', 0.195567097096788), ([[62, 192], [106, 192], [106, 216], [62, 216]], '그+', 0.9893087356957095), ([[716, 138], [740, 138], [740, 216], [716, 216]], '춤', 0.017431439622433098), ([[32, 186], [134, 186], [134, 406], [32, 406]], '#', 0.0055743519325170965), ([[699, 629], [747, 629], [747, 673], [699, 673]], '#쇼', 0.607984455913233), ([[135, 775], [205, 775], [205, 839], [135, 839]], '킬로병', 0.0036713406812850604), ([[199, 779], [221, 779], [221, 799], [199, 799]], '쥐', 0.47812783073494813), ([[681, 667], [701, 667], [701, 779], [681, 779]], '?', 0.005705069032404586), ([[696, 626], [770, 626], [770, 856], [696, 856]], '#', 0.9689349988186677), ([[157, 813], [203, 813], [203, 855], [157, 855]], '손표', 0.059362649993632055), ([[488, 828], [554, 828], [554, 854], [488, 854]], '쫓다 -', 0.1374714958344105), ([[628, 748], [708, 748], [708, 926], [628, 926]], '#', 0.023253787844979), ([[700, 848], [724, 848], [724, 888], [700, 888]], '0', 0.5649201619999076), ([[720, 812], [744, 812], [744, 854], [720, 854]], '손', 0.17492565388751302), ([[724, 848], [766, 848], [766, 872], [724, 872]], '루 쇼', 0.015008934364411463), ([[14, 842], [38, 842], [38, 1076], [14, 1076]], '1', 0.40065710179968406), ([[36, 843], [57, 843], [57, 1001], [36, 1001]], '{', 0.2921124642217734), ([[52, 842], [100, 842], [100, 1006], [52, 1006]], '$', 0.03650807719632909), ([[92, 826], [164, 826], [164, 954], [92, 954]], '섭', 0.003530863550445018), ([[154, 792], [226, 792], [226, 1072], [154, 1072]], '{', 0.2570794917098205), ([[482, 824], [582, 824], [582, 1022], [482, 1022]], '8', 0.004182898454928363), ([[654, 916], [678, 916], [678, 940], [654, 940]], '쇼', 0.01553805009218423), ([[35, 999], [55, 999], [55, 1021], [35, 1021]], '7', 0.08694962868185385), ([[52, 994], [100, 994], [100, 1058], [52, 1058]], '#%', 0.03211934228812788), ([[92, 906], [164, 906], [164, 1130], [92, 1130]], '#', 0.8650011248105081), ([[530, 992], [576, 992], [576, 1016], [530, 1016]], '1-9', 0.09276613523660834), ([[30, 1022], [102, 1022], [102, 1146], [30, 1146]], '#', 0.015828455381531548), ([[117, 1069], [137, 1069], [137, 1107], [117, 1107]], '쇼', 0.09004510967783119), ([[46.5527919255533, 538.0111177036214], [111.50569334705469, 523.0142182177206], [162.4472080744467, 756.9888822963786], [97.49430665294531, 771.9857817822794]], '{', 0.0712983525229669), ([[679.4505577442053, 630.0769521047183], [699.7179581586178, 628.1333087875939], [703.5494422557947, 668.9230478952817], [683.2820418413822, 670.8666912124061]], '5', 0.6747047925359517)]
[([[717, 15], [737, 15], [737, 37], [717, 37]], '기름', 0.26481457790551116), ([[607, 25], [621, 25], [621, 55], [607, 55]], '"', 0.06447882666629212), ([[234, 38], [258, 38], [258, 140], [234, 140]], '"', 0.8649568877991101), ([[563, 19], [605, 19], [605, 149], [563, 149]], '#', 0.027975396205065728), ([[605, 67], [621, 67], [621, 115], [605, 115]], '출', 0.8619852918343582), ([[717, 51], [737, 51], [737, 109], [717, 109]], '둘', 0.13766865914190962), ([[114, 85], [266, 85], [266, 236], [114, 236]], '떼', 0.08579431836296525), ([[254, 38], [278, 38], [278, 224], [254, 224]], '', 0.0), ([[668, 10], [718, 10], [718, 274], [668, 274]], '#', 0.06265814162435746), ([[719, 109], [737, 109], [737, 179], [719, 179]], "'", 0.006626953375175271), ([[733, 11], [785, 11], [785, 273], [733, 273]], '"', 0.9095577990621884), ([[122, 184], [170, 184], [170, 304], [122, 304]], '@', 0.10063214135021781), ([[166, 168], [192, 168], [192, 300], [166, 300]], '}', 0.0860702810182099), ([[187, 149], [211, 149], [211, 373], [187, 373]], "'", 0.12567231769077125), ([[207, 223], [235, 223], [235, 316], [207, 316]], '푹', 0.014258949344076122), ([[669, 251], [719, 251], [719, 293], [669, 293]], '쇼+', 0.029228773424407224), ([[716, 176], [740, 176], [740, 272], [716, 272]], '꿀', 0.0019423857046137055), ([[146, 258], [170, 258], [170, 354], [146, 354]], '호', 0.04023520612305731), ([[169, 297], [189, 297], [189, 335], [169, 335]], '2', 0.9666512073239488), ([[211, 315], [231, 315], [231, 355], [211, 355]], ';', 0.22734943237133454), ([[22, 333], [96, 333], [96, 472], [22, 472]], '떼', 0.1800508619339789), ([[24, 442], [98, 442], [98, 568], [24, 568]], '색', 0.01019507029922928), ([[593, 429], [655, 429], [655, 585], [593, 585]], '#', 0.6363451453212434), ([[755, 523], [769, 523], [769, 545], [755, 545]], '존', 0.06789611380774918), ([[751, 549], [771, 549], [771, 585], [751, 585]], '숲', 0.3218245130324817), ([[75, 589], [159, 589], [159, 772], [75, 772]], '꿀', 0.028709681737382198), ([[193, 695], [213, 695], [213, 769], [193, 769]], '북', 0.054174268224195465), ([[599, 705], [643, 705], [643, 767], [599, 767]], '#홀', 0.05046385028792893), ([[645, 711], [661, 711], [661, 765], [645, 765]], '5', 0.7570629487467819), ([[683, 657], [732, 657], [732, 863], [683, 863]], '"', 0.060718114442587456), ([[29, 903], [49, 903], [49, 925], [29, 925]], '쇼', 0.22301512216407193), ([[165, 689], [238, 689], [238, 912], [165, 912]], '#', 0.0036559424123865925), ([[217, 869], [231, 869], [231, 891], [217, 891]], '푹', 0.005266584928187934), ([[592, 756], [668, 756], [668, 968], [592, 968]], '#', 0.2101924334456271), ([[660, 706], [684, 706], [684, 984], [660, 984]], '{', 0.1888843576171304), ([[29, 921], [49, 921], [49, 957], [29, 957]], '#', 0.689471094757721), ([[73, 905], [91, 905], [91, 939], [73, 939]], '5', 0.3934580606165241), ([[85, 899], [112, 899], [112, 976], [85, 976]], '통', 0.38023985612893796), ([[29, 955], [49, 955], [49, 989], [29, 989]], '호', 0.026387746670888612), ([[51, 905], [69, 905], [69, 1011], [51, 1011]], '{', 0.2972042298959856), ([[108, 902], [134, 902], [134, 1046], [108, 1046]], '8', 0.5758491285459968), ([[618, 928], [642, 928], [642, 996], [618, 996]], '호', 0.8157446695631734), ([[24, 963], [96, 963], [96, 1102], [24, 1102]], '해', 0.1135729654834714), ([[88, 1004], [112, 1004], [112, 1044], [88, 1044]], "'", 0.7375866738091332), ([[88, 1058], [112, 1058], [112, 1096], [88, 1096]], '#', 0.04379619705457416), ([[145.37982632705396, 911.0386106164317], [185.47404546314, 899.0225226370302], [214.62017367294604, 1000.9613893835683], [174.52595453686, 1013.9774773629698]], '총', 0.19774706595541147)]
[([[194, 38], [280, 38], [280, 62], [194, 62]], '빛 # # <', 0.12229789583260252), ([[221, 61], [259, 61], [259, 77], [221, 77]], '그  )', 0.030539137801555417), ([[278, 40], [302, 40], [302, 94], [278, 94]], '쇼', 0.16646146463978084), ([[551, 61], [571, 61], [571, 103], [551, 103]], '출', 0.2931135893861416), ([[626, 26], [650, 26], [650, 94], [626, 94]], '휴', 0.14969662026438701), ([[723, 13], [743, 13], [743, 123], [723, 123]], '}', 0.015206019358171619), ([[110, 108], [158, 108], [158, 222], [110, 222]], '%', 0.037065754894875846), ([[157, 111], [197, 111], [197, 221], [157, 221]], '$', 0.15369719544949945), ([[194, 74], [218, 74], [218, 220], [194, 220]], '[', 0.11489034052944991), ([[208, 50], [308, 50], [308, 286], [208, 286]], '#', 0.15050055712969002), ([[516, 12], [690, 12], [690, 244], [516, 244]], '0', 0.051233159764976444), ([[720, 120], [744, 120], [744, 198], [720, 198]], '흉', 0.012244104123705635), ([[742, 8], [792, 8], [792, 306], [742, 306]], '', 0.0), ([[36, 244], [60, 244], [60, 270], [36, 270]], '"롯', 0.024122332803305602), ([[159, 199], [175, 199], [175, 253], [159, 253]], '5', 0.06971927417858215), ([[720, 192], [744, 192], [744, 252], [720, 252]], '총', 0.1777759994311623), ([[766, 172], [790, 172], [790, 286], [766, 286]], '물', 0.6326465952679996), ([[58, 282], [82, 282], [82, 324], [58, 324]], '손', 0.17406205606398917), ([[78, 242], [126, 242], [126, 324], [78, 324]], '흙', 0.3522893930605733), ([[128, 174], [202, 174], [202, 376], [128, 376]], '다', 0.0037170343920481935), ([[30, 274], [130, 274], [130, 420], [30, 420]], '무', 0.004473520764097794), ([[36, 376], [60, 376], [60, 432], [36, 432]], '출', 0.10825833336026847), ([[575, 566], [647, 566], [647, 728], [575, 728]], '댐', 0.013229317475014435), ([[757, 707], [777, 707], [777, 745], [757, 745]], '봉', 0.012004731889103448), ([[712, 702], [760, 702], [760, 822], [712, 822]], '$', 0.004558596255857028), ([[589, 761], [609, 761], [609, 835], [589, 835]], '축', 0.11005521872366675), ([[609, 797], [629, 797], [629, 835], [609, 835]], '딱', 0.21387400316543737), ([[648, 760], [672, 760], [672, 854], [648, 854]], '품', 0.08515433186254118), ([[686, 698], [784, 698], [784, 916], [686, 916]], '#', 0.09223530110782363), ([[14, 874], [56, 874], [56, 898], [14, 898]], '# 보', 0.3542489814411043), ([[32, 872], [80, 872], [80, 934], [32, 934]], '봉불', 0.09335212175864818), ([[196, 872], [220, 872], [220, 998], [196, 998]], '?', 0.020515492014683057), ([[589, 833], [609, 833], [609, 919], [589, 919]], '#', 0.050909307188441666), ([[624, 756], [696, 756], [696, 1048], [624, 1048]], '"', 0.7687981006128872), ([[712, 814], [736, 814], [736, 944], [712, 944]], '{', 0.1784725185118532), ([[0, 860], [192, 860], [192, 1138], [0, 1138]], '떼', 0.0018511629684230813), ([[172, 868], [244, 868], [244, 1124], [172, 1124]], '#', 0.8354941272023666), ([[586, 915], [612, 915], [612, 1060], [586, 1060]], '{', 0.15079022277632603), ([[603, 844], [676, 844], [676, 1084], [603, 1084]], '"', 0.10903736495316707), ([[589, 1057], [609, 1057], [609, 1091], [589, 1091]], '5', 0.45278641680653564), ([[118.48196957870272, 706.0269079555461], [159.65227256285695, 697.0427285222872], [183.51803042129728, 811.9730920444539], [143.34772743714305, 820.9572714777128]], '탑', 0.04704394484612018), ([[381.7658849878406, 995.0545003625986], [455.57095317320034, 929.0116472565919], [620.2341150121595, 1135.9454996374013], [547.4290468267997, 1201.988352743408]], '줄', 0.028596105676727213)]
[([[141, 31], [214, 31], [214, 134], [141, 134]], '물무', 0.05189895910406274), ([[556, 20], [580, 20], [580, 108], [556, 108]], '통', 0.26703460553841296), ([[566, 13], [707, 13], [707, 168], [566, 168]], '(', 0.012788623722892967), ([[766, 2], [790, 2], [790, 82], [766, 82]], '물', 0.028053386126529967), ([[60, 150], [84, 150], [84, 290], [60, 290]], '{', 0.04825412883474045), ([[74, 144], [176, 144], [176, 274], [74, 274]], '뼈오', 0.029741435572349203), ([[149, 143], [167, 143], [167, 181], [149, 181]], '둘', 0.19976330662304065), ([[161, 104], [211, 104], [211, 306], [161, 306]], '#', 0.4766380925032401), ([[204, 34], [254, 34], [254, 324], [204, 324]], '"', 0.7145259749506749), ([[557, 103], [577, 103], [577, 173], [557, 173]], '틈', 0.02860659926733433), ([[718, 2], [769, 2], [769, 299], [718, 299]], '"', 0.06279925976294809), ([[766, 92], [790, 92], [790, 296], [766, 296]], '{', 0.05934641756640624), ([[76, 148], [148, 148], [148, 384], [76, 384]], '{', 0.18806257282848549), ([[146, 280], [170, 280], [170, 338], [146, 338]], '높', 0.17716026134735685), ([[186, 228], [210, 228], [210, 322], [186, 322]], '둘', 0.006863366025193551), ([[722, 238], [746, 238], [746, 262], [722, 262]], '75', 0.04602508451065052), ([[42, 322], [80, 322], [80, 346], [42, 346]], '농표', 0.0922186839473681), ([[18, 320], [63, 320], [63, 461], [18, 461]], '#', 0.7816720519069555), ([[63, 357], [79, 357], [79, 391], [63, 391]], '습', 0.02698381489932533), ([[62, 478], [136, 478], [136, 663], [62, 663]], '못', 0.005216140237883027), ([[549, 629], [622, 629], [622, 794], [549, 794]], '꿀', 0.01795203555677305), ([[708, 678], [777, 678], [777, 743], [708, 743]], '도쪽%', 0.0016608711728582691), ([[731, 735], [751, 735], [751, 757], [731, 757]], '1+', 0.8348114261194896), ([[117, 789], [159, 789], [159, 831], [117, 831]], '#욕', 0.18966686308636596), ([[179, 793], [197, 793], [197, 827], [179, 827]], '#', 0.8322523392437233), ([[659, 673], [782, 673], [782, 920], [659, 920]], '#', 0.008327837051792797), ([[10, 842], [58, 842], [58, 954], [10, 954]], '@', 0.0053252291608756885), ([[52, 842], [76, 842], [76, 1004], [52, 1004]], '{', 0.02552926607568029), ([[75, 847], [95, 847], [95, 883], [75, 883]], '밟', 0.012905835345844496), ([[113, 819], [203, 819], [203, 993], [113, 993]], '자', 0.0020718275899494487), ([[196, 826], [220, 826], [220, 1036], [196, 1036]], '{', 0.47181714347974335), ([[688, 854], [712, 854], [712, 948], [688, 948]], '좀', 0.018191912655831866), ([[13, 915], [57, 915], [57, 1147], [13, 1147]], '1', 0.022106899353790732), ([[52, 1000], [76, 1000], [76, 1076], [52, 1076]], '출', 0.11427184365722098), ([[71, 878], [95, 878], [95, 1110], [71, 1110]], '', 0.0), ([[118, 964], [142, 964], [142, 1034], [118, 1034]], '물', 0.14178457499612307), ([[154, 910], [180, 910], [180, 1054], [154, 1054]], '{', 0.2262631774158308), ([[157, 1051], [177, 1051], [177, 1073], [157, 1073]], '7', 0.0844882909303104), ([[175, 979], [200, 979], [200, 1054], [175, 1054]], '중', 0.11160903535086675), ([[624, 872], [686, 872], [686, 1044], [624, 1044]], '톱', 0.03506800488930484), ([[740, 1028], [764, 1028], [764, 1054], [740, 1054]], '%', 0.05410746856346926), ([[754, 996], [785, 996], [785, 1073], [754, 1073]], '력', 0.01650977990948732), ([[174, 1050], [198, 1050], [198, 1086], [174, 1086]], '*', 0.5361685528161075), ([[293.5630697925246, 275.02393511197374], [326.70181305751316, 270.06204895506505], [341.4369302074754, 373.97606488802626], [307.29818694248684, 378.93795104493495]], '?', 0.0878198264517529), ([[195.45055774420524, 788.0769521047183], [215.71795815861773, 786.1333087875939], [219.54944225579476, 826.9230478952817], [199.28204184138227, 828.8666912124061]], '#', 0.11843756561831587), ([[264.2471810614444, 987.0189031227433], [562.9910339147102, 1095.481442223076], [513.7528189385556, 1215.9810968772567], [215.00896608528979, 1107.518557776924]], '교시4', 4.125356805134301e-05)]
[([[1229, 703], [1504, 703], [1504, 806], [1229, 806]], '(팔 ', 0.02716123097160573), ([[1337.350005299984, 773.7600084799745], [1414.7134422208753, 755.6518143910141], [1422.649994700016, 798.2399915200255], [1346.2865577791247, 817.3481856089859]], '205', 0.21104507776341455)]
[([[259, 177], [325, 177], [325, 197], [259, 197]], '(-설 ?)', 0.07397021906588519)]
[([[138, 168], [184, 168], [184, 192], [138, 192]], '-극리', 0.002261281202861165), ([[61.65835921350013, 498.31671842700024], [130.93128488732825, 457.70432173770416], [143.34164078649988, 483.68328157299976], [74.06871511267177, 525.2956782622958]], '꼴-묘토', 0.009715591557323933)]
[]
[]
[]
[]
[([[54, 18], [80, 18], [80, 60], [54, 60]], '뿐', 0.9310117980930954), ([[317, 15], [385, 15], [385, 81], [317, 81]], "'멸출용'", 0.0343108537267552), ([[57, 57], [77, 57], [77, 79], [57, 79]], '+', 0.26404479698684113), ([[10, 14], [60, 14], [60, 216], [10, 216]], '#', 0.9263444755839032), ([[57, 77], [79, 77], [79, 97], [57, 97]], "'", 0.36626407315374365), ([[57, 95], [77, 95], [77, 155], [57, 155]], '#', 0.8879282074897823), ([[76, 18], [100, 18], [100, 154], [76, 154]], '{', 0.025880470786427745), ([[319, 89], [344, 89], [344, 178], [319, 178]], '%', 0.07200950198904454), ([[339, 59], [383, 59], [383, 191], [339, 191]], '#', 0.37317920181800446), ([[396, 12], [422, 12], [422, 198], [396, 198]], "'", 0.4376711748702746), ([[79, 151], [99, 151], [99, 191], [79, 191]], ';', 0.16151019012969314), ([[57, 153], [77, 153], [77, 231], [57, 231]], '둘', 0.2223864022211055), ([[320, 172], [384, 172], [384, 226], [320, 226]], ';튼#', 0.034215162217097514)]
[([[414, 20], [466, 20], [466, 46], [414, 46]], '보모', 0.20853449451302722), ([[26, 30], [56, 30], [56, 104], [26, 104]], '속', 0.6106479453149092), ([[55, 23], [91, 23], [91, 135], [55, 135]], '3', 0.28986255197891353), ([[229, 9], [313, 9], [313, 153], [229, 153]], '8명', 0.01931592511752263), ([[362, 16], [418, 16], [418, 140], [362, 140]], '8', 0.24605241603561367), ([[412, 40], [470, 40], [470, 94], [412, 94]], '출다', 0.011671895697252988), ([[388, 88], [466, 88], [466, 116], [388, 116]], '+ 남 스', 0.025690981044486638), ([[23, 105], [61, 105], [61, 163], [23, 163]], "9'", 0.5941625996142347), ([[388, 106], [442, 106], [442, 228], [388, 228]], ' ', 0.018028956430492293), ([[258, 482], [332, 482], [332, 572], [258, 572]], '계9', 0.021818351024351118), ([[47.41440553737805, 496.1819438107256], [92.65136714560123, 464.03037154206686], [148.58559446262194, 552.8180561892743], [103.34863285439877, 584.9696284579331]], '%', 0.0396194350225052)]
[([[53, 37], [69, 37], [69, 59], [53, 59]], "'", 0.17196034619093226), ([[17, 29], [103, 29], [103, 207], [17, 207]], '#', 0.16178000206201748), ([[366, 12], [560, 12], [560, 222], [366, 222]], '예때]', 0.0034500567687592893), ([[48, 218], [72, 218], [72, 266], [48, 266]], '춤', 0.16758782718331222), ([[70, 178], [98, 178], [98, 266], [70, 266]], '8', 0.06646963630088099), ([[446, 160], [472, 160], [472, 316], [446, 316]], '?', 0.11017314041073067), ([[144.29683744606538, 180.06228969796607], [190.94557569532859, 216.34240405077858], [169.70316255393462, 243.93771030203393], [123.05442430467143, 207.65759594922142]], '스', 0.25524881023571666), ([[476.54697301067944, 202.05198394592162], [498.0159700398886, 204.2772681932324], [493.45302698932056, 248.94801605407838], [472.9840299601114, 246.7227318067676]], '군', 0.7703975225155411), ([[293.4002652655213, 617.5006631638032], [334.7815986162718, 585.0437723151811], [384.5997347344787, 655.4993368361968], [343.2184013837282, 687.9562276848189]], '콩', 0.32312459854040654)]
[([[305, 23], [325, 23], [325, 59], [305, 59]], '7', 0.1768019625550119), ([[358, 24], [402, 24], [402, 48], [358, 48]], '군', 0.20496445291727028), ([[50, 24], [82, 24], [82, 118], [50, 118]], '/', 0.00637009174797587), ([[423, 25], [448, 25], [448, 106], [423, 106]], '{', 0.012518512483030486), ([[349, 18], [452, 18], [452, 250], [349, 250]], '#', 0.422392580185317), ([[36, 164], [68, 164], [68, 308], [36, 308]], '8', 0.006703284455221115), ([[395.3824924789056, 300.0479518649956], [426.5428290114444, 307.9122790575318], [409.6175075210944, 371.9520481350044], [379.4571709885556, 365.0877209424682]], '0', 0.9999407538606455)]
[([[1232, 737], [1334, 737], [1334, 803], [1232, 803]], '0:', 0.06942339733297721), ([[1417, 737], [1501, 737], [1501, 797], [1417, 797]], '038', 0.32398861314089483), ([[1306.6837947269396, 698.2719378531464], [1428.7768101585596, 670.6464400407119], [1443.3162052730604, 759.7280621468536], [1321.2231898414404, 787.3535599592881]], '{7`', 0.0631534607853473), ([[1338.0938090314046, 774.9313326439664], [1413.6573370580218, 755.5906179967594], [1422.9061909685954, 797.0686673560336], [1347.3426629419782, 817.4093820032406]], "'", 0.17144271921337406)]
[([[481, 33], [501, 33], [501, 55], [481, 55]], '7', 0.8332775344626953), ([[291, 21], [399, 21], [399, 149], [291, 149]], '얘', 0.114638019043519), ([[401, 27], [487, 27], [487, 217], [401, 217]], '8', 0.028888389597409025), ([[456, 122], [482, 122], [482, 168], [456, 168]], '9', 0.482626478747207), ([[434, 608], [548, 608], [548, 688], [434, 688]], '꼬]', 0.0027383725336729524), ([[13.56308126142578, 57.019126380253894], [53.98818088863234, 52.09862279238357], [67.43691873857422, 180.98087361974612], [27.011819111367657, 185.90137720761643]], '륙', 0.10328710893999471), ([[410.7940155284576, 505.06075373173], [491.96240706370094, 467.03865506543104], [557.2059844715424, 627.9392462682699], [476.03759293629906, 664.961344934569]], '!', 0.04510628637678682), ([[52.296316080123226, 475.0225308499223], [188.9263811833138, 572.7294905600797], [130.70368391987677, 652.9774691500777], [-4.926381183313788, 555.2705094399203]], '새 히', 0.0021246718197670406)]
[]
[]
[]
[]
[]
[([[2552, 189], [2600, 189], [2600, 242], [2552, 242]], '새', 0.24977602612938998)]
[([[35, 1593], [89, 1593], [89, 1667], [35, 1667]], '90', 0.31167086480025685)]
[]
[]
[]
[([[1254, 23], [1290, 23], [1290, 184], [1254, 184]], '%', 0.5416314288347657), ([[1258, 206], [1288, 206], [1288, 342], [1258, 342]], '%', 0.08141052041315788), ([[286.5742019986877, 213.01816338464633], [327.36137130289234, 203.01307602008555], [360.4257980013123, 339.98183661535364], [319.63862869710766, 350.9869239799145]], '물', 0.1311008745435771), ([[258.6615566626697, 251.00955292925337], [300.3041768904151, 241.00771525882345], [348.3384433373303, 439.9904470707466], [305.6958231095849, 449.99228474117655]], "'", 0.08670121489717886)]
[]
[]
[([[15, 607], [130, 607], [130, 695], [15, 695]], "'", 0.5115241798490935), ([[1267, 1346], [1340, 1346], [1340, 1396], [1267, 1396]], '#7', 0.9945169777563895), ([[1355, 1346], [1477, 1346], [1477, 1399], [1355, 1399]], "오'", 0.007497934339637054)]
[([[1579, 789], [1753, 789], [1753, 1001], [1579, 1001]], "1'", 0.008934705966573253), ([[1368, 1150], [1473, 1150], [1473, 1176], [1368, 1176]], "#7 나'엎빚", 0.002234778073055002)]
[([[1445, 1232], [1492, 1232], [1492, 1245], [1445, 1245]], '스디', 0.009099214160284596)]
[([[1043.831587524326, 345.06849395677125], [1192.3067345809689, 365.341490544033], [1176.168412475674, 449.93150604322875], [1028.6932654190311, 429.658509455967]], '<묻', 0.09020929662817123), ([[445.17526026741115, 441.030961556568], [609.912251390044, 505.6133603206021], [571.8247397325889, 595.969038443432], [407.0877486099559, 531.3866396793978]], '<유', 0.036594743534111525)]
[([[838, 24], [962, 24], [962, 98], [838, 98]], '삼율', 0.01510577310540421), ([[780, 102], [1022, 102], [1022, 178], [780, 178]], '눈앞출?', 0.006876736879348755), ([[858, 470], [988, 470], [988, 546], [858, 546]], '꾸#', 0.030844303574832553), ([[866, 552], [982, 552], [982, 628], [866, 628]], '2,', 0.46003673358861236), ([[88, 1320], [220, 1320], [220, 1394], [88, 1394]], '소#습', 0.1827887923994418), ([[0, 1402], [314, 1402], [314, 1478], [0, 1478]], '초017품', 0.06145080393853745), ([[206.98198161801105, 52.34954853043097], [302.65668400069757, 36.21644424943321], [310.01801838198895, 91.65045146956902], [213.3433159993024, 108.78355575056679]], '채청', 0.0072582488603422785), ([[121.15889360201312, 127.39067232241574], [405.6022420351678, 72.85177185117625], [412.8411063979869, 124.60932767758426], [128.39775796483218, 179.14822814882376]], '교교하소1 내-', 0.014181390688759388), ([[14.747801932600119, 203.11291062930064], [540.6754765204528, 99.89334074305236], [546.2521980673998, 161.88708937069936], [20.32452347954718, 264.10665925694764]], "/하논저유다 내[문 @) '  [", 0.0007166033740997658), ([[783.0946425395748, 167.04106793532296], [1039.9136214316034, 213.68847031644157], [1019.9053574604252, 296.958932064677], [763.0863785683966, 250.31152968355843]], '#똑둑숲스찢', 0.0016269306379898133), ([[820.9234480567936, 263.0646188713867], [970.5778530467353, 287.27595207299623], [954.0765519432064, 363.9353811286133], [805.4221469532647, 339.72404792700377]], '20스', 0.3797448595367587)]
[([[840, 91], [888, 91], [888, 484], [840, 484]], "'", 0.3601106871795743), ([[275.51214287984317, 43.0238573744001], [312.8789531924183, 38.07786212245759], [328.48785712015683, 154.9761426255999], [291.1210468075817, 159.9221378775424]], '물', 0.06236395200940681), ([[820.4816015659757, 92.04512892606105], [845.6039251378133, 96.46476349184336], [837.5183984340243, 154.95487107393893], [811.3960748621867, 150.53523650815666]], '흙', 0.09437920994857052)]
[]
[]
[([[379, 955], [489, 955], [489, 1023], [379, 1023]], "'수", 0.0028749916254178333)]
[]
[]
[]
[([[678, 32], [840, 32], [840, 136], [678, 136]], '4', 0.56432815674032), ([[610, 102], [720, 102], [720, 198], [610, 198]], '', 0.0), ([[1343.8630344280596, 765.0359439633411], [1463.6482187901304, 714.075620657332], [1556.1369655719404, 958.9640560366589], [1436.3517812098696, 1010.924379342668]], '틈', 0.0811593042824521), ([[1263.672672703208, 882.0630633836847], [1353.7133578532068, 836.0181860771477], [1432.327327296792, 1014.9369366163153], [1343.2866421467932, 1059.9818139228523]], '틈', 0.06874080616882239)]
[([[755.1087204002367, 213.02650272397773], [921.8039932116352, 293.58302151646774], [861.8912795997633, 410.9734972760223], [696.1960067883648, 330.41697848353226]], '@', 0.058656091576265945)]
[]
[([[1017, 396], [1055, 396], [1055, 420], [1017, 420]], '와', 0.06249421103293096), ([[1089.7230723179239, 829.7061506225467], [1199.3390907166292, 795.7976210166913], [1208.2769276820761, 827.2938493774533], [1098.6609092833708, 862.2023789833087]], '{하~+어<거', 0.0012912794270935446), ([[1022.439262401342, 875.9271148816105], [1095.3775642443352, 834.7832954341347], [1112.5607375986579, 870.0728851183895], [1039.6224357556648, 910.2167045658653]], '5하터거', 0.0020991398487240076), ([[961.3183180150093, 926.2912904420258], [1027.1690780938645, 872.4949916512045], [1049.6816819849907, 907.7087095579742], [983.8309219061355, 962.5050083487955]], '옛고어^', 3.0556886486010626e-05)]
[([[1017, 396], [1055, 396], [1055, 420], [1017, 420]], ':', 0.14051400081085408), ([[1714, 355], [1782, 355], [1782, 468], [1714, 468]], '벼', 0.9317203644121754), ([[1731, 483], [1769, 483], [1769, 534], [1731, 534]], '0', 0.4835549640120007), ([[1089.7230723179239, 829.7061506225467], [1199.3390907166292, 795.7976210166913], [1208.2769276820761, 827.2938493774533], [1098.6609092833708, 862.2023789833087]], '{하~+어<거', 0.0008850995661615452), ([[1022.439262401342, 875.9271148816105], [1095.3775642443352, 834.7832954341347], [1112.5607375986579, 870.0728851183895], [1039.6224357556648, 910.2167045658653]], '벼하거', 0.012464665272455051), ([[962.6546544120074, 927.2330323536206], [1025.6791100254418, 873.3694918368827], [1049.3453455879926, 906.7669676463794], [985.3208899745582, 960.6305081631173]], '레히#*', 2.0594012312358245e-05)]
[([[1020, 399], [1054, 399], [1054, 419], [1020, 419]], '도+', 0.14539909683559382), ([[846, 574], [931, 574], [931, 627], [846, 627]], '', 0.0), ([[1089.5700282971497, 829.9420169782899], [1198.3282011773513, 795.781199215099], [1207.4299717028503, 828.0579830217101], [1098.6717988226487, 862.218800784901]], '{하6+어<', 0.0006579981231598878), ([[1022.439262401342, 875.9271148816105], [1095.3775642443352, 834.7832954341347], [1112.5607375986579, 870.0728851183895], [1039.6224357556648, 910.2167045658653]], '흔하거', 0.010551998516097956), ([[962.6546544120074, 927.2330323536206], [1025.6791100254418, 873.3694918368827], [1049.3453455879926, 906.7669676463794], [985.3208899745582, 960.6305081631173]], '잘하어*', 2.5531779101584107e-05)]
[]
[([[1411, 1525], [1600, 1525], [1600, 1639], [1411, 1639]], '데빼', 0.001958593530433424)]
[([[1411, 1525], [1600, 1525], [1600, 1639], [1411, 1639]], '데빼', 0.002922137383570609)]
[([[1388.9578792406196, 2797.8283947090536], [1481.1527204934036, 2770.669305771165], [1495.0421207593804, 2825.1716052909464], [1402.8472795065964, 2852.330694228835]], '또', 0.04589487639067613)]
[([[1389.2055214030042, 2796.6904906657082], [1482.272205044391, 2771.787131136781], [1493.7944785969958, 2826.3095093342918], [1401.727794955609, 2851.212868863219]], '또', 0.42777640277860485)]
[([[1390.2055214030042, 2796.6904906657082], [1482.3019695128867, 2771.817529640249], [1494.7944785969958, 2826.3095093342918], [1401.6980304871133, 2850.182470359751]], '또', 0.09545485789352881)]
[([[1390.0861424129282, 2796.7550563432706], [1482.212868863219, 2770.727794955609], [1494.9138575870718, 2825.2449436567294], [1402.787131136781, 2851.272205044391]], '또', 0.09148460253369795)]
[([[1389.0861424129282, 2796.7550563432706], [1482.2132809004352, 2770.728201309281], [1494.9138575870718, 2825.2449436567294], [1401.7867190995648, 2852.271798690719]], '또', 0.37736926544866733)]
[([[1392.517182334193, 2794.5378011352245], [1483.362078915299, 2772.8802588022177], [1493.482817665807, 2827.4621988647755], [1402.637921084701, 2849.1197411977823]], '또', 0.6032345886501531)]
[]
[([[1601, 53], [1733, 53], [1733, 89], [1601, 89]], '4어425', 0.03460058409327167), ([[1743, 53], [1861, 53], [1861, 89], [1743, 89]], '내47긋2 ,', 0.04744973467103071)]
[([[739, 274], [778, 274], [778, 325], [739, 325]], "''", 0.01307148279694729), ([[909, 645], [942, 645], [942, 693], [909, 693]], '8', 0.04659209547531873), ([[929.2828546384055, 734.0516970049982], [968.7060218676253, 746.6436028368677], [947.7171453615945, 812.9483029950018], [908.2939781323747, 801.3563971631323]], '8', 0.7153917263575273)]
[]
[]
[([[1000.4829843531235, 685.1475138021691], [1225.8185579456165, 488.00797738987], [1509.5170156468766, 887.8524861978309], [1284.1814420543835, 1084.9920226101299]], '매', 0.0025904824615258365)]
[([[1046, 0], [1274, 0], [1274, 89], [1046, 89]], '^부', 0.02435484271461787), ([[363, 305], [399, 305], [399, 355], [363, 355]], '{', 0.5843616790812689)]
[([[879.7491734361104, 2435.005245123039], [1113.965493292251, 2644.6319328444033], [1080.2508265638896, 2685.994754876961], [846.0345067077488, 2476.3680671555967]], '@6긋내4---나:나톤', 0.0011245921008744004)]
[([[879.7502167317269, 2434.005201561446], [1113.95655101765, 2644.6187869026885], [1080.2497832682732, 2685.994798438554], [846.0434489823499, 2475.3812130973115]], '@6타-4---나-나톤', 0.0016716391506560618)]
[([[879.7502167317269, 2434.005201561446], [1113.95655101765, 2644.6187869026885], [1080.2497832682732, 2685.994798438554], [846.0434489823499, 2475.3812130973115]], '@6타-4---나-나톤', 0.0018859717025016258)]
[([[15, 1460], [192, 1460], [192, 1502], [15, 1502]], "@['진`-@,+0", 0.00010879268835649508)]
[([[4, 1316], [283, 1316], [283, 1371], [4, 1371]], '명@3-^{라<퍽꺾슷 (다', 1.829417467344664e-06), ([[5, 1362], [384, 1362], [384, 1419], [5, 1419]], '[리+하@형7 <아값/퍽톤명안3-실$', 1.2998558411322177e-07), ([[7, 1415], [492, 1415], [492, 1464], [7, 1464]], '546컨(할6서컨+하머 3어교+|-톤명안3-룹$', 1.8381402823234256e-08), ([[1450, 1869], [1512, 1869], [1512, 1911], [1450, 1911]], '', 0.0), ([[2088, 1910], [2114, 1910], [2114, 1961], [2088, 1961]], '8', 0.808466460063201), ([[266, 2457], [444, 2457], [444, 2530], [266, 2530]], '" .', 0.03829581159948711), ([[371.0511483542166, -3.505049844473051], [477.1687556054048, 74.56721017421387], [310.9488516457834, 294.50504984447304], [204.8312443945952, 217.43278982578613]], '2', 0.6875907780788317), ([[1490.9733661595317, 1773.0857206824737], [1884.286190993518, 1733.1753964983507], [1889.0266338404683, 1938.9142793175263], [1495.713809006482, 1978.8246035016493]], "'4'/ )", 0.10629028114681685), ([[1329.9513950274218, 2190.0459033126094], [1410.5992514033267, 2147.014971933466], [1496.0486049725782, 2327.9540966873906], [1416.4007485966733, 2370.985028066534]], '들', 0.033043598399365104)]
[([[1157, 849], [1221, 849], [1221, 911], [1157, 911]], '6', 0.010645820007539053), ([[403.1170986264234, 934.175647939635], [560.8442553097422, 899.1471205735774], [571.8829013735766, 960.824352060365], [414.15574469025785, 995.8528794264226]], '묘아*,', 0.0023498907685279846)]
