2426760
109
[([[208, 76], [756, 76], [756, 271], [208, 271]], '-장적', 0.009304989487663486), ([[164, 243], [745, 243], [745, 415], [164, 415]], '관습:-', 0.0003632699663285166), ([[118, 471], [213, 471], [213, 522], [118, 522]], '17..', 0.7426428198814392), ([[309, 465], [495, 465], [495, 527], [309, 527]], '캠신해록', 0.16893774271011353), ([[592, 470], [686, 470], [686, 522], [592, 522]], '001', 0.997039645216022)]
[([[329.0881332010206, 154.20541272469478], [515.0783207767851, 141.03254068359075], [515.9118667989794, 217.79458727530522], [329.92167922321494, 231.96745931640925]], '흐엉~', 0.14098880972338457), ([[443.83024238924725, 272.09843009655873], [528.1993403546545, 283.7491263993885], [518.1697576107528, 344.90156990344127], [433.80065964534555, 333.2508736006115]], '부들', 0.9996234808200247)]
[([[236, 40], [326, 40], [326, 72], [236, 72]], '크크크', 0.999909150872559), ([[235, 69], [555, 69], [555, 111], [235, 111]], '우주해적도 별거 없구만', 0.6352112411153263), ([[233, 99], [517, 99], [517, 143], [233, 143]], '추배커양 포박기술도', 0.33146948402933524), ([[235, 133], [397, 133], [397, 175], [235, 175]], '아주 훌륭해', 0.9989769497891859), ([[234, 167], [331, 167], [331, 207], [234, 207]], '카카카', 0.9538610946086874)]
[([[778, 114], [804, 114], [804, 162], [778, 162]], '들', 0.9175078966627183), ([[256, 258], [292, 258], [292, 290], [256, 290]], '그', 0.9999897480273745), ([[309, 255], [373, 255], [373, 293], [309, 293]], '근데', 0.9999894633041312)]
[([[91, 289], [129, 289], [129, 325], [91, 325]], '난.', 0.41809436599642985), ([[671, 186], [726, 186], [726, 325], [671, 325]], '불', 0.8770808943306303), ([[91, 317], [223, 317], [223, 359], [91, 359]], '난 안풀어', 0.988687828570919), ([[89, 381], [191, 381], [191, 423], [89, 423]], '주나 .?', 0.32357109052425087), ([[698, 440], [724, 440], [724, 466], [698, 466]], '군', 0.9908466952365416), ([[479, 546], [692, 546], [692, 656], [479, 656]], '`직', 0.14969126838176713), ([[667.2736737481338, 340.0441247346968], [711.0232486022345, 329.0878969648673], [734.7263262518662, 433.9558752653032], [690.9767513977655, 444.9121030351327]], '불', 0.6872825994196639), ([[698.5390089471963, 702.0212966297203], [741.8888143082679, 712.9189766121294], [716.4609910528037, 819.9787033702797], [673.1111856917321, 810.0810233878706]], '탑', 0.010652015418376237)]
[([[579, 47], [711, 47], [711, 87], [579, 87]], '아뇨 거참', 0.9634937854589619), ([[581, 79], [673, 79], [673, 121], [581, 121]], '말망네', 0.6771788816125754), ([[581, 111], [771, 111], [771, 153], [581, 153]], '추빠커 이영감', 0.20603215361976315), ([[579, 145], [711, 145], [711, 187], [579, 187]], '입좀 다시', 0.36385552858858444), ([[579, 177], [703, 177], [703, 217], [579, 217]], '막아버려', 0.9963410451869591), ([[354, 756], [388, 756], [388, 782], [354, 782]], '114', 0.9004454727016153)]
[([[59, 69], [219, 69], [219, 111], [59, 111]], '우린 이영감', 0.9880664324876665), ([[59, 105], [151, 105], [151, 141], [59, 141]], '모시고', 0.9998090863227844), ([[59, 137], [209, 137], [209, 175], [59, 175]], '데스스타로', 0.999118973130821), ([[57, 169], [193, 169], [193, 207], [57, 207]], '바로 간다', 0.6187981049394827)]
[([[106, 76], [146, 76], [146, 108], [106, 108]], '아:', 0.5118729475444845), ([[209, 121], [273, 121], [273, 159], [209, 159]], '씨발', 0.9989312389838179), ([[632, 134], [656, 134], [656, 174], [632, 174]], '부', 0.9997767334640493), ([[637, 179], [657, 179], [657, 217], [637, 217]], '들', 0.998658153839699), ([[165, 289], [231, 289], [231, 331], [165, 331]], '진장', 0.22776428631491005)]
[([[49, 277], [93, 277], [93, 355], [49, 355]], '2', 0.9958265547599154), ([[592, 426], [776, 426], [776, 596], [592, 596]], '우응', 0.6532750279526904)]
[([[428, 318], [476, 318], [476, 400], [428, 400]], '2', 0.8540680768135225), ([[595.9731037703068, 530.0293159803684], [708.6139769838366, 471.0104743735884], [835.0268962296932, 740.9706840196316], [723.3860230161634, 799.9895256264116]], '공', 0.5001253354667057)]
[]
[([[359, 65], [465, 65], [465, 103], [359, 103]], '붙지마!', 0.9599308967590332), ([[357, 95], [495, 95], [495, 137], [357, 137]], '땀냄새나!', 0.6352753103505651), ([[525, 309], [687, 309], [687, 351], [525, 351]], '닥치쇼 캠:', 0.5222328428228096)]
[([[397, 99], [665, 99], [665, 143], [397, 143]], '이제 좀 조용해적네', 0.35679347441973186), ([[281, 187], [347, 187], [347, 227], [281, 227]], '우어', 0.9999933408044295), ([[649, 407], [711, 407], [711, 445], [649, 445]], '호응', 0.48397120960665824)]
[([[120, 117], [279, 117], [279, 162], [120, 162]], '에구머니야', 0.9978265633683009), ([[416, 58], [734, 58], [734, 412], [416, 412]], '광', 0.9674038078777727)]
[([[580, 84], [734, 84], [734, 204], [580, 204]], '예용', 0.8315026211348427), ([[135, 197], [309, 197], [309, 239], [135, 239]], '무슨일이야?', 0.9988383619672493), ([[133, 229], [377, 229], [377, 271], [133, 271]], '누가 공격한건가?', 0.9877556346889929), ([[7, 571], [33, 571], [33, 587], [7, 587]], '떼', 0.7301567966351321), ([[371.28713991063256, 494.09811722250333], [527.6891395920433, 478.476583502407], [533.7128600893674, 610.9018827774967], [377.31086040795674, 626.523416497593]], '예용', 0.8446421519980524)]
[([[484.1613516505592, 387.0146572059939], [661.7482192994981, 360.2851348741208], [707.8386483494407, 720.9853427940061], [529.2517807005019, 748.7148651258792]], '톤', 0.2723065722102014)]
[([[65, 343], [125, 343], [125, 443], [65, 443]], '2', 0.28862588743595907)]
[([[171, 401], [207, 401], [207, 439], [171, 439]], '뭐', 0.9999936819176334), ([[221, 397], [309, 397], [309, 439], [221, 439]], '뭐야?', 0.5525547437207561), ([[390.0259053144904, -24.982422788616706], [815.3945185449625, 87.3141059823777], [746.9740946855096, 305.9824227886167], [321.60548145503753, 193.6858940176223]], '콤4', 0.007813608073164006)]
[([[666.2583527229993, 684.0211726524883], [762.0000252094396, 671.630691275425], [784.7416472770007, 884.9788273475117], [688.9999747905604, 897.369308724575]], '>', 0.027148998114071787)]
[([[131, 113], [195, 113], [195, 151], [131, 151]], '우어', 0.6930138603093887), ([[461, 169], [569, 169], [569, 211], [461, 211]], '손들어!', 0.985907941572514), ([[227, 227], [359, 227], [359, 269], [227, 269]], '아쉬 쓰벌', 0.9091221134795561)]
[([[612, 290], [734, 290], [734, 424], [612, 424]], '리', 0.14239981701579385)]
[([[109, 279], [353, 279], [353, 441], [109, 441]], '싸아', 0.9602486452044392), ([[611, 565], [689, 565], [689, 605], [611, 605]], '어이!', 0.966426243840795)]
[([[549, 69], [643, 69], [643, 105], [549, 105]], '어이구', 0.9828892073730313), ([[545, 95], [712, 95], [712, 143], [545, 143]], '지락올 한다', 0.3405990338622481), ([[115, 183], [141, 183], [141, 201], [115, 201]], '세시', 0.5541325156028098), ([[327, 417], [463, 417], [463, 567], [327, 567]], '콩', 0.5513687524985791)]
[([[35, 371], [265, 371], [265, 609], [35, 609]], "@'", 0.05795740449022561), ([[654, 472], [758, 472], [758, 598], [654, 598]], '벌', 0.9984255079018887), ([[36.03707611302798, 72.01599100214224], [263.04166438218226, 105.03975933363438], [210.96292388697202, 430.98400899785776], [-17.04166438218226, 397.9602406663656]], '떨', 0.30575379562722915)]
[([[181, 81], [243, 81], [243, 117], [181, 117]], '호호', 0.2702506611207331), ([[375, 69], [629, 69], [629, 153], [375, 153]], '율중해적답이시다', 0.10739938103259632), ([[381, 75], [475, 75], [475, 113], [381, 113]], '우주해-', 0.5367113947868347), ([[179, 115], [243, 115], [243, 153], [179, 153]], '안녕', 0.999331869256114)]
[([[703, 41], [767, 41], [767, 77], [703, 77]], '우어', 0.9999899690647899), ([[65, 91], [247, 91], [247, 131], [65, 131]], '캠립해록. .?', 0.2765197453739124)]
[([[59, 83], [121, 83], [121, 119], [59, 119]], '전부', 0.9999828884223854), ([[57, 111], [203, 111], [203, 155], [57, 155]], '잡아들여!!', 0.6740773840548199)]
[([[208, 77], [756, 77], [756, 271], [208, 271]], '--4굵', 0.008370493538677692), ([[166, 243], [745, 243], [745, 415], [166, 415]], '애습:)', 0.0011076766531914473), ([[116, 468], [214, 468], [214, 522], [116, 522]], '11..', 0.9431701585616092), ([[309, 465], [495, 465], [495, 527], [309, 527]], '캠신해록', 0.13958516716957092), ([[591, 470], [693, 470], [693, 522], [591, 522]], '002', 0.9999969716779362), ([[103, 851], [143, 851], [143, 919], [103, 919]], '2', 0.9487602530340524)]
[([[47, 27], [113, 27], [113, 67], [47, 67]], '캠린', 0.11161105429390647), ([[477, 33], [739, 33], [739, 78], [477, 78]], '녀석들 무기록 모두', 0.6709675580320121), ([[47, 57], [209, 57], [209, 101], [47, 101]], '이번 놈들은', 0.9820413529428251), ([[479, 69], [665, 69], [665, 109], [479, 109]], '수거워습니다', 0.3974735922165772), ([[49, 89], [181, 89], [181, 131], [49, 131]], '완전 대박', 0.8743270280792109), ([[49, 125], [143, 125], [143, 165], [49, 165]], '입니다', 0.9847577935284889), ([[203, 115], [425, 115], [425, 157], [203, 157]], '모두들 현상금이', 0.9996576810960403), ([[203, 147], [357, 147], [357, 189], [203, 189]], '걸려있어요', 0.9731863882171803), ([[691, 175], [757, 175], [757, 211], [691, 211]], '예씨', 0.376187416490273), ([[445, 187], [555, 187], [555, 275], [445, 275]], '1잘렉업', 0.007037927396595478), ([[549, 229], [585, 229], [585, 267], [549, 267]], '건', 0.9999257339915211), ([[453, 259], [577, 259], [577, 301], [453, 301]], '다정겨뒤', 0.3270187973976135), ([[107, 629], [221, 629], [221, 665], [107, 665]], '오 그래!', 0.7469963964960923), ([[107, 661], [231, 661], [231, 699], [107, 699]], '보고해화', 0.42711156606674194)]
[([[157, 103], [475, 103], [475, 145], [157, 145]], '이번에 포획한 년놈들의', 0.5194590879359254), ([[154, 134], [501, 134], [501, 179], [154, 179]], '현상금올 보고하켓습니다', 0.8761571098282338), ([[193, 655], [215, 655], [215, 675], [193, 675]], '(@"', 0.0679886621518526), ([[177, 689], [227, 689], [227, 725], [177, 725]], '{똑"\'', 0.0028236759826540947), ([[193.05131670194947, 494.1539501058485], [250.88836516949533, 503.1892308296153], [245.94868329805053, 529.8460498941515], [188.11163483050467, 520.8107691703847]], '\'" "', 0.33080998063087463), ([[174.91534771090673, 715.1190646990802], [236.38107954338324, 723.5904062511393], [230.08465228909327, 769.8809353009198], [167.61892045661676, 761.4095937488607]], '(박', 0.022722054175214886)]
[([[397, 27], [491, 27], [491, 69], [397, 69]], '한슬로', 0.936181065562346), ([[400, 65], [506, 65], [506, 97], [400, 97]], '50000', 0.9999625748828097), ([[171, 75], [265, 75], [265, 115], [171, 115]], '슈버커', 0.06026076675175218), ([[171, 109], [281, 109], [281, 145], [171, 145]], '20000', 0.999964014313451), ([[487, 117], [647, 117], [647, 157], [487, 157]], '두사람 모두', 0.8996581776947249), ([[486, 143], [680, 143], [680, 191], [486, 191]], '타투인 행성에', 0.9274078451163497), ([[485, 179], [767, 179], [767, 221], [485, 221]], '자바더차이 현상금올', 0.2702607730572337), ([[487, 209], [671, 209], [671, 253], [487, 253]], '걸어뒷습니다', 0.7685375262053595)]
[([[489, 127], [731, 127], [731, 169], [489, 169]], '오- 자바 기억나네', 0.9409054975323577), ([[485, 159], [709, 159], [709, 203], [485, 203]], '화곤한 사내없지', 0.38155890326767017)]
[([[579, 39], [655, 39], [655, 77], [579, 77]], '어이!', 0.8873651503562905), ([[54, 74], [341, 74], [341, 275], [54, 275]], '싸야', 0.06808828316788487), ([[129, 615], [447, 615], [447, 657], [129, 657]], '언제나 슬로인 모태슬로', 0.6684323598580679), ([[127, 645], [263, 645], [263, 689], [127, 689]], '한슬로양!', 0.8053470762526631)]
[([[280, 34], [356, 34], [356, 114], [280, 114]], '제작', 0.67264815449485), ([[367, 37], [651, 37], [651, 79], [367, 79]], '대망의 오비완개노무', 0.6780682877617488), ([[285, 73], [321, 73], [321, 109], [285, 109]], '제', 0.9999800921477267), ([[345, 68], [687, 68], [687, 109], [345, 109]], '군에서 무려 8000000의', 0.687739336221542), ([[285, 101], [599, 101], [599, 145], [285, 145]], '현상금올 걸어낯습니다', 0.5543890940592244), ([[359, 219], [433, 219], [433, 257], [359, 257]], '아흥!', 0.4774588137878143), ([[302, 312], [328, 312], [328, 356], [302, 356]], '들', 0.9844740027497245)]
[([[77, 55], [225, 55], [225, 97], [77, 97]], '와우 대박!', 0.9415021651434343), ([[53, 103], [117, 103], [117, 141], [53, 141]], '이런', 0.9998698530124851), ([[113, 93], [341, 93], [341, 179], [113, 179]], '변샌출8인가화', 0.08741878827628792), ([[443, 101], [717, 101], [717, 145], [443, 145]], '어이 늙은이! 말해화', 0.7470958546484721), ([[51, 129], [149, 129], [149, 173], [51, 173]], '엄청난', 0.9937669481494535), ([[467, 155], [715, 155], [715, 197], [467, 197]], '년 뭐하는 높이야?', 0.8299974960176555), ([[663, 381], [677, 381], [677, 407], [663, 407]], '8', 0.23452843671183032), ([[709, 413], [773, 413], [773, 453], [709, 453]], '아흥', 0.5433957799019566)]
[([[63, 41], [179, 41], [179, 79], [63, 79]], '아이고!', 0.6783013343811035), ([[455, 49], [753, 49], [753, 91], [455, 91]], '다 뒷고 이거나 풀어쥐', 0.7008821190609625), ([[550, 124], [776, 124], [776, 172], [550, 172]], '쪽팔려 디지켓네', 0.8054193486144056), ([[451, 407], [513, 407], [513, 445], [451, 445]], '노인을', 0.5127400073539994), ([[437, 513], [503, 513], [503, 577], [437, 577]], '부들', 0.9981085523215133), ([[219.41998520943426, 369.08595119113306], [255.98597654838989, 389.7635742204298], [246.58001479056574, 405.91404880886694], [210.01402345161011, 385.2364257795702]], '느:', 0.032509581968786304), ([[442.9820268028814, 433.1317018509494], [527.8778061616794, 445.01886832053896], [522.0179731971185, 478.8682981490506], [437.1221938383207, 467.98113167946104]], '이따구로', 0.9996137619018555), ([[442.00649859892917, 458.12534453582384], [514.8540716385197, 470.92942454485564], [507.99350140107083, 504.87465546417616], [435.14592836148023, 493.07057545514436]], '대우해', 0.9990318254635177)]
[([[307, 39], [573, 39], [573, 81], [307, 81]], '얘들아 왕건이 윗다', 0.5000879238776921), ([[49, 71], [245, 71], [245, 113], [49, 113]], '거참 시끄럽네', 0.4046531853115064), ([[309, 71], [591, 71], [591, 113], [309, 113]], '이녀석들 넘기기전에', 0.8860836416398417), ([[307, 105], [433, 105], [433, 145], [307, 145]], '즐겨보자', 0.905810748342277), ([[689, 161], [755, 161], [755, 199], [689, 199]], '오예드', 0.14175431430339813), ([[58, 204], [120, 204], [120, 236], [58, 236]], '예에', 0.9978821882382602)]
[([[409, 75], [473, 75], [473, 111], [409, 111]], '히익', 0.8287374154961659), ([[409, 105], [563, 105], [563, 147], [409, 147]], '날어쩌려고', 0.7376827807458503), ([[331, 233], [523, 233], [523, 275], [331, 275]], '고맙긴 하지만', 0.9792755873882398), ([[591, 271], [603, 271], [603, 297], [591, 297]], '3', 0.2781621574684756), ([[595, 319], [609, 319], [609, 349], [595, 349]], '8', 0.5187144008351794), ([[541, 369], [575, 369], [575, 383], [541, 383]], '어~미', 0.017209874951301014), ([[513, 797], [529, 797], [529, 821], [513, 821]], '곱', 0.03615826078972284), ([[680, 778], [704, 778], [704, 812], [680, 812]], '$', 0.15974009110281262), ([[596.6837722339832, 346.0513167019495], [610.6561787149247, 350.2453944778365], [603.3162277660168, 377.9486832980505], [589.3438212850753, 374.7546055221635]], '응', 0.197139974770554), ([[444.78057847830064, 441.4147520217908], [477.98721103891677, 416.2606281695276], [488.21942152169936, 431.5852479782092], [455.01278896108323, 456.7393718304724]], '666', 0.3020088384261997)]
[([[707, 63], [773, 63], [773, 103], [707, 103]], '우어', 0.9999905591189865), ([[97, 93], [261, 93], [261, 135], [97, 135]], '꿈깨서 영감', 0.9673046209900221), ([[570, 88], [630, 88], [630, 120], [570, 120]], '히액', 0.48038443986668633), ([[95, 124], [290, 124], [290, 169], [95, 169]], '캠린은 남자엔', 0.2288244117955767), ([[569, 117], [691, 117], [691, 157], [569, 157]], '그럼 나!!', 0.5280816927694645), ([[97, 159], [221, 159], [221, 201], [97, 201]], '관심없어', 0.9998465776443481), ([[311, 169], [505, 169], [505, 211], [311, 211]], '내가 놀아줄께', 0.6314065411539024), ([[46, 339], [143, 339], [143, 383], [46, 383]], '년시저', 0.970835060308657)]
[([[447, 47], [601, 47], [601, 83], [447, 83]], '어머! 어머!', 0.7688681674561878), ([[446, 74], [584, 74], [584, 154], [446, 154]], '불결버데', 0.003044005250558257), ([[707, 85], [771, 85], [771, 123], [707, 123]], '우어', 0.9999939308592087), ([[479, 111], [571, 111], [571, 151], [479, 151]], '드럽게', 0.4317824423090244), ([[449, 143], [603, 143], [603, 183], [449, 183]], '부탁드려요', 0.8648553058363343), ([[722, 566], [756, 566], [756, 594], [722, 594]], '시', 0.5546635167235969), ([[741, 607], [761, 607], [761, 633], [741, 633]], '0', 0.1444801650174279)]
[([[667, 263], [751, 263], [751, 299], [667, 299]], '어머!', 0.215929695838665), ([[49, 301], [269, 301], [269, 513], [49, 513]], '확', 0.8907901161802698)]
[([[483, 65], [603, 65], [603, 177], [483, 177]], '야', 0.8608440296224593)]
[([[305, 28], [744, 28], [744, 259], [305, 259]], '아호흥', 0.127642128037437)]
[([[461, 739], [759, 739], [759, 781], [461, 781]], '잠깐 대화 좀 하자구 _', 0.8941796668040551), ([[132, 808], [404, 808], [404, 856], [132, 856]], '야이 못생긴 논아', 0.8936639973305055)]
[([[-27.888935796768443, 563.1996622632672], [506.79562702502295, 362.394171473627], [547.8889357967685, 532.8003377367328], [12.204372974977044, 733.605828526373]], '아아아아야', 0.6725972684304369)]
[([[278, 78], [393, 78], [393, 121], [278, 121]], '뭐하나?', 0.9925698637962341), ([[279, 111], [491, 111], [491, 155], [279, 155]], '저 못생긴논은?', 0.9844396796405532), ([[220, 164], [352, 164], [352, 242], [220, 242]], '우머 -', 0.8138394925559911), ([[115, 293], [131, 293], [131, 319], [115, 319]], '6', 0.03217055029969473), ([[186.7701175612585, 379.99310580513264], [246.4115256976093, 366.21547098376914], [252.2298824387415, 393.00689419486736], [191.5884743023907, 406.78452901623086]], "'닐습'매", 0.0013549727228382132)]
[([[27, 231], [179, 231], [179, 273], [27, 273]], '우엉! 우엉!', 0.9234608237052379), ([[412, 254], [444, 254], [444, 288], [412, 288]], '행', 0.04101019117168736), ([[117, 601], [333, 601], [333, 694], [117, 694]], '너페훨', 0.009254155500430324), ([[620.9105106222006, 599.0661871020453], [724.2961771224083, 622.5109535466507], [704.0894893777994, 698.9338128979547], [600.7038228775917, 674.4890464533493]], '주합', 0.18040938004954626)]
[([[417, 103], [553, 103], [553, 143], [417, 143]], '이런 쓰벌', 0.9682416148424072)]
[([[207, 74], [757, 74], [757, 273], [207, 273]], '-장적', 0.018041364357321878), ([[164, 243], [745, 243], [745, 415], [164, 415]], '푸습:-', 0.0003086880315095186), ([[116, 466], [191, 466], [191, 519], [116, 519]], '11.', 0.9936277632550748), ([[309, 463], [497, 463], [497, 525], [309, 525]], '캠:해록', 0.11867222934961319), ([[592, 468], [692, 468], [692, 520], [592, 520]], '003', 0.8609552383422852), ([[431, 1059], [543, 1059], [543, 1183], [431, 1183]], '뿐', 0.10197117742882256), ([[479, 1177], [633, 1177], [633, 1285], [479, 1285]], '부비', 0.8038956447051842)]
[([[42, 184], [298, 184], [298, 304], [42, 304]], '으형사', 0.13300927007049138)]
[([[323, 55], [399, 55], [399, 91], [323, 91]], '아뇨!', 0.8623618207299516), ([[321, 83], [545, 83], [545, 127], [321, 127]], '나는 무시하나:?', 0.754070980211129)]
[([[73, 79], [235, 79], [235, 117], [73, 117]], '프로 주제에', 0.667944003154018), ([[70, 107], [235, 107], [235, 149], [70, 149]], '어디서 깝처', 0.5082350046822847), ([[453.32620690151504, 29.05193111439218], [733.6247422872536, 6.4562816522985145], [738.6737930984849, 243.94806888560782], [458.3752577127464, 266.5437183477015]], '팬', 0.21726805321904497)]
[([[195, 307], [313, 307], [313, 369], [195, 369]], '코혹 -', 0.20636254923972075)]
[([[120, 102], [268, 102], [268, 280], [120, 280]], '(', 0.8164478940268651), ([[425, 123], [683, 123], [683, 307], [425, 307]], '계러', 0.011441984430022551)]
[([[398, 244], [572, 244], [572, 452], [398, 452]], '창', 0.9620628272635692), ([[572.3630551041605, 120.01268311442898], [688.6231102949196, 108.6824658903266], [712.6369448958395, 402.98731688557103], [596.3768897050804, 414.31753410967343]], '백', 0.03937480266901461)]
[([[59, 77], [253, 77], [253, 119], [59, 119]], '내가 이래되도', 0.8423824157156756), ([[189, 109], [321, 109], [321, 151], [189, 151]], '다 겪으며', 0.3906201850283912), ([[55, 103], [193, 103], [193, 189], [55, 189]], ':직순적', 0.037353094667196274), ([[190, 144], [222, 144], [222, 182], [190, 182]], '온', 0.9995706542333807), ([[563, 127], [695, 127], [695, 169], [563, 169]], '어디 한번', 0.9996726537918812), ([[61, 173], [285, 173], [285, 215], [61, 215]], '한 슬로님이시다', 0.4754298318924773), ([[563, 161], [681, 161], [681, 203], [563, 203]], '덥벼보!!', 0.1518180645711649)]
[([[68, 98], [198, 98], [198, 148], [68, 148]], '주빼커!', 0.10766173899173737), ([[68, 138], [162, 138], [162, 188], [68, 188]], '공격!', 0.9861013759388154)]
[([[373, 113], [578, 113], [578, 277], [373, 277]], '우어', 0.9999209334277391), ([[99, 463], [121, 463], [121, 477], [99, 477]], '7', 0.8832606082724084), ([[68, 478], [108, 478], [108, 506], [68, 506]], "'{되", 0.009113749481882191)]
[]
[([[169, 0], [416, 0], [416, 171], [169, 171]], '#', 0.048649000812393206), ([[105, 157], [413, 157], [413, 439], [105, 439]], "파'", 0.17176702408010106), ([[304, 432], [330, 432], [330, 468], [304, 468]], '트', 0.06706587373088624)]
[([[680, 88], [742, 88], [742, 120], [680, 120]], '어서', 0.9999671256164323), ([[545, 79], [747, 79], [747, 163], [545, 163]], '듯짓틀 특업:', 0.03274289760477088)]
[([[145, 91], [279, 91], [279, 133], [145, 133]], '어달 감히', 0.42073286421572276), ([[631, 83], [699, 83], [699, 125], [631, 125]], '까올', 0.7395120050667654), ([[185, 41], [543, 41], [543, 221], [185, 221]], '류우', 0.00137708368440229), ([[373, 397], [729, 397], [729, 607], [373, 607]], '듣각', 0.011228818792590032)]
[([[322, 144], [498, 144], [498, 366], [322, 366]], '셋', 0.5032409155545317), ([[174, 566], [216, 566], [216, 598], [174, 598]], '악!', 0.6030208134992296)]
[([[341, 51], [635, 51], [635, 93], [341, 93]], '초빼커 다 쓸어버리자', 0.24399594054861642), ([[378, 236], [463, 236], [463, 289], [378, 289]], "'우어", 0.6250097859561126)]
[([[139, 165], [175, 165], [175, 205], [139, 205]], '후', 0.054152690611426246)]
[([[465, 149], [587, 149], [587, 187], [465, 187]], '시끄러워', 0.9791343808174133), ([[465, 179], [679, 179], [679, 221], [465, 221]], '이 영감령이야]!', 0.26665487109746744), ([[185, 769], [379, 769], [379, 807], [185, 807]], '허혀 그러니까', 0.7638469628820072), ([[183, 799], [417, 799], [417, 843], [183, 843]], '대화 좀 하자니까', 0.8788199992212844), ([[613, 851], [645, 851], [645, 865], [613, 865]], '(1하다', 0.037476710975170135), ([[719, 931], [737, 931], [737, 957], [719, 957]], '7', 0.44285619678726107)]
[([[303, 37], [457, 37], [457, 79], [303, 79]], '기고만장햇', 0.30385229822592497), ([[416, 34], [490, 34], [490, 108], [416, 108]], '(햇름', 0.0116098615866577), ([[305, 69], [427, 69], [427, 109], [305, 109]], '버리장머', 0.9844388961791992), ([[303, 97], [429, 97], [429, 141], [303, 141]], '고처주마', 0.6076528429985046), ([[658, 168], [780, 168], [780, 206], [658, 206]], '웃기시네', 0.9987956285476685), ([[659, 201], [721, 201], [721, 241], [659, 241]], '담벼', 0.17302274020566202)]
[([[557, 113], [675, 113], [675, 155], [557, 155]], '몸마나!!', 0.5375296105547059), ([[83, 149], [251, 149], [251, 191], [83, 191]], '와다다다다!', 0.6323346966940666), ([[304, 244], [424, 244], [424, 366], [304, 366]], '파', 0.7481848017846602), ([[370, 424], [490, 424], [490, 624], [370, 624]], '바', 0.993886307035666)]
[([[69, 103], [223, 103], [223, 145], [69, 145]], '난장판이군', 0.9711712111587409), ([[283, 93], [545, 93], [545, 135], [283, 135]], '이튿올 타서 탈출올', 0.693934160057991), ([[291, 125], [419, 125], [419, 167], [291, 167]], '해야켓다', 0.5287759304046631), ([[19, 201], [55, 201], [55, 241], [19, 241]], '뇌', 0.5579264229723755), ([[36, 346], [66, 346], [66, 382], [36, 382]], '4', 0.11523312221879056), ([[54, 372], [88, 372], [88, 398], [54, 398]], "관('", 0.057036646434258126)]
[([[43, 51], [305, 51], [305, 93], [43, 93]], '포스의 힘을 모아서', 0.5180831388439135), ([[603, 37], [729, 37], [729, 77], [603, 77]], '광선검아', 0.993013322353363), ([[714, 172], [742, 172], [742, 226], [714, 226]], '들', 0.9978602662103562), ([[361, 403], [419, 403], [419, 433], [361, 433]], '개방(', 0.001028852696495129), ([[380.2828546384055, 185.05169700499823], [437.90033988561635, 231.00668786102372], [411.7171453615945, 263.94830299500177], [354.09966011438365, 217.99331213897628]], '에씨', 0.00992142717735587), ([[702.6410931804152, 230.01613430260815], [736.817304331184, 236.43665817414893], [716.3589068195848, 348.9838656973919], [682.182695668816, 343.56334182585107]], '불', 0.9547824463220991)]
[([[73, 89], [201, 89], [201, 131], [73, 131]], '광선검아', 0.9868975877761841), ([[648, 98], [780, 98], [780, 218], [648, 218]], '@흔들', 0.542317616429946), ([[583, 449], [747, 449], [747, 489], [583, 489]], '나에게 오라', 0.9234373302451534)]
[([[446, 122], [706, 122], [706, 318], [446, 318]], '품', 0.10656675530924886)]
[([[259, 133], [395, 133], [395, 175], [259, 175]], '헤헤 성공', 0.47364971652027693), ([[485, 367], [757, 367], [757, 555], [485, 555]], '사유', 0.4109473603917095), ([[215.66502916445495, 476.018759563649], [242.6171610892701, 483.4731857980155], [218.33497083554505, 570.981240436351], [191.3828389107299, 563.5268142019845]], '불', 0.9696387155532307)]
[([[95, 215], [151, 215], [151, 251], [95, 251]], '팩!!', 0.4055810670675389), ([[93, 245], [239, 245], [239, 287], [93, 287]], '내 광선검!', 0.9823905786925278)]
[([[206, 76], [756, 76], [756, 271], [206, 271]], '--4:', 0.003050378290936351), ([[164, 243], [743, 243], [743, 415], [164, 415]], '푸습:-', 0.0003194120363332331), ([[122, 468], [214, 468], [214, 516], [122, 516]], '11..', 0.7555976403439216), ([[311, 461], [499, 461], [499, 523], [311, 523]], '캠신해록', 0.3009083569049835), ([[596, 464], [698, 464], [698, 520], [596, 520]], '004', 0.999996145772132), ([[386, 732], [436, 732], [436, 762], [386, 762]], '엉?', 0.5078216357009764)]
[([[619, 127], [695, 127], [695, 165], [619, 165]], '위매!', 0.8792289329567285), ([[619, 157], [763, 157], [763, 199], [619, 199]], '내 광선검!', 0.9922942322384805), ([[619, 193], [755, 193], [755, 231], [619, 231]], '비산건데!', 0.8797834471248397), ([[425, 437], [463, 437], [463, 485], [425, 485]], '부', 0.9999951124251005), ([[409, 483], [447, 483], [447, 541], [409, 541]], '들', 0.996887248927635)]
[([[65, 131], [189, 131], [189, 169], [65, 169]], '닥치구요', 0.983137309551239), ([[63, 161], [227, 161], [227, 203], [63, 203]], '네놈 현상금', 0.9399752437174116), ([[59, 189], [291, 189], [291, 273], [59, 273]], '발월다증직만까', 0.05679526047055832), ([[63, 257], [255, 257], [255, 301], [63, 301]], '조용히나 하서', 0.6244702584654276), ([[77, 813], [388, 813], [388, 855], [77, 855]], '입까지 막아버리기전에', 0.9759595399614204)]
[([[217, 21], [445, 21], [445, 201], [217, 201]], '떼', 0.017044764672534463), ([[96, 336], [134, 336], [134, 360], [96, 360]], '[(', 0.04688071003090019), ([[88, 396], [144, 396], [144, 424], [88, 424]], '["(', 0.26620193052005653), ([[327, 411], [482, 411], [482, 496], [327, 496]], '아콩!!', 0.8986854553222656)]
[([[524, 378], [618, 378], [618, 454], [524, 454]], '아콩', 0.9925373161232848)]
[([[589, 79], [675, 79], [675, 117], [589, 117]], '아혹!', 0.25338436192086733)]
[([[135, 95], [221, 95], [221, 135], [135, 135]], '아흥!!', 0.28247708082199097), ([[97, 213], [249, 213], [249, 253], [97, 253]], '이게 뛰야?', 0.599360315993794), ([[97, 247], [203, 247], [203, 285], [97, 285]], '안빠저!', 0.6059315800666809), ([[638, 510], [758, 510], [758, 634], [638, 634]], '쨌출', 0.004290290668571802), ([[642, 546], [715, 546], [715, 624], [642, 624]], '동와', 0.05591040267070544), ([[645, 617], [681, 617], [681, 653], [645, 653]], '뼈', 0.7187900333773065), ([[673, 583], [712, 583], [712, 656], [673, 656]], '쥐', 0.9865439294640623), ([[102.3300131534902, 445.032136796298], [148.46874416128674, 422.01571199682746], [212.6699868465098, 562.967863203702], [165.53125583871326, 584.9842880031725]], '둘', 0.9917215492234597), ([[231.91051062220063, 604.0661871020453], [339.20870206093974, 625.3098495322381], [321.08948937779934, 703.9338128979547], [213.79129793906026, 681.6901504677619]], '올@', 0.009649998268468163)]
[([[649, 131], [713, 131], [713, 167], [649, 167]], '이제', 0.9997806748456132), ([[117, 150], [356, 150], [356, 198], [117, 198]], '빼주권 월 빼주나', 0.5909162671861413), ([[646, 160], [742, 160], [742, 202], [646, 202]], '끝낫어', 0.19162180532849438), ([[109, 217], [311, 217], [311, 259], [109, 259]], '애 먹이고 있어', 0.9810451817970537), ([[574.3053712883528, 702.1245024785526], [617.9921452813853, 714.8229204194324], [612.6946287116472, 732.8754975214474], [569.0078547186147, 719.1770795805676]], '사', 0.5605209324707836)]
[]
[([[62, 236], [158, 236], [158, 434], [62, 434]], '콩', 0.7998485818848309)]
[([[569, 123], [731, 123], [731, 165], [569, 165]], '이뤄 한슬로', 0.47727387924781534), ([[567, 155], [731, 155], [731, 199], [567, 199]], '야한 상상울', 0.7655440377540152), ([[568, 190], [665, 190], [665, 230], [568, 230]], '하시게', 0.9905798983243532), ([[67, 309], [81, 309], [81, 341], [67, 341]], '?', 0.8323059548875769), ([[78.64376475006046, 143.01270650084632], [116.2503444668439, 150.53503081975418], [85.35623524993954, 292.9872934991537], [48.7496555331561, 284.4649691802458]], '불', 0.5004173237292129)]
[([[77, 139], [259, 139], [259, 181], [77, 181]], '원 개소리야?', 0.9938877309265425)]
[([[85, 207], [211, 207], [211, 247], [85, 247]], '이것들이', 0.999803364276886), ([[85, 239], [311, 239], [311, 281], [85, 281]], '보자보자 하니까', 0.5937146126077669)]
[([[341, 13], [435, 13], [435, 55], [341, 55]], '알앞어', 0.35301277205600007), ([[343, 45], [435, 45], [435, 85], [343, 85]], '알앞어', 0.36222116434827495), ([[558, 110], [588, 110], [588, 154], [558, 154]], '들', 0.9032730660592847), ([[669, 163], [761, 163], [761, 207], [669, 207]], '알컷고', 0.31818099045615694), ([[667, 197], [763, 197], [763, 237], [667, 237]], '이거나', 0.9997941457222761), ([[669, 229], [759, 229], [759, 269], [669, 269]], '풀어쥐', 0.9817234792180274), ([[675, 263], [739, 263], [739, 301], [675, 301]], '나원', 0.9999827198358404), ([[641, 291], [795, 291], [795, 335], [641, 335]], '부끄러워서', 0.6587862778391798), ([[65, 709], [581, 709], [581, 751], [65, 751]], '우리 슬로양 취향도 변태스럽기도 하지', 0.9083319167688191)]
[([[217, 69], [615, 69], [615, 113], [217, 113]], '캠린! 무기름 모두 들없습니다', 0.2747456410222053), ([[215, 101], [439, 101], [439, 143], [215, 143]], '걱정하지 마세요', 0.6440010718398363), ([[99, 757], [173, 757], [173, 795], [99, 795]], '우어-', 0.5799517035484314)]
[([[195, 173], [291, 173], [291, 213], [195, 213]], '우이씨', 0.9969919682277132)]
[([[125, 339], [167, 339], [167, 375], [125, 375]], '씨', 0.01995160863700196), ([[145.33156707956985, 319.0562457694621], [226.98740478189123, 355.68282007416775], [212.66843292043015, 385.9437542305379], [131.01259521810877, 349.31717992583225]], '첫니', 0.007928380276318637)]
[([[318, 718], [440, 718], [440, 856], [318, 856]], ':', 0.04833426656119877), ([[54.60776772972363, 330.03883864861814], [128.9445509508585, 365.53232318903406], [120.39223227027637, 383.96116135138186], [46.0554490491415, 347.46767681096594]], '회 "/\')41477', 0.0037530126281847802)]
[([[277, 109], [389, 109], [389, 147], [277, 147]], '뭐하나?', 0.772387361215701), ([[273, 139], [369, 139], [369, 181], [273, 181]], '재네들', 0.9725632164375134), ([[644.0652700194609, 485.054795165417], [694.5021524921862, 448.0157753742401], [787.9347299805391, 585.945204834583], [737.4978475078138, 622.9842246257599]], '%', 0.009329051887446704)]
[([[326, 37], [804, 37], [804, 205], [326, 205]], '아하하렉고', 0.04663167933728318), ([[83.42198088636134, 285.0119374499444], [188.98433905303415, 268.3217793402601], [227.57801911363867, 554.9880625500556], [123.01566094696584, 570.6782206597398]], '탑', 0.4073305661910389)]
[([[118, 418], [310, 418], [310, 592], [118, 592]], '자', 0.5895433429646459)]
[([[377, 79], [453, 79], [453, 119], [377, 119]], '뒷어!', 0.1754398114687718), ([[631, 77], [783, 77], [783, 119], [631, 119]], '뛰야? 이건', 0.8623463852619487), ([[375, 113], [481, 113], [481, 151], [375, 151]], '해벗다!', 0.289337694644928), ([[199, 133], [237, 133], [237, 183], [199, 183]], '들', 0.2672643066730984), ([[175.400119964012, 498.0605878236588], [245.99896175805856, 526.9210799537353], [234.599880035988, 552.9394121763412], [164.00103824194144, 525.0789200462647]], '도매씨', 0.05014083104223445), ([[93.34920862654403, 505.07143881944813], [138.9979445013003, 530.8889650184703], [125.65079137345597, 555.9285611805518], [79.0020554986997, 529.1110349815297]], '{', 0.8499561616478246)]
[([[206, 71], [758, 71], [758, 276], [206, 276]], '9즈', 0.004958462523879692), ([[166, 244], [744, 244], [744, 416], [166, 416]], '애잠:)', 0.00042638444574549794), ([[118, 464], [188, 464], [188, 512], [118, 512]], '11', 0.999303552235226), ([[306, 456], [497, 456], [497, 522], [306, 522]], '캠린해록', 0.1077858954668045), ([[592, 462], [694, 462], [694, 516], [592, 516]], '005', 0.9939475059509277), ([[461, 661], [535, 661], [535, 699], [461, 699]], '으액', 0.6781834192362795), ([[457, 697], [611, 697], [611, 737], [457, 737]], '저게 뛰야?', 0.4572116792623026)]
[([[87, 67], [301, 67], [301, 109], [87, 109]], '겁나 보기 흉해!', 0.7639273133026584)]
[([[143, 49], [237, 49], [237, 87], [143, 87]], '추배커', 0.14172202134136688), ([[141, 79], [365, 79], [365, 121], [141, 121]], '저영감 주둥이도', 0.9886723829021683), ([[143, 115], [267, 115], [267, 153], [143, 153]], '막아버려', 0.9995215535163879), ([[487, 109], [741, 109], [741, 153], [487, 153]], '평범하게 묶으라고', 0.5265304646740581), ([[487, 141], [613, 141], [613, 183], [487, 183]], '평범하게', 0.9996705651283264), ([[321, 191], [407, 191], [407, 229], [321, 229]], '우어', 0.99999527955623), ([[50, 308], [86, 308], [86, 340], [50, 340]], '41', 0.26878393510130955), ([[773, 653], [787, 653], [787, 699], [773, 699]], '}', 0.21108412123011533), ([[735.5326350097304, 557.0273975827085], [765.386532069571, 548.0187196834192], [794.4673649902696, 649.9726024172915], [764.613467930429, 658.9812803165808]], '물', 0.7928000462192166)]
[([[483, 44], [734, 44], [734, 88], [483, 88]], '괜지 위험활것갈은', 0.22015607653874608), ([[483, 77], [775, 77], [775, 121], [483, 121]], '느낌적인 느낌이 있다', 0.8053842760976139), ([[525, 247], [695, 247], [695, 289], [525, 289]], '저 못생긴 논', 0.7535525285748172), ([[525, 281], [631, 281], [631, 319], [525, 319]], '4버려!', 0.3719651997089386)]
[([[57, 11], [409, 11], [409, 195], [57, 195]], '파비', 0.9310283272198933)]
[([[623, 61], [715, 61], [715, 101], [623, 101]], '그렇지', 0.9996596655862579), ([[682, 94], [716, 94], [716, 126], [682, 126]], '어', 0.999971866805538), ([[144, 108], [248, 108], [248, 188], [144, 188]], '양양해:', 0.34592628479003906), ([[616, 84], [756, 84], [756, 204], [616, 204]], '질히답~', 0.0016211102483794093), ([[654, 160], [686, 160], [686, 194], [654, 194]], '어', 0.9999834299773944), ([[315, 417], [357, 417], [357, 453], [315, 453]], '{(', 0.074672701896684)]
[([[583, 45], [681, 45], [681, 89], [583, 89]], '이논!!', 0.532709538936615)]
[([[253, 115], [343, 115], [343, 265], [253, 265]], '7', 0.8873952776193619), ([[208, 532], [366, 532], [366, 682], [208, 682]], '새', 0.8528908945923064)]
[([[49, 193], [540, 193], [540, 549], [49, 549]], '사마국', 0.05175187015186276), ([[604, 816], [658, 816], [658, 872], [604, 872]], '7 `', 0.16285693645477295), ([[566, 942], [662, 942], [662, 1040], [566, 1040]], '0', 0.8113431199492425)]
[([[623, 75], [777, 75], [777, 117], [623, 117]], '아싸! 승리!', 0.894870454329926), ([[50, 180], [86, 180], [86, 212], [50, 212]], '저', 0.9993115656698137), ([[99, 175], [171, 175], [171, 217], [99, 217]], '젊다', 0.302320246599238), ([[433, 163], [499, 163], [499, 201], [433, 201]], '하양', 0.704060696763371), ([[47, 207], [279, 207], [279, 249], [47, 249]], '궁둥이 좀 치위라', 0.6250894880386917), ([[228.552548950656, 360.25223496314874], [375.37533462398505, 328.40617838582403], [390.447451049344, 431.74776503685126], [243.62466537601497, 463.59382161417597]], '우움', 0.27178976462227755)]
[([[520, 60], [652, 60], [652, 92], [520, 92]], '그래 그래', 0.9996692468506916), ([[503, 89], [663, 89], [663, 129], [503, 129]], '우리 묶인거', 0.9390488198562299), ([[483, 121], [685, 121], [685, 163], [483, 163]], '먼저   풀어주고', 0.46809545225661103), ([[528, 158], [620, 158], [620, 190], [528, 190]], '크크크', 0.999911972684877), ([[269.455544456383, 410.0164835303193], [339.8825475672016, 399.1990901233325], [366.544455543617, 592.9835164696807], [296.1174524327984, 603.8009098766674]], '#', 0.04840618246270112)]
[([[474, 118], [564, 118], [564, 150], [474, 150]], '크크크', 0.9996094254203576), ([[471, 147], [627, 147], [627, 187], [471, 187]], '저녀석들도', 0.9819449905256576), ([[471, 177], [663, 177], [663, 219], [471, 219]], '모두 묶어버려', 0.9992670814775565), ([[660, 300], [688, 300], [688, 324], [660, 324]], '단', 0.06006281581483197), ([[359, 319], [523, 319], [523, 505], [359, 505]], '옆', 0.018212113030779742), ([[218, 692], [284, 692], [284, 724], [218, 724]], '아파', 0.9996929318721505), ([[217, 719], [313, 719], [313, 761], [217, 761]], '살살해', 0.9990557736732937)]
[([[462, 54], [496, 54], [496, 84], [462, 84]], '그', 0.9999976158156301), ([[528, 54], [590, 54], [590, 86], [528, 86]], '그래', 0.5616588063238509), ([[450, 41], [594, 41], [594, 226], [450, 226]], ')병}', 0.000372297445250335), ([[489, 179], [621, 179], [621, 221], [489, 221]], '능이 있어', 0.9786626839868282), ([[81, 199], [147, 199], [147, 239], [81, 239]], '우어', 0.9998544278888233), ([[324, 218], [358, 218], [358, 250], [324, 250]], '아', 0.9998680396701367), ([[320, 243], [446, 243], [446, 285], [320, 285]], '시즌거려', 0.8513985069151275), ([[660, 248], [686, 248], [686, 272], [660, 272]], '군', 0.5634107995398985)]
