2427658
29
[([[315, 105], [519, 105], [519, 357], [315, 357]], '1', 0.994635642855485), ([[467, 799], [819, 799], [819, 1081], [467, 1081]], '둘리', 0.2056981572607759), ([[19.103515818410564, 837.0529331495491], [498.675861168451, 791.250399786714], [504.8964841815894, 1083.947066850451], [24.32413883154902, 1129.749600213286]], '이른령', 0.20311428864205172)]
[([[463, 701], [597, 701], [597, 837], [463, 837]], '적', 0.615355528567818), ([[285, 785], [393, 785], [393, 901], [285, 901]], '퍽', 0.9992687847264428)]
[([[65, 1014], [258, 1014], [258, 1250], [65, 1250]], '쥐', 0.027914391958585805), ([[32, 1398], [158, 1398], [158, 1528], [32, 1528]], '(', 0.9996151102462001), ([[451.1814642737591, 811.0872284470946], [708.0598557929874, 785.4154955438559], [712.818535726241, 952.9127715529054], [456.9401442070126, 978.5845044561441]], '_ )', 0.5753049254417419), ([[235.21114561800016, 991.0616114610025], [471.883369364547, 960.2274979099691], [486.78885438199984, 1187.9383885389975], [251.11663063545305, 1218.772502090031]], '((', 0.9944924878483284)]
[]
[([[22, 133], [855, 133], [855, 429], [22, 429]], '가파니(', 0.052233029156923294), ([[346, 416], [798, 416], [798, 610], [346, 610]], '~(', 0.16463267512675933), ([[249, 766], [465, 766], [465, 895], [249, 895]], ' ', 0.44207061010983734), ([[165, 1375], [743, 1375], [743, 1581], [165, 1581]], "위기다'", 0.4989207088947296)]
[([[183, 343], [395, 343], [395, 635], [183, 635]], '0', 0.9287823628865368), ([[555, 677], [670, 677], [670, 740], [555, 740]], '(형', 0.0007308983056119179), ([[454, 846], [509, 846], [509, 937], [454, 937]], '흙', 0.9872356515259959), ([[453, 1531], [525, 1531], [525, 1599], [453, 1599]], '바', 0.13345232032988008), ([[236.93300513842502, 65.01498292793102], [821.5932735693491, 187.75635174955826], [741.0669948615749, 496.985017072069], [155.4067264306509, 374.2436482504417]], '{꽤', 0.19565351773254563)]
[([[24, 8], [278, 8], [278, 136], [24, 136]], '실스', 0.5952556460486068), ([[15, 125], [559, 125], [559, 261], [15, 261]], '자기지신해개', 0.2313212019616583), ([[19, 254], [626, 254], [626, 393], [19, 393]], '마입을건 ) 도우녀', 0.05486141190671864), ([[376, 1100], [438, 1100], [438, 1132], [376, 1132]], '벼 %', 0.1678929179906845), ([[15, 1125], [244, 1125], [244, 1236], [15, 1236]], '그리_', 0.9863736942189211), ([[30, 1238], [301, 1238], [301, 1351], [30, 1351]], '도치와', 0.07262202433582443), ([[0, 1324], [512, 1324], [512, 1542], [0, 1542]], '마아올외인) ', 0.018673502513615752), ([[220, 1504], [657, 1504], [657, 1693], [220, 1693]], '운명은?', 0.9902108311653137), ([[892.0506043880225, 906.037615289084], [1007.8412672176539, 968.0546489570997], [958.9493956119775, 1055.962384710916], [844.1587327823461, 994.9453510429003]], '4)', 0.0702521218004254)]
[([[465, 799], [817, 799], [817, 1081], [465, 1081]], '리', 0.9900392431294591), ([[197.80056764430802, -1.9815515599894908], [542.134528339509, 68.43053156451832], [464.199432355692, 400.9815515599895], [119.86547166049104, 330.56946843548167]], '(2', 0.7838565634537358), ([[19.134681669818484, 836.0512063906965], [497.7474413255413, 793.3510941809565], [502.86531833018154, 1085.9487936093035], [24.252558674458733, 1128.6489058190436]], '이른령', 0.049455496277514166)]
[([[14, 166], [446, 166], [446, 336], [14, 336]], '너우키 0', 0.17734285437688624)]
[([[5, 116], [891, 116], [891, 323], [5, 323]], '어른공콤돌리 9', 0.3649595543444468), ([[73, 1470], [938, 1470], [938, 1638], [73, 1638]], '내가춤 도와주지 아구씨', 0.17283246327995438)]
[([[411, 0], [647, 0], [647, 105], [411, 105]], '()', 0.04443214471086283), ([[345, 552], [504, 552], [504, 664], [345, 664]], '품{', 0.012445084828653592)]
[([[30, 116], [812, 116], [812, 315], [30, 315]], '어른공콩 둘리 1', 0.4497626394805929), ([[625, 821], [781, 821], [781, 911], [625, 911]], '내콩', 0.13833441684827136), ([[579, 887], [854, 887], [854, 995], [579, 995]], '올라되라', 0.393791139125824), ([[546, 996], [772, 996], [772, 1094], [546, 1094]], '시불견아', 0.10344038903713226)]
[([[741, 583], [881, 583], [881, 735], [741, 735]], '음', 0.600199133571607), ([[501, 1543], [846, 1543], [846, 1729], [501, 1729]], '#다', 0.17238954799946954)]
[([[185, 177], [970, 177], [970, 357], [185, 357]], '미리다 지지로 키득"', 0.5470268515867129), ([[310, 830], [558, 830], [558, 902], [310, 902]], "'", 0.23933652265393235)]
[([[297, 50], [564, 50], [564, 386], [297, 386]], '4', 0.9838575043641526), ([[465, 799], [819, 799], [819, 1081], [465, 1081]], '리', 0.9887777098843777), ([[19.09289484084001, 838.0535281669522], [498.6848271153867, 792.262970142619], [504.90710515916, 1083.9464718330478], [25.315172884613272, 1129.737029857381]], '이른령', 0.1060840398062275)]
[([[26, 500], [360, 500], [360, 675], [26, 675]], '별리리구 ', 0.10913461145848398), ([[580, 1130], [704, 1130], [704, 1204], [580, 1204]], '(', 0.3133177499994986), ([[144, 1344], [380, 1344], [380, 1564], [144, 1564]], '(', 0.8270025893594699), ([[61.89051233819611, 418.1868690938982], [235.51389331643037, 393.686599015261], [243.10948766180388, 497.8131309061018], [69.48610668356962, 521.313400984739]], '이제', 0.9977832903041033)]
[([[26, 0], [950, 0], [950, 230], [26, 230]], '이른적공돌리 4', 0.23372261442162512), ([[524, 1120], [670, 1120], [670, 1370], [524, 1370]], '9', 0.10403525261978874), ([[359, 1526], [720, 1526], [720, 1682], [359, 1682]], '0 렇기?', 0.34063478950404896)]
[([[145, 157], [364, 157], [364, 314], [145, 314]], '(0', 0.10771644457491325), ([[754, 245], [923, 245], [923, 379], [754, 379]], '아남', 0.36280390012290314), ([[654, 478], [726, 478], [726, 560], [654, 560]], '이', 0.9918381306124537), ([[717, 457], [925, 457], [925, 589], [717, 589]], '통기?', 0.6774339101576944)]
[([[340, 202], [436, 202], [436, 334], [340, 334]], '7', 0.07541669903821457), ([[689, 869], [865, 869], [865, 1077], [689, 1077]], '}', 0.06598882737449685), ([[247, 1261], [407, 1261], [407, 1377], [247, 1377]], '관히', 0.13870026322899748), ([[3, 1387], [577, 1387], [577, 1524], [3, 1524]], '서스관출선 아뇨', 0.14403083380250592)]
[([[0, 18], [298, 18], [298, 282], [0, 282]], '/ 두', 0.514055609703064), ([[628, 0], [828, 0], [828, 244], [628, 244]], '두', 0.14891450166045672), ([[321, 1205], [535, 1205], [535, 1315], [321, 1315]], '| 꿀쩍', 0.198161610709682)]
[([[347, 293], [609, 293], [609, 547], [347, 547]], '과', 0.7599269617565518), ([[509, 463], [647, 463], [647, 605], [509, 605]], '0', 0.9991414923784167), ([[514, 1848], [568, 1848], [568, 1880], [514, 1880]], '6/7', 0.9999834130692158)]
[([[0, 5], [974, 5], [974, 322], [0, 322]], '둘의 귀한?', 0.9215103875126219), ([[552, 502], [972, 502], [972, 654], [552, 654]], "보'되다", 0.5199207067489624), ([[637, 691], [863, 691], [863, 831], [637, 831]], '도치', 0.9990657322468448), ([[69, 889], [203, 889], [203, 1065], [69, 1065]], '0', 0.8507851399416246)]
[([[698, 328], [798, 328], [798, 426], [698, 426]], '팩', 0.7191993135524086), ([[365, 570], [563, 570], [563, 711], [365, 711]], ')', 0.3206805399300414), ([[467.1911248646676, 312.06586167447233], [561.9875479464127, 343.6473450946981], [546.8088751353324, 382.93413832552767], [453.0124520535872, 351.3526549053019]], ',71;', 0.02253502607345581), ([[721.8842518252328, 418.0781879591533], [810.3531602401445, 438.84864561136663], [793.1157481747672, 504.9218120408467], [704.6468397598555, 484.15135438863337]], '7', 0.015886358745303975)]
[([[8, 166], [316, 166], [316, 382], [8, 382]], '깐때', 0.14570388844275106), ([[520, 137], [862, 137], [862, 381], [520, 381]], "'빠아", 0.37210078938500507), ([[557, 371], [623, 371], [623, 445], [557, 445]], '히', 0.9140444404952319), ([[24, 887], [220, 887], [220, 1003], [24, 1003]], '60과', 0.013895224733975689), ([[631, 1401], [833, 1401], [833, 1489], [631, 1489]], "치인지 '", 0.12186498879026188)]
[([[23, 147], [251, 147], [251, 263], [23, 263]], '색4기', 0.0880369881452328), ([[30, 299], [282, 299], [282, 404], [30, 404]], '귀각 둘디', 0.48137544413310246), ([[398, 414], [490, 414], [490, 494], [398, 494]], '(0', 0.9774740367032734), ([[362, 1275], [689, 1275], [689, 1419], [362, 1419]], '도무너', 0.40473376246140097), ([[703, 1323], [809, 1323], [809, 1387], [703, 1387]], '0', 0.5572590691554637)]
[([[170, 42], [340, 42], [340, 234], [170, 234]], '1', 0.9434775436667486), ([[303, 68], [507, 68], [507, 376], [303, 376]], '2', 0.9989365478278716), ([[467, 799], [819, 799], [819, 1081], [467, 1081]], '둘리', 0.28893304278116294), ([[19.124407319055877, 836.0517724749113], [497.6848271153867, 792.262970142619], [502.8755926809441, 1084.9482275250887], [24.315172884613272, 1129.737029857381]], '이른령', 0.04663390185211666)]
[([[326, 344], [448, 344], [448, 468], [326, 468]], ')', 0.5851603225697524), ([[752, 396], [930, 396], [930, 516], [752, 516]], '나참', 0.471706529944995), ([[648, 592], [970, 592], [970, 719], [648, 719]], '왜미렇계', 0.5222455859184265), ([[680, 766], [922, 766], [922, 866], [680, 866]], '시끄리요', 0.25543853640556335), ([[746, 884], [908, 884], [908, 984], [746, 984]], '기야', 0.9087328037445519), ([[305, 1025], [659, 1025], [659, 1205], [305, 1205]], "'()", 0.17587102124115586), ([[157, 1663], [255, 1663], [255, 1728], [157, 1728]], '@-)', 0.0926690196198627), ([[62.01417553999115, 395.0167608757398], [425.06090089950845, 512.679764982737], [340.98582446000887, 746.9832391242602], [-22.060900899508475, 629.320235017263]], '사패', 0.06073200384362969), ([[641.047625879632, 1397.2143164583445], [691.6902684899626, 1354.0265096304859], [770.952374120368, 1459.7856835416555], [720.3097315100374, 1501.9734903695141]], '?', 0.038761440179701845)]
[]
[([[16, 105], [839, 105], [839, 316], [16, 316]], '이증둘 2', 0.0973183308008918), ([[28, 570], [748, 570], [748, 864], [28, 864]], '구 오온', 0.5171489715576172)]
