2435299
20
[([[111, 671], [223, 671], [223, 787], [111, 787]], '0', 0.016244027746152634), ([[102, 810], [393, 810], [393, 948], [102, 948]], '쾌손값', 0.0014505051527839254), ([[357, 894], [629, 894], [629, 1016], [357, 1016]], '찾9껏', 0.02759937722038699)]
[([[217, 81], [293, 81], [293, 117], [217, 117]], "'흐맛?", 0.41791290044784546), ([[529, 447], [621, 447], [621, 483], [529, 483]], '으아앗!', 0.5900018811225891), ([[377, 541], [425, 541], [425, 585], [377, 585]], '땀', 0.06791228265825566), ([[436, 618], [470, 618], [470, 648], [436, 648]], '진', 0.9479985754265705), ([[428, 652], [478, 652], [478, 682], [428, 682]], '이젠', 0.7521662208842947), ([[400, 686], [514, 686], [514, 718], [400, 718]], '들어갈꺼야', 0.9471152564727036), ([[352, 856], [406, 856], [406, 888], [352, 888]], '아냐:', 0.4459655166356128), ([[181.25721864729178, 59.143046618229484], [212.9564682502049, 69.58499158328988], [207.74278135270822, 87.85695338177052], [176.0435317497951, 77.41500841671012]], '미미', 0.8239755493083876)]
[([[312, 142], [370, 142], [370, 174], [312, 174]], '으맛', 0.7567037283535485), ([[98, 324], [162, 324], [162, 356], [98, 356]], '크릇]!', 0.6656655669212341), ([[287, 561], [391, 561], [391, 597], [287, 597]], '기분-야!', 0.315058142570133), ([[294, 598], [384, 598], [384, 630], [294, 630]], '그치 진?', 0.6080026685252549), ([[188, 648], [216, 648], [216, 686], [188, 686]], '7"', 0.9778454632195215), ([[205, 681], [225, 681], [225, 711], [205, 711]], '1', 0.1335078939956844), ([[430, 812], [480, 812], [480, 844], [430, 844]], '완전', 0.9986388439870139), ([[399, 845], [511, 845], [511, 881], [399, 881]], '봉가 죽네!', 0.7525903807125683)]
[([[242, 796], [278, 796], [278, 824], [242, 824]], '진:', 0.8843503868417276), ([[206, 828], [330, 828], [330, 860], [206, 860]], '너가 없어서', 0.9256893360735613), ([[196, 864], [342, 864], [342, 896], [196, 896]], '많이 외로없어', 0.34878171394724045), ([[348.1537115632518, 650.0448886945671], [448.9704381517995, 699.3128932627759], [417.8462884367482, 759.9551113054329], [317.0295618482005, 710.6871067372241]], '^사', 0.03982186460444571)]
[([[105, 153], [253, 153], [253, 189], [105, 189]], '내내가 어럿올때', 0.245496443643575), ([[109, 187], [249, 187], [249, 223], [109, 223]], '날 찾아켓지-', 0.22789311939536203), ([[386, 604], [466, 604], [466, 636], [386, 636]], '날 많이', 0.9933568458010256), ([[366, 638], [484, 638], [484, 670], [366, 670]], '생각해쥐서', 0.549800079349034), ([[372, 674], [478, 674], [478, 706], [372, 706]], '행복햇어!', 0.11327203459495881), ([[52, 796], [124, 796], [124, 828], [52, 828]], '그런데;', 0.9983978867530823)]
[([[415, 260], [521, 260], [521, 302], [415, 302]], '어째서', 0.9542242884635925), ([[401, 304], [555, 304], [555, 348], [401, 348]], '떠난거야분', 0.12300932174899619), ([[130, 862], [264, 862], [264, 912], [130, 912]], '크하앗]!', 0.4698104637250162)]
[([[204, 126], [266, 126], [266, 156], [204, 156]], '제발-', 0.9947835803031921), ([[178, 168], [274, 168], [274, 200], [178, 200]], '그만해쥐', 0.9923567175865173), ([[91, 297], [129, 297], [129, 357], [91, 357]], '0', 0.7614362022756929), ([[600, 736], [652, 736], [652, 768], [600, 768]], '이제', 0.9998550179195939), ([[596, 778], [656, 778], [656, 808], [596, 808]], '간다!', 0.8702607175351434), ([[314, 856], [394, 856], [394, 888], [314, 888]], '산다-!!', 0.9137846636773265)]
[]
[([[94, 74], [138, 74], [138, 102], [94, 102]], '흐옥', 0.6267798748046796), ([[226, 416], [326, 416], [326, 448], [226, 448]], '백번은 더', 0.7372417801389649), ([[226, 452], [328, 452], [328, 484], [226, 484]], '말햇는데!', 0.2541645529593182), ([[238, 486], [316, 486], [316, 518], [238, 518]], '난 진이', 0.9282659762620118), ([[222, 518], [329, 518], [329, 556], [222, 556]], '아아니라고', 0.8150967709168007), ([[328, 610], [440, 610], [440, 642], [328, 642]], '나도 알아-', 0.9953677041382473), ([[252, 744], [296, 744], [296, 776], [252, 776]], '엉?', 0.04812271640935269), ([[463, 917], [629, 917], [629, 1023], [463, 1023]], '"소모', 0.007189947456871297)]
[([[117, 55], [249, 55], [249, 91], [117, 91]], '알고있없어-', 0.7938204366655284), ([[109, 91], [257, 91], [257, 127], [109, 127]], '진은 돌아오지', 0.8073672545294577), ([[123, 125], [243, 125], [243, 161], [123, 161]], '않울거란걸', 0.34827568149748533), ([[455, 215], [661, 215], [661, 251], [455, 251]], '하지만 너에계 갈은', 0.5094546737816175), ([[450, 252], [668, 252], [668, 284], [450, 284]], '냄새가 나서 흥분햇어', 0.4360347008382082), ([[473, 287], [625, 287], [625, 323], [473, 323]], '정말 미안하다:', 0.7924960117053634), ([[258, 404], [378, 404], [378, 436], [258, 436]], '우리 아빠는', 0.860085447990322), ([[476, 424], [528, 424], [528, 454], [476, 454]], '이만', 0.999467389681117), ([[230, 438], [400, 438], [400, 470], [230, 470]], "'못찾울지 올라도,", 0.2123124334410799), ([[466, 458], [538, 458], [538, 490], [466, 490]], '가볼께', 0.7033126032027897), ([[270, 474], [366, 474], [366, 506], [270, 506]], '괜찮다면', 0.996742308139801), ([[238, 508], [398, 508], [398, 540], [238, 540]], '우리집에 갈래?', 0.9943812764485342), ([[432, 788], [472, 788], [472, 816], [432, 816]], '자-', 0.9999757235015667), ([[424, 822], [484, 822], [484, 854], [424, 854]], '잠깐', 0.9999152858855028)]
[([[51, 649], [253, 649], [253, 693], [51, 693]], '가르데 반  반가뭐', 0.3612379507112714), ([[573, 665], [635, 665], [635, 701], [573, 701]], '좋아!', 0.437290354238213), ([[40, 686], [112, 686], [112, 716], [40, 716]], '어디로', 0.999961939587016), ([[166, 694], [216, 694], [216, 726], [166, 726]], '나는', 0.9514249640038587), ([[548, 702], [658, 702], [658, 734], [548, 734]], '어서 가자!', 0.6655553398894665), ([[34, 720], [120, 720], [120, 752], [34, 752]], '가야해?', 0.9986534714698792), ([[146, 728], [240, 728], [240, 760], [146, 760]], '코헤이야', 0.737822413444519)]
[([[406, 108], [466, 108], [466, 138], [406, 138]], '제길!', 0.9314509908811354), ([[386, 142], [486, 142], [486, 174], [386, 174]], '역시 혼자', 0.9968201784727908), ([[400, 178], [472, 178], [472, 208], [400, 208]], '오는게', 0.6834403253441007), ([[383, 209], [489, 209], [489, 245], [383, 245]], '아니없에!', 0.2270502082565637), ([[158, 560], [218, 560], [218, 592], [158, 592]], '으맛!', 0.4907411849209711)]
[([[159, 29], [569, 29], [569, 71], [159, 71]], '예로[묘@:젠 & @:.- `~', 2.612024486848855e-05), ([[21, 97], [661, 97], [661, 133], [21, 133]], '예-: 피@ 에토장 >@원 폐입 [9 @ 신몹` 예: `_', 8.891261861979525e-06), ([[21, 121], [615, 121], [615, 158], [21, 158]], '[호51 @래  7예 어@0 $@ [호% 에발감네 [@8', 0.00020274576895054446), ([[19, 147], [677, 147], [677, 183], [19, 183]], "오곁예-| 75 @@,-예내내 카터 '니고@ @탑 [시마6", 4.8584145301202596e-05), ([[19, 173], [635, 173], [635, 210], [19, 210]], "꿈예'트의 7@ @오예 $@료 -@8  @ 히어 요슬>", 0.0001945040160363153), ([[20, 199], [693, 199], [693, 237], [20, 237]], '에@- 통: 8@ @@예오의터 [장- @@오사 예@어 예스국', 0.00013281690525638763), ([[22, 227], [688, 227], [688, 260], [22, 260]], '쪽용 @내:|) [@신위트- 편 >@신 감맵오긋 [예후끗% -교벼', 6.060218128819371e-07), ([[21, 249], [697, 249], [697, 291], [21, 291]], '현@ -뜨트 피니요 트0 @0 0 가위토세 7,예7 |@_0 카3료', 8.446142664786103e-07), ([[21, 277], [285, 277], [285, 314], [21, 314]], '에탑 [호, 항내야스-.>.', 4.828225296988491e-06), ([[19, 303], [697, 303], [697, 341], [19, 341]], '프네 @ 멘예@ 4 [@갑 속@:: $@ [신시-궁 [@@', 0.00020750821191451883), ([[20, 332], [252, 332], [252, 364], [20, 364]], '[@:예갈- 7@ [빵!', 0.0031020402052662137), ([[42, 398], [112, 398], [112, 424], [42, 424]], '_또염6', 0.0004079890495631844), ([[42, 432], [392, 432], [392, 460], [42, 460]], '오[_입/ > `@-_작이@_ [교-8히-48', 5.648855937335818e-06), ([[220, 526], [272, 526], [272, 578], [220, 578]], '기', 0.016247735164247823), ([[42, 910], [164, 910], [164, 938], [42, 938]], '[훨@@}미옷', 0.00020750452775841844), ([[99.67994083773704, 553.3438047645323], [237.56951030983015, 532.4347470728299], [244.32005916226296, 601.6561952354677], [106.43048969016984, 623.5652529271701]], '시싸리하!', 0.002249224010015376), ([[92.30930882401475, 683.0402397064162], [193.0941675799988, 644.4650193320492], [204.69069117598525, 677.9597602935838], [103.9058324200012, 717.5349806679508]], '53 전3#"', 0.00019400000705058565), ([[-2.4388430433987693, 727.8295040435816], [93.84685277039112, 683.1901193435101], [108.43884304339878, 721.1704959564184], [11.153147229608873, 764.8098806564899]], ')0/8-', 0.0006784825133850483)]
[([[420, 66], [446, 66], [446, 94], [420, 94]], '난', 0.9992524590925314), ([[400, 100], [472, 100], [472, 132], [400, 132]], '끝이야', 0.4113711714744568), ([[17, 321], [275, 321], [275, 577], [17, 577]], '돌:', 0.002977200643101739), ([[470, 478], [538, 478], [538, 510], [470, 510]], '안돼!', 0.10299350477341572)]
[([[25, 0], [163, 0], [163, 131], [25, 131]], "'^", 0.049958543893825695), ([[550, 66], [594, 66], [594, 96], [550, 96]], '에?', 0.9939527448340032), ([[370, 92], [424, 92], [424, 122], [370, 122]], '뭐지:', 0.5591409190440421), ([[372, 124], [438, 124], [438, 156], [372, 156]], '악마?', 0.5015557408332825), ([[507, 263], [533, 263], [533, 283], [507, 283]], '', 0.0)]
[([[566, 442], [644, 442], [644, 474], [566, 474]], '지금 날', 0.9902544658989747), ([[538, 474], [671, 474], [671, 512], [538, 512]], '구해준거야?', 0.9933204461674622), ([[274, 662], [356, 662], [356, 694], [274, 694]], '전 이만', 0.7266847416316352), ([[270, 698], [360, 698], [360, 730], [270, 730]], '가불께요', 0.7286334037780762), ([[468, 690], [508, 690], [508, 720], [468, 720]], '에-', 0.9981706429023567), ([[430, 723], [544, 723], [544, 755], [430, 755]], '구해주서서', 0.9967801948686419), ([[440, 759], [536, 759], [536, 791], [440, 791]], '감사해요', 0.9647051095962524)]
[([[256, 270], [326, 270], [326, 302], [256, 302]], '뭐하는', 0.8541136935543117), ([[257, 302], [323, 302], [323, 338], [257, 338]], '거지?', 0.9956409032729614), ([[92, 452], [134, 452], [134, 484], [92, 484]], '진?', 0.9998073100465372), ([[178, 636], [238, 636], [238, 668], [178, 668]], '잠만!', 0.5314161596609226), ([[506, 631], [602, 631], [602, 663], [506, 663]], '말울해!?', 0.48722481505142534), ([[170, 670], [274, 670], [274, 702], [170, 702]], '진이아내', 0.762636661529541), ([[454, 728], [518, 728], [518, 760], [454, 760]], '잠깐-', 0.9998867828858348), ([[436, 764], [540, 764], [540, 794], [436, 794]], '우리 아빠', 0.876560945065799), ([[438, 800], [510, 800], [510, 832], [438, 832]], '이름을', 0.2767405393050967), ([[306, 876], [376, 876], [376, 906], [306, 906]], '드디어', 0.999972469844606), ([[304, 910], [378, 910], [378, 942], [304, 942]], '만낫어', 0.35455453774803064), ([[320, 946], [358, 946], [358, 974], [320, 974]], '진-', 0.9992591388097809)]
[([[512, 176], [614, 176], [614, 208], [512, 208]], '정말 오래', 0.5383862565882936), ([[510, 212], [618, 212], [618, 244], [510, 244]], '기다처어-', 0.22555383884365557), ([[72, 566], [168, 566], [168, 598], [72, 598]], '어서하자', 0.9992077464055671)]
[([[394, 108], [476, 108], [476, 140], [394, 140]], '그만뒤!', 0.8782567941999867), ([[396, 144], [474, 144], [474, 176], [396, 176]], '난 진이', 0.6566180106546575), ([[404, 178], [466, 178], [466, 210], [404, 210]], '아냐!', 0.5055687989427824), ([[412, 320], [462, 320], [462, 350], [412, 350]], '우리', 0.999932650000384), ([[394, 354], [478, 354], [478, 386], [394, 386]], '아빠가?', 0.3803383100761613)]
[([[334, 30], [358, 30], [358, 56], [334, 56]], '^"', 0.0916311821805026), ([[116, 126], [160, 126], [160, 158], [116, 158]], '에?', 0.8210643834670213), ([[40, 294], [120, 294], [120, 324], [40, 324]], '기다려', 0.9927137052533783), ([[14, 328], [144, 328], [144, 360], [14, 360]], '너무 크잡아!', 0.9196700443611594), ([[6, 364], [150, 364], [150, 396], [6, 396]], '그런게 들어칼', 0.4967525572224322), ([[43, 394], [112, 394], [112, 432], [43, 432]], '리가-', 0.9960175120288469), ([[342, 490], [406, 490], [406, 522], [342, 522]], '없장-', 0.6127716828779415), ([[248, 724], [296, 724], [296, 754], [248, 754]], '너무', 0.9999652711734577), ([[242, 758], [304, 758], [304, 790], [242, 790]], '좁아-', 0.9996743247669098), ([[367, 787], [407, 787], [407, 923], [367, 923]], '움', 0.08924188365058061)]
