2438682
22
[([[211, 0], [626, 0], [626, 140], [211, 140]], '[때패', 0.0006196240237030502), ([[622, 94], [702, 94], [702, 144], [622, 144]], '차장', 0.0007209175743674434), ([[73, 71], [791, 71], [791, 377], [73, 377]], '[방이다다', 0.005503092048106438), ([[0, 236], [153, 236], [153, 1313], [0, 1313]], "'", 0.609262959713547), ([[811, 1239], [893, 1239], [893, 1255], [811, 1255]], '다 "', 0.15235094656657405), ([[810, 1164], [898, 1164], [898, 1220], [810, 1220]], '88]', 0.04477387016762403), ([[816, 1214], [886, 1214], [886, 1240], [816, 1240]], '$여', 0.05017549221041469), ([[794, 1258], [916, 1258], [916, 1308], [794, 1308]], '휴고물:신', 0.00037947032414073506)]
[([[32, 1], [139, 1], [139, 37], [32, 37]], '때빼빼', 0.0013422671932040258), ([[188, 10], [306, 10], [306, 40], [188, 40]], '1학년 ^반', 0.7458221474476212), ([[370, 10], [506, 10], [506, 38], [370, 38]], '아시도 미나', 0.8824870292074517), ([[0, 17], [179, 17], [179, 74], [0, 74]], '[)로이라)@뻐', 0.00018756331177477992), ([[443, 1303], [733, 1303], [733, 1316], [443, 1316]], "';?] 4드룹디] 9] 베끈 먼7드 9+ [리;데드니", 1.058957499998103e-06), ([[739, 1303], [839, 1303], [839, 1316], [739, 1316]], '4=;드? ->드후?', 0.00011510245485948211), ([[853, 1303], [903, 1303], [903, 1316], [853, 1316]], '[7:니', 0.05692300945520401)]
[([[32, 0], [139, 0], [139, 37], [32, 37]], '그@야', 7.99943946458882e-05), ([[188, 10], [306, 10], [306, 40], [188, 40]], '1학년 ^반', 0.741790898250339), ([[372, 10], [504, 10], [504, 38], [372, 38]], '아스이 초유', 0.9275372739197296), ([[525, 5], [757, 5], [757, 42], [525, 42]], '장마절 히어로 프로프', 0.38253322500242043), ([[0, 17], [179, 17], [179, 74], [0, 74]], '[)로이라우@뻐', 0.00024074584918068798), ([[531, 1303], [827, 1303], [827, 1316], [531, 1316]], '7좌나니니 4극니 9] 즐디?니 9즐-더모 베후9', 9.049044206198014e-06), ([[834, 1300], [903, 1300], [903, 1316], [834, 1316]], "'파,령레명니", 1.6175133947519163e-05)]
[([[32, 1], [139, 1], [139, 37], [32, 37]], '그빼빼', 0.0014116105152878588), ([[188, 10], [306, 10], [306, 40], [188, 40]], '1학년 ^반', 0.7760021839827015), ([[370, 10], [554, 10], [554, 38], [370, 38]], '야오요로즈 모모', 0.701448517787906), ([[570, 10], [612, 10], [612, 40], [570, 40]], '만들', 0.9876556230521341), ([[630, 10], [830, 10], [830, 40], [630, 40]], '하어로 크리에이터', 0.6924962781753929), ([[0, 18], [179, 18], [179, 74], [0, 74]], '다시로이라다', 0.009948411513776739), ([[495, 1302], [837, 1302], [837, 1316], [495, 1316]], '교]금] 히]]니즐<]-0 (] @늑 신-7] 상.구;', 9.054449226344582e-07), ([[845, 1301], [905, 1301], [905, 1316], [845, 1316]], '꼴~<즐월;', 8.847423710752191e-05)]
[([[32, 0], [139, 0], [139, 37], [32, 37]], '그@', 0.0006895458776543326), ([[188, 10], [306, 10], [306, 40], [188, 40]], '1학년 ^반', 0.7212577559997273), ([[372, 8], [554, 8], [554, 40], [372, 40]], '우라라카 오자코', 0.8897628208336195), ([[575, 9], [669, 9], [669, 39], [575, 39]], '우라비터', 0.8506025075912476), ([[0, 17], [179, 17], [179, 74], [0, 74]], '[)로이라)@뻐', 0.00014244207963753173), ([[655, 1299], [909, 1299], [909, 1316], [655, 1316]], '이프지]디먼 이/썩<넉`<] 넉`] /낙즐-니', 4.810645539938307e-07)]
[([[34, 1], [139, 1], [139, 37], [34, 37]], '퓨뼈', 0.0008764643476714833), ([[190, 12], [242, 12], [242, 36], [190, 36]], '교사', 0.902754783086935), ([[370, 10], [532, 10], [532, 40], [370, 40]], '카야마 네무리', 0.8610022842448689), ([[550, 9], [813, 9], [813, 40], [550, 40]], '18금 히어로 미드나이트', 0.9056205694796648), ([[0, 25], [177, 25], [177, 67], [0, 67]], '[)어로이리디뭄}', 0.0013039955037002545), ([[81, 247], [99, 247], [99, 273], [81, 273]], '국', 0.0009718814749293397), ([[545, 1301], [605, 1301], [605, 1315], [545, 1315]], '<밥굽신;', 0.0002317331991925425), ([[602, 1300], [709, 1300], [709, 1316], [602, 1316]], '소]니]굽] +삼', 0.00016199804509327672), ([[721, 1301], [909, 1301], [909, 1316], [721, 1316]], '6 아미니 베장3 교디]지+', 0.00015019677589351064)]
[([[34, 4], [136, 4], [136, 34], [34, 34]], '[-__의`', 0.000789082316402259), ([[190, 12], [240, 12], [240, 36], [190, 36]], '프로', 0.9992360474280341), ([[243, 6], [326, 6], [326, 42], [243, 42]], '히어로', 0.7795782326186204), ([[368, 10], [506, 10], [506, 40], [368, 40]], '타페야마 유', 0.12946150860096603), ([[524, 10], [680, 10], [680, 36], [524, 36]], '마운트 레이디', 0.7770583321936058), ([[0, 17], [179, 17], [179, 74], [0, 74]], '다)로이라)@뻐', 0.0002953221232940906), ([[643, 1302], [911, 1302], [911, 1316], [643, 1316]], '의 주-즐>]굽 풍 (]<+ (즐디무니', 2.1885040354826432e-05)]
[([[34, 4], [136, 4], [136, 34], [34, 34]], '[-__의세해`', 0.00010639560948992626), ([[244, 7], [323, 7], [323, 39], [244, 39]], '히어로', 0.4000280778727795), ([[370, 10], [588, 10], [588, 40], [370, 40]], '드래군 히어로 유류', 0.25960748103964126), ([[0, 17], [179, 17], [179, 74], [0, 74]], '[)로이라)@뻐', 0.00019643095971134557), ([[710, 1300], [837, 1300], [837, 1316], [710, 1316]], '-]]즐긁7 괜서<5', 1.3671271312861453e-05), ([[843, 1303], [911, 1303], [911, 1316], [843, 1316]], '_니:니니', 0.005882437333173242)]
[([[36, 4], [136, 4], [136, 34], [36, 34]], '[-__의세해', 0.0004865259603943778), ([[190, 10], [324, 10], [324, 40], [190, 40]], '프 히어로', 0.25369248100029745), ([[370, 10], [396, 10], [396, 34], [370, 34]], '버', 0.9838371666376133), ([[0, 17], [179, 17], [179, 74], [0, 74]], '[)로이리)@뻐', 0.0002794964296521845), ([[815, 1303], [909, 1303], [909, 1316], [815, 1316]], '쨌신너-드 훌더|', 0.0001411397677181134)]
[([[34, 4], [136, 4], [136, 34], [34, 34]], '[-__의`', 0.001101152227441838), ([[190, 10], [240, 10], [240, 38], [190, 38]], '빌런', 0.9981402293285978), ([[370, 10], [504, 10], [504, 36], [370, 36]], '토가 히미코', 0.5149712103421216), ([[0, 17], [179, 17], [179, 74], [0, 74]], '다)로이라)@뻐', 0.00018751128840906276), ([[665, 1303], [907, 1303], [907, 1316], [665, 1316]], '후금:형 739즐 넉무 베:형 7형9즐', 2.6344487546702057e-05)]
[([[32, 1], [139, 1], [139, 37], [32, 37]], '떠빼빼', 0.0013925883732955396), ([[190, 10], [242, 10], [242, 36], [190, 36]], '교사', 0.8259176015853882), ([[369, 5], [532, 5], [532, 41], [369, 41]], '순우젠지 치요', 0.44060779756629687), ([[548, 10], [792, 10], [792, 40], [548, 40]], '모령 히로인 리커버리', 0.5790141049566447), ([[0, 17], [179, 17], [179, 74], [0, 74]], '다)로이리)@뻐', 0.00020590363834856643), ([[447, 1299], [777, 1299], [777, 1316], [447, 1316]], '뻗지의3 -실신>풍7 끼-즐 히어신+지동이 후<-긁7타:', 4.0291498602617904e-08), ([[783, 1301], [905, 1301], [905, 1316], [783, 1316]], '[_]무타걸 니 쉽"\'', 1.7169570924905775e-05)]
[]
[([[332, 10], [438, 10], [438, 42], [332, 42]], '[콩위,+도', 0.0004306708072619382), ([[320, 488], [618, 488], [618, 610], [320, 610]], '*"껍#:신들', 3.904195735087514e-05), ([[392, 752], [532, 752], [532, 800], [392, 800]], '묘:어)', 0.0028881027828902006), ([[410, 844], [528, 844], [528, 868], [410, 868]], '영4버:굉:', 0.0006875779886676311), ([[194, 870], [741, 870], [741, 900], [194, 900]], '"오||버감감 `뱀,+댁;-,어감,용,거--어적|교뇌.*|덥떨<댁도4|살*어뱀.', 6.149280489435029e-10), ([[431, 930], [506, 930], [506, 958], [431, 958]], '3오어_:', 0.005865553658532181), ([[309, 960], [623, 960], [623, 988], [309, 988]], '"권-이이니역두채도4어-"*+위4악6모 <어,/', 7.529001639471399e-08), ([[406, 1022], [532, 1022], [532, 1046], [406, 1046]], '_어시-4_-:', 0.009887467291851467), ([[318, 1048], [618, 1048], [618, 1080], [318, 1080]], '*두채자 <어가금;5;|/@9값댁; _어<', 1.0704618770683464e-07), ([[171, 1253], [509, 1253], [509, 1273], [171, 1273]], '앗0느-디-7+ 주=7 (어듭 후@,0 ^삭히|@악3) ;$ 3/ 이*8커7라', 6.954362840074473e-07), ([[513, 1253], [751, 1253], [751, 1271], [513, 1271]], '키,안3+형7 아 ## #꾸 (좁낯실서; 베아**|도)', 1.6931446847726057e-06), ([[467, 1301], [501, 1301], [501, 1316], [467, 1316]], '2077', 0.8508397936820984)]
[]
[([[138, 119], [348, 119], [348, 149], [138, 149]], '*4"4:몸 서:-4 ?,--신-7- : 500#', 6.973375637248924e-05), ([[119, 321], [389, 321], [389, 363], [119, 363]], '5 "071289"041289"', 0.9954590430161323), ([[397, 331], [413, 331], [413, 353], [397, 353]], '>', 0.9999264492208262), ([[882, 5], [955, 5], [955, 424], [882, 424]], '{', 0.11509466624198694), ([[566, 986], [638, 986], [638, 1062], [566, 1062]], '"', 0.12220552341209245), ([[144, 1199], [294, 1199], [294, 1316], [144, 1316]], '0히', 0.0241208215036316), ([[149, 1307], [449, 1307], [449, 1343], [149, 1343]], '9 + >7. 그 = " 고 [', 0.06388747812157966), ([[287.7095603064832, 788.2963291646362], [489.14538465528705, 769.1721143150017], [491.2904396935168, 843.7036708353638], [289.85461534471295, 862.8278856849983]], '뜨:무', 0.006983544969209716), ([[102.01299719785837, 807.2506890716477], [282.2155929878961, 791.5452615391285], [282.9870028021416, 861.7493109283523], [102.7844070121039, 877.4547384608715]], '좁-', 0.003244606507058162), ([[127.26787114705526, 888.3446974735155], [496.4264930839174, 856.4945411183381], [497.73212885294475, 948.6553025264845], [127.57350691608258, 980.5054588816619]], '춤만소)락=', 0.000422226391321889)]
[([[212, 442], [300, 442], [300, 516], [212, 516]], '답', 0.010497942572081309), ([[681, 487], [773, 487], [773, 549], [681, 549]], '영.', 0.0008659284891241511), ([[322, 508], [498, 508], [498, 625], [322, 625]], '0리', 0.004249398384425036), ([[437, 1137], [541, 1137], [541, 1173], [437, 1173]], '좁서맑습-신?', 0.0001775890196937307), ([[282.8834409320689, 413.2055487535513], [435.4449810596444, 389.9514331313204], [444.1165590679311, 485.7944512464487], [291.5550189403556, 510.0485668686796]], '꺼딱', 0.008869603265756408), ([[432.2445888727061, 389.0285731197205], [681.9851954719715, 457.4560593906319], [654.7554111272939, 540.9714268802795], [405.0148045280285, 472.5439406093681]], '세미', 0.001952831149342742), ([[92.60588745030458, 623.241212152132], [451.95477596938855, 536.0743596709875], [483.3941125496954, 740.758787847868], [124.04522403061145, 826.9256403290125]], '거향}', 0.011477084841880026)]
[([[32, 0], [139, 0], [139, 37], [32, 37]], '그@때야', 7.839142926968634e-05), ([[188, 10], [304, 10], [304, 40], [188, 40]], '1학년 만반', 0.8314586940666999), ([[370, 10], [532, 10], [532, 40], [370, 40]], '스노토리 포니', 0.15752950471327362), ([[548, 10], [622, 10], [622, 40], [548, 40]], '로레터', 0.22761964486583275), ([[0, 17], [179, 17], [179, 74], [0, 74]], '다)로이라)@뻐', 0.00027974804510093315), ([[768, 1302], [911, 1302], [911, 1316], [768, 1316]], '"즐형니 750망형+형묶;', 6.0219864194021574e-05)]
[([[32, 1], [139, 1], [139, 37], [32, 37]], '그빼빼', 0.0014116105152878588), ([[188, 10], [304, 10], [304, 40], [188, 40]], '1학년 만반', 0.6748569074506443), ([[384, 7], [530, 7], [530, 40], [384, 40]], '나나기 테이코', 0.13964530006914883), ([[550, 10], [622, 10], [622, 40], [550, 40]], '에밀리_', 0.5671374201774597), ([[0, 18], [179, 18], [179, 74], [0, 74]], '다시로이라다', 0.010111032325458914), ([[119, 123], [229, 123], [229, 185], [119, 185]], '1/', 0.0897200225500573), ([[653, 1301], [909, 1301], [909, 1316], [653, 1316]], '[풍-형 9],]] 넉`썩 맣른답슈밥권넉=+', 1.5567347771982173e-08)]
[([[32, 1], [139, 1], [139, 37], [32, 37]], '그뻐', 0.0005191414486661437), ([[188, 10], [304, 10], [304, 40], [188, 40]], '1학년 만반', 0.6394497511063162), ([[370, 10], [508, 10], [508, 38], [370, 38]], '렌도 이즈카', 0.28547871400656816), ([[522, 10], [556, 10], [556, 38], [522, 38]], '배', 0.9998114197953925), ([[578, 10], [660, 10], [660, 36], [578, 36]], '피스트', 0.9999907773866326), ([[0, 17], [179, 17], [179, 74], [0, 74]], '[)로이라)@뻐', 0.00019825139673629105), ([[649, 1303], [911, 1303], [911, 1316], [649, 1316]], '[녀등나9 소즐진디] 99 벼즐+뒤드 (!느', 4.479654387300425e-06)]
[([[32, 0], [139, 0], [139, 37], [32, 37]], '그때야', 0.00011861243492742789), ([[188, 10], [304, 10], [304, 40], [188, 40]], '1학년 만반', 0.7359128159056856), ([[370, 8], [556, 8], [556, 40], [370, 40]], '시오자키 이바라', 0.9600031833978894), ([[572, 10], [618, 10], [618, 36], [572, 36]], '바이', 0.046929657843026294), ([[0, 17], [179, 17], [179, 74], [0, 74]], '다)로이라)@뻐', 0.0004813962101731641), ([[691, 1303], [909, 1303], [909, 1316], [691, 1316]], '-녀]7-여 드뜨더넉]] (즐대-;즐', 1.6364443589695936e-06)]
[([[34, 0], [140, 0], [140, 37], [34, 37]], '떠@', 0.0008191138381032419), ([[188, 10], [306, 10], [306, 40], [188, 40]], '1학년 ^반', 0.8025858624164386), ([[367, 9], [528, 9], [528, 39], [367, 39]], '하가루레 토오', 0.7257435870547142), ([[574, 10], [624, 10], [624, 36], [574, 36]], '스텔', 0.8444017230894922), ([[653, 7], [873, 7], [873, 43], [653, 43]], '히어로 인비저클 겉', 0.2042984649653956), ([[0, 18], [179, 18], [179, 74], [0, 74]], '다로이라다', 0.056063135944782225), ([[499, 1303], [787, 1303], [787, 1316], [499, 1316]], '7형<니 베즐]]:보<드 디 5월드키+ 베9', 2.6994067565238912e-05), ([[795, 1303], [905, 1303], [905, 1316], [795, 1316]], '-니극병이드 덜더', 6.508003476250808e-05)]
[([[32, 0], [139, 0], [139, 37], [32, 37]], '그@대', 7.279026367447327e-05), ([[188, 10], [306, 10], [306, 40], [188, 40]], '1학년 ^반', 0.6850711777605447), ([[368, 10], [484, 10], [484, 40], [368, 40]], '지로 코카', 0.7279667299293281), ([[497, 6], [753, 6], [753, 42], [497, 42]], '히어 히어로 이어론 책', 0.3273928688952539), ([[0, 17], [179, 17], [179, 74], [0, 74]], '다)로이라)@뻐', 0.00018640939609628388), ([[509, 1300], [907, 1300], [907, 1316], [509, 1316]], '소4]디] ~홍 `맑 베른썩-7] .<른 "썩권오지형7휴 ]디니"', 2.281227825151888e-09)]
