2441357
25
[([[444, 510], [562, 510], [562, 540], [444, 540]], '역진 그리중관', 0.1370986272692332), ([[65, 517], [125, 517], [125, 577], [65, 577]], '숨', 0.3778890163176243), ([[454, 534], [558, 534], [558, 558], [454, 558]], '셋엽 꼬._', 3.082352857354458e-05), ([[216, 556], [274, 556], [274, 608], [216, 608]], '마', 0.17579006424968213), ([[465, 569], [533, 569], [533, 641], [465, 641]], '명', 0.014622510093185659), ([[0, 560], [584, 560], [584, 807], [0, 807]], '때습벌{넷품', 4.36491072484272e-05), ([[230, 786], [288, 786], [288, 810], [230, 810]], '관,', 0.010726009228936288)]
[([[81, 17], [139, 17], [139, 55], [81, 55]], '뼈볕팔', 0.002261333742027153), ([[191, 335], [225, 335], [225, 351], [191, 351]], '#음초', 0.01428812373022032)]
[([[426, 190], [470, 190], [470, 222], [426, 222]], '%학센적', 0.003274919930845499), ([[394, 232], [424, 232], [424, 268], [394, 268]], '@유"', 0.005534497356698011), ([[395, 265], [415, 265], [415, 287], [395, 287]], '하남', 0.09289249187890589), ([[397, 283], [425, 283], [425, 299], [397, 299]], '킬혼대', 0.22433743105606369), ([[424, 478], [468, 478], [468, 504], [424, 504]], '지구#터', 0.08434388041496277), ([[391, 571], [419, 571], [419, 583], [391, 583]], '어드길', 0.1259202740213309)]
[([[442, 62], [470, 62], [470, 86], [442, 86]], '저', 0.9999989271166818), ([[2, 120], [32, 120], [32, 154], [2, 154]], '주', 0.9966675434492487)]
[([[451, 75], [485, 75], [485, 89], [451, 89]], '그럼계', 0.6598827838897705), ([[450, 84], [486, 84], [486, 116], [450, 116]], '%려요', 0.025351203088194458), ([[207, 317], [235, 317], [235, 329], [207, 329]], '수치스', 0.744953490566072), ([[222, 314], [254, 314], [254, 340], [222, 340]], "'수컷적", 0.10310041159391403), ([[205, 333], [247, 333], [247, 373], [205, 373]], '양물', 0.3444779205862186), ([[215, 367], [245, 367], [245, 381], [215, 381]], '믿으니', 0.24897984585060456), ([[449, 559], [473, 559], [473, 571], [449, 571]], '역대', 0.4585815183267444), ([[433, 569], [455, 569], [455, 583], [433, 583]], '수마', 0.982779896681346), ([[450, 568], [488, 568], [488, 594], [450, 594]], '장}', 0.051656385907033885), ([[450, 588], [484, 588], [484, 616], [450, 616]], '{떼례요', 0.028086651116609573), ([[10, 708], [50, 708], [50, 740], [10, 740]], '증철렉]', 0.000276401755400002), ([[241.89059960754955, 420.3358994113243], [256.5352877275722, 409.07296418074014], [276.1094003924505, 438.6641005886757], [261.4647122724278, 448.92703581925986]], '%', 0.6173627414060299), ([[432.45055774420524, 580.0769521047183], [453.79917084102783, 578.1666080705832], [456.54944225579476, 618.9230478952817], [435.20082915897217, 620.8333919294168]], '해', 0.0069644392037716)]
[([[475, 179], [531, 179], [531, 215], [475, 215]], '한율주하', 0.023420212790369987), ([[262, 720], [302, 720], [302, 750], [262, 750]], '형숲립?', 0.005096032749861479), ([[23, 753], [57, 753], [57, 771], [23, 771]], '키이', 0.860600651058687)]
[([[206, 48], [252, 48], [252, 78], [206, 78]], '초현움', 0.047207914373633926), ([[219, 75], [243, 75], [243, 89], [219, 89]], '꼬리', 0.9549839405251874), ([[210, 86], [258, 86], [258, 118], [210, 118]], '엉갑다?', 0.03908473253250122), ([[382, 483], [443, 483], [443, 516], [382, 516]], '어파장국들', 0.09124318413631857), ([[375, 491], [453, 491], [453, 559], [375, 559]], '교기', 0.0009581160483907007), ([[30, 532], [84, 532], [84, 564], [30, 564]], '#컴철등다:', 0.034208622718968976), ([[328, 542], [360, 542], [360, 566], [328, 566]], '데계', 0.03764189876369695), ([[352.30265739077055, 62.04886747447081], [391.50756844006696, 48.02582928734367], [421.69734260922945, 142.95113252552918], [383.49243155993304, 155.97417071265633]], '턱', 0.03613398173471083)]
[([[481, 67], [521, 67], [521, 81], [481, 81]], '무리하거', 0.9978435635566711), ([[478, 76], [522, 76], [522, 104], [478, 104]], '허주', 0.09793191740625547), ([[51, 675], [99, 675], [99, 695], [51, 695]], '차아아', 0.12775589320954447), ([[61, 697], [91, 697], [91, 713], [61, 713]], '차아', 0.1722783157584025), ([[42, 710], [108, 710], [108, 734], [42, 734]], '아앗]!', 0.28168785572052)]
[([[233, 59], [255, 59], [255, 73], [233, 73]], '귀도', 0.9923461418451035), ([[228, 68], [266, 68], [266, 100], [228, 100]], '생현대', 0.026231802653669194), ([[2, 68], [52, 68], [52, 118], [2, 118]], '[3다', 0.018840214626743717), ([[465, 89], [489, 89], [489, 105], [465, 105]], '용이.', 0.25886821373521096), ([[438, 526], [488, 526], [488, 584], [438, 584]], '주_요', 0.002559044431544837), ([[185, 715], [201, 715], [201, 747], [185, 747]], '한', 0.6667837157670107), ([[183, 705], [249, 705], [249, 769], [183, 769]], '혈현""', 0.005436816718429327), ([[134.15350102802535, 55.12190349528619], [175.79839440321678, 65.91880216239352], [167.84649897197465, 94.87809650471381], [126.20160559678321, 85.08119783760648]], '4고', 0.004771128318633662)]
[([[469, 51], [517, 51], [517, 87], [469, 87]], '빠옥이', 0.04810731580396264), ([[91, 67], [139, 67], [139, 109], [91, 109]], '훈현입', 0.06175034120678902), ([[467, 85], [521, 85], [521, 105], [467, 105]], '재맛지만', 0.25929492712020874), ([[33, 75], [77, 75], [77, 157], [33, 157]], '3', 0.031971556133535195), ([[96, 98], [136, 98], [136, 122], [96, 122]], '켓조?', 0.2512413816021537), ([[30, 146], [78, 146], [78, 202], [30, 202]], '유', 0.013098831544305689)]
[([[314, 440], [340, 440], [340, 474], [314, 474]], '쌀', 0.9841239243436384), ([[213, 469], [249, 469], [249, 509], [213, 509]], "'잘림", 0.06246830864838209), ([[183, 551], [213, 551], [213, 569], [183, 569]], '같이', 0.9991462116413924), ([[169.05364683002267, 702.6482821470204], [258.15135438863337, 643.6468397598555], [295.94635316997733, 704.3517178529796], [206.84864561136666, 763.3531602401445]], '야안앗', 0.5112957635930538)]
[([[451, 313], [525, 313], [525, 349], [451, 349]], '실깐교로', 0.0024769704323261976), ([[67, 585], [91, 585], [91, 597], [67, 597]], '어서', 0.9994394929347858), ([[63, 597], [95, 597], [95, 611], [63, 611]], '오거라', 0.9962394277833849)]
[]
[([[147, 329], [169, 329], [169, 343], [147, 343]], '그견', 0.7211846242192544), ([[145, 341], [159, 341], [159, 365], [145, 365]], '명', 0.23485337173625087), ([[143, 337], [181, 337], [181, 383], [143, 383]], '/기', 0.0014410480386908835), ([[350, 344], [388, 344], [388, 374], [350, 374]], '학주계', 0.20850375668903992), ([[347, 369], [385, 369], [385, 387], [347, 387]], '하던데.', 0.22588954865932465), ([[465, 545], [513, 545], [513, 585], [465, 585]], '망주움', 0.13144471706262945)]
[([[196, 54], [238, 54], [238, 86], [196, 86]], '앞전히', 0.22204224361689032), ([[468, 66], [504, 66], [504, 98], [468, 98]], '전어트', 0.12285768387979308), ([[193, 81], [239, 81], [239, 121], [193, 121]], '며칠움', 0.003519120760189284), ([[473, 93], [495, 93], [495, 105], [473, 105]], '모요', 0.1699896422935514), ([[486, 92], [516, 92], [516, 122], [486, 122]], '~눈앞', 0.09465616355380899), ([[205, 109], [227, 109], [227, 129], [205, 129]], '??', 0.9908890974735463), ([[464, 102], [502, 102], [502, 134], [464, 134]], '통절다', 0.5677595769277177)]
[([[23, 63], [67, 63], [67, 77], [23, 77]], '이제부터', 0.9957560300827026), ([[361, 69], [389, 69], [389, 83], [361, 83]], '안맞터', 0.14504576012735343), ([[21, 75], [69, 75], [69, 91], [21, 91]], '년 나만의', 0.7413268683675847), ([[23, 87], [69, 87], [69, 105], [23, 105]], '그래미님', 0.2685122787952423), ([[21, 99], [67, 99], [67, 113], [21, 113]], '파모너다.', 0.6347853396978217), ([[521, 55], [560, 55], [560, 160], [521, 160]], '탑', 0.016626957253706998), ([[22, 124], [64, 124], [64, 154], [22, 154]], '영골골', 0.018902708545316064), ([[521, 175], [562, 175], [562, 276], [521, 276]], '표', 0.1079474204942068), ([[528, 294], [554, 294], [554, 422], [528, 422]], "'", 0.03437660577453294), ([[528, 440], [554, 440], [554, 566], [528, 566]], '#', 0.2650982856977322), ([[27, 559], [83, 559], [83, 597], [27, 597]], '방어숙면', 0.21658127009868622), ([[117, 559], [167, 559], [167, 575], [117, 575]], '리카타스', 0.5624958276748657), ([[234, 558], [272, 558], [272, 586], [234, 586]], '알컷', 0.10419676625211716), ([[115, 575], [167, 575], [167, 595], [115, 595]], '수다장군', 0.5912659168243408), ([[228, 580], [282, 580], [282, 604], [228, 604]], '습니다', 0.3642904011997216), ([[23, 585], [89, 585], [89, 623], [23, 623]], '끝안지', 0.014908707551988436), ([[111, 603], [143, 603], [143, 623], [111, 623]], '성별', 0.9695698270278088), ([[153, 603], [185, 603], [185, 621], [153, 621]], '남자', 0.7352803822927082), ([[123, 617], [145, 617], [145, 633], [123, 633]], '내', 0.9309496862798028), ([[37, 641], [73, 641], [73, 655], [37, 655]], '비밀로', 0.9794570953695722), ([[112, 632], [140, 632], [140, 664], [112, 664]], '#', 0.026708382785400886), ([[147, 629], [185, 629], [185, 667], [147, 667]], '똑걀', 0.00794413258332679), ([[528, 582], [554, 582], [554, 686], [528, 686]], '"', 0.21570862733405338), ([[31, 655], [85, 655], [85, 671], [31, 671]], '해아켓다 .', 0.23729296758413743), ([[109, 695], [187, 695], [187, 713], [109, 713]], '허리에 두른', 0.6566808655096901), ([[121, 711], [165, 711], [165, 727], [121, 727]], '전조각', 0.8529255069282323), ([[233, 729], [257, 729], [257, 745], [233, 745]], '떠올', 0.9999039065377323), ([[233, 711], [281, 711], [281, 747], [233, 747]], '@올늦다', 0.017134642228484154), ([[26, 734], [82, 734], [82, 766], [26, 766]], '리숨치런대', 0.0018073024232771566), ([[23.0, 766.0], [54.22788122702984, 750.4212955652473], [61.0, 766.0], [30.77211877297016, 780.5787044347527]], '알아히 ^', 0.17268718309785508)]
[([[103, 677], [155, 677], [155, 697], [103, 697]], '태망이7', 0.0005724129150621593), ([[166, 676], [236, 676], [236, 700], [166, 700]], '##틈탕템', 0.018075898550474936), ([[167, 695], [247, 695], [247, 713], [167, 713]], '->리서+반하해+@', 6.415240163909204e-05), ([[103, 707], [151, 707], [151, 727], [103, 727]], '국름제터', 0.017773116007447243), ([[165, 709], [261, 709], [261, 729], [165, 729]], '2009 8/16터', 0.0825532243367283), ([[103, 723], [153, 723], [153, 743], [103, 743]], '포급표', 0.027991199451382422), ([[166, 722], [378, 722], [378, 746], [166, 746]], '리물3*신-^;456323/어+하;|.의0. ]명', 4.116619195227004e-06), ([[103.2025477771711, 688.1658598874935], [140.8534785364468, 693.2485897825215], [137.7974522228289, 714.8341401125065], [100.14652146355319, 709.7514102174785]], '출', 0.030743168667683785)]
[([[338, 784], [448, 784], [448, 812], [338, 812]], '4 -"~', 0.03219040071610056)]
[([[437, 63], [465, 63], [465, 77], [437, 77]], '오크', 0.987618416756583), ([[90, 252], [114, 252], [114, 260], [90, 260]], '베다 보', 0.24517434002899852), ([[82, 258], [125, 258], [125, 275], [82, 275]], '+온버지?', 0.22504736076429552), ([[17, 297], [55, 297], [55, 317], [17, 317]], '네가', 0.9997331365857824), ([[216, 320], [244, 320], [244, 328], [216, 328]], "버가요'", 0.34641599655151367), ([[25, 319], [45, 319], [45, 343], [25, 343]], '날', 0.9999277604752166), ([[33, 337], [55, 337], [55, 357], [33, 357]], '하', 0.9997820972903924), ([[19, 379], [35, 379], [35, 403], [19, 403]], '명', 0.999575064034989), ([[186, 496], [214, 496], [214, 528], [186, 528]], '굶러', 0.34341405145333037), ([[37, 525], [67, 525], [67, 541], [37, 541]], '뭐아,', 0.6794336905444761), ([[183, 529], [213, 529], [213, 543], [183, 543]], '니까.', 0.45650494204431025), ([[20, 538], [80, 538], [80, 570], [20, 570]], '함필-자? ', 0.05534487642870597), ([[3.330410519993025, 337.0450378479484], [38.528930272967614, 327.02805543410443], [63.66958948000698, 420.9549621520516], [28.471069727032386, 430.97194456589557]], '합', 0.012728165670488567)]
[([[473, 67], [521, 67], [521, 83], [473, 83]], '그러니까', 0.9996539354324341), ([[44, 76], [110, 76], [110, 100], [44, 100]], '논리적인', 0.7893571821074261), ([[370, 82], [408, 82], [408, 110], [370, 110]], '솔직히', 0.3013251070213441), ([[42, 94], [118, 94], [118, 120], [42, 120]], '질문이군 .', 0.7840927236959063), ([[48, 304], [80, 304], [80, 312], [48, 312]], '미떠까지', 0.2756081819534302), ([[45, 311], [87, 311], [87, 361], [45, 361]], '팩', 0.0708525585539812), ([[312, 330], [363, 330], [363, 360], [312, 360]], '요구납처나', 0.06466148404954998), ([[303, 353], [369, 353], [369, 389], [303, 389]], ' 람청롭움', 0.018052647138554288), ([[123, 433], [153, 433], [153, 449], [123, 449]], '아수#', 0.41267419573527114), ([[96, 452], [154, 452], [154, 482], [96, 482]], '인붉쓰#움', 0.0034906238371031155), ([[484, 466], [524, 466], [524, 494], [484, 494]], '대석들', 0.3815854394834768), ([[29, 671], [89, 671], [89, 735], [29, 735]], '훌답', 0.0012848050705767018), ([[73, 689], [87, 689], [87, 713], [73, 713]], '낡', 0.049215098676946845), ([[373.2567058537528, 107.33103526837755], [403.86029153363415, 103.49019760969827], [405.7432941462472, 117.66896473162245], [375.13970846636585, 120.50980239030173]], '급나다;', 0.2827799916267395), ([[93.65465441200737, 438.5201198532081], [109.4967507005354, 424.0626722679119], [135.34534558799263, 452.4798801467919], [119.5032492994646, 466.9373277320881]], '%', 0.866165552314456), ([[442.98198161801105, 478.78017977981216], [460.710868540573, 463.0854389836506], [488.01801838198895, 494.21982022018784], [470.289131459427, 509.9145610163494]], '3', 0.09977192831706816)]
[([[342, 42], [368, 42], [368, 50], [342, 50]], '그러나', 0.9591051936149597), ([[327, 51], [383, 51], [383, 63], [327, 63]], '드라곤 키스드', 0.4041802947082282), ([[333, 57], [383, 57], [383, 95], [333, 95]], "'교로@", 0.02397991344332695), ([[487, 69], [515, 69], [515, 89], [487, 89]], '저양보', 0.12927116916770112), ([[330, 86], [380, 86], [380, 116], [330, 116]], '우랜스로은', 0.008244348904591378), ([[483, 97], [519, 97], [519, 109], [483, 109]], '아니)어', 0.32937535643577576), ([[46, 44], [94, 44], [94, 186], [46, 186]], '3', 0.0025400071766379373), ([[339, 111], [369, 111], [369, 125], [339, 125]], '겪임지.', 0.16492363810539246), ([[294, 166], [320, 166], [320, 172], [294, 172]], '77미', 0.02895263789178502), ([[348, 150], [398, 150], [398, 176], [348, 176]], '[비골달결다', 0.01572288247428194), ([[288, 172], [330, 172], [330, 198], [288, 198]], '불대라', 0.026359028362334697), ([[351, 173], [397, 173], [397, 189], [351, 189]], '살러 주억군', 0.46194604855002847), ([[190, 336], [236, 336], [236, 366], [190, 366]], '너로', 0.8315624506259505), ([[448, 340], [494, 340], [494, 368], [448, 368]], '"발펴력이@', 0.016350200651028223), ([[448, 308], [496, 308], [496, 356], [448, 356]], '콤로 ', 0.04849593877604957), ([[345, 357], [371, 357], [371, 373], [345, 373]], '수환{', 0.010533733099770152), ([[173, 353], [251, 353], [251, 413], [173, 413]], '젖이롬', 0.0029223604098501427), ([[201, 401], [221, 401], [221, 423], [201, 423]], '기!', 0.10509710956839212), ([[453, 499], [485, 499], [485, 519], [453, 519]], '나옮기', 0.12032322110815274), ([[430, 506], [466, 506], [466, 532], [430, 532]], '전사가', 0.24794257276282067), ([[425, 515], [493, 515], [493, 555], [425, 555]], '탤출기 .', 0.0011352334723075891), ([[133, 669], [185, 669], [185, 689], [133, 689]], '보상올', 0.5986108183860779), ([[452, 684], [478, 684], [478, 692], [452, 692]], '바지마', 0.42451091309219485), ([[135, 689], [173, 689], [173, 707], [135, 707]], '바라', 0.9999618151687837), ([[240, 676], [272, 676], [272, 714], [240, 714]], '@복', 0.012679180282615167), ([[142, 708], [180, 708], [180, 736], [142, 736]], '거면', 0.9946752827631878), ([[240, 706], [270, 706], [270, 734], [240, 734]], '말히', 0.029659595304685246), ([[439, 689], [495, 689], [495, 729], [439, 729]], '@로?', 0.08757794033748889), ([[330.14250707428744, 60.485504244572475], [357.91531503242277, 58.59726138573399], [358.85749292571256, 67.51449575542753], [331.08468496757723, 70.40273861426601]], ':도 내', 0.02476044116732181), ([[315.06850713433477, 342.23016355523606], [348.93341045572305, 348.48821487936743], [345.93149286566523, 364.76983644476394], [311.06658954427695, 358.51178512063257]], '"구2', 0.03498795911392371), ([[371.1401328392153, 362.19427896235214], [403.9295276424755, 369.47376518841577], [399.8598671607847, 386.80572103764786], [367.0704723575245, 379.52623481158423]], '요1규', 0.15636897961479027), ([[167.3859944401545, 680.0965827644789], [183.54944225579476, 678.0769521047183], [188.6140055598455, 714.9034172355211], [172.45055774420524, 716.9230478952817]], '톤', 0.3978916566785671)]
[([[163, 65], [201, 65], [201, 81], [163, 81]], '위대한', 0.9996949715490686), ([[463, 71], [503, 71], [503, 91], [463, 91]], '네가', 0.9999053394905493), ([[55, 97], [93, 97], [93, 117], [55, 117]], '하라는', 0.9385499325109096), ([[149, 75], [213, 75], [213, 115], [149, 115]], "장'날준", 0.01070497464388609), ([[454, 90], [510, 90], [510, 116], [454, 116]], '하라는', 0.855262538421007), ([[61, 113], [87, 113], [87, 127], [61, 127]], '대로', 0.9998663128140066), ([[463, 111], [499, 111], [499, 131], [463, 131]], '대로', 0.9999944366205292), ([[143, 99], [217, 99], [217, 159], [143, 159]], "'#", 0.0072802593757810745), ([[457, 131], [513, 131], [513, 151], [457, 151]], '해주마', 0.9999759799337707), ([[149, 359], [187, 359], [187, 373], [149, 373]], '어떠나', 0.9935285337222366)]
[([[459, 503], [499, 503], [499, 517], [459, 517]], '뭐 뭐냐', 0.5961620807647705), ([[451, 515], [501, 515], [501, 531], [451, 531]], '이것들은 ', 0.6816301544127162), ([[12, 730], [44, 730], [44, 758], [12, 758]], "'여쨌", 0.04616810923671041)]
[([[397, 583], [437, 583], [437, 625], [397, 625]], '훌기', 0.007303232838191418), ([[407, 623], [429, 623], [429, 635], [407, 635]], '하여', 0.6366477970068899), ([[403, 635], [427, 635], [427, 647], [403, 647]], '야고', 0.9804634812814769)]
[([[27, 253], [95, 253], [95, 333], [27, 333]], '{양!', 0.19840902747909436), ([[455, 465], [499, 465], [499, 529], [455, 529]], '클', 0.13851002181720506), ([[472, 490], [498, 490], [498, 516], [472, 516]], '턱', 0.6176286867942196), ([[449, 611], [497, 611], [497, 655], [449, 655]], "'기문'", 0.027032241225242615), ([[456, 644], [492, 644], [492, 672], [456, 672]], '숫가하', 0.008557671756410744)]
