2444829
49
[([[19, 1], [99, 1], [99, 39], [19, 39]], '역식', 0.9588699342418543), ([[2, 30], [113, 30], [113, 68], [2, 68]], '다이)-', 0.00040132354479283094), ([[385, 1093], [481, 1093], [481, 1107], [385, 1107]], '3-간 _;틈', 0.0014811738521913992)]
[([[1064, 1318], [1220, 1318], [1220, 1462], [1064, 1462]], '유', 0.023981150334446477), ([[563, 1445], [703, 1445], [703, 1465], [563, 1465]], '다-사:?4-', 0.0007922120387238722)]
[([[119, 1757], [253, 1757], [253, 1773], [119, 1773]], ' = =', 0.11251821987220806), ([[1269, 2022], [1443, 2022], [1443, 2046], [1269, 2046]], '1 ; {:[ 17 2', 0.014769473153703671)]
[([[1276, 1424], [1444, 1424], [1444, 1448], [1276, 1448]], '벼문"{\'시\' 1 : :', 0.016175564043505123), ([[291.49867530967737, 1685.0421843270967], [350.9054787977905, 1726.2528768805682], [333.50132469032263, 1749.9578156729033], [275.0945212022095, 1709.7471231194318]], "'", 0.3994327762856962)]
[([[961, 791], [1131, 791], [1131, 811], [961, 811]], '_돈비시 꼴[--,-설', 0.00012054310328539769)]
[([[1274, 1456], [1444, 1456], [1444, 1480], [1274, 1480]], '느도 10 꼴31 ;7 [', 0.008111309929187085), ([[714, 1472], [740, 1472], [740, 1500], [714, 1500]], '0', 0.999985933353301), ([[437, 1545], [523, 1545], [523, 1609], [437, 1609]], '들', 0.02960931448164761), ([[531, 1626], [641, 1626], [641, 1652], [531, 1652]], '7774', 0.07448726147413254), ([[605.9819816180111, 1495.7801797798122], [691.3840130221753, 1463.1788789413938], [700.0180183819889, 1489.2198202201878], [614.6159869778247, 1521.8211210586062]], '처', 0.0797403241166359), ([[542.9819816180111, 1611.7801797798122], [624.4292495283316, 1582.2396742548322], [632.0180183819889, 1605.2198202201878], [550.5707504716684, 1635.7603257451678]], '- -', 0.06721473237256916), ([[136.41165159458544, 1631.0582579729273], [285.9997333688836, 1659.9600035550816], [279.58834840541454, 1686.9417420270727], [130.00026663111638, 1658.0399964449184]], '즉//', 0.05161610292533572), ([[309.51467491880055, 1639.0395170046834], [467.98858115248834, 1678.7384991491572], [459.48532508119945, 1705.9604829953166], [302.01141884751166, 1665.2615008508428]], '7 다  스', 0.0008658156338000243), ([[290.1780050634732, 1681.0680303808392], [460.98561344073954, 1708.6209767559671], [451.8219949365268, 1750.9319696191608], [280.01438655926046, 1722.3790232440329]], '들스=', 0.2979280363282569), ([[476.9537773664018, 1785.091919245563], [519.3908432041167, 1815.3658379798067], [462.0462226335982, 1892.908080754437], [420.60915679588334, 1863.6341620201933]], '틀', 0.6531098800722965), ([[1.4007784822880205, 1929.0451379831009], [71.98550451912455, 1969.659774004465], [51.59922151771198, 2002.9548620168991], [-17.985504519124547, 1963.340225995535]], '10', 0.22158339394785725)]
[([[1274, 0], [1446, 0], [1446, 24], [1274, 24]], '_도머0시 3-리서7터', 9.865572204140328e-05)]
[([[409, 525], [577, 525], [577, 657], [409, 657]], '스;', 0.005326917894319981), ([[1194, 1172], [1364, 1172], [1364, 1192], [1194, 1192]], '-디어시37247 도', 0.014279929368516893)]
[([[1331, 430], [1372, 430], [1372, 449], [1331, 449]], '새"1', 0.013505809425615573), ([[1274, 480], [1366, 480], [1366, 504], [1274, 504]], '개', 0.0016392854614955127), ([[542, 960], [608, 960], [608, 986], [542, 986]], "'세", 0.013787986001959126), ([[295, 1007], [315, 1007], [315, 1029], [295, 1029]], '1', 0.40996230542431533), ([[975.600079976008, 1537.0403918824393], [995.323550054133, 1531.0263446697888], [1013.399920023992, 1589.9596081175607], [993.676449945867, 1595.9736553302112]], ';', 0.20325049487688407), ([[911.9820268028815, 1776.1317018509494], [938.5086572639415, 1756.0324733412565], [985.0179731971185, 1821.8682981490506], [959.4913427360585, 1841.9675266587435]], '(', 0.4021807310791701)]
[([[631, 911], [789, 911], [789, 931], [631, 931]], '_설버어시[-247', 0.0004777298528685151), ([[462, 1848], [814, 1848], [814, 1948], [462, 1948]], '용상기름', 0.9985569715499878)]
[]
[]
[([[600, 222], [772, 222], [772, 246], [600, 246]], '질엽비0시학콜리#7-', 8.831385760627762e-06), ([[507, 1403], [531, 1403], [531, 1423], [507, 1423]], '시', 0.2526982122220467), ([[507, 1427], [531, 1427], [531, 1447], [507, 1447]], '0', 0.8099209947778405), ([[538, 1440], [562, 1440], [562, 1464], [538, 1464]], '3', 0.022931959797745982), ([[539, 1463], [559, 1463], [559, 1487], [539, 1487]], '?', 0.7948820291483152), ([[566, 1465], [659, 1465], [659, 1515], [566, 1515]], '9구89', 0.13984133303165436), ([[111.18418298355199, 1558.0840783210497], [207.93285888633568, 1576.2701911344943], [199.815817016448, 1613.9159216789503], [103.06714111366433, 1595.7298088655057]], '슴', 0.0043984681837754835), ([[602.7585911670965, 1704.2689005676123], [620.5665421809504, 1689.053980659058], [654.2414088329035, 1731.7310994323877], [636.4334578190496, 1746.946019340942]], '?', 0.7671561736433432)]
[([[372, 326], [398, 326], [398, 364], [372, 364]], '11', 0.2827078787389415), ([[0, 649], [171, 649], [171, 673], [0, 673]], '느돈커어디램리,-도', 0.00011937044296242919), ([[288, 1381], [1003, 1381], [1003, 1480], [288, 1480]], '강적이 교배되없다', 0.7698710987045676), ([[386, 1944], [600, 1944], [600, 2020], [386, 2020]], '=)', 0.07227953328498901), ([[358.9074644389062, 259.10030797009324], [397.5583146962296, 233.02603275034303], [456.0925355610938, 324.89969202990676], [417.4416853037704, 351.973967249657]], '틀', 0.6235240021428332), ([[1090.6027607015021, 698.345245332854], [1110.6243229333945, 684.0656822130455], [1138.3972392984979, 722.654754667146], [1118.3756770666055, 736.9343177869545]], '9', 0.9867121894733408)]
[([[1192, 461], [1435, 461], [1435, 494], [1192, 494]], "'. ; ", 0.34826726858537466)]
[([[1313, 82], [1355, 82], [1355, 133], [1313, 133]], '9', 0.8010088554003723), ([[1789, 907], [2029, 907], [2029, 935], [1789, 935]], '1', 0.751493954686854), ([[1202, 1294], [1308, 1294], [1308, 1394], [1202, 1394]], '0', 0.9993737724636418), ([[661, 2473], [796, 2473], [796, 2652], [661, 2652]], '셋', 0.04069706626422942), ([[1673.9820268028814, 1612.1317018509494], [1697.5218180502854, 1593.0341828178298], [1747.0179731971186, 1657.8682981490506], [1724.4781819497146, 1676.9658171821702]], '"', 0.035776213881150376)]
[([[850, 765], [1088, 765], [1088, 796], [850, 796]], '1', 0.5516616086375201), ([[496.34173543490186, 1949.2442560653724], [567.2941107563578, 1898.4558990054686], [596.6582645650982, 1945.7557439346276], [526.7058892436422, 1996.5441009945314]], '(/(', 0.3259406136533215)]
[([[1840, 801], [1939, 801], [1939, 832], [1840, 832]], '- ', 0.002757665814645437), ([[1623, 828], [1749, 828], [1749, 873], [1623, 873]], '~=', 0.39536493787118304), ([[704, 965], [942, 965], [942, 996], [704, 996]], '{', 0.10355560026129584)]
[([[1088, 8], [1108, 8], [1108, 32], [1088, 32]], '다', 0.011999347972860619), ([[0, 1627], [75, 1627], [75, 1659], [0, 1659]], '스=', 0.03351344874673674), ([[147, 2359], [243, 2359], [243, 2399], [147, 2399]], '((((1{', 0.25463523065533566), ([[365, 2453], [385, 2453], [385, 2476], [365, 2476]], '<', 0.5789604056882105), ([[1144, 2566], [1184, 2566], [1184, 2604], [1144, 2604]], '`', 0.0066333391709486045), ([[867.8392316201594, 570.0064720899763], [887.1533929977695, 567.0058910289969], [903.1607683798406, 697.9935279100237], [882.8466070022305, 700.9941089710031]], '1', 0.18313464260359424), ([[1308.618507052044, 1577.0243550059424], [1379.6832815729997, 1638.6583592135], [1361.381492947956, 1660.9756449940576], [1290.3167184270003, 1599.3416407865]], '숙 ', 0.16761928513385602), ([[839.4116515945855, 2261.058257972927], [885.9456501148993, 2294.431541205897], [869.5883484054145, 2316.941742027073], [823.0543498851007, 2284.568458794103]], '~~`', 0.2504769787981663), ([[334.2548739491969, 2409.094008401868], [357.47769731647384, 2397.038276637862], [382.7451260508031, 2453.905991598132], [359.52230268352616, 2464.961723362138]], '{', 0.8196229526976282), ([[52.35605709511348, 2515.041639632374], [159.5336624967557, 2411.68948328474], [184.64394290488653, 2447.958360367626], [77.46633750324428, 2551.31051671526]], '(((((.1"01', 0.11300020358286117), ([[1237.5640836827645, 2664.266617575188], [1324.6671794378792, 2614.0190347458997], [1338.4359163172355, 2645.733382424812], [1251.3328205621208, 2695.9809652541003]], '5', 0.012398835752719606), ([[1243.6366360300185, 2735.30029963302], [1327.1748253783828, 2693.137295789634], [1344.3633639699815, 2731.69970036698], [1260.8251746216172, 2773.862704210366]], '8]] `', 0.00010978107931535989)]
[([[1237, 4], [1478, 4], [1478, 35], [1237, 35]], '1', 0.15404308928941646)]
[([[721, 886], [817, 886], [817, 911], [721, 911]], '  ', 0.13248766612950902), ([[1791, 1026], [2031, 1026], [2031, 1055], [1791, 1055]], '1', 0.07606994138729206), ([[688.6534815345407, 52.01503764721727], [800.5263325768683, 146.11188491947206], [777.3465184654593, 174.98496235278273], [666.4736674231317, 81.88811508052794]], '24>>=', 0.13732368355917635), ([[1256.6107425767057, 303.24900495710517], [1282.5356715840055, 279.0360302783587], [1334.3892574232943, 337.75099504289483], [1308.4643284159945, 360.9639697216413]], '%', 0.033164105162525326), ([[940.4537322194531, 469.0501539850466], [1002.9893448755721, 501.7473793062897], [989.5462677805469, 528.9498460149534], [926.0106551244279, 496.2526206937103]], '술', 0.009711993691979226), ([[1665.3824924789055, 1293.0479518649956], [1689.4144243370379, 1277.0215263644368], [1743.6175075210945, 1364.9520481350044], [1718.5855756629621, 1380.9784736355632]], '"', 0.3902667092692269), ([[1452.3756770666055, 2325.0656822130454], [1498.9881131159434, 2353.7332041860764], [1483.6243229333945, 2377.9343177869546], [1437.0118868840566, 2349.2667958139236]], '=', 0.9406041738851947)]
[([[442, 130], [540, 130], [540, 198], [442, 198]], '간', 0.04656951233024764)]
[]
[([[130, 533], [373, 533], [373, 562], [130, 562]], "' |:", 0.07950215645365442), ([[129.06324439711298, 2001.039959446222], [215.60052114517381, 1991.0082431378257], [229.93675560288702, 2139.960040553778], [142.39947885482619, 2149.9917568621745]], '8', 0.05700723866198154), ([[1727.4976792543355, 2764.03166610925], [1793.6625761207652, 2824.392039751859], [1770.5023207456645, 2850.96833389075], [1704.3374238792348, 2791.607960248141]], '놔=', 0.03476041811976947)]
[([[93, 1697], [575, 1697], [575, 1776], [93, 1776]], '솔직하게 말하자면 ,', 0.9194971809375191), ([[97, 1769], [570, 1769], [570, 1844], [97, 1844]], '당신은 나름 어떻게', 0.6964598838621407), ([[149, 1841], [521, 1841], [521, 1918], [149, 1918]], '생각하시나요?', 0.6442790299974379), ([[1609, 1854], [1907, 1854], [1907, 1932], [1609, 1932]], '추약한 제가', 0.5218535935309706), ([[1609, 1926], [1907, 1926], [1907, 2004], [1609, 2004]], '당신과 같은', 0.6569424143151604), ([[1609, 1998], [1905, 1998], [1905, 2076], [1609, 2076]], '영주름 섬길', 0.5861370104156893), ([[1539, 2070], [1979, 2070], [1979, 2148], [1539, 2148]], '자격이 있올까요?', 0.22693837058576308), ([[16, 2383], [239, 2383], [239, 2588], [16, 2588]], ') /', 0.07306414097547531), ([[1076, 2403], [1263, 2403], [1263, 2656], [1076, 2656]], '나', 0.023735325716117694), ([[1793, 2841], [2031, 2841], [2031, 2874], [1793, 2874]], "'시7  =", 0.021724217147784768)]
[]
[]
[([[1786, 1480], [2027, 1480], [2027, 1509], [1786, 1509]], "!:': ` ;", 0.17448614192493445), ([[1792.25097310286, 1874.0564224788761], [1873.0, 1912.0], [1853.74902689714, 1949.9435775211239], [1774.0, 1912.0]], '= ', 0.05823341226871553)]
[([[20, 899], [243, 899], [243, 932], [20, 932]], '; : 다', 0.025601207667157257), ([[121, 1696], [479, 1696], [479, 1789], [121, 1789]], '감사합니다', 0.9293102552088139), ([[48, 1778], [551, 1778], [551, 1876], [48, 1876]], '친애하는 주인남', 0.6942888419969699), ([[1434.9696913521816, 170.06662341179808], [1552.543922668663, 192.3374390581189], [1536.0303086478184, 262.93337658820195], [1418.456077331337, 239.6625609418811]], '너는', 0.8812750589885453), ([[1548.9421394540648, 182.0561108682089], [1780.8041566500365, 214.0306060877656], [1764.0578605459352, 295.94388913179114], [1532.1958433499635, 263.9693939122344]], '아름다-', 0.3445873260498047), ([[1855.3121581436267, 725.0475386341112], [1887.4152273992686, 701.0172712087756], [1962.6878418563733, 806.9524613658888], [1930.5847726007314, 830.9827287912244]], '', 0.0), ([[827.3289176989247, 1122.1406144236553], [1031.6203467040734, 1005.5052678821811], [1063.6710823010753, 1082.8593855763447], [859.3796532959267, 1200.4947321178188]], '아름다위', 0.973395586013794), ([[251.14357068821369, 1128.2584272387846], [474.76755748719506, 1046.7019804157878], [497.8564293117863, 1127.7415727612154], [274.23244251280494, 1209.2980195842122]], '아름다위', 0.9933590888977051), ([[144.39207453344477, 1167.43701614699], [265.0434774709407, 1141.758208316021], [276.60792546655523, 1211.56298385301], [154.95652252905936, 1237.241791683979]], '너는', 0.44116899808235377), ([[722.0536468300227, 1184.6482821470204], [839.9827255971051, 1136.7412105304657], [865.9463531699773, 1204.3517178529796], [748.0172744028949, 1252.2587894695343]], '너는', 0.4352857787617996), ([[1106.0597149997093, 1219.2388599988374], [1192.2850231591362, 1203.994291864618], [1201.9402850002907, 1274.7611400011626], [1115.7149768408638, 1291.005708135382]], '앗!', 0.28423313021939667), ([[981.9640536057628, 1289.2634037018988], [1124.6729141164435, 1270.5872664713843], [1130.035946394237, 1342.7365962981012], [987.3270858835566, 1361.4127335286157]], '아앗!', 0.6885606050491333)]
[([[1039, 1095], [1215, 1095], [1215, 1271], [1039, 1271]], "'0", 0.04917082337125135), ([[157, 1620], [360, 1620], [360, 1705], [157, 1705]], '주인남,', 0.565626859664917), ([[23, 1689], [434, 1689], [434, 1775], [23, 1775]], '친애하는 주인님-', 0.42960585134475354), ([[85, 1885], [496, 1885], [496, 1954], [85, 1954]], '저 , 재봉사 보크는', 0.7105177234472663), ([[69, 1950], [512, 1950], [512, 2027], [69, 2027]], '영원히 당신올 위해', 0.9181282452614846), ([[99, 2021], [483, 2021], [483, 2094], [99, 2094]], '봉사하켓습니다.', 0.9540987605539755), ([[1374, 2335], [1667, 2335], [1667, 2403], [1374, 2403]], '일든 로드의', 0.7921398186139081), ([[1310, 2401], [1729, 2401], [1729, 2476], [1310, 2476]], '왕좌가 당신 것이', 0.7610226685956009), ([[1307, 2467], [1718, 2467], [1718, 2544], [1307, 2544]], '되기틀 바람니다', 0.26769425381349427), ([[1688.2765422907173, 367.0291244048934], [1793.951991819567, 444.07164529278566], [1745.7234577092827, 508.9708755951066], [1641.048008180433, 431.92835470721434]], '너는', 0.8642616050346585), ([[1786.5115903378155, 435.0132622158046], [1988.6437621454813, 566.4929347889729], [1942.4884096621845, 636.9867377841954], [1740.3562378545187, 504.50706521102705]], '아름다위', 0.9902853965759277)]
[]
[([[365, 653], [453, 653], [453, 801], [365, 801]], '권', 0.024530948008596676), ([[687, 755], [711, 755], [711, 773], [687, 773]], '65', 0.018693434466390272), ([[647.7805784783006, 764.4147520217908], [688.6274669424134, 758.8375236125618], [691.2194215216994, 780.5852479782092], [650.3725330575866, 786.1624763874382]], '609', 0.3079984846832578)]
[([[219, 699], [527, 699], [527, 719], [219, 719]], ' 형항팀_ _+^__6용 대멋드|) 가 자신들의 세계로 돌아짓다', 6.237703347637517e-05), ([[221, 725], [527, 725], [527, 745], [221, 745]], '그년올_:,,_해버려 가 자신들의 세제로 돌아자다', 0.06200698381654805)]
[]
[([[538, 490], [562, 490], [562, 528], [538, 528]], '0', 0.18649242868492877)]
[]
[([[39, 523], [77, 523], [77, 581], [39, 581]], "1'", 0.869746469267737)]
[]
[]
[]
[]
[]
[]
[([[319, 572], [579, 572], [579, 615], [319, 615]], '전설이 교배되있다', 0.8506964390389454)]
[([[993.8461538461538, 696.2307692307693], [1010.5462677805469, 681.0501539850466], [1050.1538461538462, 725.7692307692307], [1033.453732219453, 740.9498460149534]], '@', 0.005635615822839668)]
[([[898, 910], [940, 910], [940, 940], [898, 940]], '씨', 0.012943565576347071), ([[1365.388137237664, 522.0630587407871], [1386.3913635377141, 508.02563711337234], [1430.611862762336, 575.9369412592129], [1410.6086364622859, 589.9743628866277]], '{', 0.10346384043069534)]
[]
[([[1037.2844582472, 1332.0645203596005], [1062.423144218374, 1312.0224443472835], [1124.7155417528, 1394.9354796403995], [1100.576855781626, 1413.9775556527165]], '"', 0.18709536292547657), ([[790.8455132356739, 1945.112117501937], [824.5481566867932, 1916.025092113955], [896.1544867643261, 2007.887882498063], [862.4518433132068, 2036.974907886045]], '#', 0.11526060080769529)]
[([[1269, 1529], [1442, 1529], [1442, 1555], [1269, 1555]], "'", 0.5806538475511367), ([[263, 1821], [313, 1821], [313, 1863], [263, 1863]], '{', 0.5090575317155164), ([[925.3585363632978, 1308.0343881786703], [966.4432301130919, 1287.0163934732598], [1028.6414636367022, 1412.9656118213297], [987.5567698869081, 1433.9836065267402]], '"', 0.2781690734608766)]
