2450080
105
[([[280, 89], [374, 89], [374, 129], [280, 129]], '전설임무', 0.9994423389434814), ([[399, 89], [592, 89], [592, 129], [399, 129]], '고기 번식장 이멘트', 0.7132707382538974), ([[1057, 589], [1118, 589], [1118, 618], [1057, 618]], '진행 중', 0.9905691187569393), ([[1065, 618], [1139, 618], [1139, 655], [1065, 655]], '제도막', 0.1301509513416144), ([[1063, 658], [1298, 658], [1298, 718], [1063, 718]], '정찰기사 포획', 0.3376276155076306), ([[1068, 745], [1262, 745], [1262, 787], [1068, 787]], '고기 번식장 미포획', 0.6998046305948302), ([[1068, 849], [1139, 849], [1139, 887], [1068, 887]], '제2', 0.9982225403751573), ([[1063, 892], [1319, 892], [1319, 952], [1063, 952]], '고기 번식장의 길', 0.9986773344260368), ([[1357, 893], [1432, 893], [1432, 949], [1357, 949]], '임버', 0.5348898816784272), ([[1068, 978], [1209, 978], [1209, 1017], [1068, 1017]], '달성 엔딩 0/3', 0.5453318947617442), ([[246, 1059], [378, 1059], [378, 1096], [246, 1096]], '모퉁 엔팅 팀정', 0.23745537709859693), ([[251, 1106], [374, 1106], [374, 1146], [251, 1146]], '여행가의 장', 0.9963291567663511), ([[100, 1493], [468, 1493], [468, 1533], [100, 1533]], '*204표_뱃위+<화 .', 0.0018950778783701084)]
[([[1402, 1222], [1477, 1222], [1477, 1275], [1402, 1275]], '임버', 0.717213389832476), ([[1280, 1294], [1594, 1294], [1594, 1347], [1280, 1347]], '응후롯~ 따라잡앉다~ $', 0.18426263123196407), ([[100, 1493], [455, 1493], [455, 1533], [100, 1533]], '*리0+주습섬_모랑사<화', 0.000529764299499591)]
[([[100, 1493], [466, 1493], [466, 1532], [100, 1532]], '*204유6_비+<화 @', 0.007079151677468192)]
[([[100, 1493], [466, 1493], [466, 1533], [100, 1533]], '*204,_뱃없+<화 @', 0.0012230035098528783)]
[([[1395, 425], [1556, 425], [1556, 607], [1395, 607]], '4', 0.7737120779683018), ([[100, 1493], [466, 1493], [466, 1533], [100, 1533]], '*20+,_뱃없사<학 @', 0.00206273049093947)]
[([[1162, 778], [1721, 778], [1721, 840], [1162, 840]], '그 후; 다시 한 번 전원에제 범해젓다  -', 0.3232529101425698), ([[100, 1493], [466, 1493], [466, 1533], [100, 1533]], '*204{_뱃없<화 .', 0.004668623008374745)]
[([[280, 89], [360, 89], [360, 129], [280, 129]], '진행 중', 0.993702519099415), ([[339, 197], [432, 197], [432, 237], [339, 237]], '마신임무', 0.9998162388801575), ([[458, 197], [579, 197], [579, 237], [458, 237]], '정복 이멘트', 0.8722813040763485), ([[1307, 196], [1567, 196], [1567, 249], [1307, 249]], '고기 번식장 진면목', 0.8569539722723636), ([[1609, 196], [1743, 196], [1743, 249], [1609, 249]], '그 첫번째', 0.6457901440076385), ([[339, 269], [511, 269], [511, 309], [339, 309]], '헬차르의 한 걸음', 0.8174138355506777), ([[534, 271], [585, 271], [585, 309], [534, 309]], '온드', 0.7251275959854113), ([[1333, 258], [1584, 258], [1584, 302], [1333, 302]], '본드 헬차르의 둥지구멍', 0.3337598293056461), ([[339, 305], [459, 305], [459, 342], [339, 342]], '서장 제 [막', 0.5205665567842134), ([[1369, 359], [1699, 359], [1699, 403], [1369, 403]], '씨앗율 고기 번식장에 주입하다', 0.542285218322608), ([[339, 384], [691, 384], [691, 428], [339, 428]], '미숙한 고기 번식장들올 확보하다.', 0.6590384328146104), ([[337, 427], [393, 427], [393, 456], [337, 456]], '13290', 0.17768684318780054), ([[1304, 433], [1992, 433], [1992, 477], [1304, 477]], '고기 번식장 임버의 임신기능이 풀린 듯하다. 곧장 씨앗올 뿌려주자', 0.3787003581911699), ([[339, 516], [439, 516], [439, 556], [339, 556]], '전설 임무', 0.7468632151570959), ([[465, 516], [655, 516], [655, 556], [465, 556]], '고기 번식장 이멘트', 0.6807175501335755), ([[341, 591], [513, 591], [513, 630], [341, 630]], '고기 번식장의 길', 0.9746335928831068), ([[534, 593], [588, 593], [588, 630], [534, 630]], '임버', 0.45615391642364955), ([[339, 627], [552, 627], [552, 664], [339, 664]], '작은 토끼의 장 제 2막', 0.9330435925898083), ([[348, 705], [549, 705], [549, 750], [348, 750]], '고기 번식장 진면목', 0.9285676459088726), ([[577, 708], [684, 708], [684, 750], [577, 750]], '그 첫번째', 0.8406824964383913), ([[346, 751], [375, 751], [375, 778], [346, 778]], '0', 0.5846662679238221), ([[1302, 1218], [1530, 1218], [1530, 1256], [1302, 1256]], '시리즈 임무 클리어 보수', 0.7843688825126307), ([[100, 1493], [468, 1493], [468, 1533], [100, 1533]], '*20/표_*템<화 .', 0.01586990461961661)]
[([[1259, 501], [1492, 501], [1492, 565], [1259, 565]], '금 간 신의 눈', 0.9299381420207669), ([[1538, 501], [1625, 501], [1625, 565], [1538, 565]], '임번', 0.3761843778827145), ([[1097, 622], [1782, 622], [1782, 682], [1097, 682]], '화염 원소가 짓든 신의 눈. 표면에 금이 가 있다.', 0.8224509534961727), ([[1241, 699], [1638, 699], [1638, 761], [1241, 761]], '신의 눈은 바깥올 보여주다,', 0.2638756071792355), ([[1046, 754], [1835, 754], [1835, 811], [1046, 811]], '흔들리는 의지에서 불순물이 섞일 것 같은 느낌이 듣다,', 0.7268708968895589), ([[1271, 833], [1606, 833], [1606, 888], [1271, 888]], '소녀튼 아직 믿고 있다', 0.630534308902332), ([[1187, 883], [1429, 883], [1429, 945], [1187, 945]], "'나밖에 못할 일", 0.5737533568833838), ([[1444, 883], [1708, 883], [1708, 945], [1444, 945]], '이 분명히 있다고', 0.9636225157135542), ([[100, 1493], [466, 1493], [466, 1532], [100, 1532]], '*204유_*섬#-<화 .', 0.0026575459970059404)]
[([[1402, 1222], [1477, 1222], [1477, 1275], [1402, 1275]], '임버', 0.7642030229976753), ([[1136, 1294], [1745, 1294], [1745, 1347], [1136, 1347]], '비행 챔피온에계서 도망칠 수 있을 줄 알앉어?', 0.38020369691593076), ([[1307, 1343], [1572, 1343], [1572, 1394], [1307, 1394]], '암전히 붙잡히라고]', 0.6709694584515586), ([[100, 1493], [455, 1493], [455, 1533], [100, 1533]], '*리0+주{보 _ 슴주<화', 0.0011649814107081375)]
[([[1388, 1222], [1491, 1222], [1491, 1277], [1388, 1277]], '헬차르', 0.5152108242204941), ([[1202, 1296], [1677, 1296], [1677, 1349], [1202, 1349]], '꼴감신 씨미! 씨>전입! 킬산~교리 ^젠째^라!', 3.13467127463044e-08), ([[1249, 1341], [1630, 1341], [1630, 1394], [1249, 1394]], '(고기 번식장 원한대] 교배)', 0.8957812191708577), ([[100, 1493], [468, 1493], [468, 1533], [100, 1533]], '*리04유1_뱃붉 <9 @', 0.0007607357911585243)]
[([[1402, 1222], [1477, 1222], [1477, 1275], [1402, 1275]], '임버', 0.8395261629270112), ([[1184, 1294], [1702, 1294], [1702, 1347], [1184, 1347]], '무 무슨 말을 하는 건지 전혀 모르켓에', 0.601496337598904), ([[100, 1493], [455, 1493], [455, 1533], [100, 1533]], '*리0+주1보_ 모슴주<화', 0.00037940226679359246)]
[([[1402, 1222], [1477, 1222], [1477, 1275], [1402, 1275]], '임버', 0.7495982002858678), ([[1140, 1289], [1717, 1289], [1717, 1351], [1140, 1351]], '애초에, 괴물올 어떻게 심문해야 하는 걸까:', 0.3491747775300142), ([[100, 1493], [468, 1493], [468, 1533], [100, 1533]], '*204유_ 즐<화 @', 0.000766362049850022)]
[([[1256, 1294], [1619, 1294], [1619, 1347], [1256, 1347]], '똑주 헬차르의 정권 찌르기', 0.36190141146789717), ([[1322, 1338], [1562, 1338], [1562, 1400], [1322, 1400]], '효과는 강력햇다!', 0.4282995466357425), ([[100, 1493], [468, 1493], [468, 1532], [100, 1532]], '*20+듭6_뱃심뉴7화 @', 0.0009095694680501246)]
[([[1402, 1222], [1477, 1222], [1477, 1275], [1402, 1275]], '임버', 0.7108701409236834), ([[1376, 1299], [1425, 1299], [1425, 1341], [1376, 1341]], '으"', 0.39667072003651566), ([[1441, 1299], [1490, 1299], [1490, 1344], [1441, 1344]], "약'", 0.7144353570090612), ([[100, 1493], [468, 1493], [468, 1533], [100, 1533]], '*리0+유_럼- <화 @', 0.003459215056750036)]
[([[1402, 1222], [1477, 1222], [1477, 1275], [1402, 1275]], '임버', 0.7078314734738704), ([[1350, 1294], [1538, 1294], [1538, 1349], [1350, 1349]], "'반칙 이잡아", 0.9022318609960014), ([[100, 1493], [468, 1493], [468, 1533], [100, 1533]], '*리04유_,청< @', 0.007736208069334241)]
[([[1278, 1294], [1599, 1294], [1599, 1347], [1278, 1347]], '(털썩) 햄버는 쓰러젓다;', 0.12577575218186227), ([[100, 1493], [468, 1493], [468, 1533], [100, 1533]], "*리0+주유_뱃'<화 @", 0.001676353152142711)]
[([[1396, 42], [1487, 42], [1487, 106], [1396, 106]], '임버', 0.3439395603499228), ([[1365, 108], [1512, 108], [1512, 151], [1365, 151]], "'비행 챔피언_", 0.5051094350508597), ([[873, 147], [964, 147], [964, 191], [873, 191]], '-청.1', 0.027883462607860565), ([[1370, 254], [1509, 254], [1509, 307], [1370, 307]], '포획완료', 0.9085408449172974), ([[151, 576], [368, 576], [368, 629], [151, 629]], '정찰기사; 포획!', 0.6400468278756851), ([[151, 637], [393, 637], [393, 685], [151, 685]], '임버름 무력화시권다', 0.31911592318093746), ([[127, 1495], [468, 1495], [468, 1533], [127, 1533]], "'_비? (9.", 0.002737319364405232)]
[([[280, 89], [360, 89], [360, 129], [280, 129]], '진행 중', 0.9941499152639953), ([[339, 197], [432, 197], [432, 237], [339, 237]], '마신임무', 0.9997962117195129), ([[458, 197], [579, 197], [579, 237], [458, 237]], '정복 이멘트', 0.8434457526870657), ([[1307, 196], [1696, 196], [1696, 249], [1307, 249]], '고기 번식장 임버률 포획하다', 0.38726545481029795), ([[339, 269], [511, 269], [511, 309], [339, 309]], '헬차르의 한 걸음', 0.8047521792837695), ([[534, 271], [585, 271], [585, 309], [534, 309]], '온드', 0.6420328882615614), ([[1331, 258], [1517, 258], [1517, 302], [1331, 302]], '본드 속삭이논 숲', 0.5029172907489503), ([[339, 305], [459, 305], [459, 342], [339, 342]], '서장 제 1막', 0.3254215257229554), ([[1369, 359], [1602, 359], [1602, 403], [1369, 403]], '임버의 앞에 나타난다', 0.45993356009614317), ([[339, 384], [691, 384], [691, 428], [339, 428]], '미숙한 고기 번식장들올 확보하다.', 0.7050646465505378), ([[337, 427], [393, 427], [393, 456], [337, 456]], '1042', 0.9798654913902283), ([[1302, 433], [1992, 433], [1992, 478], [1302, 478]], '이상을 느낌 정찰기사 엎버는 헬차르록 찾는 듯하다 덧올 깔아두자.', 0.034032103971043184), ([[339, 516], [439, 516], [439, 556], [339, 556]], '전설 임무', 0.5210162478369983), ([[465, 516], [657, 516], [657, 556], [465, 556]], '고기 번식장 이멘트', 0.55730992697416), ([[339, 591], [498, 591], [498, 630], [339, 630]], '정찰기사, 포획', 0.44552754849658294), ([[339, 627], [549, 627], [549, 664], [339, 664]], '작은 토끼의 장 제 [막', 0.741424069709472), ([[348, 705], [646, 705], [646, 750], [348, 750]], '고기 번식장 염버률 포획하다', 0.3530016445377412), ([[346, 751], [400, 751], [400, 778], [346, 778]], '10420', 0.24961550475111952), ([[1302, 1218], [1530, 1218], [1530, 1256], [1302, 1256]], '시리즈 임무 클리어 보수', 0.7609953527547526), ([[100, 1493], [468, 1493], [468, 1533], [100, 1533]], '*204표_몹닦베<화 .', 0.0021174172805724363)]
[([[280, 89], [374, 89], [374, 129], [280, 129]], '전설임무', 0.9993012547492981), ([[399, 89], [592, 89], [592, 129], [399, 129]], '고기 번식장 이멘트', 0.6662579634409806), ([[1068, 618], [1139, 618], [1139, 655], [1068, 655]], '제 1막', 0.4988354224040619), ([[1062, 657], [1298, 657], [1298, 720], [1062, 720]], '정찰기사, 포획', 0.46179437148570707), ([[1068, 746], [1260, 746], [1260, 786], [1068, 786]], '고기 번식장 미포획', 0.8472001827596918), ([[1057, 821], [1118, 821], [1118, 850], [1057, 850]], '진행 중', 0.9832437478787208), ([[1066, 848], [1140, 848], [1140, 889], [1066, 889]], '제2', 0.9829413424897904), ([[1063, 892], [1319, 892], [1319, 952], [1063, 952]], '고기 번식장의 길', 0.9985689760125196), ([[1357, 893], [1432, 893], [1432, 949], [1357, 949]], '임버', 0.6156655244602712), ([[1068, 978], [1209, 978], [1209, 1017], [1068, 1017]], '탈성 엔딩 0/3', 0.4229546731742828), ([[246, 1059], [378, 1059], [378, 1096], [246, 1096]], '모퉁 엔팅 팀정', 0.25253509781869354), ([[251, 1106], [374, 1106], [374, 1146], [251, 1146]], '여행가의 장', 0.9946964947690189), ([[100, 1493], [468, 1493], [468, 1532], [100, 1532]], '*204묶벼_ 테나주<화 @', 0.0019113358902264586)]
[([[280, 89], [360, 89], [360, 129], [280, 129]], '진행 중', 0.993702519099415), ([[339, 197], [432, 197], [432, 237], [339, 237]], '마신임무', 0.9997934103012085), ([[458, 197], [579, 197], [579, 237], [458, 237]], '정복 이멘트', 0.8638254601068649), ([[1307, 196], [1716, 196], [1716, 249], [1307, 249]], '고기 번식장의 조교. 그 첫번째', 0.8370820002523037), ([[339, 269], [511, 269], [511, 309], [339, 309]], '헬차르의 한 걸음', 0.7677527983552778), ([[534, 271], [585, 271], [585, 309], [534, 309]], '온드', 0.7214253837472819), ([[1333, 258], [1584, 258], [1584, 302], [1333, 302]], '본드 헬차르의 둥지구멍', 0.36781400420024535), ([[339, 305], [459, 305], [459, 342], [339, 342]], '서장 제 [막', 0.44399634517686937), ([[1370, 358], [1633, 358], [1633, 406], [1370, 406]], '고기 번식장 임버름 쏟다', 0.5795929295556007), ([[339, 384], [691, 384], [691, 428], [339, 428]], '미숙한 고기 번식장들올 확보하다.', 0.6806803206632667), ([[337, 430], [393, 430], [393, 456], [337, 456]], '13290', 0.7342782544510614), ([[1304, 433], [1992, 433], [1992, 477], [1304, 477]], '신품 고기 번식장 임버가 정신올 차길 듯하다 고짓구멍올 개봉하자', 0.2870422702832602), ([[339, 516], [439, 516], [439, 556], [339, 556]], '전설 임무', 0.8311039218030589), ([[465, 516], [655, 516], [655, 556], [465, 556]], '고기 번식장 이멘트', 0.7289594542031976), ([[341, 591], [511, 591], [511, 630], [341, 630]], '고기 번식장의 길', 0.9942825705167665), ([[534, 593], [588, 593], [588, 630], [534, 630]], '임버', 0.7705400198603642), ([[339, 627], [552, 627], [552, 664], [339, 664]], '작은 토끼의 장 제 2막', 0.8599585516501533), ([[348, 705], [662, 705], [662, 750], [348, 750]], '고기 번식장의 조교 그 첫번째', 0.9795965973718771), ([[346, 751], [375, 751], [375, 778], [346, 778]], '0', 0.7292714647740617), ([[1302, 1218], [1530, 1218], [1530, 1256], [1302, 1256]], '시리즈 임무 클리어 보수', 0.779259870902816), ([[100, 1493], [468, 1493], [468, 1533], [100, 1533]], '*204표_,#뉴<화 .', 0.004143342426336435)]
[([[1324, 501], [1559, 501], [1559, 567], [1324, 567]], '신의 눈 임번', 0.2146103624560265), ([[1054, 622], [1825, 622], [1825, 682], [1054, 682]], '화염 원소가 짓든 신의 눈; 타오르는 열정이 느껴진다.', 0.5527342368073506), ([[1242, 700], [1637, 700], [1637, 757], [1242, 757]], '신의 눈은 바깥올 보여주다', 0.39169032738959986), ([[1121, 754], [1759, 754], [1759, 811], [1121, 811]], '극하에 이론 갈망은 갖은 불순물올 거부하다 .', 0.3469637251654807), ([[1310, 833], [1572, 833], [1572, 890], [1310, 890]], '소녀논 믿고 있다.', 0.4264454296031729), ([[1189, 883], [1427, 883], [1427, 945], [1189, 945]], "'나밖에 못할 일", 0.628974238578804), ([[1444, 883], [1708, 883], [1708, 945], [1444, 945]], '이 분명히 있다고', 0.9637542894338672), ([[100, 1493], [466, 1493], [466, 1532], [100, 1532]], '*204주문6_*없뉴-<학 @', 0.00420384126906199)]
[([[1079, 92], [1719, 92], [1719, 243], [1079, 243]], "'", 0.5455767375845575), ([[1034, 307], [1100, 307], [1100, 630], [1034, 630]], '"', 0.0568815814087964), ([[1402, 1222], [1477, 1222], [1477, 1275], [1402, 1275]], '임버', 0.8973724049867813), ([[1328, 1296], [1545, 1296], [1545, 1347], [1328, 1347]], '아파라   여긴  ', 0.5315772430247994), ([[100, 1493], [468, 1493], [468, 1532], [100, 1532]], '*204{ _뱃없사주03 @', 0.0066925703891593585)]
[([[1076, 90], [1703, 90], [1703, 247], [1076, 247]], '_', 0.07348849591835549), ([[1033, 309], [1102, 309], [1102, 561], [1033, 561]], '"', 0.026049899154259926), ([[1402, 1222], [1477, 1222], [1477, 1275], [1402, 1275]], '임버', 0.8993546608072918), ([[1231, 1294], [1626, 1294], [1626, 1349], [1231, 1349]], '마; 맞아 나, 헬차르에게 저서', 0.20428762713404405), ([[100, 1493], [468, 1493], [468, 1532], [100, 1532]], '*20+끊 _뱃없사주0화 @', 0.003075452697554215)]
[([[1075, 90], [1702, 90], [1702, 246], [1075, 246]], ' _', 0.06784405171572822), ([[1034, 310], [1100, 310], [1100, 554], [1034, 554]], '"', 0.008501048115487686), ([[1402, 1222], [1477, 1222], [1477, 1275], [1402, 1275]], '임버', 0.8626462044933054), ([[1103, 1294], [1770, 1294], [1770, 1347], [1103, 1347]], '여긴   항아는 아난가보네. 어단가의 비경인 걸까 "', 0.1964300692481143), ([[100, 1493], [468, 1493], [468, 1532], [100, 1532]], '*20+끊 - 방없사주0화 @', 0.0027084128268051295)]
[([[1079, 93], [1679, 93], [1679, 244], [1079, 244]], '~', 0.18255144843806193), ([[1402, 1222], [1477, 1222], [1477, 1275], [1402, 1275]], '임버', 0.9066193536206661), ([[1394, 1299], [1472, 1299], [1472, 1344], [1394, 1344]], '저건:', 0.5341113717897584), ([[100, 1493], [468, 1493], [468, 1533], [100, 1533]], '*204주{_방청하-< 그@', 0.003652497547645573)]
[([[1095, 94], [1638, 94], [1638, 240], [1095, 240]], '', 0.0), ([[1330, 1222], [1549, 1222], [1549, 1279], [1330, 1279]], '본적 없는 소녀', 0.8234780151044393), ([[1343, 1294], [1509, 1294], [1509, 1345], [1343, 1345]], '으구 " 아액', 0.6160605610899), ([[1071, 1341], [1808, 1341], [1808, 1394], [1071, 1394]], '(이 세계선에서 루미네는 아직 누구와도 만나지 못있다 )', 0.5332303040457066), ([[100, 1493], [306, 1493], [306, 1533], [100, 1533]], '*리04주16_', 0.0021865043890257727)]
[([[1079, 93], [1679, 93], [1679, 244], [1079, 244]], '~', 0.18255144843806193), ([[1402, 1222], [1477, 1222], [1477, 1275], [1402, 1275]], '임버', 0.8840508433981823), ([[1352, 1294], [1500, 1294], [1500, 1347], [1352, 1347]], '너; 너무해-', 0.9030132146238004), ([[1193, 1341], [1687, 1341], [1687, 1394], [1193, 1394]], '저 아이, 헬차르의 장난감이 뒷잡아  ', 0.28556394758350157), ([[100, 1493], [468, 1493], [468, 1532], [100, 1532]], '*204끊6_플비하< 3@', 0.002018141994130378)]
[([[1075, 90], [1702, 90], [1702, 246], [1075, 246]], ' _', 0.06784405171572822), ([[1034, 310], [1100, 310], [1100, 556], [1034, 556]], '"', 0.028368007518647653), ([[1402, 1222], [1477, 1222], [1477, 1275], [1402, 1275]], '임버', 0.8972368487175516), ([[1292, 1296], [1561, 1296], [1561, 1347], [1292, 1347]], '그리고 앞으로 나도', 0.9796987558187078), ([[100, 1493], [468, 1493], [468, 1532], [100, 1532]], '*20+주{ _뱃없사주0화 @', 0.0036085839524073356)]
[([[100, 1493], [466, 1493], [466, 1532], [100, 1532]], '*20+주문6_*없뉴 <학 @', 0.00456707376092597)]
[([[1088, 88], [1694, 88], [1694, 248], [1088, 248]], ' _', 0.08818582190101543), ([[1033, 311], [1101, 311], [1101, 549], [1033, 549]], '터', 0.011243415239033328), ([[1402, 1222], [1477, 1222], [1477, 1275], [1402, 1275]], '임버', 0.867564435467282), ([[1055, 1294], [1828, 1294], [1828, 1347], [1055, 1347]], '아니   용기름 내, 임버 정찰기사는 패배름 인정하지 않아', 0.20795328626285528), ([[1289, 1343], [1592, 1343], [1592, 1394], [1289, 1394]], '먹히논 것보단 낫~애]', 0.17550516651121326), ([[100, 1493], [468, 1493], [468, 1532], [100, 1532]], '*20+끊섬 -방없하주0화 @', 0.000718065324447443)]
[([[1088, 88], [1694, 88], [1694, 248], [1088, 248]], ' _', 0.08818582190101543), ([[1402, 1222], [1477, 1222], [1477, 1275], [1402, 1275]], '임버', 0.9117672688340098), ([[1233, 1294], [1642, 1294], [1642, 1347], [1233, 1347]], '그리고 내계는 신의 눈이 있어', 0.46662653480000665), ([[1085, 1341], [1792, 1341], [1792, 1396], [1085, 1396]], '이 실드가 부서지지 안는 한 임신만큼은 피팅 수 있어', 0.22285667168745732), ([[100, 1493], [468, 1493], [468, 1532], [100, 1532]], '*20+끊 -방없사주0화 @', 0.0012046823944462663)]
[([[1078, 87], [1694, 87], [1694, 248], [1078, 248]], "' _", 0.02788231994366626), ([[1033, 309], [1101, 309], [1101, 549], [1033, 549]], '터', 0.019178062079509894), ([[1402, 1222], [1477, 1222], [1477, 1275], [1402, 1275]], '임버', 0.8832734213422997), ([[1267, 1294], [1617, 1294], [1617, 1347], [1267, 1347]], '그래 이건 오히려 기회야', 0.7891679259726098), ([[1098, 1341], [1783, 1341], [1783, 1396], [1098, 1396]], '헬차르트 만족시켜서; 방심한 틈에 빠져나가는 거야', 0.2900450199722946), ([[100, 1493], [468, 1493], [468, 1532], [100, 1532]], '*20+주{섬 _방없사주0화 @', 0.0017830149049864238)]
[([[1084, 88], [1685, 88], [1685, 247], [1084, 247]], "'_", 0.14350902014207595), ([[1036, 310], [1100, 310], [1100, 558], [1036, 558]], '"', 0.026276280267722996), ([[1388, 1222], [1493, 1222], [1493, 1275], [1388, 1275]], '헬차르', 0.5452390653389234), ([[100, 1493], [468, 1493], [468, 1532], [100, 1532]], '*20+5끊_뱃텍뉴주 0화 @', 0.0008183674577353332)]
[([[1080, 88], [1689, 88], [1689, 246], [1080, 246]], "'", 0.5014943606198727), ([[1402, 1222], [1477, 1222], [1477, 1275], [1402, 1275]], '임버', 0.905333013614768), ([[1375, 1294], [1502, 1294], [1502, 1347], [1375, 1347]], '윗구나 "', 0.3221137109637317), ([[100, 1493], [455, 1493], [455, 1532], [100, 1532]], '*20+끊_방없나 0화', 0.0008949349481667065)]
[([[100, 1493], [466, 1493], [466, 1532], [100, 1532]], '*20+주문6_*없뉴 <학 @', 0.00456707376092597)]
[([[1396, 40], [1487, 40], [1487, 106], [1396, 106]], '엔배', 0.10954650069166061), ([[1367, 107], [1512, 107], [1512, 151], [1367, 151]], '예행탤페인]', 0.01984572224486148), ([[874, 147], [963, 147], [963, 189], [874, 189]], '[% 1', 0.036594655364751816), ([[88, 804], [174, 804], [174, 885], [88, 885]], "')", 0.04452130459026205), ([[151, 900], [368, 900], [368, 953], [151, 953]], '정찰기사; 포획!', 0.7870546462932154), ([[151, 959], [391, 959], [391, 1009], [151, 1009]], '임버름 무력화시권다', 0.20951755067507322), ([[1402, 1247], [1477, 1247], [1477, 1302], [1402, 1302]], '@때', 0.1793816194162394), ([[1258, 1312], [1619, 1312], [1619, 1367], [1258, 1367]], '새:  생각햇권 넷보다 크네.', 0.33471835900022867), ([[1274, 1361], [1599, 1361], [1599, 1417], [1274, 1417]], '이거; 들어가긴 하려나 "', 0.60636974878607), ([[100, 1495], [277, 1495], [277, 1533], [100, 1533]], '*20+"', 0.08963035774757426), ([[331, 1496], [380, 1496], [380, 1525], [331, 1525]], '웬색', 0.039220559161024966)]
[([[1396, 40], [1487, 40], [1487, 108], [1396, 108]], '엘집', 0.01991445554192227), ([[1369, 107], [1512, 107], [1512, 151], [1369, 151]], '예비행 챔페언}', 0.31860100864873653), ([[872, 147], [963, 147], [963, 189], [872, 189]], '[차 1', 0.12914538383483887), ([[78, 796], [180, 796], [180, 886], [78, 886]], '8>', 0.008473652954032065), ([[151, 898], [467, 898], [467, 946], [151, 946]], '임버의 고짓구멍올 사용하다;', 0.5444159078699591), ([[1402, 1247], [1477, 1247], [1477, 1302], [1402, 1302]], '@때', 0.16944777462195654), ([[1181, 1312], [1666, 1312], [1666, 1369], [1181, 1369]], '@제와외서 하는 말이제만 이 헬차르들', 0.24675097029632972), ([[1312, 1361], [1572, 1361], [1572, 1412], [1312, 1412]], '너무 강한 거 아냐?', 0.729620933816897), ([[100, 1495], [277, 1495], [277, 1532], [100, 1532]], '*20+하', 0.1877041361163884), ([[333, 1498], [389, 1498], [389, 1525], [333, 1525]], '훨', 0.08076878329014026)]
[([[1396, 40], [1487, 40], [1487, 108], [1396, 108]], '엘집', 0.019055625202314144), ([[1369, 107], [1512, 107], [1512, 151], [1369, 151]], '예비행 챔페언}', 0.23915609972068225), ([[874, 147], [963, 147], [963, 189], [874, 189]], '[% 1', 0.03863034397363663), ([[151, 898], [467, 898], [467, 946], [151, 946]], '임버의 고짓구멍올 사용하다;', 0.6170096454112756), ([[100, 1495], [272, 1495], [272, 1532], [100, 1532]], '*20+"님', 0.2884771730163351), ([[333, 1496], [389, 1496], [389, 1523], [333, 1523]], '/사', 0.023964670443392577), ([[2003.36005344564, 57.0097530169947], [2149.0958918927763, 10.028614233691009], [2270.63994655436, 426.9902469830053], [2124.9041081072237, 472.97138576630897]], '^', 0.004648498486381547), ([[336.4392624013421, 729.9271148816105], [395.98262440246873, 715.334676065879], [402.5607375986579, 748.0728851183895], [343.01737559753127, 762.665323934121]], '000', 0.9839008041465384)]
[([[1396, 40], [1487, 40], [1487, 108], [1396, 108]], '엘집', 0.019220266313997602), ([[1369, 107], [1512, 107], [1512, 151], [1369, 151]], '예비행 챔페언}', 0.19770559593971274), ([[874, 147], [963, 147], [963, 189], [874, 189]], '[% 1', 0.036594655364751816), ([[78, 798], [178, 798], [178, 886], [78, 886]], '8', 0.14355987374642964), ([[151, 898], [467, 898], [467, 946], [151, 946]], '임버의 고짓구멍올 사용하다;', 0.694162208203445), ([[1402, 1247], [1477, 1247], [1477, 1302], [1402, 1302]], '@때', 0.22576520446439105), ([[1294, 1312], [1583, 1312], [1583, 1369], [1294, 1369]], '하   학* 쾌 괜찮아.', 0.19644443568657707), ([[1220, 1361], [1660, 1361], [1660, 1414], [1220, 1414]], '이 정도로; 실드는 부서지지 않아', 0.6821236148321097), ([[100, 1495], [275, 1495], [275, 1533], [100, 1533]], '*20+주"', 0.0983307394784904), ([[320, 1492], [392, 1492], [392, 1525], [320, 1525]], '나소', 0.02677796414516547), ([[421, 1496], [447, 1496], [447, 1527], [421, 1527]], '9', 0.6220940185332644)]
[([[1402, 1222], [1477, 1222], [1477, 1275], [1402, 1275]], '임버', 0.6201850490170444), ([[1222, 1294], [1655, 1294], [1655, 1347], [1222, 1347]], '최근 항아에 괴물들이 안 나오네.', 0.40077449894428907), ([[1217, 1341], [1635, 1341], [1635, 1394], [1217, 1394]], '너무 평회로서워 반대로 수상해-', 0.5589036043203431), ([[100, 1493], [455, 1493], [455, 1532], [100, 1532]], '*207문:_터0:', 0.011566933464791039)]
[([[1979, 0], [2063, 0], [2063, 79], [1979, 79]], '(', 0.6482859624799318), ([[1396, 40], [1487, 40], [1487, 108], [1396, 108]], '엘집', 0.024513478483879792), ([[1367, 107], [1512, 107], [1512, 151], [1367, 151]], '떼행탤페인]', 0.0085451802382893), ([[874, 147], [966, 147], [966, 189], [874, 189]], '[% ]', 0.01972467638552189), ([[100, 1495], [275, 1495], [275, 1533], [100, 1533]], '*20+유', 0.05272624968608014), ([[313, 1496], [413, 1496], [413, 1527], [313, 1527]], '없4?', 0.009119202052364588), ([[2260.6439214851207, 147.0306648211629], [2439.6562980384165, 29.00717964437537], [2665.3560785148793, 427.96933517883707], [2486.3437019615835, 545.9928203556246]], '@', 0.12865038740724177), ([[1948.1171775187472, 45.017720216806566], [2271.752019958609, 161.70612269198207], [2200.882822481253, 337.98227978319346], [1878.247980041391, 221.29387730801793]], '|이', 0.02007123802187754), ([[335.7811992150991, 729.6717988226486], [395.9793413428922, 716.331006713659], [402.2188007849009, 751.3282011773514], [342.0206586571078, 764.668993286341]], '000', 0.8911839865903612), ([[2531.2157338469888, 741.0205164774869], [2644.5921739390524, 723.7202262443171], [2676.7842661530112, 961.9794835225131], [2562.4078260609476, 979.2797737556829]], '', 0.0)]
[([[1396, 40], [1487, 40], [1487, 108], [1396, 108]], '엘집', 0.014612773053715552), ([[1957, 0], [2065, 0], [2065, 101], [1957, 101]], '(', 0.0098496980724741), ([[1367, 107], [1512, 107], [1512, 151], [1367, 151]], '예행 챔페인}', 0.011644221870696542), ([[874, 147], [966, 147], [966, 189], [874, 189]], '[% ]', 0.016707058995962143), ([[1931, 79], [2033, 79], [2033, 233], [1931, 233]], '1"', 0.4147666652082166), ([[776, 258], [891, 258], [891, 373], [776, 373]], '05', 0.1569182459215428), ([[2537, 312], [2628, 312], [2628, 441], [2537, 441]], '{', 0.039695294666167946), ([[589, 993], [745, 993], [745, 1249], [589, 1249]], '야', 0.7536375342737109), ([[706, 1172], [751, 1172], [751, 1205], [706, 1205]], '000', 0.34619230309263554), ([[100, 1495], [273, 1495], [273, 1533], [100, 1533]], '*204주"님', 0.021675212954552454), ([[331, 1496], [411, 1496], [411, 1527], [331, 1527]], '웬`', 0.3861528481348334), ([[2281.9678230113595, 115.02131687490069], [2446.15261916521, 41.026584753782856], [2590.0321769886405, 406.97868312509934], [2425.84738083479, 480.97341524621714]], '', 0.0), ([[2042.996479429144, 75.02289949825344], [2271.074433859133, 161.68587001107682], [2200.003520570856, 337.9771005017466], [1971.9255661408667, 251.31412998892318]], ' 달', 0.020329571161585243), ([[867.9819816180111, 310.78017977981216], [920.2002908898598, 296.9607060045202], [927.0180183819889, 326.21982022018784], [874.7997091101402, 339.0392939954798]], '000', 0.9805391278562748), ([[2524.2279535071666, 742.018637598349], [2642.038750354352, 719.5181236416505], [2685.7720464928334, 980.981362401651], [2567.961249645648, 1003.4818763583495]], '', 0.0)]
[([[1396, 42], [1487, 42], [1487, 108], [1396, 108]], '엔배', 0.06160691294608302), ([[1367, 107], [1512, 107], [1512, 151], [1367, 151]], '떼행탤페인@', 0.010397189162315907), ([[897, 147], [963, 147], [963, 189], [897, 189]], '벼1', 0.1088591428567891), ([[1750, 251], [1840, 251], [1840, 349], [1750, 349]], '씨', 0.21855569381153206), ([[100, 1495], [275, 1495], [275, 1533], [100, 1533]], '*204"님', 0.06952868404006796), ([[315, 1496], [393, 1496], [393, 1527], [315, 1527]], '고웬4', 0.0031812643257797353), ([[2191.926249015614, 112.04123720297785], [2342.118626858456, 156.11107073597915], [2305.073750984386, 269.95876279702213], [2154.881373141544, 225.88892926402085]], "'@3", 0.008262017099036519), ([[2547.251031406769, 304.01078981487984], [2820.609301534928, 530.5096019226428], [2677.748968593231, 702.9892101851202], [2404.390698465072, 475.4903980773572]], '중고', 0.01612534455261806), ([[2331.0970211931326, 925.0239984308922], [2431.514915152893, 854.0077999545285], [2616.9029788068674, 1146.9760015691077], [2516.485084847107, 1217.9922000454715]], '"', 0.6675582029502038), ([[1804.9590124015283, 991.0319021449124], [1900.5498739382501, 918.0088953080727], [2084.0409875984715, 1187.9680978550875], [1988.4501260617499, 1260.9911046919274]], '"', 0.09484698165551109)]
[([[1396, 42], [1487, 42], [1487, 108], [1396, 108]], '엔배', 0.06160691294608302), ([[1367, 107], [1512, 107], [1512, 151], [1367, 151]], '떼행탤페인@', 0.010595173781924185), ([[874, 147], [963, 147], [963, 189], [874, 189]], '[% 1', 0.026818586513400078), ([[1750, 251], [1840, 251], [1840, 349], [1750, 349]], '씨', 0.212522287279171), ([[100, 1495], [277, 1495], [277, 1533], [100, 1533]], '*20/주하병', 0.014283808679141599), ([[317, 1496], [393, 1496], [393, 1527], [317, 1527]], '고웬4', 0.15595288468139984), ([[2192.9424244217885, 112.04000236760871], [2343.2063734717235, 158.35331303772693], [2305.0575755782115, 271.9599976323913], [2154.7936265282765, 224.64668696227307]], "'@", 0.20881119825296426), ([[2546.254063608953, 314.01113089992845], [2815.6389032896304, 532.7662729558663], [2680.745936391047, 698.9888691000716], [2411.3610967103696, 480.23372704413373]], ' ', 0.029222438804927586), ([[2330.1111650265875, 922.0232520078185], [2430.5102804762037, 851.007660142417], [2616.8888349734125, 1146.9767479921816], [2516.4897195237963, 1217.9923398575831]], '"', 0.45361076243722565), ([[1804.9715839731678, 990.0311355572697], [1900.5498739382501, 918.0088953080727], [2084.028416026832, 1188.9688644427301], [1988.4501260617499, 1260.9911046919274]], '"', 0.06593094761417095)]
[([[1396, 40], [1487, 40], [1487, 108], [1396, 108]], '엘집', 0.017072453803675634), ([[1367, 107], [1512, 107], [1512, 151], [1367, 151]], '떼행캠페인}', 0.013011061285849834), ([[874, 147], [963, 147], [963, 189], [874, 189]], '[% 1', 0.02032690867781639), ([[100, 1495], [272, 1495], [272, 1532], [100, 1532]], '*20+하님', 0.10932623145318464), ([[315, 1496], [407, 1496], [407, 1527], [315, 1527]], '고옛수<', 0.02395276166498661), ([[947.2198074871519, 271.02030375331674], [1043.4997224534895, 217.00832639531268], [1182.780192512848, 492.97969624668326], [1086.5002775465105, 546.9916736046873]], '흙', 0.18134873352393388), ([[-49.46415773790354, 527.031540480638], [135.6389848690506, 377.0060049665073], [446.4641577379035, 826.968459519362], [260.3610151309494, 976.9939950334926]], '9', 0.0008848191805694988)]
[([[1396, 40], [1487, 40], [1487, 108], [1396, 108]], '엘집', 0.018959319014761382), ([[1367, 107], [1512, 107], [1512, 151], [1367, 151]], '예행 챔페엔]', 0.01463897676346826), ([[872, 147], [963, 147], [963, 189], [872, 189]], '[차 1', 0.1302901655435562), ([[1983, 29], [2104, 29], [2104, 269], [1983, 269]], '뜻', 0.006813989012673716), ([[2685, 1009], [2730, 1009], [2730, 1047], [2685, 1047]], '15', 0.99999452091409), ([[2739, 1016], [2757, 1016], [2757, 1042], [2739, 1042]], '7', 0.9999367008689752), ([[101, 1496], [272, 1496], [272, 1529], [101, 1529]], '*20+주하님', 0.09025093487579783), ([[2242.34212061262, 281.01353088666355], [2359.698465218386, 262.43332549873327], [2401.65787938738, 555.9864691133364], [2285.301534781614, 575.5666745012668]], '입', 0.039685961120988544)]
[([[1396, 40], [1487, 40], [1487, 108], [1396, 108]], '엘집', 0.015568839181555959), ([[1369, 107], [1512, 107], [1512, 151], [1369, 151]], '예비행 챔페언}', 0.24126505347663108), ([[872, 147], [963, 147], [963, 189], [872, 189]], '[차 1', 0.12520252168178558), ([[149, 894], [487, 894], [487, 969], [149, 969]], '임버의 고곳구>울-쏟다', 0.054874050238640885), ([[2686, 1007], [2762, 1007], [2762, 1048], [2686, 1048]], '55.7', 0.4909921303573252), ([[100, 1495], [277, 1495], [277, 1533], [100, 1533]], '*20+하접', 0.028202644012477254), ([[331, 1496], [377, 1496], [377, 1523], [331, 1523]], '실뇨', 0.0038261900750263243), ([[2199.354032781355, 358.0160589052308], [2295.1917935269726, 344.3979186607459], [2326.645967218645, 584.9839410947692], [2230.8082064730274, 598.602081339254]], '@', 0.5377388124106943), ([[1350.118489277029, 542.0389288304276], [1419.5547001962252, 508.0153964679459], [1491.881510722971, 674.9610711695724], [1421.4452998037748, 707.9846035320542]], '빛', 0.21715315821528325)]
[([[1396, 40], [1487, 40], [1487, 108], [1396, 108]], '엘집', 0.024529119628855404), ([[1369, 107], [1512, 107], [1512, 151], [1369, 151]], '예비행 챔페언}', 0.29984024507051155), ([[872, 147], [963, 147], [963, 189], [872, 189]], '[차 1', 0.12774209678173065), ([[2688, 1009], [2763, 1009], [2763, 1049], [2688, 1049]], "'6.7", 0.36586418196923887), ([[1402, 1247], [1477, 1247], [1477, 1302], [1402, 1302]], '@때', 0.23942771078491978), ([[1308, 1317], [1344, 1317], [1344, 1359], [1308, 1359]], '흐', 0.2474944801478154), ([[1373, 1314], [1574, 1314], [1574, 1365], [1373, 1365]], '민웃미 뜯낫다', 0.07361046836192311), ([[1334, 1361], [1522, 1361], [1522, 1417], [1334, 1417]], '별 거; 아맣네:', 0.2297971767572371), ([[100, 1495], [277, 1495], [277, 1532], [100, 1532]], '*20+때', 0.10272159158160708), ([[331, 1496], [377, 1496], [377, 1525], [331, 1525]], '1', 0.04127677193026735), ([[2199.354032781355, 358.0160589052308], [2295.1917935269726, 344.3979186607459], [2325.645967218645, 584.9839410947692], [2230.8082064730274, 598.602081339254]], '@', 0.3536380065021518), ([[1350.118489277029, 542.0389288304276], [1419.5547001962252, 508.0153964679459], [1491.881510722971, 674.9610711695724], [1421.4452998037748, 707.9846035320542]], '빛', 0.19475561072353287)]
[([[1396, 40], [1487, 40], [1487, 108], [1396, 108]], '엘집', 0.021328088121865985), ([[1367, 107], [1512, 107], [1512, 151], [1367, 151]], '예행탤페인}', 0.016340007840457013), ([[874, 147], [963, 147], [963, 189], [874, 189]], '[% 1', 0.03487318381667137), ([[88, 806], [161, 806], [161, 883], [88, 883]], '(9)', 0.25591244279371006), ([[151, 900], [386, 900], [386, 953], [151, 953]], '고기 번식장 조교', 0.8307355018310476), ([[423, 900], [559, 900], [559, 953], [423, 953]], '그 첫번째', 0.9568698030578121), ([[151, 959], [553, 959], [553, 1007], [151, 1007]], '전원이 고짓구멍올 사용하다 12400', 0.7123980335345839), ([[1402, 1247], [1477, 1247], [1477, 1300], [1402, 1300]], '@패', 0.05899504836698945), ([[1305, 1312], [1558, 1312], [1558, 1367], [1305, 1367]], '중앉이 틈울 퇴서:', 0.24987165075472026), ([[100, 1495], [277, 1495], [277, 1532], [100, 1532]], '*20+하', 0.18629311713961044), ([[331, 1496], [380, 1496], [380, 1525], [331, 1525]], '실', 0.47094720400514234)]
[([[1396, 40], [1487, 40], [1487, 108], [1396, 108]], '엘집', 0.018959319014761382), ([[1369, 107], [1512, 107], [1512, 151], [1369, 151]], '예비행 챔페언}', 0.2920351003808343), ([[874, 147], [963, 147], [963, 189], [874, 189]], '[% ', 0.038614547389707224), ([[841, 287], [925, 287], [925, 391], [841, 391]], '0', 0.8119340172644485), ([[85, 800], [175, 800], [175, 884], [85, 884]], "')))", 0.06919676810503006), ([[151, 900], [386, 900], [386, 953], [151, 953]], '고기 번식장 조교', 0.8126800914119067), ([[423, 900], [559, 900], [559, 953], [423, 953]], '그 첫번째', 0.9423985716707164), ([[151, 959], [553, 959], [553, 1007], [151, 1007]], '전원이 고짓구멍올 사용하다 12400', 0.6640781014208564), ([[1402, 1247], [1477, 1247], [1477, 1300], [1402, 1300]], '@패', 0.09820895214875011), ([[1305, 1312], [1558, 1312], [1558, 1367], [1305, 1367]], '중앉이 틈울 퇴서:', 0.2349494470244577), ([[100, 1495], [279, 1495], [279, 1533], [100, 1533]], '*20+넘#', 0.011834176403341801), ([[331, 1496], [391, 1496], [391, 1525], [331, 1525]], '설', 0.05390706081525587), ([[1636.4484215895247, 233.0063391443261], [1815.2390472876118, 253.79425040073264], [1759.5515784104753, 715.9936608556739], [1580.7609527123882, 696.2057495992674]], '지', 0.0044053372880728525)]
[([[1402, 1222], [1477, 1222], [1477, 1275], [1402, 1275]], '임버', 0.5634846042301289), ([[1280, 1294], [1630, 1294], [1630, 1347], [1280, 1347]], "'원가 안 종은 느낌이 들에", 0.890715710730243), ([[1154, 1341], [1725, 1341], [1725, 1394], [1154, 1394]], '어단가에서 힘차르틀 붙잡아서 심문해블까', 0.08000719532434272), ([[100, 1493], [466, 1493], [466, 1532], [100, 1532]], '*207문 그103 ', 0.09817045365958313)]
[([[1396, 40], [1487, 40], [1487, 108], [1396, 108]], '엘집', 0.017072453803675634), ([[1367, 107], [1512, 107], [1512, 151], [1367, 151]], '떼행캠페인}', 0.011077492472291105), ([[874, 147], [963, 147], [963, 189], [874, 189]], '[% 1', 0.022427145391702652), ([[669, 548], [927, 548], [927, 810], [669, 810]], '김', 0.029755936200253963), ([[153, 900], [386, 900], [386, 953], [153, 953]], '고기 번식장 조교', 0.7010452519698136), ([[421, 900], [559, 900], [559, 953], [421, 953]], '그 첫번째', 0.9830402210771826), ([[150, 955], [365, 955], [365, 1016], [150, 1016]], '전원이 고짓구멍올', 0.24453967977373925), ([[357, 962], [552, 962], [552, 1006], [357, 1006]], '사용하다 12400', 0.8302667237283547), ([[101, 1496], [269, 1496], [269, 1529], [101, 1529]], '*204하님', 0.01597157475674079), ([[2003.36005344564, 57.0097530169947], [2149.0958918927763, 10.028614233691009], [2270.63994655436, 426.9902469830053], [2124.9041081072237, 472.97138576630897]], '^', 0.006475126438644507), ([[926.0356462691719, 269.0273743374268], [1027.534327066258, 198.00839929299585], [1202.964353730828, 478.9726256625732], [1101.465672933742, 549.9916007070042]], '흙', 0.5580337246448295), ([[105.32624614231432, 388.00732254645857], [453.80724237686553, 707.4836450351813], [273.6737538576857, 909.9926774535414], [-74.80724237686552, 590.5163549648187]], '8]', 0.029532929106573878)]
[([[1396, 42], [1487, 42], [1487, 108], [1396, 108]], '엔배', 0.07541631767017677), ([[1367, 107], [1510, 107], [1510, 151], [1367, 151]], '떼행캠페엔}', 0.031296116877215334), ([[897, 147], [963, 147], [963, 189], [897, 189]], '벼1', 0.15429980395713655), ([[2176, 124], [2319, 124], [2319, 260], [2176, 260]], '(', 0.10395471471736162), ([[1748, 249], [1840, 249], [1840, 349], [1748, 349]], '시', 0.6099012579898613), ([[222, 906], [385, 906], [385, 950], [222, 950]], '애장 조교', 0.5699553578531745), ([[421, 900], [559, 900], [559, 953], [421, 953]], '그 첫번째', 0.987182589092941), ([[151, 959], [553, 959], [553, 1007], [151, 1007]], '전원이 고짓구멍올 사용하다 12400', 0.5651415644209252), ([[1402, 1247], [1477, 1247], [1477, 1300], [1402, 1300]], '@패', 0.04283512598872351), ([[1226, 1312], [1655, 1312], [1655, 1365], [1226, 1365]], '@속으로 한대내규" 못 들없어 !', 0.039011368453152354), ([[100, 1495], [275, 1495], [275, 1532], [100, 1532]], '*20+{심', 0.018991596126780346), ([[310, 1496], [413, 1496], [413, 1527], [310, 1527]], '쇼없?', 0.012884636013372622), ([[2544.223976619516, 322.01204714841685], [2818.8702704335456, 523.456449614751], [2691.776023380484, 693.9879528515831], [2417.1297295664544, 492.543550385249]], '~들', 0.013028237982550948), ([[2331.0970211931326, 925.0239984308922], [2431.514915152893, 854.0077999545285], [2616.9029788068674, 1146.9760015691077], [2516.485084847107, 1217.9922000454715]], '"', 0.634011097190271), ([[1802.9838560627563, 988.030396248032], [1899.5445921410924, 915.0087251979182], [2084.0161439372437, 1188.969603751968], [1987.4554078589076, 1260.9912748020818]], '"', 0.01490454470618463)]
[([[1396, 42], [1487, 42], [1487, 106], [1396, 106]], '임버', 0.36067716155642665), ([[1365, 108], [1512, 108], [1512, 151], [1365, 151]], "'비행 챔피언_", 0.5776059515180704), ([[873, 147], [964, 147], [964, 191], [873, 191]], '-청1', 0.018757202780908734), ([[151, 900], [386, 900], [386, 953], [151, 953]], '고기 번식장 조교', 0.7042510739415769), ([[423, 900], [559, 900], [559, 953], [423, 953]], '그 첫번째', 0.9681587190777455), ([[151, 959], [550, 959], [550, 1007], [151, 1007]], '전원이 고짓구멍올 사용하다 -400', 0.34698712903390977), ([[1402, 1247], [1477, 1247], [1477, 1300], [1402, 1300]], '임버', 0.7724357425846877), ([[1267, 1312], [1617, 1312], [1617, 1367], [1267, 1367]], '어, 어느센가 줄 서릿잡야]', 0.16514190842962254), ([[103, 1496], [269, 1496], [269, 1529], [103, 1529]], '웃문 0주유님', 0.019300257681100493), ([[313, 1496], [355, 1496], [355, 1527], [313, 1527]], '고위', 0.4666713279376524)]
[([[1396, 42], [1487, 42], [1487, 108], [1396, 108]], '엔배', 0.07541631767017677), ([[1367, 107], [1512, 107], [1512, 151], [1367, 151]], '떼행탤페인}', 0.012022722805816134), ([[874, 147], [963, 147], [963, 189], [874, 189]], '[% 1', 0.023427041247487068), ([[2176, 124], [2319, 124], [2319, 260], [2176, 260]], '(', 0.12326687653586887), ([[1750, 251], [1840, 251], [1840, 349], [1750, 349]], '씨', 0.25088567358763214), ([[153, 900], [386, 900], [386, 953], [153, 953]], '고기 번식장 조교', 0.9715000515307756), ([[425, 900], [559, 900], [559, 953], [425, 953]], '그 첫번째', 0.9185566590641621), ([[151, 959], [550, 959], [550, 1007], [151, 1007]], '전원이 고짓구멍올 사용하다 12400', 0.6419267846902813), ([[1402, 1247], [1477, 1247], [1477, 1300], [1402, 1300]], '@패', 0.042187011005301374), ([[1199, 1312], [1657, 1312], [1657, 1365], [1199, 1365]], '폐규 설마 저 전분- 거짓말이지:', 0.0804492938371666), ([[100, 1495], [273, 1495], [273, 1533], [100, 1533]], '*20+유', 0.02616799570450996), ([[319, 1496], [386, 1496], [386, 1527], [319, 1527]], '고함다', 0.010665880902986327), ([[2550.2671772109384, 310.01074289299834], [2818.6098392049776, 532.6004756728532], [2679.7328227890616, 700.9892571070017], [2411.3901607950224, 477.3995243271468]], '흐  ', 0.011148088214437711), ([[2330.1017854857937, 924.0237456814976], [2430.513360938723, 853.0077529282736], [2616.8982145142063, 1146.9762543185022], [2516.486639061277, 1217.9922470717263]], '"', 0.6975575661409152), ([[1802.9777567815975, 988.0307625745165], [1898.5445921410924, 915.0087251979182], [2084.0222432184028, 1187.9692374254835], [1988.4554078589076, 1260.9912748020818]], '"', 0.01295953346174944)]
[([[2091, 0], [2212, 0], [2212, 181], [2091, 181]], '{', 0.019868291335628507), ([[2176, 126], [2319, 126], [2319, 260], [2176, 260]], '(>', 0.012776957078448916), ([[2503, 209], [2631, 209], [2631, 472], [2503, 472]], '새', 0.006599409532278777), ([[2726, 1007], [2766, 1007], [2766, 1051], [2726, 1051]], '0', 0.8670264830371366), ([[98, 1493], [468, 1493], [468, 1532], [98, 1532]], '로0위근 _ 그리하 7 3 @', 0.0008714895163372356), ([[1580.278448381104, 90.01302015658021], [1894.9436750273794, 260.5000578670216], [1811.721551618896, 406.98697984341976], [1496.0563249726206, 236.4999421329784]], '<{', 0.08760468071362232), ([[2330.115781818772, 922.0230109204257], [2428.51181607452, 852.0077063259293], [2617.884218181228, 1147.9769890795744], [2518.48818392548, 1217.9922936740707]], '"', 0.5114766061102252), ([[1803.9838560627563, 989.030396248032], [1899.5463414355245, 917.0087813551874], [2085.0161439372437, 1189.969603751968], [1989.4536585644755, 1261.9912186448128]], '곁', 0.008094793971700709)]
[([[100, 1493], [455, 1493], [455, 1532], [100, 1532]], '*204엉성_없없+7화', 0.0004769285564132605)]
[([[1978, 0], [2062, 0], [2062, 66], [1978, 66]], '(', 0.1011789677442474), ([[2534, 311], [2631, 311], [2631, 442], [2534, 442]], '예', 0.01576806795258734), ([[100, 1493], [455, 1493], [455, 1532], [100, 1532]], '*20476_없없사<화', 0.0009240116467093994), ([[2280.996886406008, 100.01935791560285], [2450.811051740658, 29.06315185700737], [2589.003113593992, 410.9806420843972], [2419.188948259342, 481.93684814299263]], '(', 0.0240701342168137), ([[1949.1640098242108, 48.016646587688044], [2269.928689326448, 178.27084903000858], [2197.8359901757894, 340.98335341231194], [1877.071310673552, 210.72915096999142]], '(이', 0.00363930738382551), ([[2485.738167011936, 790.0346396172358], [2621.64220760807, 702.0089676310928], [2799.261832988064, 1017.9653603827642], [2663.35779239193, 1105.991032368907]], '획', 0.0018244332645934863)]
[([[2335, 55], [2487, 55], [2487, 364], [2335, 364]], '', 0.0), ([[100, 1493], [455, 1493], [455, 1533], [100, 1533]], '*20+{_*없사<합', 0.0022375364837385536), ([[1973.4336623332504, -34.98854036871684], [2079.7184413036925, -6.95393907387038], [2011.5663376667496, 239.98854036871683], [1906.2815586963072, 210.95393907387037]], '@', 0.007230968330525167), ([[2047.9682725644616, 80.02420562303247], [2269.660702746647, 155.4412063122023], [2203.0317274355384, 336.97579437696754], [1982.339297253353, 260.55879368779773]], '-@', 0.02565604745926076), ([[2459.996479429144, 212.02289949825345], [2686.162823830946, 300.9887698845952], [2613.003520570856, 474.9771005017466], [2386.837176169054, 386.0112301154048]], '~0제', 0.0019098854069246518), ([[2484.765224136993, 787.0331689480648], [2622.635116832623, 699.0087706590335], [2800.234775863007, 1018.9668310519352], [2661.364883167377, 1106.9912293409666]], '#', 0.006930968335161991)]
[([[1750, 242], [1838, 242], [1838, 349], [1750, 349]], '씨', 0.3554204553836513), ([[2591, 460], [2736, 460], [2736, 617], [2591, 617]], '0', 0.05066168987682418), ([[100, 1493], [455, 1493], [455, 1532], [100, 1532]], '*204문6_없없+<화', 0.0006887271846766529), ([[2042.007039168912, 32.027408957305994], [2149.5452042795337, -41.991741224616874], [2329.992960831088, 248.972591042694], [2221.4547957204663, 323.9917412246169]], '#', 0.0009740578026175596), ([[2335.1269855232026, 932.0238350746088], [2430.495118806746, 862.0076625421045], [2617.8730144767974, 1146.9761649253912], [2521.504881193254, 1216.9923374578955]], '"', 0.5554797233068065), ([[1802.9838560627563, 988.030396248032], [1898.5445921410924, 915.0087251979182], [2084.0161439372437, 1188.969603751968], [1988.4554078589076, 1260.9912748020818]], '@', 0.00663639787044229)]
[([[1752, 242], [1840, 242], [1840, 344], [1752, 344]], '새', 0.38355132562708505), ([[2585, 461], [2851, 461], [2851, 657], [2585, 657]], '7사', 0.009491293471417334), ([[100, 1493], [468, 1493], [468, 1533], [100, 1533]], '*20+풍_뱃위+<합 @', 0.0007915602700996083), ([[2038.9632953088033, 31.028304151097863], [2149.568607479602, -43.99148981870934], [2331.036704691197, 251.97169584890213], [2220.431392520398, 327.99148981870934]], '', 0.0), ([[1800.9838560627563, 988.030396248032], [1897.541126927163, 915.0086144870791], [2085.0161439372437, 1188.969603751968], [1989.458873072837, 1262.991385512921]], '', 0.0), ([[2365.487171469242, 991.0819775170276], [2439.62160859069, 925.0138067094731], [2588.512828530758, 1110.9180224829724], [2515.37839140931, 1177.986193290527]], '', 0.0)]
[([[1388, 1222], [1493, 1222], [1493, 1277], [1388, 1277]], '헬차르', 0.24761492616029343), ([[1355, 1296], [1527, 1296], [1527, 1349], [1355, 1349]], '표 [명라물아!', 0.0001519785338690705), ([[1321, 1341], [1559, 1341], [1559, 1396], [1321, 1396]], '(야! 정찰기사다)', 0.40101505400482534), ([[100, 1493], [468, 1493], [468, 1533], [100, 1533]], '*리04주11_,청<화 .', 0.0006380867568394392)]
[([[1366, 783], [1486, 783], [1486, 836], [1366, 836]], '10일 뒤', 0.9987164663184755), ([[100, 1493], [466, 1493], [466, 1532], [100, 1532]], '*20+7성_뱃없사<화 @', 0.0019423648951754605)]
[([[2176, 126], [2319, 126], [2319, 263], [2176, 263]], '(', 0.6237455141036321), ([[890, 334], [968, 334], [968, 372], [890, 372]], '000', 0.9985402159937861), ([[1747, 239], [1846, 239], [1846, 352], [1747, 352]], '새', 0.12425534066128208), ([[2498, 207], [2635, 207], [2635, 478], [2498, 478]], '새', 0.03871016382266412), ([[1057, 539], [1260, 539], [1260, 738], [1057, 738]], '인', 0.03388362679604384), ([[100, 1493], [468, 1493], [468, 1533], [100, 1533]], '*204풍_없사<당 @', 0.005605572514610498), ([[1482.1227761381995, 24.016734820824784], [1635.5835684137496, -41.99259550173651], [1779.8772238618005, 331.9832651791752], [1627.4164315862504, 397.9925955017365]], '씨', 0.2800361933827986), ([[2491.0130062461417, 410.0443693321724], [2572.572222460313, 387.30496977027826], [2610.9869937538583, 542.9556306678276], [2529.427777539687, 566.6950302297217]], "'", 0.72184915543858), ([[1234.0789916602316, 665.1448741467184], [1287.856645949596, 674.0837173369221], [1281.9210083397684, 701.8551258532816], [1229.143354050404, 692.9162826630779]], '000', 0.44851677652590644), ([[2329.120350961697, 921.0227735607546], [2428.5102804762037, 851.007660142417], [2617.879649038303, 1147.9772264392454], [2518.4897195237963, 1217.9923398575831]], '"', 0.4988636758512577), ([[1803.8984238854362, 997.0357278357183], [1897.5552591359276, 921.0090704406155], [2086.1015761145636, 1184.9642721642817], [1991.4447408640724, 1260.9909295593845]], '곁', 0.02710206898109413)]
[([[1396, 42], [1487, 42], [1487, 108], [1396, 108]], '엔배', 0.10729256656668933), ([[1369, 107], [1510, 107], [1510, 151], [1369, 151]], '예비행 챔페언}', 0.35475120479381006), ([[874, 147], [963, 147], [963, 189], [874, 189]], '[% 1', 0.018193626776337624), ([[1750, 245], [1843, 245], [1843, 349], [1750, 349]], '새', 0.35190062843321357), ([[1066, 544], [1262, 544], [1262, 749], [1066, 749]], "'건", 0.05078885229945365), ([[154, 903], [230, 903], [230, 943], [154, 943]], '전원히', 0.8413256765021553), ([[281, 898], [586, 898], [586, 946], [281, 946]], '{구멍올 사용하다 2400/2400', 0.3908915510356814), ([[100, 1495], [275, 1495], [275, 1532], [100, 1532]], '*20+하', 0.038060690463769045), ([[310, 1496], [449, 1496], [449, 1529], [310, 1529]], '소/수< 9', 0.10429253957605183), ([[2191.9424244217885, 112.04000236760871], [2343.2152804764396, 158.3787056002635], [2305.0575755782115, 271.9599976323913], [2153.7847195235604, 224.6212943997365]], "'0", 0.1314396706375314), ([[2548.248868561699, 304.0108522347808], [2818.5377016447746, 532.1188326496138], [2676.751131438301, 701.9891477652192], [2406.4622983552254, 472.8811673503863]], '중키', 0.005506889502804636), ([[1234.0789916602316, 665.1448741467184], [1287.856645949596, 674.0837173369221], [1281.9210083397684, 701.8551258532816], [1229.143354050404, 692.9162826630779]], '000', 0.3276113978937178), ([[2330.1111650265875, 922.0232520078185], [2430.51181607452, 852.0077063259293], [2616.8888349734125, 1146.9767479921816], [2516.48818392548, 1217.9922936740707]], '"', 0.5189592071981544), ([[1803.8539644141306, 1000.0386733291314], [1898.5626055592807, 923.009312109727], [2087.1460355858694, 1181.9613266708686], [1992.4373944407193, 1258.990687890273]], '"', 0.0269572434850327)]
[([[1396, 40], [1487, 40], [1487, 108], [1396, 108]], '엘집', 0.02855703412314358), ([[2016, 0], [2124, 0], [2124, 128], [2016, 128]], '1', 0.5491357635505132), ([[1369, 107], [1512, 107], [1512, 151], [1369, 151]], '예비행 챔페언}', 0.24536719677385768), ([[874, 147], [963, 147], [963, 189], [874, 189]], '[  ]', 0.021209700033068657), ([[913, 268], [1116, 268], [1116, 400], [913, 400]], '(8화', 8.231085934970068e-05), ([[247, 385], [384, 385], [384, 548], [247, 548]], '(하', 0.23096025737272005), ([[144, 542], [307, 542], [307, 708], [144, 708]], '0', 0.9902494384636071), ([[151, 898], [586, 898], [586, 946], [151, 946]], '전원이 고짓구멍올 사용하다  2400/2400', 0.41033283570972157), ([[1719, 1058], [1905, 1058], [1905, 1284], [1719, 1284]], '%', 0.006674795798917776), ([[1813, 1219], [1926, 1219], [1926, 1350], [1813, 1350]], '0', 0.9889123742070502), ([[100, 1495], [275, 1495], [275, 1533], [100, 1533]], '*2047#님', 0.02968287579575557), ([[760.8914095119835, 217.13127609586766], [945.2057476878882, 180.21597798987395], [965.1085904880165, 330.86872390413237], [780.7942523121118, 367.784022010126]], '0_', 0.720428946995518)]
[([[1396, 40], [1487, 40], [1487, 106], [1396, 106]], '엘배', 0.03880740540123775), ([[501, 51], [585, 51], [585, 196], [501, 196]], '대', 0.191127588024532), ([[874, 147], [963, 147], [963, 189], [874, 189]], '[% ]', 0.02695688232779503), ([[1369, 107], [1512, 107], [1512, 151], [1369, 151]], '예비행 챔페언}', 0.27246600433956064), ([[546, 152], [610, 152], [610, 259], [546, 259]], '뼈', 0.0632388394290695), ([[151, 898], [386, 898], [386, 953], [151, 953]], '고기 벤장 조교', 0.5519761456968041), ([[423, 898], [559, 898], [559, 953], [423, 953]], '그 첫번째', 0.9964593415802846), ([[151, 959], [586, 959], [586, 1007], [151, 1007]], '전원이 고짓구멍올 사용하다 24002400', 0.3383548120382505), ([[2685, 1009], [2730, 1009], [2730, 1047], [2685, 1047]], '15', 0.9999926664562352), ([[852, 1365], [938, 1365], [938, 1458], [852, 1458]], '@해', 0.008883089172610034), ([[101, 1496], [260, 1496], [260, 1529], [101, 1529]], '*20+때', 0.12864461466269778), ([[1881.5283312013444, -4.989883008675516], [1957.8722447960388, -19.96536315020088], [2011.4716687986556, 249.98988300867552], [1935.1277552039612, 265.96536315020086]], '"', 0.08658420925198218), ([[2284.5975419715287, 553.0067507515553], [2370.353828390176, 532.0052175730318], [2447.4024580284713, 874.9932492484447], [2361.646171609824, 894.9947824269682]], '"', 0.08180956050709032), ([[629.1736490618601, 1098.0262902712047], [727.9904213955396, 1087.9960133999184], [742.8263509381399, 1280.9737097287953], [644.0095786044604, 1290.0039866000816]], '통', 0.04195808439568793)]
[([[1396, 40], [1487, 40], [1487, 106], [1396, 106]], '엘배', 0.03462623326461383), ([[1369, 107], [1512, 107], [1512, 151], [1369, 151]], '예비행 챔페언}', 0.3257612644849109), ([[872, 147], [963, 147], [963, 189], [872, 189]], '[차 1', 0.15067234635353088), ([[95, 898], [386, 898], [386, 953], [95, 953]], '벼 고기 벤달장 조교', 0.0942303859080055), ([[421, 898], [559, 898], [559, 951], [421, 951]], '그 첫번째', 0.989536366652266), ([[151, 959], [586, 959], [586, 1007], [151, 1007]], '전원이 고짓구멍올 사용하다 24002400', 0.4483404728718652), ([[1402, 1247], [1477, 1247], [1477, 1302], [1402, 1302]], '@때', 0.20278136273547387), ([[1188, 1314], [1270, 1314], [1270, 1363], [1188, 1363]], '@어', 0.8021545335092533), ([[1285, 1314], [1356, 1314], [1356, 1365], [1285, 1365]], '하곡', 0.25188988056459916), ([[1379, 1312], [1567, 1312], [1567, 1365], [1379, 1365]], '이멘에야말로', 0.06009746715042688), ([[1593, 1314], [1666, 1314], [1666, 1365], [1593, 1365]], '끝술:', 0.06778936060207919), ([[100, 1495], [275, 1495], [275, 1533], [100, 1533]], '*204주#섬', 0.012159781555033595), ([[304, 1496], [380, 1496], [380, 1525], [304, 1525]], '소설다', 0.01003550851021375)]
[([[1396, 40], [1487, 40], [1487, 106], [1396, 106]], '엘배', 0.03408967417414045), ([[1369, 107], [1512, 107], [1512, 151], [1369, 151]], '예비행 챔페언}', 0.26321597878661046), ([[874, 147], [963, 147], [963, 189], [874, 189]], '[% 1', 0.023253362625837326), ([[1402, 1247], [1477, 1247], [1477, 1300], [1402, 1300]], '@패', 0.06110117486561666), ([[1441, 1333], [1472, 1333], [1472, 1348], [1441, 1348]], '미0)', 0.003110483066876382), ([[100, 1495], [277, 1495], [277, 1532], [100, 1532]], '*20+뉘', 0.038999709017356776), ([[331, 1496], [380, 1496], [380, 1525], [331, 1525]], '세', 0.08955113727041919), ([[1638.4762178782264, 233.00596485414292], [1814.8891916081059, 254.74103886864003], [1754.5237821217736, 717.9940351458571], [1578.1108083918941, 695.25896113136]], '못', 0.013304199460382693)]
[([[1327, 39], [1556, 39], [1556, 113], [1327, 113]], '7인01=', 0.012379516913662863), ([[1301, 109], [1580, 109], [1580, 151], [1301, 151]], '[대운물 % 9/9 ]', 0.007034982846897489), ([[874, 147], [963, 147], [963, 189], [874, 189]], '[  ]', 0.02124740369617939), ([[918, 269], [1114, 269], [1114, 396], [918, 396]], '@8화', 0.0004901955088552649), ([[250, 385], [384, 385], [384, 546], [250, 546]], '하', 0.43547337203125736), ([[144, 545], [307, 545], [307, 710], [144, 710]], '063', 0.37030187485800004), ([[101, 1496], [269, 1496], [269, 1529], [101, 1529]], '*204,님', 0.0051961290585350395), ([[2003.3541518084735, 58.009933775390266], [2145.697951487824, 10.011601687583575], [2273.6458481915265, 424.99006622460973], [2130.302048512176, 472.98839831241645]], '해', 0.0031178864075315366), ([[761.9209845528578, 212.12046715457743], [946.0413651692041, 179.620705367551], [962.0790154471422, 333.87953284542255], [777.9586348307959, 366.379294632449]], '0', 0.8652433951697844), ([[662.8098865952373, 573.0308112880798], [835.5970586610192, 543.0979315603226], [871.1901134047627, 811.9691887119202], [698.4029413389808, 841.9020684396774]], '빚', 0.005096355935210406)]
[([[2176, 124], [2319, 124], [2319, 260], [2176, 260]], '(', 0.08347546396387262), ([[1747, 241], [1846, 241], [1846, 354], [1747, 354]], '새', 0.21610021546690916), ([[100, 1493], [468, 1493], [468, 1533], [100, 1533]], '*20+{_뱃없사<호 @', 0.002228867595593211), ([[1499.7784928535361, 159.11783282323864], [1612.694983337935, 55.01150319436875], [1802.2215071464639, 294.88216717676136], [1690.305016662065, 398.98849680563126]], '"\'', 0.16718717968368796), ([[2543.217222474263, 315.01178614553896], [2818.8311510653066, 524.0416838165431], [2684.782777525737, 698.988213854461], [2409.1688489346934, 488.95831618345693]], '호', 0.00967816103883834), ([[2329.106499836913, 923.0234969013474], [2430.51181607452, 852.0077063259293], [2616.893500163087, 1146.9765030986528], [2515.48818392548, 1217.9922936740707]], '"', 0.5477254628510906), ([[1802.8691768210958, 999.0376523164376], [1897.557077705953, 921.0091299684351], [2088.130823178904, 1182.9623476835623], [1993.442922294047, 1259.990870031565]], '"', 0.016769590481209073)]
[([[2091, 0], [2212, 0], [2212, 183], [2091, 183]], '{', 0.01768522313587173), ([[1744, 239], [1846, 239], [1846, 352], [1744, 352]], '새', 0.7904312174397354), ([[2501, 411], [2594, 411], [2594, 549], [2501, 549]], '기 `', 0.0699271708726883), ([[677, 596], [895, 596], [895, 828], [677, 828]], "'", 0.01880259960609365), ([[100, 1493], [468, 1493], [468, 1533], [100, 1533]], '*20+풍_방습사<합 @', 0.003267956669926797), ([[1480.1057350805388, 29.01739156984523], [1631.5806229815687, -39.99267007011744], [1784.8942649194612, 331.98260843015476], [1633.4193770184313, 401.99267007011747]], '씨', 0.20091333742453887), ([[2193.9657964027856, 112.03825143760608], [2344.3216219676833, 162.69484168117557], [2304.0342035972144, 274.96174856239395], [2153.6783780323167, 224.30515831882443]], '03', 0.0070269579459138875), ([[2330.1293492164564, 920.022309720898], [2428.5102804762037, 851.007660142417], [2616.8706507835436, 1148.977690279102], [2518.4897195237963, 1217.9923398575831]], '"', 0.33853103285026975), ([[1803.9193872347403, 995.0343795854217], [1899.5534523943668, 920.0090114929363], [2086.08061276526, 1185.9656204145783], [1990.4465476056332, 1260.9909885070638]], '곁', 0.02903266914068703)]
[([[1404, 1222], [1477, 1222], [1477, 1275], [1404, 1275]], '임버', 0.21481873366522486), ([[1328, 1294], [1522, 1294], [1522, 1345], [1328, 1345]], '소문에 따르면-', 0.7217729319965707), ([[100, 1493], [468, 1493], [468, 1533], [100, 1533]], '*204주{_모청주<화 @', 0.0010856400191935568)]
[([[1162, 778], [1721, 778], [1721, 840], [1162, 840]], '그 후; 다시 한 번 전원에제 범해젓다  -', 0.3232529101425698), ([[100, 1493], [466, 1493], [466, 1533], [100, 1533]], '*204{_뱃없<화 .', 0.004668623008374745)]
[([[100, 1493], [466, 1493], [466, 1533], [100, 1533]], '*20+풍_뱃없<학 @', 0.0038913613645054183)]
[([[100, 1493], [466, 1493], [466, 1532], [100, 1532]], '*204유6_뱃없+<화 @', 0.0010775471160591335)]
[([[280, 89], [360, 89], [360, 129], [280, 129]], '진행 중', 0.993702519099415), ([[339, 197], [432, 197], [432, 237], [339, 237]], '마신임무', 0.9997934103012085), ([[458, 197], [579, 197], [579, 237], [458, 237]], '정복 이멘트', 0.8738600746186103), ([[1307, 196], [1716, 196], [1716, 249], [1307, 249]], '고기 번식장의 조교. 그 두번째', 0.7695645865724452), ([[339, 269], [511, 269], [511, 309], [339, 309]], '헬차르의 한 걸음', 0.7648686787122607), ([[534, 271], [585, 271], [585, 309], [534, 309]], '온드', 0.6573096680143969), ([[1333, 258], [1584, 258], [1584, 302], [1333, 302]], '본드 헬차르의 둥지구멍', 0.3486267549186857), ([[339, 305], [459, 305], [459, 342], [339, 342]], '서장 제 [막', 0.36832317376976126), ([[1369, 359], [1773, 359], [1773, 403], [1369, 403]], '임버름 고기 번식장 가공기에 설치하다', 0.4998275352343513), ([[339, 384], [691, 384], [691, 428], [339, 428]], '미숙한 고기 번식장들올 확보하다.', 0.6495386495327938), ([[337, 430], [393, 430], [393, 456], [337, 456]], '13290', 0.7269556643271176), ([[1303, 432], [2119, 432], [2119, 481], [1303, 481]], '고기 번식장 임버의 임신 기능울 개방하기 위해, 고기 번식장 기공기틀 사용하자.', 0.2695616393811772), ([[339, 516], [439, 516], [439, 556], [339, 556]], '전설 임무', 0.6869931028583884), ([[465, 516], [655, 516], [655, 556], [465, 556]], '고기 번식장 이멘트', 0.5940567842176669), ([[341, 591], [511, 591], [511, 630], [341, 630]], '고기 번식장의 길', 0.9946741560185394), ([[534, 593], [588, 593], [588, 630], [534, 630]], '임버', 0.5082693647468883), ([[339, 627], [552, 627], [552, 664], [339, 664]], '작은 토끼의 장 제 2막', 0.9298067476743818), ([[348, 705], [662, 705], [662, 750], [348, 750]], '고기 번식장의 조교 그 두번째', 0.9661342928188512), ([[346, 751], [375, 751], [375, 778], [346, 778]], '0', 0.7139340903848712), ([[1302, 1218], [1530, 1218], [1530, 1256], [1302, 1256]], '시리즈 임무 클리어 보수', 0.778755510232278), ([[100, 1493], [468, 1493], [468, 1533], [100, 1533]], '*20/{_템뉴<화 .', 0.006602887007216148)]
[([[100, 1493], [466, 1493], [466, 1532], [100, 1532]], '*20+주문6_*없뉴 <학 @', 0.00456707376092597)]
[([[1396, 40], [1490, 40], [1490, 106], [1396, 106]], '임버', 0.5722203725126465), ([[1364, 106], [1516, 106], [1516, 154], [1364, 154]], "'[비행 챔피언}", 0.24686380245812028), ([[871, 145], [962, 145], [962, 193], [871, 193]], '[차.1', 0.26591670513153076), ([[151, 573], [410, 573], [410, 633], [151, 633]], '고기번색장의 조교', 0.2251276667809112), ([[439, 574], [580, 574], [580, 629], [439, 629]], '그 문벤째', 0.07176345025617378), ([[151, 635], [575, 635], [575, 685], [151, 685]], '임비률 고기번색장 가공기에 실치안다', 0.06332908838738227), ([[1957, 690], [2041, 690], [2041, 783], [1957, 783]], '7', 0.09759914964891792), ([[101, 938], [209, 938], [209, 1122], [101, 1122]], '5', 0.021543991951180397), ([[100, 1493], [399, 1493], [399, 1533], [100, 1533]], '*204퓨_,청', 0.007392063827022647), ([[1731.7573126177153, 227.38071299440486], [1966.138639430333, 178.51880246421348], [1982.2426873822847, 296.61928700559514], [1746.861360569667, 345.4811975357865]], '아부', 0.23094977619799859)]
[([[1396, 42], [1490, 42], [1490, 106], [1396, 106]], '임배', 0.7282149091511724), ([[1367, 111], [1512, 111], [1512, 151], [1367, 151]], '[비행 챔피언_', 0.653079144112969), ([[873, 147], [964, 147], [964, 191], [873, 191]], '- 1', 0.018190011393328), ([[151, 574], [575, 574], [575, 622], [151, 622]], '임비률 고기렉식장 가공기에 설치하다', 0.24467639409152842), ([[1957, 688], [2041, 688], [2041, 785], [1957, 785]], '무', 0.05079273385491945), ([[795, 791], [874, 791], [874, 968], [795, 968]], '올', 0.6072494602264591), ([[101, 1003], [211, 1003], [211, 1125], [101, 1125]], '77', 0.3467137733534847), ([[612, 1332], [685, 1332], [685, 1502], [612, 1502]], '?', 0.8383221626902468), ([[100, 1493], [399, 1493], [399, 1533], [100, 1533]], '*20+퓨_뱃템슴', 0.0005508398737606316), ([[110.03780454494682, 462.0515822680054], [180.03171498537353, 490.93902051301336], [145.96219545505318, 572.9484177319946], [74.96828501462646, 544.0609794869866]], '@', 0.9201208317250895)]
[([[1396, 42], [1487, 42], [1487, 108], [1396, 108]], '임버', 0.6605722054194687), ([[1365, 108], [1512, 108], [1512, 150], [1365, 150]], '"\'[비행 챔피언_', 0.17014165830433606), ([[873, 147], [964, 147], [964, 191], [873, 191]], '- 1', 0.01865437831083652), ([[1835, 195], [1921, 195], [1921, 295], [1835, 295]], '7', 0.5232474505429288), ([[2334, 66], [2566, 66], [2566, 329], [2334, 329]], '(평', 0.07429882091885749), ([[150, 568], [668, 568], [668, 630], [150, 630]], '임버름 고기번색장 가공기에 실체하다', 0.20868159815158788), ([[101, 985], [211, 985], [211, 1125], [101, 1125]], '77', 0.504547577896312), ([[397, 1048], [506, 1048], [506, 1259], [397, 1259]], '줄', 0.08959412898977703), ([[100, 1493], [396, 1493], [396, 1533], [100, 1533]], '*204,_뱃좌', 0.0026442712539419756), ([[421, 1496], [445, 1496], [445, 1527], [421, 1527]], '9', 0.7242366270384224), ([[2467.130920703574, 322.0145290368536], [2896.813727143121, 466.89331511406635], [2817.869079296426, 672.9854709631463], [2388.186272856879, 528.1066848859336]], '9가고요', 0.21514861285686493), ([[2543.088745414062, 517.012583989048], [2897.721946080158, 698.7251614384592], [2766.911254585938, 944.987416010952], [2411.278053919842, 762.2748385615408]], '곡곡 -', 0.038512439149175834), ([[2085.316735169404, 1107.0179682186774], [2227.5567467500136, 1237.6342740670066], [2150.683264830596, 1322.9820317813226], [2008.4432532499864, 1192.3657259329934]], '(3%?', 0.02410150319337845)]
[([[1396, 42], [1487, 42], [1487, 106], [1396, 106]], '임버', 0.602585973935791), ([[1367, 111], [1512, 111], [1512, 149], [1367, 149]], "'[비행 챔피언_", 0.32268786915584535), ([[873, 147], [964, 147], [964, 191], [873, 191]], '- 1', 0.017891686857952324), ([[1845, 198], [1923, 198], [1923, 291], [1845, 291]], '9', 0.10119914158093568), ([[151, 573], [410, 573], [410, 633], [151, 633]], '고기번색장의 조교', 0.2538381496199243), ([[439, 574], [580, 574], [580, 629], [439, 629]], '그 문벤째', 0.07087202752642875), ([[151, 635], [575, 635], [575, 685], [151, 685]], '임비률 고기번색장 가공기예 실치안다', 0.094011253291636), ([[101, 1003], [213, 1003], [213, 1127], [101, 1127]], '7', 0.47140601361320833), ([[396, 1052], [506, 1052], [506, 1260], [396, 1260]], '줄', 0.033716837362336216), ([[1402, 1249], [1477, 1249], [1477, 1300], [1402, 1300]], '@_', 0.06481759857919078), ([[1325, 1314], [1556, 1314], [1556, 1367], [1325, 1367]], '@미미 @센 훨@?', 0.004530969022419016), ([[100, 1493], [399, 1493], [399, 1533], [100, 1533]], '*-04풍_여템뉴', 0.0008210503657708798), ([[421, 1496], [445, 1496], [445, 1525], [421, 1525]], '9', 0.04298100973995944), ([[2084.3131300773716, 1108.0181584623217], [2226.535914754012, 1238.5574949121108], [2150.6868699226284, 1322.9818415376783], [2008.464085245988, 1192.4425050878892]], '(8갑?', 0.006037765182554722)]
[([[1917, 0], [2026, 0], [2026, 49], [1917, 49]], '다 0', 0.6161182522773743), ([[1396, 42], [1487, 42], [1487, 106], [1396, 106]], '임버', 0.6684283325994576), ([[1365, 108], [1512, 108], [1512, 150], [1365, 150]], '"\'[비행 챔피언_', 0.1863110586097016), ([[2013, 94], [2079, 94], [2079, 182], [2013, 182]], '0', 0.180352161223035), ([[873, 147], [964, 147], [964, 191], [873, 191]], '- 1', 0.02768958608329394), ([[2522, 131], [2787, 131], [2787, 521], [2522, 521]], '및', 0.4165941558640043), ([[58, 456], [390, 456], [390, 654], [58, 654]], "'@7*천", 0.023395309233762596), ([[353, 574], [575, 574], [575, 622], [353, 622]], "'가공기예 실체하다", 0.3533261377487844), ([[404, 617], [525, 617], [525, 921], [404, 921]], '5', 0.03944469219508395), ([[2679, 708], [2799, 708], [2799, 823], [2679, 823]], '닭', 0.012567448506974943), ([[2378, 911], [2495, 911], [2495, 1048], [2378, 1048]], '언@', 0.02338373334883441), ([[101, 954], [211, 954], [211, 1125], [101, 1125]], '7', 0.9189964382596862), ([[100, 1493], [448, 1493], [448, 1533], [100, 1533]], '*20+7,_고청<화', 0.003020107136149259), ([[802, 1283], [926, 1283], [926, 1570], [802, 1570]], '@', 0.23755666375550177), ([[2110, 1323], [2249, 1323], [2249, 1475], [2110, 1475]], '%0', 0.04003365835688895), ([[2079.347482087771, 22.01331115039076], [2200.1123632561553, 4.5375141568561475], [2237.652517912229, 298.98668884960927], [2116.8876367438447, 317.46248584314384]], '흙', 0.5513588385366894), ([[1003.5366975702595, 317.01193286303464], [1071.318937949805, 306.09716883881515], [1104.4633024297405, 528.9880671369654], [1036.681062050195, 539.9028311611848]], '@', 0.11975431124920366), ([[1821.5294403081932, 365.0123098864922], [1887.6902684899626, 350.02650963048575], [1935.4705596918068, 573.9876901135078], [1869.3097315100374, 588.9734903695143]], '@', 0.20582116955922292), ([[397.9721807150127, 1275.3777445720102], [524.3797255515996, 1220.7848386719722], [554.0278192849872, 1294.6222554279898], [428.6202744484004, 1349.2151613280278]], '7', 0.4499726805585489), ([[392.54331188375073, 1395.8582797093768], [460.7929650070887, 1332.026228392961], [551.4566881162492, 1443.1417202906232], [483.2070349929113, 1506.973771607039]], '문', 0.4449631826194036)]
[([[1402, 1222], [1477, 1222], [1477, 1275], [1402, 1275]], '임버', 0.5689270031709913), ([[1247, 1294], [1630, 1294], [1630, 1349], [1247, 1349]], '옷; 도망친다! 안 놓칠 거야', 0.2655805774381748), ([[100, 1493], [453, 1493], [453, 1533], [100, 1533]], '*2043_  속주<3', 0.0015022622519967287)]
[([[1917, 0], [2026, 0], [2026, 49], [1917, 49]], '다 0', 0.6161182522773743), ([[1396, 42], [1487, 42], [1487, 106], [1396, 106]], '임버', 0.6684283325994576), ([[1365, 108], [1512, 108], [1512, 150], [1365, 150]], '"\'[비행 챔피언_', 0.1863110586097016), ([[2013, 94], [2079, 94], [2079, 182], [2013, 182]], '@', 0.2440064558522046), ([[873, 147], [964, 147], [964, 191], [873, 191]], '- 1', 0.02768958608329394), ([[2520, 131], [2787, 131], [2787, 521], [2520, 521]], '굶', 0.027366511168349428), ([[185, 507], [284, 507], [284, 622], [185, 622]], "'0", 0.025910281349582048), ([[389, 579], [529, 579], [529, 924], [389, 924]], '등', 0.10851394343902498), ([[2679, 704], [2799, 704], [2799, 821], [2679, 821]], '닭', 0.20138537967021453), ([[2377, 910], [2498, 910], [2498, 1049], [2377, 1049]], '언@', 0.05981857703415636), ([[101, 958], [211, 958], [211, 1125], [101, 1125]], '7', 0.5791198772712427), ([[1402, 1247], [1477, 1247], [1477, 1300], [1402, 1300]], '@봉', 0.02378864447074453), ([[1355, 1312], [1527, 1312], [1527, 1369], [1355, 1369]], '(훨쥐 쥐', 0.01981364361635761), ([[802, 1283], [926, 1283], [926, 1572], [802, 1572]], '8', 0.11660198692155976), ([[2108, 1325], [2249, 1325], [2249, 1475], [2108, 1475]], '%', 0.21587201591168892), ([[100, 1493], [396, 1493], [396, 1533], [100, 1533]], "*-0+,_고리'", 0.001156783227296512), ([[2077.336670377876, 24.013756106814427], [2197.738125384008, 3.442801710673093], [2241.663329622124, 296.9862438931856], [2122.261874615992, 317.5571982893269]], '흙', 0.015125758710440529), ([[1004.5437346643774, 316.01157288823515], [1073.5195344364956, 307.1292043707284], [1102.4562653356227, 530.9884271117648], [1033.4804655635044, 540.8707956292716]], '@', 0.8481211186654605), ([[1821.5294403081932, 365.0123098864922], [1885.6094575215973, 350.02065918180136], [1934.4705596918068, 573.9876901135078], [1869.3905424784027, 588.9793408181987]], '@', 0.698608754976604), ([[383.1692169537715, 1276.11845186764], [516.8148870058745, 1206.5029961842004], [561.8307830462285, 1296.88154813236], [428.1851129941254, 1366.4970038157996]], '7', 0.41970102026334644), ([[391.6205617240846, 1395.165235792986], [461.85904542434605, 1330.0284140923745], [552.3794382759154, 1440.834764207014], [482.14095457565395, 1506.9715859076255]], '틈', 0.20447604929087504)]
[([[1396, 42], [1487, 42], [1487, 106], [1396, 106]], '임버', 0.612554613856297), ([[1365, 108], [1512, 108], [1512, 150], [1365, 150]], '"[비행 챔피언_', 0.2153944684275076), ([[873, 147], [964, 147], [964, 191], [873, 191]], '- 1', 0.019560590821785455), ([[391, 373], [501, 373], [501, 528], [391, 528]], '배', 0.020687313618955594), ([[2511, 320], [2674, 320], [2674, 517], [2511, 517]], '교', 0.07736912582585376), ([[1962, 696], [2040, 696], [2040, 782], [1962, 782]], '7', 0.2499191826341871), ([[2519, 375], [2850, 375], [2850, 1014], [2519, 1014]], '급', 0.04873175507088967), ([[2781, 948], [2859, 948], [2859, 1032], [2781, 1032]], '(', 0.5594221847843528), ([[99, 1001], [213, 1001], [213, 1127], [99, 1127]], '77', 0.21345470568148692), ([[100, 1493], [446, 1493], [446, 1532], [100, 1532]], '*20+7틈_딴하<화', 0.0011014910905221343), ([[2398.938440877559, 40.01943595735993], [2801.57801970805, 130.03044990077993], [2737.061559122441, 370.9805640426401], [2334.42198029195, 281.96955009922004]], '고7국?', 0.14212356507778168), ([[638.2039506599923, 1284.0243957578741], [734.579904306207, 1335.0918855580576], [659.7960493400077, 1472.9756042421259], [564.420095693793, 1421.9081144419424]], '셋', 0.018849419955579982)]
[([[1396, 42], [1487, 42], [1487, 108], [1396, 108]], '임버', 0.6873035719803886), ([[1365, 108], [1512, 108], [1512, 150], [1365, 150]], '"[비행 챔피언_', 0.29336007503280387), ([[873, 147], [964, 147], [964, 191], [873, 191]], '- 1', 0.017793222213190563), ([[819, 704], [929, 704], [929, 821], [819, 821]], '"', 0.4993946845743835), ([[1965, 696], [2040, 696], [2040, 782], [1965, 782]], '7', 0.25854446736963155), ([[2781, 945], [2859, 945], [2859, 1032], [2781, 1032]], "'", 0.1374075763411362), ([[101, 990], [213, 990], [213, 1125], [101, 1125]], '7', 0.8404042503470919), ([[100, 1493], [448, 1493], [448, 1532], [100, 1532]], '*204주유_딴#주<화', 0.0013749852666342815), ([[2502.8739011716143, 474.0275839009322], [2726.658252336223, 530.8887878860679], [2671.1260988283857, 723.9724160990678], [2448.341747663777, 667.1112121139321]], '%공', 0.030427645854565123), ([[2576.214722167604, 696.0171376381304], [2690.518516718391, 637.0074698718399], [2842.785277832396, 960.9828623618696], [2728.481483281609, 1019.9925301281601]], '물', 0.005471506515491775), ([[636.1576182653336, 1286.0273212861375], [731.2769413415675, 1330.5323424658657], [667.8423817346664, 1465.9726787138625], [572.7230586584325, 1421.4676575341343]], '생', 0.14922639870857157)]
[([[1396, 42], [1487, 42], [1487, 108], [1396, 108]], '임버', 0.343082770207442), ([[1365, 108], [1512, 108], [1512, 150], [1365, 150]], "'비행 챔피언_", 0.42970931388036804), ([[871, 147], [964, 147], [964, 191], [871, 191]], '-1', 0.15410447914135786), ([[2433, 281], [2713, 281], [2713, 638], [2433, 638]], '응', 0.7253423421490233), ([[100, 1493], [452, 1493], [452, 1532], [100, 1532]], '*204묶6_뱃비+<화', 0.0012107010874824182), ([[1943.9479374665034, 681.0172989817055], [2157.1710068240945, 601.2729972724596], [2301.0520625334966, 1048.9827010182944], [2087.8289931759055, 1128.7270027275404]], "'", 0.1664508133028484)]
[([[1396, 42], [1487, 42], [1487, 106], [1396, 106]], '임버', 0.3631395821298899), ([[1367, 111], [1512, 111], [1512, 149], [1367, 149]], '[비행 챔피언_', 0.6509474640592895), ([[873, 147], [964, 147], [964, 191], [873, 191]], '- .1', 0.030027389526367188), ([[100, 1493], [468, 1493], [468, 1533], [100, 1533]], '*204유_,없+<학 @', 0.00426867379278569)]
[([[1399, 42], [1490, 42], [1490, 108], [1399, 108]], '임버', 0.25538209669769396), ([[1367, 111], [1512, 111], [1512, 149], [1367, 149]], '[비행 챔피언_', 0.701106784035802), ([[873, 147], [964, 147], [964, 191], [873, 191]], '- .1', 0.020979152992367744), ([[209, 312], [409, 312], [409, 531], [209, 531]], '[스', 0.02947277637427582), ([[2387, 521], [2583, 521], [2583, 823], [2387, 823]], '잎', 0.0017841849765956597), ([[100, 1493], [468, 1493], [468, 1533], [100, 1533]], '*-0+묶6_,,사<학 .', 0.001243322738728083), ([[599, 1337], [764, 1337], [764, 1543], [599, 1543]], '큰', 0.041171859789841614)]
[([[220, 325], [389, 325], [389, 500], [220, 500]], '(끼', 0.04199855927734733), ([[2387, 528], [2581, 528], [2581, 823], [2387, 823]], '면', 0.002445868332833792), ([[100, 1493], [468, 1493], [468, 1532], [100, 1532]], '*204유6_뱃비+<화 @', 0.004678978011508545), ([[599, 1346], [762, 1346], [762, 1545], [599, 1545]], '겉', 0.03624922241043382)]
[([[100, 1493], [455, 1493], [455, 1532], [100, 1532]], '*204엉성_없없+7화', 0.0004769285564132605)]
[([[100, 1493], [468, 1493], [468, 1532], [100, 1532]], '*204묶6_뱃없사<학 @', 0.0011648383216057623)]
[([[100, 1493], [468, 1493], [468, 1533], [100, 1533]], '*20+유_뱃없+<학 @', 0.0019413604248333678)]
[([[1388, 1222], [1493, 1222], [1493, 1277], [1388, 1277]], '헬차르', 0.3923966151107216), ([[1394, 1299], [1488, 1299], [1488, 1344], [1394, 1344]], '지라|히!', 0.00032994029202455344), ([[1386, 1341], [1491, 1341], [1491, 1394], [1386, 1394]], '(뒷대)', 0.7287075519561768), ([[100, 1493], [468, 1493], [468, 1533], [100, 1533]], '*리04유_,좌 <화 @', 0.0018405785909300111)]
[([[100, 1493], [455, 1493], [455, 1533], [100, 1533]], '*20+{_,비사7화', 0.0012805909309069022)]
[([[100, 1493], [468, 1493], [468, 1533], [100, 1533]], '*204유_뱃없사<학 @', 0.0021057461558143444)]
[([[1368, 783], [1516, 783], [1516, 838], [1368, 838]], '며칠 뒤;', 0.5123830353234525), ([[100, 1493], [468, 1493], [468, 1533], [100, 1533]], '*20+유섬_뱃위+<학 .', 0.000490563622348151)]
[([[215, 323], [389, 323], [389, 504], [215, 504]], '기끼', 0.011935391012544887), ([[1668, 768], [1814, 768], [1814, 941], [1668, 941]], '0', 0.32942748875288785), ([[100, 1493], [468, 1493], [468, 1532], [100, 1532]], '*204유6_없,+<화 @', 0.0030433046646047806), ([[601, 1357], [760, 1357], [760, 1543], [601, 1543]], '겉', 0.069074966195104), ([[2374.009540353771, 533.0213362074904], [2542.019372456453, 504.4433382592599], [2584.990459646229, 810.9786637925096], [2416.980627543547, 840.5566617407401]], '한', 0.014752406277921182)]
[([[1396, 42], [1487, 42], [1487, 108], [1396, 108]], '임버', 0.2662356642621836), ([[1367, 111], [1512, 111], [1512, 151], [1367, 151]], '[비행 챔피언', 0.9978995017769938), ([[873, 147], [964, 147], [964, 191], [873, 191]], '- .1', 0.028568562120199203), ([[211, 314], [409, 314], [409, 529], [211, 529]], '[', 0.8938105743413907), ([[2384, 524], [2581, 524], [2581, 821], [2384, 821]], '도', 0.0023244661980227482), ([[1672, 767], [1813, 767], [1813, 911], [1672, 911]], '"', 0.03533155477520311), ([[129, 1493], [468, 1493], [468, 1533], [129, 1533]], '-0+규성_뱃,사학 @', 0.001657882716148634), ([[603, 1348], [762, 1348], [762, 1540], [603, 1540]], '흑', 0.004255902213312679)]
[([[1396, 42], [1487, 42], [1487, 106], [1396, 106]], '임버', 0.28751832696870494), ([[1367, 111], [1512, 111], [1512, 151], [1367, 151]], '[비행 챔피언', 0.9986359630617111), ([[873, 147], [964, 147], [964, 191], [873, 191]], '- 1', 0.053836827962974516), ([[211, 312], [412, 312], [412, 531], [211, 531]], '[대', 0.022340750188924764), ([[2384, 524], [2583, 524], [2583, 821], [2384, 821]], '팬', 0.03758462667166307), ([[1672, 767], [1813, 767], [1813, 920], [1672, 920]], '(0', 0.012198621463681013), ([[129, 1493], [468, 1493], [468, 1533], [129, 1533]], '20+문_귀사<학 @', 0.0017621561646324496), ([[604, 1394], [761, 1394], [761, 1539], [604, 1539]], '@)', 0.3907612157217715)]
[([[1396, 42], [1487, 42], [1487, 106], [1396, 106]], '임버', 0.38305192516967396), ([[1367, 111], [1512, 111], [1512, 149], [1367, 149]], '[비행 챔피언_', 0.6276201752643625), ([[873, 147], [964, 147], [964, 191], [873, 191]], '- .1', 0.021483827382326126), ([[151, 576], [418, 576], [418, 629], [151, 629]], '고기 번식장의 조교', 0.9403088238444404), ([[448, 576], [589, 576], [589, 629], [448, 629]], '그 두번째', 0.9901583075474399), ([[151, 637], [413, 637], [413, 685], [151, 685]], '고기번식장올 가공하다', 0.9299994847390441), ([[129, 1493], [468, 1493], [468, 1533], [129, 1533]], '20*문성_,,+<학 @', 0.00033124069419905903)]
[([[1396, 42], [1487, 42], [1487, 108], [1396, 108]], '임버', 0.7520157054390875), ([[1367, 108], [1513, 108], [1513, 153], [1367, 153]], "'비행 챔피언,", 0.8264277710998272), ([[871, 147], [964, 147], [964, 191], [871, 191]], '-1', 0.17201466079680502), ([[151, 576], [418, 576], [418, 631], [151, 631]], '고기 번식장의 조교', 0.9906200940331236), ([[450, 576], [589, 576], [589, 629], [450, 629]], '그 두번째', 0.9962451481563984), ([[150, 634], [413, 634], [413, 687], [150, 687]], '고기번식장올 가공하다', 0.9040343623862702), ([[100, 1493], [452, 1493], [452, 1532], [100, 1532]], '*204유6_없비+<화', 0.0003401687738698195)]
[([[1396, 42], [1487, 42], [1487, 106], [1396, 106]], '임버', 0.04825694677281301), ([[1369, 109], [1512, 109], [1512, 151], [1369, 151]], '[비행 챔피언_', 0.2522580970101589), ([[872, 147], [963, 147], [963, 189], [872, 189]], '[간', 0.048627086447722435), ([[150, 573], [416, 573], [416, 635], [150, 635]], '꼬끼 반색장액 조교', 0.0858547825848509), ([[450, 576], [589, 576], [589, 629], [450, 629]], '그 루벤째', 0.11330908908604126), ([[151, 637], [417, 637], [417, 685], [151, 685]], '고기번색장울 기동하다', 0.0367469714639988), ([[100, 1493], [466, 1493], [466, 1533], [100, 1533]], '*204문 _다', 0.04915829520097762)]
[([[100, 1493], [455, 1493], [455, 1533], [100, 1533]], '*204{_슴사<흐 _', 0.007859570924581494)]
