2451690
135
[([[229, 22], [880, 22], [880, 198], [229, 198]], '_등어등양-', 0.0007763477104095226), ([[1128, 10], [1471, 10], [1471, 229], [1128, 229]], ' -', 0.0501923184804092), ([[1751, 18], [2288, 18], [2288, 198], [1751, 198]], '@@@@|', 0.0034318650227717308), ([[260, 1478], [534, 1478], [534, 1556], [260, 1556]], '[7히.하너0]', 0.0007517638955644252), ([[46, 1566], [238, 1566], [238, 1622], [46, 1622]], '-시이', 0.0016705696561621225), ([[334, 1557], [830, 1557], [830, 1612], [334, 1612]], '명고+,@어항 (물|-고.;멋너어/오어-+째', 4.131407484639465e-06), ([[61, 1617], [219, 1617], [219, 1707], [61, 1707]], '허18', 0.0689841223524298), ([[338, 1630], [674, 1630], [674, 1680], [338, 1680]], '7멋.;멋활어 {라7이어걱(디|', 1.7290863386487102e-06), ([[52, 1704], [226, 1704], [226, 1752], [52, 1752]], '잘스[귀(', 0.046505460443258574), ([[333, 1701], [710, 1701], [710, 1750], [333, 1750]], '{튼++@,여|물/_~-규.;교', 1.540053959577443e-05)]
[([[346, 0], [400, 0], [400, 28], [346, 28]], '{', 0.03152907290865792), ([[606, 10], [776, 10], [776, 112], [606, 112]], '와@', 0.02332536192455822), ([[1979, 5], [2149, 5], [2149, 169], [1979, 169]], '양', 0.6356140769114518), ([[1888, 246], [2317, 246], [2317, 462], [1888, 462]], '약하이', 0.1531437817024807), ([[465, 501], [607, 501], [607, 611], [465, 611]], '오싹:', 0.18506835434180602), ([[756, 654], [830, 654], [830, 734], [756, 734]], '[', 0.24232091410471757), ([[2158, 770], [2280, 770], [2280, 904], [2158, 904]], '빚', 0.23620040452530944), ([[439, 974], [502, 974], [502, 1107], [439, 1107]], '들', 0.8919159264793599), ([[682, 1254], [786, 1254], [786, 1398], [682, 1398]], ' (', 0.3923999309923243), ([[119, 1357], [187, 1357], [187, 1461], [119, 1461]], '등', 0.03511572680036412), ([[382.2154738539866, 157.01338392180742], [648.969725181646, 333.82028601786106], [538.7845261460134, 495.9866160781926], [272.0302748183539, 319.17971398213894]], '@응"', 0.06607607288347878), ([[188.38288038704894, 699.1373636769648], [571.9040548530776, 632.872918311661], [590.6171196129511, 843.8626363230352], [207.09594514692245, 910.127081688339]], "'용양", 0.16591433691964727), ([[2030.3416523540536, 1327.0180728437751], [2112.5016531277793, 1299.010490246078], [2187.6583476459464, 1532.9819271562249], [2104.4983468722207, 1561.989509753922]], '부', 0.196951273500364)]
[([[543, 269], [601, 269], [601, 305], [543, 305]], '9>', 0.37454299992043516), ([[1134.817179374673, 279.268717498692], [1186.6798700145646, 233.02571580774844], [1269.182820625327, 336.731282501308], [1217.3201299854354, 382.97428419225156]], '?', 0.035744064385973225)]
[([[1579, 329], [1685, 329], [1685, 395], [1579, 395]], '0;', 0.07539744271974433), ([[822.2551020891243, 975.0163276320351], [941.7647201111291, 1041.5736698355677], [833.7448979108757, 1236.9836723679648], [714.2352798888709, 1171.4263301644323]], '@', 0.37387666237629347)]
[([[1714, 1026], [1820, 1026], [1820, 1106], [1714, 1106]], '8 :', 0.14249949157238007)]
[([[513.9002281122407, 1261.2229371476208], [580.4189083837247, 1316.6408088981123], [486.09977188775935, 1429.7770628523792], [418.5810916162754, 1374.3591911018877]], '6', 0.687598784923523)]
[]
[([[668, 1634], [772, 1634], [772, 1734], [668, 1734]], '8', 0.994308605776073), ([[1751.9267143356549, 127.05248622368022], [1920.3591610275432, 155.30029963302027], [1900.0732856643451, 250.94751377631977], [1731.6408389724568, 222.69970036697973]], '98', 0.22747416504232038), ([[531.2117748398972, 373.03892588296145], [624.0, 431.0], [586.7882251601028, 489.96107411703855], [494.0, 431.0]], '08', 0.4250646776713297)]
[([[30, 1408], [56, 1408], [56, 1448], [30, 1448]], '?', 0.8998927234666212)]
[([[0, 294], [52, 294], [52, 356], [0, 356]], '7', 0.3540164516249753), ([[370.21086857389423, 1194.5632605721682], [483.85480875813545, 1155.8155927650184], [497.78913142610577, 1200.4367394278318], [384.14519124186455, 1238.1844072349816]], "'", 0.6034192226163668)]
[]
[]
[([[952, 44], [2311, 44], [2311, 226], [952, 226]], '[언제까지 올라타 계실 건가요', 0.6074294877035736), ([[1735, 207], [2408, 207], [2408, 356], [1735, 356]], '챔피언네모_', 0.20877856922252547), ([[710, 594], [774, 594], [774, 644], [710, 644]], '~', 0.8631010622784743), ([[2289, 1003], [2480, 1003], [2480, 1119], [2289, 1119]], '아앗', 0.9336887932539547), ([[1997, 1220], [2208, 1220], [2208, 1328], [1997, 1328]], '양%', 0.09208868506554656), ([[213, 1335], [739, 1335], [739, 1563], [213, 1563]], '크릇?!', 0.3501966893672943), ([[114.07255517491856, 6.01955764556978], [392.7044634262625, 117.406079107989], [319.92744482508147, 286.98044235443024], [41.29553657373749, 175.593920892011]], '(%', 0.330311095359727), ([[714.5192076060468, 101.04771789372546], [840.6164005024899, -7.991738742873068], [1071.4807923939532, 301.95228210627454], [945.3835994975101, 410.99173874287305]], '농', 0.16429303891983693), ([[2272.0803025990717, 337.0192321178098], [2523.7147138991068, 451.46854133820756], [2442.9196974009283, 619.9807678821902], [2191.2852861008932, 505.53145866179244]], "'@및", 0.08006237697679928), ([[1731.9907170173417, 447.12666443700004], [1902.107680517783, 420.48394887494567], [1914.0092829826583, 557.873335563], [1743.892319482217, 584.5160511250543]], '@응?', 0.18709076893451615), ([[502.25995562830275, 640.2578535733992], [658.4969440094131, 628.5950869958817], [659.7400443716972, 684.7421464266008], [503.50305599058686, 696.4049130041183]], '~스', 0.7870561398686134), ([[501.26119555293775, 896.7485106611692], [744.1809762212126, 800.8937683720748], [792.7388044470623, 950.2514893388308], [549.8190237787874, 1046.1062316279251]], '바툼', 0.17966211797283246), ([[969.0303985919603, 1508.0204466294592], [1218.4163255298397, 1611.851373994913], [1139.9696014080396, 1790.9795533705408], [890.5836744701603, 1687.148626005087]], '(둥', 0.4670887044929035)]
[]
[]
[]
[([[1322, 916], [1370, 916], [1370, 998], [1322, 998]], '7', 0.7504938430048611)]
[([[1736, 0], [1994, 0], [1994, 118], [1736, 118]], "셋'", 0.008010394195540657), ([[1740.1360026099594, 198.07521487676843], [1832.9613893835683, 224.37982632705396], [1819.8639973900406, 264.9247851232316], [1727.0386106164317, 237.62017367294604]], "고 '", 0.1791088730096817), ([[1737.7894217519352, 777.0305506883176], [1944.2283000461962, 819.0842779047761], [1897.2105782480648, 1022.9694493116824], [1690.7716999538038, 980.9157220952239]], '5', 0.444763214240286)]
[([[121, 0], [178, 0], [178, 87], [121, 87]], '8', 0.9241473403905367), ([[220, 824], [246, 824], [246, 854], [220, 854]], '9', 0.6700140366247673), ([[56, 1486], [150, 1486], [150, 1542], [56, 1542]], '5', 0.12666906650847043), ([[920, 1476], [996, 1476], [996, 1576], [920, 1576]], '9', 0.16359385670033166), ([[27.27367374813376, -24.955875265303156], [116.99307782597928, 23.71187125836638], [90.72632625186624, 68.95587526530315], [1.006922174020712, 19.28812874163362]], '어', 0.05158913158656109), ([[200.27253004752583, 885.0532043231757], [297.98138224164234, 919.5689188444733], [280.72746995247417, 962.9467956768243], [184.01861775835766, 929.4310811555267]], '90', 0.21995868507432664), ([[290.87535491010607, 1301.0422203044109], [481.9221439818945, 1338.4166401739278], [452.12464508989393, 1463.9577796955891], [262.0778560181055, 1426.5833598260722]], '78', 0.8533890599355561)]
[([[1662, 746], [1754, 746], [1754, 820], [1662, 820]], '(', 0.8599075759214116), ([[133, 877], [177, 877], [177, 927], [133, 927]], '9', 0.06704192913284442), ([[588, 1068], [852, 1068], [852, 1354], [588, 1354]], '악', 0.04545868269356235)]
[]
[]
[([[1811, 127], [1881, 127], [1881, 195], [1811, 195]], '숲', 0.0302897676013123)]
[([[398, 58], [946, 58], [946, 202], [398, 202]], '내려 오세', 0.8069744663038474), ([[1005, 71], [1119, 71], [1119, 181], [1005, 181]], '요', 0.9999966621426779), ([[712, 266], [844, 266], [844, 390], [712, 390]], '히', 0.9349490756751635), ([[831, 359], [877, 359], [877, 379], [831, 379]], '96', 0.16856819004769388), ([[884, 258], [1366, 258], [1366, 404], [884, 404]], '힘이?!!', 0.32334636590846294), ([[1305, 423], [1369, 423], [1369, 535], [1305, 535]], '별', 0.030970020414944344), ([[2026, 460], [2128, 460], [2128, 740], [2026, 740]], "'", 0.14414296807491045), ([[2124, 704], [2206, 704], [2206, 778], [2124, 778]], '현', 0.006190356174799128), ([[2339, 1183], [2447, 1183], [2447, 1383], [2339, 1383]], '휴', 0.030129232097225733), ([[0, 1567], [41, 1567], [41, 1613], [0, 1613]], '~', 0.21538134419515487), ([[1618, 1504], [1810, 1504], [1810, 1672], [1618, 1672]], '부들', 0.016654097428746184), ([[1240, 1602], [1318, 1602], [1318, 1716], [1240, 1716]], '팀', 0.06489591422614982), ([[50.97447009771499, 14.027696807727338], [422.56499863101294, 80.95762126582783], [386.02552990228503, 236.97230319227265], [13.435001368987052, 170.04237873417216]], '[당장:프', 0.38245302862518105), ([[2035.7126038647011, 90.02181400868628], [2284.4783011587906, -19.735193370793453], [2463.287396135299, 460.97818599131375], [2214.5216988412094, 569.7351933707935]], '경', 0.14491222125542524), ([[1363.6117098626423, 86.01077752756211], [1416.3313816000011, 71.00784823997786], [1474.3882901373577, 279.98922247243786], [1421.6686183999989, 295.9921517600221]], '{', 0.4525754753440516), ([[2221.5834080425357, 613.0039446458921], [2381.3308724495123, 593.2536143526085], [2446.4165919574643, 1184.9960553541077], [2287.6691275504877, 1204.7463856473917]], '유', 0.013196562612073637), ([[211.9973506193548, 1076.0843686541932], [332.75619300942765, 1092.3070020560508], [324.0026493806452, 1146.9156313458068], [202.24380699057238, 1130.6929979439492]], "'늙", 0.024031636762449165)]
[([[1236, 40], [1338, 40], [1338, 180], [1236, 180]], '다', 0.408199432342915), ([[504, 166], [588, 166], [588, 240], [504, 240]], ')', 0.06021479578200428), ([[625.7618846585278, 1405.0855695414002], [722.824304894996, 1418.552500375476], [710.2381153414722, 1494.9144304585998], [612.175695105004, 1481.447499624524]], '~', 0.008147589695741753)]
[([[114, 670], [140, 670], [140, 706], [114, 706]], '[', 0.4873013776279187)]
[([[851, 1159], [991, 1159], [991, 1293], [851, 1293]], '0', 0.7902748981084784), ([[1909, 1291], [1951, 1291], [1951, 1343], [1909, 1343]], '0', 0.12037979962593681), ([[718.3934820178989, 1499.3132762733856], [868.9099792575096, 1465.355902398205], [884.6065179821011, 1561.6867237266144], [734.0900207424904, 1595.644097601795]], '99', 0.7999828980913574)]
[([[1792.8863593514516, 122.10425539003761], [1835.7764339629516, 158.37740619018214], [1778.1136406485484, 223.89574460996238], [1735.2235660370484, 186.62259380981786]], '서', 0.3167451707645661)]
[([[128, 1620], [184, 1620], [184, 1678], [128, 1678]], '8', 0.8978612792452765), ([[0, 1617], [115, 1617], [115, 1731], [0, 1731]], '수', 0.012399891055111745), ([[1713.0876568944764, 380.0697698140963], [1785.8996920299069, 409.9074644389062], [1765.9123431055236, 456.9302301859037], [1693.1003079700931, 427.0925355610938]], '4:', 0.7899601801767252), ([[77.15798332046344, 825.2897482934367], [179.89722806544466, 811.5334228300785], [184.84201667953656, 867.7102517065633], [81.10277193455532, 881.4665771699215]], '06', 0.3957595658442977)]
[([[1317.341306738663, 1347.199357628518], [1457.1396738748906, 1336.6377976399408], [1457.658693261337, 1401.800642371482], [1318.8603261251094, 1412.3622023600592]], "'", 0.46961369588098023)]
[([[1239, 145], [1413, 145], [1413, 285], [1239, 285]], '', 0.0)]
[([[1606, 184], [1762, 184], [1762, 332], [1606, 332]], '게', 0.024791893166968615), ([[131, 477], [359, 477], [359, 773], [131, 773]], '이', 0.05357458239838153), ([[627, 755], [783, 755], [783, 957], [627, 957]], ')', 0.14349393668127064)]
[([[42, 1276], [126, 1276], [126, 1350], [42, 1350]], '9', 0.3038512420624251), ([[0, 1489], [17, 1489], [17, 1521], [0, 1521]], '3', 0.3842117069093689), ([[36, 1468], [120, 1468], [120, 1542], [36, 1542]], '9', 0.5355857063892735), ([[138, 1572], [395, 1572], [395, 1710], [138, 1710]], '3스', 0.24066226306469896), ([[74, 1688], [144, 1688], [144, 1742], [74, 1742]], '7', 0.18740069120380642)]
[([[1949, 0], [2141, 0], [2141, 165], [1949, 165]], '나', 0.07061602492914076)]
[([[2184, 3], [2476, 3], [2476, 653], [2184, 653]], '4', 0.20143912032830613), ([[2222, 730], [2438, 730], [2438, 990], [2222, 990]], '아', 0.7448958115251259), ([[2194, 930], [2442, 930], [2442, 1280], [2194, 1280]], '퍽', 0.12733169061604954)]
[([[1306, 88], [1454, 88], [1454, 268], [1306, 268]], '"', 0.024218412652121657)]
[([[13, 635], [167, 635], [167, 775], [13, 775]], '4', 0.07257118988818334), ([[224.92927022636363, 4.044169738999798], [477.6177679105496, 42.8707935581837], [455.0707297736364, 150.9558302610002], [202.38223208945038, 111.12920644181631]], '어 ', 0.154086200857253), ([[911.4421259126165, 235.03909397957665], [946.9111558871714, 247.25679541401163], [924.5578740873835, 313.96090602042335], [889.0888441128286, 301.7432045859884]], '5', 0.5326580449625204)]
[([[296, 614], [372, 614], [372, 668], [296, 668]], '스', 0.3150395342586876), ([[732, 598], [840, 598], [840, 678], [732, 678]], '[', 0.21334852261958304)]
[([[841.4368188609294, 883.2425920635801], [959.5117625096157, 812.2125742984715], [995.5631811390706, 881.7574079364199], [877.4882374903843, 953.7874257015285]], "'", 0.6012587215309395)]
[([[138, 104], [214, 104], [214, 190], [138, 190]], '히', 0.002731235341019503), ([[825, 1025], [843, 1025], [843, 1065], [825, 1065]], '4', 0.11823471946451036), ([[274.371374144502, 122.11103125486473], [341.62741292240895, 63.01641318198953], [462.628625855498, 218.8889687451353], [396.37258707759105, 277.98358681801045]], '-', 0.3504424143643661), ([[502.4632324327935, 214.09115243546574], [581.6657917756511, 159.01706037480434], [683.5367675672064, 323.90884756453426], [603.3342082243489, 379.9829396251956]], '=', 0.8397492240161206)]
[([[1978, 600], [2092, 600], [2092, 702], [1978, 702]], '과', 0.21787948497554144), ([[367.1539042094367, 437.5386647330285], [489.773756437812, 381.24603055528104], [533.8460957905633, 499.4613352669715], [411.226243562188, 554.7539694447189]], '(', 0.09373803512602397)]
[([[350, 106], [826, 106], [826, 258], [350, 258]], '플데행', 0.840910792350769), ([[863, 127], [947, 127], [947, 223], [863, 223]], '0', 0.2556774456352606), ([[1283, 0], [1848, 0], [1848, 354], [1283, 354]], '내영', 0.7483603752353567), ([[248, 287], [1132, 287], [1132, 459], [248, 459]], '엉보 . 못해음', 0.1729481986232316), ([[255, 677], [345, 677], [345, 801], [255, 801]], '탑', 0.15756398417896467), ([[2277, 445], [2439, 445], [2439, 791], [2277, 791]], '8', 0.00745748340322866), ([[231, 1155], [331, 1155], [331, 1221], [231, 1221]], '@꽃', 0.03896176732280835), ([[352, 1182], [380, 1182], [380, 1212], [352, 1212]], '0', 0.5034300238869527), ([[2108, 1234], [2398, 1234], [2398, 1450], [2108, 1450]], '바등', 0.05837280873560856), ([[43.90873190400333, 59.02979384326091], [409.37426471017324, 119.03634540483165], [373.09126809599667, 281.9702061567391], [7.625735289826757, 221.96365459516835]], '[흐음', 0.5058674962164796), ([[224.95812105249723, 850.0388221034631], [394.3182992018817, 897.6845734429658], [358.04187894750277, 1011.9611778965369], [188.6817007981183, 964.3154265570342]], '양월', 0.09878447200163719), ([[183.17363682400057, 1024.2424562488022], [225.62808693427348, 987.0282350295643], [294.8263631759994, 1074.7575437511978], [251.37191306572652, 1111.9717649704357]], '꽃', 0.006540245317450621), ([[899.089113771309, 1274.010119708904], [1382.4656746537266, 1488.4023356542837], [1232.910886228691, 1805.989880291096], [749.5343253462732, 1591.5976643457163]], '(3', 0.019692409161499332)]
[([[2119, 0], [2215, 0], [2215, 65], [2119, 65]], '또', 0.11609819987876335), ([[2273, 109], [2365, 109], [2365, 175], [2273, 175]], '+', 0.9910007250898758), ([[2398, 92], [2478, 92], [2478, 166], [2398, 166]], '다', 0.11451718640254072), ([[1409, 297], [1515, 297], [1515, 363], [1409, 363]], '깜', 0.22961059554495478), ([[1748, 408], [2096, 408], [2096, 554], [1748, 554]], '의유?', 0.43580654605747804), ([[967, 1315], [1123, 1315], [1123, 1381], [967, 1381]], '모야모', 0.9993300825037873), ([[917, 1485], [1883, 1485], [1883, 1573], [917, 1573]], '숨김없이~ 솔직하게~말해주지않으면', 0.4514176738955157), ([[918, 1570], [2257, 1570], [2257, 1673], [918, 1673]], '모야모가 개최하는 햇파이트에지원할 수없단 말씀~}', 0.34711965115676846), ([[1505.1327088730584, 380.0313824482053], [1686.8618561831217, 444.1844097678895], [1649.8672911269416, 541.9686175517948], [1467.1381438168783, 477.8155902321105]], '[이', 0.972397830111951), ([[33.03788873562106, 679.0289530113097], [127.55522096009793, 618.0096363491799], [276.96211126437896, 876.9710469886903], [182.44477903990207, 937.9903636508201]], '올', 0.30972782888216344), ([[821.4300696298392, 653.0108312647709], [935.6606278746478, 670.1036912038302], [894.5699303701608, 945.9891687352291], [781.3393721253522, 929.8963087961698]], '용', 0.9848362101782335)]
[([[2121, 1], [2215, 1], [2215, 65], [2121, 65]], '군', 0.13873757990821023), ([[2275, 113], [2365, 113], [2365, 175], [2275, 175]], '+', 0.981024901718687), ([[2398, 92], [2478, 92], [2478, 166], [2398, 166]], '또', 0.1655587242380676), ([[1408, 292], [1516, 292], [1516, 364], [1408, 364]], '깜짝', 0.12883212225680274), ([[1748, 410], [2096, 410], [2096, 554], [1748, 554]], '의유?', 0.8711505587323903), ([[967, 1315], [1123, 1315], [1123, 1381], [967, 1381]], '모야모', 0.6582685708999634), ([[915, 1485], [1883, 1485], [1883, 1573], [915, 1573]], '숨림없이~솔직하게~말해주지않으면', 0.4556657018819941), ([[918, 1571], [2257, 1571], [2257, 1668], [918, 1668]], '모야모가 개최하는 햇파이트에지원할 수없단 말씀~>', 0.3464919216189825), ([[1504.1002839280848, 382.03377624352873], [1685.8681321727713, 444.2258977679878], [1649.8997160719152, 538.9662237564713], [1468.1318678272287, 476.7741022320122]], '[아', 0.9792434593923995), ([[38.08706144324162, 681.0278076691627], [129.53537295768618, 623.0095571847868], [271.9129385567584, 874.9721923308373], [180.46462704231382, 932.9904428152132]], '올', 0.14331817103269007), ([[819.4300696298392, 652.0108312647709], [935.6530286997236, 668.0991801918946], [896.5699303701608, 944.9891687352291], [780.3469713002764, 929.9008198081054]], '용', 0.9879847278227771)]
[([[2119, 0], [2215, 0], [2215, 65], [2119, 65]], '또', 0.13855002069252365), ([[2273, 109], [2367, 109], [2367, 175], [2273, 175]], '+', 0.9945967664934621), ([[2398, 92], [2478, 92], [2478, 166], [2398, 166]], '또', 0.15709282347956233), ([[1411, 297], [1515, 297], [1515, 363], [1411, 363]], '작', 0.5104168315674542), ([[1748, 408], [2096, 408], [2096, 554], [1748, 554]], '의유?', 0.3544184211261785), ([[965, 1313], [1123, 1313], [1123, 1381], [965, 1381]], '모야모', 0.9990949993554588), ([[917, 1484], [1883, 1484], [1883, 1573], [917, 1573]], '숨김없이~ 솔직하게~말해주지않으면', 0.42419905073982583), ([[918, 1570], [2259, 1570], [2259, 1671], [918, 1671]], '모야모가 개최하는 햇파이트에지원할 수없단 말씀 ~}', 0.1758505046258562), ([[1505.1327088730584, 380.0313824482053], [1687.863231274165, 444.1934165572338], [1649.8672911269416, 541.9686175517948], [1467.136768725835, 477.8065834427662]], '[이', 0.975888769661804), ([[32.08148153076032, 682.0281489513933], [125.52233111202376, 620.009097084918], [277.9185184692397, 874.9718510486067], [184.47766888797625, 936.990902915082]], '열', 0.12261327976972325), ([[821.4300696298392, 653.0108312647709], [935.6364917484631, 669.0893844540373], [895.5699303701608, 945.9891687352291], [781.3635082515369, 929.9106155459627]], '용', 0.9795444726623828)]
[([[2119, 0], [2215, 0], [2215, 65], [2119, 65]], '또', 0.13415568191027205), ([[2272, 106], [2374, 106], [2374, 178], [2272, 178]], '+', 0.9916618365628551), ([[2398, 92], [2478, 92], [2478, 166], [2398, 166]], '또', 0.11523397202296426), ([[1859, 109], [2264, 109], [2264, 641], [1859, 641]], '횟굴', 0.008890864153672302), ([[1846, 526], [2254, 526], [2254, 1370], [1846, 1370]], '"4', 0.04775548088529189), ([[967, 1315], [1123, 1315], [1123, 1381], [967, 1381]], '모야모', 0.9969563998798203), ([[1881, 1203], [2015, 1203], [2015, 1361], [1881, 1361]], '지', 0.9999470717758072), ([[911, 1485], [1312, 1485], [1312, 1582], [911, 1582]], '비거~?이거~!', 0.4116980537657711), ([[913, 1579], [1830, 1579], [1830, 1692], [913, 1692]], '이런콤렌즈 일리트뤄네트처럼병', 0.02423944217799497), ([[1882, 1588], [2224, 1588], [2224, 1684], [1882, 1684]], '자켓는걸~!?', 0.11821758537198718)]
[([[2117, 0], [2217, 0], [2217, 65], [2117, 65]], '또', 0.6743274654554945), ([[2272, 106], [2374, 106], [2374, 178], [2272, 178]], '+', 0.9916579190952781), ([[2398, 92], [2478, 92], [2478, 166], [2398, 166]], '또', 0.04934237930378971), ([[1859, 109], [2261, 109], [2261, 640], [1859, 640]], '횟출', 0.0259985318208981), ([[1846, 526], [2254, 526], [2254, 1374], [1846, 1374]], '7', 0.009771056757399643), ([[967, 1315], [1123, 1315], [1123, 1381], [967, 1381]], '모야모', 0.9968779024448129), ([[1883, 1205], [2015, 1205], [2015, 1363], [1883, 1363]], '지', 0.9999753238292932), ([[915, 1490], [1310, 1490], [1310, 1580], [915, 1580]], '이거~?이거~!', 0.9861770359403776), ([[915, 1578], [1830, 1578], [1830, 1692], [915, 1692]], '{번손계츠 일리트뤄네트처럼 병', 0.013409641929974556), ([[1882, 1588], [2224, 1588], [2224, 1684], [1882, 1684]], '자켓는걸~!', 0.17972405180826748)]
[([[96, 406], [683, 406], [683, 478], [96, 478]], '위작품은2차 창작물이미', 0.47125215147570954), ([[44, 462], [1098, 462], [1098, 538], [44, 538]], '등장하는 모든 등장인물은 만 19세이상입니다.', 0.3634276896170634), ([[41, 515], [816, 515], [816, 593], [41, 593]], '후원해주신 모든 분들께진심으로', 0.8629345052499169), ([[49, 577], [388, 577], [388, 652], [49, 652]], '감사드럽니다:', 0.7023442160878723), ([[67, 693], [1046, 693], [1046, 766], [67, 766]], '가^~엘6어머~ 담아<슷;-교 -.<어탁|령할거 _외~3+;아7,', 1.1321278430558638e-08), ([[39, 753], [1110, 753], [1110, 825], [39, 825]], '3,전:-+}~ <^라*3~+.<째 (^라+ 하명명.3,3,~라치데!.', 2.2198233494267667e-10), ([[42, 804], [594, 804], [594, 884], [42, 884]], '가라` 없어항 +~,! 검신]}', 5.3390452057082504e-06), ([[40, 866], [927, 866], [927, 946], [40, 946]], '{아프-+^안 명.어명-. >^어 -닭명오기프+.| 입', 1.1829597641789627e-07), ([[945, 1442], [1137, 1442], [1137, 1556], [945, 1556]], '보민', 0.9983657680201079), ([[443, 1595], [549, 1595], [549, 1683], [443, 1683]], '1)', 0.1992329588054597), ([[596, 1588], [753, 1588], [753, 1691], [596, 1691]], '꼴아.', 0.004487054244265003), ([[802, 1588], [1124, 1588], [1124, 1690], [802, 1690]], '901887', 0.9997405000487375), ([[2029.5098937119894, 1445.0301390671143], [2061.852914284608, 1458.1962738927132], [2030.4901062880106, 1533.9698609328857], [1998.1470857153924, 1520.8037261072868]], '~', 0.20693801974712134)]
[([[2119, 0], [2215, 0], [2215, 65], [2119, 65]], '또', 0.13415568191027205), ([[2272, 106], [2374, 106], [2374, 178], [2272, 178]], '+', 0.9916618365628551), ([[2398, 92], [2478, 92], [2478, 166], [2398, 166]], '또', 0.11523397202296426), ([[1858, 109], [2263, 109], [2263, 640], [1858, 640]], '챙출', 0.005744367213702602), ([[1846, 526], [2254, 526], [2254, 1374], [1846, 1374]], '7', 0.010614050181914969), ([[967, 1315], [1123, 1315], [1123, 1381], [967, 1381]], '모야모', 0.9972321450223985), ([[1883, 1205], [2015, 1205], [2015, 1363], [1883, 1363]], '지', 0.9999728204666667), ([[915, 1491], [1311, 1491], [1311, 1581], [915, 1581]], '이거~?이거~!', 0.7026935002347497), ([[914, 1578], [1830, 1578], [1830, 1692], [914, 1692]], "'샌번손계주일리트뤄네트처럼병", 0.004713305126598083), ([[1882, 1588], [2224, 1588], [2224, 1684], [1882, 1684]], '자켓는걸~', 0.40519337512714826)]
[([[2019, 137], [2127, 137], [2127, 255], [2019, 255]], '날', 0.809802451259177), ([[2139, 49], [2277, 49], [2277, 784], [2139, 784]], "'", 0.4721118885941564), ([[2005, 241], [2128, 241], [2128, 1408], [2005, 1408]], '', 0.0), ([[2152, 778], [2256, 778], [2256, 966], [2152, 966]], '올', 0.9999762774920704), ([[2152, 956], [2274, 956], [2274, 1338], [2152, 1338]], '#', 0.680947107030093), ([[1989, 1384], [2151, 1384], [2151, 1769], [1989, 1769]], "'", 0.02465274496092107), ([[362.89626450442194, 632.0290255840173], [526.0368037102696, 670.7220800076827], [476.10373549557806, 863.9709744159827], [312.9631962897304, 824.2779199923173]], '7', 0.7743153362527586)]
[([[302, 664], [428, 664], [428, 1406], [302, 1406]], "'", 0.6398143521489743), ([[452, 16], [576, 16], [576, 1552], [452, 1552]], "'", 0.5469681369185686), ([[301, 1387], [437, 1387], [437, 1719], [301, 1719]], '약', 0.9194576124855871), ([[282, 1694], [370, 1694], [370, 1768], [282, 1768]], '[', 0.0838829622694357)]
[([[1289, 21], [1355, 21], [1355, 153], [1289, 153]], '약', 0.20784245815054536), ([[465, 345], [534, 345], [534, 511], [465, 511]], '%', 0.0747454951790738), ([[2243, 703], [2399, 703], [2399, 859], [2243, 859]], '하', 0.999674465927658), ([[2046, 1276], [2130, 1276], [2130, 1399], [2046, 1399]], '@', 0.9679021858619876), ([[2241, 841], [2403, 841], [2403, 1361], [2241, 1361]], '4', 0.07574897210002351), ([[2214, 1326], [2316, 1326], [2316, 1424], [2214, 1424]], '느', 0.4307888501367394), ([[201.18517828561733, 101.03696114179067], [315.993741219566, 161.66441264106098], [278.8148217143827, 228.96303885820933], [164.006258780434, 167.33558735893902]], '@댁?', 0.006851860206983729), ([[1699.31030298491, 168.03406014759128], [1750.4883179558506, 147.0170532313361], [1802.68969701509, 282.9659398524087], [1751.5116820441494, 303.9829467686639]], '영', 0.05940753496486573), ([[928.2111456180002, 584.1613008990009], [990.6880209161537, 539.0236967157701], [1065.7888543819997, 658.8386991009991], [1004.3119790838463, 703.9763032842299]], '%', 0.2957487754099617), ([[2066.351256947393, 581.0140354847713], [2259.5658521044184, 738.41727024851], [2176.648743052607, 841.9859645152287], [1982.4341478955816, 684.58272975149]], '(초@', 0.0024446835396209335), ([[1473.5928435361254, 760.0277578137162], [1498.3631631259332, 755.0220623673484], [1513.4071564638746, 838.9722421862838], [1488.6368368740668, 842.9779376326516]], '등', 0.09506896906488294)]
[([[178, 51], [1848, 51], [1848, 221], [178, 221]], '{ 보랜은 제가 제일 먼저 눈독들얹다 고요', 0.11204589810516115), ([[2053, 1277], [2117, 1277], [2117, 1317], [2053, 1317]], '()', 0.3910845849711971), ([[2188, 1188], [2436, 1188], [2436, 1546], [2188, 1546]], '객', 0.06610671662480172), ([[139, 1433], [1073, 1433], [1073, 1689], [139, 1689]], '가아악]', 0.522639811038971), ([[1592, 1411], [2026, 1411], [2026, 1775], [1592, 1775]], '뭐', 0.027809970296410746), ([[94.96506864909578, 317.15986497860683], [739.7793180055987, 116.79060750186372], [829.0349313509042, 544.8401350213932], [184.22068199440128, 745.2093924981363]], '7대', 0.7121516034813086), ([[920.9409219869555, 155.01368089517814], [1396.635639339911, 286.2782153931666], [1291.0590780130444, 623.9863191048219], [815.3643606600891, 492.7217846068334]], '극', 0.005592695052287988), ([[2316.1051519488256, 827.0114411990818], [2554.177062717128, 983.8517934418252], [2354.8948480511744, 1287.988558800918], [2115.822937282872, 1131.148206558175]], '대', 0.293736536130055)]
[([[190, 152], [290, 152], [290, 230], [190, 230]], '7', 0.3165631116087617), ([[480, 96], [752, 96], [752, 364], [480, 364]], '돈', 0.13711663462572776), ([[121, 207], [330, 207], [330, 1291], [121, 1291]], '"', 0.07248975599388618), ([[904, 996], [1141, 996], [1141, 1206], [904, 1206]], '(', 0.025444301030720595), ([[1923, 420], [2361, 420], [2361, 1121], [1923, 1121]], '낮', 0.04646786276986803), ([[122, 1418], [220, 1418], [220, 1516], [122, 1516]], '[', 0.1007846742255083), ([[260, 1200], [854, 1200], [854, 1775], [260, 1775]], '중연', 0.02416080418120018), ([[1870.354830433374, 43.02553995464372], [2325.7362762931307, 10.86026882180932], [2331.645169566626, 470.9744600453563], [1876.2637237068693, 503.1397311781907]], '즈', 0.18946556087159028), ([[675.0759926818331, 206.01293874144022], [920.6058769210508, 181.93540099703281], [952.9240073181669, 628.9870612585597], [707.3941230789492, 653.0645990029672]], '북', 0.22050198472825944)]
[([[890, 792], [990, 792], [990, 888], [890, 888]], '열', 0.09181472705330762), ([[1481, 265], [1764, 265], [1764, 729], [1481, 729]], '콩', 0.8263481480592851), ([[2081, 139], [2346, 139], [2346, 1162], [2081, 1162]], ';', 0.017190566074312352), ([[1265, 1123], [1355, 1123], [1355, 1227], [1265, 1227]], '열', 0.0069128717380815274), ([[1389.334208224349, 935.0170603748044], [1579.85077209288, 1061.0359081954114], [1514.665791775651, 1155.9829396251957], [1325.14922790712, 1029.9640918045886]], '%요?', 0.07628971325974217), ([[1876.7348650533972, 1064.259919729608], [2036.2176008107938, 1042.3016636713473], [2042.2651349466028, 1126.740080270392], [1882.7823991892062, 1148.6983363286527]], '끼', 0.08914531266299619), ([[374.66029934708337, 1269.024261979501], [596.6570899617717, 1126.0058351522548], [871.3397006529166, 1618.975738020499], [649.3429100382283, 1762.9941648477452]], '텅', 0.11868947346940306)]
[([[156, 182], [440, 182], [440, 1134], [156, 1134]], '#', 0.35334132007847074), ([[1730, 380], [2410, 380], [2410, 866], [1730, 866]], '%', 0.21636224780565172), ([[162, 1116], [382, 1116], [382, 1348], [162, 1348]], '요', 0.9999908209057686), ([[1941.1478758857115, 981.0201811885145], [2075.3951678560356, 956.8275754826176], [2116.8521241142885, 1227.9798188114855], [1982.6048321439641, 1252.1724245173825]], '=', 0.18507476712035587), ([[1485.4089355510744, 1067.0350586290253], [1576.8742925328593, 1124.8858759924892], [1553.5910644489256, 1160.9649413709747], [1462.1257074671407, 1103.1141240075108]], ' ', 0.2897238749271197)]
[([[596, 428], [1234, 428], [1234, 908], [596, 908]], '?@9', 0.006797595825581993)]
[([[979, 0], [1079, 0], [1079, 34], [979, 34]], '~6', 0.19119360145357622), ([[41, 71], [839, 71], [839, 257], [41, 257]], '{이제얼마안남있어:', 0.1918005655189785), ([[2306, 514], [2410, 514], [2410, 620], [2306, 620]], '(', 0.9141717503580402), ([[502, 686], [578, 686], [578, 766], [502, 766]], '(', 0.9324285095956384), ([[1832, 592], [2058, 592], [2058, 784], [1832, 784]], '@;', 0.9202708551932666), ([[522, 746], [606, 746], [606, 820], [522, 820]], '군', 0.16977727691266242), ([[1005, 689], [1073, 689], [1073, 839], [1005, 839]], '놈', 0.007019638649286231), ([[1474, 1540], [1524, 1540], [1524, 1596], [1474, 1596]], '[', 0.9702492170891333), ([[1515, 1559], [2467, 1559], [2467, 1667], [1515, 1667]], '좀만더 참으면 . 좀만더(이 _', 0.11833813432374511), ([[1776.805955371748, 50.05955371748013], [1946.0709585257407, 72.37032643469023], [1928.194044628252, 173.94044628251987], [1758.9290414742593, 150.62967356530976]], '()(', 0.5501843627374766), ([[1494.9376719919208, 31.028233448108544], [1697.7610844253707, 97.07023007711537], [1642.0623280080792, 258.97176655189145], [1438.2389155746293, 192.92976992288465]], "']", 0.3206844664115072), ([[2293.9817815290335, 239.02469949809102], [2487.8687318756865, 318.2004784247651], [2417.0182184709665, 486.975300501909], [2223.1312681243135, 408.7995215752349]], '오결', 0.043176484286374134), ([[621.6243162872531, 311.0950772682225], [678.6316475399669, 268.0199688685228], [769.3756837127469, 402.9049227317775], [712.3683524600331, 445.9800311314772]], '8', 0.011130960110188548), ([[1048.9161904048585, 471.05352308907203], [1176.086546115637, 499.61119749166943], [1152.0838095951415, 593.946476910928], [1024.913453884363, 565.3888025083306]], '양유', 0.8116773805094092), ([[2308.5315373569956, 589.0568319052461], [2448.969666831792, 564.2505200998166], [2473.4684626430044, 755.9431680947539], [2333.030333168208, 780.7494799001834]], "'8", 0.030575672194406732), ([[1497.288544496204, 987.0316983574843], [1588.9382230137094, 1057.0077221232864], [1544.711455503796, 1114.9683016425156], [1453.0617769862906, 1043.9922778767136]], "'%앗", 0.006108347180002498)]
[([[174, 512], [470, 512], [470, 804], [174, 804]], '뉴', 0.22852230789617867), ([[146, 1080], [494, 1080], [494, 1615], [146, 1615]], '약', 0.01875289892281362), ([[2197, 456], [2457, 456], [2457, 1399], [2197, 1399]], '"', 0.690976384133112)]
[([[1598, 31], [2211, 31], [2211, 315], [1598, 315]], '까앗?', 0.3613258678525533), ([[194, 240], [551, 240], [551, 743], [194, 743]], '2', 0.8988038171788162), ([[0, 903], [35, 903], [35, 943], [0, 943]], "9 '", 0.22871309792970324), ([[1983, 1105], [2363, 1105], [2363, 1561], [1983, 1561]], '4', 0.023642646576704784)]
[([[519, 27], [595, 27], [595, 95], [519, 95]], '혼', 0.004657735095472626), ([[1742, 0], [1958, 0], [1958, 841], [1742, 841]], '{', 0.7042500706400148), ([[2373, 689], [2477, 689], [2477, 777], [2373, 777]], '오싹', 0.464987692130077), ([[92.24844317292917, 81.14034767216089], [213.21252393747068, 70.6819093626499], [215.75155682707083, 164.85965232783911], [95.78747606252932, 175.3180906373501]], '@', 0.8528357392552302), ([[956.1290520222872, -96.9924139207152], [1544.7993657653412, 203.52527438050558], [1343.8709479777128, 576.9924139207152], [755.2006342346588, 274.47472561949445]], '내뱀', 0.023589260747307026), ([[488.86739437828095, 122.25631695095183], [540.7352391550074, 82.03008230890919], [609.1326056217191, 180.74368304904817], [556.2647608449926, 221.9699176910908]], '알', 0.4924632410382266), ([[2247.4310709188944, 275.1553545944726], [2346.074052818922, 266.79366901235227], [2349.5689290811056, 340.8446454055274], [2249.925947181078, 349.20633098764773]], '@', 0.11040735112367717), ([[2271.6409190320383, 625.1559518377649], [2305.5742744398653, 595.0275458253983], [2377.3590809679617, 679.8440481622351], [2343.4257255601347, 710.9724541746017]], '"', 0.6790464332000887), ([[1556.1611052181095, 836.0056756182881], [2023.840620433566, 943.159379566434], [1842.8388947818905, 1698.994324381712], [1375.159379566434, 1591.8406204335658]], '책', 0.42586154190320613), ([[662.1779692583614, 1040.0061433843762], [1307.999954683408, 1428.9293967205604], [1064.8220307416386, 1818.9938566156238], [419.00004531659204, 1430.0706032794396]], '예이', 0.19091863356619987)]
[([[574, 38], [1737, 38], [1737, 148], [574, 148]], '어레세 그렌체 굉장히 민감하세내요', 0.08504078108315405), ([[2172, 28], [2312, 28], [2312, 124], [2172, 124]], '저릿하', 0.08242024153273435), ([[87, 105], [197, 105], [197, 195], [87, 195]], '움질', 0.055987212816289475), ([[536, 152], [1038, 152], [1038, 254], [536, 254]], '챔페엔 네모] [', 0.05967516928873445), ([[1722, 150], [1834, 150], [1834, 250], [1722, 250]], '예', 0.04294398333114047), ([[1150, 276], [1278, 276], [1278, 380], [1150, 380]], '바?', 0.23738740990593715), ([[1321, 279], [1405, 279], [1405, 377], [1321, 377]], '[', 0.18753264379398615), ([[1278, 390], [1326, 390], [1326, 440], [1278, 440]], '군', 0.3252832028970012), ([[1397, 313], [1765, 313], [1765, 469], [1397, 469]], '효후?!', 0.17209173738956451), ([[109, 777], [217, 777], [217, 895], [109, 895]], '열', 0.5525859252025498), ([[2317, 1109], [2425, 1109], [2425, 1247], [2317, 1247]], '열', 0.5776379471335567), ([[800, 1258], [896, 1258], [896, 1354], [800, 1354]], '@', 0.24682656165570993), ([[1777, 1275], [1869, 1275], [1869, 1389], [1777, 1389]], '발', 0.35615469455683524), ([[853, 1349], [967, 1349], [967, 1461], [853, 1461]], '열', 0.05542165896322704), ([[753, 1394], [2144, 1394], [2144, 1611], [753, 1611]], '[기분나때다면 사과드실계요', 0.17700783166915238), ([[550, 1586], [2119, 1586], [2119, 1726], [550, 1726]], '성감대가 예민한건 출복이계요 오', 0.09201167366506516), ([[664.831587524326, 276.06849395677125], [794.1877335021252, 297.05214576080556], [777.168412475674, 380.93150604322875], [647.8122664978748, 359.94785423919444]], '용질:', 0.28059196462822783), ([[1888.1628835042561, 1165.0292341108618], [1975.437466939963, 1143.2501593663324], [2018.8371164957439, 1331.9707658891382], [1931.562533060037, 1354.7498406336676]], '올', 0.005645531341294863)]
[([[743, 81], [2272, 81], [2272, 275], [743, 275]], '하제만 랫째이트에선?생', 0.12115823798642793), ([[2060, 878], [2410, 878], [2410, 1166], [2060, 1166]], '0', 0.5355206259879175), ([[248, 1388], [1564, 1388], [1564, 1775], [248, 1775]], '하아이켓', 0.08878785371780396), ([[233.83728650225308, 36.025046852271316], [487.7439976238771, 94.14610654948007], [428.16271349774695, 321.9749531477287], [174.25600237612292, 263.85389345051993]], '좁', 0.004263983317479791), ([[1138.5669080505784, 269.11482991358616], [1195.729301011829, 238.02959755450485], [1247.4330919494216, 348.88517008641384], [1190.270698988171, 378.97040244549515]], '9', 0.4597223559426631)]
[([[1590, 32], [1698, 32], [1698, 132], [1590, 132]], '시', 0.9699187005786349), ([[1625, 481], [1665, 481], [1665, 517], [1625, 517]], '~', 0.7000732109702312), ([[1533, 489], [1575, 489], [1575, 587], [1533, 587]], '출', 0.03130747675757917), ([[838, 952], [938, 952], [938, 1006], [838, 1006]], '또 8', 0.5292141881196931), ([[134, 1094], [356, 1094], [356, 1266], [134, 1266]], '자', 0.07314724652847904), ([[1367, 991], [2287, 991], [2287, 1587], [1367, 1587]], '장', 0.24512559519927724), ([[1720, 1474], [1868, 1474], [1868, 1618], [1720, 1618]], '사', 0.6368434441437252), ([[1770.5805473637206, 66.01460187682207], [2246.641013530594, -92.43427289097251], [2458.4194526362794, 689.9853981231779], [1982.3589864694059, 849.4342728909725]], '8', 0.3721819020511816)]
[([[1640, 207], [2054, 207], [2054, 580], [1640, 580]], '즈', 0.00999356403226287), ([[1705, 807], [1789, 807], [1789, 867], [1705, 867]], '월망', 0.006518690141893621), ([[821, 1119], [1198, 1119], [1198, 1375], [821, 1375]], "'주부", 0.5316951036648819), ([[1531, 1005], [1937, 1005], [1937, 1329], [1531, 1329]], '거부', 0.033392882583181696), ([[920.543977760618, 580.3863310579156], [1024.5874527517276, 556.2745854519335], [1036.456022239382, 626.6136689420844], [932.4125472482724, 650.7254145480665]], '오:', 0.49580802110085376)]
[([[21, 957], [177, 957], [177, 1229], [21, 1229]], ')', 0.02278619931899173)]
[]
[([[1256, 26], [1336, 26], [1336, 98], [1256, 98]], '움', 0.15872076218679254), ([[102, 72], [1115, 72], [1115, 182], [102, 182]], '전력@로 맞람은 가위 체기!!', 0.03398487878884507), ([[100, 162], [1499, 162], [1499, 276], [100, 276]], '@견 하이라이트 클럽에 저장~? 저장-', 0.11732323204559578), ([[827, 353], [943, 353], [943, 445], [827, 445]], '운질', 0.23999568074808697), ([[1144, 666], [1176, 666], [1176, 712], [1144, 712]], '콩', 0.1402467502988749), ([[2056, 648], [2158, 648], [2158, 728], [2056, 728]], '@', 0.7626502110770481), ([[2284, 1014], [2358, 1014], [2358, 1088], [2284, 1088]], '0', 0.7381404506725318), ([[1956, 1051], [2065, 1051], [2065, 1118], [1956, 1118]], '사', 0.13500603243301246), ([[763, 1147], [915, 1147], [915, 1259], [763, 1259]], "'올", 0.15719679632548864), ([[2002, 1380], [2094, 1380], [2094, 1460], [2002, 1460]], '열', 0.09432378989711854), ([[260, 1530], [380, 1530], [380, 1606], [260, 1606]], '범리', 0.036346168178383785), ([[849, 1505], [2375, 1505], [2375, 1645], [849, 1645]], '다세 보기로 만들면 조회주-가 쭉록_@아', 0.022418454112314003), ([[690, 1644], [764, 1644], [764, 1728], [690, 1728]], '8', 0.22635689119907543), ([[1614, 1612], [1823, 1612], [1823, 1737], [1614, 1737]], '우히', 0.4228300745155302), ([[1804, 1688], [1870, 1688], [1870, 1720], [1804, 1720]], '000', 0.6491543646590481), ([[1866, 1612], [2377, 1612], [2377, 1744], [1866, 1744]], '유해해해해@', 0.38237846758482746), ([[1753.9570999810921, 125.04954980146653], [1920.4292543981132, 156.50276499224947], [1899.0429000189079, 251.95045019853347], [1732.5707456018868, 219.49723500775053]], '98', 0.26188205335897274), ([[532.2117748398972, 373.03892588296145], [624.9996922307499, 430.92982726113377], [586.7882251601028, 489.96107411703855], [495.0003077692501, 432.07017273886623]], '98', 0.539153779701866), ([[375.08637680787945, 543.0464927172186], [478.8045658273148, 587.1346258840434], [446.91362319212055, 658.9535072827814], [343.1954341726852, 615.8653741159566]], '오', 0.17389667674287868), ([[1231.9204087619014, 1136.0449051428166], [1374.9571161850497, 1171.898297094379], [1344.0795912380986, 1281.9550948571834], [1201.0428838149503, 1246.101702905621]], '@웬', 0.6047089302505774), ([[1314.9105106222007, 1268.0661871020452], [1429.4475508099433, 1293.8953445741233], [1411.0894893777993, 1367.9338128979548], [1295.5524491900567, 1343.1046554258767]], '98', 0.4012127123318214), ([[9.966670064231163, 1321.0766894303488], [57.54521367105037, 1290.0212650105552], [121.03332993576883, 1401.9233105696512], [73.45478632894964, 1431.9787349894448]], '향', 0.9636175209099207)]
[([[158, 146], [1393, 146], [1393, 311], [158, 311]], '전에챔페언레모가-그랫중? _', 0.0879431885260087), ([[1339, 433], [1499, 433], [1499, 629], [1339, 629]], '향', 0.7606599770247477), ([[2018, 916], [2186, 916], [2186, 1060], [2018, 1060]], '하', 0.19089126255807187), ([[30, 1406], [56, 1406], [56, 1448], [30, 1448]], '?', 0.7856811573525171), ([[835.2846279919629, 389.1054867348999], [980.9408284023668, 374.14201183431953], [986.7153720080371, 497.8945132651001], [841.0591715976332, 512.8579881656805]], '서리', 0.3676851562327556), ([[1834.086474619004, 985.0523291853351], [1922.916492343491, 1027.847112765511], [1892.913525380996, 1087.947670814665], [1804.083507656509, 1045.152887234489]], '사', 0.012885617345593181), ([[554.2755570137922, 1612.136009186891], [615.6275476959237, 1556.0179153213362], [731.7244429862078, 1696.863990813109], [671.3724523040763, 1752.9820846786638]], '?', 0.12695306414443852)]
[([[0, 0], [571, 0], [571, 268], [0, 268]], '[크니?', 0.18081559240818024), ([[147, 225], [813, 225], [813, 385], [147, 385]], '그정도로 !', 0.7314363138017067), ([[1461.8511990690201, -20.98595807707852], [2056.6384044716074, 92.54463821135712], [1964.1488009309799, 481.9859580770785], [1369.3615955283929, 367.4553617886429]], '파(', 0.2510505902420186), ([[2064.172632384287, 138.00950871648917], [2382.827617284495, 410.4812161595585], [2182.827367615713, 644.9904912835109], [1863.172382715505, 373.5187838404415]], '이', 0.8829837909619052)]
[([[320, 164], [424, 164], [424, 270], [320, 270]], '내', 0.995122434455098), ([[0, 294], [52, 294], [52, 354], [0, 354]], '0', 0.23982222122583963), ([[322, 254], [426, 254], [426, 362], [322, 362]], '계', 0.9856668653299359), ([[170, 352], [296, 352], [296, 646], [170, 646]], '헌', 0.009879673985959736), ([[179, 633], [293, 633], [293, 947], [179, 947]], '4', 0.04185885775092402), ([[306, 351], [435, 351], [435, 938], [306, 938]], '"', 0.9832325700399593), ([[148, 918], [441, 918], [441, 1372], [148, 1372]], '아', 0.008647471931484185), ([[177, 1343], [285, 1343], [285, 1559], [177, 1559]], '원', 0.9397092968043843), ([[2147.82938861907, -7.9639043710634], [2351.0432300851594, 32.60188662470414], [2313.17061138093, 191.9639043710634], [2109.9567699148406, 151.39811337529585]], '@@?', 0.11057639278861889), ([[700.3380955199534, 24.0628608633851], [966.2444659591887, 7.338799694668722], [966.6619044800466, 199.9371391366149], [700.7555340408113, 217.66120030533128]], '@빠:', 0.056912187836169276), ([[1231.6241279777137, 1565.8723839331412], [1436.2228619043578, 1488.4171764907135], [1477.3758720222863, 1628.1276160668588], [1272.7771380956422, 1705.5828235092865]], '_약', 0.05523978481254035)]
[([[1062, 1230], [1086, 1230], [1086, 1254], [1062, 1254]], '9', 0.7330669739204154), ([[1085, 1137], [1129, 1137], [1129, 1259], [1085, 1259]], '올', 0.45206580953733067), ([[2092, 328], [2256, 328], [2256, 1294], [2092, 1294]], "'", 0.013430758910282725), ([[2082, 1436], [2164, 1436], [2164, 1510], [2082, 1510]], '1', 0.06604443482992028), ([[1466.2731154101687, 1012.0240426935476], [1585.7967077013186, 1111.894981517353], [1524.7268845898313, 1184.9759573064523], [1405.2032922986814, 1085.105018482647]], '@8', 0.020779255339224558)]
[([[231, 15], [352, 15], [352, 658], [231, 658]], "'", 0.058969068887153364), ([[1012, 642], [1160, 642], [1160, 798], [1012, 798]], '올길', 0.07501496685485073), ([[227, 646], [354, 646], [354, 1244], [227, 1244]], "'", 0.010685756553370007), ([[232, 1231], [355, 1231], [355, 1726], [232, 1726]], '"', 0.2179835794903653), ([[223, 1705], [303, 1705], [303, 1767], [223, 1767]], '[', 0.061753437138183154), ([[1410.938835655387, 753.0375827409565], [1566.8167779120654, 797.1607664776391], [1528.061164344613, 923.9624172590435], [1371.1832220879346, 879.8392335223609]], '@굴', 0.018971136277856133)]
[([[1996, 58], [2171, 58], [2171, 471], [1996, 471]], '설', 0.9808358761620326), ([[2159, 37], [2336, 37], [2336, 764], [2159, 764]], '{', 0.07353393946552789), ([[1448, 696], [1514, 696], [1514, 752], [1448, 752]], '~', 0.35480909713947995), ([[1993, 440], [2178, 440], [2178, 869], [1993, 869]], '푹', 0.42389804191431324), ([[2019, 861], [2153, 861], [2153, 1011], [2019, 1011]], '때', 0.9993485081682962), ([[2003, 1003], [2164, 1003], [2164, 1558], [2003, 1558]], '잎', 0.10447354747939475), ([[1335.1805639684294, 724.0209973843746], [1438.5366107046284, 672.0090010020738], [1561.8194360315706, 950.9790026156254], [1458.4633892953716, 1001.9909989979262]], '승', 0.9328785338637182)]
[([[256, 12], [382, 12], [382, 501], [256, 501]], '{', 0.008851774211656116), ([[244, 487], [389, 487], [389, 1339], [244, 1339]], '7', 0.038399498217188466), ([[1299, 1297], [1431, 1297], [1431, 1405], [1299, 1405]], "오딱'", 0.3444243993973432), ([[261, 1323], [373, 1323], [373, 1695], [261, 1695]], '곁', 0.02543615358607898), ([[245, 1689], [325, 1689], [325, 1755], [245, 1755]], '[', 0.9946406362047497), ([[1373.2583527229992, 708.0211726524883], [1517.826789896315, 821.8849442192246], [1448.7416472770008, 908.9788273475117], [1304.173210103685, 795.1150557807754]], '@햄움', 0.032005175783213435), ([[971.7984419294426, 816.0658215579277], [1044.642177713465, 776.0187610997516], [1118.2015580705574, 928.9341784420723], [1045.357822286535, 968.9812389002484]], '올', 0.33367547192852953)]
[([[2033, 30], [2214, 30], [2214, 1657], [2033, 1657]], "'", 0.8970356375249402), ([[1432.6704352763431, 602.0267948533115], [1634.6816726999593, 484.007041321971], [1852.3295647236569, 915.9732051466885], [1650.3183273000407, 1033.992958678029]], '적', 0.06674668575821219), ([[862.0355610534248, 1148.0113447705548], [1239.3647386868756, 1352.8105722939686], [1069.9644389465752, 1654.9886552294452], [692.6352613131245, 1450.1894277060314]], '\'거"', 0.1063663585085097)]
[([[684, 20], [782, 20], [782, 136], [684, 136]], '와;', 0.07266156027091476), ([[1655, 89], [1739, 89], [1739, 201], [1655, 201]], '%', 0.17808935001672044), ([[2284, 6], [2384, 6], [2384, 254], [2284, 254]], '꿀', 0.020526382799094023), ([[122, 54], [215, 54], [215, 543], [122, 543]], '{', 0.1355004530785351), ([[852, 214], [1020, 214], [1020, 392], [852, 392]], '향향', 0.013785740164287727), ([[1467, 567], [1617, 567], [1617, 667], [1467, 667]], '씬아', 0.013636659016935797), ([[1936, 444], [2292, 444], [2292, 764], [1936, 764]], '9 향', 0.2407970446535689), ([[2274, 247], [2378, 247], [2378, 802], [2274, 802]], '(', 0.04770383947145107), ([[1068, 674], [1172, 674], [1172, 778], [1068, 778]], '8', 0.9172195714698184), ([[457, 835], [613, 835], [613, 991], [457, 991]], '안', 0.06476991712350699), ([[1796, 932], [1948, 932], [1948, 1080], [1796, 1080]], '올', 0.040996172460255886), ([[2162, 636], [2395, 636], [2395, 1180], [2162, 1180]], '곁', 0.003989499293456655), ([[120, 535], [216, 535], [216, 1690], [120, 1690]], '', 0.0), ([[2179, 1161], [2269, 1161], [2269, 1443], [2179, 1443]], '혈', 0.015294953661930899), ([[105, 1693], [175, 1693], [175, 1753], [105, 1753]], '느', 0.6733050816064043), ([[872.102633403899, -25.692099788303082], [912.5941678537008, 7.830832873054766], [842.897366596101, 84.69209978830308], [803.4058321462992, 50.16916712694523]], '1', 0.826749691550063), ([[1035.174589772352, 102.0570463609335], [1080.282826599533, 123.1554010617899], [1050.825410227648, 185.9429536390665], [1004.717173400467, 163.8445989382101]], '5', 0.30034317325159066), ([[353.2895901820685, 385.01577909654065], [520.4897825479351, 538.991679077508], [428.7104098179315, 641.9842209034593], [261.510217452065, 488.008320922492]], '@아:?', 0.0101582957431674), ([[207.27487369527464, 1153.0202391454159], [279.4464718531188, 1097.0076690742433], [465.7251263047254, 1357.9797608545841], [394.5535281468812, 1413.9923309257567]], '날', 0.08335358347992727), ([[1925.6352793165017, 1318.00665327215], [2005.1951680510467, 1329.9225243033386], [1960.3647206834983, 1611.99334672785], [1880.8048319489533, 1599.0774756966614]], '빌', 0.10433451516382775), ([[2190.6155820180525, 1428.0061589632364], [2279.3913419948212, 1437.8323630304114], [2243.3844179819475, 1763.9938410367636], [2154.6086580051788, 1755.1676369695886]], '뿐', 0.03526266882300266)]
[([[972, 75], [1511, 75], [1511, 358], [972, 358]], '거짓:', 0.9877496957778931), ([[1623, 61], [2299, 61], [2299, 361], [1623, 361]], '프흡?', 0.985838684905179), ([[219, 771], [309, 771], [309, 937], [219, 937]], '@', 0.9901672318756063), ([[1698, 801], [1926, 801], [1926, 1006], [1698, 1006]], '5', 0.8029872452594969), ([[173.86625620712053, 653.2602121185807], [302.7229137270029, 739.9809004618411], [130.13374379287947, 989.7397878814193], [2.2770862729970887, 902.0190995381589]], '다', 0.0016716390865685465)]
[([[116, 0], [192, 0], [192, 86], [116, 86]], '6', 0.34704969896555227), ([[179, 0], [329, 0], [329, 345], [179, 345]], '~;', 0.1093089318013426), ([[190, 342], [294, 342], [294, 538], [190, 538]], '곁', 0.6264414471445434), ([[1305, 291], [1549, 291], [1549, 474], [1305, 474]], '넷', 0.06219554607063338), ([[66, 460], [314, 460], [314, 1076], [66, 1076]], '8', 0.08394054434747034), ([[68, 924], [192, 924], [192, 1118], [68, 1118]], '제', 0.9691969262348721), ([[222, 1068], [248, 1068], [248, 1130], [222, 1130]], '8', 0.9969315262023883), ([[83, 1105], [173, 1105], [173, 1375], [83, 1375]], '풀', 0.0649906215581133), ([[90, 1376], [188, 1376], [188, 1478], [90, 1478]], '알', 0.9999153631953419), ([[325, 1325], [463, 1325], [463, 1439], [325, 1439]], '표`', 0.07786940899002845), ([[84, 1464], [184, 1464], [184, 1542], [84, 1542]], '하', 0.27002575919528127), ([[922, 1480], [994, 1480], [994, 1560], [922, 1560]], '1', 0.43279849798524594), ([[88, 1554], [166, 1554], [166, 1632], [88, 1632]], '요', 0.9997798325619591), ([[23.25579159246475, -24.953667260282003], [118.9989521480884, 21.88787005330676], [94.74420840753525, 66.953667260282], [0.0010478519115872942, 20.11212994669324]], '0', 0.05099130297659493), ([[748.2915219986482, 24.086067786617537], [923.4363762948445, 10.409635698002031], [926.7084780013518, 156.91393221338245], [751.5636237051555, 170.59036430199797]], '저온', 0.010967536311061189), ([[51.86033307314598, 373.05919750220147], [182.77779206340742, 393.96067639809], [164.139666926854, 490.94080249779853], [33.22220793659258, 471.03932360191]], '~세', 0.7520952658271243), ([[658.8293886190702, 1210.0360956289367], [848.6734424487123, 1247.889768558951], [811.1706113809298, 1409.9639043710633], [621.3265575512877, 1372.110231441049]], '외무', 0.02859967489412077), ([[1195.172753615759, 1352.0929854344372], [1397.4621539190307, 1332.0513426754164], [1403.827246384241, 1485.9070145655628], [1201.5378460809693, 1505.9486573245836]], '팬:', 0.23816556193027297)]
[([[19, 34], [1465, 34], [1465, 175], [19, 175]], '{매반새챔피언나올- 때마다 남자애들은', 0.16863396806521444), ([[273, 177], [1757, 177], [1757, 287], [273, 287]], '추가 면접이합시고 따로 불러내신다면서오', 0.29121703175832286), ([[133, 877], [177, 877], [177, 927], [133, 927]], '9', 0.10135455110888476), ([[1977, 1030], [2223, 1030], [2223, 1387], [1977, 1387]], '사', 0.8516532462099349), ([[970.1451377906184, 264.00652528550336], [1379.5855524399806, 453.1532031626274], [1110.8548622093817, 1030.9934747144966], [701.4144475600195, 841.8467968373726]], '', 0.0), ([[657.0317226762907, 1026.0151256413005], [912.5429057481757, 1182.6961421155863], [772.9682773237093, 1407.9848743586995], [517.4570942518243, 1251.3038578844137]], '0', 0.1582273882095544)]
[([[118, 94], [315, 94], [315, 401], [118, 401]], '체', 0.5975363748739824), ([[125, 403], [286, 403], [286, 696], [125, 696]], '썩', 0.8014430408731101), ([[1114, 36], [1290, 36], [1290, 776], [1114, 776]], '#', 0.6033382913119709), ([[128, 672], [298, 672], [298, 978], [128, 978]], '꼴', 0.08162535469642762), ([[1128, 862], [1308, 862], [1308, 1032], [1128, 1032]], '떼', 0.06100884977326104), ([[1121, 1035], [1267, 1035], [1267, 1173], [1121, 1173]], '?@', 0.14278851481115964), ([[115, 963], [324, 963], [324, 1568], [115, 1568]], "'", 0.13085398989345354), ([[1101, 1276], [1246, 1276], [1246, 1405], [1101, 1405]], '들색', 0.29220445188159383), ([[2107, 996], [2379, 996], [2379, 1440], [2107, 1440]], '등', 0.6263442685256138), ([[665.8470063369639, 1068.0221647610606], [977.9161425783777, 1135.751555989459], [914.1529936630361, 1387.9778352389394], [603.0838574216223, 1320.248444010541]], '()', 0.045764723493606024)]
[([[2247, 6], [2369, 6], [2369, 243], [2247, 243]], '꿀', 0.19106325613107433), ([[2070, 263], [2384, 263], [2384, 752], [2070, 752]], '뿐', 0.1236793748319096), ([[280, 620], [510, 620], [510, 842], [280, 842]], '7', 0.31932920128339504), ([[2068, 687], [2384, 687], [2384, 1366], [2068, 1366]], '7', 0.025398945773078774), ([[2094, 1216], [2250, 1216], [2250, 1366], [2094, 1366]], '히', 0.9326452767269622), ([[2078, 1328], [2372, 1328], [2372, 1651], [2078, 1651]], '앞출', 0.19826594329871702), ([[610.0910865707748, 170.00898048120507], [947.765560274071, 313.8764142899675], [752.9089134292252, 767.9910195187949], [414.23443972592895, 624.1235857100326]], '몹', 0.01847349785311181), ([[1616.6630705852556, 977.1811709583136], [1962.1403403322358, 1224.340202628295], [1567.3369294147444, 1773.8188290416865], [1221.8596596677642, 1526.659797371705]], '유', 0.3461253515814775)]
[([[1795, 75], [1939, 75], [1939, 213], [1795, 213]], '올', 0.020410970862272393), ([[313, 133], [605, 133], [605, 413], [313, 413]], '듯', 0.2021154091666597), ([[1027, 207], [1165, 207], [1165, 341], [1027, 341]], '엷', 0.05590814521700427), ([[325, 407], [777, 407], [777, 905], [325, 905]], '객', 0.6294119479896523), ([[2036, 448], [2417, 448], [2417, 1311], [2036, 1311]], '쓸', 0.0328511271267653), ([[1343, 1243], [1915, 1243], [1915, 1611], [1343, 1611]], '맛김', 0.009530580859552086), ([[743.0921815340852, 741.7874771738911], [1091.9237185884494, 1037.8636429251212], [563.9078184659148, 1640.2125228261089], [215.07628141155055, 1344.1363570748788]], '', 0.0)]
[([[74, 23], [1592, 23], [1592, 192], [74, 192]], '마치 저만 예상한 년이라논 듯말하는데! ', 0.2662494356432562), ([[0, 164], [1303, 164], [1303, 296], [0, 296]], '사동님말할테지가 아닐템데요?_', 0.1787657279751619), ([[1135, 307], [1275, 307], [1275, 525], [1135, 525]], '@', 0.5766034636508266), ([[2183, 345], [2365, 345], [2365, 549], [2183, 549]], '양', 0.24513102513467633), ([[856, 484], [1074, 484], [1074, 628], [856, 628]], "@들'", 0.11725449977175186), ([[2045, 817], [2105, 817], [2105, 945], [2045, 945]], '빚', 0.02816413478662927), ([[2231, 555], [2411, 555], [2411, 1163], [2231, 1163]], '퍽', 0.3663356446583208), ([[1092, 1154], [1164, 1154], [1164, 1264], [1092, 1264]], '짝', 0.9779298231365807), ([[2226, 1154], [2402, 1154], [2402, 1486], [2226, 1486]], '보', 0.6443856346925294), ([[1484, 1502], [1604, 1502], [1604, 1694], [1484, 1694]], '들', 0.5869461814885568), ([[1640.8977778369124, 19.03377874167196], [1910.095198951705, 68.36491590110464], [1875.1022221630876, 217.96622125832803], [1605.904801048295, 168.63508409889536]], '외려', 0.16727634416503745), ([[2071.960492276429, 946.0602335772887], [2132.645812899387, 920.0232006985237], [2184.039507723571, 1049.9397664227113], [2122.354187100613, 1076.9767993014764]], '승', 0.3962831969946734), ([[1276.1763617125873, 993.0339767223076], [1352.9318995718002, 978.4394579180426], [1377.8236382874127, 1133.9660232776926], [1301.0681004281998, 1147.5605420819575]], '절', 0.3045018698287585), ([[1337.2525906813164, 1145.0310881757962], [1472.9969656101632, 1211.7663125815543], [1435.7474093186836, 1282.9689118242038], [1301.0030343898368, 1216.2336874184457]], '7;', 0.0042355994604631325)]
[([[1236, 42], [1338, 42], [1338, 178], [1236, 178]], '대', 0.027644286716956623), ([[504, 166], [590, 166], [590, 240], [504, 240]], ')', 0.2519364756962119), ([[616, 1410], [718, 1410], [718, 1490], [616, 1490]], '{', 0.06592034188503604), ([[13.083686781068343, 13.01272411846029], [256.30521570652047, -18.61995536273693], [302.91631321893163, 438.9872758815397], [59.69478429347955, 470.61995536273696]], '품', 0.20673167627887867), ([[1398.2056769827104, 307.19506673229165], [1901.1960057611975, 168.8701457685025], [1956.7943230172896, 477.80493326770835], [1452.8039942388025, 616.1298542314975]], '시>', 0.007601530628224882)]
[([[33, 82], [1116, 82], [1116, 226], [33, 226]], '[폐피란 친구와 떨어트러 농으레고', 0.12457721386702852), ([[49, 208], [1072, 208], [1072, 309], [49, 309]], '스파이스 찾기눈 야만적이라듬 둥', 0.3170755285291904), ([[299, 961], [669, 961], [669, 1315], [299, 1315]], '로부', 0.09689873054877039), ([[1578, 1083], [2060, 1083], [2060, 1467], [1578, 1467]], '스봇', 0.16147417480714865), ([[705, 1327], [957, 1327], [957, 1663], [705, 1663]], '곁', 0.08633253548087882), ([[1405, 1467], [2447, 1467], [2447, 1575], [1405, 1575]], '스타단 애물음 질이안 좋다편저', 0.22490839379214825), ([[1333, 1579], [2431, 1579], [2431, 1689], [1333, 1689]], '"모랜"과에울렉지 못하게막능 둥', 0.10678637051385242), ([[2080.6696197895244, 282.0442968428678], [2188.5897139836266, 188.00869595505299], [2407.3303802104756, 471.9557031571322], [2299.4102860163734, 566.991304044947]], '오', 0.2090905348396177), ([[844.1874114593315, 307.0300547009762], [962.9938939767707, 387.63353686744097], [909.8125885406685, 463.9699452990238], [791.0061060232293, 383.36646313255903]], '@동', 0.03926638722680277), ([[36.14703164384993, 393.0554284522938], [415.8934962242265, 354.24902943693974], [423.8529683561501, 621.9445715477061], [45.1065037757735, 660.7509705630603]], '더데', 0.018375085481067373), ([[2011.7506415586704, 661.0200166305182], [2260.8495063847417, 544.1042378482782], [2464.2493584413296, 1050.9799833694817], [2215.1504936152583, 1167.8957621517218]], '꽃', 0.2324154483655514), ([[826.0863768078794, 640.0464927172186], [889.7928241397885, 615.0349885731601], [938.9136231921206, 755.9535072827814], [875.2071758602115, 779.9650114268399]], '오', 0.33804506285193625), ([[42.17980554350406, 1358.0301274138228], [607.3505766984301, 1296.5743300188408], [625.820194456496, 1769.9698725861772], [60.649423301569875, 1830.4256699811592]], '쭉', 0.27692507803809363)]
[([[1841, 29], [2145, 29], [2145, 797], [1841, 797]], '{', 0.5787895287783194), ([[2020, 482], [2122, 482], [2122, 580], [2020, 580]], '아', 0.9984700575604997), ([[1999, 577], [2126, 577], [2126, 792], [1999, 792]], '핵', 0.07356445851936488), ([[1795, 724], [2480, 724], [2480, 1264], [1795, 1264]], '퀴@', 0.014161437480279399), ([[224, 1174], [368, 1174], [368, 1288], [224, 1288]], '', 0.0), ([[837, 1155], [997, 1155], [997, 1293], [837, 1293]], '0', 0.6990271996114963), ([[1682, 1218], [2020, 1218], [2020, 1772], [1682, 1772]], '밭', 0.14460906137252127), ([[2288.305004411579, 145.01510146631904], [2408.586911448935, 128.67158705672284], [2440.694995588421, 406.98489853368096], [2320.413088551065, 423.32841294327716]], '통', 0.7625060320656871), ([[2122.354954827749, 1069.006119422376], [2368.157414026544, 1046.5527051929846], [2413.645045172251, 1663.993880577624], [2167.842585973456, 1686.4472948070154]], '등', 0.2295282610603886), ([[526.9542037258345, 1257.0109380948898], [978.4161051289575, 1442.134535165976], [809.0457962741655, 1834.9890619051102], [357.58389487104245, 1649.865464834024]], '', 0.0)]
[([[916, 197], [1155, 197], [1155, 358], [916, 358]], '감약', 0.11204065216346079), ([[2341, 357], [2479, 357], [2479, 543], [2341, 543]], '여', 0.006092633319102703), ([[1915, 555], [1957, 555], [1957, 593], [1915, 593]], '9', 0.9855278067703352), ([[2105, 993], [2315, 993], [2315, 1289], [2105, 1289]], '?', 0.1012643979921144), ([[1793.1982659834123, 122.05380604364052], [1835.6987686862947, 157.12275855039704], [1782.8017340165877, 222.94619395635948], [1739.3012313137053, 188.87724144960296]], '시', 0.4443065962141759), ([[1903.3254824462804, 588.0638200462732], [2052.3780787640444, 523.4400272185742], [2138.6745175537194, 762.9361799537268], [1990.6219212359556, 827.5599727814258]], '올', 0.03486170917905285)]
[([[362, 46], [652, 46], [652, 414], [362, 414]], '적', 0.9328061128055651), ([[873, 1071], [1105, 1071], [1105, 1307], [873, 1307]], '댐', 0.16427670743814815), ([[931, 1291], [1187, 1291], [1187, 1585], [931, 1585]], '떡', 0.12312662303282096), ([[2143, 1287], [2471, 1287], [2471, 1723], [2143, 1723]], '척', 0.8806900408432092), ([[128, 1620], [184, 1620], [184, 1678], [128, 1678]], '8', 0.8984365504870908), ([[0, 1617], [111, 1617], [111, 1731], [0, 1731]], '수', 0.005777152559073573), ([[1698.076923076923, 407.38461538461536], [1726.652272562857, 381.0427285222873], [1777.923076923077, 440.61538461538464], [1749.347727437143, 466.9572714777127]], '?', 0.9163393143603891), ([[105.35181931204107, 1175.1032871941256], [489.6597965004178, 1082.6517530673293], [533.648180687959, 1370.8967128058744], [149.3402034995822, 1463.3482469326707]], '쥐', 0.3140585251040626), ([[506.15412417384584, 1189.0108427799871], [757.1565916404518, 1271.8795448919602], [631.8458758261542, 1644.9891572200129], [379.8434083595482, 1562.1204551080398]], '거', 0.9973904252075307)]
[([[264, 0], [442, 0], [442, 100], [264, 100]], '@꿈', 0.0654748061548937), ([[1646, 0], [1798, 0], [1798, 198], [1646, 198]], '올', 0.035849063934430214), ([[2285, 7], [2419, 7], [2419, 213], [2285, 213]], '확', 0.2982564160990684), ([[-8.969886381496357, 20.033636106452477], [89.87142483412673, -14.87435652887058], [156.96988638149637, 191.9663638935475], [57.12857516587327, 227.87435652887058]], '올', 0.9510158487483409), ([[2372.0063694429277, 44.41464971873383], [2404.6439429048864, 17.04163963237379], [2450.9936305570723, 76.58535028126617], [2419.3560570951136, 103.95836036762621]], '5', 0.37903747026780366), ([[1312.3093088240148, 1347.4660647072412], [1467.6640434869596, 1319.5738815646314], [1476.6906911759852, 1390.5339352927588], [1320.3359565130404, 1417.4261184353686]], "'", 0.7186290420136743)]
[([[39, 55], [147, 55], [147, 171], [39, 171]], '[', 0.6370365766612771), ([[126, 86], [439, 86], [439, 274], [126, 274]], '절대', 0.9999855015148964), ([[492, 98], [1222, 98], [1222, 274], [492, 274]], '양보 못해]', 0.1296957542111165), ([[1634, 388], [1820, 388], [1820, 556], [1634, 556]], '@', 0.15187482033369193), ([[2144, 436], [2336, 436], [2336, 722], [2144, 722]], '@', 0.5758166532751297), ([[1941, 1086], [2244, 1086], [2244, 1343], [1941, 1343]], '@', 0.05004333752944845), ([[144, 1458], [318, 1458], [318, 1640], [144, 1640]], '$', 0.06212834550225055), ([[489, 1300], [2230, 1300], [2230, 1716], [489, 1716]], '얇 [저돌히다 불:$', 0.001725989854131799)]
[([[138, 260], [386, 260], [386, 526], [138, 526]], '=', 0.004052035405216481), ([[1905, 1087], [2255, 1087], [2255, 1653], [1905, 1653]], '군', 0.12412483633440363)]
[([[102, 473], [515, 473], [515, 816], [102, 816]], '애', 0.07999323030694061), ([[626, 744], [798, 744], [798, 960], [626, 960]], '>', 0.02959381398611094), ([[2390, 932], [2440, 932], [2440, 994], [2390, 994]], "'", 0.40491474188030807), ([[291.0437158345812, 106.08251343900304], [1061.6374286998403, -52.023512291728515], [1111.9562841654188, 390.91748656099696], [341.36257130015974, 551.0235122917285]], '{지락', 0.07411541131216665), ([[1625.8600472001935, 170.04066080270823], [1771.6880012642916, 201.71515712950765], [1738.1399527998065, 341.95933919729174], [1592.3119987357084, 310.28484287049235]], '씨', 0.2996189594387175)]
[([[42, 1274], [128, 1274], [128, 1352], [42, 1352]], '9', 0.5557443420554229), ([[120, 1298], [158, 1298], [158, 1328], [120, 1328]], '6', 0.17859320426083514), ([[0, 1489], [17, 1489], [17, 1521], [0, 1521]], '3', 0.35158261796119916), ([[33, 1466], [123, 1466], [123, 1541], [33, 1541]], '9', 0.7314647986318192), ([[0, 1592], [102, 1592], [102, 1688], [0, 1688]], '<', 0.3779035994057587), ([[131, 1568], [404, 1568], [404, 1714], [131, 1714]], '3소', 0.10106038164187786), ([[1334.2684437753417, 11.007433746811493], [1606.949587390589, 56.4655363922344], [1516.7315562246583, 574.9925662531886], [1243.050412609411, 529.5344636077656]], '두', 0.11092270791210979), ([[1931.2411829100308, -101.99535625048034], [2557.8746616951835, 438.2409369634746], [2213.758817089969, 838.9953562504803], [1587.1253383048168, 297.7590630365254]], '70', 0.1349814991650296), ([[66.3500052999841, 1700.7600084799747], [139.283903724021, 1678.2295920205684], [151.6499947000159, 1725.2399915200253], [78.71609627597898, 1747.7704079794316]], '9', 0.7031636505307445)]
[([[560, 50], [780, 50], [780, 310], [560, 310]], '뉴', 0.04101026359484283), ([[2111, 1215], [2173, 1215], [2173, 1337], [2111, 1337]], '1', 0.9785255941551583), ([[195.15766582806208, 545.8103660796435], [378.98014905542743, 404.5456437325466], [495.8423341719379, 565.1896339203565], [312.01985094457257, 706.4543562674535]], "'", 0.4848104901939223)]
[([[1315, 85], [1451, 85], [1451, 229], [1315, 229]], '씨', 0.0449750387652339), ([[70, 672], [360, 672], [360, 1158], [70, 1158]], '@', 0.01903762897474426), ([[2145, 725], [2425, 725], [2425, 1111], [2145, 1111]], '왜', 0.045127404022978546), ([[85.85882804995362, 51.04246685883115], [680.8649203964761, -49.49997147230798], [722.1411719500463, 410.9575331411688], [128.1350796035239, 512.499971472308]], '@딱', 0.054455084993263715), ([[1840.908496531179, 91.01567928503192], [2078.623889623953, -38.994878098727], [2345.091503468821, 514.984320714968], [2108.376110376047, 645.994878098727]], '유', 0.08824114543088868)]
[([[1619, 137], [2101, 137], [2101, 439], [1619, 439]], '실기', 0.00336682823869681), ([[18, 642], [160, 642], [160, 766], [18, 766]], '하다', 0.013300964165095134), ([[2007, 777], [2357, 777], [2357, 1101], [2007, 1101]], '왜', 0.09503717769166897), ([[2046, 1028], [2411, 1028], [2411, 1425], [2046, 1425]], '대', 0.19890074998426233), ([[166.1189672834502, 46.00616076668791], [612.1397019092523, -57.15381775571322], [797.8810327165498, 886.9938392333121], [352.8602980907478, 990.1538177557132]], '#', 0.043143814639670985), ([[929.5017271208776, 187.02072545053073], [974.2922570752332, 206.807562856749], [924.4982728791224, 318.97927454946927], [879.7077429247668, 299.192437143251]], '$', 0.3705525252485167), ([[27.309464878054214, 1184.0317657562423], [278.67968076665073, 986.0051332477199], [648.6905351219458, 1539.9682342437577], [398.32031923334927, 1737.9948667522801]], '찢', 0.005574028186832669)]
[([[875, 17], [1009, 17], [1009, 223], [875, 223]], '올', 0.9843345552759644), ([[2144, 10], [2288, 10], [2288, 186], [2144, 186]], '월', 0.99112212993521), ([[732, 598], [840, 598], [840, 678], [732, 678]], '[', 0.2656644325016124), ([[2254, 503], [2431, 503], [2431, 697], [2254, 697]], '월', 0.7314640849498097), ([[686, 800], [974, 800], [974, 1016], [686, 1016]], '꽃부', 0.1862499959815909), ([[1110, 1413], [1266, 1413], [1266, 1767], [1110, 1767]], '푹', 0.11412031431494629), ([[870.2945193768446, 378.01915653394], [964.8063952979152, 366.56974035524564], [988.7054806231554, 587.98084346606], [893.1936047020848, 600.4302596447544]], '올', 0.9375998973205846), ([[143.07888423166517, 1021.0103483090998], [431.8729560322306, 944.971626922268], [568.9211157683349, 1547.9896516909002], [281.1270439677694, 1625.028373077732]], '꽃', 0.5241853744201173), ([[1738.0489053024767, 1034.0105196719437], [2056.2372509571087, 1004.0589846366656], [2094.9510946975233, 1571.9894803280563], [1775.7627490428913, 1602.9410153633344]], '꽃', 0.4912732015732537)]
[([[1210, 916], [1522, 916], [1522, 1264], [1210, 1264]], '0', 0.9278881907532401), ([[971, 1187], [1229, 1187], [1229, 1507], [971, 1507]], '%', 0.18620466218557397), ([[1550.7978416910607, 761.0225889822167], [1863.4781835071599, 815.6003222242982], [1806.2021583089393, 1090.9774110177832], [1493.5218164928401, 1036.3996777757018]], '%', 0.6104670519619049), ([[842.8082821045064, 887.0357359985621], [956.4515465193234, 816.1779968303317], [991.1917178954936, 883.9642640014379], [877.5484534806766, 954.8220031696683]], "'", 0.579984108699648)]
[([[402, 22], [918, 22], [918, 421], [402, 421]], '계_', 0.3535096891083277), ([[1665.8309910877117, 1303.8802884140252], [2285.672480998509, 1048.9835098668445], [2393.1690089122885, 1351.1197115859748], [1774.327519001491, 1607.0164901331555]], '2@', 0.015905257242249213)]
[([[180, 32], [350, 32], [350, 230], [180, 230]], '핵', 0.05858029277235133), ([[1072, 22], [1208, 22], [1208, 118], [1072, 118]], '와', 0.17533203477393045), ([[1576, 44], [1744, 44], [1744, 172], [1576, 172]], '@?', 0.9799779330101749), ([[1975, 593], [2093, 593], [2093, 703], [1975, 703]], '과', 0.056440093823994175), ([[871, 953], [959, 953], [959, 1059], [871, 1059]], '꽃로', 0.002323235963142558), ([[68, 972], [288, 972], [288, 1166], [68, 1166]], '왜', 0.02049772545121531), ([[1099, 1201], [1311, 1201], [1311, 1455], [1099, 1455]], '{8', 0.05076564415583322), ([[2107.757755348759, 0.030882510059278445], [2368.459480504014, 36.174607355022786], [2331.242244651241, 250.96911748994071], [2069.540519495986, 214.82539264497723]], "'@뼈", 0.09465638938920819), ([[371.144640442432, 427.2942741236735], [503.2900110241676, 383.0477726231671], [534.855359557568, 502.7057258763265], [402.7099889758324, 547.952227376833]], '다', 0.13398095542203592), ([[1365.2947914216231, 963.031143064342], [1427.547664196261, 948.1511315761053], [1458.7052085783769, 1091.9688569356579], [1396.452335803739, 1105.8488684238948]], '흙', 0.07190231370756894), ([[939.2465188815032, 998.047499163875], [983.1881188118812, 988.1188118811881], [1004.7534811184968, 1088.952500836125], [960.8118811881188, 1098.881188118812]], '틈', 0.15028891497268493), ([[2088.2854321907525, 1232.0525447092675], [2344.5966106317915, 1204.0675832018962], [2356.7145678092475, 1450.9474552907325], [2100.4033893682085, 1478.9324167981038]], '얇', 0.02876873784524414)]
[]
[([[1030, 202], [1096, 202], [1096, 256], [1030, 256]], '1 ', 0.10092202699236764), ([[2131, 13], [2320, 13], [2320, 278], [2131, 278]], '대', 0.48413822951273744), ([[1078, 236], [1126, 236], [1126, 292], [1078, 292]], ')', 0.4192388550893753), ([[2169, 329], [2403, 329], [2403, 603], [2169, 603]], '량', 0.07258162726101602), ([[2203, 615], [2480, 615], [2480, 925], [2203, 925]], '(', 0.8669343547840214), ([[125, 1327], [1504, 1327], [1504, 1477], [125, 1477]], '네모양의 정면 대름 한 방에', 0.28886141533478027), ([[168, 1478], [1774, 1478], [1774, 1654], [168, 1654]], '계사싸가 매없이 쓰러적어:', 0.12920767770123368), ([[303.1780050634732, 601.0680303808393], [417.9408695167959, 626.233313350842], [405.8219949365268, 670.9319696191607], [292.0591304832041, 645.766686649158]], "'", 0.623603451972091)]
[]
[]
[([[684.940590517419, 1069.018711642956], [1040.2092274709657, 1162.7902259823582], [966.059409482581, 1411.981288357044], [610.7907725290343, 1318.2097740176418]], '4.5', 0.0032329188480977908)]
[]
[([[1034, 202], [1098, 202], [1098, 258], [1034, 258]], '1 ', 0.6948277813984971), ([[1077, 233], [1141, 233], [1141, 293], [1077, 293]], '>', 0.27237606184650076), ([[305.08955369908847, 604.0835899750776], [414.9423721055921, 627.2430601279724], [404.91044630091153, 667.9164100249224], [294.0576278944079, 645.7569398720276]], "'", 0.623603451972091)]
[([[1504, 676], [1608, 676], [1608, 794], [1504, 794]], '다', 0.035218873916108784)]
[]
[([[346, 0], [400, 0], [400, 28], [346, 28]], '', 0.0), ([[757, 657], [825, 657], [825, 731], [757, 731]], '[', 0.7833221518362485), ([[644, 1248], [794, 1248], [794, 1404], [644, 1404]], '({', 0.5454484327980019)]
[([[2039.0593947347957, 35.074186829213225], [2131.8763900861404, 60.78837317811537], [2115.9406052652043, 109.92581317078678], [2023.1236099138596, 83.21162682188464]], '~', 0.31167328747097045), ([[700.7585911670965, 177.26890056761218], [721.6243229333945, 165.0656822130455], [745.2414088329035, 204.73109943238782], [724.3756770666055, 217.9343177869545]], "'", 0.5513686639806679), ([[493.9699482330199, 638.3008291689657], [659.4053397070119, 625.1765936817777], [661.0300517669801, 684.6991708310343], [494.5946602929882, 697.8234063182223]], '~_ 시', 0.1610296368598938)]
[([[2108.7320246740524, 739.4516320762677], [2181.213594362118, 684.3592169136464], [2217.2679753259476, 737.5483679237323], [2144.786405637882, 793.6407830863536]], '(58', 0.24007521497219964), ([[203.95136234400402, 1072.0789914704267], [338.70339520571065, 1089.9839412915155], [327.04863765599595, 1151.9210085295733], [192.29660479428938, 1134.0160587084845]], "'끈", 0.05223087040211859)]
[([[1192, 74], [1500, 74], [1500, 198], [1192, 198]], '정말~', 0.976457084935614), ([[1191, 199], [2415, 199], [2415, 331], [1191, 331]], '명장면이끝도없이나오|아', 0.5203910448511965), ([[1486.5643139003362, 672.0688645634958], [1600.8666243942178, 657.2283039246818], [1614.4356860996638, 805.9311354365042], [1500.1333756057822, 820.7716960753182]], '1', 0.141530715736792)]
[]
[]
[([[2121, 0], [2215, 0], [2215, 65], [2121, 65]], '또', 0.15687213230152341), ([[2273, 111], [2373, 111], [2373, 175], [2273, 175]], '+', 0.9945234146931057), ([[2398, 92], [2476, 92], [2476, 166], [2398, 166]], '또', 0.18308358044691886), ([[1135, 1535], [1415, 1535], [1415, 1764], [1135, 1764]], '야', 0.02438677306546655)]
[([[2123, 1], [2209, 1], [2209, 65], [2123, 65]], '군', 0.27516016547815525), ([[2277, 113], [2369, 113], [2369, 175], [2277, 175]], '+', 0.9810313957372188), ([[2398, 92], [2478, 92], [2478, 166], [2398, 166]], '5', 0.1606096246159474), ([[1137, 1538], [1414, 1538], [1414, 1763], [1137, 1763]], '야', 0.12071024918037665)]
[([[2123, 1], [2211, 1], [2211, 65], [2123, 65]], '군', 0.27516016547815525), ([[2273, 109], [2371, 109], [2371, 175], [2273, 175]], '+', 0.99511434803334), ([[2398, 92], [2478, 92], [2478, 166], [2398, 166]], '5', 0.16246547520226162), ([[1133, 1533], [1418, 1533], [1418, 1767], [1133, 1767]], '6-', 0.0016639409651718607)]
[([[2117, 0], [2217, 0], [2217, 67], [2117, 67]], '또', 0.15533175508289165), ([[2272, 106], [2372, 106], [2372, 178], [2272, 178]], '+', 0.928509312820144), ([[2398, 92], [2478, 92], [2478, 166], [2398, 166]], '단', 0.20924578126566562)]
[([[2119, 0], [2217, 0], [2217, 65], [2119, 65]], '또', 0.13228443377798627), ([[2269, 91], [2477, 91], [2477, 177], [2269, 177]], '+  또', 0.2028188556432724)]
[([[2119, 0], [2219, 0], [2219, 65], [2119, 65]], '또', 0.28663526088508107), ([[2273, 109], [2371, 109], [2371, 175], [2273, 175]], '+', 0.9915795713686784), ([[2398, 92], [2476, 92], [2476, 166], [2398, 166]], '또', 0.08128132069947469)]
[([[336, 658], [510, 658], [510, 854], [336, 854]], '>', 0.10274215392854913)]
[]
[([[105, 41], [843, 41], [843, 149], [105, 149]], '오포라인뿐만아니라!', 0.18552069593975118), ([[131, 147], [1589, 147], [1589, 255], [131, 255]], '모야모야]%틀 시청하느 전제계 판통가기', 0.061756670783382275), ([[970, 1373], [2291, 1373], [2291, 1556], [970, 1556]], '마구마구 훌풍 그있어', 0.10457447663794697)]
[([[1289, 21], [1355, 21], [1355, 153], [1289, 153]], '약', 0.20784245815054536), ([[465, 345], [534, 345], [534, 511], [465, 511]], '%', 0.0747454951790738), ([[2112, 670], [2202, 670], [2202, 819], [2112, 819]], '덜', 0.1845513720077543), ([[1513, 1283], [1557, 1283], [1557, 1339], [1513, 1339]], '육', 0.056179335503102834), ([[201.18517828561733, 101.03696114179067], [315.993741219566, 161.66441264106098], [278.8148217143827, 228.96303885820933], [164.006258780434, 167.33558735893902]], '@댁?', 0.006851860206983729), ([[1699.31030298491, 168.03406014759128], [1750.4883179558506, 147.0170532313361], [1802.68969701509, 282.9659398524087], [1751.5116820441494, 303.9829467686639]], '영', 0.05940753496486573), ([[928.2111456180002, 584.1613008990009], [990.6880209161537, 539.0236967157701], [1065.7888543819997, 658.8386991009991], [1004.3119790838463, 703.9763032842299]], '%', 0.2957487754099617), ([[2026.8945142344194, 633.0556909207526], [2108.9384182728436, 616.7292229355256], [2131.1054857655804, 753.9443090792474], [2050.0615817271564, 770.2707770644744]], '널', 0.787899266149509), ([[1473.5872948861759, 760.0285231804668], [1498.3675797160079, 756.0226043003357], [1513.4127051138241, 837.9714768195332], [1488.6324202839921, 842.9773956996643]], '돈', 0.014762313454159737), ([[2043.1261395850493, 1284.0478702239475], [2102.4256285830347, 1266.1280508675911], [2136.8738604149507, 1390.9521297760525], [2076.5743714169653, 1408.8719491324089]], '용', 0.2578435101904688)]
[([[1691, 69], [1879, 69], [1879, 271], [1691, 271]], '재', 0.0026554599008371677), ([[588, 592], [620, 592], [620, 624], [588, 624]], '', 0.0)]
[([[935.7381670119361, 983.0346396172358], [1146.8808196410662, 1011.8655167714322], [1112.261832988064, 1210.9653603827642], [902.1191803589338, 1182.134483228568]], '0', 0.03885492402638935)]
[([[1873.6837947269396, 1066.2719378531463], [2060.6792120933233, 1045.0329810309292], [2064.3162052730604, 1127.7280621468537], [1877.3207879066765, 1149.9670189690708]], '끼목', 0.12843766873215928)]
[([[1812, 1134], [1888, 1134], [1888, 1182], [1812, 1182]], '그*', 0.04626749284987371), ([[253.5167371264174, 495.1387067700122], [300.62797753372064, 458.024685321748], [375.4832628735826, 563.8612932299877], [328.37202246627936, 600.9753146782521]], '8', 0.8156002929723947), ([[437.88582797093767, 670.2145699273442], [460.50972074952296, 654.043619652767], [493.11417202906233, 700.7854300726558], [470.49027925047704, 717.956380347233]], '{', 0.40013405740652175), ([[1482.230342157116, 1071.0747450012914], [1532.9861830329796, 1097.667818080585], [1515.769657842884, 1129.9252549987086], [1465.0138169670204, 1103.332181919415]], '3', 0.0018462119929002624)]
[]
[([[979, 0], [1079, 0], [1079, 34], [979, 34]], '~6', 0.19119360145357622), ([[1643, 159], [1803, 159], [1803, 247], [1643, 247]], '6:', 0.27149768835453814), ([[1892.4392624013421, 217.9271148816105], [1928.8677218312746, 184.0952517592642], [1951.5607375986579, 212.0728851183895], [1915.1322781687254, 245.9047482407358]], '1:', 0.3276531504860142)]
[([[0, 903], [35, 903], [35, 943], [0, 943]], "9 '", 0.21624057096161078)]
[([[1000, 446], [1056, 446], [1056, 496], [1000, 496]], '(', 0.04168418557294573), ([[2321, 649], [2359, 649], [2359, 697], [2321, 697]], '유', 0.2704770377662591)]
[([[1119.7189750755047, 286.50072024161466], [1181.7415524379155, 228.02502391884968], [1274.2810249244953, 339.49927975838534], [1212.2584475620845, 397.9749760811503]], '9', 0.237285519393712)]
