2451720
51
[([[670, 118], [852, 118], [852, 148], [670, 148]], '소름 시 작해 보자고~', 0.3941276147812452)]
[]
[]
[]
[]
[]
[]
[]
[([[576, 454], [628, 454], [628, 526], [576, 526]], '0', 0.843742122626967)]
[]
[]
[([[720, 138], [866, 138], [866, 168], [720, 168]], '소는 맘에 들어?', 0.9137422370632587), ([[678, 164], [908, 164], [908, 196], [678, 196]], '자 , 이제부터가   진짜니까', 0.5382077869857312), ([[708, 192], [878, 192], [878, 224], [708, 224]], '슬슬 시 작해 보자고', 0.8929854011041937)]
[]
[]
[]
[]
[]
[]
[]
[]
[]
[]
[([[740, 190], [894, 190], [894, 222], [740, 222]], '하양_ 엄청 근데,', 0.5401550655018506), ([[716, 218], [922, 218], [922, 250], [716, 250]], '나도 이제 움직여 불게', 0.5395253994067655)]
[]
[]
[]
[]
[]
[]
[]
[]
[]
[]
[([[601, 337], [641, 337], [641, 355], [601, 355]], '아~0', 0.6651628020592286), ([[592, 358], [636, 358], [636, 382], [592, 382]], '하~0', 0.6821885178586629), ([[486, 924], [534, 924], [534, 948], [486, 948]], '질로:', 0.19213384010492057), ([[458, 978], [504, 978], [504, 1002], [458, 1002]], '질켜!', 0.46617014048805255)]
[]
[]
[]
[]
[]
[]
[]
[]
[]
[]
[([[742, 187], [855, 187], [855, 217], [742, 217]], '하양~ 하악,', 0.8556970685678514), ([[736, 218], [866, 218], [866, 244], [736, 244]], '곧  갈것 같에!', 0.5313537861408256), ([[470, 902], [534, 902], [534, 934], [470, 934]], '질객:', 0.18617106710762166), ([[474, 996], [520, 996], [520, 1022], [474, 1022]], '질펴!', 0.3840403574580196), ([[358.272393124891, 895.089572499564], [423.9466357453427, 910.4366725780962], [416.727606875109, 940.910427500436], [350.0533642546573, 924.5633274219038]], "'신다", 0.03633408308298365), ([[374.51341170750567, 952.6620705367551], [414.6565668262559, 945.8793812645915], [417.48658829249433, 964.3379294632449], [377.3434331737441, 971.1206187354085]], '실펴? ', 0.10077009350061417), ([[416.2365201021611, 973.0987763882121], [465.99149236145985, 992.774226991588], [455.7634798978389, 1016.9012236117879], [407.00850763854015, 997.225773008412]], '질계!', 0.55412350327668)]
[]
[]
[([[575, 283], [621, 283], [621, 301], [575, 301]], '하아양-', 0.6527099013328552), ([[605, 309], [637, 309], [637, 325], [605, 325]], '잇0', 0.2352226543673982), ([[488, 928], [564, 928], [564, 952], [488, 952]], '부르르듯 0', 0.6317692709915239)]
[([[575, 275], [643, 275], [643, 293], [575, 293]], '어머나-9', 0.9048330568726588), ([[597, 309], [635, 309], [635, 325], [597, 325]], '아~0', 0.5199392434154205), ([[489, 911], [507, 911], [507, 935], [489, 935]], '조', 0.16080161589347686)]
[([[710, 145], [836, 145], [836, 175], [710, 175]], '하악, 하아양', 0.5544360277993456), ([[702, 172], [874, 172], [874, 204], [702, 204]], '소는 맘에 들어으면', 0.594412540175053), ([[756, 202], [820, 202], [820, 232], [756, 232]], '중계네', 0.24873566725328572)]
[]
