2451770
24
[([[863, 1669], [1377, 1669], [1377, 1827], [863, 1827]], '@예소밟터}', 0.01707883974662486), ([[980, 1862], [1370, 1862], [1370, 2036], [980, 2036]], '손평행', 0.24977155456135103), ([[1024, 2084], [1458, 2084], [1458, 2162], [1024, 2162]], "+*' 59 5-9007", 0.04622480594278749)]
[([[1035, 1201], [1351, 1201], [1351, 1453], [1035, 1453]], "다'", 0.12637333798303063), ([[638, 1660], [724, 1660], [724, 1736], [638, 1736]], '[* `', 0.009935915470123291), ([[763, 1745], [807, 1745], [807, 1803], [763, 1803]], '손', 0.008519108046272983)]
[([[683, 1481], [923, 1481], [923, 1613], [683, 1613]], '미', 0.8317792261572698)]
[]
[([[799, 75], [873, 75], [873, 135], [799, 135]], '!??', 0.6144926178097223), ([[136, 404], [464, 404], [464, 628], [136, 628]], "'", 0.45337643142376294), ([[1297, 1961], [1403, 1961], [1403, 1999], [1297, 1999]], '가스', 0.00966975661278303)]
[([[1321, 993], [1367, 993], [1367, 1035], [1321, 1035]], '{', 0.020632902404866593), ([[444, 2070], [516, 2070], [516, 2156], [444, 2156]], '9', 0.010455453031819106), ([[1256.3204595160191, 1323.0779759188824], [1325.9929876955202, 1344.7950008427727], [1316.6795404839809, 1371.9220240811176], [1247.0070123044798, 1350.2049991572273]], '스중', 0.003362848690502434), ([[1434.3630702447015, 1401.0510355171493], [1479.9199492783282, 1441.2037603028396], [1453.6369297552985, 1470.9489644828507], [1408.0800507216718, 1429.7962396971604]], '소', 0.42234348946982664)]
[([[67, 1209], [81, 1209], [81, 1237], [67, 1237]], '0', 0.9842242107133679), ([[146, 1293], [172, 1293], [172, 1380], [146, 1380]], '1', 0.6015953278338806), ([[143, 1407], [159, 1407], [159, 1459], [143, 1459]], '0', 0.08564111778270345), ([[141, 1495], [157, 1495], [157, 1599], [141, 1599]], '1', 0.17284288080975685), ([[79.61517107855798, 1152.0373725006457], [94.84788021209727, 1154.188619546883], [86.38482892144202, 1206.9626274993543], [71.15211978790273, 1204.811380453117]], '{', 0.726699682049059)]
[]
[]
[([[245, 1270], [296, 1270], [296, 1404], [245, 1404]], '5', 0.830013553819299), ([[147.69588563149213, 2262.023256604699], [162.2868581446378, 2260.020678801999], [171.30411436850787, 2330.976743395301], [157.7131418553622, 2332.979321198001]], '(', 0.5713960220833911)]
[]
[([[330, 66], [526, 66], [526, 144], [330, 144]], '이 누나', 0.9736948013305664), ([[1030, 540], [1244, 540], [1244, 624], [1030, 624]], '남자아이', 0.9997548460960388)]
[([[685, 965], [699, 965], [699, 1033], [685, 1033]], '', 0.0), ([[685, 1055], [697, 1055], [697, 1077], [685, 1077]], '', 0.0)]
[([[112, 1202], [130, 1202], [130, 1295], [112, 1295]], '', 0.0), ([[91, 1289], [128, 1289], [128, 1397], [91, 1397]], '1', 0.7878574699509535), ([[100.77161865475101, 1400.0130822963338], [116.55555406712608, 1402.078708851189], [108.22838134524899, 1490.9869177036662], [91.44444593287392, 1488.921291148811]], '1', 0.1493942994332551)]
[]
[([[1359, 297], [1399, 297], [1399, 343], [1359, 343]], '12', 0.6968467023246625)]
[([[1394, 88], [1470, 88], [1470, 142], [1394, 142]], '며칠', 0.9997568213452458), ([[1411, 147], [1451, 147], [1451, 195], [1411, 195]], '뒤', 0.999979853731535), ([[16, 2282], [70, 2282], [70, 2346], [16, 2346]], '끝', 0.978659322689964), ([[921.0063694429277, 884.4146497187338], [976.3657610493808, 832.1901458695721], [1005.9936305570723, 870.5853502812662], [950.6342389506192, 922.8098541304279]], '=', 0.6716468275843823)]
[([[1303, 67], [1435, 67], [1435, 207], [1303, 207]], '0)', 0.3588835268996316)]
[([[627, 819], [745, 819], [745, 927], [627, 927]], '?1', 0.8868286946021329)]
[([[1223, 193], [1263, 193], [1263, 243], [1223, 243]], '%', 0.016612196197375084), ([[1008, 1628], [1154, 1628], [1154, 1684], [1008, 1684]], '%58#', 0.4448051154613495), ([[1005, 1685], [1157, 1685], [1157, 1745], [1005, 1745]], '!5#9!', 0.5012899171313184), ([[1180.1563883412064, 473.01873767714204], [1324.5527011065512, 506.68368321507467], [1270.8436116587936, 735.981262322858], [1125.4472988934488, 702.3163167849253]], '', 0.0)]
[([[802, 110], [876, 110], [876, 186], [802, 186]], ')', 0.4351478340892125), ([[975, 1559], [1047, 1559], [1047, 1619], [975, 1619]], '!??', 0.7923896937420215), ([[807.9815420665362, 185.07448605244602], [920.5663795488797, 203.5745805269904], [908.0184579334638, 266.92551394755395], [796.4336204511203, 249.4254194730096]], "'(", 0.00770644159933988)]
[([[800, 799], [1500, 799], [1500, 1035], [800, 1035]], '22022', 0.4096232127380844), ([[827, 1087], [919, 1087], [919, 1219], [827, 1219]], '7', 0.28851622199683075)]
[([[1061, 825], [1263, 825], [1263, 964], [1061, 964]], ' (', 0.8041931116837752)]
[([[948, 1300], [1164, 1300], [1164, 1472], [948, 1472]], '이', 0.016077696007332776), ([[963, 1961], [1157, 1961], [1157, 2145], [963, 2145]], '다', 0.010717826266631869)]
