2455608
15
[([[22, 32], [166, 32], [166, 62], [22, 62]], '5& 예7 0내', 0.0012259079118768583), ([[60, 44], [526, 44], [526, 244], [60, 244]], '장앙 자막', 0.018563750174526526), ([[28, 236], [539, 236], [539, 428], [28, 428]], '제작 뱀액', 0.16135440035063434), ([[27, 425], [538, 425], [538, 608], [27, 608]], '망가 뱀예', 0.19750138661673372), ([[11, 621], [565, 621], [565, 731], [11, 731]], '텔레그램8@88입틱', 0.005225318532424611), ([[167, 717], [407, 717], [407, 759], [167, 759]], '뜯하_초= [ 306', 0.003654069707040516), ([[500, 718], [548, 718], [548, 778], [500, 778]], '현', 0.15005246168362874)]
[([[469, 93], [487, 93], [487, 127], [469, 127]], '응', 0.995463996854383), ([[177, 291], [219, 291], [219, 327], [177, 327]], '으응', 0.5889466236637749), ([[402, 288], [430, 288], [430, 348], [402, 348]], '꽃', 0.7181427413609107), ([[254, 607], [283, 607], [283, 665], [254, 665]], '푹', 0.8703633758677007), ([[48, 702], [90, 702], [90, 726], [48, 726]], '호-0?', 0.4842079368571764), ([[480, 676], [508, 676], [508, 718], [480, 718]], '월', 0.009038281665539272), ([[236.53686935917918, 666.0359638987467], [260.6285872661926, 663.0665927577678], [269.46313064082085, 735.9640361012533], [244.37141273380738, 738.9334072422322]], '륙', 0.028500607877912865)]
[([[314, 454], [338, 454], [338, 498], [314, 498]], '물', 0.11158518123128047), ([[374, 476], [398, 476], [398, 514], [374, 514]], '올', 0.5750330920136548)]
[([[504, 86], [530, 86], [530, 130], [504, 130]], '종', 0.23978693256818762), ([[265, 341], [294, 341], [294, 442], [265, 442]], '통', 0.7707265229224483), ([[54, 696], [110, 696], [110, 726], [54, 726]], '공주년', 0.0754069291663514), ([[16.457124714834006, 608.0370104182882], [46.03989389379149, 606.1375369659173], [52.54287528516599, 688.9629895817118], [22.96010610620851, 691.8624630340827]], '#', 0.3814161690761466)]
[([[96, 122], [154, 122], [154, 170], [96, 170]], '아하', 0.2372405800832513), ([[370, 624], [408, 624], [408, 654], [370, 654]], '안달', 0.5126442089847261)]
[([[179, 31], [223, 31], [223, 125], [179, 125]], '#', 0.007438288763169043), ([[469, 147], [495, 147], [495, 167], [469, 167]], '안달', 0.1367945325752685), ([[51, 165], [101, 165], [101, 185], [51, 185]], '아무도""', 0.8664438509038764), ([[159, 127], [197, 127], [197, 221], [159, 221]], '%', 0.0751024372949951), ([[463, 165], [515, 165], [515, 185], [463, 185]], '엄청 기분', 0.9781879032389224), ([[50, 182], [104, 182], [104, 206], [50, 206]], '알려주지', 0.9997162818908691), ([[471, 185], [505, 185], [505, 203], [471, 203]], '좋아"', 0.4894374996488085), ([[48, 202], [108, 202], [108, 226], [48, 226]], '않은 거야', 0.922730138203178), ([[325, 221], [363, 221], [363, 241], [325, 241]], '가슴도', 0.9784211327555921), ([[167, 287], [203, 287], [203, 305], [167, 305]], '고간도', 0.9998863699390178), ([[470, 404], [522, 404], [522, 434], [470, 434]], '안즉도', 0.053937051693460386), ([[85, 439], [141, 439], [141, 459], [85, 459]], '같이 기분', 0.5847680109350785), ([[466, 428], [528, 428], [528, 458], [466, 458]], '올찾어?', 0.11610277742147446), ([[80, 456], [144, 456], [144, 480], [80, 480]], '중아지자""', 0.8352708752471211), ([[375, 569], [401, 569], [401, 585], [375, 585]], '안터', 0.3376674244658528), ([[369, 585], [409, 585], [409, 601], [369, 601]], '오지마"', 0.6267109513282776), ([[74, 650], [136, 650], [136, 680], [74, 680]], '안 돼애', 0.9789884138213112), ([[76, 676], [134, 676], [134, 708], [76, 708]], '애애애', 0.9739610709531781), ([[70, 702], [140, 702], [140, 734], [70, 734]], '애애애', 0.6614288488652285), ([[505.5214379667787, 219.0229548544986], [545.4203069258364, 224.62482978791124], [528.4785620332212, 332.9770451455014], [488.5796930741637, 327.37517021208873]], '중', 0.013607634511426936)]
[([[168, 124], [220, 124], [220, 150], [168, 150]], '""공주님', 0.7249295445216477), ([[474, 190], [520, 190], [520, 220], [474, 220]], '안텔', 0.6704212774579907), ([[210, 308], [252, 308], [252, 332], [210, 332]], '환술로', 0.7691972379696213), ([[445, 323], [477, 323], [477, 339], [445, 339]], '전디체', 0.8519526311596203), ([[149, 327], [177, 327], [177, 347], [149, 347]], '적은', 0.9993558883419755), ([[210, 326], [252, 326], [252, 352], [210, 352]], '환각올', 0.9611435600391616), ([[453, 335], [477, 335], [477, 353], [453, 353]], '적은', 0.9292887823485064), ([[136, 344], [190, 344], [190, 368], [136, 368]], '해치원어', 0.32684650057121484), ([[210, 346], [252, 346], [252, 370], [210, 370]], '보여준', 0.9941640933185234), ([[449, 351], [477, 351], [477, 367], [449, 367]], '어디"', 0.7236609025865408), ([[217, 367], [249, 367], [249, 387], [217, 387]], '거야', 0.9931724824067473), ([[387, 571], [435, 571], [435, 587], [387, 587]], '죄송합니다', 0.8846805705358243), ([[379, 581], [439, 581], [439, 601], [379, 601]], '제가 공주님올', 0.7598005491947772), ([[387, 599], [435, 599], [435, 615], [387, 615]], '지켜드려야', 0.8243087016732862), ([[52, 630], [94, 630], [94, 654], [52, 654]], '소중한', 0.9869524383587479), ([[391, 627], [431, 627], [431, 645], [391, 645]], '입장인데', 0.9903026223182678), ([[52, 648], [94, 648], [94, 672], [52, 672]], '가신흘', 0.283291011547815), ([[330, 640], [388, 640], [388, 664], [330, 664]], '무슨 소길', 0.883519962312186), ([[44, 668], [102, 668], [102, 692], [44, 692]], '지키논 건', 0.6795773949255454), ([[330, 660], [390, 660], [390, 684], [330, 684]], '하는 거야', 0.5686298062887558), ([[38, 688], [108, 688], [108, 712], [38, 712]], '왕족의 역할', 0.7111777204630907), ([[48, 706], [98, 706], [98, 730], [48, 730]], '이잡아?', 0.8932886123657227)]
[([[64, 32], [166, 32], [166, 62], [64, 62]], '4-7-붓}', 5.582135967891999e-05), ([[8, 316], [149, 316], [149, 767], [8, 767]], '{', 0.06757862608133625), ([[117, 710], [409, 710], [409, 773], [117, 773]], '0 책물경]=오굵쪽', 0.0023912266196722677), ([[401, 20], [562, 20], [562, 763], [401, 763]], "'", 0.4231410214984521), ([[493, 541], [554, 541], [554, 782], [493, 782]], '협', 0.05342884201198239), ([[20.80382166575665, 33.248789831240295], [64.32459506231562, 30.10361981758462], [66.19617833424336, 61.751210168759705], [21.67540493768437, 64.89638018241538]], '50&', 0.00518982132589504)]
[]
[([[296, 84], [332, 84], [332, 108], [296, 108]], '안델;', 0.11341417979799255), ([[303, 105], [333, 105], [333, 123], [303, 123]], '여긴', 0.7386181252412299), ([[294, 122], [344, 122], [344, 146], [294, 146]], '어디야?', 0.9996914267539978), ([[62, 180], [108, 180], [108, 206], [62, 206]], '투기장', 0.9989292894579674), ([[62, 202], [108, 202], [108, 226], [62, 226]], '이에요', 0.9580127672771076), ([[62, 224], [108, 224], [108, 250], [62, 250]], '공주님', 0.9812737985703108), ([[63, 342], [131, 342], [131, 373], [63, 373]], '도전자가', 0.9998100399971008), ([[237, 339], [289, 339], [289, 359], [237, 359]], '다가오는', 0.9828836917877197), ([[232, 356], [298, 356], [298, 380], [232, 380]], '신라대전에', 0.8907080696888567), ([[72, 370], [122, 370], [122, 398], [72, 398]], '이기면', 0.9988879313742663), ([[224, 376], [304, 376], [304, 400], [224, 400]], '대비해 각국의', 0.7023449501138862), ([[72, 392], [122, 392], [122, 422], [72, 422]], '상금되', 0.9738489391657232), ([[238, 396], [290, 396], [290, 420], [238, 420]], "'망자들이", 0.5097654336693671), ([[64, 418], [128, 418], [128, 442], [64, 442]], '나오기에', 0.9877738356590271), ([[236, 414], [290, 414], [290, 438], [236, 438]], '자랑스런', 0.970909059047699), ([[54, 440], [140, 440], [140, 470], [54, 470]], '인기있는 곳', 0.7651685414280566), ([[232, 434], [284, 434], [284, 458], [232, 458]], '비전사률', 0.07025626301765442), ([[228, 452], [300, 452], [300, 476], [228, 476]], '보내는 장소', 0.9063412440229345), ([[64, 466], [130, 466], [130, 494], [64, 494]], '이랍니다', 0.6632798910140991), ([[237, 543], [261, 543], [261, 559], [237, 559]], '그건', 0.9991651730316614), ([[224, 556], [274, 556], [274, 580], [224, 580]], '공주임이', 0.31002750992774963), ([[216, 572], [282, 572], [282, 596], [216, 596]], '[인기인이기', 0.8435208855724525), ([[218, 590], [278, 590], [278, 614], [218, 614]], "'때문입니다", 0.964098058049308), ([[42, 630], [94, 630], [94, 656], [42, 656]], '어머나', 0.9904553455784648), ([[304, 630], [362, 630], [362, 654], [304, 654]], '"왜 내가', 0.9181189203246974), ([[32, 654], [104, 654], [104, 684], [32, 684]], '또 귀여운', 0.9735202243499627), ([[304, 650], [358, 650], [358, 674], [304, 674]], '등록되어', 0.9998583197593689), ([[302, 668], [360, 668], [360, 692], [302, 692]], '있는 건데', 0.42227137217166266), ([[42, 680], [94, 680], [94, 704], [42, 704]], '아이가', 0.9998408082805464), ([[40, 702], [94, 702], [94, 732], [40, 732]], '상대네', 0.9625493399127768)]
[([[460, 140], [498, 140], [498, 164], [460, 164]], '접대는', 0.9145434480435785), ([[459, 159], [497, 159], [497, 179], [459, 179]], '편히서', 0.9580746292844802), ([[446, 176], [514, 176], [514, 200], [446, 200]], '중지만 원가', 0.4975579831234583), ([[446, 194], [512, 194], [512, 218], [446, 218]], '괴롭히는 것', 0.5804145000948363), ([[446, 212], [514, 212], [514, 236], [446, 236]], '같단 말이야', 0.7909374727141686), ([[70, 286], [106, 286], [106, 312], [70, 312]], '미투', 0.9917559498685801), ([[64, 310], [132, 310], [132, 340], [64, 340]], '동감이야', 0.6497769951820374), ([[313, 465], [369, 465], [369, 485], [313, 485]], '그리 섭건', 0.12453445228090931), ([[310, 482], [372, 482], [372, 506], [310, 506]], '안 월 거다', 0.5215910535968911), ([[398, 472], [452, 472], [452, 498], [398, 498]], '공주남은', 0.8738782405853271), ([[398, 492], [452, 492], [452, 516], [398, 516]], '물러나십', 0.9912047386169434), ([[411, 513], [439, 513], [439, 533], [411, 533]], '시오', 0.9998025898691962), ([[64, 612], [98, 612], [98, 636], [64, 636]], '좋아', 0.9945010719197079), ([[59, 633], [103, 633], [103, 653], [59, 653]], '그런 거', 0.9981077451521685), ([[64, 652], [98, 652], [98, 676], [64, 676]], '좋아', 0.9952338276267576)]
[([[485, 85], [519, 85], [519, 103], [485, 103]], '하지만', 0.9995462471713784), ([[108, 186], [152, 186], [152, 210], [108, 210]], '너로는', 0.9945513561148618), ([[100, 206], [158, 206], [158, 232], [100, 232]], '부족해"', 0.9992024302482605), ([[421, 199], [511, 199], [511, 295], [421, 295]], '2', 0.8628785813069193), ([[433, 337], [519, 337], [519, 357], [433, 357]], '이런 건 어떻까', 0.9706647399244167), ([[441, 357], [511, 357], [511, 377], [441, 377]], '네가 소중히', 0.857422209717893), ([[56, 368], [110, 368], [110, 394], [56, 394]], '년 정말', 0.9144042324948112), ([[430, 374], [522, 374], [522, 398], [430, 398]], '여기논 공주님올', 0.5827365472765147), ([[54, 390], [112, 390], [112, 416], [54, 416]], '변덕스럽', 0.966522216796875), ([[451, 395], [503, 395], [503, 415], [451, 415]], '눈앞에서', 0.9865384697914124), ([[60, 414], [108, 414], [108, 438], [60, 438]], '다니까', 0.9958800734169356), ([[450, 412], [504, 412], [504, 436], [450, 436]], '범해줄계', 0.4679480493068695), ([[23, 587], [153, 587], [153, 625], [23, 625]], '나이트베어', 0.34220939614150425), ([[47, 621], [129, 621], [129, 661], [47, 661]], '일루전', 0.9829012240304202), ([[370, 640], [430, 640], [430, 666], [370, 666]], '멋진 꿈을', 0.8065548926900987), ([[366, 662], [428, 662], [428, 686], [366, 686]], '보여줄게"', 0.31916753722587216)]
[([[443, 79], [471, 79], [471, 99], [443, 99]], "'뛰야", 0.6879160405379123), ([[130, 96], [178, 96], [178, 124], [130, 124]], '안달" ', 0.1941886693239212), ([[437, 97], [465, 97], [465, 117], [437, 117]], '이건', 0.9972213787850305), ([[227, 379], [303, 379], [303, 421], [227, 421]], '공주님', 0.9915893891102412), ([[250, 420], [282, 420], [282, 454], [250, 454]], '1?', 0.34128591565628286), ([[46, 684], [90, 684], [90, 716], [46, 716]], '진장', 0.20381158103928476), ([[474.57907632183424, 609.0126669424479], [526.1304951684997, 617.7390096630006], [496.42092367816576, 788.9873330575521], [444.8695048315003, 780.2609903369994]], '^', 0.1155882486945794)]
[]
[([[284, 64], [308, 64], [308, 98], [284, 98]], '2', 0.9977317812104189), ([[45, 503], [63, 503], [63, 537], [45, 537]], '응', 0.9971656645892644)]
