2462431
24
[]
[([[447, 995], [581, 995], [581, 1153], [447, 1153]], '$', 0.3098779830509102)]
[]
[]
[]
[]
[]
[]
[([[273, 639], [297, 639], [297, 659], [273, 659]], '~', 0.21321702641100249)]
[]
[([[960, 110], [1014, 110], [1014, 212], [960, 212]], '{', 0.44518498937273776)]
[([[1124, 58], [1170, 58], [1170, 86], [1124, 86]], '^', 0.1847230477469708), ([[1104, 82], [1154, 82], [1154, 134], [1104, 134]], '#', 0.0978777881291828)]
[([[1361.1502814226758, 714.0912945443088], [1391.7962396971604, 705.0800507216718], [1407.8497185773242, 767.9087054556912], [1377.2037603028396, 776.9199492783282]], '4', 0.029579711703263456)]
[([[1356.5640836827645, 723.2666175751878], [1381.599221517712, 703.045137983101], [1421.4359163172355, 756.7333824248122], [1396.400778482288, 776.954862016899]], '5', 0.9974597156324059)]
[]
[([[1090, 990], [1146, 990], [1146, 1094], [1090, 1094]], '표', 0.9893861430443316)]
[([[1101, 999], [1161, 999], [1161, 1105], [1101, 1105]], '표', 0.751295139669228)]
[]
[]
[]
[]
[]
[]
[]
