2465329
12
[([[167, 425], [258, 425], [258, 793], [167, 793]], '{', 0.3242443404718678), ([[56, 1136], [425, 1136], [425, 1443], [56, 1443]], '13"', 0.6456157721737066), ([[182, 1338], [534, 1338], [534, 1674], [182, 1674]], '(3', 0.26343390335331046), ([[830, 1220], [1268, 1220], [1268, 1672], [830, 1672]], ')', 0.0655909035840665), ([[59, 1697], [255, 1697], [255, 1765], [59, 1765]], '팩리스트', 0.11442747712135315), ([[1076, 1662], [1236, 1662], [1236, 1742], [1076, 1742]], '*', 0.07059907806075216), ([[27.434314575050763, 1690.0402020253553], [61.13132807837889, 1686.163322168976], [69.56568542494924, 1767.9597979746447], [35.86867192162111, 1771.836677831024]], '볼', 0.9371444656711994), ([[263.8105265191808, 1695.0789488938562], [373.0498447189992, 1710.9750776405003], [359.1894734808192, 1787.9210511061438], [250.95015528100075, 1772.0249223594997]], '+내', 0.05813137313311191)]
[([[791, 31], [1072, 31], [1072, 135], [791, 135]], "'8 다음회", 0.38369187263429816), ([[1074, 70], [1184, 70], [1184, 122], [1074, 122]], '예고', 0.999627947896142), ([[421, 117], [489, 117], [489, 185], [421, 185]], '의', 0.9895701799501389), ([[553, 161], [849, 161], [849, 419], [553, 419]], '올려', 0.35357656059760995), ([[733, 287], [843, 287], [843, 403], [733, 403]], '보', 0.9897434416712372), ([[685, 395], [1239, 395], [1239, 629], [685, 629]], '캠페인', 0.18056106359280566), ([[1044, 692], [1154, 692], [1154, 748], [1044, 748]], '잠깐', 0.9999683057170314), ([[1051, 745], [1158, 745], [1158, 810], [1051, 810]], '뛰야', 0.8817675180031204), ([[1047, 810], [1163, 810], [1163, 864], [1047, 864]], '그게!', 0.9067531812176518), ([[36, 1364], [276, 1364], [276, 1420], [36, 1420]], '이상한 장난', 0.7871492144686637), ([[64, 1414], [246, 1414], [246, 1470], [64, 1470]], '개발하지', 0.9998601078987122), ([[58, 1464], [258, 1464], [258, 1520], [58, 1520]], '말라구~', 0.993034303188324), ([[1070, 1507], [1244, 1507], [1244, 1564], [1070, 1564]], '캠페인하는', 0.7166186815286036), ([[1092, 1552], [1226, 1552], [1226, 1604], [1092, 1604]], '동안에는', 0.8455100655555725), ([[1050, 1608], [1074, 1608], [1074, 1636], [1050, 1636]], '7', 0.13922596994122216), ([[0, 1616], [608, 1616], [608, 1853], [0, 1853]], '을꺼콤청}', 2.975340517531649e-05), ([[681, 1766], [928, 1766], [928, 1820], [681, 1820]], '반항하면 안돼~', 0.38813567581898795), ([[82.28754455313613, 3.0081880614212224], [604.9280315689832, 268.88887156525715], [478.7124554468639, 499.9918119385788], [-42.92803156898318, 233.11112843474288]], '선애량', 0.015063027838422583), ([[501.80223097682097, 96.30780841887342], [631.4978722197097, 77.33334631493571], [637.197769023179, 146.6921915811266], [508.5021277802902, 165.6666536850643]], '머로', 0.7800759133950605)]
[([[996, 1526], [1048, 1526], [1048, 1552], [996, 1552]], '물', 0.05641104760536231), ([[994, 1544], [1086, 1544], [1086, 1576], [994, 1576]], '2166733 |', 0.160930177373989), ([[1075, 1445], [1255, 1445], [1255, 1719], [1075, 1719]], '(', 0.24958508555079106), ([[954.127036057031, 1277.0638451878108], [1120.227296747907, 1174.7420706669632], [1139.872963942969, 1220.9361548121892], [973.772703252093, 1322.2579293330368]], '** * *4', 0.11364723942488508)]
[([[620, 169], [1199, 169], [1199, 235], [620, 235]], '"신정신8어어퓨장어장장*이_서쪽신', 1.0325799539973842e-05), ([[865, 231], [1199, 231], [1199, 269], [865, 269]], '물-"찌이잘--적: 어이--[이.', 9.40603043887096e-07), ([[360, 378], [418, 378], [418, 426], [360, 426]], "':", 0.03791390748564538), ([[185, 1054], [504, 1054], [504, 1338], [185, 1338]], '7"', 0.19180146428790745), ([[591, 1021], [1083, 1021], [1083, 1659], [591, 1659]], '~', 0.014973832715615087), ([[476.0378045449468, 1172.0515822680054], [541.2103332465925, 1148.0817550251077], [584.9621954550532, 1282.9484177319946], [519.7896667534075, 1305.9182449748923]], "'", 0.1633167065314325), ([[489.843773551293, 1188.3031656889236], [758.5970588759361, 1442.0589178285297], [441.156226448707, 1775.6968343110764], [172.4029411240639, 1521.9410821714703]], '논', 0.08655451863832297), ([[851.508351558737, 1595.285911702569], [1063.3336152657073, 1563.1790356407416], [1070.4916484412631, 1659.714088297431], [858.6663847342927, 1690.8209643592584]], '혀:', 0.02954879736075788)]
[([[141, 1171], [165, 1171], [165, 1187], [141, 1187]], '29', 0.5843077204385819), ([[158.65465441200737, 1160.5201198532081], [192.67292225915952, 1156.9039474853782], [194.34534558799263, 1174.4798801467919], [160.32707774084048, 1178.0960525146218]], '67', 0.875935255066534), ([[64.37004658340298, 1169.2731350918687], [139.963119945523, 1160.9514461957515], [143.62995341659703, 1207.7268649081313], [67.036880054477, 1217.0485538042485]], '[', 0.0034700037482244955)]
[([[0, 12], [536, 12], [536, 332], [0, 332]], '이이', 0.6591385651143759), ([[108, 464], [528, 464], [528, 830], [108, 830]], '', 0.0), ([[106, 902], [450, 902], [450, 1434], [106, 1434]], '묵', 0.968145792801355), ([[113, 1375], [1280, 1375], [1280, 1791], [113, 1791]], '시사트', 0.2539782683182588), ([[733.4222912360003, 442.32260179800187], [978.068678437398, 367.860328804763], [1013.5777087639997, 536.6773982019981], [768.931321562602, 610.139671195237]], ')', 0.027225690601675234)]
[([[664, 36], [1247, 36], [1247, 103], [664, 103]], '"신정8서서:장어장:서_서_신', 6.757008880985801e-06), ([[909, 99], [1247, 99], [1247, 135], [909, 135]], '꽤홍`-```', 6.289646273600301e-05)]
[([[1010, 1130], [1136, 1130], [1136, 1300], [1010, 1300]], '두', 0.999578997109495), ([[980, 1292], [1108, 1292], [1108, 1452], [980, 1452]], '근', 0.7786653780034527), ([[19.92782172513467, 332.6783465175404], [387.1007718454311, 182.00104098160648], [455.07217827486534, 348.3216534824596], [87.89922815456892, 498.9989590183935]], '싱곳-0', 0.06139455363154411)]
[([[249.2825636685871, 1602.3695382011522], [461.54599254670575, 1547.0951048446414], [478.7174363314129, 1617.6304617988478], [266.45400745329425, 1673.9048951553586]], '[:', 0.037683326978697355)]
[([[1016, 80], [1154, 80], [1154, 184], [1016, 184]], '아', 0.8931213072037849), ([[26, 1182], [302, 1182], [302, 1374], [26, 1374]], '기분', 0.9968383449070415), ([[55, 1381], [405, 1381], [405, 1587], [55, 1587]], '중네-트', 0.20872320234775543), ([[469.60861123713164, 70.00589307276947], [558.3298430164672, 39.00418515119241], [686.3913887628684, 427.9941069272305], [597.6701569835328, 458.9958148488076]], '흙', 0.0183975090086117)]
[([[82, 30], [469, 30], [469, 85], [82, 85]], '(환<하의해너 1(1하온)', 0.0015868084613344644), ([[83, 73], [133, 73], [133, 115], [83, 115]], "('", 0.43828844617586765), ([[162, 72], [1219, 72], [1219, 139], [162, 139]], '3, )~3로원소 교곰 {기< 흥플는 {어 모더 |하 리이워이우', 0.0003399450197071003), ([[1170, 150], [1194, 150], [1194, 174], [1170, 174]], '*', 0.9996295318460966), ([[18, 154], [104, 154], [104, 202], [18, 202]], '후기', 0.9999809496776212), ([[1176, 192], [1206, 192], [1206, 226], [1176, 226]], '3', 0.9999996423721633), ([[1165, 239], [1209, 239], [1209, 317], [1165, 317]], '*', 0.8896295983973346), ([[1169, 317], [1213, 317], [1213, 437], [1169, 437]], '%', 0.07368939719350465), ([[1162, 446], [1218, 446], [1218, 610], [1162, 610]], '품', 0.8619238668190441), ([[50, 611], [106, 611], [106, 814], [50, 814]], '흙', 0.014480809350377655), ([[1159, 615], [1215, 615], [1215, 777], [1159, 777]], '품', 0.12525720259433015), ([[46, 823], [101, 823], [101, 988], [46, 988]], '울', 0.27402812584467995), ([[1158, 788], [1210, 788], [1210, 916], [1158, 916]], '냐', 0.006758218984177999), ([[1157, 921], [1201, 921], [1201, 1005], [1157, 1005]], '봄', 0.06197248421939605), ([[44, 994], [96, 994], [96, 1080], [44, 1080]], '!', 0.0111338907396894), ([[1154, 1012], [1204, 1012], [1204, 1138], [1154, 1138]], '흙', 0.16760078417721402), ([[39, 1083], [93, 1083], [93, 1244], [39, 1244]], '품', 0.9009437040122101), ([[1154, 1144], [1202, 1144], [1202, 1236], [1154, 1236]], '콩', 0.5797051573431169), ([[1150, 1240], [1204, 1240], [1204, 1334], [1150, 1334]], '자;', 0.02241841718521591), ([[32, 1249], [89, 1249], [89, 1542], [32, 1542]], '{', 0.008258246623676024), ([[1148, 1336], [1198, 1336], [1198, 1494], [1148, 1494]], '꼴', 0.7140826681336421), ([[44, 1538], [76, 1538], [76, 1574], [44, 1574]], '8', 0.9204353184586331), ([[82, 1608], [1123, 1608], [1123, 1711], [82, 1711]], '5 렬루 대박~인 리나누은 제처두고 대표 미루랑입니다.', 0.16085282251118144), ([[1147, 1503], [1191, 1503], [1191, 1661], [1147, 1661]], '볼', 0.03569564469326303), ([[105.46784791580981, 897.0177187371471], [161.42493120323172, 878.0112933792434], [218.5321520841902, 1062.982281262853], [162.57506879676828, 1081.9887066207566]], '5', 0.1616445527203645)]
[([[80, 40], [989, 40], [989, 132], [80, 132]], '#5-1/- -#씨7신고-9-조- -결*침요씨', 2.4173764411582684e-06), ([[403, 153], [1107, 153], [1107, 385], [403, 385]], '허:{0', 0.07016682624816895), ([[129, 825], [287, 825], [287, 1259], [129, 1259]], '탑', 0.030547963756664354), ([[1016, 1328], [1094, 1328], [1094, 1408], [1016, 1408]], '8', 0.9874008906538165), ([[606, 1675], [879, 1675], [879, 1714], [606, 1714]], '룹+명://튼애 명*;요 "서+', 0.00018207765405068977), ([[886, 1664], [1196, 1664], [1196, 1712], [886, 1712]], '굽찌악6애대 [^명?/-835279', 6.026140404046428e-05), ([[175, 1706], [577, 1706], [577, 1747], [175, 1747]], '훌++오://+검++~,.<어가/라*라-나가*나;', 7.114404658297836e-06), ([[605, 1701], [1063, 1701], [1063, 1744], [605, 1744]], '훌+아:/ /6어8|+라_어형* ;명/라,-나가*나/', 6.442543184672364e-06), ([[150, 1752], [346, 1752], [346, 1784], [150, 1784]], '56 156  (-+}:', 0.005062489287064672), ([[338, 1732], [629, 1732], [629, 1811], [338, 1811]], "{35 ('평:다?", 0.014799945331767695), ([[649, 1738], [1193, 1738], [1193, 1781], [649, 1781]], '커{수[1:2018123| 쇼째-" : (+51+5.041>쇼@', 0.004245726053979624), ([[116.80043986804398, 1312.2221553534155], [288.84356658225164, 1196.6805188127883], [333.199560131956, 1284.7778446465845], [161.15643341774836, 1400.3194811872117]], '(@크', 0.0029556261682106458)]
