2466092
8
[([[221.26340203226368, 633.0246902807289], [299.70682298335345, 612.133227005983], [344.7365979677363, 803.9753097192711], [266.29317701664655, 824.866772994017]], '"', 0.042326472464154996)]
[([[562, 1622], [594, 1622], [594, 1650], [562, 1650]], '\'"', 0.09604106980116266)]
[([[557.2365201021611, 1611.0987763882122], [600.9900538474678, 1630.7559139716352], [589.7634798978389, 1654.9012236117878], [546.0099461525322, 1635.2440860283648]], '{', 0.07684297019537567)]
[]
[]
[([[850, 894], [902, 894], [902, 954], [850, 954]], '4*', 0.2216699507399446)]
[([[144, 542], [294, 542], [294, 668], [144, 668]], '움질', 0.7173373578058057), ([[1382, 684], [1514, 684], [1514, 740], [1382, 740]], '너희가', 0.995608711848179), ([[1336, 734], [1560, 734], [1560, 790], [1336, 790]], '맘대로 놀다', 0.9925164584043722), ([[1362, 786], [1534, 786], [1534, 842], [1362, 842]], '손질해서', 0.9970653045993095), ([[157, 809], [257, 809], [257, 875], [157, 875]], '형님', 0.9992808819325417), ([[1360, 838], [1534, 838], [1534, 894], [1360, 894]], '개밥으로', 0.997526228427887), ([[107, 873], [307, 873], [307, 941], [107, 941]], '이년 이제', 0.9350096974419726), ([[643, 885], [683, 885], [683, 923], [643, 923]], '1', 0.8492324965641842), ([[1384, 890], [1516, 890], [1516, 944], [1384, 944]], '던저놔', 0.9106434263556997), ([[47, 935], [366, 935], [366, 1009], [47, 1009]], '어떻게 활까요?', 0.5109889406627354), ([[95, 1299], [323, 1299], [323, 1387], [95, 1387]], '알켓습니다)|', 0.19184380917228), ([[1474.1280076049788, 82.01462662836984], [1659.1582673347013, 192.38864632920487], [1516.8719923950212, 431.98537337163015], [1331.8417326652987, 322.6113536707951]], '0', 0.7890689508793827), ([[1221.4508442680274, 511.2738836329264], [1367.4111783218605, 479.44125714617707], [1382.5491557319726, 580.7261163670736], [1236.5888216781395, 612.5587428538229]], '운질', 0.38618646644179894)]
[([[758, 820], [810, 820], [810, 882], [758, 882]], '4+', 0.7752572773345181)]
