2466959
16
[([[884, 11], [1046, 11], [1046, 306], [884, 306]], '꽤', 0.1089578841098282), ([[877, 317], [1061, 317], [1061, 759], [877, 759]], '읽', 0.013215791303139213), ([[890, 768], [1042, 768], [1042, 1000], [890, 1000]], '행', 0.01722331840918323), ([[635, 1664], [1122, 1664], [1122, 1788], [635, 1788]], '@}식 실~없고', 0.05916883407964453)]
[([[146, 134], [244, 134], [244, 210], [146, 210]], '잔뜩', 0.9995359104520484), ([[1052, 124], [1189, 124], [1189, 205], [1052, 205]], "'올다아:", 0.4776984969536811), ([[108, 200], [280, 200], [280, 272], [108, 272]], '마랗해줄', 0.47227877378463745), ([[1045, 186], [1278, 186], [1278, 275], [1045, 275]], '천화 남자의', 0.9862491832545521), ([[124, 260], [266, 260], [266, 336], [124, 336]], '테니깐', 0.5381193793993032), ([[1096, 254], [1152, 254], [1152, 320], [1096, 320]], '참', 0.6448400681337354), ([[80, 324], [300, 324], [300, 402], [80, 402]], '전부 마서', 0.6290494827290196), ([[1078, 350], [1204, 350], [1204, 428], [1078, 428]], '무려', 0.7584988589290956), ([[312, 396], [364, 396], [364, 504], [312, 504]], '중', 0.8589940602544175), ([[1077, 417], [1221, 417], [1221, 485], [1077, 485]], '이몸은', 0.26896703243255615), ([[1036, 471], [1217, 471], [1217, 560], [1036, 560]], '여자라고', 0.9918105588734027), ([[1016, 536], [1231, 536], [1231, 620], [1016, 620]], '정말이지 -', 0.3377919835460478), ([[327, 705], [371, 705], [371, 771], [327, 771]], '응', 0.9991392558107606), ([[1053, 625], [1235, 625], [1235, 787], [1053, 787]], '@출#', 0.0035390723908371373), ([[314, 772], [412, 772], [412, 844], [314, 844]], '으응~', 0.6264294348704563), ([[1048, 760], [1241, 760], [1241, 848], [1048, 848]], '전혜신경', 0.40216144919395447), ([[1070, 826], [1222, 826], [1222, 900], [1070, 900]], '쓰진도', 0.28844351314106587), ([[1040, 890], [1140, 890], [1140, 964], [1040, 964]], '양교', 0.24712290876570694), ([[410.3947281234448, 192.03677061224738], [452.64466069580425, 188.27823219591681], [460.6052718765552, 283.9632293877526], [418.35533930419575, 286.7217678040832]], '몇', 0.004873211833321456), ([[324.25097310286003, 521.0564224788761], [363.9777936361632, 525.9834411419193], [354.74902689713997, 596.9435775211239], [315.0222063638368, 592.0165588580807]], "'", 0.3621772589645502), ([[14.092372959220684, 1603.025764082284], [107.5125573092634, 1535.0082119509818], [286.9076270407793, 1810.974235917716], [193.4874426907366, 1878.9917880490182]], '8', 0.18694212208680483)]
[([[226, 102], [258, 102], [258, 138], [226, 138]], '11', 0.31360322700627835), ([[1099, 89], [1229, 89], [1229, 157], [1099, 157]], '앗  ~', 0.05019599571824074), ([[1073, 209], [1261, 209], [1261, 295], [1073, 295]], '매번나의', 0.976064920425415), ([[1074, 276], [1258, 276], [1258, 352], [1074, 352]], '아름다운', 0.9977448582649231), ([[291, 311], [417, 311], [417, 423], [291, 423]], '빛', 0.2537819245858941), ([[922, 324], [1002, 324], [1002, 484], [922, 484]], '팀', 0.1855034433873124), ([[1094, 337], [1235, 337], [1235, 413], [1094, 413]], '얼굴에', 0.9710651968206168), ([[1072, 402], [1258, 402], [1258, 480], [1072, 480]], '침일뱉어', 0.03606358915567398), ([[476, 448], [524, 448], [524, 558], [476, 558]], '국"', 0.3323793465863872), ([[1058, 462], [1234, 462], [1234, 542], [1058, 542]], '대단니도', 0.030667513608932495), ([[385, 629], [427, 629], [427, 695], [385, 695]], '옷', 0.9093884076855296), ([[17.06044764877647, 1608.0276100292], [108.52259683381422, 1540.0085368852851], [287.93955235122354, 1809.9723899708], [196.47740316618578, 1877.9914631147149]], '*', 0.5290450407859772)]
[([[22.10340240831448, 1612.0268202188518], [109.5064678121684, 1547.0085527598155], [284.8965975916855, 1808.9731797811482], [197.4935321878316, 1872.9914472401845]], '*', 0.4523819817894861)]
[]
[]
[]
[]
[([[117, 25], [323, 25], [323, 87], [117, 87]], '라오하거라오', 0.051146885079587784), ([[795, 27], [861, 27], [861, 123], [795, 123]], '꿈', 0.014655819173139628), ([[1123, 31], [1211, 31], [1211, 91], [1123, 91]], '흥:!', 0.7298490715050706), ([[103, 75], [337, 75], [337, 139], [103, 139]], '이런렇은무번', 0.030998548398056703), ([[416, 35], [496, 35], [496, 214], [416, 214]], '딸', 0.028849429731234943), ([[1076, 84], [1256, 84], [1256, 140], [1076, 140]], '이런 저급한', 0.7743090258619318), ([[113, 127], [325, 127], [325, 187], [113, 187]], '다신못하도록', 0.9935426478272056), ([[1096, 132], [1235, 132], [1235, 192], [1096, 192]], '해적에계', 0.5931346416473389), ([[115, 175], [325, 175], [325, 235], [115, 235]], '능력따워없이', 0.8242964628217699), ([[1078, 184], [1256, 184], [1256, 240], [1078, 240]], '내가 엎드려', 0.8199426059484679), ([[47, 219], [449, 219], [449, 305], [47, 305]], '간단히둥개버려주마 {:', 0.21085536355271037), ([[1106, 234], [1230, 234], [1230, 290], [1106, 290]], '젖다고?', 0.384272650501079), ([[86, 297], [261, 297], [261, 371], [86, 371]], '(프뒤치이', 0.07944114417810022), ([[95, 405], [179, 405], [179, 465], [95, 465]], "'굵음", 0.3570013357187954), ([[61, 333], [289, 333], [289, 587], [61, 587]], '뼈', 0.004683272523299531), ([[71, 549], [281, 549], [281, 613], [71, 613]], '활수없어오', 0.14048293947753573), ([[34, 596], [318, 596], [318, 670], [34, 670]], '이쾌전문마치회', 0.05912140426097933), ([[977, 781], [1019, 781], [1019, 831], [977, 831]], '6', 0.23802895081499376), ([[1100, 748], [1222, 748], [1222, 852], [1100, 852]], '나라"', 0.41794896756138794), ([[546, 840], [706, 840], [706, 888], [546, 888]], '죽여버리켓다', 0.66093904908274), ([[857, 827], [897, 827], [897, 903], [857, 903]], '춤', 0.4094447382267994), ([[1015, 831], [1051, 831], [1051, 871], [1015, 871]], '6', 0.9850870263953801), ([[1088, 846], [1120, 846], [1120, 884], [1088, 884]], '이', 0.49648985359817743), ([[877, 753], [965, 753], [965, 1020], [877, 1020]], '{', 0.04168499483563437), ([[933, 833], [1043, 833], [1043, 991], [933, 991]], "'", 0.004256006229843345), ([[1073, 875], [1117, 875], [1117, 933], [1073, 933]], '히', 0.9919659981200226), ([[1113, 833], [1237, 833], [1237, 947], [1113, 947]], '텅청"', 0.31132811569203156), ([[117, 959], [291, 959], [291, 1019], [117, 1019]], '기 길어:', 0.6843798037932237), ([[523, 927], [761, 927], [761, 1041], [523, 1041]], '방이`', 0.5368260107290403), ([[800, 968], [850, 968], [850, 1040], [800, 1040]], '숲', 0.10831142819434181), ([[847, 908], [898, 908], [898, 1034], [847, 1034]], '뇨', 0.26243365565307286), ([[967, 949], [1097, 949], [1097, 1041], [967, 1041]], '숲@', 0.022619669261117675), ([[1087, 921], [1217, 921], [1217, 1035], [1087, 1035]], '완서지', 0.12036465618479143), ([[61, 1017], [97, 1017], [97, 1061], [61, 1061]], '이', 0.6426452830095428), ([[1096, 1020], [1182, 1020], [1182, 1068], [1096, 1068]], '않젠다', 0.11281169540465626), ([[25, 1053], [113, 1053], [113, 1121], [25, 1121]], '협틀', 0.03811021860313653), ([[91, 997], [395, 997], [395, 1132], [91, 1132]], '[@장@ 주히합', 0.0003462611132610414), ([[1076, 1054], [1228, 1054], [1228, 1126], [1076, 1126]], '안켓다 ', 0.3383532166481018), ([[32, 1104], [378, 1104], [378, 1226], [32, 1226]], '{련월라미야 치원', 0.00877685379436367), ([[457, 1075], [565, 1075], [565, 1231], [457, 1231]], '품', 0.9239974510179003), ([[588, 1172], [644, 1172], [644, 1224], [588, 1224]], '8', 0.2933741947354065), ([[1192, 1108], [1242, 1108], [1242, 1242], [1192, 1242]], '도', 0.3272196255043269), ([[62, 1204], [347, 1204], [347, 1270], [62, 1270]], '없갈운 천박하고', 0.05452844150785202), ([[534, 1210], [588, 1210], [588, 1292], [534, 1292]], '떼', 0.010825162785500775), ([[603, 1215], [639, 1215], [639, 1253], [603, 1253]], '2', 0.42087053951391695), ([[39, 1257], [371, 1257], [371, 1319], [39, 1319]], '표적관적한 혀놀림  ', 0.22989053381736368), ([[32, 1298], [376, 1298], [376, 1372], [32, 1372]], '힘이 들어가칠 않아 "', 0.137117657020609), ([[15, 1388], [393, 1388], [393, 1522], [15, 1522]], '따안카학꽂롭록학?서', 0.00023072458429989386), ([[384, 1220], [529, 1220], [529, 1544], [384, 1544]], '좁', 0.0007061255421911584), ([[597, 1433], [641, 1433], [641, 1475], [597, 1475]], '~', 0.1509171562919187), ([[1196, 1456], [1226, 1456], [1226, 1492], [1196, 1492]], '0', 0.7200839747870447), ([[50, 1442], [288, 1442], [288, 1566], [50, 1566]], '사고하해등:', 0.0015410216131100042), ([[639, 1426], [702, 1426], [702, 1575], [639, 1575]], '털', 0.07834053128193208), ([[66, 1536], [343, 1536], [343, 1669], [66, 1669]], '@래터러교', 0.0007515096972106766), ([[673, 1563], [761, 1563], [761, 1663], [673, 1663]], '팬', 0.06689359679734608), ([[1149, 1593], [1193, 1593], [1193, 1675], [1149, 1675]], '중', 0.3871134965348553), ([[1237, 1471], [1280, 1471], [1280, 1645], [1237, 1645]], '출', 0.05347752184106014), ([[668, 1648], [798, 1648], [798, 1748], [668, 1748]], '도 ', 0.054624227972976475), ([[1019, 1535], [1155, 1535], [1155, 1821], [1019, 1821]], '말', 0.48657516922634514), ([[1135, 1669], [1173, 1669], [1173, 1747], [1135, 1747]], '중', 0.19261209371482924), ([[1143, 1725], [1279, 1725], [1279, 1829], [1143, 1829]], '홀목최', 0.018267234264202955), ([[485.0803242346687, 131.03257170882898], [573.978349703119, 96.03686643367404], [644.9196757653312, 297.967428291171], [556.021650296881, 333.96313356632595]], '#', 0.11362079794182378), ([[356.0984799331589, 175.0582954853233], [414.0744709240346, 169.7113094735656], [421.9015200668411, 265.9417045146767], [363.9255290759654, 272.2886905264344]], '뻔', 0.03784315974360042), ([[480.3908229288095, 879.9517406359286], [780.2752252079016, 732.9612545621663], [854.6091770711905, 899.0482593640714], [554.7247747920984, 1046.0387454378335]], '@3 9@| 5', 0.0007729275751017644), ([[1082.8190515019785, 1108.0876450632559], [1134.6755446134894, 1082.0285735608245], [1181.1809484980215, 1190.9123549367441], [1129.3244553865106, 1215.9714264391755]], '봄', 0.10473825133871983), ([[580.6340091285948, 1356.0095743561606], [632.5202550481255, 1369.9495616360343], [581.3659908714052, 1560.9904256438394], [529.4797449518745, 1547.0504383639657]], '말', 0.00775093825802764), ([[1232.4019155871076, 1394.0358993729926], [1272.9442900934032, 1401.9588175188583], [1257.5980844128924, 1486.9641006270074], [1216.0557099065968, 1480.0411824811417]], '놈', 0.20069709640336075), ([[1179.2388556574, 1472.0290091119423], [1259.6303524529624, 1487.5141181982683], [1232.7611443426, 1622.9709908880577], [1153.3696475470376, 1607.4858818017317]], '품', 0.5099116593665123), ([[1185.2778768685826, 1596.0237284024552], [1273.8552407556213, 1610.3973449341224], [1246.7221231314174, 1769.9762715975448], [1158.1447592443787, 1755.6026550658776]], '톤', 0.3062416424566585)]
[([[195, 71], [263, 71], [263, 151], [195, 151]], '인', 0.23013499217143263), ([[504, 28], [600, 28], [600, 152], [504, 152]], '염', 0.3745139286889412), ([[1203, 89], [1243, 89], [1243, 143], [1203, 143]], '일', 0.999714633322256), ([[25, 25], [165, 25], [165, 279], [25, 279]], '8', 0.30471418436549413), ([[1157, 85], [1210, 85], [1210, 196], [1157, 196]], '뭐', 0.8703271204025818), ([[71, 249], [113, 249], [113, 293], [71, 293]], '4', 0.04395816271705044), ([[10, 268], [64, 268], [64, 324], [10, 324]], '남', 0.20973209269847448), ([[1107, 333], [1143, 333], [1143, 383], [1107, 383]], '어', 0.9998216708538621), ([[1101, 379], [1141, 379], [1141, 433], [1101, 433]], '된', 0.981218078440893), ([[925, 395], [985, 395], [985, 515], [925, 515]], '출', 0.7499854165520361), ([[1111, 429], [1201, 429], [1201, 489], [1111, 489]], '행곡;', 0.17468442947364893), ([[1103, 476], [1212, 476], [1212, 536], [1103, 536]], '스스로', 0.999981967736744), ([[901, 491], [952, 491], [952, 655], [901, 655]], '들', 0.07209037769007409), ([[1081, 524], [1226, 524], [1226, 641], [1081, 641]], ')출증런', 0.008542902767658234), ([[235, 597], [297, 597], [297, 691], [235, 691]], "'", 0.29458726874145214), ([[476, 533], [531, 533], [531, 717], [476, 717]], '늘', 0.17663498578459613), ([[1076, 567], [1241, 567], [1241, 700], [1076, 700]], '방율앉쪽', 0.040411222726106644), ([[298, 585], [403, 585], [403, 811], [298, 811]], '{', 0.07863339039124728), ([[461, 701], [501, 701], [501, 747], [461, 747]], '뉴', 0.9696979962213028), ([[134, 797], [272, 797], [272, 857], [134, 857]], '이해력이', 0.9964604377746582), ([[125, 847], [283, 847], [283, 907], [125, 907]], '종구나~국', 0.8307703932601725), ([[151, 898], [259, 898], [259, 954], [151, 954]], '발가락', 0.9984277779580901), ([[135, 948], [269, 948], [269, 1004], [135, 1004]], '사이까지', 0.9945881962776184), ([[1050, 934], [1104, 934], [1104, 990], [1050, 990]], '좀', 0.05169106320916961), ([[151, 997], [259, 997], [259, 1057], [151, 1057]], '꼼꼼히', 0.9996035755600148), ([[1100, 1064], [1142, 1064], [1142, 1094], [1100, 1094]], '여', 0.2700060607524257), ([[1150, 895], [1247, 895], [1247, 1128], [1150, 1128]], '털', 0.050465464711070496), ([[124, 1036], [280, 1036], [280, 1160], [124, 1160]], '[사유해밤', 0.0008494054479618784), ([[1134, 1066], [1186, 1066], [1186, 1134], [1134, 1134]], '품', 0.6899573933906709), ([[680, 1114], [808, 1114], [808, 1168], [680, 1168]], '"닥처라', 0.9760972261428833), ([[145, 1197], [187, 1197], [187, 1251], [145, 1251]], '상', 0.9825973255083218), ([[144, 1138], [268, 1138], [268, 1260], [144, 1260]], "망들'", 0.07795155422321844), ([[175, 1195], [219, 1195], [219, 1251], [175, 1251]], '올', 0.42012070999846074), ([[266, 1170], [290, 1170], [290, 1218], [266, 1218]], '@', 0.036777928427645046), ([[400, 1184], [594, 1184], [594, 1256], [400, 1256]], '+ ', 0.06402693427950289), ([[677, 1160], [809, 1160], [809, 1216], [677, 1216]], '""어자피', 0.64772988931372), ([[1144, 1126], [1194, 1126], [1194, 1212], [1144, 1212]], '틈', 0.18574111184807762), ([[672, 1210], [814, 1210], [814, 1266], [672, 1266]], '시간 문제', 0.9742305541024364), ([[133, 1243], [273, 1243], [273, 1307], [133, 1307]], '테비득', 0.018059061069353722), ([[678, 1258], [790, 1258], [790, 1312], [678, 1312]], '이니라:', 0.4350268542766571), ([[1008, 1278], [1150, 1278], [1150, 1404], [1008, 1404]], '@찌엔', 0.010214835748233637), ([[1056, 1396], [1090, 1396], [1090, 1424], [1056, 1424]], '0', 0.8370499806329121), ([[1192, 1420], [1244, 1420], [1244, 1510], [1192, 1510]], '줄', 0.05875108056001466), ([[13, 1529], [141, 1529], [141, 1639], [13, 1639]], "'@`", 0.01915842294692993), ([[795, 1483], [887, 1483], [887, 1597], [795, 1597]], '0', 0.09430656484597932), ([[1091, 1455], [1219, 1455], [1219, 1657], [1091, 1657]], '7', 0.024129784452340042), ([[8, 1586], [186, 1586], [186, 1682], [8, 1682]], '[끗다 ?', 0.0656120550290221), ([[1103, 1643], [1169, 1643], [1169, 1721], [1103, 1721]], '셈', 0.28665294003475594), ([[209, 1747], [247, 1747], [247, 1813], [209, 1813]], '놈', 0.3956884006477459), ([[275, 1702], [316, 1702], [316, 1829], [275, 1829]], '#', 0.4008845598937718), ([[774, 1668], [828, 1668], [828, 1784], [774, 1784]], '열', 0.3640435020870427), ([[830, 1782], [886, 1782], [886, 1829], [830, 1829]], '(', 0.09102607055258094), ([[524.5881808562937, 137.01698836115378], [565.6204871283217, 146.74170841647728], [537.4118191437063, 267.9830116388462], [496.37951287167834, 259.2582915835227]], '값', 0.01230209210277966), ([[1106.2106731229717, 277.02835640930675], [1188.145813588954, 256.211326122203], [1228.7893268770283, 437.97164359069325], [1147.854186411046, 458.788673877797]], '올', 0.021053680633631444), ([[537.6400046799088, 558.0081038939741], [599.6062445702421, 569.8589216430851], [553.3599953200912, 795.9918961060259], [491.39375542975796, 784.1410783569149]], '5', 0.30678355633705223), ([[457.6473957108116, 611.0155715321711], [491.99585777946777, 618.5335101725033], [466.3526042891884, 731.9844284678289], [431.00414222053223, 724.4664898274967]], '품', 0.4233796604764315), ([[426.1479240136922, 921.0259538245518], [615.8888599071241, 1002.2394402934632], [564.8520759863078, 1112.9740461754482], [375.1111400928759, 1032.760559706537]], '채쇄 "', 0.05410850209649267), ([[1075.243585734621, 968.0409887585138], [1128.5556127017292, 963.4831876105906], [1135.756414265379, 1073.9590112414862], [1083.4443872982708, 1078.5168123894096]], '통', 0.8186245302618431), ([[1019.2070176794539, 983.0526325959042], [1068.294110756358, 977.4558990054686], [1076.7929823205461, 1069.9473674040958], [1027.705889243642, 1075.5441009945314]], '품', 0.1024948889153734), ([[49.492431559933024, 1139.0258292873436], [84.42944171076506, 1130.0184761551252], [113.50756844006698, 1246.9741707126564], [77.57055828923494, 1255.9815238448748]], '5', 0.03865870459566967), ([[309.76648083146733, 1524.0068222180914], [342.26491106406735, 1529.205266807798], [317.23351916853267, 1702.9931777819086], [285.73508893593265, 1698.794733192202]], '{', 0.048777640838014946), ([[258.75989271530534, 1559.0057684783505], [297.5090956728544, 1564.2331739857457], [270.24010728469466, 1776.9942315216495], [231.4909043271456, 1772.7668260142543]], '8', 0.6387000588085279), ([[1051.4781819497146, 1583.0341828178298], [1085.6575959492213, 1576.0544243046713], [1103.5218180502854, 1666.9658171821702], [1069.3424040507787, 1673.9455756953287]], '축', 0.937544145436334), ([[332.67846324031876, 1611.0129441799527], [366.5679498264083, 1615.3201177543478], [348.32153675968124, 1742.9870558200473], [314.4320501735917, 1737.6798822456522]], '놈', 0.01770615547461407), ([[1016.2281155986319, 1622.0599398312445], [1049.5289302729675, 1607.0280554341045], [1086.771884401368, 1695.9400601687555], [1053.4710697270325, 1710.9719445658955]], '축', 0.10450934609098628), ([[891.4567855237449, 1617.0246407611937], [938.8106792283999, 1606.0550189917342], [966.5432144762551, 1738.9753592388063], [919.1893207716001, 1749.9449810082658]], '줄', 0.3962771935395182), ([[839.5493240540143, 1638.0145228372207], [894.738866084732, 1626.039103728051], [930.4506759459857, 1806.9854771627793], [874.261133915268, 1818.960896271949]], '올', 0.168275189148531), ([[146.6760070251283, 1671.010508186976], [184.7344793512771, 1675.3104817539545], [164.3239929748717, 1834.989491813024], [127.26552064872291, 1830.6895182460455]], '5', 0.10063471287162429), ([[186.66064824853677, 1674.0115292534906], [223.75192451337594, 1678.316971012322], [205.33935175146323, 1830.9884707465094], [168.24807548662406, 1826.683028987678]], '*', 0.267544049314111), ([[813.3300583289099, 1687.037519127298], [857.862410690268, 1682.2963672610542], [866.6699416710901, 1787.962480872702], [822.137589309732, 1791.7036327389458]], '딸', 0.04233758320037939), ([[313.54836124782287, 1737.0255789808411], [343.8810434857386, 1734.098235991729], [352.45163875217713, 1832.9744210191589], [321.1189565142614, 1834.901764008271]], '축', 0.6092454665957945)]
[([[32, 84], [317, 84], [317, 169], [32, 169]], '해적어제특템~', 0.25883595131430925), ([[1135, 113], [1175, 113], [1175, 163], [1135, 163]], '네', 0.9978008453350782), ([[1153, 165], [1199, 165], [1199, 203], [1153, 203]], '녀석', 0.9957938113524671), ([[30, 188], [324, 188], [324, 266], [30, 266]], '확실히 미인이네-', 0.35707684738301076), ([[1151, 191], [1233, 191], [1233, 257], [1151, 257]], '혀석', 0.9612174625904037), ([[8, 249], [383, 249], [383, 326], [8, 326]], '발통은커다란 주제에', 0.6065448634199985), ([[68, 312], [288, 312], [288, 384], [68, 384]], '얼굴은 작아', 0.9910085732790934), ([[3, 365], [385, 365], [385, 454], [3, 454]], '마음껏 사용해 줄게 ', 0.47303970410111174), ([[176, 830], [308, 830], [308, 904], [176, 904]], '반드시', 0.9986875440412044), ([[156, 892], [328, 892], [328, 966], [156, 966]], '죽인다 ""', 0.3307485307218455), ([[1119.379826327054, 163.03861061643167], [1158.649994700016, 167.76000847997457], [1147.620173672946, 252.96138938356833], [1108.350005299984, 248.23999152002543]], '네', 0.7778733734032848), ([[402.42791088898014, 516.0182009569879], [470.65488649761954, 526.2972711527486], [446.57208911101986, 690.9817990430121], [377.34511350238046, 680.7027288472514]], '셋', 0.005803824318782402), ([[12.112479686039633, 1599.0246343487133], [107.50607577454707, 1531.0080055243127], [286.88752031396035, 1810.9753656512867], [190.49392422545293, 1878.9919944756873]], '8', 0.1438671774343483)]
[([[72, 134], [290, 134], [290, 210], [72, 210]], '오늘부터년', 0.9084411856621819), ([[397, 65], [625, 65], [625, 254], [397, 254]], '위닐', 0.12912948201237998), ([[1048, 94], [1280, 94], [1280, 238], [1048, 238]], '일외진장중', 0.0047901487382284525), ([[72, 198], [256, 198], [256, 270], [72, 270]], '내여자야', 0.9308761954307556), ([[517, 207], [561, 207], [561, 247], [517, 247]], '5', 0.06755876326199317), ([[1096, 216], [1232, 216], [1232, 295], [1096, 295]], '밖에', 0.37554541723637264), ([[40, 254], [326, 254], [326, 332], [40, 332]], '자손가락 값아;', 0.19853635212556905), ([[1061, 271], [1274, 271], [1274, 356], [1061, 356]], '어드건가-', 0.028170875874756543), ([[357, 297], [519, 297], [519, 437], [357, 437]], '봉물', 0.005743390203153734), ([[5, 373], [440, 373], [440, 454], [5, 454]], '거역하면 알고있지? 30', 0.5851421962074764), ([[7, 435], [354, 435], [354, 514], [7, 514]], '자존심 전부 객어서', 0.5002781651270187), ([[373, 447], [417, 447], [417, 485], [373, 485]], '9', 0.8305361381596619), ([[66, 498], [291, 498], [291, 570], [66, 570]], '그저 평범한', 0.9911938315585044), ([[38, 556], [328, 556], [328, 632], [38, 632]], '암돼지로만들어', 0.6727935809063446), ([[96, 618], [232, 618], [232, 694], [96, 694]], '줄거야', 0.908462146367804), ([[103, 911], [231, 911], [231, 975], [103, 975]], '잘도:"\'', 0.4555152677103728), ([[50, 961], [273, 961], [273, 1046], [50, 1046]], '나에게 이런', 0.5487275315829058), ([[95, 1028], [231, 1028], [231, 1101], [95, 1101]], '짓율', 0.960810955994312), ([[409.60348667591734, 565.0078642331168], [480.94125703042045, 553.04439679363], [524.3965133240827, 836.9921357668832], [453.05874296957955, 847.95560320637]], '로', 0.1870877831813056), ([[11.082420613744993, 1596.0247813542824], [111.53099079042126, 1529.0082947065196], [284.917579386255, 1814.9752186457176], [185.46900920957873, 1882.9917052934804]], '8', 0.12410780630469631)]
[([[52, 28], [278, 28], [278, 252], [52, 252]], '@', 0.15751479957549464), ([[1118, 139], [1252, 139], [1252, 213], [1118, 213]], '[일주일', 0.6865218877792358), ([[38, 221], [253, 221], [253, 302], [38, 302]], '시간이라고', 0.9522586442326775), ([[1142, 208], [1198, 208], [1198, 272], [1142, 272]], '뒤:', 0.9201290298951728), ([[34, 286], [296, 286], [296, 358], [34, 358]], '내전용 변기로', 0.9094621228489371), ([[64, 348], [266, 348], [266, 420], [64, 420]], '전락해버린', 0.8765650394502982), ([[72, 406], [256, 406], [256, 478], [72, 478]], '네 모습올', 0.5848704117000908), ([[61, 465], [266, 465], [266, 545], [61, 545]], '보여쥐라', 0.40002691745758057), ([[409, 779], [469, 779], [469, 867], [409, 867]], '닿', 0.009809484215085595), ([[323.0019474215171, 353.0311587442738], [444.9296270782403, 333.1393296681139], [473.9980525784829, 544.9688412557263], [352.0703729217597, 565.8606703318861]], '#"', 0.21528805021137648), ([[11.11736815014394, 1598.0243635176053], [105.50448091061384, 1530.0079551335414], [285.88263184985607, 1810.9756364823947], [190.49551908938616, 1878.9920448664586]], '8', 0.17197732713054936)]
[([[91, 61], [221, 61], [221, 129], [91, 129]], '옳어지', 0.08722950995677073), ([[72, 120], [208, 120], [208, 194], [72, 194]], '잘해어', 0.7001049340043345), ([[41, 176], [268, 176], [268, 255], [41, 255]], '이제야 꽤냐', 0.4797879956819706), ([[54, 240], [257, 240], [257, 312], [54, 312]], '순종적으로', 0.8144316473698516), ([[70, 300], [204, 300], [204, 372], [70, 372]], "'뒷잡아다", 0.09326028527040438), ([[393, 289], [489, 289], [489, 373], [393, 373]], '아', 0.17659781262146712), ([[60, 356], [248, 356], [248, 430], [60, 430]], '너 노예의', 0.9891033668484988), ([[6, 418], [260, 418], [260, 494], [6, 494]], '재능이 있는결', 0.10525960913077383), ([[271, 452], [339, 452], [339, 656], [271, 656]], '불', 0.018273909430993607), ([[209, 547], [289, 547], [289, 786], [209, 786]], '!', 0.0027106160372394883), ([[294, 646], [346, 646], [346, 742], [294, 742]], '별', 0.46609154953335974), ([[340, 850], [382, 850], [382, 882], [340, 882]], '~', 0.15551607683644963), ([[399.3541871006132, 675.0232006985237], [463.49692698628166, 662.125361438473], [496.6458128993868, 831.9767993014763], [432.50307301371834, 845.874638561527]], '양', 0.8706099553027258), ([[303.3486328543988, 730.0303715420669], [355.97516426794084, 724.2844414890011], [368.6513671456012, 850.9696284579331], [317.02483573205916, 856.7155585109989]], '별', 0.3026078773338128), ([[15.08720335138379, 1604.0260586492163], [107.51420370402309, 1536.0082648048822], [287.9127966486162, 1810.9739413507837], [195.4857962959769, 1878.9917351951178]], '*', 0.37010050255980786)]
[([[86, 134], [180, 134], [180, 206], [86, 206]], '우옷', 0.5145360339727363), ([[402, 54], [457, 54], [457, 189], [402, 189]], '국', 0.033107392379605693), ([[1108, 126], [1276, 126], [1276, 202], [1108, 202]], '바보갈은', 0.5490615963935852), ([[42, 194], [222, 194], [222, 270], [42, 270]], '존나 야해', 0.7983556219850783), ([[469, 167], [513, 167], [513, 295], [469, 295]], '소', 0.3858075730953239), ([[1079, 193], [1207, 193], [1207, 259], [1079, 259]], "녀석; '", 0.819201174106377), ([[1046, 243], [1237, 243], [1237, 328], [1046, 328]], '이내가하', 0.2795778214931488), ([[40, 316], [260, 316], [260, 392], [40, 392]], '예뿐 얼굴이', 0.46038909438304776), ([[379, 285], [519, 285], [519, 427], [379, 427]], '$', 0.12510378279526524), ([[1008, 305], [1278, 305], [1278, 383], [1008, 383]], '정말로너 갈은', 0.42693601449914786), ([[36, 372], [261, 372], [261, 449], [36, 449]], '이런 필빵하', 0.30114724473372484), ([[1078, 366], [1206, 366], [1206, 446], [1078, 446]], '남자의', 0.38923627266077043), ([[20, 438], [148, 438], [148, 510], [20, 510]], '표정올', 0.7322445500509903), ([[994, 424], [1280, 424], [1280, 505], [994, 505]], '@인에되없다고', 0.38496478994145084), ([[23, 499], [155, 499], [155, 567], [23, 567]], '조교한', 0.9454354985113052), ([[131, 425], [291, 425], [291, 583], [131, 583]], '[진련해', 0.009038791060447693), ([[1060, 490], [1230, 490], [1230, 568], [1060, 568]], '생각하고', 0.8797749280929565), ([[64, 558], [230, 558], [230, 634], [64, 634]], '외구만', 0.4949596749636851), ([[1040, 546], [1204, 546], [1204, 620], [1040, 620]], '임드:', 0.00774260070681918), ([[253, 723], [390, 723], [390, 901], [253, 901]], '철로', 0.02900082590044533), ([[415, 637], [503, 637], [503, 849], [415, 849]], '십', 0.01831866755413003), ([[201, 833], [273, 833], [273, 1010], [201, 1010]], '꿀', 0.5839143271519021), ([[291.27069898817115, 382.02959755450485], [363.3003238359563, 375.62695619396277], [374.72930101182885, 522.9704024454951], [302.6996761640437, 529.3730438060372]], '8', 0.36615196813932016), ([[280.2270049206229, 547.0332570792256], [346.31273212592134, 527.0962516676641], [387.7729950793771, 680.9667429207744], [320.68726787407866, 700.9037483323359]], '용', 0.06379344319571434), ([[14.071335655926402, 1605.026973281934], [106.5192069329905, 1537.0084264638924], [287.9286643440736, 1808.973026718066], [195.4807930670095, 1876.9915735361076]], '8', 0.24798559277454135)]
[([[555, 26], [629, 26], [629, 197], [555, 197]], '물', 0.6065955606575244), ([[1099, 65], [1231, 65], [1231, 131], [1099, 131]], '"나는', 0.6080807447433472), ([[29, 131], [278, 131], [278, 212], [29, 212]], '잇군알켓다고', 0.02623760001554052), ([[1076, 121], [1255, 121], [1255, 198], [1076, 198]], '네 녀석의', 0.9805464784174842), ([[44, 198], [222, 198], [222, 272], [44, 272]], '변태(여제_', 0.22732091504214258), ([[1095, 185], [1231, 185], [1231, 253], [1095, 253]], '약점올', 0.3542693148279777), ([[16, 254], [286, 254], [286, 330], [16, 330]], '긴잘난 체하는', 0.08195906384232793), ([[1077, 239], [1250, 239], [1250, 324], [1077, 324]], '찾아내기', 0.8051580786705017), ([[85, 321], [215, 321], [215, 387], [85, 387]], '말투도', 0.9994446675789653), ([[1099, 309], [1233, 309], [1233, 377], [1099, 377]], '위해"', 0.9829738737268587), ([[6, 373], [304, 373], [304, 453], [6, 453]], '버릇올 -고쳐나야_', 0.2307939256884537), ([[64, 436], [235, 436], [235, 513], [64, 513]], '켓구만크', 0.12774263322353363), ([[1099, 489], [1143, 489], [1143, 551], [1099, 551]], '잎', 0.6554248403304577), ([[1094, 418], [1242, 418], [1242, 564], [1094, 564]], '@시', 0.00636464545578333), ([[308, 570], [356, 570], [356, 626], [308, 626]], '자', 0.9999933242909265), ([[1096, 544], [1230, 544], [1230, 618], [1096, 618]], '지금뿐', 0.870203565398012), ([[256, 622], [442, 622], [442, 694], [256, 694]], '꾸물거리지', 0.9624764343879676), ([[1078, 604], [1212, 604], [1212, 678], [1078, 678]], '이다:', 0.8155509717818378), ([[299, 685], [391, 685], [391, 749], [299, 749]], '마라,', 0.855323534676876), ([[273, 733], [421, 733], [421, 817], [273, 817]], '얼간이 ', 0.3310939073562622), ([[287, 790], [408, 790], [408, 865], [287, 865]], '빨리 ', 0.10396385467376083), ([[449.48361072067075, 123.01482653967138], [517.0950736036459, 116.24724805587944], [535.5163892793292, 314.9851734603286], [467.90492639635414, 321.7527519441206]], '{', 0.5083984084386408), ([[425.4940801759507, 275.01830642811973], [481.8036385539223, 269.2363554227913], [494.5059198240493, 426.98169357188027], [438.1963614460777, 432.7636445772087]], '탑', 0.14165544087688975), ([[13.102538748630593, 1601.0251897256246], [106.5125573092634, 1534.0082119509818], [285.8974612513694, 1810.9748102743754], [192.4874426907366, 1877.9917880490182]], '8', 0.14183467377564796)]
