2467548
115
[]
[]
[]
[([[1555.550583861716, 2781.033853487326], [1576.3173581637805, 2767.0168332604626], [1633.449416138284, 2852.966146512674], [1613.6826418362195, 2866.9831667395374]], '1', 0.45355424129826716)]
[([[1554.557144313242, 2780.032866898721], [1575.3140543535542, 2766.016483641236], [1633.442855686758, 2852.967133101279], [1613.6859456464458, 2866.983516358764]], '1', 0.3944162931529469)]
[([[1563.6484187230326, 2791.031144848983], [1579.2511603728324, 2780.015833054625], [1631.3515812769674, 2850.968855151017], [1616.7488396271676, 2862.984166945375]], '1', 0.25706849125711884)]
[]
[]
[([[158, 658], [574, 658], [574, 924], [158, 924]], '(', 0.9943512804102852)]
[([[157, 656], [577, 656], [577, 926], [157, 926]], '(', 0.9969780660107439)]
[]
[([[187, 648], [346, 648], [346, 834], [187, 834]], "쇼?'", 0.17861073784621742)]
[([[544, 570], [596, 570], [596, 596], [544, 596]], '@_디', 0.008244929198508008), ([[593.0685071343347, 255.23016355523603], [636.9480160540784, 261.54697301067944], [633.9314928656653, 277.76983644476394], [590.0519839459216, 272.45302698932056]], '3375', 0.09801706671714783)]
[([[1599, 987], [1656, 987], [1656, 1029], [1599, 1029]], '내:', 0.058170869877864295), ([[1635, 1435], [1697, 1435], [1697, 1508], [1635, 1508]], '4', 0.533807626477941), ([[1532.8528871043072, -67.98433198235428], [1858.7685099045896, -7.272128932251029], [1776.1471128956928, 381.98433198235426], [1450.2314900954104, 320.272128932251]], '~', 0.03434079246375532)]
[]
[([[34, 26], [455, 26], [455, 68], [34, 68]], '더역+동깨형미.네어`/+역`역교4', 4.390024797884673e-06), ([[35, 66], [401, 66], [401, 108], [35, 108]], '{역`역역싣4{#,퍽어* 네(', 4.583885321015652e-06)]
[([[34, 26], [455, 26], [455, 68], [34, 68]], '더역+동깨형미.네어김/+역`역탁역4', 1.4963297566932299e-06), ([[35, 66], [401, 66], [401, 111], [35, 111]], '{역`역,역싣4 {#,6형*.네(', 3.894697589510145e-06), ([[1103.50194620572, 2036.1128449577523], [1175.2652025279804, 2014.5480979453198], [1202.49805379428, 2121.8871550422477], [1130.7347974720196, 2143.4519020546804]], '논', 0.08156930440215149)]
[([[34, 26], [455, 26], [455, 68], [34, 68]], '역+동깨형미.네어김/+역`역,역4', 4.648107102600522e-06), ([[35, 66], [401, 66], [401, 108], [35, 108]], '{역`역역싣4{#,퍽어* 네(', 4.795061858414903e-06), ([[1169, 179], [1280, 179], [1280, 263], [1169, 263]], '(', 0.008870491835427041)]
[([[34, 26], [455, 26], [455, 68], [34, 68]], '더역+동깨형미.네어`/+역`역탁역4', 3.008799054153135e-06), ([[35, 66], [401, 66], [401, 108], [35, 108]], '{역`역역싣4{#,퍽어*.네(', 7.03609761139884e-06), ([[1162, 71], [1290, 71], [1290, 230], [1162, 230]], '씨', 0.02848536518432554), ([[1111, 1984], [1197, 1984], [1197, 2088], [1111, 2088]], '심', 0.10880921335118288)]
[]
[([[564, 252], [600, 252], [600, 280], [564, 280]], '3대', 0.0005089339188080875)]
[([[571, 257], [625, 257], [625, 277], [571, 277]], '토움분35', 0.011791749579737942), ([[548, 569], [650, 569], [650, 597], [548, 597]], '안명-못 "입_', 0.0008690108203010175)]
[([[532, 568], [628, 568], [628, 596], [532, 596]], '_"6', 0.0026342257991475567)]
[([[577, 261], [627, 261], [627, 281], [577, 281]], '5내깨', 0.001156168281763158), ([[548, 528], [626, 528], [626, 557], [548, 557]], '@살못각리', 0.00016998155930575079)]
[([[585, 271], [640, 271], [640, 297], [585, 297]], '콤버요', 0.008341866184359666)]
[([[548, 264], [590, 264], [590, 288], [548, 288]], '출비{', 0.04221549665543921)]
[([[589.3273272060037, 247.11651617681034], [643.9839958234472, 258.7474914406522], [639.6726727939963, 278.8834838231897], [585.0160041765528, 266.2525085593478]], '~ #{', 0.029106665402650833)]
[]
[([[540, 574], [629, 574], [629, 605], [540, 605]], '__-니"]', 0.00017097570327648853), ([[557.438262381114, 255.75060990489115], [609.6641005886756, 244.89059960754955], [613.561737618886, 266.2493900951088], [561.3358994113244, 277.1094003924505]], '#,{', 0.04855950605991687)]
[]
[]
[]
[]
[]
[]
[]
[]
[]
[]
[]
[]
[]
[]
[]
[]
[]
[]
[]
[]
[]
[]
[]
[([[574, 1837], [712, 1837], [712, 1934], [574, 1934]], ' ', 0.4869013553086212)]
[([[669, 1839], [744, 1839], [744, 1918], [669, 1918]], '스', 0.01610281640674338)]
[([[0, 1513], [36, 1513], [36, 1602], [0, 1602]], '', 0.0), ([[672, 1842], [740, 1842], [740, 1915], [672, 1915]], '스', 0.1435208064649487)]
[]
[([[439, 790], [541, 790], [541, 894], [439, 894]], ')"\'', 0.10736603929394352), ([[345, 1646], [390, 1646], [390, 1690], [345, 1690]], '0', 0.01474362782068056)]
[]
[([[487, 622], [507, 622], [507, 655], [487, 655]], '>', 0.9317451041012106), ([[1823, 1998], [1936, 1998], [1936, 2078], [1823, 2078]], '시', 0.8848810438313173)]
[([[487, 622], [507, 622], [507, 655], [487, 655]], '>', 0.9412966028827476), ([[620.0989371198941, 1904.3013906711426], [947.8496787082282, 1619.2316646044137], [1130.9010628801059, 1902.6986093288574], [803.1503212917718, 2188.7683353955863]], '43', 0.7275423221793478)]
[]
[([[950.1017284969047, 1366.058174499546], [1281.7988708375979, 1319.9589194864288], [1300.8982715030954, 1590.941825500454], [968.2011291624021, 1637.0410805135712]], '1?', 0.15504671734704883)]
[([[933.9155631181092, 1372.0658972661254], [1275.9393030229025, 1309.3490977270758], [1307.0844368818907, 1595.9341027338746], [965.0606969770975, 1658.6509022729242]], '1(?', 0.006871531770388668)]
[([[1902, 169], [1974, 169], [1974, 244], [1902, 244]], '니', 0.6088288696503241), ([[948.0038948430342, 1367.0623174885475], [1279.9549178991629, 1315.7195021522086], [1302.9961051569658, 1590.9376825114525], [971.0450821008372, 1643.2804978477914]], '1?', 0.28186284898139585)]
[]
[([[1343, 2068], [1399, 2068], [1399, 2128], [1343, 2128]], '너', 0.9932163756538017)]
[([[1307, 1978], [1356, 1978], [1356, 2051], [1307, 2051]], '니', 0.027733227936864502)]
[]
[([[1667, 1051], [1716, 1051], [1716, 1106], [1667, 1106]], '뇌', 0.2901606207269971), ([[611.3910845259202, 228.0232072895539], [671.4435011210878, 257.2585557788222], [612.6089154740798, 374.9767927104461], [552.5564988789122, 344.7414442211778]], '>', 0.208369198514192)]
[]
[]
[]
[([[1542.2070349929113, 2040.026228392961], [1663.9256987199908, 2134.6666920685725], [1600.7929650070887, 2214.973771607039], [1479.0743012800092, 2119.3333079314275]], '09', 0.5041830118877493), ([[344.3723093847673, 2522.0197192178002], [421.92390146053935, 2556.899853637521], [357.6276906152327, 2700.9802807821998], [280.07609853946065, 2666.100146362479]], '}', 0.16196962089181)]
[([[1188, 198], [1401, 198], [1401, 337], [1188, 337]], '거리?', 0.023260453209208207), ([[1250, 331], [1415, 331], [1415, 411], [1250, 411]], '값_ ,', 0.0416949083024564), ([[228, 689], [309, 689], [309, 780], [228, 780]], '파', 0.04345072100903935), ([[1189.052530067436, 436.146698445078], [1508.9467967697612, 412.87417841297406], [1508.947469932564, 527.8533015549219], [1189.0532032302388, 550.1258215870259]], '타->먼마]', 0.0003815578958071256), ([[981.3187231979003, 733.0290614154342], [1071.7796816505002, 812.1354481994669], [1024.6812768020995, 865.9709385845658], [935.2203183494998, 786.8645518005331]], '코(', 0.01907433889930824)]
[([[2678, 1249], [2806, 1249], [2806, 1460], [2678, 1460]], '4', 0.10225083789807687), ([[2052.7115211922146, 559.39806483455], [2255.3799107077616, 455.55905564155415], [2310.2884788077854, 569.60193516545], [2108.6200892922384, 673.4409443584458]], '25', 0.1747449133712509)]
[]
[([[1255, 17], [1345, 17], [1345, 115], [1255, 115]], '(', 0.12770167911711017), ([[1589, 1442], [1642, 1442], [1642, 1491], [1589, 1491]], '너', 0.6463219165553369), ([[42.17589060493481, 1519.037810328666], [108.83330942128767, 1552.1428776388964], [27.824109395065193, 1710.962189671334], [-37.83330942128767, 1677.8571223611036]], "'", 0.1407668799218733)]
[]
[([[766, 2717], [907, 2717], [907, 2754], [766, 2754]], '~/', 0.26286776025045405), ([[687.1613008990009, 255.08065044950047], [850.8200002136424, 177.3693802606118], [888.8386991009991, 259.91934955049953], [724.1799997863576, 337.6306197393882]], '사', 0.6565543950731723), ([[81.2772573942153, 229.02615204017107], [185.86206896551724, 318.3448275862069], [127.7227426057847, 386.9738479598289], [23.137931034482758, 297.6551724137931]], '현', 0.00212973024950025)]
[([[120, 231], [268, 231], [268, 428], [120, 428]], '과', 0.008004556768475501)]
[([[860, 2317], [1146, 2317], [1146, 2575], [860, 2575]], '69', 0.9786569012801891)]
[([[867, 0], [1000, 0], [1000, 98], [867, 98]], '스', 0.011119602850407695), ([[1835, 148], [1921, 148], [1921, 241], [1835, 241]], '4', 0.10387272881361298), ([[149, 2437], [631, 2437], [631, 2880], [149, 2880]], '해', 0.009424684031042796)]
[]
[([[532, 100], [684, 100], [684, 248], [532, 248]], '??', 0.8499197772738245), ([[159.13682505860828, 2449.0120196040375], [385.33307236948, 2423.1458586912013], [425.8631749413917, 2869.9879803959625], [199.66692763051998, 2895.8541413087987]], '2', 0.37293448370704496)]
[([[538, 97], [679, 97], [679, 229], [538, 229]], '33', 0.1840335977307648), ([[155.09406893166556, 2455.01368163813], [379.0808500350643, 2425.12142825573], [423.90593106833444, 2845.98631836187], [199.91914996493568, 2875.87857174427]], '?', 0.11697548213621989)]
[]
[([[1902, 261], [1977, 261], [1977, 377], [1902, 377]], '년', 0.13736056313010536), ([[534, 1112], [642, 1112], [642, 1191], [534, 1191]], '사', 0.1243018203666999), ([[1786.047625879632, 132.21431645834443], [1838.6648451696378, 87.02459020988962], [1922.952374120368, 194.78568354165557], [1869.3351548303622, 239.97540979011038]], '5', 0.9975023387731632), ([[182.06240887386187, 580.2557305810127], [391.82359359567386, 430.90724070125907], [458.9375911261381, 556.7442694189873], [249.17640640432612, 706.0927592987409]], '50', 0.037697448608555485), ([[157.13828673514138, 2460.01237838292], [376.0987365587371, 2428.750831518127], [426.8617132648586, 2867.98762161708], [207.90126344126293, 2899.249168481873]], '2', 0.5679537483434274)]
[([[35, 26], [455, 26], [455, 66], [35, 66]], '"역+동~형7네어항/\'역`역,역웬4', 9.311677157553856e-07), ([[34, 66], [401, 66], [401, 109], [34, 109]], '쑤`역,싣4{하3어* 네줄', 1.0485382327397069e-05), ([[785, 1548], [1111, 1548], [1111, 1883], [785, 1883]], '8', 0.36146034218758416), ([[275.17531378895274, 753.1395396281926], [445.5526853764332, 734.737341939835], [450.82468621104726, 841.8604603718074], [280.4473146235668, 860.262658060165]], '눕)', 0.06473818598932589)]
[([[35, 26], [455, 26], [455, 66], [35, 66]], '"령+동~형7네어항/역`역교역웬4', 1.2640725563977847e-06), ([[34, 66], [401, 66], [401, 109], [34, 109]], '{역`역,싣4{고퍽어* 줄', 1.0244817475346452e-05), ([[787, 1548], [1111, 1548], [1111, 1883], [787, 1883]], '8', 0.0385970912110809), ([[2781.153711563252, 722.0448886945671], [2875.984139491996, 773.496495707712], [2843.846288436748, 831.9551113054329], [2749.015860508004, 781.503504292288]], '스', 0.1133888413159676)]
[([[35, 26], [455, 26], [455, 66], [35, 66]], '젠역+동]아7네어항/역`역교역웬4', 9.044196062151436e-07), ([[34, 66], [399, 66], [399, 109], [34, 109]], '{쑤`역,댁웬4{역퍽어* 줄', 4.071200976095021e-06), ([[785, 1543], [1111, 1543], [1111, 1892], [785, 1892]], '8', 0.6170379516930815)]
[]
[([[311.2741667599422, 2648.015502182648], [554.9072394284358, 2795.2265133466676], [478.7258332400578, 2915.984497817352], [235.09276057156427, 2768.7734866533324]], '바', 0.027568886826973227)]
[([[1425, 2122], [1561, 2122], [1561, 2173], [1425, 2173]], '~스', 0.08013779452115537), ([[1616, 2138], [1680, 2138], [1680, 2188], [1616, 2188]], '', 0.0)]
[]
[([[1483.7437825857835, 1082.065934564943], [1568.8033409266102, 1053.3320404676228], [1612.2562174142165, 1200.934065435057], [1526.1966590733898, 1230.6679595323772]], '@', 0.37064635941584356)]
[([[428, 898], [532, 898], [532, 975], [428, 975]], '|-', 0.014757316632337947)]
[([[428, 898], [537, 898], [537, 975], [428, 975]], '꼴-', 0.02153399440788668), ([[398, 2111], [449, 2111], [449, 2159], [398, 2159]], '시', 0.9259564820585098)]
[]
[]
[([[1920, 1501], [1997, 1501], [1997, 1590], [1920, 1590]], '7', 0.3650582228942909), ([[1203, 2247], [1233, 2247], [1233, 2416], [1203, 2416]], '{', 0.7465123123144544)]
[([[185, 97], [348, 97], [348, 289], [185, 289]], '!?', 0.9932980829451011), ([[592, 118], [723, 118], [723, 221], [592, 221]], '~', 0.4293350824874018), ([[1847, 443], [1898, 443], [1898, 510], [1847, 510]], '너', 0.12738454972219504), ([[569, 1368], [679, 1368], [679, 1423], [569, 1423]], '녀', 0.002477830321654398), ([[889, 1436], [989, 1436], [989, 1544], [889, 1544]], '', 0.0)]
[]
[([[1920, 1501], [1997, 1501], [1997, 1592], [1920, 1592]], '7', 0.07062288344549561), ([[1203, 2247], [1231, 2247], [1231, 2416], [1203, 2416]], '{', 0.35847379184503225)]
[([[185, 97], [346, 97], [346, 289], [185, 289]], '!?', 0.9958147746512525), ([[592, 118], [725, 118], [725, 221], [592, 221]], '~', 0.4430500229695191), ([[1847, 443], [1898, 443], [1898, 510], [1847, 510]], '4', 0.12777370437177993), ([[572, 1368], [672, 1368], [672, 1421], [572, 1421]], '새', 0.014474702526717786), ([[885, 1432], [986, 1432], [986, 1553], [885, 1553]], '스', 0.1000994311063943), ([[1052, 1453], [1143, 1453], [1143, 1537], [1052, 1537]], '소', 0.02888772603683165), ([[429.4002652655213, 316.5006631638032], [506.5215163497922, 253.46991919669208], [538.5997347344787, 304.4993368361968], [462.4784836502078, 367.53008080330795]], "'", 0.06126652648332098)]
[]
[]
[([[1530, 2478], [1773, 2478], [1773, 2742], [1530, 2742]], '1)', 0.04268308099684796), ([[123.59523065001055, 2073.076121980097], [326.5891596451738, 1912.793618997624], [379.40476934998946, 2006.923878019903], [176.41084035482615, 2168.206381002376]], "'", 0.6386825291514278)]
[([[275, 390], [352, 390], [352, 492], [275, 492]], '|', 0.010741423603457756), ([[1646, 1032], [1688, 1032], [1688, 1105], [1646, 1105]], '4', 0.9614248668134593)]
[([[286, 263], [445, 263], [445, 424], [286, 424]], ')', 0.02336008029548342), ([[1842, 312], [1950, 312], [1950, 456], [1842, 456]], '{', 0.38349425860866404), ([[188, 476], [279, 476], [279, 603], [188, 603]], ')', 0.028799398778798002), ([[1635, 1034], [1677, 1034], [1677, 1094], [1635, 1094]], '7', 0.37997563816077573), ([[1518, 1299], [1562, 1299], [1562, 1362], [1518, 1362]], '너', 0.1963623096667675), ([[889, 1604], [915, 1604], [915, 1635], [889, 1635]], ')', 0.08744847415313473), ([[1609.790403653943, 1795.1053008274757], [1649.5494803420056, 1760.0215996565296], [1735.209596346057, 1865.8946991725243], [1695.4505196579944, 1900.9784003434704]], '국', 0.3489338492273788)]
[([[1866, 394], [1945, 394], [1945, 505], [1866, 505]], '1', 0.4882164382456864), ([[254.42507074287457, 1973.8550424457248], [357.28086344739046, 1915.9626216110646], [396.57492925712546, 1990.1449575542752], [294.71913655260954, 2048.0373783889354]], '시', 0.022576276823756736)]
[([[33, 26], [455, 26], [455, 66], [33, 66]], '맣역+동깨아7.어항/+역`역교역싣4', 1.3990429395844293e-06), ([[32, 66], [401, 66], [401, 109], [32, 109]], '{#`역,역싣4{#,6형*.%줄', 1.8092335024515301e-06)]
[([[32, 24], [455, 24], [455, 68], [32, 68]], '"역+석형미.네령항/+#`역,즉싣4', 9.167816854588698e-07), ([[32, 66], [401, 66], [401, 109], [32, 109]], '{쑤`역,역싣4 {떨,3어*%줄_', 1.081324414467354e-06), ([[1756, 370], [1859, 370], [1859, 487], [1756, 487]], '', 0.0), ([[998, 1210], [1118, 1210], [1118, 1298], [998, 1298]], '사', 0.03126639620454896)]
[([[35, 24], [455, 24], [455, 66], [35, 66]], '"역+싣연형7 네아/#`역역싣4', 5.0698877300479375e-06), ([[820, 0], [945, 0], [945, 56], [820, 56]], '시', 0.4780341955271439), ([[32, 66], [401, 66], [401, 109], [32, 109]], '{#`역,역싣4{떨,6형*.%줄', 7.986054973528033e-07), ([[74, 1777], [160, 1777], [160, 1910], [74, 1910]], '~', 0.15886914033384958), ([[651, 1933], [723, 1933], [723, 2017], [651, 2017]], '9', 0.0420192504465291)]
[([[1679, 95], [1729, 95], [1729, 148], [1679, 148]], '너', 0.7209243398009768), ([[392, 394], [598, 394], [598, 586], [392, 586]], '??', 0.4632785217357973), ([[1909, 2422], [1949, 2422], [1949, 2489], [1909, 2489]], '7', 0.9938117930397006), ([[772.2454602204402, 30.021915791571473], [862.5039368909657, 82.9452963731759], [777.7545397795598, 227.97808420842853], [687.4960631090343, 175.05470362682408]], '}', 0.21492121094244343)]
[([[1811, 1472], [1867, 1472], [1867, 1538], [1811, 1538]], '니', 0.07541746836850027)]
