2469263
35
[([[117, 9], [181, 9], [181, 29], [117, 29]], '(어4~', 0.0041397674940526485), ([[47, 7], [161, 7], [161, 49], [47, 49]], '뉴위안', 0.0018753245309920713), ([[157, 25], [183, 25], [183, 45], [157, 45]], '78', 0.927757907130741), ([[23, 471], [424, 471], [424, 598], [23, 598]], '+버요류5', 0.0008564153566430264), ([[26, 580], [430, 580], [430, 706], [26, 706]], '학이긋단', 0.03352820500731468), ([[25, 687], [430, 687], [430, 811], [25, 811]], '궁름등리3}', 0.01418209830240517), ([[69, 793], [437, 793], [437, 914], [69, 914]], '으철0[군', 0.01987830153524705), ([[469, 891], [587, 891], [587, 929], [469, 929]], '이의)0~', 0.0003378517485627471), ([[25, 910], [443, 910], [443, 946], [25, 946]], '_확@|청@`{교_진 -묘-증. $@퍽@|`', 7.518468329399124e-08), ([[28, 940], [442, 940], [442, 972], [28, 972]], '10 훨@미맣9  치@- 0@- `시어) @@갈@3', 6.758621922605724e-06), ([[458, 924], [599, 924], [599, 980], [458, 980]], '락기빛껴]', 2.4948530435835532e-06)]
[([[334, 96], [472, 96], [472, 122], [334, 122]], '그꼬마가말한 대로', 0.7795601539527058), ([[112, 132], [166, 132], [166, 156], [112, 156]], '그때는', 0.6762434734202549), ([[360, 126], [466, 126], [466, 150], [360, 150]], '당신이내 곁에', 0.9612040367026041), ([[358, 154], [444, 154], [444, 178], [358, 178]], '임게 된다면', 0.4357247472159203), ([[541, 305], [577, 305], [577, 325], [541, 325]], '아직', 0.9994337619093979), ([[486, 406], [552, 406], [552, 430], [486, 430]], '이틀지도', 0.5336648225784302), ([[489, 437], [553, 437], [553, 457], [489, 457]], '모르지만', 0.9958451986312866), ([[102, 460], [132, 460], [132, 484], [102, 484]], '응?', 0.9275668509712457), ([[84, 488], [150, 488], [150, 512], [84, 512]], '왜 그래?', 0.9925410773476578), ([[85, 515], [148, 515], [148, 543], [85, 543]], '화낫어?', 0.6153402328491211), ([[550, 678], [586, 678], [586, 702], [550, 702]], '저7', 0.9862316945046459), ([[554, 712], [596, 712], [596, 740], [554, 740]], '당신', 0.9999391404931851), ([[71, 819], [117, 819], [117, 855], [71, 855]], '나름', 0.7525720594410048), ([[72, 858], [120, 858], [120, 890], [72, 890]], '안아', 0.9661396052304745)]
[([[116, 42], [230, 42], [230, 66], [116, 66]], '자 잠깐만 코야', 0.7535319106177183), ([[126, 72], [228, 72], [228, 96], [126, 96]], '방금의 일본어', 0.9768773010721783), ([[120, 100], [236, 100], [236, 124], [120, 124]], '이해하지 못햇어', 0.29934942092365546), ([[190, 128], [220, 128], [220, 152], [190, 152]], '옛??', 0.1835530471051233), ([[154, 147], [252, 147], [252, 172], [154, 172]], '나 아직까지도', 0.8307946687821828), ([[176, 168], [232, 168], [232, 194], [176, 194]], '일보어로', 0.2541891634464264), ([[157, 193], [249, 193], [249, 213], [157, 213]], '고민하느거야?', 0.597473406159456), ([[63, 361], [99, 361], [99, 381], [63, 381]], '이건', 0.9861352867694718), ([[238, 646], [310, 646], [310, 670], [238, 670]], '나는항상', 0.485665887594223), ([[493, 727], [529, 727], [529, 747], [493, 747]], '나의', 0.9997324622889866), ([[486, 754], [538, 754], [538, 782], [486, 782]], '운명흘', 0.46075853693130303), ([[478, 782], [542, 782], [542, 808], [478, 808]], '거스르는', 0.9070547223091125), ([[490, 814], [528, 814], [528, 838], [490, 838]], '방법', 0.9998147274812601)]
[([[514, 174], [576, 174], [576, 204], [514, 204]], '당신올', 0.7095283991534125), ([[502, 207], [587, 207], [587, 243], [502, 243]], '좋아차어', 0.1877097487449646), ([[60, 542], [104, 542], [104, 572], [60, 572]], '유감', 0.9960344340160233), ([[49, 575], [114, 575], [114, 606], [49, 606]], '이지만', 0.9997551228334175), ([[80, 838], [124, 838], [124, 864], [80, 864]], '교야', 0.9261389209740449)]
[([[540, 62], [604, 62], [604, 86], [540, 86]], '그때부터', 0.9980401301324249), ([[554, 94], [590, 94], [590, 118], [554, 118]], '너는', 0.5373152523089925), ([[554, 120], [592, 120], [592, 148], [554, 148]], '계속', 0.9997569899206352), ([[224, 452], [250, 452], [250, 476], [224, 476]], '아', 0.9998805558588089)]
[([[114, 172], [200, 172], [200, 202], [114, 202]], '너말고는', 0.791756272315979), ([[126, 208], [188, 208], [188, 236], [126, 236]], '아무도', 0.9999685468057282), ([[112, 242], [202, 242], [202, 274], [112, 274]], '사랑할 수', 0.5114343437528118), ([[134, 280], [180, 280], [180, 310], [134, 310]], '없어', 0.9998849410424042), ([[542, 592], [606, 592], [606, 618], [542, 618]], '무리야', 0.9999952510409473), ([[454, 978], [488, 978], [488, 986], [454, 986]], '폭대 -', 0.00432776313258935)]
[([[145, 187], [197, 187], [197, 199], [145, 199]], '"#;:사5', 0.00040940610648626123), ([[85, 261], [109, 261], [109, 279], [85, 279]], '아', 0.9992444750719507), ([[73, 285], [119, 285], [119, 310], [73, 310]], '아니', 0.9981394710989248), ([[76, 316], [114, 316], [114, 340], [76, 340]], '그냥', 0.9995810017468472), ([[200, 508], [224, 508], [224, 534], [200, 534]], '왜', 0.9998433651276315), ([[502, 516], [526, 516], [526, 550], [502, 550]], '스', 0.9998780526148074), ([[184, 544], [238, 544], [238, 570], [184, 570]], '그래?', 0.9999945627862629), ([[55, 805], [91, 805], [91, 825], [55, 825]], '원가', 0.9938329257855689), ([[38, 832], [104, 832], [104, 856], [38, 856]], '긴장되서', 0.6152238249778748)]
[([[503, 97], [537, 97], [537, 117], [503, 117]], '사실', 0.9985181856943981), ([[319, 125], [405, 125], [405, 163], [319, 163]], '싸아-', 0.49864572286605835), ([[470, 124], [576, 124], [576, 148], [470, 148]], '이런 짓하는 건', 0.7082092173774608), ([[466, 152], [580, 152], [580, 178], [466, 178]], '결혼식날 밤으로', 0.6072835099954508), ([[474, 184], [570, 184], [570, 208], [474, 208]], '정해술엇거든', 0.1562228275047311), ([[446, 272], [494, 272], [494, 296], [446, 296]], '그치만', 0.9964153278960097), ([[445, 297], [477, 297], [477, 317], [445, 317]], '이렵', 0.1994387541964176), ([[447, 317], [493, 317], [493, 337], [447, 337]], '갑자기', 0.859625338927048), ([[190, 390], [256, 390], [256, 420], [190, 420]], '사랑해', 0.9998752892079613), ([[202, 426], [246, 426], [246, 452], [202, 452]], '교야', 0.9425854196893829), ([[383, 539], [453, 539], [453, 553], [383, 553]], '분위기가 식업다', 0.3286641863067288), ([[464, 804], [554, 804], [554, 828], [464, 828]], '그말 듣논거', 0.558348241926724), ([[468, 834], [550, 834], [550, 858], [468, 858]], '지곳지국해', 0.5573373946748255)]
[([[284, 41], [366, 41], [366, 90], [284, 90]], '할짝', 0.4532731930402113), ([[302, 66], [326, 66], [326, 90], [302, 90]], '2', 0.9850757863059698), ([[608, 592], [656, 592], [656, 600], [608, 600]], '좁"5:*', 0.0003265765735554282), ([[356, 628], [396, 628], [396, 654], [356, 654]], '으웃', 0.9321980769811), ([[433, 641], [477, 641], [477, 711], [433, 711]], '울', 0.3014463174915818), ([[426, 722], [500, 722], [500, 802], [426, 802]], '꽃', 0.017953928321992274), ([[63, 867], [97, 867], [97, 887], [63, 887]], '역시', 0.9969808406027616), ([[53, 893], [106, 893], [106, 918], [53, 918]], '바로는', 0.9415954010803919), ([[46, 924], [114, 924], [114, 948], [46, 948]], '안되젠지', 0.5750346779823303)]
[([[446, 112], [524, 112], [524, 136], [446, 136]], '활수없지;', 0.3398065135725828), ([[432, 140], [538, 140], [538, 166], [432, 166]], '준비운동하자;', 0.5949640319134298), ([[454, 170], [514, 170], [514, 196], [454, 196]], '알앞지?', 0.3564598262310028), ([[67, 301], [111, 301], [111, 381], [67, 381]], '육', 0.7708098306052911), ([[414, 390], [444, 390], [444, 414], [414, 414]], '하?', 0.9999266652712032), ([[589, 407], [609, 407], [609, 433], [589, 433]], '표', 0.686833600652367), ([[28, 490], [98, 490], [98, 514], [28, 514]], '뭐하는..?', 0.39618376723427307), ([[130, 656], [200, 656], [200, 682], [130, 682]], '기분 즐계', 0.5097705477712892), ([[122, 686], [210, 686], [210, 710], [122, 710]], '해 줄데니까', 0.5983856667910431), ([[123, 717], [207, 717], [207, 737], [123, 737]], '가만히 잃어', 0.4173394357289904)]
[([[221, 101], [261, 101], [261, 195], [221, 195]], '올', 0.08985955000076729), ([[264, 138], [290, 138], [290, 186], [264, 186]], '(', 0.9953036740564727), ([[99, 451], [125, 451], [125, 471], [99, 471]], '아', 0.9998741189519933), ([[317, 530], [357, 530], [357, 625], [317, 625]], '흙', 0.15504336680479103), ([[403, 637], [431, 637], [431, 655], [403, 655]], '아', 0.9991672581308855), ([[326, 657], [371, 657], [371, 751], [326, 751]], '월', 0.666829370191099), ([[40, 752], [112, 752], [112, 778], [40, 778]], '곧가켓네', 0.9910276532173157), ([[84, 830], [141, 830], [141, 925], [84, 925]], '움', 0.9761838793593256), ([[84, 914], [114, 914], [114, 942], [84, 942]], '@', 0.2683565503702745), ([[121, 917], [183, 917], [183, 979], [121, 979]], '넷', 0.2922573198191145), ([[435.39319060322396, 137.01674991835367], [514.2852537232413, 117.07534335244836], [564.606809396776, 339.98325008164636], [485.7147462767586, 359.9246566475516]], '올', 0.7967707255352288), ([[2.330410519993025, 322.0450378479484], [37.50249352980934, 309.02531405488753], [69.66958948000698, 405.9549621520516], [35.49750647019066, 417.97468594511247]], '물', 0.08711736461862163)]
[([[517, 149], [539, 149], [539, 167], [517, 167]], '이', 0.9998043871228823), ([[506, 174], [548, 174], [548, 198], [506, 198]], '10년', 0.9956883652433395), ([[508, 204], [546, 204], [546, 228], [508, 228]], '동안', 0.9998690943982164), ([[352, 390], [404, 390], [404, 414], [352, 414]], '정해진', 0.9992719992100179), ([[352, 420], [404, 420], [404, 446], [352, 446]], '운명올', 0.4085687055999349), ([[336, 448], [420, 448], [420, 474], [336, 474]], '받아들이지', 0.8600913761816531), ([[360, 478], [396, 478], [396, 502], [360, 502]], '만은', 0.9994497750926958), ([[352, 506], [406, 506], [406, 532], [352, 532]], '않있다', 0.3006288401829151)]
[([[47, 3], [95, 3], [95, 43], [47, 43]], '추육', 0.7198215560225683), ([[63, 811], [95, 811], [95, 831], [63, 831]], '그럼', 0.999876090513975)]
[([[20, 30], [54, 30], [54, 38], [20, 38]], "싸'", 0.029881739745222867), ([[126, 190], [194, 190], [194, 214], [126, 214]], '이번에는', 0.41614729166030884), ([[142, 216], [180, 216], [180, 240], [142, 240]], '같이', 0.997704949004105), ([[126, 244], [194, 244], [194, 268], [126, 268]], '기분증게', 0.906761884689331), ([[127, 273], [195, 273], [195, 293], [127, 293]], "되어불까'", 0.5392914072726263), ([[147, 301], [181, 301], [181, 317], [147, 317]], '코야', 0.9869208957271155), ([[63, 613], [97, 613], [97, 633], [63, 633]], '으웃', 0.888876663316499)]
[([[205, 143], [233, 143], [233, 163], [205, 163]], '에?', 0.9883409473906709), ([[163, 269], [197, 269], [197, 289], [163, 289]], '뭐야', 0.7901144547568417), ([[520, 706], [566, 706], [566, 736], [520, 736]], '간다', 0.9948091871235515)]
[([[72, 532], [96, 532], [96, 562], [72, 562]], '후', 0.2886525303113139), ([[593, 653], [613, 653], [613, 679], [593, 679]], '웃', 0.8134730557165462), ([[592, 702], [618, 702], [618, 728], [592, 728]], '하', 0.999902250771413), ([[62, 784], [88, 784], [88, 792], [62, 792]], '대어싸', 0.003480716775031403), ([[90, 870], [136, 870], [136, 902], [90, 902]], '좋아', 0.7211606491375708), ([[146.75859116709645, 730.2689005676121], [167.58834840541456, 716.0582579729272], [194.24140883290355, 757.7310994323879], [173.41165159458544, 771.9417420270728]], '중', 0.15343843879236374)]
[([[567, 21], [589, 21], [589, 41], [567, 41]], '아', 0.9997552783025618), ([[254, 88], [314, 88], [314, 112], [254, 112]], '좋다고?', 0.8167760372161865), ([[105, 271], [145, 271], [145, 291], [105, 291]], '그만!', 0.550286521497965), ([[50, 320], [78, 320], [78, 380], [50, 380]], '맛', 0.39063811313189944), ([[315, 427], [337, 427], [337, 445], [315, 445]], '아', 0.9998365707418522), ([[33, 419], [70, 419], [70, 516], [33, 516]], '"', 0.7888367444425946), ([[431, 571], [481, 571], [481, 591], [431, 591]], '무리야', 0.9999821053874435), ([[356, 708], [416, 708], [416, 734], [356, 734]], '멈출수', 0.9851192177920426), ([[366, 742], [406, 742], [406, 768], [366, 768]], '없어', 0.9999477383078429), ([[298, 902], [342, 902], [342, 932], [298, 932]], '으웃', 0.8001375854523046)]
[([[536, 62], [648, 62], [648, 94], [536, 94]], '조금만 더!', 0.9496811401930567), ([[422, 166], [458, 166], [458, 192], [422, 192]], '아!', 0.42369708551546365), ([[39, 215], [93, 215], [93, 227], [39, 227]], '#9', 0.01047096734408975), ([[446, 204], [478, 204], [478, 230], [446, 230]], '아!', 0.9611664945265561), ([[402, 236], [434, 236], [434, 262], [402, 262]], '맛!', 0.29631158746827174), ([[78, 290], [110, 290], [110, 316], [78, 316]], '아!', 0.9365963228622615), ([[536, 416], [560, 416], [560, 442], [536, 442]], '앗', 0.38371199245091603), ([[402, 564], [452, 564], [452, 590], [402, 590]], '조금만', 0.9998956612479264), ([[336, 712], [400, 712], [400, 742], [336, 742]], '조금만', 0.9999355107706566), ([[328, 748], [404, 748], [404, 778], [328, 778]], '더 하면!', 0.5950356931804897), ([[52, 772], [116, 772], [116, 802], [52, 802]], '위험해', 0.9992688335458669), ([[52, 808], [118, 808], [118, 838], [52, 838]], '안에다', 0.998427365092052), ([[42, 844], [126, 844], [126, 876], [42, 876]], '하고싶어', 0.9536831974983215), ([[420, 866], [448, 866], [448, 894], [420, 894]], '맛', 0.21687637945702054), ([[284, 890], [340, 890], [340, 914], [284, 914]], '곧간다', 0.9918100724474309)]
[([[548, 34], [614, 34], [614, 62], [548, 62]], '아앗! !', 0.35015592308428944), ([[618, 334], [654, 334], [654, 364], [618, 364]], '3"', 0.0181130877346193), ([[166, 510], [196, 510], [196, 534], [166, 534]], '아!', 0.969786688859367), ([[80, 942], [120, 942], [120, 968], [80, 968]], '하양', 0.06584820038625509), ([[518, 974], [568, 974], [568, 982], [518, 982]], '걸싸권5 ', 0.001711733396532017)]
[([[480, 550], [564, 550], [564, 574], [480, 574]], '거짓말챙이', 0.4313283837801078), ([[81, 571], [181, 571], [181, 595], [81, 595]], '기분 졸렉으면', 0.14439579315653464), ([[503, 581], [539, 581], [539, 601], [503, 601]], '!! !!', 0.5294048716237667), ([[73, 601], [191, 601], [191, 625], [73, 625]], '그렇다고말 해! !', 0.8849711888885581), ([[508, 630], [580, 630], [580, 654], [508, 654]], '왜 갑자기', 0.9584116064424211), ([[54, 644], [104, 644], [104, 668], [54, 668]], '말하지', 0.8771163284496287), ([[514, 652], [576, 652], [576, 676], [514, 676]], '멈렇어{}', 0.1516500618545365), ([[56, 668], [102, 668], [102, 692], [56, 692]], '함으면', 0.16133951812962558), ([[48, 692], [112, 692], [112, 716], [48, 716]], '모르다고{{', 0.20070436223668808), ([[343, 839], [429, 839], [429, 857], [343, 857]], '아니 그게..', 0.39952153427560816), ([[338, 864], [396, 864], [396, 888], [338, 888]], '난그냥', 0.9985901737069107), ([[404, 864], [442, 864], [442, 888], [404, 888]], '잠깐', 0.9999072781923767), ([[352, 892], [410, 892], [410, 916], [352, 916]], '놀라서.', 0.9990934729576111), ([[334, 922], [438, 922], [438, 946], [334, 946]], '그보다도 코야', 0.7123735004077291)]
[([[434, 978], [480, 978], [480, 986], [434, 986]], '내젖예', 0.0018938371711122032)]
[([[559, 87], [611, 87], [611, 107], [559, 107]], '뭐하고', 0.868951678276062), ([[562, 114], [608, 114], [608, 138], [562, 138]], '잃어?', 0.8550799575319217), ([[126, 130], [160, 130], [160, 154], [126, 154]], '이런', 0.999727152206375), ([[120, 158], [170, 158], [170, 182], [120, 182]], '곳메도', 0.33273000664751035), ([[212, 256], [278, 256], [278, 280], [212, 280]], '대단하네', 0.9852948710354283), ([[56, 192], [128, 192], [128, 460], [56, 460]], '흙', 0.19774547563180533), ([[351, 357], [397, 357], [397, 377], [351, 377]], '아무것', 0.5409426396914847), ([[304, 448], [340, 448], [340, 472], [304, 472]], '그냥', 0.6734493209069743), ([[296, 478], [346, 478], [346, 502], [296, 502]], '문신올', 0.5900445019068127), ([[280, 506], [364, 506], [364, 530], [280, 530]], '보고 있없어', 0.5648217314572151), ([[51, 721], [93, 721], [93, 737], [51, 737]], '어이!', 0.7810891751788083), ([[512, 722], [580, 722], [580, 746], [512, 746]], '어쩌다가', 0.9998718500137329), ([[527, 753], [563, 753], [563, 773], [527, 773]], '하게', 0.9961830425911034), ([[514, 780], [574, 780], [574, 804], [514, 804]], '된거야?', 0.6534291505813599), ([[312, 816], [378, 816], [378, 842], [312, 842]], '아섬을 것', 0.13745121361053134), ([[322, 846], [368, 846], [368, 870], [322, 870]], '같은데', 0.8535205158669211)]
[([[591, 57], [627, 57], [627, 77], [591, 77]], '비롯', 0.2388373583398701), ([[576, 84], [642, 84], [642, 108], [576, 108]], '떨번이고', 0.6125781536102295), ([[194, 94], [242, 94], [242, 118], [194, 118]], '추워~', 0.6083923650425674), ([[584, 112], [636, 112], [636, 138], [584, 138]], '운명올', 0.8675908451477571), ([[577, 145], [641, 145], [641, 165], [577, 165]], '거스트려', 0.48722806572914124), ([[120, 168], [162, 168], [162, 192], [120, 192]], '이방', 0.9983665263001267), ([[572, 172], [646, 172], [646, 196], [572, 196]], '해 방지만', 0.17981525920793973), ([[108, 198], [176, 198], [176, 222], [108, 222]], '난방 하지', 0.9240109738024934), ([[102, 226], [180, 226], [180, 250], [102, 250]], '않은 거야?', 0.9281557205392235), ([[67, 251], [103, 251], [103, 303], [67, 303]], '짙', 0.051831748992015925), ([[266, 338], [320, 338], [320, 362], [266, 362]], '여전히', 0.987704873085022), ([[259, 369], [323, 369], [323, 389], [259, 389]], '아무것도', 0.9390695591648253), ([[266, 396], [318, 396], [318, 420], [266, 420]], '변하지', 0.9983264207839966), ([[266, 426], [320, 426], [320, 452], [266, 452]], '않있다', 0.30642040813256627), ([[87, 539], [121, 539], [121, 559], [87, 559]], '보스', 0.7034760879913677), ([[462, 558], [496, 558], [496, 566], [462, 566]], '{ 어 `', 0.005044287038834226), ([[80, 566], [130, 566], [130, 590], [80, 590]], '우리논', 0.6860850273933488), ([[62, 596], [148, 596], [148, 620], [62, 620]], '저쪽에 가서', 0.9851711833973884), ([[203, 599], [337, 599], [337, 641], [203, 641]], '=:_ 4', 0.005957542032349351), ([[68, 624], [142, 624], [142, 650], [68, 650]], '한 잔 하고', 0.9023834635048461), ([[80, 654], [130, 654], [130, 678], [80, 678]], '임율게', 0.21578207076825937), ([[502, 710], [542, 710], [542, 734], [502, 734]], '만약', 0.9999870187953367), ([[486, 738], [560, 738], [560, 762], [486, 762]], '10년 후에', 0.860290082261325)]
[([[502, 86], [606, 86], [606, 110], [502, 110]], '기다길 것이다', 0.3369987327451913), ([[451, 259], [501, 259], [501, 279], [451, 279]], '그런데', 0.9999579191207886), ([[459, 289], [495, 289], [495, 307], [459, 307]], '코야', 0.9950290340143023), ([[540, 366], [578, 366], [578, 390], [540, 390]], '계속', 0.9999409949219661), ([[494, 396], [630, 396], [630, 420], [494, 420]], '좋아햇다고 햇잡아;', 0.2052611142457089), ([[520, 424], [600, 424], [600, 448], [520, 448]], '구체적으로', 0.9945389331706339), ([[382, 434], [434, 434], [434, 458], [382, 458]], '언젠가', 0.9989507599679202), ([[154, 448], [192, 448], [192, 472], [154, 472]], '설마', 0.9998572094633489), ([[524, 454], [598, 454], [598, 478], [524, 478]], '언제부터?', 0.9999848593742118), ([[34, 600], [128, 600], [128, 624], [34, 624]], '10년전부터', 0.9994414625768414), ([[54, 630], [110, 630], [110, 654], [54, 654]], '계속날', 0.9997883645406801), ([[28, 658], [132, 658], [132, 682], [28, 682]], '좋아켓던거야?', 0.23940200869447306), ([[229, 685], [257, 685], [257, 703], [229, 703]], '말고', 0.9970724721919749), ([[276, 860], [346, 860], [346, 884], [276, 884]], '내가먼저', 0.9997084736824036), ([[270, 890], [352, 890], [352, 914], [270, 914]], '질문햇는데', 0.4910102321402374), ([[50, 908], [76, 908], [76, 916], [50, 916]], ' 하공', 1.3554517590020415e-05)]
[([[35, 9], [171, 9], [171, 95], [35, 95]], '말도', 0.9998614239745245), ([[32, 92], [182, 92], [182, 172], [32, 172]], '안대', 0.9160741741988117), ([[229, 191], [285, 191], [285, 211], [229, 211]], '물어보지:', 0.6063215272997131), ([[234, 296], [296, 296], [296, 320], [234, 320]], '이상해?', 0.9997350573539734), ([[187, 323], [345, 323], [345, 347], [187, 347]], '당신은 나름 불때 마다', 0.6807006619802602), ([[400, 326], [480, 326], [480, 350], [400, 350]], '그렇다는건', 0.8205996922227524), ([[210, 352], [326, 352], [326, 378], [210, 378]], '항상 좋아한다고', 0.9558039059803125), ([[402, 354], [478, 354], [478, 378], [402, 378]], '내가좁더', 0.10750172287225723), ([[226, 382], [302, 382], [302, 406], [226, 406]], '말햇잡아?', 0.6806312862870866), ([[390, 384], [490, 384], [490, 408], [390, 408]], '시간이맡아서', 0.8356718537780986), ([[63, 429], [111, 429], [111, 449], [63, 449]], '그랫지', 0.4614267647266388), ([[36, 456], [138, 456], [138, 480], [36, 480]], '이 10 년종안', 0.9631957969049562), ([[50, 486], [120, 486], [120, 510], [50, 510]], '나는 계속', 0.6870604564746724), ([[498, 494], [568, 494], [568, 518], [498, 518]], '너름 보러', 0.7882035283706692), ([[16, 513], [159, 513], [159, 537], [16, 537]], '사랑하다고말햇지만', 0.7547742946771292), ([[468, 524], [602, 524], [602, 548], [468, 548]], '일본에 자주 머물던', 0.6149291516332545), ([[36, 544], [140, 544], [140, 568], [36, 568]], '너느 전혀 듣지', 0.5994460487814937), ([[456, 553], [612, 553], [612, 577], [456, 577]], '그때 부터 라느거야? !', 0.43339257173928103), ([[34, 574], [138, 574], [138, 598], [34, 598]], '않있다는거야?', 0.45570412905247676), ([[448, 684], [486, 684], [486, 708], [448, 708]], '맞아', 0.9995421473433012), ([[77, 873], [109, 873], [109, 893], [77, 893]], '그건', 0.9975196326709973), ([[76.07695210471836, 192.26933236651425], [185.62168619763662, 177.82907153078574], [189.92304789528166, 240.73066763348575], [81.37831380236338, 255.17092846921426]], '!!5!', 0.09132430702447891)]
[([[485, 91], [531, 91], [531, 111], [485, 111]], '그때는', 0.8182665772507997), ([[482, 120], [534, 120], [534, 144], [482, 144]], '사랑이', 0.9995179616581239), ([[466, 148], [552, 148], [552, 172], [466, 172]], '원지 몰쨌어', 0.15404092089186633), ([[468, 468], [602, 468], [602, 494], [468, 494]], '지금은알 것 같아?', 0.9555724811387781), ([[61, 665], [99, 665], [99, 683], [61, 683]], '성가스', 0.4604188291923947), ([[47, 707], [79, 707], [79, 727], [47, 727]], '걱정', 0.9997757861287769), ([[39, 735], [91, 735], [91, 755], [39, 755]], '하지마', 0.9993027612772745), ([[104, 844], [210, 844], [210, 868], [104, 868]], '아니그렇지만.', 0.9692024832059928), ([[127, 875], [199, 875], [199, 895], [127, 895]], '그때부터', 0.9999617338180542), ([[120, 902], [204, 902], [204, 926], [120, 926]], '답을 ?다면', 0.2773086841506847), ([[116, 930], [204, 930], [204, 956], [116, 956]], '졸앞스렉데..', 0.063869809748442), ([[136, 962], [188, 962], [188, 986], [136, 986]], '아쉽네', 0.8478704145163647), ([[505.2025477771711, 744.1658598874935], [544.8503372367495, 749.2408872874873], [541.797452222829, 770.8341401125065], [502.1496627632505, 766.7591127125127]], '아마', 0.9998525735070654)]
[([[222, 254], [294, 254], [294, 278], [222, 278]], '비록내가', 0.5340507286453604), ([[226, 282], [292, 282], [292, 306], [226, 306]], '그 꼬마큼', 0.3916657600999086), ([[237, 313], [283, 313], [283, 333], [237, 333]], '구하지', 0.9999260129376365), ([[218, 340], [298, 340], [298, 364], [218, 364]], '못하다라도', 0.29674679391301984), ([[566, 512], [616, 512], [616, 536], [566, 536]], '미래는', 0.9041935642599672), ([[480, 638], [536, 638], [536, 670], [480, 670]], '반드신', 0.671255125286664), ([[480, 668], [532, 668], [532, 692], [480, 692]], "'변하게", 0.9953610897064209), ([[480, 696], [536, 696], [536, 722], [480, 722]], '할거야', 0.5739297755637964), ([[139, 711], [177, 711], [177, 731], [139, 731]], '그가', 0.9999027264593935), ([[116, 740], [198, 740], [198, 764], [116, 764]], '그렇더라도', 0.9387369318964783)]
[([[508, 164], [560, 164], [560, 188], [508, 188]], '아무도', 0.9998617308202918), ([[279, 307], [427, 307], [427, 343], [279, 343]], '운명울터스트린', 0.05101135226418397), ([[316, 346], [388, 346], [388, 378], [316, 378]], '해문한', 0.29047875354752006), ([[298, 382], [408, 382], [408, 414], [298, 414]], '쾌;의내로', 0.0020500174113894185), ([[299, 420], [407, 420], [407, 452], [299, 452]], '분명 미래틀', 0.2842698319711806), ([[308, 456], [398, 456], [398, 488], [308, 488]], '비올거야', 0.10687368363142014), ([[135, 639], [201, 639], [201, 659], [135, 659]], '사라지게', 0.9816351532936096), ([[132, 666], [206, 666], [206, 690], [132, 690]], '두지않아', 0.9922865033149719), ([[37, 889], [214, 889], [214, 946], [37, 946]], '빗:)떠임8', 1.6781751492425753e-05), ([[150.43826238111393, 938.7506099048911], [210.85695338177052, 932.2572186472918], [211.56173761888607, 949.2493900951089], [152.14304661822948, 955.7427813527082]], '13 !', 0.074876586352932), ([[82.25628541884271, 941.5587995863798], [155.75316635042194, 934.8083309826532], [157.7437145811573, 960.4412004136202], [83.24683364957805, 966.1916690173468]], '없느;"', 0.19691899418830872)]
[([[31, 514], [416, 514], [416, 626], [31, 626]], '+ 국포{국?', 0.004116567849592953), ([[18, 598], [438, 598], [438, 840], [18, 840]], '며@륭', 0.007103171740905848), ([[73, 807], [423, 807], [423, 917], [73, 917]], '<쫓보', 0.009750433733209747), ([[31, 919], [344, 919], [344, 950], [31, 950]], '혼라+~덕기 소;+ 라7 간.3어:', 5.4615336970032327e-05), ([[354, 920], [584, 920], [584, 948], [354, 948]], '나탁아금{;~라] ,라,이어아못', 1.8677435547969585e-05), ([[32, 942], [636, 942], [636, 974], [32, 974]], '지이어-위이3^:: 10필.라, -뺨+서< .즌<,3장탈0 ~,라하.,+$', 1.0951049597735491e-07)]
[([[434, 98], [468, 98], [468, 124], [434, 124]], '여-', 0.9529243319227566), ([[430, 134], [474, 134], [474, 160], [430, 160]], '교야', 0.8412028090219787), ([[357, 369], [391, 369], [391, 389], [357, 389]], '그가', 0.9999148644275015), ([[336, 396], [408, 396], [408, 420], [336, 420]], '말한 대로', 0.9929780319600214), ([[348, 426], [400, 426], [400, 450], [348, 450]], '당신이', 0.9957499974717168), ([[346, 456], [402, 456], [402, 480], [346, 480]], '내 곁에', 0.4778658151626587), ([[354, 484], [392, 484], [392, 508], [354, 508]], '임게', 0.6663434198854511), ([[348, 514], [398, 514], [398, 538], [348, 538]], '된다면', 0.7916092709942257), ([[86, 692], [128, 692], [128, 718], [86, 718]], '지금', 0.9999914020537298), ([[312, 628], [598, 628], [598, 714], [312, 714]], '말라-품', 0.00018002699653152376), ([[68, 726], [144, 726], [144, 756], [68, 756]], '한가해?', 0.9962412714958191), ([[315, 701], [613, 701], [613, 791], [315, 791]], '(코딸7360', 0.005133558418063146), ([[315, 775], [607, 775], [607, 865], [315, 865]], '루어8다', 0.01847918890416622), ([[312, 848], [541, 848], [541, 938], [312, 938]], '078', 0.03691022517888772)]
[([[554, 20], [606, 20], [606, 44], [554, 44]], '일본의', 0.9941603108833139), ([[554, 48], [604, 48], [604, 72], [554, 72]], '겨울은', 0.9281202781656531), ([[546, 78], [614, 78], [614, 102], [546, 102]], '변함없이', 0.7866114377975464), ([[478, 106], [532, 106], [532, 130], [478, 130]], '이렇게', 0.7781872740148379), ([[562, 108], [598, 108], [598, 132], [562, 132]], '흉네', 0.16793220012120152), ([[470, 134], [542, 134], [542, 158], [470, 158]], '큰집예서', 0.3309749662876129), ([[452, 164], [558, 164], [558, 188], [452, 188]], '혼자 지내다니;', 0.7876546136126588), ([[464, 192], [544, 192], [544, 216], [464, 216]], '훔지않아?', 0.3931066836469735), ([[82, 218], [150, 218], [150, 250], [82, 250]], '여기온', 0.9966887139582349), ([[84, 256], [150, 256], [150, 284], [84, 284]], '이유가', 0.9993540316713002), ([[413, 287], [463, 287], [463, 307], [413, 307]], '코야가', 0.9972659258807565), ([[88, 292], [144, 292], [144, 322], [88, 322]], '뛰야?', 0.28043700469170835), ([[490, 292], [516, 292], [516, 320], [490, 320]], '7', 0.9977427360500002), ([[218, 316], [256, 316], [256, 342], [218, 342]], '치,국', 0.18382109922650927), ([[402, 310], [470, 310], [470, 334], [402, 334]], '있논곳만', 0.13881433010101318), ([[201, 341], [261, 341], [261, 359], [201, 359]], '치사해{{', 0.5399337737336142), ([[386, 336], [484, 336], [484, 360], [386, 360]], '따뜻하짙아? !', 0.668290150269149), ([[400, 360], [470, 360], [470, 384], [400, 384]], '맞출제작', 0.23157663643360138), ([[396, 386], [478, 386], [478, 410], [396, 410]], '되어임구나', 0.41449187138147997), ([[489, 365], [507, 365], [507, 401], [489, 401]], '?', 0.8830219893943649), ([[24, 512], [74, 512], [74, 520], [24, 520]], '하  소어-', 0.00033030252537492356), ([[270, 516], [316, 516], [316, 540], [270, 540]], '그들은', 0.9976594050515643), ([[212, 572], [278, 572], [278, 596], [212, 596]], '주저하지', 0.9365463359601316), ([[226, 600], [262, 600], [262, 624], [226, 624]], '않고', 0.6212392492937742), ([[229, 631], [281, 631], [281, 651], [229, 651]], '것이다', 0.7482829695042807), ([[458, 772], [532, 772], [532, 798], [458, 798]], '봉고레가', 0.9856009483337402), ([[68, 788], [104, 788], [104, 812], [68, 812]], '설렁', 0.5471373704757988), ([[60, 816], [112, 816], [112, 840], [60, 840]], '자신의', 0.9999552635490495), ([[450, 804], [544, 804], [544, 834], [450, 834]], '밀피오레와', 0.8583038070101224), ([[60, 846], [110, 846], [110, 870], [60, 870]], '운명올', 0.6491630685623482), ([[466, 838], [524, 838], [524, 866], [466, 866]], '협상을', 0.5149071745370748), ([[52, 876], [120, 876], [120, 900], [52, 900]], '알고있다', 0.9987157583236694), ([[444, 870], [546, 870], [546, 898], [444, 898]], '하고 잇는것', 0.4803663350760634), ([[66, 904], [104, 904], [104, 928], [66, 928]], '해도', 0.9999522058083213), ([[476, 902], [516, 902], [516, 928], [476, 928]], '같아', 0.9940134132548754)]
[([[70, 40], [142, 40], [142, 68], [70, 68]], '디오씨는', 0.16559644043445587), ([[38, 70], [176, 70], [176, 100], [38, 100]], '일본에 아는 동안', 0.3493031205053287), ([[518, 72], [596, 72], [596, 98], [518, 98]], '10년 전의', 0.5506409709573059), ([[44, 98], [170, 98], [170, 126], [44, 126]], '향상 히바리씨', 0.6031189100510231), ([[530, 102], [584, 102], [584, 128], [530, 128]], '그들이', 0.9999281465077696), ([[54, 130], [162, 130], [162, 156], [54, 156]], '곁에 아네요', 0.43304208700791763), ([[544, 132], [568, 132], [568, 156], [544, 156]], '곧', 0.9999088069726305), ([[522, 160], [592, 160], [592, 186], [522, 186]], '도착한다', 0.5274655818939209), ([[294, 274], [390, 274], [390, 302], [294, 302]], '10년 후어도', 0.33456129091805026), ([[302, 306], [384, 306], [384, 332], [302, 332]], '향상 들이', 0.9078642423333207), ([[322, 334], [364, 334], [364, 360], [322, 360]], '함께', 0.9995833616814861), ([[319, 360], [403, 360], [403, 392], [319, 392]], '있없어요', 0.41919538378715515), ([[470, 432], [540, 432], [540, 458], [470, 458]], "모든 것'", 0.5491158257523536), ([[472, 462], [538, 462], [538, 486], [472, 486]], '정상으로', 0.932020012959759), ([[472, 492], [540, 492], [540, 516], [472, 516]], '되돌리기', 0.9996354579925537), ([[488, 520], [524, 520], [524, 544], [488, 544]], '위해', 0.9999608879486127), ([[346, 528], [396, 528], [396, 560], [346, 560]], '어위', 0.9013957621573697), ([[362, 556], [406, 556], [406, 586], [362, 586]], '{방금', 0.4686048552616023), ([[390, 582], [430, 582], [430, 610], [390, 610]], '어?', 0.43990450613443915), ([[354, 592], [402, 592], [402, 620], [354, 620]], '들업', 0.3639215845084189), ([[374, 611], [421, 611], [421, 642], [374, 642]], '코야', 0.9547809431862083), ([[268, 666], [320, 666], [320, 690], [268, 690]], '짜증나', 0.4971730445944241), ([[516, 758], [588, 758], [588, 782], [516, 782]], '내운명이', 0.9901944398880005), ([[510, 788], [594, 788], [594, 812], [510, 812]], '그들에 의해', 0.9526678155774865), ([[492, 816], [610, 816], [610, 840], [492, 840]], '바필 것이라해도', 0.9271793351395528), ([[50, 828], [172, 828], [172, 854], [50, 854]], '지금까지 70년간', 0.49008755444900487), ([[26, 858], [193, 858], [193, 882], [26, 882]], '미래들 거스르려고해도,', 0.2436880940374466), ([[52, 886], [170, 886], [170, 912], [52, 912]], '무슨 일이 있어도', 0.7713666307271883), ([[44, 916], [177, 916], [177, 940], [44, 940]], '결국 정해진 미래에', 0.7947584230016436), ([[54, 946], [168, 946], [168, 970], [54, 970]], '도달하게 되없어', 0.9524333120068531)]
[([[572, 82], [618, 82], [618, 110], [572, 110]], '정말', 0.9999836883706708), ([[564, 154], [628, 154], [628, 184], [564, 184]], '지루하', 0.4632033610464865), ([[572, 190], [620, 190], [620, 220], [572, 220]], '10년', 0.998588315769436), ([[568, 228], [626, 228], [626, 256], [568, 256]], '이웃어', 0.38897960276391247), ([[110, 674], [210, 674], [210, 706], [110, 706]], '흥분되는겉', 0.6435040680189426), ([[482, 668], [538, 668], [538, 694], [482, 694]], '(제부트', 0.5238239169120789), ([[454, 704], [540, 704], [540, 734], [454, 734]], '시작이라', 0.9983144402503967), ([[464, 740], [544, 740], [544, 770], [464, 770]], '생각하면', 0.9999337792396545), ([[408, 756], [470, 756], [470, 782], [408, 782]], '그리고', 0.9999912591646607), ([[386, 792], [490, 792], [490, 820], [386, 820]], '내가 모르는', 0.9701359480679805), ([[408, 830], [468, 830], [468, 856], [408, 856]], '미래로', 0.9998123840030909), ([[364, 864], [512, 864], [512, 896], [364, 896]], '걸어갈 수 있다고', 0.8536758898540457), ([[398, 902], [480, 902], [480, 932], [398, 932]], '생각하면', 0.9999487996101379)]
[([[328, 96], [380, 96], [380, 120], [328, 120]], '죽으면', 0.9737795349137818), ([[336, 126], [372, 126], [372, 150], [336, 150]], '안돼', 0.9122830384379348), ([[244, 662], [310, 662], [310, 686], [244, 686]], '누구에게', 0.4977479577064514), ([[250, 690], [302, 690], [302, 714], [250, 714]], '말하고', 0.9958574423776531), ([[238, 720], [312, 720], [312, 744], [238, 744]], '있는거야?', 0.2691249045059586), ([[96, 806], [222, 806], [222, 836], [96, 836]], '나름 가르친건', 0.7850245777867787), ([[108, 842], [212, 842], [212, 872], [108, 872]], '당신이잡아', 0.9334802370832826)]
[([[506, 12], [590, 12], [590, 44], [506, 44]], '처음에는', 0.876961350440979), ([[506, 50], [588, 50], [588, 78], [506, 78]], '봉고레블', 0.1118454560637474), ([[66, 64], [154, 64], [154, 94], [66, 94]], '내가 너클', 0.5342479048153164), ([[49, 91], [172, 91], [172, 124], [49, 124]], '필요 이상으로', 0.9976623729069476), ([[486, 86], [608, 86], [608, 116], [486, 116]], '위해서엿든지', 0.2997191576290211), ([[64, 122], [156, 122], [156, 152], [64, 152]], '가르친 건', 0.6788262281898787), ([[516, 124], [578, 124], [578, 150], [516, 150]], '몰라도', 0.4510124505983195), ([[37, 148], [180, 148], [180, 180], [37, 180]], '다른 누구보다도', 0.9981197019199662), ([[70, 182], [152, 182], [152, 212], [70, 212]], '강해저서', 0.8437992334365845), ([[56, 210], [158, 210], [158, 238], [56, 238]], '자기자신올', 0.8402176477329815), ([[38, 238], [186, 238], [186, 268], [38, 268]], '지료으면 해서야', 0.9697980728510606), ([[428, 412], [510, 412], [510, 442], [428, 442]], '그러니까', 0.99958336353302), ([[392, 448], [542, 448], [542, 478], [392, 478]], '내가 없는 사이에', 0.634412278439389), ([[412, 484], [524, 484], [524, 514], [412, 514]], '죽으면 안돼,', 0.9149068582299518), ([[446, 520], [490, 520], [490, 546], [446, 546]], '교야', 0.9471665188291306), ([[142, 776], [198, 776], [198, 800], [142, 800]], '10년후', 0.9851146936416626), ([[148.5430712064641, 746.3775281716354], [189.4412004136202, 744.2562854188427], [190.4569287935359, 769.6224718283646], [149.5587995863798, 772.7437145811573]], '만약', 0.9999700758686951)]
