2472790
10
[([[1028, 6], [1220, 6], [1220, 60], [1028, 60]], '역)식: 미농', 0.21428796636547642), ([[279, 51], [437, 51], [437, 91], [279, 91]], '860809', 0.06172672517572095), ([[428, 37], [556, 37], [556, 98], [428, 98]], "'유다", 0.2898565060032506), ([[347, 91], [543, 91], [543, 127], [347, 127]], '8259 856', 0.1823121156510494), ([[317, 281], [343, 281], [343, 301], [317, 301]], '9', 0.9678397936377223), ([[282, 288], [314, 288], [314, 320], [282, 320]], '증', 0.1960944728708114), ([[86, 372], [110, 372], [110, 398], [86, 398]], '3', 0.002302846834505559), ([[278, 296], [380, 296], [380, 394], [278, 394]], '@@', 0.03671937651880458), ([[54, 384], [80, 384], [80, 410], [54, 410]], '5', 0.40695450216776763), ([[904, 594], [952, 594], [952, 622], [904, 622]], '셋수', 0.048240430276640156), ([[970, 590], [1122, 590], [1122, 622], [970, 622]], '즉물퍽아5서.!', 1.4144969108001452e-05), ([[904, 642], [952, 642], [952, 670], [904, 670]], '슈비', 0.09398765154568468), ([[972, 640], [1014, 640], [1014, 670], [972, 670]], ';7', 0.12155863015256935), ([[904, 688], [952, 688], [952, 716], [904, 716]], '주@', 0.2727127203376979), ([[970, 686], [1012, 686], [1012, 718], [970, 718]], ';7', 0.0442112367140831), ([[41, 773], [173, 773], [173, 793], [41, 793]], '18 +규초 벼', 0.029965696960495693), ([[182, 772], [276, 772], [276, 796], [182, 796]], '한비3소', 0.18375737965106964), ([[36, 786], [280, 786], [280, 834], [36, 834]], "'-신네7 @-추", 0.0007491448291988833), ([[356.41044309612664, 285.12835447690134], [530.333055496716, 216.80083558634894], [563.5895569038734, 306.87164552309866], [388.6669445032839, 375.19916441365103]], '[퍼해', 0.008137618365214134), ([[36.876789238841155, 409.2658995537982], [281.56053902699796, 321.0922383098977], [307.1232107611589, 409.7341004462018], [62.439460973002056, 497.9077616901023]], '[@선', 0.08537947362142084)]
[([[138, 1110], [336, 1110], [336, 1262], [138, 1262]], '$', 0.24414373801234035)]
[([[189, 115], [393, 115], [393, 155], [189, 155]], '책 앞의 친구에계', 0.6138928162999618), ([[119, 201], [467, 201], [467, 245], [119, 245]], '여차할 때는 기분을 밝게 해서', 0.54055077504218), ([[133, 249], [448, 249], [448, 298], [133, 298]], '현실로부터 벗어나서 보세요', 0.7269997510787919)]
[([[405, 85], [479, 85], [479, 121], [405, 121]], '울프론은', 0.23431774973869324), ([[238, 114], [292, 114], [292, 142], [238, 142]], '주인은', 0.9997847168926918), ([[406, 114], [460, 114], [460, 146], [406, 146]], '오늘도', 0.9991009864514125), ([[238, 140], [326, 140], [326, 172], [238, 172]], '큰일 낫네', 0.5107496046842488), ([[405, 135], [511, 135], [511, 171], [405, 171]], '자신의 털을', 0.5026754540660116), ([[406, 162], [540, 162], [540, 194], [406, 194]], '브러시로 정리중', 0.8332206487418142), ([[64, 178], [164, 178], [164, 202], [64, 202]], '그르로로로 ', 0.2918857734388022), ([[64, 204], [108, 204], [108, 228], [64, 228]], '아-', 0.9813515446843474), ([[118, 202], [202, 202], [202, 232], [118, 232]], '답답하네', 0.9998268485069275), ([[70, 226], [146, 226], [146, 256], [70, 256]], '\'"짜증나', 0.8302003886751045)]
[([[57, 619], [164, 619], [164, 651], [57, 651]], '어라, 어라?', 0.8413758328507785), ([[58, 654], [184, 654], [184, 686], [58, 686]], '빨간 도깨비의', 0.8866052067882056), ([[428, 652], [488, 652], [488, 684], [428, 684]], '혼자서', 0.9975997522995041), ([[58, 688], [186, 688], [186, 720], [58, 720]], '근 쇠 용둥이가', 0.4759972901395907), ([[428, 684], [546, 684], [546, 716], [428, 716]], '어려운 부분은', 0.9980321621273667), ([[58, 720], [222, 720], [222, 752], [58, 752]], '또한 자루 생겪다!', 0.5206991761492835), ([[430, 720], [556, 720], [556, 752], [430, 752]], '빨간 도깨비가', 0.9547302803895475), ([[428, 752], [506, 752], [506, 782], [428, 782]], '도와줍다', 0.6634859442710876)]
[([[465, 141], [627, 141], [627, 177], [465, 177]], '오늘은 화장울 하고', 0.6287449482147619), ([[475, 175], [629, 175], [629, 211], [475, 211]], '파티틀 위해 외출', 0.9154550933193363), ([[464, 208], [628, 208], [628, 240], [464, 240]], '반짝반짝한 부출는', 0.7278238212860054), ([[499, 241], [629, 241], [629, 279], [499, 279]], "'당신의 구두름", 0.2899258470793436), ([[518, 276], [628, 276], [628, 308], [518, 308]], '흘계습니다]', 0.06376816532254004), ([[526, 310], [628, 310], [628, 342], [526, 342]], '라는 말으로', 0.6773346401773283), ([[516, 344], [626, 344], [626, 370], [516, 370]], '마조히스트의', 0.9837341052684496), ([[530, 378], [626, 378], [626, 404], [530, 404]], '사인이에요', 0.9960163349333528), ([[30, 670], [152, 670], [152, 706], [30, 706]], '멋권 중인남은', 0.50205835186355), ([[31, 703], [185, 703], [185, 741], [31, 741]], '발전활 순 인웅까', 0.08795495863157948)]
[([[176, 78], [222, 78], [222, 110], [176, 110]], '항상', 0.9995298421363646), ([[2, 116], [132, 116], [132, 148], [2, 148]], "'웃은 적 없어!", 0.6278695756028112), ([[150, 114], [244, 114], [244, 140], [150, 140]], '배드엔드로', 0.9904656838133321), ([[6, 150], [124, 150], [124, 182], [6, 182]], '울고 있없다!_', 0.49863293959218735), ([[159, 143], [239, 143], [239, 179], [159, 179]], '끝나지만', 0.9985321760177612), ([[468, 150], [540, 150], [540, 182], [468, 182]], "'중인남올", 0.5882459737712397), ([[170, 180], [226, 180], [226, 212], [170, 212]], '오늘은', 0.998860611767596), ([[463, 181], [549, 181], [549, 219], [463, 219]], "'발견해서", 0.5801759555055263), ([[149, 211], [249, 211], [249, 247], [149, 247]], '웃는 얼굴로', 0.9629367219496636), ([[469, 215], [545, 215], [545, 251], [469, 251]], "'울프론도", 0.2714447324266144), ([[141, 243], [257, 243], [257, 279], [141, 279]], '울트라 해피', 0.46451057262649365), ([[444, 252], [484, 252], [484, 278], [444, 278]], '엄청', 0.982406043173802), ([[486, 250], [568, 250], [568, 278], [486, 278]], '기뻐한다', 0.995452880859375)]
[([[427, 25], [587, 25], [587, 61], [427, 61]], '재미있는 색칠공부', 0.3658789841131135), ([[494, 58], [586, 58], [586, 84], [494, 84]], '갈아입은 울프론', 0.6793857704153416), ([[6, 232], [124, 232], [124, 264], [6, 264]], '오늘이야 말로', 0.9974624369751617), ([[4, 264], [96, 264], [96, 296], [4, 296]], '프리규어름', 0.16270636687662454), ([[6, 297], [107, 297], [107, 325], [6, 325]], '쓰러트린다!', 0.9648007601604303)]
[([[264, 100], [378, 100], [378, 128], [264, 128]], '속욕은 움직이기', 0.7125497505878009), ([[258, 132], [382, 132], [382, 160], [258, 160]], '편한 거로 고르다', 0.6076573344033395), ([[2, 150], [110, 150], [110, 174], [2, 174]], '배드 에너지가', 0.9996102787803518), ([[2, 184], [82, 184], [82, 210], [2, 210]], '좀 더 밝게', 0.9459371689436044), ([[2, 215], [106, 215], [106, 245], [2, 245]], '라고 속삭인다', 0.5781792396187739)]
[([[258, 144], [294, 144], [294, 168], [258, 168]], '너도', 0.9998792092689938), ([[331, 145], [367, 145], [367, 165], [331, 165]], '하러', 0.9942904318086432), ([[291, 179], [337, 179], [337, 199], [291, 199]], '오라고', 0.995337188243866), ([[118, 490], [262, 490], [262, 516], [118, 516]], '*{## 흡 0 밥#^', 0.03061299177193677), ([[118, 514], [278, 514], [278, 538], [118, 538]], '17**이##책습 (', 0.0726884133797954), ([[118, 536], [270, 536], [270, 560], [118, 560]], '##4< < 1한 ', 0.06417346402288332), ([[99, 599], [167, 599], [167, 639], [99, 639]], '횟사', 0.06908842002027898), ([[201, 626], [307, 626], [307, 644], [201, 644]], '*0-077-자', 0.04011198689019793), ([[233, 636], [308, 636], [308, 662], [233, 662]], '3*51보', 0.01111833703806496), ([[86, 660], [336, 660], [336, 692], [86, 692]], '[>어_:::: -0 3시[!!]', 0.00024205401217842945), ([[84, 708], [166, 708], [166, 732], [84, 732]], '또{;-거터', 0.014793582805703365), ([[172, 708], [326, 708], [326, 732], [172, 732]], '#1빠] 2012/03/20', 0.22818227859581822), ([[165, 729], [319, 729], [319, 749], [165, 749]], '#21 2012/04/06', 0.5459391664650104), ([[84, 746], [170, 746], [170, 770], [84, 770]], '#{;스 : ;미', 0.03778059409311667), ([[85, 771], [265, 771], [265, 791], [85, 791]], '98+7+-스 : ]리물`아검칭.!', 0.0011116258264423108), ([[83, 793], [121, 793], [121, 813], [83, 813]], '[:내', 0.0049858342805044744), ([[129, 797], [181, 797], [181, 815], [129, 815]], '너++오:/', 0.021888019420434838), ([[188, 792], [454, 792], [454, 816], [188, 816]], "';미`줄{,|물아>^안,. 610871{(2<아천", 9.670014327964466e-07), ([[82, 814], [168, 814], [168, 838], [82, 838]], '맑리11 : (뒤째[', 8.764597465776581e-05), ([[202, 814], [342, 814], [342, 838], [202, 838]], '8어것@8훌어어.<어;명', 0.00017000565034543314), ([[182, 842], [574, 842], [574, 866], [182, 866]], '*# 벼# #다 , #_천빛 ##7 " 77- | 꼽변#<디처7*화', 0.00023131233694853606), ([[293.2025477771711, 142.16585988749353], [330.8357140719203, 147.20617769862906], [327.7974522228289, 168.83414011250647], [290.1642859280797, 164.79382230137094]], '사위', 0.9992091638629763)]
