2472792
17
[([[242, 281], [351, 281], [351, 369], [242, 369]], '혹시', 0.9990643839171399), ([[139, 382], [454, 382], [454, 472], [139, 472]], '오버위치 믿버', 0.3975160083452826), ([[1475, 434], [1807, 434], [1807, 526], [1475, 526]], '고마위~ 친구!', 0.7131252084092017), ([[184, 483], [441, 483], [441, 574], [184, 574]], '\'콜 캐서디"', 0.6295002319778998), ([[151, 579], [444, 579], [444, 676], [151, 676]], '아니신가요?', 0.9978916355964608), ([[1436, 631], [1844, 631], [1844, 730], [1436, 730]], '내가 더 셋시한 거', 0.3198522507631705), ([[134, 683], [463, 683], [463, 774], [134, 774]], '우와~ 몸 진짜', 0.493914034245626), ([[1514, 735], [1768, 735], [1768, 823], [1514, 823]], '보여 줄까?', 0.993371135838351), ([[134, 782], [461, 782], [461, 873], [134, 873]], '셋시하시네요', 0.5628007058232851), ([[276, 1880], [380, 1880], [380, 1964], [276, 1964]], '어', 0.9998972442322298), ([[227, 1977], [423, 1977], [423, 2068], [227, 2068]], '무 무슨', 0.9347382453384772), ([[188, 2078], [463, 2078], [463, 2167], [188, 2167]], '말.이세요?', 0.5588025604513592), ([[617, 2226], [993, 2226], [993, 2323], [617, 2323]], '아뇨척하지 마', 0.3142200500071849), ([[610, 2327], [1002, 2327], [1002, 2424], [610, 2424]], '조금 전부터 계속', 0.8448140307607729), ([[568, 2426], [1047, 2426], [1047, 2523], [568, 2523]], '날 뚫어저라 쳐다보고 ', 0.7337750964781498), ([[671, 2527], [946, 2527], [946, 2624], [671, 2624]], '있없으면서', 0.2875761424752188), ([[570, 2624], [1040, 2624], [1040, 2723], [570, 2723]], '내가 한번 엄청 문 총', 0.3648359399976591), ([[677, 2731], [936, 2731], [936, 2824], [677, 2824]], '보여 줄까?', 0.9267486744586216)]
[]
[]
[]
[]
[]
[]
[]
[([[68, 335], [1509, 335], [1509, 494], [68, 494]], '[쓸데없는 주절주절 번역 후기]', 0.9518932547061346), ([[77, 692], [1675, 692], [1675, 850], [77, 850]], '이 (/집은 맥크리(제시 맥크리)가', 0.6122964665610311), ([[69, 869], [1792, 869], [1792, 1029], [69, 1029]], '캐서디(콜 캐서다)로 개명되기 한~참', 0.6121457673736526), ([[72, 1044], [1471, 1044], [1471, 1205], [72, 1205]], '전에 공개되없면 (/집입니다.', 0.45569388662878774), ([[74, 1216], [1565, 1216], [1565, 1385], [74, 1385]], '그래서 이 작품 원본 이미지에는', 0.7200811867099552), ([[62, 1386], [1941, 1386], [1941, 1566], [62, 1566]], '(현) 캐서디의 이름이 벤(_욕압서(맥크리)로', 0.0031105685951468474), ([[68, 1575], [856, 1575], [856, 1736], [68, 1736]], '적혀 있없습니다', 0.37761173128498793), ([[70, 1753], [1590, 1753], [1590, 1912], [70, 1912]], '이결 2023년에 와서 제가 뒤늦게', 0.44395934328524017), ([[77, 1927], [1898, 1927], [1898, 2091], [77, 2091]], '번역하는 거라서, 제가 임의로 캐서디로', 0.4819018817042113), ([[70, 2104], [1223, 2104], [1223, 2267], [70, 2267]], '바뀌 번역해 보앞습니다.', 0.44723793836503806), ([[145, 2460], [714, 2460], [714, 2581], [145, 2581]], '지나가던 번역가', 0.5297016419422104), ([[767, 2463], [1158, 2463], [1158, 2578], [767, 2578]], '고길동동주', 0.7503349848421557)]
[([[301, 220], [394, 220], [394, 304], [301, 304]], '총;', 0.3200618484490902), ([[292, 319], [403, 319], [403, 403], [292, 403]], '정말', 0.9999878617292061), ([[236, 418], [450, 418], [450, 502], [236, 502]], '크시네요', 0.9481155872344971), ([[1331, 672], [1557, 672], [1557, 765], [1331, 765]], '하하하', 0.9995876777274293), ([[1288, 767], [1600, 767], [1600, 865], [1288, 865]], '마음에 들어?', 0.8007727652701532), ([[1651, 967], [1865, 967], [1865, 1060], [1651, 1060]], '다가와서', 0.5777683258056641), ([[1603, 1065], [1913, 1065], [1913, 1162], [1603, 1162]], '한번 잡아 화', 0.841644734766613), ([[1617, 1167], [1897, 1167], [1897, 1260], [1617, 1260]], '싸게 만들어', 0.9878506236441174), ([[1670, 1263], [1841, 1263], [1841, 1360], [1670, 1360]], '보라구.', 0.2861977219581604), ([[1684, 1675], [1920, 1675], [1920, 1772], [1684, 1772]], '나, 네에;', 0.2115552489033322), ([[286, 1949], [795, 1949], [795, 2046], [286, 2046]], '(내가 캐서디의 자지틀', 0.518128043522559), ([[393, 2051], [688, 2051], [688, 2140], [393, 2140]], '잡게 월 줄은', 0.20171076800360677), ([[402, 2149], [681, 2149], [681, 2242], [402, 2242]], '정말 꿈에도', 0.17026449122310522), ([[379, 2246], [701, 2246], [701, 2344], [379, 2344]], '상상 못햇어.', 0.5843564874170779), ([[425, 2353], [655, 2353], [655, 2441], [425, 2441]], '존나 크고', 0.9947660922439687), ([[372, 2447], [714, 2447], [714, 2545], [372, 2545]], '냄새도 좋다)', 0.9985948077261779)]
[([[296, 681], [409, 681], [409, 774], [296, 774]], '총이', 0.9621676462676608), ([[229, 782], [481, 782], [481, 875], [229, 875]], '딱딱하고', 0.9974769949913025), ([[242, 881], [463, 881], [463, 970], [242, 970]], '따뜻해요', 0.9916582703590393), ([[1667, 1399], [1782, 1399], [1782, 1489], [1667, 1489]], '빨리', 0.9999580219969492), ([[1577, 1496], [1873, 1496], [1873, 1592], [1577, 1592]], '쓰다듬어 화', 0.8345014863329008), ([[1660, 1599], [1791, 1599], [1791, 1687], [1660, 1687]], '친구', 0.9998277923202521)]
[([[302, 757], [433, 757], [433, 858], [302, 858]], '야', 0.831028023806212), ([[1203, 846], [1329, 846], [1329, 954], [1203, 954]], '아', 0.9995350186259522), ([[1305, 916], [1414, 916], [1414, 969], [1305, 969]], '. . 0', 0.20419965989071975), ([[326, 944], [581, 944], [581, 1081], [326, 1081]], '하아', 0.9944575626836437), ([[373, 1957], [637, 1957], [637, 2047], [373, 2047]], '그래 좋아~ ', 0.7880874507314992), ([[354, 2053], [656, 2053], [656, 2152], [354, 2152]], '계속해 친구!', 0.8763493411401464), ([[353, 2157], [657, 2157], [657, 2248], [353, 2248]], '정말 저논데?', 0.8706173931740827)]
[([[263, 650], [501, 650], [501, 785], [263, 785]], '3603', 0.03456605225801468), ([[398, 862], [634, 862], [634, 996], [398, 996]], '하아', 0.8167002799884364), ([[1177, 884], [1415, 884], [1415, 1023], [1177, 1023]], '하아', 0.936554977176116), ([[792, 1535], [976, 1535], [976, 1691], [792, 1691]], '쓰음', 0.05314077430115535), ([[1412, 1635], [1593, 1635], [1593, 1787], [1412, 1787]], '손문', 0.021239878902304794), ([[439, 1791], [487, 1791], [487, 1855], [439, 1855]], '더', 0.9991895411085352), ([[291, 1879], [635, 1879], [635, 1979], [291, 1979]], '잘할 수 잇지?', 0.5505759043679558), ([[666, 2124], [931, 2124], [931, 2258], [666, 2258]], '터 세게', 0.6196400053846283), ([[643, 2275], [944, 2275], [944, 2407], [643, 2407]], '짜내 뵈!', 0.2957870487865936), ([[899.8365432722964, 1704.0356553384315], [1083.832523781202, 1745.1871603239779], [1043.1634567277035, 1904.9643446615685], [859.167476218798, 1862.8128396760221]], '쓰승', 0.010947181056749671)]
[([[1350, 1275], [1597, 1275], [1597, 1498], [1350, 1498]], '푸숲', 0.09502182635601786), ([[310, 1750], [466, 1750], [466, 1840], [310, 1840]], '친구', 0.17261225191445242), ([[233, 1847], [542, 1847], [542, 1939], [233, 1939]], '석양이 진', 0.9182282105789069), ([[574, 1956], [960, 1956], [960, 2136], [574, 2136]], '드하아', 0.9019684072625513), ([[563, 2131], [969, 2131], [969, 2312], [563, 2312]], '아아아', 0.9975576447622426), ([[966, 2188], [1247, 2188], [1247, 2417], [966, 2417]], '@6', 0.04609509200500668), ([[583, 2336], [951, 2336], [951, 2517], [583, 2517]], '아앗', 0.5805637439573705), ([[1311.9261991820563, 442.0339470764888], [1535.960146362514, 490.1456231683355], [1499.0738008179437, 633.9660529235113], [1275.039853637486, 585.8543768316646]], '광역', 0.02731287822753848), ([[265.9329259541044, 595.0335226702601], [487.96619526635914, 644.1621400567938], [451.0670740458956, 787.9664773297399], [229.03380473364086, 738.8378599432062]], '내역', 0.03503850170406019)]
[([[283, 294], [418, 294], [418, 378], [283, 378]], '와아.', 0.904164773406253), ([[247, 393], [472, 393], [472, 479], [247, 479]], '싸버린 양', 0.9803807152653007), ([[285, 494], [443, 494], [443, 583], [285, 583]], '대박.', 0.6624493479763511), ([[1447, 556], [1680, 556], [1680, 692], [1447, 692]], '하아', 0.5864155268285811), ([[1163, 738], [1394, 738], [1394, 875], [1163, 875]], '바아', 0.036339479573843515), ([[204, 931], [459, 931], [459, 1019], [204, 1019]], '이렇계까지', 0.9494597995601158), ([[164, 1030], [504, 1030], [504, 1120], [164, 1120]], '많이 싸는 사람', 0.8304872094792414), ([[213, 1131], [450, 1131], [450, 1217], [213, 1217]], '처음 화요', 0.7696142415583904), ([[1621, 1660], [1885, 1660], [1885, 1759], [1621, 1759]], '하! 하! 하!', 0.284258124634882), ([[1612, 1762], [1895, 1762], [1895, 1859], [1612, 1859]], '고마위 친구', 0.3647603466773358)]
[([[317, 971], [434, 971], [434, 1060], [317, 1060]], '친구;', 0.5679755419875693), ([[233, 1070], [526, 1070], [526, 1159], [233, 1159]], '내 방에 와서', 0.6252691129947634), ([[218, 1169], [542, 1169], [542, 1258], [218, 1258]], '계속 해 볼래?', 0.3727549751557464), ([[542, 1426], [769, 1426], [769, 1516], [542, 1516]], '총이 계속', 0.9798187063631985), ([[522, 1519], [791, 1519], [791, 1622], [522, 1622]], '딱딱한데다', 0.9082941452276265), ([[575, 1626], [738, 1626], [738, 1717], [575, 1717]], '만족을', 0.5427875627318522), ([[539, 1723], [774, 1723], [774, 1816], [539, 1816]], '못햇거든', 0.47288182377815247), ([[1752, 1711], [1820, 1711], [1820, 1791], [1752, 1791]], '조,', 0.5476300474033055), ([[1687, 1802], [1892, 1802], [1892, 1892], [1687, 1892]], '좋아요', 0.9969059715464426)]
[]
