2473756
27
[([[1149, 584], [1269, 584], [1269, 675], [1149, 675]], '포0', 0.05805945282761478), ([[895, 2230], [993, 2230], [993, 2268], [895, 2268]], '(073 4', 0.16145654952252758)]
[([[1359, 479], [1791, 479], [1791, 945], [1359, 945]], '양', 0.004451057521282442), ([[918, 2354], [1180, 2354], [1180, 2535], [918, 2535]], '평?', 0.0014060502954996805), ([[696, 2692], [793, 2692], [793, 2880], [696, 2880]], '씨', 0.052278214334285034), ([[296.99776041463457, 338.01288012928467], [586.7218149155055, 314.2589971920705], [614.0022395853655, 804.9871198707153], [324.2781850844944, 828.7410028079295]], '똑', 0.0075077316880831635), ([[85.60049948174958, 2852.880899067149], [179.53081740383848, 2793.9557193595306], [207.39950051825042, 2847.119100932851], [113.46918259616153, 2907.0442806404694]], '7-', 0.09043507018522216)]
[([[439, 970], [765, 970], [765, 1152], [439, 1152]], '찌시', 0.0834689724313552), ([[806, 1533], [885, 1533], [885, 1608], [806, 1608]], '꽃', 0.5872594821440202), ([[893, 2230], [991, 2230], [991, 2269], [893, 2269]], '(073 47', 0.2602271755848182), ([[1122.8912545684402, 1567.0361948971347], [1420.2860929355293, 1612.1252510941274], [1391.1087454315598, 1753.9638051028653], [1093.7139070644707, 1709.8747489058726]], '찌다', 0.4297343581541876)]
[([[688, 1390], [1224, 1390], [1224, 1694], [688, 1694]], '명 첫', 0.6853637099266052), ([[895, 2229], [991, 2229], [991, 2268], [895, 2268]], '(073 성년', 0.11752690421339164)]
[([[895, 2229], [991, 2229], [991, 2268], [895, 2268]], '(073 성년', 0.23658221323465023), ([[1153.7801247706004, 989.0010510048069], [1320.276989208907, 973.0354773931541], [1425.2198752293996, 2080.998948995193], [1257.723010791093, 2097.964522606846]], '{', 0.03916491612463435)]
[([[786, 327], [980, 327], [980, 431], [786, 431]], '((돕개', 0.001983956666663289), ([[895, 2230], [991, 2230], [991, 2268], [895, 2268]], '(073 4)', 0.11118465907564985), ([[1211.2756665328259, 1405.0104953824944], [1385.5856168466228, 1351.1340677729054], [1507.7243334671741, 1799.9895046175056], [1333.4143831533772, 1852.8659322270946]], '%', 0.013308730489621168)]
[([[159, 154], [592, 154], [592, 240], [159, 240]], '항문사정 한번에', 0.9844139603434988), ([[187, 237], [559, 237], [559, 318], [187, 318]], '3,300 다이아', 0.9591853314493604), ([[168, 312], [578, 312], [578, 396], [168, 396]], '씌이나 준다고?', 0.8555916626578335), ([[1149, 584], [1269, 584], [1269, 675], [1149, 675]], '포0', 0.06450280094744577), ([[1513, 874], [1647, 874], [1647, 952], [1513, 952]], '우왕', 0.9956849558190398), ([[1671, 879], [1859, 879], [1859, 947], [1671, 947]], '아저씨', 0.9223752617835999), ([[1620, 950], [1749, 950], [1749, 1025], [1620, 1025]], '완전', 0.999979685279455), ([[166, 1009], [288, 1009], [288, 1078], [166, 1078]], '이거', 0.9989560979280157), ([[311, 1006], [438, 1006], [438, 1081], [311, 1081]], '완전', 0.9999806967979504), ([[1528, 1024], [1846, 1024], [1846, 1104], [1528, 1104]], '부자구냥0', 0.39219936037795805), ([[149, 1080], [451, 1080], [451, 1153], [149, 1153]], '호구잡아주', 0.17773861935710047), ([[149, 1152], [451, 1152], [451, 1225], [149, 1225]], '땅잡앗네 9', 0.32271756706711824), ([[895, 2230], [991, 2230], [991, 2269], [895, 2269]], '(073 4', 0.3109265253080674)]
[([[1371, 646], [1617, 646], [1617, 726], [1371, 726]], '천. 천히..', 0.3674169576114163), ([[1411, 729], [1574, 729], [1574, 804], [1411, 804]], '빼라 ..', 0.5149486519042534), ([[1403, 800], [1537, 800], [1537, 884], [1403, 884]], '햇장', 0.7839156675376939), ([[800, 1021], [1039, 1021], [1039, 1111], [800, 1111]], '방구명  ', 0.021962571979090146), ([[521, 1205], [587, 1205], [587, 1283], [521, 1283]], '덜', 0.9982885298839825), ([[1378, 1180], [1422, 1180], [1422, 1251], [1378, 1251]], '터', 0.03680911805231646), ([[1414, 1225], [1474, 1225], [1474, 1314], [1414, 1314]], '(', 0.2885287410222759), ([[460, 1277], [524, 1277], [524, 1348], [460, 1348]], '덜', 0.4649225332325422), ([[1476, 1317], [1549, 1317], [1549, 1405], [1476, 1405]], '덜', 0.4902004423044879), ([[195, 1621], [259, 1621], [259, 1701], [195, 1701]], '덜', 0.95167093063084), ([[1723, 1617], [1784, 1617], [1784, 1692], [1723, 1692]], '덜', 0.8233324876806059), ([[1753, 1694], [1810, 1694], [1810, 1765], [1753, 1765]], '덜', 0.07576578785776533)]
[([[1478, 713], [1737, 713], [1737, 911], [1478, 911]], '으기', 0.995789938628684), ([[1452, 848], [1775, 848], [1775, 1035], [1452, 1035]], '꼬그', 0.07487996480672593), ([[468, 876], [771, 876], [771, 1213], [468, 1213]], '', 0.0), ([[1449, 992], [1783, 992], [1783, 1156], [1449, 1156]], '그극?', 0.8783133693711709), ([[1087, 1298], [1327, 1298], [1327, 1707], [1087, 1707]], '육', 0.05499979964263546), ([[918, 2234], [958, 2234], [958, 2263], [918, 2263]], "'7자", 0.06211389528315508), ([[191.06312999502336, 1291.1176659591915], [445.4588556060249, 1267.347878538984], [447.93687000497664, 1404.8823340408085], [194.54114439397515, 1428.652121461016]], '오 싸', 0.08955464512109756), ([[1666.9124884874632, 1357.0348204044253], [1919.0096124971121, 1401.2822812510312], [1887.0875115125368, 1546.9651795955747], [1634.9903875028879, 1502.7177187489688]], '오 씨', 0.3501676619052887)]
[([[1198, 341], [1265, 341], [1265, 416], [1198, 416]], '9', 0.19192245341745107), ([[1207, 402], [1308, 402], [1308, 674], [1207, 674]], '역', 0.2319979714377638), ([[1074, 1522], [1299, 1522], [1299, 1625], [1074, 1625]], '연사삭', 0.2512849093930131), ([[559, 2001], [660, 2001], [660, 2129], [559, 2129]], '이', 0.2038468664443691), ([[555, 2121], [663, 2121], [663, 2254], [555, 2254]], '이', 0.9114510526075073), ([[1580.8524682681573, 864.0329478659364], [1856.6616601868827, 910.806778255238], [1821.1475317318427, 1077.9670521340636], [1544.3383398131173, 1031.193221744762]], '아가', 0.9258468433922782), ([[1492.1238383005784, 963.0142196578186], [1868.835648485607, 1118.025446191957], [1776.8761616994216, 1324.9857803421814], [1400.164351514393, 1169.974553808043]], '간간각', 0.09827899972803947), ([[500.6147701056555, 1221.0033730329283], [660.0060227370146, 1202.2063351566435], [729.3852298943445, 1835.9966269670717], [569.9939772629854, 1854.7936648433565]], '볶', 0.0014851459737110773)]
[([[808, 329], [980, 329], [980, 428], [808, 428]], '(격', 0.009564909399680917), ([[1393, 288], [1640, 288], [1640, 591], [1393, 591]], '새', 0.04602621799860729), ([[494, 919], [822, 919], [822, 1153], [494, 1153]], '냉직', 0.09537812558975609), ([[327, 1285], [507, 1285], [507, 1387], [327, 1387]], '음질 %', 0.06260118633508682), ([[1459, 1249], [1641, 1249], [1641, 1353], [1459, 1353]], '슬질9', 0.0573216209522542), ([[70, 1983], [248, 1983], [248, 2082], [70, 2082]], '슬질 %', 0.01670987531542778), ([[210.87534398384133, 475.0564668962171], [566.6074664298802, 398.7093275269455], [615.1246560161586, 742.9435331037829], [258.39253357011984, 820.2906724730545]], '영닭', 0.001962143811677375), ([[1137.029135428429, 1467.0196450821998], [1412.415858602613, 1574.7371523010413], [1333.970864571571, 1761.9803549178002], [1058.584141397387, 1654.2628476989587]], '별직', 0.05329745292003721), ([[1781.8936214732712, 1689.0511119113287], [1958.2699809600094, 1718.8784069631965], [1937.1063785267288, 1820.9488880886713], [1760.7300190399906, 1791.1215930368035]], '슬질9', 0.04305140087974589)]
[([[800, 1021], [1039, 1021], [1039, 1111], [800, 1111]], '1구명  ', 0.017918736776397434), ([[521, 1205], [587, 1205], [587, 1283], [521, 1283]], '덜', 0.9993352802919766), ([[1378, 1182], [1422, 1182], [1422, 1249], [1378, 1249]], '더', 0.09691858795577346), ([[1414, 1225], [1474, 1225], [1474, 1314], [1414, 1314]], '(', 0.45971104019446685), ([[460, 1277], [524, 1277], [524, 1348], [460, 1348]], '덜', 0.49076047578438775), ([[1476, 1317], [1549, 1317], [1549, 1405], [1476, 1405]], '덜', 0.4495789361762945), ([[195, 1621], [259, 1621], [259, 1701], [195, 1701]], '덜', 0.9555565157825185), ([[1723, 1617], [1784, 1617], [1784, 1692], [1723, 1692]], '덜', 0.821912749754631), ([[1753, 1694], [1810, 1694], [1810, 1765], [1753, 1765]], '덜', 0.06625115774114931), ([[898, 2234], [983, 2234], [983, 2263], [898, 2263]], '073 ', 0.1640618306431631)]
[([[1466, 237], [1839, 237], [1839, 322], [1466, 322]], '3,000 다이아', 0.891784466375804), ([[274, 296], [468, 296], [468, 380], [274, 380]], '괜찮아', 0.9995739822191594), ([[1524, 315], [1776, 315], [1776, 395], [1524, 395]], '좀 있으면', 0.8637907592198425), ([[1435, 393], [1863, 393], [1863, 477], [1435, 477]], '이정도는 치료할', 0.9267020989251289), ([[1174, 494], [1301, 494], [1301, 554], [1174, 554]], '하아 ;', 0.4906455874443054), ([[1528, 477], [1774, 477], [1774, 555], [1528, 555]], '수 있어  ', 0.43240319517382636), ([[1502, 1961], [1786, 1961], [1786, 2058], [1502, 2058]], '아저씨는', 0.4507414400577545), ([[600, 1961], [703, 1961], [703, 2173], [600, 2173]], '북', 0.011380072031164146), ([[1456, 2057], [1830, 2057], [1830, 2154], [1456, 2154]], '사정올 하지', 0.8226778951419653), ([[428, 2158], [606, 2158], [606, 2258], [428, 2258]], '유질9', 0.012082132780561809), ([[1504, 2152], [1787, 2152], [1787, 2249], [1504, 2249]], '않앗으니', 0.11401112377643585), ([[1504, 2243], [1785, 2243], [1785, 2336], [1504, 2336]], '무요라며', 0.29301178455352783), ([[1537, 2341], [1747, 2341], [1747, 2432], [1537, 2432]], '유유히', 0.9996807940858402), ([[1526, 2433], [1765, 2433], [1765, 2526], [1526, 2526]], '떠낫다.', 0.9838964343070984), ([[1262.136530891134, 283.03394231740344], [1484.9222820481243, 94.73034114206646], [1534.863469108866, 177.96605768259653], [1312.0777179518757, 365.26965885793356]], '제비"감', 0.002444782294332981), ([[1300.1743749006155, 441.0284360589242], [1362.459433020262, 383.00879817116345], [1553.8256250993845, 609.9715639410758], [1490.540566979738, 667.9912018288366]], "'", 0.3755743228217092), ([[1740.8533747416002, 593.1935610788012], [1944.0984715842806, 468.32468599128885], [1986.1466252583998, 561.8064389211988], [1783.9015284157194, 686.6753140087111]], '  `', 0.061098147449782036), ([[1237.0868184120002, 571.0598199312022], [1360.821649696968, 599.4299377681582], [1344.9131815879998, 660.9401800687978], [1221.178350303032, 631.5700622318418]], '하아', 0.9802286595312059), ([[382.8533747416002, 1218.1935610788012], [562.5924712521013, 1192.7899725882899], [570.1466252583998, 1296.8064389211988], [390.40752874789877, 1322.2100274117101]], '%질9', 0.1522883116627171), ([[1603.0993912171818, 1379.0312335274202], [1777.8441564387642, 1446.993100556443], [1734.9006087828182, 1548.9687664725798], [1560.1558435612358, 1481.006899443557]], '음질9', 0.5760646002813831), ([[86.95139502742187, 1945.0459033126094], [263.4156850301843, 1981.3010629511134], [238.04860497257812, 2082.9540966873906], [61.58431496981567, 2046.6989370488866]], '음질 9', 0.1418723613023758)]
[([[1389, 372], [1466, 372], [1466, 451], [1389, 451]], '액', 0.8840684547314801), ([[1507, 1192], [1804, 1192], [1804, 1278], [1507, 1278]], '존나 커 ?', 0.7288496132986393), ([[1138, 1734], [1350, 1734], [1350, 1933], [1138, 1933]], '으', 0.13628744253403458)]
[([[374, 248], [665, 248], [665, 321], [374, 321]], '어어. 그.', 0.7804074480895599), ([[1345, 373], [1406, 373], [1406, 434], [1345, 434]], '나', 0.999979853731535), ([[1294, 448], [1455, 448], [1455, 523], [1294, 523]], '잠깐..', 0.6528292894363403), ([[1611, 1002], [1810, 1002], [1810, 1081], [1611, 1081]], '전화 좀', 0.9998903364753847), ([[1620, 1083], [1801, 1083], [1801, 1162], [1620, 1162]], '받고심', 0.7366797155664148), ([[1636, 1164], [1792, 1164], [1792, 1239], [1636, 1239]], '은데 .', 0.6470344662666321), ([[895, 2229], [994, 2229], [994, 2272], [895, 2272]], '(73년', 0.37272804975509644), ([[1033.1086320966535, 1108.0361747888392], [1114.393887525644, 1099.9156679739315], [1125.8913679033465, 1252.9638252111608], [1044.606112474356, 1260.0843320260685]], '꿀', 0.9944690861730443)]
[([[1281, 342], [1531, 342], [1531, 415], [1281, 415]], '아저씨  ?', 0.6176610233087976), ([[450, 618], [850, 618], [850, 947], [450, 947]], '꾸', 0.14511432255436407), ([[1390, 856], [1454, 856], [1454, 916], [1390, 916]], '0', 0.1747887450591188), ([[1249, 1712], [1297, 1712], [1297, 1761], [1249, 1761]], ')', 0.13201893725602876), ([[1293, 1763], [1355, 1763], [1355, 1838], [1293, 1838]], '9', 0.24527009918795617), ([[311, 2349], [561, 2349], [561, 2422], [311, 2422]], '기다려화.', 0.926161103645472), ([[284, 2424], [613, 2424], [613, 2505], [284, 2505]], '나 진짜 급한', 0.9596900268612316), ([[263, 2501], [632, 2501], [632, 2585], [263, 2585]], '전화라니깐 ?', 0.6251321571978152), ([[236.09348652986955, 1435.0114152358212], [504.7131737480366, 1530.6744666535171], [367.90651347013045, 1903.9885847641788], [100.28682625196345, 1807.3255333464829]], '유', 0.979323973452356), ([[1817.1715728752538, 2171.171572875254], [1877.8932624022486, 2131.476428306926], [1898.8284271247462, 2166.828427124746], [1838.1067375977514, 2205.523571693074]], '()', 0.19275897052457752)]
[([[225, 170], [612, 170], [612, 377], [225, 377]], '아파', 0.9928228780804288), ([[160, 324], [600, 324], [600, 556], [160, 556]], "'아아앗", 0.49765736782232156), ([[1586, 896], [1873, 896], [1873, 1059], [1586, 1059]], '배쥐', 0.6611677214297337), ([[1553, 1031], [1940, 1031], [1940, 1344], [1553, 1344]], '여어어', 0.24520806182549393), ([[806, 1530], [885, 1530], [885, 1608], [806, 1608]], '꽃', 0.26674164585296367), ([[1097, 1573], [1417, 1573], [1417, 1749], [1097, 1749]], '쳐다', 0.10765547664284661), ([[893, 2230], [991, 2230], [991, 2268], [893, 2268]], '(073 4', 0.11899079595051129), ([[451.1350904833298, 996.096868639966], [755.6669352849366, 975.1373176307841], [754.8649095166702, 1127.903131360034], [450.3330647150635, 1147.862682369216]], '찌류', 0.08077880657950656)]
[([[412, 315], [487, 315], [487, 388], [412, 388]], '앗', 0.7975976284857467), ([[1557, 925], [1851, 925], [1851, 1005], [1557, 1005]], '잠깐 .. 좀만', 0.7913578181083716), ([[1586, 998], [1825, 998], [1825, 1084], [1586, 1084]], '천천히 !', 0.8836138741611024), ([[688, 1390], [1222, 1390], [1222, 1696], [688, 1696]], '명 첫', 0.8380967974662781), ([[898.9563638994289, 2226.138546427887], [994.9190476543674, 2238.199334350183], [989.0436361005711, 2270.861453572113], [894.0809523456326, 2258.800665649817]], '@73 돼7', 0.024229245063936995)]
[([[262, 298], [523, 298], [523, 502], [262, 502]], '흐의', 0.3535557353567954), ([[255, 448], [467, 448], [467, 667], [255, 667]], '우우', 0.9959861060543932), ([[351, 528], [567, 528], [567, 789], [351, 789]], '우울', 0.6814073588145849), ([[895, 2230], [993, 2230], [993, 2269], [895, 2269]], '(073 4', 0.580855682517064), ([[515.4007485966733, 322.01497193346586], [605.6471723175437, 346.75225673227277], [551.5992514033267, 545.9850280665341], [461.35282768245634, 521.2477432677272]], '우', 0.999144141293673), ([[1152.7701254876085, 988.0011009063217], [1320.3349773153561, 972.037157189359], [1425.2298745123915, 2079.998899093678], [1257.6650226846439, 2096.9628428106407]], '{', 0.04407450385354594)]
[([[808, 327], [982, 327], [982, 431], [808, 431]], '씨', 0.07902227281172092), ([[1346, 377], [1841, 377], [1841, 613], [1346, 613]], '어외액', 0.1806341184374686), ([[895, 2229], [994, 2229], [994, 2272], [895, 2272]], '(737', 0.5555720329284668), ([[1373.1972962160569, 185.05809134888318], [1777.4270987796433, 157.66471249800514], [1776.8027037839431, 395.9419086511168], [1371.5729012203567, 423.33528750199486]], '우웬', 0.36830985507489733), ([[1211.2777582324027, 1405.0104348411355], [1386.6342597220657, 1351.1391738730044], [1508.7222417675973, 1800.9895651588645], [1333.3657402779343, 1853.8608261269956]], '%', 0.008489864097054822)]
[([[469, 879], [770, 879], [770, 1215], [469, 1215]], '뜻', 0.0900842840019358), ([[192.03957484795765, 1291.120556268457], [445.46865883174223, 1267.3631470271787], [447.9604251520423, 1403.879443731543], [195.53134116825774, 1427.6368529728213]], '오 싸', 0.08112075179815292), ([[1154.3139315303804, 1278.0084064395219], [1366.041905483403, 1326.5876286570601], [1269.6860684696196, 1741.9915935604781], [1056.958094516597, 1693.4123713429399]], '약', 0.12550105387391852), ([[1666.8485172220198, 1356.0368686635093], [1920.8947319881206, 1399.7896834984379], [1889.1514827779802, 1547.9631313364907], [1634.1052680118794, 1505.2103165015621]], '오 씨', 0.49691662192344666)]
[([[1198, 341], [1265, 341], [1265, 416], [1198, 416]], '9', 0.17242038807924942), ([[1074, 1522], [1299, 1522], [1299, 1625], [1074, 1625]], '연사삭', 0.21908934520268278), ([[559, 2001], [662, 2001], [662, 2129], [559, 2129]], '이', 0.21015715603811547), ([[555, 2124], [663, 2124], [663, 2254], [555, 2254]], '이', 0.8741207918228753), ([[1214.669703363635, 410.0068213999682], [1276.0878401658401, 403.07430736316473], [1300.330296636365, 667.9931786000318], [1238.9121598341599, 673.9256926368353]], ' ', 0.003397947013809244), ([[500.6147701056555, 1221.0033730329283], [660.0460349033733, 1203.2118915146948], [727.3852298943445, 1835.9966269670717], [568.9539650966267, 1854.7881084853052]], '역', 0.0014016059076365495)]
[([[808, 329], [980, 329], [980, 428], [808, 428]], '(격', 0.0071628523084436655), ([[494, 919], [824, 919], [824, 1150], [494, 1150]], '냉직', 0.40737660329305625), ([[327, 1285], [507, 1285], [507, 1387], [327, 1387]], '음질 %', 0.06350967288017273), ([[1459, 1249], [1641, 1249], [1641, 1353], [1459, 1353]], '슬질9', 0.08726165216977143), ([[68, 1983], [248, 1983], [248, 2082], [68, 2082]], '슬질 @', 0.015751341357827187), ([[1138.0445826562407, 1465.0190246716434], [1413.4705874578217, 1576.9868648148342], [1332.9554173437593, 1763.9809753283566], [1057.5294125421783, 1653.0131351851658]], '빛직', 0.09587093416593623), ([[1781.8936214732712, 1689.0511119113287], [1958.2699809600094, 1718.8784069631965], [1937.1063785267288, 1820.9488880886713], [1760.7300190399906, 1791.1215930368035]], '슬질9', 0.03479616932474778)]
[([[1173, 494], [1300, 494], [1300, 554], [1173, 554]], '하아 ,', 0.39914920926094055), ([[428, 2158], [606, 2158], [606, 2258], [428, 2258]], '유질9', 0.010158539162683477), ([[1548, 2251], [1732, 2251], [1732, 2361], [1548, 2361]], '슬질9', 0.18199220722814577), ([[1236.8994530298025, 572.076061814578], [1344.5244311975337, 593.2828442897795], [1329.1005469701975, 659.923938185422], [1221.4755688024663, 637.7171557102205]], '하아', 0.9760806001544118), ([[382.7751056896261, 1219.2080601550183], [562.5924712521013, 1192.7899725882899], [571.2248943103739, 1295.7919398449817], [390.40752874789877, 1322.2100274117101]], '%질9', 0.09587770400727995), ([[1603.0993912171818, 1379.0312335274202], [1777.8441564387642, 1446.993100556443], [1734.9006087828182, 1548.9687664725798], [1560.1558435612358, 1481.006899443557]], '음질9', 0.6098680953436805), ([[86.95139502742187, 1945.0459033126094], [263.4156850301843, 1981.3010629511134], [238.04860497257812, 2082.9540966873906], [61.58431496981567, 2046.6989370488866]], '음질 9', 0.08493809401988983), ([[605.4543659520017, 1965.0148969216305], [680.5401237551386, 1958.3279903169723], [698.5456340479983, 2167.9851030783693], [623.4598762448614, 2175.6720096830277]], '쭉', 0.03539275906295902)]
[]
[([[1028, 1104], [1131, 1104], [1131, 1257], [1028, 1257]], '꿀', 0.9849071926599926), ([[898, 2232], [994, 2232], [994, 2265], [898, 2265]], '{73 성년', 0.022022512425962662)]
[([[452, 621], [850, 621], [850, 945], [452, 945]], '꾸', 0.11006198139377066), ([[1391, 860], [1450, 860], [1450, 913], [1391, 913]], '(', 0.10106334828375285), ([[1298, 1771], [1354, 1771], [1354, 1835], [1298, 1835]], '9', 0.0671331600875078), ([[241.1135693344491, 1430.010914978633], [509.4558314126753, 1537.8051482693222], [360.8864306655509, 1907.989085021367], [91.54416858732472, 1801.1948517306778]], '유', 0.9766557677961742), ([[1816.4644660940673, 2170.464466094067], [1878.2882171590868, 2130.5543209480597], [1899.5355339059327, 2167.535533905933], [1838.7117828409132, 2207.4456790519403]], '(9', 0.059887553057230154)]
