2475332
10
[([[586, 620], [822, 620], [822, 919], [586, 919]], '0', 0.8965671410484823)]
[([[101, 2000], [389, 2000], [389, 2245], [101, 2245]], '문_', 0.06172876318936643), ([[1743.031745322514, 2122.012671320038], [2024.3534630661256, 2210.841850745083], [1904.968254677486, 2577.987328679962], [1623.6465369338744, 2490.158149254917]], '움', 0.46718462389222637)]
[([[584, 608], [820, 608], [820, 907], [584, 907]], '7', 0.16977806281823238), ([[677, 1875], [1157, 1875], [1157, 2035], [677, 2035]], '> 흔록', 0.08893575519323349), ([[1359.076923076923, 534.3846153846154], [1462.3730266351922, 523.5758221913608], [1465.923076923077, 567.6153846153846], [1361.6269733648078, 579.4241778086392]], '09', 0.5862368838389942)]
[([[579, 606], [837, 606], [837, 923], [579, 923]], '0', 0.223633736533281), ([[649, 1896], [887, 1896], [887, 2068], [649, 2068]], '9', 0.01796333372978154), ([[965.1424203660807, 1883.0183945296808], [1116.2913309408195, 1937.3985976633558], [1037.8575796339194, 2155.981605470319], [885.7086690591805, 2101.6014023366442]], '@', 0.011732962053024265)]
[([[1363, 267], [1728, 267], [1728, 569], [1363, 569]], ')?', 0.11486889371308655), ([[600, 665], [796, 665], [796, 893], [600, 893]], '16', 0.05982736978949391), ([[282, 1173], [708, 1173], [708, 1684], [282, 1684]], '꼴', 0.09830266684720446), ([[1686.02409074738, 1061.0105834542094], [2015.5578634906183, 1226.7389460896754], [1818.97590925262, 1611.9894165457906], [1489.4421365093817, 1445.2610539103246]], '뼈', 0.025595521550556777)]
[([[597, 615], [804, 615], [804, 899], [597, 899]], '0', 0.690809522085889), ([[330, 992], [695, 992], [695, 1446], [330, 1446]], '꽃', 0.023732079688048913), ([[1473.817176604245, 1419.1784004544331], [1699.1501080828511, 1231.6596370776722], [1838.182823395755, 1440.8215995455669], [1612.8498919171489, 1629.3403629223278]], '<9', 0.2717642391689663)]
[([[505, 1252], [662, 1252], [662, 1380], [505, 1380]], '@', 0.8574978006531337), ([[1246.3126770245358, 745.0648013189652], [1486.8006538628936, 730.7965486666359], [1486.6873229754642, 918.9351986810348], [1246.1993461371064, 934.2034513333641]], '우움', 0.9980758646548166), ([[1467.0725551749185, 1340.0195576455699], [1836.683689605892, 1444.2827960675613], [1777.9274448250815, 1620.9804423544301], [1408.316310394108, 1517.7172039324387]], '흐득', 0.9505723291328211)]
[([[1274, 703], [1378, 703], [1378, 806], [1274, 806]], '위', 0.10738593510908245), ([[1237, 812], [1347, 812], [1347, 936], [1237, 936]], '위', 0.06913336333781572), ([[1717.676940377354, 663.0026093582134], [1865.5936550361344, 694.9404016345899], [1730.323059622646, 1321.9973906417868], [1582.4063449638656, 1290.05959836541]], '"', 0.7907882133601483), ([[391.01278883749546, 1813.0506612149113], [973.3719343915211, 1756.2501065806966], [978.9872111625045, 2086.949338785089], [396.6280656084789, 2143.749893419303]], '대직', 0.023125536194931424)]
[([[1447, 410], [1740, 410], [1740, 730], [1447, 730]], '썩', 0.057986610288534246), ([[1201, 1509], [1338, 1509], [1338, 1624], [1201, 1624]], '꽃-', 0.4731151113304394), ([[410, 2114], [886, 2114], [886, 2394], [410, 2394]], '/ 좌', 0.02229565302219493), ([[1669, 2047], [1978, 2047], [1978, 2371], [1669, 2371]], '틈', 0.09786031613865376), ([[1328.9162421049946, 2100.0776442069264], [1722.030639545899, 2046.7184803562109], [1737.0837578950054, 2289.9223557930736], [1343.969360454101, 2343.281519643789]], '드', 0.040461412459473545)]
[([[668, 58], [758, 58], [758, 151], [668, 151]], '내', 0.007317577945029408), ([[1459, 25], [1670, 25], [1670, 291], [1459, 291]], '"', 0.19950490009585398), ([[1510, 317], [1975, 317], [1975, 935], [1510, 935]], '액', 0.7211939067866666), ([[448, 1816], [876, 1816], [876, 2026], [448, 2026]], '과득', 0.21585439111073393), ([[281.08346062163037, 320.007637297822], [854.5251183255883, 622.7881020819352], [630.9165393783696, 1029.992362702178], [57.47488167441163, 728.2118979180648]], '때', 0.014612965176492632), ([[1572.6110721484354, 1139.0031515584592], [1751.2735640642502, 1185.3757515249465], [1588.3889278515646, 1803.9968484415408], [1410.7264359357498, 1757.6242484750535]], '"', 0.09451465197642861)]
