2477676
17
[([[819, 101], [899, 101], [899, 143], [819, 143]], '오늘은', 0.9990824746415378), ([[499, 139], [695, 139], [695, 183], [499, 183]], '스 스시-잇!', 0.33648520179683933), ([[819, 135], [899, 135], [899, 173], [819, 173]], '누구로', 0.9999609072096206), ([[809, 165], [909, 165], [909, 209], [809, 209]], '할까나?', 0.7247839570045471), ([[75, 217], [165, 217], [165, 257], [75, 257]], '싸리?', 0.864844920625018), ([[375, 209], [443, 209], [443, 247], [375, 247]], '스시', 0.9869489415839956), ([[696, 642], [814, 642], [814, 692], [696, 692]], '신입장', 0.998658573653346), ([[656, 681], [853, 681], [853, 733], [656, 733]], '너로 정햇다!', 0.4347907641995804), ([[135, 932], [247, 932], [247, 989], [135, 989]], '@+:알병{', 0.0002577537108227869), ([[829, 939], [993, 939], [993, 979], [829, 979]], '역식 [토꼴)', 0.01819108443949509)]
[([[189, 109], [231, 109], [231, 151], [189, 151]], '엇,', 0.935551598668318), ([[429, 103], [507, 103], [507, 145], [429, 145]], '싸리', 0.45343900667151277), ([[125, 141], [291, 141], [291, 185], [125, 185]], '해수스파우탕', 0.7007860437853094), ([[129, 177], [289, 177], [289, 219], [129, 219]], '(시오후키)도', 0.9750643750108091), ([[129, 213], [289, 213], [289, 257], [129, 257]], '배위문 건가!', 0.49785029188631247), ([[167, 251], [255, 251], [255, 293], [167, 293]], '우수한', 0.9982584359908443), ([[139, 283], [279, 283], [279, 327], [139, 327]], '개체로구만', 0.9986628290984447), ([[322, 334], [450, 334], [450, 470], [322, 470]], '표', 0.3061217219157051), ([[8, 933], [181, 933], [181, 997], [8, 997]], '@+도퍽>?', 0.001950038879955761), ([[83.69382717692011, 256.00938298379776], [122.609456507626, 252.03728272361678], [138.3061728230799, 428.99061701620224], [100.390543492374, 432.9627172763832]], '"', 0.8513390798727869)]
[([[384, 60], [553, 60], [553, 125], [384, 125]], '짓"스스', 0.08218681812286377), ([[151, 131], [253, 131], [253, 175], [151, 175]], '웃, 이젠', 0.5316317818752972), ([[131, 167], [267, 167], [267, 211], [131, 211]], '갈 것 같아,', 0.8137681330500265), ([[169, 203], [231, 203], [231, 245], [169, 245]], '과연', 0.9999143586779689), ([[126, 234], [277, 234], [277, 284], [126, 284]], '특공 종족치', 0.35617444144845045), ([[129, 273], [271, 273], [271, 317], [129, 317]], '120답군(?)', 0.998260900191905), ([[196, 564], [270, 564], [270, 692], [196, 692]], '속', 0.1486262075378022), ([[10, 934], [183, 934], [183, 997], [10, 997]], '@+퍽도>교', 0.0069306859247867305)]
[([[129, 149], [271, 149], [271, 191], [129, 191]], '스시보지에', 0.9500187401039165), ([[135, 189], [265, 189], [265, 231], [135, 231]], '산다곳: !', 0.408540520975126), ([[123, 223], [273, 223], [273, 267], [123, 267]], '논란 생기지', 0.9861083967849414), ([[114, 254], [282, 254], [282, 304], [114, 304]], '말아쥐(웃음)', 0.6972292343755252), ([[13, 939], [182, 939], [182, 996], [13, 996]], '@#오`>]', 0.000673667707948541), ([[378.101167723432, 67.0677069746514], [541.9008887932862, 89.91394684786145], [531.898832276568, 144.9322930253486], [367.09911120671387, 122.08605315213855]], '나으웃', 0.8018781748581312)]
[([[191, 125], [253, 125], [253, 167], [191, 167]], '후우', 0.9977662740836276), ([[152, 162], [284, 162], [284, 206], [152, 206]], '씻다 씻다', 0.41544654668445047), ([[151, 199], [295, 199], [295, 243], [151, 243]], '목주머니가', 0.9968700060054851), ([[179, 237], [259, 237], [259, 277], [179, 277]], '2개로', 0.9179413643141879), ([[148, 272], [290, 272], [290, 316], [148, 316]], '돼버로네9', 0.4559364229072344), ([[37, 940], [180, 940], [180, 994], [37, 994]], '훌6도퍽튼교', 0.0001830501164006529)]
[([[239, 133], [373, 133], [373, 177], [239, 177]], '에앗, 히히', 0.49515605727962203), ([[222, 167], [390, 167], [390, 215], [222, 215]], '(짓국은마음)', 0.7651666974884304), ([[536, 362], [636, 362], [636, 536], [536, 536]], '출"', 0.4143787403375786), ([[37, 940], [180, 940], [180, 994], [37, 994]], '/5퍽>?', 0.016222450811466997)]
[([[710, 200], [846, 200], [846, 250], [710, 250]], '앞으로도', 0.9972558617591858), ([[688, 242], [863, 242], [863, 292], [688, 292]], '잘 부탁해9', 0.7240702384095874), ([[840, 878], [962, 878], [962, 926], [840, 926]], '@+65`', 0.012978820293291551), ([[459.4290466368775, 664.0327057408344], [496.7674942344461, 656.0592558657535], [516.5709533631225, 760.9672942591656], [479.2325057655539, 768.9407441342465]], '8', 0.20429316262884445)]
[([[623, 53], [673, 53], [673, 89], [623, 89]], '얘', 0.9936728740851777), ([[592, 82], [704, 82], [704, 130], [592, 130]], '싸리용올', 0.7508850693702698), ([[607, 121], [697, 121], [697, 165], [607, 165]], '활으면', 0.14005193312019723), ([[615, 159], [695, 159], [695, 197], [615, 197]], '안돼"', 0.19564845497645833), ([[68, 463], [125, 463], [125, 496], [68, 496]], '잘조름', 0.1180347137934088), ([[70, 486], [112, 486], [112, 514], [70, 514]], '햇다', 0.24332419136826958), ([[1052, 592], [1084, 592], [1084, 708], [1052, 708]], '7', 0.9782804489061938), ([[1093, 837], [1127, 837], [1127, 855], [1093, 855]], "'히", 0.08100020773436056)]
[([[990, 5], [1245, 5], [1245, 96], [990, 96]], '번역후기', 0.9847330451011658), ([[987, 303], [1243, 303], [1243, 345], [987, 345]], '슬슬 스시틀 따먹지', 0.2867116943717872), ([[1008, 335], [1224, 335], [1224, 383], [1008, 383]], '않으면 죽는다!!', 0.6881379759687106), ([[973, 407], [1255, 407], [1255, 451], [973, 451]], '모티브는 실제로 있는', 0.4841900168652258), ([[993, 441], [1235, 441], [1235, 485], [993, 485]], '해양 기생중+초밥', 0.791098657077345), ([[1011, 511], [1219, 511], [1219, 553], [1011, 553]], '드래곧 / 물 타입', 0.28099572966824793), ([[967, 547], [1199, 547], [1199, 589], [967, 589]], '신장 30찮향, 체중', 0.12115131856752706), ([[971, 579], [1259, 579], [1259, 623], [971, 623]], '설정상 매우 교활하고', 0.925762651480397), ([[989, 615], [1241, 615], [1241, 659], [989, 659]], '지능이 높은 포켓온', 0.7447917961176892), ([[989, 649], [1239, 649], [1239, 691], [989, 691]], '이라지만 귀여워서', 0.9942731412005765), ([[971, 680], [1256, 680], [1256, 728], [971, 728]], '동인계에서 그런 점은', 0.9944481651776242), ([[991, 719], [1239, 719], [1239, 763], [991, 763]], '부각되지 암율지도', 0.20293205616423482), ([[1012, 918], [1222, 918], [1222, 990], [1012, 990]], '[예꼴)', 0.013294241391122341), ([[3, 964], [155, 964], [155, 1025], [3, 1025]], '@+-알퍽 교', 0.00024313801424639936), ([[971, 991], [1267, 991], [1267, 1030], [971, 1030]], '문의 : @*[교,_|@9교리내<어 ', 7.761417328023083e-05), ([[1203.0064985989293, 546.1253445358238], [1267.6765801200722, 554.4243228056833], [1261.9935014010707, 592.8746554641762], [1197.3234198799278, 584.5756771943167]], '8*9', 0.7981198981952187)]
[([[692, 232], [895, 232], [895, 293], [692, 293]], '햇/화, 역시', 0.08674053357384215), ([[710, 282], [878, 282], [878, 338], [710, 338]], '갖 잡은 건', 0.7550952083836651), ([[696, 324], [891, 324], [891, 384], [696, 384]], '팔팔하구만!', 0.6398003148228285), ([[415, 411], [467, 411], [467, 453], [415, 453]], '0', 0.9760133396540027), ([[457, 483], [473, 483], [473, 517], [457, 517]], ':', 0.46820099507171165), ([[635, 485], [673, 485], [673, 555], [635, 555]], '주', 0.1122107492083666), ([[133, 581], [173, 581], [173, 623], [133, 623]], '4', 0.24653144224708967), ([[640, 582], [762, 582], [762, 724], [640, 724]], '빚', 0.40784169512309987), ([[185, 942], [297, 942], [297, 997], [185, 997]], '@퍽:*6 |', 0.005393100109425031), ([[60.96677012765268, 47.02543359134951], [223.02495444445057, 71.32857389541886], [186.0332298723473, 291.9745664086505], [22.97504555554943, 266.67142610458114]], '!?', 0.9560845540560816)]
[([[94, 144], [162, 144], [162, 196], [94, 196]], '기0', 0.4604298637526298), ([[781, 133], [878, 133], [878, 185], [781, 185]], '일단은', 0.9995231232401348), ([[555, 197], [639, 197], [639, 237], [555, 237]], '스스:', 0.022954064478928164), ([[768, 174], [892, 174], [892, 224], [768, 224]], '확실하게', 0.9992840886116028), ([[750, 212], [912, 212], [912, 260], [750, 260]], '밑간을 하고', 0.5888862362523385), ([[746, 250], [916, 250], [916, 300], [746, 300]], '가켓습니다~', 0.8445527191995919), ([[784, 288], [874, 288], [874, 336], [784, 336]], '(웃음)', 0.9997951984405518), ([[639, 963], [759, 963], [759, 1000], [639, 1000]], '@+:) +퍽감교', 0.0020448980338913856)]
[([[787, 153], [877, 153], [877, 195], [787, 195]], '속까지', 0.9085351207229175), ([[581, 197], [667, 197], [667, 239], [581, 239]], '우 ! ?', 0.7368197630480873), ([[728, 186], [936, 186], [936, 236], [728, 236]], '꼼꼼하고 정성껏', 0.7845710388765627), ([[752, 227], [911, 227], [911, 271], [752, 271]], '발라주는 게', 0.9436357127633351), ([[738, 262], [926, 262], [926, 310], [738, 310]], '요령이랍니다~', 0.5250047903377999), ([[639, 965], [759, 965], [759, 1000], [639, 1000]], '(+3|+퍽감교', 0.002343710294669487)]
[([[561, 197], [599, 197], [599, 235], [561, 235]], '세', 0.028302129118904285), ([[780, 173], [884, 173], [884, 221], [780, 221]], '자-알', 0.9183679819107056), ([[732, 214], [934, 214], [934, 262], [732, 262]], '풀어줌시다~9', 0.256905306805294), ([[705, 653], [781, 653], [781, 721], [705, 721]], '국', 0.12619481341122096), ([[639, 963], [761, 963], [761, 1000], [639, 1000]], '새도`>교', 0.00018483372505670545), ([[430.25259068131635, 37.031088175796086], [486.4585871913472, -0.9883089504050933], [595.7474093186837, 174.96891182420393], [539.5414128086528, 212.9883089504051]], '}', 0.07535935406144745), ([[438.4933415398829, 563.0214301706184], [483.9289600573024, 555.0723501105466], [505.5066584601171, 692.9785698293816], [461.0710399426976, 700.9276498894534]], '?', 0.9741281499672461)]
[([[579, 103], [615, 103], [615, 147], [579, 147]], '0', 0.04525723785021385), ([[172, 168], [268, 168], [268, 216], [172, 216]], '이만큼', 0.999690911010731), ([[146, 206], [292, 206], [292, 254], [146, 254]], '벌어쨌으면', 0.32503139788597984), ([[140, 244], [300, 244], [300, 292], [140, 292]], '충분하켓조', 0.6873561773675102), ([[314, 662], [352, 662], [352, 694], [314, 694]], '09', 0.05977678891404956), ([[37, 939], [180, 939], [180, 994], [37, 994]], '/5`+퍽감?', 0.0006790661145473812)]
[([[587, 51], [653, 51], [653, 87], [587, 87]], '그/0-', 0.1898970752954483), ([[411, 63], [523, 63], [523, 101], [411, 101]], '세:!?', 0.288745420422857), ([[907, 71], [997, 71], [997, 111], [907, 111]], '?06', 0.11106411536314496), ([[154, 166], [224, 166], [224, 218], [154, 218]], '그럼', 0.9997954253267759), ([[463, 121], [561, 121], [561, 207], [463, 207]], '(', 0.07126332684528336), ([[120, 208], [262, 208], [262, 264], [120, 264]], '넣울게에', 0.4094516336917877), ([[8, 937], [183, 937], [183, 997], [8, 997]], '@+이: 사퍽>교', 0.0037591170647936828), ([[541.200559832056, 568.2827431770743], [722.7787967544406, 442.750595338467], [776.799440167944, 546.7172568229257], [595.2212032455594, 673.2494046615329]], '숫6', 0.08111205527569136)]
[([[125, 136], [256, 136], [256, 188], [125, 188]], '신선해서', 0.9996136426925659), ([[144, 182], [240, 182], [240, 230], [144, 230]], '그런지', 0.9999789394219962), ([[144, 224], [240, 224], [240, 272], [144, 272]], '조임이', 0.9781928220978101), ([[142, 264], [244, 264], [244, 316], [142, 316]], '좋네에', 0.7570904430063853), ([[10, 945], [95, 945], [95, 997], [10, 997]], ')', 0.6738193079245072), ([[134, 964], [176, 964], [176, 990], [134, 990]], '버라', 0.02827722403933604)]
[([[466, 42], [578, 42], [578, 114], [466, 114]], '옷-', 0.11845059449867076), ([[118, 140], [264, 140], [264, 188], [118, 188]], '속이 꽉 찬', 0.8157828018442885), ([[128, 178], [250, 178], [250, 228], [128, 228]], '김밥처럼', 0.9675405621528625), ([[128, 216], [250, 216], [250, 268], [128, 268]], '돼버럿군', 0.7094584703445435), ([[144, 254], [236, 254], [236, 306], [144, 306]], '(웃음)', 0.9997761845588684), ([[496, 252], [580, 252], [580, 330], [496, 330]], '그', 0.3425565869386027), ([[12, 936], [183, 936], [183, 997], [12, 997]], '@+퍽도검교', 0.0020691554817873037)]
