2478583
35
[([[47, 221], [89, 221], [89, 343], [47, 343]], '젊', 0.19090160134336376), ([[86, 42], [134, 42], [134, 290], [86, 290]], '7', 0.029898467543554297)]
[([[252, 24], [286, 24], [286, 48], [252, 48]], '모두', 0.9999149487190977), ([[246, 44], [294, 44], [294, 68], [246, 68]], '물러나', 0.99946641485502), ([[313, 301], [341, 301], [341, 319], [313, 319]], '그게', 0.9997017819256967), ([[305, 319], [349, 319], [349, 339], [305, 339]], '통할 것', 0.9642382860183716), ([[300, 334], [352, 334], [352, 358], [300, 358]], '같나요?', 0.8313654661178589), ([[101, 715], [139, 715], [139, 735], [101, 735]], '왜나면', 0.47656709226390154), ([[493, 725], [535, 725], [535, 741], [493, 741]], '하하하', 0.9996413588564947), ([[105, 731], [135, 731], [135, 751], [105, 751]], '나는', 0.9122475078207504), ([[499, 743], [535, 743], [535, 759], [499, 759]], '네공의', 0.4513609955844704), ([[47, 753], [81, 753], [81, 773], [47, 773]], '미사!', 0.9119135911987941), ([[497, 759], [537, 759], [537, 775], [497, 775]], '눈따위', 0.9876622589455173), ([[39, 771], [87, 771], [87, 791], [39, 791]], '저놈은', 0.4994865655899048), ([[489, 773], [545, 773], [545, 793], [489, 793]], '니는 필요', 0.5888674861165023), ([[37, 787], [91, 787], [91, 807], [37, 807]], '흑토에서', 0.3729349672794342), ([[503, 789], [533, 789], [533, 809], [503, 809]], '없다', 0.9999546502921897), ([[44, 804], [82, 804], [82, 828], [44, 828]], '윗다!', 0.3566444830829974)]
[([[384, 362], [410, 362], [410, 440], [384, 440]], '약', 0.9977616690123661), ([[538, 342], [566, 342], [566, 498], [538, 498]], '}', 0.11013120194928039), ([[76.18418298355199, 363.08407832104956], [109.26491106406735, 357.20526680779795], [119.81581701644801, 418.91592167895044], [86.73508893593265, 424.79473319220205]], '뱀', 0.09730575446684853)]
[([[216, 44], [250, 44], [250, 70], [216, 70]], '슬립', 0.6423377065292352), ([[275, 113], [315, 113], [315, 129], [275, 129]], '나에개', 0.3882901270847323), ([[267, 127], [321, 127], [321, 147], [267, 147]], '힘을 다오', 0.5546113247473603), ([[45, 241], [83, 241], [83, 255], [45, 255]], '빌어덕음', 0.24773477017879486), ([[263, 237], [307, 237], [307, 257], [263, 257]], "자지미'", 0.9215842485427856), ([[43, 253], [83, 253], [83, 269], [43, 269]], '곧토 놈틈', 0.25722073402008955), ([[265, 253], [297, 253], [297, 273], [265, 273]], '진장:', 0.764592387095954), ([[50, 270], [74, 270], [74, 278], [50, 278]], '거가 ', 0.046196201056472125), ([[45, 279], [85, 279], [85, 295], [45, 295]], '다기기지', 0.9816600680351257), ([[432, 470], [510, 470], [510, 564], [432, 564]], '2', 0.2275222031228319)]
[([[517, 5], [547, 5], [547, 25], [517, 25]], '이런', 0.9997812648636358), ([[511, 23], [555, 23], [555, 43], [511, 43]], '어린애', 0.9995758404022245), ([[347, 43], [383, 43], [383, 63], [347, 63]], '닥체', 0.9833223015120829), ([[517, 41], [547, 41], [547, 61], [517, 61]], '한데', 0.63427440195657), ([[333, 61], [395, 61], [395, 79], [333, 79]], '네가 먼저', 0.9998592528426242), ([[516, 56], [548, 56], [548, 80], [516, 80]], '갈을', 0.7979738644605601), ([[341, 77], [387, 77], [387, 97], [341, 97]], '취둘렉', 0.21548302295924246), ([[503, 75], [561, 75], [561, 95], [503, 95]], '취둘러도', 0.661799430847168), ([[347, 95], [383, 95], [383, 115], [347, 115]], '잡아!', 0.6435659296740592), ([[517, 93], [547, 93], [547, 113], [517, 113]], '되는', 0.9912846606718083), ([[510, 108], [556, 108], [556, 132], [510, 132]], '거야!?', 0.6879551410675049), ([[79, 123], [109, 123], [109, 141], [79, 141]], '아직', 0.39794178726139634), ([[76, 138], [112, 138], [112, 162], [76, 162]], '일리!', 0.7812167527522008), ([[228, 360], [258, 360], [258, 384], [228, 384]], '죽어', 0.9985668023838472), ([[231, 377], [253, 377], [253, 397], [231, 397]], "라'", 0.6629362301386934), ([[455, 503], [497, 503], [497, 523], [455, 523]], '시끄러', 0.999425535534097), ([[549, 511], [593, 511], [593, 531], [549, 531]], '어떻게', 0.7994712907760251), ([[451, 521], [497, 521], [497, 541], [451, 541]], '죽짓네!', 0.4660200774669647), ([[547, 527], [595, 527], [595, 547], [547, 547]], '된거야!', 0.5903561115264893), ([[546, 542], [596, 542], [596, 566], [546, 566]], '더 이상', 0.966392457485199), ([[246, 524], [276, 524], [276, 638], [246, 638]], '양', 0.10093395189628396), ([[539, 559], [600, 559], [600, 601], [539, 601]], "'쓸위병#이", 0.024841445142197948), ([[174, 592], [220, 592], [220, 624], [174, 624]], '렌창', 0.6152734379246763)]
[]
[([[510, 32], [538, 32], [538, 112], [510, 112]], '잠', 0.006356489808648169), ([[374, 294], [497, 294], [497, 503], [374, 503]], '표', 0.2805655263090081)]
[([[232, 50], [274, 50], [274, 74], [232, 74]], '이렇계', 0.7404287645448506), ([[239, 67], [267, 67], [267, 85], [239, 85]], '빨리', 0.9997817705934507), ([[225, 83], [281, 83], [281, 103], [225, 103]], '찾을 줄은', 0.6888881280363112), ([[228, 98], [278, 98], [278, 122], [228, 122]], '몰라네!', 0.1258278787136078), ([[223, 117], [283, 117], [283, 137], [223, 137]], '신이시여!', 0.9718010537676856)]
[]
[]
[([[47, 79], [75, 79], [75, 95], [47, 95]], '제발', 0.28740672245412796), ([[112, 80], [170, 80], [170, 106], [112, 106]], '도와쥐!', 0.9155728220939636), ([[13, 107], [43, 107], [43, 127], [13, 127]], '이기', 0.9941175870816334), ([[0, 127], [55, 127], [55, 147], [0, 147]], '기친 높이', 0.42598053496424704), ([[11, 145], [45, 145], [45, 165], [11, 165]], '있에!', 0.4676985848590515), ([[366, 454], [410, 454], [410, 478], [366, 478]], '부상올', 0.5430852468439241), ([[553, 469], [595, 469], [595, 489], [553, 489]], '진성해', 0.31650600892843056), ([[371, 473], [407, 473], [407, 515], [371, 515]], '면공', 0.014911229049129296)]
[([[331, 31], [353, 31], [353, 47], [331, 47]], '거?', 0.5588421747047195), ([[57, 47], [83, 47], [83, 67], [57, 67]], '참은', 0.08556050886613063), ([[327, 47], [365, 47], [365, 65], [327, 65]], '끄맣이', 0.3428614295212428), ([[53, 65], [87, 65], [87, 83], [53, 83]], '불건이', 0.9080019639899085), ([[53, 81], [85, 81], [85, 99], [53, 99]], '있의', 0.15783899762946405), ([[41, 95], [99, 95], [99, 115], [41, 115]], '한번 보고', 0.8152257118497402), ([[51, 113], [89, 113], [89, 129], [51, 129]], '기거니', 0.9960294365882874), ([[51, 127], [87, 127], [87, 145], [51, 145]], '허하히', 0.15115635828379703), ([[9, 293], [45, 293], [45, 309], [9, 309]], '하시인', 0.20533999936069863), ([[305, 303], [375, 303], [375, 319], [305, 319]], '이거 예냐지?', 0.17525219590410082), ([[299, 315], [375, 315], [375, 335], [299, 335]], '좋은 물건인데', 0.25711939546035445), ([[447, 309], [473, 309], [473, 329], [447, 329]], '무슨', 0.9999227035548407), ([[15, 325], [49, 325], [49, 339], [15, 339]], '어러서', 0.7723131609144619), ([[233, 327], [275, 327], [275, 343], [233, 343]], '5리드 .', 0.5641450919413896), ([[305, 333], [375, 333], [375, 351], [305, 351]], '52드에 팔게', 0.5994455514454432), ([[446, 324], [476, 324], [476, 364], [446, 364]], '출', 0.9023170897663135), ([[13, 353], [37, 353], [37, 369], [13, 369]], '비산', 0.3178868955613137), ([[321, 349], [359, 349], [359, 365], [321, 365]], '히하히', 0.2232672187282615), ([[21, 367], [57, 367], [57, 385], [21, 385]], '여유가', 0.5304177882324632), ([[9, 383], [51, 383], [51, 399], [9, 399]], "없어시 '", 0.5179130828075699), ([[19, 399], [53, 399], [53, 413], [19, 413]], '안히오', 0.19950506165589593), ([[241, 513], [269, 513], [269, 533], [241, 533]], '무슨', 0.714814184990955), ([[235, 533], [277, 533], [277, 549], [235, 549]], '소리야!', 0.987895131111145), ([[231, 545], [281, 545], [281, 565], [231, 565]], '옆구리에', 0.3899909555912018), ([[239, 563], [271, 563], [271, 581], [239, 581]], "그거'", 0.42081417422780626), ([[237, 577], [275, 577], [275, 597], [237, 597]], '톤기방', 0.3125346507621088), ([[233, 595], [279, 595], [279, 613], [233, 613]], '아니야?', 0.9870915412902832), ([[469, 683], [531, 683], [531, 701], [469, 701]], '그  그보다', 0.5743058549146449), ([[285, 701], [309, 701], [309, 717], [285, 717]], '보름', 0.1363219886084328), ([[475, 699], [525, 699], [525, 715], [475, 715]], '아주머니', 0.9869292974472046), ([[69, 709], [115, 709], [115, 725], [69, 725]], '어기지기', 0.8526642918586731), ([[467, 713], [531, 713], [531, 733], [467, 733]], '여기 정보들', 0.8399514865752447), ([[63, 725], [117, 725], [117, 741], [63, 741]], '찾아얘는데', 0.13873397328034787), ([[75, 739], [109, 739], [109, 755], [75, 755]], '엎네요', 0.40943521669611516), ([[477, 731], [521, 731], [521, 749], [477, 749]], '취근하는', 0.3432769179344177), ([[479, 745], [519, 745], [519, 763], [479, 763]], '사람은', 0.8906727389005547), ([[477, 761], [523, 761], [523, 781], [477, 781]], '없니요?', 0.9935927391052246)]
[]
[]
[]
[([[468, 6], [516, 6], [516, 60], [468, 60]], '1', 0.3317939617909502), ([[195, 357], [245, 357], [245, 377], [195, 377]], '서둘러!', 0.4482296407222748), ([[248, 412], [302, 412], [302, 436], [248, 436]], '이것의', 0.9799982975240438), ([[248, 434], [300, 434], [300, 458], [248, 458]], '주인을', 0.5813526936791457), ([[254, 456], [298, 456], [298, 482], [254, 482]], '찾아!', 0.31648863503916), ([[395, 438], [476, 438], [476, 481], [395, 481]], '[', 0.5224196152566982), ([[154, 614], [206, 614], [206, 644], [154, 644]], '진장', 0.3859919131638017), ([[154, 642], [208, 642], [208, 670], [154, 670]], '어세', 0.9898993412737341), ([[75, 737], [101, 737], [101, 755], [75, 755]], '위위', 0.1830393167190305), ([[73, 757], [107, 757], [107, 773], [73, 773]], '진성히', 0.4363175277681483), ([[512.9193618380847, 14.08391576374229], [606.4051724620903, 30.176214290906458], [594.0806381619153, 91.91608423625772], [500.5948275379098, 76.82378570909354]], '신]', 0.027578516233183976)]
[([[96, 56], [364, 56], [364, 106], [96, 106]], '홍주와 마법하} ?화', 0.08355963014365485), ([[367, 633], [451, 633], [451, 649], [367, 649]], '#: (50,32', 0.12846402927208306)]
[([[277, 365], [345, 365], [345, 381], [277, 381]], '임원한 치유의', 0.5555571283750299), ([[219, 387], [253, 387], [253, 401], [219, 401]], '그래서', 0.995638083078465), ([[279, 377], [341, 377], [341, 397], [279, 397]], '미음은가 진', 0.450197399538131), ([[577, 385], [623, 385], [623, 403], [577, 403]], '왜 계속', 0.9938294291496277), ([[211, 399], [255, 399], [255, 419], [211, 419]], '내 사랑', 0.9263061133508074), ([[273, 391], [343, 391], [343, 427], [273, 427]], '사루이반판', 0.022124102815109212), ([[566, 398], [636, 398], [636, 422], [566, 422]], '부활의 직을', 0.26488429356287596), ([[206, 412], [262, 412], [262, 436], [206, 436]], '이방법률', 0.6606190800666809), ([[279, 421], [343, 421], [343, 441], [279, 441]], '있는건아}', 0.10333606689226746), ([[571, 419], [629, 419], [629, 439], [571, 439]], '위고 있논', 0.24857807341990903), ([[211, 431], [257, 431], [257, 451], [211, 451]], '연구하기', 0.9958475828170776), ([[581, 435], [619, 435], [619, 455], [581, 455]], '거야?', 0.9904226955093148), ([[209, 445], [259, 445], [259, 465], [209, 465]], '지직임지', 0.2804720401763916), ([[277, 443], [337, 443], [337, 461], [277, 461]], '그래시 민약', 0.42019012847602377), ([[283, 459], [329, 459], [329, 475], [283, 475]], '상내방이', 0.12931808829307556), ([[269, 471], [341, 471], [341, 491], [269, 491]], '좋은 시같이년', 0.4257433156735371), ([[277, 489], [337, 489], [337, 505], [277, 505]], '니가 해치시', 0.7594518852448342), ([[285, 501], [327, 501], [327, 521], [285, 521]], '옷합것', 0.5297824138499856), ([[289, 517], [323, 517], [323, 535], [289, 535]], '같아시', 0.8062238775282823), ([[257, 607], [303, 607], [303, 627], [257, 627]], '내 말이', 0.46430501308112954), ([[255, 625], [303, 625], [303, 645], [255, 645]], '맛잡아?', 0.13994412124156952), ([[259, 641], [299, 641], [299, 661], [259, 661]], '지금도', 0.9977653638286044), ([[320, 644], [382, 644], [382, 670], [320, 670]], '왜왜왜', 0.9308217067373722), ([[255, 657], [305, 657], [305, 677], [255, 677]], '누고기틀', 0.3080041706562042), ([[247, 675], [313, 675], [313, 695], [247, 695]], '발견없지만', 0.1667809243004975), ([[265, 691], [293, 691], [293, 711], [265, 711]], '몰라', 0.9071848966015731), ([[255, 707], [307, 707], [307, 727], [255, 727]], '눈으로만', 0.9810535907745361), ([[265, 725], [293, 725], [293, 745], [265, 745]], '쫓고', 0.6789324666593314), ([[259, 741], [301, 741], [301, 761], [259, 761]], '있잡아', 0.5739028773523026)]
[([[8, 48], [76, 48], [76, 72], [8, 72]], '이건 영원히', 0.9819105529112261), ([[551, 51], [585, 51], [585, 67], [551, 67]], '그리서', 0.995535937730907), ([[45, 69], [73, 69], [73, 89], [45, 89]], '있는', 0.3206733203140766), ([[270, 62], [300, 62], [300, 86], [270, 86]], '벌레', 0.9093685790199754), ([[549, 67], [587, 67], [587, 83], [549, 83]], '이 책은', 0.5220433658942621), ([[16, 84], [68, 84], [68, 108], [16, 108]], '효혈귀의', 0.07987208664417267), ([[253, 83], [299, 83], [299, 103], [253, 103]], '같은건', 0.7577715216074468), ([[547, 79], [585, 79], [585, 99], [547, 99]], '부현데', 0.3656807126740368), ([[17, 103], [69, 103], [69, 123], [17, 123]], '심장이지', 0.9931548833847046), ([[259, 99], [295, 99], [295, 119], [259, 119]], '뭐아?', 0.10296222675973499), ([[537, 95], [597, 95], [597, 115], [537, 115]], '내한 내용물', 0.7974640747297196), ([[549, 111], [585, 111], [585, 125], [549, 125]], '다누고', 0.6831673368299219), ([[13, 129], [71, 129], [71, 149], [13, 149]], '이걸 씨서', 0.20693249440279796), ([[543, 125], [593, 125], [593, 143], [543, 143]], '지는거야?', 0.2095077397318952), ([[8, 144], [76, 144], [76, 168], [8, 168]], '죽은 사람을', 0.3866884194116957), ([[13, 163], [71, 163], [71, 183], [13, 183]], '되살렉 수', 0.2545362483049136), ([[7, 181], [75, 181], [75, 201], [7, 201]], '있다고 민논', 0.3551508138556768), ([[15, 197], [71, 197], [71, 217], [15, 217]], '사람들이', 0.6143789887428284), ([[27, 215], [57, 215], [57, 235], [27, 235]], '있어', 0.9761069651559441), ([[164, 240], [188, 240], [188, 264], [164, 264]], '사', 0.5650522387891357), ([[260, 254], [290, 254], [290, 278], [260, 278]], '60', 0.4627917176207513), ([[587, 341], [627, 341], [627, 361], [587, 361]], '자랑은', 0.9911002655440396), ([[483, 357], [511, 357], [511, 375], [483, 375]], '보도', 0.9959706143096251), ([[583, 359], [633, 359], [633, 377], [583, 377]], '이니지만', 0.996854305267334), ([[473, 373], [519, 373], [519, 391], [473, 391]], '지랑히는', 0.5213272571563721), ([[571, 375], [641, 375], [641, 395], [571, 395]], '5만 레드짜리', 0.4513257893491103), ([[50, 332], [100, 332], [100, 476], [50, 476]], '풀', 0.19247292658496917), ([[485, 389], [511, 389], [511, 405], [485, 405]], '건데', 0.9931504418007966), ([[567, 389], [647, 389], [647, 429], [567, 429]], '물?&자지고', 0.07539108794359162), ([[582, 422], [632, 422], [632, 446], [582, 446]], '훈현러들', 0.09078063815832138), ([[585, 441], [623, 441], [623, 457], [585, 457]], '죽이기', 0.7944533500832308), ([[577, 457], [615, 457], [615, 473], [577, 473]], '신다고', 0.9859218739643071), ([[57, 467], [87, 467], [87, 485], [57, 485]], '디만', 0.41742500508411934), ([[565, 471], [635, 471], [635, 491], [565, 491]], '언을 수 잇는', 0.18783319182314295), ([[585, 489], [629, 489], [629, 507], [585, 507]], '이니야!', 0.7518705129623413), ([[52, 668], [112, 668], [112, 718], [52, 718]], '아', 0.9905073496725549), ([[401, 775], [429, 775], [429, 791], [401, 791]], '잠이', 0.29593342252444294), ([[385, 791], [443, 791], [443, 809], [385, 809]], '안 오네', 0.8944609761238098), ([[130.14304661822948, 40.25721864729179], [179.65160196374705, 27.872076707684936], [184.85695338177052, 45.74278135270821], [135.34839803625295, 58.12792329231507]], '~', 0.24802121246733666), ([[98.54230423844288, 82.27961296691001], [174.335239118426, 53.11674264643065], [183.45769576155712, 78.72038703308999], [107.66476088157401, 106.88325735356935]], ' ', 0.3872123960346595), ([[135.05131670194947, 413.1539501058485], [158.52737191545097, 400.04671727347454], [183.94868329805053, 448.8460498941515], [160.47262808454903, 461.95328272652546]], '틀', 0.16138079199287692)]
[([[59, 117], [93, 117], [93, 137], [59, 137]], '왜안', 0.9040674231653978), ([[305, 115], [331, 115], [331, 129], [305, 129]], '아직', 0.9993690357026848), ([[52, 134], [100, 134], [100, 158], [52, 158]], '움직예', 0.7874478700624084), ([[286, 128], [352, 128], [352, 152], [286, 152]], '살아있어?', 0.9948144035572043), ([[61, 155], [91, 155], [91, 175], [61, 175]], '굶어', 0.9238333097100692), ([[48, 170], [102, 170], [102, 194], [48, 194]], '죽없나?', 0.7346380352973938), ([[331, 417], [367, 417], [367, 431], [331, 431]], '드디어', 0.999551477594337), ([[321, 429], [373, 429], [373, 449], [321, 449]], '내 존자들', 0.6494227949777692), ([[304, 447], [388, 447], [388, 467], [304, 467]], '기억하번 건기?', 0.4544762252575306), ([[21, 463], [77, 463], [77, 479], [21, 479]], '그 사람에제', 0.31070261720257125), ([[323, 463], [347, 463], [347, 483], [323, 483]], '5만', 0.9574133205566584), ([[25, 477], [73, 477], [73, 495], [25, 495]], "밀해아지'", 0.31190608754756655), ([[311, 481], [387, 481], [387, 497], [311, 497]], '이심의 가치기', 0.9135844189501173), ([[19, 491], [75, 491], [75, 507], [19, 507]], '나만네 반블', 0.3194965998501012), ([[315, 495], [381, 495], [381, 515], [315, 515]], '있는 몸인데', 0.3665047091682076), ([[13, 506], [80, 506], [80, 538], [13, 538]], '잊어버결요전', 0.045946427411878446), ([[309, 511], [387, 511], [387, 531], [309, 531]], '어찌 나른 윗을', 0.1475377871424382), ([[45, 533], [71, 533], [71, 551], [45, 551]], "'주지", 0.28960765123565696), ([[317, 527], [379, 527], [379, 547], [317, 547]], '수가 있지?', 0.8036931883880828), ([[29, 549], [67, 549], [67, 565], [29, 565]], '밀리기!', 0.13968907296657562), ([[99, 611], [161, 611], [161, 627], [99, 627]], "굶어 속은래'", 0.11122906775689265), ([[205, 613], [271, 613], [271, 627], [205, 627]], '2수메 한 난민', 0.29023693268167455), ([[95, 627], [125, 627], [125, 641], [95, 641]], '마내기', 0.7918971728887171), ([[103, 641], [143, 641], [143, 655], [103, 655]], '무서무하', 0.3771453817333957), ([[209, 641], [281, 641], [281, 657], [209, 657]], '렇게 덥미 길만', 0.11205963837469399), ([[193, 657], [279, 657], [279, 671], [193, 671]], '당연히 잊어버리지', 0.49604584885570063), ([[103, 669], [155, 669], [155, 685], [103, 685]], '무서워하든', 0.29384451895390257), ([[215, 669], [275, 669], [275, 685], [215, 685]], '쾌도딱 노니', 0.18705194987295518), ([[102, 680], [128, 680], [128, 716], [102, 716]], '생', 0.8333147509938641), ([[127, 681], [155, 681], [155, 699], [127, 699]], '없어!', 0.9957652680358761), ([[187, 685], [293, 685], [293, 701], [187, 701]], '점신적므로도 망추하고', 0.26684877598946477), ([[17, 685], [55, 685], [55, 725], [17, 725]], '현들', 0.008233844564933201), ([[123, 693], [161, 693], [161, 733], [123, 733]], '뻗대', 0.04707223864739072), ([[187, 695], [291, 695], [291, 715], [187, 715]], '일주일은 너 안져어노', 0.1852583383817932), ([[101, 713], [125, 713], [125, 729], [101, 729]], '표에', 0.648238708151367), ([[209, 715], [263, 715], [263, 729], [209, 729]], '단잡되짓네:', 0.07620019309758556), ([[101, 725], [155, 725], [155, 743], [101, 743]], '솜은 기아!', 0.5113983852633337)]
[([[514, 62], [590, 62], [590, 86], [514, 86]], '엿이나 먹어!', 0.8411925339024425), ([[539, 81], [581, 81], [581, 101], [539, 101]], '번만 더', 0.9084243087766614), ([[521, 81], [583, 81], [583, 121], [521, 121]], '합 뿐말되', 0.030534902745532524), ([[525, 113], [579, 113], [579, 133], [525, 133]], '까먹므면', 0.5131875872612), ([[523, 131], [581, 131], [581, 151], [523, 151]], '네 심장올', 0.8651273726571704), ([[518, 146], [584, 146], [584, 170], [518, 170]], '피먹어버길', 0.36704950357840616), ([[529, 165], [575, 165], [575, 185], [529, 185]], '테니까!', 0.9570401906967163), ([[567, 393], [619, 393], [619, 413], [567, 413]], '그렇다고', 0.9992860555648804), ([[487, 415], [541, 415], [541, 435], [487, 435]], '처우이는', 0.10606244206428528), ([[573, 411], [615, 411], [615, 431], [573, 431]], '이것만', 0.9948206157303334), ([[203, 439], [233, 439], [233, 459], [203, 459]], '맞아', 0.9984843987674331), ([[483, 433], [545, 433], [545, 453], [483, 453]], '해난것저럼', 0.5372087282824682), ([[567, 429], [619, 429], [619, 449], [567, 449]], '가지고서', 0.9868240356445312), ([[298, 444], [352, 444], [352, 468], [298, 468]], '좁비처럼', 0.2107919736412254), ([[489, 451], [539, 451], [539, 469], [489, 469]], '보없지만', 0.4274071156978607), ([[572, 442], [616, 442], [616, 466], [572, 466]], '사람을', 0.1141915355039856), ([[301, 463], [349, 463], [349, 483], [301, 483]], '말이지?', 0.9326342940330505), ([[480, 462], [548, 462], [548, 488], [480, 488]], '벌리가 몸흘', 0.19115958153112128), ([[563, 459], [625, 459], [625, 503], [563, 503]], '부론썹', 0.005796949773592363), ([[491, 485], [541, 485], [541, 503], [491, 503]], '조종하고', 0.8447879552841187), ([[593, 479], [621, 479], [621, 499], [593, 499]], '없어', 0.9995257965985702), ([[485, 499], [541, 499], [541, 519], [485, 519]], '있있올 뿐', 0.3741228508650099), ([[589, 495], [617, 495], [617, 515], [589, 515]], '책의', 0.8740678697051387), ([[487, 519], [543, 519], [543, 537], [487, 537]], '전혀 그의', 0.940447847739594), ([[573, 513], [615, 513], [615, 531], [573, 531]], '저자도', 0.9996836158118113), ([[493, 533], [537, 533], [537, 553], [493, 553]], '아들이', 0.9995707476052982), ([[559, 529], [627, 529], [627, 549], [559, 549]], '아들을 부활', 0.2856323421869718), ([[487, 551], [541, 551], [541, 571], [487, 571]], '이니있어', 0.5406419752525405), ([[560, 544], [628, 544], [628, 568], [560, 568]], '시켜방노데', 0.3057730239920306), ([[567, 719], [617, 719], [617, 737], [567, 737]], '아 아까', 0.8853495166832402), ([[568, 732], [614, 732], [614, 756], [568, 756]], '그사람', 0.9948043154452875), ([[569, 751], [611, 751], [611, 771], [569, 771]], '또 움직', 0.25693399326588595), ([[577, 767], [607, 767], [607, 787], [577, 787]], '이네', 0.509072594547373)]
[([[295, 23], [337, 23], [337, 43], [295, 43]], '아지은', 0.9692456932873234), ([[41, 49], [119, 49], [119, 69], [41, 69]], '죽은지 오래된', 0.41576877307664584), ([[271, 37], [362, 37], [362, 62], [271, 62]], '하지만 박사들의', 0.970278117895789), ([[279, 59], [359, 59], [359, 77], [279, 77]], '나라에서 성공', 0.7151040855887394), ([[53, 67], [107, 67], [107, 87], [53, 87]], '사람들은', 0.5825294256210327), ([[262, 72], [372, 72], [372, 96], [262, 96]], '햇다는 소눈은 있어.', 0.7753477620774213), ([[55, 83], [107, 83], [107, 103], [55, 103]], '되실리기', 0.7102930144638834), ([[261, 87], [370, 87], [370, 112], [261, 112]], '자세한긴 무르지만', 0.3817881628145596), ([[49, 99], [115, 99], [115, 119], [49, 119]], '어렵다논데', 0.8615017119007663), ([[293, 107], [345, 107], [345, 127], [293, 127]], '외? 너도', 0.9307378838126347), ([[287, 125], [351, 125], [351, 145], [287, 145]], '관심 있어?', 0.7467631589586537), ([[387, 165], [425, 165], [425, 181], [387, 181]], '그라서', 0.9926727255292724), ([[384, 178], [428, 178], [428, 202], [384, 202]], '부할에', 0.4825873974427449), ([[385, 195], [425, 195], [425, 215], [385, 215]], '제다로', 0.8134049329223451), ([[384, 210], [428, 210], [428, 234], [384, 234]], '성공하', 0.6606284224110366), ([[385, 229], [423, 229], [423, 249], [385, 249]], '사리논', 0.10522020316202241), ([[384, 243], [425, 243], [425, 268], [384, 268]], '있어?', 0.911410962025456), ([[355, 341], [415, 341], [415, 361], [355, 361]], '연금술적인', 0.5985136500995094), ([[569, 343], [609, 343], [609, 363], [569, 363]], '저번에', 0.9973605956611056), ([[295, 353], [331, 353], [331, 367], [295, 367]], '그라도', 0.8743425837415132), ([[279, 365], [343, 365], [343, 385], [279, 385]], '디중 미법신', 0.5696991775492498), ([[357, 357], [415, 357], [415, 377], [357, 377]], '부분에서는', 0.32372594152785467), ([[551, 361], [613, 361], [613, 381], [551, 381]], '내기 미법시', 0.8656376357672501), ([[289, 383], [337, 383], [337, 401], [289, 401]], '그러농고', 0.40383556485176086), ([[355, 375], [415, 375], [415, 391], [355, 391]], '괜찮젯지만,', 0.11659939816220911), ([[549, 375], [627, 375], [627, 395], [549, 395]], '지질은 없다고', 0.6554479907367315), ([[272, 388], [418, 388], [418, 416], [272, 416]], '아니리카다널리 너임치유의', 0.026952970595738417), ([[555, 393], [623, 393], [623, 413], [555, 413]], '햇지만; 혹시', 0.5237512569379466), ([[363, 407], [407, 407], [407, 423], [363, 423]], '심잖이니', 0.6967825293540955), ([[275, 413], [349, 413], [349, 433], [275, 433]], '주문올 외무는', 0.14183325684463172), ([[361, 421], [407, 421], [407, 439], [361, 439]], '훈현귀의', 0.6082891821861267), ([[563, 413], [617, 413], [617, 431], [563, 431]], '무르잡아', 0.29693838953971863), ([[563, 425], [615, 425], [615, 445], [563, 445]], '부할에는', 0.21860140562057495), ([[51, 441], [87, 441], [87, 457], [51, 457]], '정말로', 0.9228750540709261), ([[275, 427], [335, 427], [335, 467], [275, 467]], '정쨌(자', 0.16877630352973938), ([[365, 435], [405, 435], [405, 455], [365, 455]], '심장은', 0.9829540975567576), ([[569, 443], [611, 443], [611, 463], [569, 463]], '소질이', 0.6075051426887512), ([[42, 452], [92, 452], [92, 476], [42, 476]], '시립들올', 0.5058695077896118), ([[361, 453], [411, 453], [411, 471], [361, 471]], '미법적인', 0.5052595734596252), ([[563, 459], [615, 459], [615, 479], [563, 479]], '있든지도', 0.16134478151798248), ([[41, 471], [95, 471], [95, 489], [41, 489]], '부곧시키고', 0.12830017793644477), ([[363, 471], [411, 471], [411, 485], [363, 485]], '요소니끼', 0.644938051700592), ([[38, 482], [98, 482], [98, 506], [38, 506]], '싶은 거야?', 0.6286668647900637), ([[111, 575], [163, 575], [163, 595], [111, 595]], '숙은 시흘', 0.26107092745624905), ([[419, 585], [449, 585], [449, 601], [419, 601]], '안다!', 0.9737139718220563), ([[105, 591], [171, 591], [171, 611], [105, 611]], '계속 붙들고', 0.9885553046848055), ([[475, 593], [515, 593], [515, 613], [475, 613]], '필요할', 0.84965627568856), ([[97, 609], [179, 609], [179, 627], [97, 627]], '있으면안 송이', 0.6493478041148263), ([[409, 597], [455, 597], [455, 637], [409, 637]], '또염칼', 0.007245417435631087), ([[481, 611], [511, 611], [511, 629], [481, 629]], '파가', 0.2770590032951264), ([[111, 625], [137, 625], [137, 645], [111, 645]], '어떻', 0.4355722794842145), ([[409, 629], [455, 629], [455, 649], [409, 649]], '듣기로는', 0.44242551922798157), ([[475, 627], [515, 627], [515, 647], [475, 647]], '있켓지', 0.1603390643032449), ([[113, 641], [163, 641], [163, 659], [113, 659]], '떠니보내', 0.9993250966072083), ([[407, 645], [459, 645], [459, 665], [407, 665]], '목숨 하니', 0.5929294142401325), ([[112, 652], [164, 652], [164, 714], [112, 714]], '(유', 0.15758780959607105), ([[399, 659], [467, 659], [467, 701], [399, 701]], '탤출리스', 0.03265223652124405), ([[403, 693], [459, 693], [459, 711], [403, 711]], '바처야 헤 ,', 0.4726365537185014), ([[71, 693], [107, 693], [107, 785], [71, 785]], '"', 0.3276164152433445), ([[407, 707], [459, 707], [459, 747], [407, 747]], '셋의', 0.06384424959390206), ([[415, 741], [451, 741], [451, 759], [415, 759]], '독숨올', 0.6790074148534505), ([[3, 775], [59, 775], [59, 795], [3, 795]], '나는 상관', 0.9738599611679482), ([[68, 776], [112, 776], [112, 800], [68, 800]], '줄기야', 0.46111943561701396), ([[15, 791], [49, 791], [49, 811], [15, 811]], '없에', 0.9600967961756586), ([[16, 806], [46, 806], [46, 830], [16, 830]], '나는', 0.991214708617526), ([[11, 825], [49, 825], [49, 845], [11, 845]], '강력한', 0.9387975232598919), ([[10, 840], [52, 840], [52, 864], [10, 864]], '마술사', 0.7533730476869316), ([[15, 859], [49, 859], [49, 879], [15, 879]], '니끼', 0.32502640291909846)]
[([[402, 18], [464, 18], [464, 66], [402, 66]], '정보', 0.9995377133312655), ([[547, 73], [579, 73], [579, 93], [547, 93]], '이런', 0.9986683351408693), ([[239, 95], [269, 95], [269, 113], [239, 113]], '그래_', 0.9758559137512545), ([[538, 90], [588, 90], [588, 114], [538, 114]], '우연이!', 0.8961455225944519), ([[241, 109], [271, 109], [271, 129], [241, 129]], '우리', 0.9999974711900259), ([[228, 126], [286, 126], [286, 150], [228, 150]], '꼬멩이가', 0.6946737170219421), ([[232, 144], [280, 144], [280, 168], [232, 168]], '뭐 알고', 0.8451361781604543), ([[225, 163], [287, 163], [287, 183], [225, 183]], '싶어함까?', 0.2718991035680876), ([[73, 319], [95, 319], [95, 333], [73, 333]], '어디', 0.9989594686462634), ([[61, 331], [107, 331], [107, 349], [61, 349]], '있는데요', 0.12838830053806305), ([[205, 327], [243, 327], [243, 345], [205, 345]], '점말!?', 0.8380127980111518), ([[539, 355], [589, 355], [589, 371], [539, 371]], '혹시 시금', 0.9619010399751187), ([[545, 367], [581, 367], [581, 387], [545, 387]], '영원환', 0.6285485277808144), ([[527, 381], [577, 381], [577, 401], [527, 401]], '치유의마', 0.705191433429718), ([[533, 399], [559, 399], [559, 415], [533, 415]], '가진', 0.9911531654577262), ([[555, 381], [595, 381], [595, 419], [555, 419]], ')육이', 0.0029217898420261642), ([[533, 413], [593, 413], [593, 431], [533, 431]], '어디 있는시', 0.3321489382588291), ([[543, 429], [585, 429], [585, 445], [543, 445]], '아세요?', 0.17172254621982574), ([[17, 619], [51, 619], [51, 639], [17, 639]], '그만큼', 0.47807492818950975), ([[91, 617], [119, 617], [119, 637], [91, 637]], '너무', 0.9998554393702067), ([[215, 625], [253, 625], [253, 645], [215, 645]], '얼마면', 0.9989396806265384), ([[15, 633], [51, 633], [51, 653], [15, 653]], '가치가', 0.9747569477144027), ([[85, 635], [127, 635], [127, 651], [85, 651]], '비싸요', 0.2896705836881516), ([[217, 641], [251, 641], [251, 659], [217, 659]], '되요?', 0.9983231859594992), ([[85, 651], [127, 651], [127, 669], [85, 669]], '이게 제', 0.8622492460198938), ([[33, 665], [59, 665], [59, 683], [33, 683]], '고생', 0.9993590066216634), ([[85, 665], [125, 665], [125, 685], [85, 685]], '전재산', 0.3865536153316498), ([[0, 647], [67, 647], [67, 723], [0, 723]], '뼈', 0.03156637544640262), ([[32, 680], [60, 680], [60, 716], [32, 716]], '말곳', 0.0737342150784683), ([[85, 683], [119, 683], [119, 701], [85, 701]], '인데-', 0.6670969724655151), ([[13, 713], [51, 713], [51, 731], [13, 731]], '시게다', 0.33102268255045214), ([[326.5872948861759, 3.0285231804667454], [354.9246656014733, 12.698769389542772], [333.4127051138241, 80.97147681953325], [305.0753343985267, 72.30123061045722]], '푹', 0.02289281673118837)]
[([[115, 55], [169, 55], [169, 71], [115, 71]], '근데 아까', 0.6995266795623173), ([[111, 71], [169, 71], [169, 91], [111, 91]], '그 별 달린', 0.5375262855679586), ([[109, 89], [173, 89], [173, 105], [109, 105]], '새는 이디로', 0.635657785629765), ([[113, 103], [167, 103], [167, 123], [113, 123]], '간 거지?', 0.8490653527066064), ([[581, 349], [609, 349], [609, 369], [581, 369]], '있네', 0.22540300828441498), ([[151, 425], [181, 425], [181, 443], [151, 443]], '언제', 0.9995490585063812), ([[137, 443], [193, 443], [193, 461], [137, 461]], '저기까지', 0.9986207485198975), ([[145, 463], [185, 463], [185, 481], [145, 481]], '자대 .', 0.2108946144580841), ([[577, 647], [635, 647], [635, 667], [577, 667]], '그 남자도', 0.6976921709775521), ([[577, 667], [635, 667], [635, 685], [577, 685]], '같이 마라', 0.8788066046207451), ([[577, 681], [633, 681], [633, 701], [577, 701]], '뛰어오나', 0.9746846556663513), ([[108, 698], [182, 698], [182, 728], [108, 728]], '아아악', 0.9892986587858623), ([[587, 699], [625, 699], [625, 719], [587, 719]], '본데?', 0.9982218294562659), ([[104, 728], [184, 728], [184, 760], [104, 760]], '살려쥐!', 0.29456469416618347), ([[262, 764], [312, 764], [312, 788], [262, 788]], '아직도', 0.999839018855528), ([[264, 784], [310, 784], [310, 810], [264, 810]], '있어?', 0.9935979873791828)]
[([[346, 50], [388, 50], [388, 74], [346, 74]], '저기!', 0.48735823406729195), ([[348, 72], [386, 72], [386, 100], [348, 100]], '방금', 0.8066470985890118), ([[336, 92], [398, 92], [398, 120], [336, 120]], '들없어?', 0.9173973202705383), ([[66, 252], [94, 252], [94, 276], [66, 276]], '응?', 0.9909276008499845), ([[59, 271], [87, 271], [87, 291], [59, 291]], '무슨', 0.7355831425181651), ([[49, 289], [99, 289], [99, 309], [49, 309]], '일이지?', 0.9913564324378967), ([[577, 373], [609, 373], [609, 393], [577, 393]], '누가', 0.9979183279781186), ([[209, 399], [237, 399], [237, 415], [209, 415]], '여긴', 0.978569286612416), ([[565, 391], [619, 391], [619, 411], [565, 411]], '살려달관', 0.8654946088790894), ([[193, 415], [249, 415], [249, 435], [193, 435]], '트록들의', 0.3451012670993805), ([[185, 433], [255, 433], [255, 453], [185, 453]], '영역이니까', 0.5052182719747729), ([[560, 426], [626, 426], [626, 450], [560, 450]], '못들없어?', 0.90186604455242), ([[179, 451], [263, 451], [263, 471], [179, 471]], '점심 식사라도', 0.8920622415313644), ([[571, 445], [613, 445], [613, 465], [571, 465]], '아무린', 0.4547341636745858), ([[193, 469], [249, 469], [249, 489], [193, 489]], '하나보지', 0.5919411234673704), ([[567, 463], [617, 463], [617, 483], [567, 483]], '소리도?', 0.9998393058776855), ([[515, 649], [555, 649], [555, 669], [515, 669]], '미사!', 0.6574356555938721), ([[184, 672], [232, 672], [232, 696], [184, 696]], '어차피', 0.9863258110870847), ([[510, 668], [560, 668], [560, 692], [510, 692]], '뭐해!?', 0.6153455376625061), ([[510, 686], [558, 686], [558, 710], [510, 710]], '구하러', 0.9666692576540347), ([[106, 718], [140, 718], [140, 742], [106, 742]], '아주', 0.9855225936788262), ([[180, 688], [236, 688], [236, 762], [180, 762]], '쭉', 0.011803669553885676), ([[512, 706], [556, 706], [556, 730], [512, 730]], '가게?', 0.9998916006003878), ([[104, 738], [138, 738], [138, 762], [104, 762]], '성모', 0.9989699178940011), ([[92, 758], [152, 758], [152, 782], [92, 782]], '마리아님', 0.5337936282157898), ([[180, 752], [236, 752], [236, 778], [180, 778]], '늦없어!', 0.9574467539787292), ([[94, 778], [148, 778], [148, 802], [94, 802]], '남녀네!', 0.1113339513540268)]
[([[43, 45], [71, 45], [71, 65], [43, 65]], '시발', 0.998842843731313), ([[387, 27], [429, 27], [429, 77], [387, 77]], '(실력', 0.48726684989287533), ([[27, 63], [87, 63], [87, 83], [27, 83]], '너는 인간', 0.4523675758397747), ([[31, 81], [81, 81], [81, 101], [31, 101]], '아니야?', 0.999970018863678), ([[175, 73], [223, 73], [223, 93], [175, 93]], '알 바입?', 0.6927666544744334), ([[185, 91], [213, 91], [213, 111], [185, 111]], '사람', 0.9997026247891361), ([[240, 84], [336, 84], [336, 110], [240, 110]], '종족들 간메는', 0.16838300919991483), ([[178, 106], [216, 106], [216, 130], [178, 130]], '목숨이', 0.6214895476511056), ([[236, 104], [332, 104], [332, 128], [236, 128]], '균형이 있다고', 0.9833905570949033), ([[181, 121], [217, 121], [217, 165], [181, 165]], '텔', 0.11240884223781578), ([[248, 126], [330, 126], [330, 150], [248, 150]], '그결 우리가', 0.3285322687901006), ([[250, 140], [322, 140], [322, 194], [250, 194]], '맑움수로', 0.00733063742518425), ([[250, 184], [324, 184], [324, 210], [250, 210]], '종치 못해!', 0.3030611551054078), ([[515, 367], [541, 367], [541, 385], [515, 385]], '나?', 0.5616402072237942), ([[279, 379], [357, 379], [357, 399], [279, 399]], '만약 저 사립물', 0.16751218122457015), ([[492, 382], [564, 382], [564, 406], [492, 406]], '나말이지?', 0.9959660911991073), ([[179, 391], [235, 391], [235, 411], [179, 411]], '인간끼리', 0.7699213453542353), ([[293, 395], [343, 395], [343, 415], [293, 415]], '실러수면', 0.9589036107063293), ([[168, 408], [244, 408], [244, 432], [168, 432]], '서로률 도와', 0.1882613483772475), ([[293, 411], [343, 411], [343, 431], [293, 431]], '트물들올', 0.11026115715503693), ([[174, 426], [238, 426], [238, 450], [174, 450]], '주는 것도', 0.8801864864088698), ([[287, 427], [349, 427], [349, 447], [287, 447]], '국게되켓지', 0.2624413394762863), ([[26, 436], [88, 436], [88, 460], [26, 460]], '이 이게', 0.6769198775291443), ([[172, 446], [238, 446], [238, 470], [172, 470]], '지언이야!', 0.9169951735843628), ([[291, 443], [345, 443], [345, 463], [291, 463]], '안 그리도', 0.49710608487715396), ([[295, 461], [339, 461], [339, 479], [295, 479]], '몇 까리', 0.4616945519501684), ([[18, 476], [80, 476], [80, 500], [18, 500]], '말대꾸흘', 0.14399996399879456), ([[285, 475], [353, 475], [353, 495], [285, 495]], '안 년앗는데:', 0.1327025971826916), ([[285, 509], [351, 509], [351, 529], [285, 529]], '지언에긴섭', 0.561249386567879), ([[287, 525], [347, 525], [347, 545], [287, 545]], '하면 안쇄!', 0.7688503456915726), ([[470, 600], [518, 600], [518, 652], [470, 652]], '(살람', 0.06960700962570239), ([[589, 613], [639, 613], [639, 633], [589, 633]], '난 인간', 0.9918712377548218), ([[3, 631], [37, 631], [37, 651], [3, 651]], '그민큼', 0.5372620058178366), ([[587, 631], [639, 631], [639, 651], [587, 651]], '아년데?', 0.7012876272201538), ([[5, 649], [35, 649], [35, 667], [5, 667]], '중요히', 0.1043053782012469), ([[591, 649], [631, 649], [631, 669], [591, 669]], '푸히하', 0.971881530817876), ([[5, 665], [35, 665], [35, 681], [5, 681]], '일이야', 0.9411358033649856), ([[17, 755], [101, 755], [101, 773], [17, 773]], '그리서 지 사람로', 0.5774507829976402), ([[7, 771], [111, 771], [111, 789], [7, 789]], '어떻제 구해줄 건디?', 0.7836260303558508), ([[340, 748], [390, 748], [390, 816], [340, 816]], '(혈', 0.05350766130141784), ([[23, 787], [89, 787], [89, 803], [23, 803]], '트론들은 습거', 0.6819470790356147), ([[67, 817], [107, 817], [107, 833], [67, 833]], '일거야?', 0.9954906702041626), ([[342, 808], [386, 808], [386, 832], [342, 832]], '만드네', 0.6635279064428461), ([[3, 829], [85, 829], [85, 849], [3, 849]], '겨네들도 우리외', 0.42030555576381046), ([[29, 849], [99, 849], [99, 865], [29, 865]], '세상- 살이길', 0.16747416952596006), ([[19, 861], [99, 861], [99, 881], [19, 881]], '권리가 있는데?', 0.3023737649992402), ([[417.29289321881345, 426.0502525316942], [503.9902628924144, 462.6881085692241], [483.70710678118655, 505.9497474683058], [398.0097371075856, 469.3118914307759]], '펴어', 0.7785899386379685), ([[33.23076923076923, 453.15384615384613], [82.92304789528164, 459.45055774420524], [79.76923076923077, 480.84615384615387], [30.07695210471835, 474.54944225579476]], '아직도', 0.9966598201401328)]
[([[565, 35], [611, 35], [611, 55], [565, 55]], '게디가', 0.9998638643720483), ([[557, 53], [619, 53], [619, 73], [557, 73]], '그 사람이', 0.7260346936077189), ([[552, 70], [622, 70], [622, 94], [552, 94]], '우호적이지', 0.6670277781168669), ([[556, 88], [618, 88], [618, 114], [556, 114]], '임올 수도', 0.4859952559446151), ([[565, 109], [609, 109], [609, 129], [565, 129]], '있디고', 0.9923169127889002), ([[25, 149], [47, 149], [47, 163], [25, 163]], '다음', 0.13170119943275665), ([[23, 175], [49, 175], [49, 187], [23, 187]], '드디', 0.9959517548895137), ([[365, 407], [421, 407], [421, 423], [365, 423]], '시끄리워!', 0.4397366391979576), ([[577, 397], [615, 397], [615, 417], [577, 417]], '올바론', 0.5165086267433096), ([[375, 425], [411, 425], [411, 439], [375, 439]], '그래도', 0.9099516853409028), ([[574, 412], [616, 412], [616, 436], [574, 436]], '길정올', 0.40411357269221104), ([[361, 437], [423, 437], [423, 457], [361, 457]], '고능스럽지', 0.9046012515434961), ([[567, 431], [623, 431], [623, 451], [567, 451]], '내린 것이', 0.9462198407960796), ([[146, 440], [190, 440], [190, 466], [146, 466]], '리터!', 0.21565990079808853), ([[563, 447], [623, 447], [623, 467], [563, 467]], '자랑스럽너', 0.5463125926792148), ([[223, 459], [267, 459], [267, 475], [223, 475]], '베리야:', 0.21496685849166708), ([[365, 455], [419, 455], [419, 475], [365, 475]], '입기 보내', 0.5178707860571781), ([[45, 469], [107, 469], [107, 489], [45, 489]], '괴물들이림', 0.8667163645580984), ([[367, 471], [419, 471], [419, 491], [367, 491]], '취으니까', 0.18001146614551544), ([[47, 487], [107, 487], [107, 503], [47, 503]], '다회하니까', 0.9075723821470292), ([[43, 501], [109, 501], [109, 521], [43, 521]], '짐신 나갈것', 0.4547778841586229), ([[57, 521], [95, 521], [95, 539], [57, 539]], '같네.', 0.41313254801088317), ([[9, 575], [53, 575], [53, 595], [9, 595]], '내 일은', 0.8526900206145573), ([[9, 593], [41, 593], [41, 611], [9, 611]], '결구어', 0.75276862790675), ([[7, 607], [57, 607], [57, 627], [7, 627]], '코스터와', 0.2566473186016083), ([[3, 621], [59, 621], [59, 665], [3, 665]], '편련런길', 0.004233256913721561), ([[532, 622], [568, 622], [568, 654], [532, 654]], '리!', 0.922312729586031), ([[581, 629], [615, 629], [615, 645], [581, 645]], '목소리', 0.8888960795644919), ([[11, 657], [51, 657], [51, 675], [11, 675]], '거니끼', 0.9822018186779936), ([[324, 652], [368, 652], [368, 678], [324, 678]], '리터?', 0.45006561003624995), ([[484, 650], [520, 650], [520, 680], [484, 680]], '테!', 0.7136878679211602), ([[43, 717], [85, 717], [85, 737], [43, 737]], '트론 동', 0.5977199077606201), ([[39, 733], [89, 733], [89, 753], [39, 753]], '갈은 거?', 0.5653812883650614), ([[7, 799], [35, 799], [35, 819], [7, 819]], '트물', 0.3279945628606252), ([[7, 815], [35, 815], [35, 835], [7, 835]], '동은', 0.9446104087846423), ([[1, 831], [41, 831], [41, 851], [1, 851]], '가치가', 0.4711128848595361), ([[7, 849], [35, 849], [35, 869], [7, 869]], '없어', 0.9667096844252346)]
[([[171, 29], [207, 29], [207, 47], [171, 47]], '리테', 0.35311988649723075), ([[427, 31], [457, 31], [457, 47], [427, 47]], '인드:', 0.18555877381489483), ([[463, 35], [485, 35], [485, 49], [463, 49]], '아', 0.9643847438135289), ([[599, 27], [637, 27], [637, 45], [599, 45]], '저번에', 0.9677109457943905), ([[164, 46], [214, 46], [214, 70], [164, 70]], '먹어보', 0.6029789662304976), ([[416, 43], [465, 43], [465, 64], [416, 64]], '리데타데', 0.16415466368198395), ([[591, 45], [645, 45], [645, 61], [591, 61]], '미기 전미', 0.4399824187925078), ([[13, 65], [43, 65], [43, 81], [13, 81]], "가자'", 0.9598253268328716), ([[421, 59], [459, 59], [459, 79], [421, 79]], '말히년', 0.9629787560421988), ([[593, 61], [643, 61], [643, 77], [593, 77]], '죽이리고', 0.8674599528312683), ([[9, 81], [35, 81], [35, 95], [9, 95]], '이까', 0.2620209231360401), ([[427, 75], [455, 75], [455, 93], [427, 93]], '인돼:', 0.4787259443471862), ([[593, 77], [643, 77], [643, 95], [593, 95]], '얘기하지', 0.9983186721801758), ([[11, 95], [47, 95], [47, 111], [11, 111]], '시람도', 0.5080558986116608), ([[593, 93], [641, 93], [641, 111], [593, 111]], '입있나?', 0.7791251540184021), ([[3, 107], [49, 107], [49, 127], [3, 127]], '벌써 말리', 0.5057186169859645), ([[3, 123], [51, 123], [51, 141], [3, 141]], '떠낫켓네', 0.18092526495456696), ([[593, 125], [641, 125], [641, 145], [593, 145]], '잊없이?', 0.7703776955604553), ([[117, 201], [167, 201], [167, 221], [117, 221]], '먹고가', 0.9989572974752162), ([[111, 219], [171, 219], [171, 239], [111, 239]], '얘기하자', 0.9996354445972133), ([[283, 223], [315, 223], [315, 239], [283, 239]], '리태:', 0.15019101554972625), ([[273, 237], [321, 237], [321, 257], [273, 257]], '가지매', 0.4518267683480304), ([[528.7196312006711, 54.463557440805246], [571.7308525709623, 49.99792745891659], [574.2803687993289, 69.53644255919475], [530.2691474290377, 74.00207254108341]], '짓이화늘', 0.16374172270298004)]
[([[403, 69], [441, 69], [441, 87], [403, 87]], '아무도', 0.846124092148664), ([[385, 87], [457, 87], [457, 105], [385, 105]], '만 보이논터-', 0.22624953021897407), ([[27, 125], [59, 125], [59, 143], [27, 143]], '아니', 0.9998862054054815), ([[15, 143], [73, 143], [73, 163], [15, 163]], '그논 호수', 0.46524764903299975), ([[15, 161], [73, 161], [73, 181], [15, 181]], '반대편에', 0.996817409992218), ([[29, 179], [59, 179], [59, 199], [29, 199]], '있어', 0.9925639787692011), ([[53, 281], [93, 281], [93, 301], [53, 301]], '나일은', 0.7295685887917238), ([[285, 277], [347, 277], [347, 295], [285, 295]], '훌륭하네~', 0.23480086611468262), ([[59, 297], [85, 297], [85, 315], [59, 315]], '나름', 0.6658856446960191), ([[287, 291], [341, 291], [341, 311], [287, 311]], '거기까지', 0.8225714564323425), ([[47, 313], [99, 313], [99, 333], [47, 333]], '별침새로', 0.18869295436384884), ([[295, 309], [335, 309], [335, 329], [295, 329]], '어떻기', 0.8181118745048682), ([[41, 331], [103, 331], [103, 351], [41, 351]], '넘신시켜쥐', 0.10832338026885975), ([[290, 326], [339, 326], [339, 346], [290, 346]], '기러고?', 0.9876301288604736), ([[285, 341], [345, 341], [345, 361], [285, 361]], '헤임저서?', 0.8732984671528771), ([[568, 444], [630, 444], [630, 468], [568, 468]], '기능하지?', 0.9996312327657173), ([[153, 465], [191, 465], [191, 481], [153, 481]], '아무튼', 0.12818082697722807), ([[583, 463], [619, 463], [619, 479], [583, 479]], '그러면', 0.9951381689275353), ([[139, 479], [205, 479], [205, 499], [139, 499]], '오늘은 이반', 0.6834005405471686), ([[575, 479], [625, 479], [625, 499], [575, 499]], '힘들이지', 0.8361782941624916), ([[139, 495], [205, 495], [205, 515], [139, 515]], '쉬도츠 하자', 0.47566935244363845), ([[587, 497], [615, 497], [615, 515], [587, 515]], '안고', 0.5466804197987082), ([[129, 513], [213, 513], [213, 533], [129, 533]], '저쪽도 멈춘 것', 0.8657927228807635), ([[571, 511], [627, 511], [627, 531], [571, 531]], '쫓아갈수', 0.9955868124961853), ([[139, 529], [205, 529], [205, 549], [139, 549]], '같아 보이고', 0.7971155820763575), ([[315, 515], [367, 515], [367, 555], [315, 555]], '별최씬가', 0.054525502026081085), ([[568, 526], [634, 526], [634, 550], [568, 550]], '있울데니까', 0.20915835322006135), ([[309, 549], [373, 549], [373, 569], [309, 569]], '안 힘들거라', 0.5598858501279641), ([[317, 567], [365, 567], [365, 587], [317, 587]], '생각해?', 0.9966730495729164), ([[329, 591], [359, 591], [359, 611], [329, 611]], '나도', 0.998633030046783), ([[319, 607], [369, 607], [369, 627], [319, 627]], '힘늘어서', 0.9822782874107361), ([[0, 606], [132, 606], [132, 654], [0, 654]], '떠스_', 0.1342807569853443), ([[317, 625], [373, 625], [373, 643], [317, 643]], '머리 위미', 0.9901203114348333), ([[321, 643], [369, 643], [369, 661], [321, 661]], '맞아있는', 0.33421242237091064), ([[329, 657], [359, 657], [359, 677], [329, 677]], '건데', 0.3583868141648432), ([[367, 761], [395, 761], [395, 779], [367, 779]], '너무', 0.9994991635944712), ([[354, 776], [408, 776], [408, 800], [354, 800]], '뚫동해서', 0.3753351867198944), ([[359, 795], [403, 795], [403, 815], [359, 815]], '<나는', 0.22117510478077762), ([[357, 811], [403, 811], [403, 831], [357, 831]], '거울지!', 0.1487427226745041)]
[([[545, 19], [583, 19], [583, 39], [545, 39]], '생간건', 0.40032154072113835), ([[539, 35], [589, 35], [589, 53], [539, 53]], '엉락 버는', 0.27914080332256175), ([[13, 51], [49, 51], [49, 67], [13, 67]], '가끼이', 0.7385896414864652), ([[535, 49], [593, 49], [593, 69], [535, 69]], '시기군인데', 0.9537227327736091), ([[15, 67], [47, 67], [47, 81], [15, 81]], '오게나', 0.6475638916040365), ([[539, 67], [589, 67], [589, 85], [539, 85]], '만미하다', 0.2871837019920349), ([[535, 79], [583, 79], [583, 99], [535, 99]], '진짜기던', 0.1439286321401596), ([[543, 97], [587, 97], [587, 113], [543, 113]], '그렇시만', 0.7436916828155518), ([[535, 111], [595, 111], [595, 127], [535, 127]], '이가격이년', 0.46009962184659353), ([[535, 125], [593, 125], [593, 143], [535, 143]], '디른 정보들', 0.43612186932208424), ([[537, 141], [589, 141], [589, 159], [537, 159]], '살논이: ', 0.27575554092591975), ([[523, 353], [581, 353], [581, 373], [523, 373]], '알려주도록', 0.5231827701262368), ([[539, 371], [567, 371], [567, 385], [539, 385]], '지시!', 0.24006267955390923), ([[517, 383], [585, 383], [585, 403], [517, 403]], '엄원하 치유의', 0.4596580635148931), ([[517, 399], [587, 399], [587, 419], [517, 419]], '심장이 최근메', 0.7094288839836862), ([[33, 415], [71, 415], [71, 431], [33, 431]], '그리고', 0.9999985546643163), ([[517, 413], [587, 413], [587, 433], [517, 433]], '디른 시감으로', 0.55037763103084), ([[23, 429], [77, 429], [77, 449], [23, 449]], '그 시립은', 0.4470902961831009), ([[525, 431], [581, 431], [581, 447], [525, 447]], '바위있기미', 0.12671041799466112), ([[21, 447], [79, 447], [79, 465], [21, 465]], '바로 여기', 0.9989837171844402), ([[529, 447], [577, 447], [577, 463], [529, 463]], '망점이지', 0.7723952531814575), ([[31, 465], [71, 465], [71, 483], [31, 483]], '마법이', 0.8120432443833564), ([[528, 458], [578, 458], [578, 478], [528, 478]], '7 전어는', 0.24673912352247135), ([[17, 479], [85, 479], [85, 499], [17, 499]], '금지된 곳어', 0.47566892638341374), ([[517, 475], [585, 475], [585, 493], [517, 493]], '짓기가 심당히', 0.5513031567668559), ([[521, 491], [583, 491], [583, 507], [521, 507]], '어려워거튼', 0.3411354329230759), ([[35, 497], [67, 497], [67, 517], [35, 517]], '있네', 0.7879995147943955), ([[203, 645], [271, 645], [271, 665], [203, 665]], '서두르논게', 0.4504086023148375), ([[203, 663], [269, 663], [269, 683], [203, 683]], '좋올 거야~', 0.7163682390447118), ([[195, 681], [279, 681], [279, 701], [195, 701]], '다른 사람에게', 0.8611815417670192), ([[344, 672], [380, 672], [380, 696], [344, 696]], '바로', 0.9999335772128858), ([[195, 699], [279, 699], [279, 719], [195, 719]], '빼앗기기 전에', 0.9162907339592573), ([[338, 692], [388, 692], [388, 716], [338, 716]], '여기에', 0.9816813934310088), ([[351, 715], [373, 715], [373, 735], [351, 735]], '!?', 0.7897514003815721)]
[([[9, 17], [75, 17], [75, 37], [9, 37]], '얘이 년야', 0.7574328696453937), ([[21, 35], [63, 35], [63, 55], [21, 55]], '진정해!', 0.5534682869911194), ([[274, 36], [348, 36], [348, 60], [274, 60]], '그거 갖고', 0.9079611434076043), ([[416, 22], [440, 22], [440, 56], [416, 56]], '올럽', 0.09725798996338983), ([[11, 53], [75, 53], [75, 69], [11, 69]], '나도 진짜로', 0.9498215476525173), ([[409, 55], [443, 55], [443, 71], [409, 71]], '어떻게', 0.06702161847958572), ([[17, 69], [69, 69], [69, 85], [17, 85]], '모르다고', 0.31032944703116444), ([[274, 56], [348, 56], [348, 82], [274, 82]], '40레드:?', 0.7149987620583951), ([[9, 83], [75, 83], [75, 103], [9, 103]], '내가 정확히', 0.6226585097854827), ([[283, 87], [361, 87], [361, 107], [283, 107]], '이렇게 사람이', 0.6648974339148509), ([[17, 99], [67, 99], [67, 119], [17, 119]], '알있다면', 0.9338535070419312), ([[283, 103], [361, 103], [361, 123], [283, 123]], '믿은데 어떻게', 0.23761744868406387), ([[13, 115], [71, 115], [71, 135], [13, 135]], '그 몇 바는', 0.5302999903689434), ([[283, 121], [363, 121], [363, 139], [283, 139]], '잦으라는 거야!', 0.30229609520832135), ([[17, 131], [67, 131], [67, 151], [17, 151]], '반있켓지', 0.28026673197746277), ([[285, 135], [359, 135], [359, 155], [285, 155]], '내 돈 놀려내!', 0.43722097490058665), ([[531, 233], [569, 233], [569, 247], [531, 247]], '어논건', 0.5627782188096455), ([[529, 247], [571, 247], [571, 261], [529, 261]], '어기끼시', 0.45832639932632446), ([[29, 439], [69, 439], [69, 455], [29, 455]], "시기군'", 0.18030594289302826), ([[339, 519], [373, 519], [373, 535], [339, 535]], '아니면', 0.5871595834984996), ([[341, 535], [375, 535], [375, 551], [341, 551]], '손목에', 0.6564816762941821), ([[155, 553], [193, 553], [193, 569], [155, 569]], '늘첫네!', 0.07169336825609207), ([[257, 543], [305, 543], [305, 561], [257, 561]], '난미밥음', 0.2218416929244995), ([[337, 547], [363, 547], [363, 567], [337, 567]], '옛는', 0.25247457097490417), ([[259, 559], [303, 559], [303, 573], [259, 573]], '무르니까', 0.8237485885620117), ([[341, 563], [373, 563], [373, 579], [341, 579]], '필찌들', 0.4954244066288732), ([[131, 565], [213, 565], [213, 585], [131, 585]], '그 사람문 짓으', 0.3859881649915694), ([[257, 573], [305, 573], [305, 589], [257, 589]], '이게 외든', 0.24373331862399938), ([[139, 579], [205, 579], [205, 599], [139, 599]], '영원향 치유의', 0.2315685094459485), ([[255, 587], [305, 587], [305, 605], [255, 605]], '없든 심관', 0.4428070973828665), ([[341, 579], [373, 579], [373, 595], [341, 595]], '빗도록', 0.22088585976528638), ([[136, 592], [208, 592], [208, 616], [136, 616]], '미음움 너데게', 0.18918633352074202), ([[261, 601], [301, 601], [301, 619], [261, 619]], '없거든!', 0.7273270487785339), ([[331, 591], [383, 591], [383, 609], [331, 609]], '도외존끼?', 0.30075556254078334), ([[139, 613], [209, 613], [209, 627], [139, 627]], '"_겨이 하재아\'', 0.16400254354885085), ([[129, 625], [217, 625], [217, 643], [129, 643]], '그것도미뵙이니까', 0.36769041515552026), ([[135, 637], [205, 637], [205, 673], [135, 673]], ' 국승로늄', 0.02937505471305851), ([[163, 641], [207, 641], [207, 657], [163, 657]], '상태로는', 0.9090598225593567), ([[553, 711], [597, 711], [597, 725], [553, 725]], '그라그리]', 0.5169387596748158), ([[405, 729], [431, 729], [431, 743], [405, 743]], '이게', 0.2051120685473544), ([[429, 725], [459, 725], [459, 745], [429, 745]], '%데!', 0.03633935002226822), ([[553, 725], [575, 725], [575, 739], [553, 739]], '서비', 0.9105475996849944), ([[419, 741], [457, 741], [457, 761], [419, 761]], '돈이나', 0.9019875496443512), ([[553, 739], [597, 739], [597, 755], [553, 755]], '이거리도', 0.9870503544807434), ([[409, 757], [453, 757], [453, 777], [409, 777]], "돌려내'", 0.43058088421821594), ([[561, 755], [591, 755], [591, 771], [561, 771]], '손끼?', 0.9207782880305444)]
[([[241, 49], [263, 49], [263, 65], [241, 65]], '마박', 0.12494238291919868), ([[253, 63], [295, 63], [295, 77], [253, 77]], '동어 메서', 0.17412865196975172), ([[35, 69], [79, 69], [79, 85], [35, 85]], '빌머니기', 0.32776933908462524), ([[237, 77], [293, 77], [293, 91], [237, 91]], '맡리 벗어 +', 0.24817654629322694), ([[49, 83], [71, 83], [71, 99], [49, 99]], '말음', 0.24235016073839374), ([[19, 97], [79, 97], [79, 113], [19, 113]], '성말_ 믿어?', 0.14971465673406806), ([[247, 91], [283, 91], [283, 107], [247, 107]], '신근데', 0.31969880068006334), ([[33, 111], [63, 111], [63, 125], [33, 125]], '여기다', 0.5583121665234828), ([[25, 123], [71, 123], [71, 141], [25, 141]], '없은 수도', 0.5383542709594268), ([[33, 139], [67, 139], [67, 155], [33, 155]], '옛사아', 0.07571703341876986), ([[263, 351], [287, 351], [287, 369], [263, 369]], '낫다', 0.9978639079097827), ([[263, 367], [291, 367], [291, 383], [263, 383]], '그래서', 0.9720935307900328), ([[405, 365], [439, 365], [439, 381], [405, 381]], '0-건', 0.7487793814552275), ([[545, 367], [595, 367], [595, 383], [545, 383]], '달리 방드)', 0.4384763793888893), ([[201, 379], [223, 379], [223, 395], [201, 395]], '이거', 0.9954375392313386), ([[411, 379], [433, 379], [433, 395], [411, 395]], '리합', 0.25207258181308007), ([[197, 395], [227, 395], [227, 409], [197, 409]], '모지는', 0.6357105747286949), ([[263, 393], [293, 393], [293, 409], [263, 409]], '신드로', 0.1151739137566099), ([[399, 389], [443, 389], [443, 407], [399, 407]], '젓 청보', 0.2697520845924251), ([[197, 405], [229, 405], [229, 425], [197, 425]], '믿야?', 0.42026123706825624), ([[237, 409], [289, 409], [289, 425], [237, 425]], '숙권도  짚어', 0.027756204502483745), ([[393, 405], [431, 405], [431, 421], [393, 421]], '중개인기', 0.48155641555786133), ([[557, 409], [589, 409], [589, 425], [557, 425]], '심크가', 0.40355750385980144), ([[235, 421], [267, 421], [267, 435], [235, 435]], "다신다'", 0.011438398621976376), ([[399, 419], [447, 419], [447, 435], [399, 435]], '밑고짓어?', 0.13121132736095084), ([[551, 423], [589, 423], [589, 439], [551, 439]], '엎는데 .', 0.7918582549780226), ([[137, 447], [167, 447], [167, 461], [137, 461]], '아니?', 0.691870391368866), ([[37, 483], [77, 483], [77, 503], [37, 503]], '원지도', 0.9869945543500452), ([[39, 499], [75, 499], [75, 519], [39, 519]], '모로고', 0.8927970732741525), ([[39, 517], [75, 517], [75, 537], [39, 537]], '삶어?', 0.4273281647752495), ([[379, 593], [411, 593], [411, 607], [379, 607]], '그라놓', 0.7212649287232604), ([[389, 607], [413, 607], [413, 621], [389, 621]], '~환리', 0.05237668829133262), ([[511, 609], [543, 609], [543, 623], [511, 623]], '사같이', 0.3672749610556746), ([[227, 621], [249, 621], [249, 633], [227, 633]], '만데', 0.2900517419222073), ([[505, 621], [541, 621], [541, 637], [505, 637]], '이 위개', 0.5065540822118942), ([[217, 633], [249, 633], [249, 647], [217, 647]], '가법이', 0.29743703193056736), ([[381, 633], [403, 633], [403, 647], [381, 647]], '아무', 0.999900029139008), ([[213, 647], [247, 647], [247, 661], [213, 661]], '있다니 ', 0.34349849820137024), ([[517, 663], [555, 663], [555, 679], [517, 679]], '붓으까', 0.1467060503327679), ([[519, 677], [547, 677], [547, 691], [519, 691]], '목걸미', 0.23211049664717387), ([[96, 748], [142, 748], [142, 772], [96, 772]], '마법?', 0.9755923553113274), ([[550.2928932188134, 383.29289321881345], [587.8995081585759, 379.5630960372631], [588.7071067811866, 394.70710678118655], [551.1004918414241, 397.4369039627369]], '의리아 .', 0.0594927958407186), ([[549.5857864376269, 395.5857864376269], [592.8333919294168, 393.20082915897217], [593.4142135623731, 408.4142135623731], [550.1666080705832, 411.79917084102783]], '그것나이', 0.5707984566688538)]
[([[50, 60], [112, 60], [112, 90], [50, 90]], '가드', 0.667235661379216), ([[468, 72], [526, 72], [526, 96], [468, 96]], '저 사람', 0.7448531963117397), ([[39, 87], [123, 87], [123, 123], [39, 123]], '저 놈올', 0.2532647117209906), ([[470, 92], [522, 92], [522, 116], [470, 116]], '마법올', 0.7846071690869757), ([[51, 117], [113, 117], [113, 153], [51, 153]], '잡아', 0.9867689987200299), ([[476, 114], [518, 114], [518, 138], [476, 138]], '쏟다]', 0.39368290895407554), ([[514, 548], [550, 548], [550, 572], [514, 572]], '어디', 0.9999369488968335), ([[288, 566], [332, 566], [332, 592], [288, 592]], '여기', 0.6616857151556301), ([[156, 598], [198, 598], [198, 624], [156, 624]], '잠깐!', 0.9082319736480713)]
[([[243, 35], [279, 35], [279, 49], [243, 49]], '게다가', 0.8412044247264336), ([[479, 37], [523, 37], [523, 53], [479, 53]], '외부데시', 0.8479602336883545), ([[237, 47], [271, 47], [271, 63], [237, 63]], '나가지', 0.9999448709657477), ([[477, 53], [525, 53], [525, 69], [477, 69]], '온 시감이', 0.27281556435576354), ([[237, 61], [283, 61], [283, 79], [237, 79]], '이길 사용', 0.856719881421886), ([[479, 67], [515, 67], [515, 83], [479, 83]], '이렇세', 0.34801629665178807), ([[261, 77], [285, 77], [285, 91], [261, 91]], '및는', 0.5773045070981544), ([[481, 81], [519, 81], [519, 97], [481, 97]], '믿은데 ,', 0.17069975190826858), ([[243, 91], [277, 91], [277, 105], [243, 105]], '심태도', 0.74372798204422), ([[465, 97], [535, 97], [535, 113], [465, 113]], '미법 아이템올', 0.39527425477463995), ([[243, 105], [277, 105], [277, 119], [243, 119]], '아니고', 0.4514854139688324), ([[471, 109], [531, 109], [531, 129], [471, 129]], '가시고 옛는', 0.17613505011185815), ([[471, 125], [531, 125], [531, 143], [471, 143]], '시같이 과인', 0.4203213301578151), ([[483, 141], [519, 141], [519, 159], [483, 159]], '한 당도', 0.215992271900177), ([[479, 155], [521, 155], [521, 173], [479, 173]], '없운끼?', 0.5342016220092773), ([[471, 483], [525, 483], [525, 499], [471, 499]], '나시 밥이나', 0.1521651979811722), ([[471, 499], [527, 499], [527, 515], [471, 515]], '먹으벼 가자', 0.32702930040062994), ([[27, 511], [61, 511], [61, 525], [27, 525]], '나방금', 0.9043390142710578), ([[195, 511], [243, 511], [243, 527], [195, 527]], '모안이미?', 0.6023235843785009), ([[319, 507], [343, 507], [343, 521], [319, 521]], '잠깐', 0.9561798937077018), ([[546, 510], [582, 510], [582, 534], [546, 534]], '일로마', 0.16356307400118308), ([[13, 521], [75, 521], [75, 541], [13, 541]], '당신의 눈데', 0.43532354700742504), ([[203, 527], [235, 527], [235, 541], [203, 541]], '아니면', 0.4592368758687906), ([[577, 523], [599, 523], [599, 541], [577, 541]], '잊네', 0.047696601617540364), ([[21, 537], [67, 537], [67, 555], [21, 555]], '의해 조송', 0.3727954534353003), ([[198, 536], [234, 536], [234, 568], [198, 568]], '졸철다', 0.042021006841528125), ([[11, 553], [75, 553], [75, 569], [11, 569]], '당하는 느낌이', 0.45352706916512947), ([[29, 569], [63, 569], [63, 585], [29, 585]], '드없어', 0.26491284370422363), ([[203, 567], [235, 567], [235, 583], [203, 583]], '사른들', 0.18974149428015832), ([[193, 581], [233, 581], [233, 595], [193, 595]], '마까시키', 0.13924522697925568), ([[201, 595], [235, 595], [235, 611], [201, 611]], '마음들', 0.10931954659672631), ([[197, 609], [229, 609], [229, 623], [197, 623]], '소증말', 0.25451678210302675), ([[203, 621], [237, 621], [237, 637], [203, 637]], '곧닮아', 0.03358119281359843), ([[3, 651], [47, 651], [47, 665], [3, 665]], '햄어디서든', 0.06317529080559223), ([[65, 651], [149, 651], [149, 663], [65, 663]], '커가 .전쇠민 화림에', 0.0904074489746953), ([[55, 683], [79, 683], [79, 697], [55, 697]], '아~', 0.9998442288016204), ([[57, 699], [83, 699], [83, 715], [57, 715]], '있지', 0.4366680456497951), ([[197, 693], [239, 693], [239, 709], [197, 709]], '아니가니', 0.6968570947647095), ([[511, 695], [555, 695], [555, 711], [511, 711]], '아나가+', 0.5123476386070251), ([[53, 713], [81, 713], [81, 727], [53, 727]], '있지:', 0.36609374545127915), ([[195, 709], [243, 709], [243, 725], [195, 725]], '과일이이', 0.4685558080673218), ([[509, 711], [557, 711], [557, 727], [509, 727]], '이건 용안', 0.8352960611947816), ([[53, 727], [87, 727], [87, 743], [53, 743]], '맛있지', 0.6364187214560582), ([[201, 723], [237, 723], [237, 737], [201, 737]], '만 먹어', 0.9990185499191284), ([[391, 707], [431, 707], [431, 749], [391, 749]], '용업?', 0.1448598298527477), ([[517, 725], [551, 725], [551, 741], [517, 741]], '이라고', 0.801117885453687), ([[203, 737], [233, 737], [233, 753], [203, 753]], '밟어?', 0.44226541149348014), ([[197, 751], [241, 751], [241, 767], [197, 767]], '프치럼', 0.6756585149908988), ([[197, 767], [239, 767], [239, 783], [197, 783]], '생겨논데', 0.1720556765794754), ([[146.10557280900008, 653.5527864045], [179.92219438182852, 649.6132733237494], [180.89442719099992, 659.4472135955], [147.07780561817148, 663.3867266762506]], "'자매지", 0.19541363418102264)]
[([[368, 96], [416, 96], [416, 128], [368, 128]], '마법', 0.996763562319067), ([[444, 20], [468, 20], [468, 132], [444, 132]], '{', 0.11807433729588013), ([[290, 132], [344, 132], [344, 158], [290, 158]], '손목의', 0.9994885062984529), ([[364, 124], [422, 124], [422, 156], [364, 156]], '이다!', 0.4482946811726502), ([[288, 152], [344, 152], [344, 180], [288, 180]], '팔찌도', 0.9878651657288479), ([[364, 152], [422, 152], [422, 182], [364, 182]], '잡아!', 0.8206415446760578), ([[286, 176], [348, 176], [348, 200], [286, 200]], '가짜다!', 0.7213287353515625), ([[161, 783], [199, 783], [199, 799], [161, 799]], '이.', 0.9800488250346135)]
