2480445
21
[]
[([[0, 11185], [74, 11185], [74, 11314], [0, 11314]], '0', 0.33910578581697237), ([[106, 11394], [245, 11394], [245, 11543], [106, 11543]], '론', 0.06946770520821488), ([[877, 12215], [1024, 12215], [1024, 12342], [877, 12342]], '으득', 0.6607969987252943), ([[764, 12297], [1088, 12297], [1088, 12489], [764, 12489]], '들드드', 0.12439067032633241), ([[454.9445678927591, 10614.117740667003], [822.1476026058834, 10585.046703194117], [822.0554321072409, 10736.882259332997], [454.85239739411657, 10765.953296805883]], '2 9 둑', 0.1328405560461039)]
[([[1015, 1335], [1217, 1335], [1217, 1521], [1015, 1521]], '14', 0.13773903924152675), ([[575.0886294003413, 77.01339961160505], [779.4985095156537, 241.44654005834366], [587.9113705996587, 478.98660038839495], [383.50149048434633, 313.55345994165634]], '식0', 0.10385811369033382), ([[674.1877241839707, 373.1891589613832], [971.7598364533999, 310.12096707396057], [994.8122758160293, 488.8108410386168], [697.2401635466001, 551.8790329260395]], '팔', 0.0919661206075526), ([[118.56486022358492, 1507.0515571078304], [232.6386517730694, 1420.0101995029277], [408.4351397764151, 1685.9484428921696], [293.3613482269306, 1772.9898004970723]], '출', 0.08829869867794571), ([[871.8833494318527, 1536.056824432156], [947.2297425037465, 1505.0689555222532], [1001.1166505681473, 1655.943175567844], [926.7702574962535, 1686.9310444777468]], '3', 0.9858262917647522)]
[([[324, 704], [714, 704], [714, 970], [324, 970]], '#', 0.014907282721755843), ([[785, 1523], [871, 1523], [871, 1613], [785, 1613]], '은', 0.0017801460783417739)]
[([[964, 74], [1232, 74], [1232, 269], [964, 269]], '9', 0.14131826458561036), ([[1016, 632], [1120, 632], [1120, 736], [1016, 736]], '7', 0.5944038195310988), ([[649.756503204768, 177.23121538288635], [768.9570986839901, 149.4795083533154], [786.243496795232, 246.76878461711365], [666.0429013160099, 275.5204916466846]], '모', 0.11661332393941848), ([[833.0315649975117, 354.05883297959576], [898.9042304960182, 365.60184640364054], [883.9684350024883, 451.94116702040424], [817.0957695039818, 440.39815359635946]], '>', 0.009536424732743907), ([[933.767481795836, 403.05855885627864], [1029.4682762403195, 379.7920309862698], [1060.2325182041639, 533.9414411437214], [964.5317237596805, 557.2079690137301]], '5', 0.0203447865130022)]
[([[682, 794], [742, 794], [742, 848], [682, 848]], '#"', 0.18709124595449067)]
[]
[([[279.6613376883303, 421.1616313559782], [551.9776102328708, 254.23601460183457], [609.3386623116697, 382.8383686440218], [337.02238976712914, 550.7639853981655]], '오리야', 0.3730455379931086)]
[([[989, 112], [1391, 112], [1391, 329], [989, 329]], '살질 주', 0.36696838830873857), ([[1039.1735375014562, 347.06423252067884], [1446.2678557226754, 320.578278742497], [1443.8264624985438, 540.9357674793212], [1036.7321442773246, 567.421721257503]], '아젯어?', 0.21463648974895477)]
[([[1130, 252], [1328, 252], [1328, 426], [1130, 426]], '이런', 0.2338451045986392), ([[546, 1513], [774, 1513], [774, 1625], [546, 1625]], '그보다', 0.9869806759706867), ([[705, 1607], [913, 1607], [913, 1699], [705, 1699]], '어떡계', 0.5147131082297799), ([[478, 1695], [947, 1695], [947, 1842], [478, 1842]], '살다   잇느기하}', 0.1755645522056263), ([[415.84272251348, 1636.2136125673999], [633.768300049413, 1615.9423014972583], [636.15727748652, 1707.7863874326001], [417.2316999505869, 1728.0576985027417]], '도러제', 0.1973289076442889)]
[([[81, 277], [344, 277], [344, 412], [81, 412]], "'푸있어", 0.11300422996282578), ([[1082.4819695787028, 1536.0269079555462], [1116.3834824944238, 1519.0147275724921], [1172.5180304212972, 1641.9730920444538], [1139.6165175055762, 1658.9852724275079]], '~', 0.011549321712678307)]
[([[422.46050308407604, 3375.3657104858585], [531.803838452888, 3346.121376648429], [548.5394969159239, 3426.6342895141415], [439.19616154711196, 3455.878623351571]], '벗어.', 0.4493305514357012)]
[([[460, 12], [686, 12], [686, 208], [460, 208]], '놔', 0.06829276586469124), ([[781, 17], [1159, 17], [1159, 223], [781, 223]], '입 만', 0.9790921068218428)]
[([[363, 928], [540, 928], [540, 1167], [363, 1167]], '$', 0.5495313261725556)]
[]
[([[517, 140], [573, 140], [573, 218], [517, 218]], '풀', 0.9745222234478348), ([[214, 1849], [338, 1849], [338, 1941], [214, 1941]], '소육', 0.03957954870312303), ([[295, 2635], [363, 2635], [363, 2699], [295, 2699]], '팀', 0.21535174683327796), ([[406, 2634], [550, 2634], [550, 2706], [406, 2706]], '6 대', 0.13135948858186738)]
[([[285, 2877], [345, 2877], [345, 2921], [285, 2921]], '꿀 적', 0.7785871954333433), ([[376, 3748], [667, 3748], [667, 4081], [376, 4081]], '유', 0.9938844055273535), ([[54.390909748572255, 471.34636606971736], [156.06224661152098, 381.4804072728804], [205.60909025142774, 453.65363393028264], [103.93775338847901, 543.5195927271196]], '스우', 0.7263191217464621), ([[260.9426902392719, 1691.0701767945388], [312.6379617782631, 1666.025477771711], [363.0573097607281, 1781.9298232054612], [311.3620382217369, 1806.974522228289]], '통', 0.137676067949144)]
[([[286, 360], [535, 360], [535, 535], [286, 535]], '4 야', 0.1902861244018773), ([[395, 1315], [547, 1315], [547, 1407], [395, 1407]], '흐드두', 0.17868651435732444), ([[514, 1656], [580, 1656], [580, 1712], [514, 1712]], '슬론', 0.04470607815149241), ([[568, 1762], [618, 1762], [618, 1821], [568, 1821]], "|1'", 0.8977348681143476), ([[612, 1809], [673, 1809], [673, 1870], [612, 1870]], '훈', 0.015802774468029135)]
[([[483, 3661], [556, 3661], [556, 3702], [483, 3702]], "'생질는", 0.10852164775133133), ([[424.78572156620965, 347.1643344936046], [592.4076552719698, 316.1981153616677], [607.2142784337904, 443.8356655063954], [439.5923447280302, 474.8018846383323]], '곡#', 0.021377748349423093), ([[285.3070020560507, 1676.2438069905725], [355.57737360344345, 1670.1208698275902], [357.6929979439493, 1721.7561930094275], [287.42262639655655, 1727.8791301724098]], '도실?', 0.6172859092094571), ([[168.02481404895005, 1978.502481404895], [268.6506037736284, 1938.5834092887837], [283.9751859510499, 1978.497518595105], [183.34939622637157, 2018.4165907112163]], '으아다:', 0.12610186636447906)]
[([[136, 4595], [263, 4595], [263, 4722], [136, 4722]], ';>>', 0.02586971833456221), ([[831, 10266], [934, 10266], [934, 10418], [831, 10418]], '4', 0.36947910479062784), ([[246.6116038205455, 3991.1986324746367], [741.3521947713748, 3889.804797199225], [769.3883961794545, 4133.801367525363], [273.64780522862515, 4234.1952028007745]], '살겨워요', 0.172340527176857)]
[]
