2483404
104
[]
[([[2337, 1200], [2505, 1200], [2505, 1238], [2337, 1238]], '(:1교 교주', 0.01526849983416875), ([[2331, 1240], [2519, 1240], [2519, 1297], [2331, 1297]], '오필리아', 0.9367654919624329), ([[385, 1382], [849, 1382], [849, 1459], [385, 1459]], '설마.. 봉인이.?', 0.8455223133747611), ([[383, 1521], [872, 1521], [872, 1601], [383, 1601]], '아냐; 그렇리 없어', 0.5327862542131157)]
[]
[]
[([[1698, 1765], [2275, 1765], [2275, 1988], [1698, 1988]], '위리명명샌', 0.0002933074048821481), ([[2331, 1778], [2789, 1778], [2789, 1943], [2331, 1943]], '.,치(?)', 0.014711846550297433)]
[]
[([[1747, 972], [1877, 972], [1877, 1084], [1747, 1084]], '껍질', 0.0666027887723761), ([[1041, 1084], [1190, 1084], [1190, 1196], [1041, 1196]], '육절-', 0.7766518689790812), ([[194, 2401], [593, 2401], [593, 2529], [194, 2529]], '훌륭합내터 ', 0.251067496955263), ([[1566, 3316], [1877, 3316], [1877, 3427], [1566, 3427]], '인쇄물이', 0.02135048620402813), ([[1610, 3398], [1870, 3398], [1870, 3495], [1610, 3495]], '준조로이', 0.13427621126174927), ([[1517, 3517], [1989, 3517], [1989, 3620], [1517, 3620]], '되이사 앞 햇', 0.017355364003965906), ([[1635, 3604], [1864, 3604], [1864, 3708], [1635, 3708]], '깥문요', 0.11607305933329977), ([[1571, 4071], [2522, 4071], [2522, 4197], [1571, 4197]], '부활에 때기} 떼체 않있붐내끗', 0.03239627347666675), ([[1302, 7234], [2009, 7234], [2009, 7434], [1302, 7434]], '로터스님 .', 0.9243849020267794)]
[([[402, 1216], [509, 1216], [509, 1280], [402, 1280]], '???', 0.9236304792841583), ([[1314, 1368], [1558, 1368], [1558, 1446], [1314, 1446]], '우습구나', 0.9762297233196787), ([[1076, 1481], [1781, 1481], [1781, 1560], [1076, 1560]], '어찌 그리 단언활수 있지?', 0.4563284084659889), ([[309, 1491], [1109, 1491], [1109, 1863], [309, 1863]], '마추 `', 0.005098992958664894)]
[([[2337, 1200], [2505, 1200], [2505, 1238], [2337, 1238]], '(:1교 교주', 0.01714507931282222), ([[2331, 1240], [2519, 1240], [2519, 1297], [2331, 1297]], '오필리아', 0.9363566040992737), ([[394, 1485], [627, 1485], [627, 1565], [394, 1565]], '당신은..', 0.8906664546836774), ([[579.2010713142801, 1508.0426047313083], [1093.1113987471, 1471.180722560109], [1092.79892868572, 1794.9573952686917], [578.8886012528999, 1831.819277439891]], '', 0.0)]
[([[377, 1200], [518, 1200], [518, 1240], [377, 1240]], '제8 사도', 0.9962194980435845), ([[373, 1239], [630, 1239], [630, 1301], [373, 1301]], '로터스의 알', 0.9712013960224738), ([[372, 1359], [861, 1359], [861, 1437], [372, 1437]], '오랜만 이라고 해둘까', 0.8888910065445681), ([[396, 1454], [978, 1454], [978, 1531], [396, 1531]], '일단은 말이지 . 후후후', 0.7840390584032971), ([[937.1397401250935, 1514.020568614452], [1076.6950111352635, 1552.3189610905106], [1018.8602598749065, 1758.979431385548], [879.3049888647364, 1720.6810389094894]], "'", 0.792417340251351)]
[([[377, 1200], [518, 1200], [518, 1240], [377, 1240]], '제8 사도', 0.618424706786017), ([[373, 1239], [632, 1239], [632, 1301], [373, 1301]], '로터스의 알', 0.6003540183419929), ([[399, 1366], [1178, 1366], [1178, 1441], [399, 1441]], '(뇨내의 힘으로 오릇이 막아)', 0.07595956203516492), ([[1197, 1366], [1745, 1366], [1745, 1443], [1197, 1443]], "수 있다' 라고 햇없나 .", 0.743777374422463), ([[396, 1454], [946, 1454], [946, 1531], [396, 1531]], '오만하기 짝이없구나', 0.9460041121988612), ([[399, 1535], [1416, 1535], [1416, 1616], [399, 1616]], '그런 너희들의 모습은 그야말로 웃음거리없다', 0.6821555451391568)]
[([[2334, 1200], [2505, 1200], [2505, 1238], [2334, 1238]], '(레1교 교주', 0.004487850103314713), ([[2331, 1240], [2519, 1240], [2519, 1297], [2331, 1297]], '오필리아', 0.9377261996269226), ([[390, 1357], [1425, 1357], [1425, 1436], [390, 1436]], '지금 무슨 뜻딴지갈은 소리블 하시는 겁니까', 0.17035844266393296), ([[390, 1492], [732, 1492], [732, 1569], [390, 1569]], '언변으로 정신', 0.9503250235001076), ([[752, 1494], [989, 1494], [989, 1569], [752, 1569]], '지배라도', 0.9993138909339905), ([[1009, 1504], [1449, 1504], [1449, 1571], [1009, 1571]], '거시켓다는 겁니까?', 0.6449514854833972), ([[387, 1631], [570, 1631], [570, 1709], [387, 1709]], '분명히', 0.9998573948944078), ([[645, 1637], [709, 1637], [709, 1706], [645, 1706]], '날', 0.9999687674100102), ([[732, 1632], [1077, 1632], [1077, 1707], [732, 1707]], '모험가들에계', 0.44643289854866275), ([[1097, 1624], [1993, 1624], [1993, 1713], [1097, 1713]], '당신의 육신은 갈기갈기 찢겨 . 서', 0.4280881584234633)]
[([[377, 1200], [518, 1200], [518, 1240], [377, 1240]], '제8 사도', 0.6224148756223982), ([[373, 1239], [630, 1239], [630, 1301], [373, 1301]], '로터스의 알', 0.9762916653372994), ([[371, 1373], [683, 1373], [683, 1450], [371, 1450]], '봉인되없지', 0.9498280253725438), ([[704, 1373], [1029, 1373], [1029, 1450], [704, 1450]], "'너희들'에게.", 0.5642483960378275), ([[1050, 1387], [1890, 1387], [1890, 1451], [1050, 1451]], '이미 계획되없던 일인지도 모른 체 말이다.', 0.39618938221421607), ([[375, 1508], [1775, 1508], [1775, 1593], [375, 1593]], '덕분에 나의 혼은 무사히 온존되어 후일올 도모할 수 있없다.', 0.5998341308268412), ([[374, 1649], [809, 1649], [809, 1729], [374, 1729]], '나의 죽음이라는', 0.8239488635352223), ([[865, 1664], [1280, 1664], [1280, 1728], [865, 1728]], '[릇된 운명에 맞서서', 0.25957158462874136), ([[1310, 1650], [2073, 1650], [2073, 1729], [1310, 1729]], '살아남을 수 앞게 된 것이다.', 0.4766535449354748)]
[([[377, 1200], [518, 1200], [518, 1240], [377, 1240]], '제8 사도', 0.8011111280078533), ([[373, 1239], [630, 1239], [630, 1301], [373, 1301]], '로터스의 알', 0.6066023633747372), ([[385, 1380], [1234, 1380], [1234, 1455], [385, 1455]], '그 중 가장 열심히 일해준 것은 너없다.', 0.35753022888834846), ([[382, 1510], [848, 1510], [848, 1594], [382, 1594]], '나의 충직한 하인', 0.8989475515481159), ([[876, 1515], [1128, 1515], [1128, 1592], [876, 1592]], "오필리야'", 0.5601337573364007), ([[1144, 1520], [1208, 1520], [1208, 1584], [1144, 1584]], '여', 0.9999928474554167)]
[([[2334, 1200], [2505, 1200], [2505, 1238], [2334, 1238]], '찌독내교 교주', 0.004020013536919363), ([[2331, 1240], [2519, 1240], [2519, 1297], [2331, 1297]], '오필리아', 0.9366340041160583), ([[383, 1362], [849, 1362], [849, 1439], [383, 1439]], '무슨 말도 안되논', 0.5251835751169012), ([[871, 1366], [1124, 1366], [1124, 1439], [871, 1439]], '소리블. !', 0.3044191338245816), ([[385, 1503], [507, 1503], [507, 1578], [385, 1578]], '부디', 0.9931818202639239), ([[530, 1509], [592, 1509], [592, 1575], [530, 1575]], '더', 0.9999580387702736), ([[612, 1510], [1576, 1510], [1576, 1583], [612, 1583]], '이상 절 욕보이지 말아주석으면 중계균요.', 0.34328681978787684), ([[383, 1643], [849, 1643], [849, 1720], [383, 1720]], '세상에 해악이 월', 0.3813040075661995), ([[871, 1649], [1788, 1649], [1788, 1722], [871, 1722]], '당신들의 노리개가 월 생각따원 없습니다.', 0.5006304099094067)]
[([[377, 1200], [518, 1200], [518, 1240], [377, 1240]], '제8 사도', 0.9964926465288885), ([[373, 1239], [632, 1239], [632, 1301], [373, 1301]], '로터스의 알', 0.9822376783992921), ([[395, 1350], [679, 1350], [679, 1422], [395, 1422]], "'하이퍼재머_", 0.291129354694582), ([[717, 1356], [1019, 1356], [1019, 1420], [717, 1420]], '라고 햇던가 ..', 0.30153042479193837), ([[400, 1428], [1749, 1428], [1749, 1496], [400, 1496]], '분명 나의 정신지배에 대항하기 위한 물건이라고 햇던것 같다만', 0.5140011172293756), ([[400, 1502], [635, 1502], [635, 1566], [400, 1566]], '부작용으로', 0.6866172297179188), ([[649, 1502], [1521, 1502], [1521, 1568], [649, 1568]], '너 자신에 대해서 잊어버린 모양이구나 .', 0.6478190065414208), ([[406, 1646], [1483, 1646], [1483, 1710], [406, 1710]], '헬더의 가호로 꽤나 재미름 방던 것 같다만 이제는', 0.17063387152279869), ([[1495, 1646], [2169, 1646], [2169, 1712], [1495, 1712]], '그 주박에서 해어나올 시간이다', 0.996824391804891)]
[([[305, 1192], [513, 1192], [513, 1256], [305, 1256]], '베히모스', 0.9201490655868425), ([[291, 1256], [901, 1256], [901, 1437], [291, 1437]], '신전외꽉', 0.43425896763801575), ([[1023, 1489], [1262, 1489], [1262, 1557], [1023, 1557]], '96_싣닭7$', 0.0013739136685339114)]
[([[2334, 1200], [2505, 1200], [2505, 1238], [2334, 1238]], '(잘1교 교주', 0.0074688019557151725), ([[2331, 1240], [2519, 1240], [2519, 1297], [2331, 1297]], '오필리아', 0.9466534852981567), ([[377, 1365], [826, 1365], [826, 1431], [377, 1431]], '멋대로 말하시논군요', 0.714515432043639), ([[377, 1474], [1778, 1474], [1778, 1543], [377, 1543]], '저논 (묘-교단의 수장되는 자 그리 쉽계 꿀복할 생각은 없습니다.', 0.09582954113564025), ([[377, 1585], [1460, 1585], [1460, 1649], [377, 1649]], '우화하지 못한 지금의 당신이라면 두렵지 않습니다', 0.827523654487454), ([[1475, 1588], [2014, 1588], [2014, 1652], [1475, 1652]], '제 믿음과 지식의 힘으로', 0.9154133538907789), ([[378, 1696], [864, 1696], [864, 1763], [378, 1763]], '당신올 말살시켜드리조', 0.5896410908288817)]
[([[318, 296], [844, 296], [844, 421], [318, 421]], '하! 하! 하!', 0.2641784812667044), ([[322, 475], [991, 475], [991, 550], [322, 550]], '놀라움올 참을 수 없구나:', 0.3459697749819698), ([[325, 611], [682, 611], [682, 680], [325, 680]], '나의 죽음으로', 0.905917756346294), ([[705, 608], [1911, 608], [1911, 683], [705, 683]], '인해 종래에 비해서 힘이 줄어든 것은 분명하나', 0.8140534451030208), ([[325, 744], [601, 744], [601, 812], [325, 812]], '그러함에도', 0.883246821441407), ([[621, 741], [1092, 741], [1092, 816], [621, 816]], '짐은 이 곳 전부름', 0.8739207543160166), ([[1112, 743], [1407, 743], [1407, 816], [1112, 816]], '파고들없다.', 0.9547116477798623), ([[1427, 741], [2413, 741], [2413, 816], [1427, 816]], '다시금 나약한 인간들의 정신올 해집어', 0.7238128951521806), ([[2435, 743], [2613, 743], [2613, 816], [2435, 816]], '놓앉다.', 0.7906136512756348), ([[320, 866], [1363, 866], [1363, 950], [320, 950]], '하이퍼 재머로 저항하는 것인가? 아니다.', 0.6451405193146033), ([[1380, 873], [1878, 873], [1878, 948], [1380, 948]], '헬더의 장난감 부적', 0.5931181939616309), ([[1896, 877], [2068, 877], [2068, 945], [1896, 945]], '따위는', 0.8921350904270545), ([[322, 1006], [685, 1006], [685, 1081], [322, 1081]], '다른 신도들도', 0.9929005113110119), ([[705, 1004], [1652, 1004], [1652, 1081], [705, 1081]], '충분히 갖고 있없다. 이것은 한돌남은', 0.26552626177417404), ([[1672, 1007], [2150, 1007], [2150, 1082], [1672, 1082]], '인간성의 저항이다.', 0.26681514725590094), ([[332, 1140], [482, 1140], [482, 1208], [332, 1208]], '그 날', 0.981256361128646), ([[509, 1137], [1549, 1137], [1549, 1214], [509, 1214]], '정신지배에 꿀복한 모습올 분명히 빚거늘', 0.26985526171052127), ([[1568, 1137], [2481, 1137], [2481, 1214], [1568, 1214]], '이제와서 자아름 유지하려 하느구나', 0.34380243004094835), ([[322, 1268], [1252, 1268], [1252, 1347], [322, 1347]], '허나.. 그러하기 때문에 너는 더더욱', 0.36777194024161847), ([[1270, 1275], [1440, 1275], [1440, 1343], [1270, 1343]], '망가질', 0.9885640103448371), ([[1461, 1274], [1695, 1274], [1695, 1347], [1461, 1347]], '것이루다.', 0.14892919842582863), ([[322, 1402], [1477, 1402], [1477, 1479], [322, 1479]], '이 뒤에 펼쳐질것은 힘에 의한 꿀복이 아니라', 0.4076018636587101), ([[1523, 1401], [1700, 1401], [1700, 1481], [1523, 1481]], '[진실}', 0.22348156571388245), ([[1717, 1402], [2197, 1402], [2197, 1479], [1717, 1479]], '올 보여주는 것 뿐', 0.6212142802175714), ([[322, 1537], [935, 1537], [935, 1612], [322, 1612]], '그 모습이 기대되는구나', 0.7017333988621958)]
[([[152, 231], [1048, 231], [1048, 345], [152, 345]], '{오필리아여 네가 어떻계', 0.5009177835531125), ([[112, 324], [1228, 324], [1228, 438], [112, 438]], '교주가 되없없는지 기억하느나]', 0.31369766314813513), ([[715, 1733], [1738, 1733], [1738, 1857], [715, 1857]], "'사도 크집} {방 또이고", 0.01120449254735175), ([[678, 1827], [2061, 1827], [2061, 1953], [678, 1953]], '지까지의 |집0 없이 평가난아서]', 0.013908554518587229), ([[63, 2090], [285, 2090], [285, 2198], [63, 2198]], '@후후', 0.5038144066934979), ([[348, 2082], [1503, 2082], [1503, 2206], [348, 2206]], '그래 마실러스에계 주현필임자', 0.015100394417859148)]
[([[1019, 585], [1170, 585], [1170, 697], [1019, 697]], '1?,', 0.01333275438400129)]
[([[147, 723], [1219, 723], [1219, 846], [147, 846]], '~직린심님 ? 이건 대체!', 0.045563713171146054), ([[99, 1951], [152, 1951], [152, 2015], [99, 2015]], '0', 0.9887227087844828), ([[155, 1950], [1124, 1950], [1124, 2061], [155, 2061]], '이 @식이라다 오금래', 0.015837221917744265), ([[53, 2035], [2010, 2035], [2010, 2164], [53, 2164]], '오매 프준무 신름 답족시관 요 4 } 간또:논', 0.0005768701521284409), ([[46, 2136], [415, 2136], [415, 2250], [46, 2250]], '논문', 0.6260766796587672)]
[([[1550, 897], [2090, 897], [2090, 1010], [1550, 1010]], '관으문요)', 0.216513850418854), ([[1613, 1015], [1889, 1015], [1889, 1088], [1613, 1088]], '{요', 0.35253483821719195), ([[1582, 1766], [1630, 1766], [1630, 1822], [1582, 1822]], '리', 0.5490611200644366), ([[293, 2497], [1763, 2497], [1763, 2622], [293, 2622]], '@요 매입기인 네 입도} {과활)', 0.005481791555180536)]
[([[423, 1149], [1743, 1149], [1743, 1260], [423, 1260]], '주교가 되는 의식은 이상한 젓이없다', 0.4389958210305085), ([[450, 1336], [1075, 1336], [1075, 1444], [450, 1444]], '아니 애초에 이런', 0.8309286446863364), ([[1100, 1336], [1734, 1336], [1734, 1446], [1100, 1446]], '의식이 있엿던가?', 0.3671566598522394), ([[173, 1518], [434, 1518], [434, 1631], [173, 1631]], '하지만', 0.9572235262145854), ([[413, 1581], [489, 1581], [489, 1620], [413, 1620]], '다)', 0.0015500937173989183), ([[513, 1521], [1343, 1521], [1343, 1629], [513, 1629]], '이 코릎 찌르는 냄새는', 0.5306951006165878), ([[1426, 1521], [2009, 1521], [2009, 1631], [1426, 1631]], '너무나 좋앉다 .', 0.2745062176574045)]
[([[766, 827], [1336, 827], [1336, 918], [766, 918]], '뇌가 저릿저릿하다', 0.9323291135374033), ([[212, 980], [1184, 980], [1184, 1080], [212, 1080]], '분명 정상적인 감각은 아니금다.', 0.4638458755057458), ([[1215, 990], [1293, 990], [1293, 1072], [1215, 1072]], '저', 0.9999983310706426), ([[1316, 987], [1588, 987], [1588, 1073], [1316, 1073]], '상스러운', 0.6881751528310763), ([[1612, 987], [1883, 987], [1883, 1073], [1612, 1073]], '남성기름', 0.6001099348068237), ([[202, 1066], [637, 1066], [637, 1154], [202, 1154]], '보앞올 뿐인데', 0.3779208213524983), ([[659, 1066], [1885, 1066], [1885, 1156], [659, 1156]], '보지가 저릿저릿해서 참옥수가 없어적다', 0.17727464731759512), ([[551, 1225], [1492, 1225], [1492, 1314], [551, 1314]], '나 자신올 통제함수 없는 것이', 0.5035701672115668), ([[346, 1307], [486, 1307], [486, 1395], [346, 1395]], '마치', 0.9998393399937651), ([[512, 1307], [846, 1307], [846, 1395], [512, 1395]], '정신지배름', 0.681486521280289), ([[871, 1301], [1756, 1301], [1756, 1400], [871, 1400]], '당햇올때와 비슷한 갑각이다', 0.30663225978604974), ([[49, 1466], [498, 1466], [498, 1556], [49, 1556]], '하지만 로터스', 0.9012089588318295), ([[548, 1482], [612, 1482], [612, 1544], [548, 1544]], '느', 0.6072977667349768), ([[735, 1466], [1123, 1466], [1123, 1557], [735, 1557]], '논 사라적다.', 0.30185379108064875), ([[1153, 1463], [1821, 1463], [1821, 1560], [1153, 1560]], '@젠 정신제배같은 건', 0.3246078657864312), ([[1844, 1466], [1991, 1466], [1991, 1555], [1844, 1555]], '없어', 0.9999871873820939), ([[320, 1629], [402, 1629], [402, 1709], [320, 1709]], '즉', 0.9998720925226543), ([[440, 1624], [1699, 1624], [1699, 1717], [440, 1717]], '이건 부끄럽지 않은 짓이과; 내의 의지야', 0.25588560494424417)]
[([[529, 2140], [1693, 2140], [1693, 2237], [529, 2237]], '하이 엄숙한 자리름 빌어 망새하켓습니다 ', 0.20539905925509852), ([[217, 2217], [1854, 2217], [1854, 2316], [217, 2316]], '저 오필리야는 신도분들올 위해서 열심히 봉사할 것올..', 0.28272294611171206)]
[([[107, 116], [353, 116], [353, 209], [107, 209]], '(캠리고', 0.06944355949379184), ([[428, 113], [913, 113], [913, 213], [428, 213]], '너의 주 일관는', 0.2169301135712279), ([[116, 201], [1450, 201], [1450, 309], [116, 309]], '신름의 성욕올 해소시켜주습 일이없지 -', 0.07948386762662499), ([[1729, 1817], [2688, 1817], [2688, 1922], [1729, 1922]], '@@ {0 {문} 이 무-)', 0.14434170114106296)]
[([[94, 564], [238, 564], [238, 648], [94, 648]], '사도', 0.999915791635173), ([[264, 562], [545, 562], [545, 652], [264, 652]], '로터스의', 0.9883145093917847), ([[573, 562], [853, 562], [853, 655], [573, 655]], '전이사건', 0.9394930976743818), ([[877, 562], [1152, 562], [1152, 650], [877, 650]], '으로부터', 0.9995269179344177), ([[1181, 562], [1395, 562], [1395, 650], [1181, 650]], '상당한', 0.9643071570787948), ([[1419, 562], [1633, 562], [1633, 652], [1419, 652]], '시간이', 0.9999727451456574), ([[1658, 564], [1892, 564], [1892, 655], [1658, 655]], '지낫다:', 0.40161144733428955), ([[94, 728], [308, 728], [308, 814], [94, 814]], '상당한', 0.9511989134939217), ([[330, 728], [1159, 728], [1159, 821], [330, 821]], '출험이 있없으나 (만1교의', 0.022477634784216403), ([[1185, 728], [1399, 728], [1399, 817], [1185, 817]], '발빠른', 0.9727729734654434), ([[1424, 728], [1640, 728], [1640, 814], [1424, 814]], '대처와', 0.9992099404335022), ([[96, 807], [443, 807], [443, 904], [96, 904]], '모험가들의', 0.8214783907001696), ([[467, 811], [745, 811], [745, 897], [467, 897]], '도움으로', 0.9986823797225952), ([[771, 814], [1051, 814], [1051, 902], [771, 902]], '로터스홀', 0.4910711348056793), ([[96, 895], [439, 895], [439, 981], [96, 981]], '성공적으로', 0.7558733980933514), ([[463, 892], [1004, 892], [1004, 989], [463, 989]], '저지활수 있있다.', 0.42294901884933594), ([[97, 1067], [174, 1067], [174, 1144], [97, 1144]], '그', 0.9993902182614534), ([[197, 1061], [412, 1061], [412, 1147], [197, 1147]], '육신올', 0.7367589274795425), ([[436, 1059], [1089, 1059], [1089, 1150], [436, 1150]], '조각조각 내없음에도', 0.5491513866497104), ([[1111, 1061], [1395, 1061], [1395, 1147], [1111, 1147]], '죽이지논', 0.5234277248382568), ([[92, 1139], [305, 1139], [305, 1232], [92, 1232]], '못하고', 0.9996594591191305), ([[330, 1142], [848, 1142], [848, 1233], [330, 1233]], '비록 봉인하논데', 0.4993590197812576), ([[872, 1142], [1154, 1142], [1154, 1231], [872, 1231]], '그렇지만', 0.2639476447620373), ([[94, 1226], [373, 1226], [373, 1312], [94, 1312]], '다음번에', 0.9983022212982178), ([[398, 1226], [614, 1226], [614, 1314], [398, 1314]], '부활의', 0.9889719408068995), ([[636, 1226], [855, 1226], [855, 1312], [636, 1312]], '기미가', 0.9999877490683106), ([[877, 1226], [1154, 1226], [1154, 1314], [877, 1314]], '보인다면', 0.9760381579399109), ([[1181, 1226], [1395, 1226], [1395, 1314], [1181, 1314]], '오릇이', 0.5089334117134291), ([[1418, 1229], [1635, 1229], [1635, 1308], [1418, 1308]], '@만내의', 0.004841986577957869), ([[1662, 1226], [1937, 1226], [1937, 1312], [1662, 1312]], '힘만으로', 0.9984306693077087), ([[94, 1306], [683, 1306], [683, 1403], [94, 1403]], '막아별수 있으리라', 0.33848540084335366), ([[704, 1309], [918, 1309], [918, 1395], [704, 1395]], '그들은', 0.9985718696023529), ([[944, 1309], [1246, 1309], [1246, 1397], [944, 1397]], '다짐햇다.', 0.4733122626098381), ([[94, 1475], [306, 1475], [306, 1561], [94, 1561]], '굽꿈과도', 0.24963761866092682), ([[335, 1475], [544, 1475], [544, 1566], [335, 1566]], '같앞던', 0.07207194658537279), ([[575, 1472], [992, 1472], [992, 1561], [575, 1561]], '그 소동 이후', 0.7775057651187653), ([[1016, 1475], [1296, 1475], [1296, 1561], [1016, 1561]], '모두에게', 0.8915202021598816), ([[92, 1559], [306, 1559], [306, 1645], [92, 1645]], '새겨진', 0.4170215393444604), ([[332, 1556], [547, 1556], [547, 1642], [332, 1642]], '상처논', 0.5856293937255918), ([[571, 1555], [1406, 1555], [1406, 1647], [571, 1647]], '서서히 아물어 가고있없다.', 0.5668557323810998), ([[94, 1640], [439, 1640], [439, 1728], [94, 1728]], '정신지배로', 0.9933685836670935), ([[465, 1640], [677, 1640], [677, 1726], [465, 1726]], '인해서', 0.9999205757777969), ([[704, 1640], [918, 1640], [918, 1728], [704, 1728]], '기력올', 0.8973963856697083), ([[942, 1639], [1222, 1639], [1222, 1728], [942, 1728]], '빼앗켓던', 0.41992080211639404), ([[1248, 1639], [1595, 1639], [1595, 1726], [1248, 1726]], '베히모스는', 0.9289882418509959), ([[94, 1722], [886, 1722], [886, 1813], [94, 1813]], '차차 그 상태가 호전되어', 0.8496069304935244), ([[911, 1723], [1255, 1723], [1255, 1811], [911, 1811]], '가고있으여', 0.5146099368324574), ([[94, 1804], [612, 1804], [612, 1895], [94, 1895]], '무너진 유적들올', 0.9644246355389283), ([[634, 1806], [1051, 1806], [1051, 1892], [634, 1892]], '재건하논데도', 0.46057589916043407), ([[1077, 1804], [1870, 1804], [1870, 1894], [1077, 1894]], '크게 문제가 되는 부분은', 0.825078508330335), ([[1896, 1804], [2108, 1804], [2108, 1892], [1896, 1892]], '없는듯', 0.7225917352582647), ([[2134, 1810], [2195, 1810], [2195, 1883], [2134, 1883]], '히', 0.4803378378234271), ([[96, 2054], [547, 2054], [547, 2142], [96, 2142]], '일런의 사건을', 0.45514189168135016), ([[571, 2056], [715, 2056], [715, 2140], [571, 2140]], '겨고', 0.3079689141259453), ([[740, 2054], [1228, 2054], [1228, 2140], [740, 2140]], '가장 근 공로틀', 0.6065563059052042), ([[1253, 2054], [1534, 2054], [1534, 2142], [1253, 2142]], '인정받은', 0.9981610178947449), ([[103, 2135], [877, 2135], [877, 2227], [103, 2227]], "'오필리아 베이그런스' 논", 0.5917676799007797), ([[899, 2137], [1114, 2137], [1114, 2223], [899, 2223]], '교주의', 0.9986764650909842), ([[1138, 2139], [1352, 2139], [1352, 2225], [1138, 2225]], '자리에', 0.9989326614249894), ([[1376, 2137], [1786, 2137], [1786, 2228], [1376, 2228]], '오르게 된다.', 0.789015806876941)]
[([[1378, 50], [2298, 50], [2298, 149], [1378, 149]], '5이 곳은 너의 기억의 미로다', 0.8761452307274372), ([[2327, 52], [2811, 52], [2811, 149], [2327, 149]], '년 지금 진실된', 0.42635150597420035), ([[1495, 133], [2621, 133], [2621, 234], [1495, 234]], '너의 모습올 찾으려 하고있는 거다 !', 0.2617716430917451), ([[59, 1164], [461, 1164], [461, 1276], [59, 1276]], "'맛 자지 .", 0.1213765823522374), ([[376.2935252745643, 43.02777098696647], [441.72992286107836, 78.39041297275143], [381.7064747254357, 187.9722290130335], [317.27007713892164, 152.60958702724855]], '값', 0.013534420959775473), ([[312.1964926239916, 132.05404541753805], [383.9898850192747, 171.6517508709724], [358.8035073760084, 217.94595458246195], [286.0101149807253, 177.3482491290276]], '아0', 0.15860894478107856), ([[140.26484056798412, 417.0452086006714], [219.98806892323583, 466.6218061732693], [192.73515943201588, 509.9547913993286], [113.01193107676416, 461.3781938267307]], '아', 0.9726483507303705), ([[1473.098024093902, 1382.0328963137713], [2033.3814504071393, 1308.6062915601449], [2061.901975906098, 1780.9671036862287], [1501.6185495928607, 1854.3937084398551]], '파', 0.08359060911495053)]
[([[63, 700], [308, 700], [308, 1028], [63, 1028]], '0', 0.20478887338635232), ([[1109, 1303], [1680, 1303], [1680, 1914], [1109, 1914]], '%', 0.105668408263214), ([[1874.1173463437622, 587.005565060334], [2578.8639888827156, 1021.6384569937011], [2262.882653656238, 1519.994434939666], [1558.1360111172844, 1085.361543006299]], '@시', 0.2805020037749776)]
[([[889, 85], [1025, 85], [1025, 238], [889, 238]], '6', 0.9666839077096121), ([[1653, 156], [2466, 156], [2466, 258], [1653, 258]], '5자아 돌아오는거다 오필리아', 0.4519462519452156), ([[1561, 247], [1773, 247], [1773, 333], [1561, 333]], '교단의', 0.9999282153326228), ([[1797, 245], [2581, 245], [2581, 337], [1797, 337]], '변기인 너의 모습으로 ! ', 0.25874822029457667), ([[81, 833], [262, 833], [262, 1023], [81, 1023]], '6', 0.49961222280047934), ([[2202, 819], [2529, 819], [2529, 1273], [2202, 1273]], '탓', 0.02447018361673714), ([[407, 1220], [456, 1220], [456, 1273], [407, 1273]], '1', 0.8825329774686139), ([[348, 1235], [441, 1235], [441, 1330], [348, 1330]], '4', 0.9948910330749641), ([[368, 1505], [684, 1505], [684, 1595], [368, 1595]], '뭐야 이거', 0.5821839743797689), ([[747, 1514], [796, 1514], [796, 1585], [747, 1585]], '?', 0.9446346531917449), ([[140, 1584], [751, 1584], [751, 1680], [140, 1680]], '아파 .. 뜨거원 . 9 _', 0.29302361918883174), ([[775, 1655], [837, 1655], [837, 1728], [775, 1728]], '0', 0.6024562700382354), ([[1500, 1703], [1725, 1703], [1725, 1941], [1500, 1941]], '<', 0.5772126488866434), ([[1107.4104430961268, 390.12835447690134], [1229.0375224864174, 325.22127987930736], [1272.5895569038732, 411.87164552309866], [1150.9624775135826, 476.77872012069264]], '오1', 0.28994031947907767), ([[2210.7191341148327, 593.0632545598124], [2421.444883143172, 420.710027401678], [2479.2808658851673, 517.9367454401876], [2267.555116856828, 690.289972598322]], '운질-거', 0.02170781046152115), ([[178.16268182195057, 1494.0502591221896], [284.9260186578503, 1532.9849800242805], [262.83731817804943, 1590.9497408778104], [155.0739813421497, 1552.0150199757195]], '09', 0.7205765106008999), ([[554.073760108954, 1826.6958881416401], [683.7169514695973, 1759.3245357311039], [730.926239891046, 1860.3041118583599], [601.2830485304027, 1927.6754642688961]], '몇질', 0.0447097334184626)]
[([[1342, 159], [1384, 159], [1384, 212], [1342, 212]], '벼', 0.016442089759083567), ([[1366, 149], [2164, 149], [2164, 253], [1366, 253]], '원가가 ! 원가가아아아앗', 0.8043874876146929), ([[1484, 237], [1924, 237], [1924, 328], [1484, 328]], '안으로오오오]', 0.37576945485250396), ([[97, 1761], [521, 1761], [521, 1866], [97, 1866]], '@이거 위험해_', 0.6135099569863366), ([[595, 1765], [1128, 1765], [1128, 1868], [595, 1868]], '위험해에에에에', 0.9854981743600087), ([[1128, 1142], [1780, 1142], [1780, 1946], [1128, 1946]], '챔', 0.014855761109960008), ([[2132.7093042296065, 574.0117326283541], [2656.4442641307032, 492.8464591252623], [2741.2906957703935, 1265.9882673716459], [2217.5557358692968, 1347.1535408747377]], '협', 0.1652744860230806)]
[([[1750, 139], [2002, 139], [2002, 235], [1750, 235]], '"확실히_', 0.25762254815197944), ([[2074, 139], [2425, 139], [2425, 239], [2074, 239]], '위험햇다만.', 0.8678774863163227), ([[1443, 219], [2710, 219], [2710, 320], [1443, 320]], '아쉽계도 아직은 도달하지 못한듯하구나]', 0.3906360227159371), ([[1792, 879], [2631, 879], [2631, 977], [1792, 977]], '하하지만 아직 예관음 면태', 0.06319813201077529), ([[1701, 965], [2845, 965], [2845, 1076], [1701, 1076]], '노불하제 천천히 떠올리명 상는-다@', 0.01060294776392815), ([[256, 1558], [851, 1558], [851, 1667], [256, 1667]], '{아아냐 나는 ] ', 0.1434515910297912)]
[([[1135, 341], [1199, 341], [1199, 416], [1135, 416]], '9', 0.019062539587033633), ([[215, 772], [319, 772], [319, 916], [215, 916]], '옷', 0.9925214922805594), ([[155, 1167], [281, 1167], [281, 1278], [155, 1278]], '사1', 0.06577510515172713), ([[1198.614012774441, 29.912229381214416], [1532.0410007708442, -20.492026660640793], [1540.385987225559, 73.08777061878558], [1207.9589992291558, 124.49202666064079]], '교의 13334', 0.001094147156957679), ([[1036.9189235553515, 74.21894071015164], [1193.2828341312797, 56.396906322957896], [1197.0810764446485, 140.78105928984834], [1040.7171658687203, 159.6030936770421]], '@:>', 0.014244964265352449), ([[580.080470245034, 167.9724232205306], [966.9372033133959, 96.06263393280983], [981.919529754966, 193.0275767794694], [595.0627966866041, 263.93736606719017]], '(영광스리움', 0.4227136208809123), ([[1919.9289321881345, 610.5025253169417], [2670.2651089443502, 364.55466051589997], [2764.0710678118653, 779.4974746830583], [2012.7348910556495, 1025.4453394841]], '저각 -', 0.004845240856452131), ([[296.7077745474542, 1659.049592046192], [1070.4690800678814, 1548.2923157864234], [1095.2922254525458, 1995.950407953808], [322.5309199321187, 2106.7076842135766]], '쥐', 0.40677619110228136)]
[([[1439, 60], [1508, 60], [1508, 133], [1439, 133]], '니', 0.2759216444720245), ([[96, 1210], [184, 1210], [184, 1312], [96, 1312]], '~', 0.011260013404516878), ([[1194.7621211168478, 222.71015123885846], [1394.8618704714333, 116.64669170311232], [1436.2378788831522, 218.28984876114154], [1237.1381295285667, 324.3533082968877]], '용맛', 0.11552429113803367), ([[2312.393482017899, 245.31327627338558], [2589.0649564351015, 216.56190897349862], [2591.606517982101, 307.68672372661445], [2314.9350435648985, 337.43809102650135]], '5허나!', 0.05296889802985531), ([[833.3002996330202, 1407.6408389724568], [1042.0733757064384, 1364.781169459632], [1054.6997003669796, 1456.3591610275432], [845.9266242935615, 1499.218830540368]], '모습이', 0.9999722633688242), ([[678.2720052199187, 1444.1504297535369], [821.1769237642105, 1432.2434456699957], [823.7279947800813, 1520.8495702464631], [679.8230762357895, 1531.7565543300043]], '하는', 0.5950857034629673), ([[449.27073061568416, 1518.0685342929369], [655.8671948233803, 1468.4905564013336], [671.7292693843158, 1558.9314657070631], [465.1328051766198, 1608.5094435986664]], '견디려', 0.9979399926870511), ([[193.61401277444105, 1582.9122293812145], [442.44768349687354, 1534.3660603000296], [454.38598722555895, 1626.0877706187855], [205.55231650312646, 1675.6339396999704]], '{끝까지', 0.07673157751560211), ([[385.61401277444105, 1610.9122293812145], [816.9897615275671, 1513.3951477089552], [831.385987225559, 1608.0877706187855], [400.0102384724329, 1705.6048522910448]], '가득하구나.!', 0.252799519367255)]
[([[1732, 197], [2142, 197], [2142, 301], [1732, 301]], "'[말햇없지. @", 0.04029454305659106), ([[2272.019108328783, 501.2439491562015], [2501.3773548599297, 389.292514538512], [2546.980891671217, 505.7560508437985], [2317.6226451400703, 618.707485461488]], '움절-!', 0.33190724059985904)]
[([[1722, 854], [1942, 854], [1942, 1004], [1722, 1004]], '가약', 0.24541400660127846), ([[493, 1116], [573, 1116], [573, 1194], [493, 1194]], '쟁', 0.007757039744427097), ([[2389, 1311], [2695, 1311], [2695, 1631], [2389, 1631]], '불', 0.9986717346240681), ([[193, 1659], [544, 1659], [544, 1787], [193, 1787]], '(하익.?! 4', 0.1518373715848921), ([[590, 1769], [753, 1769], [753, 1872], [590, 1872]], '?1 1', 0.3489550054073334), ([[191, 1840], [373, 1840], [373, 1924], [191, 1924]], '(귀;', 0.05799851172180459), ([[2308.562167860521, 13.273538586293942], [2571.968014539948, -14.651740118642362], [2575.437832139479, 78.72646141370606], [2312.031985460052, 106.65174011864237]], '말이다  ', 0.14198880647198514), ([[2080.1753137889527, 46.139539628192594], [2294.3418256437203, 27.91340469926866], [2296.8246862110473, 134.8604603718074], [2081.6581743562797, 153.08659530073135]], '엿다고', 0.9876691987737436), ([[1902.191611139641, 81.14966683784641], [2063.9208307968843, 65.56425778224771], [2067.8083888603587, 162.8503331621536], [1906.0791692031157, 179.4357422177523]], "'일과'", 0.7402467131614685), ([[1629.6137649639948, 127.26194233797652], [1874.8563942572557, 100.11620104370212], [1878.3862350360052, 193.7380576620235], [1633.1436057427443, 219.88379895629788]], '5이것은', 0.23578917980194092), ([[1081.5083515587369, 361.28591170256885], [1277.2352717286738, 333.02423594027], [1284.4916484412631, 425.71408829743115], [1088.7647282713262, 454.97576405973]], '썰 실', 0.12047178199110038), ([[1824.9759789626066, 1641.434254841985], [2062.988737417646, 1454.0471106658474], [2275.0240210373936, 1793.565745158015], [2038.011262582354, 1980.9528893341526]], '불', 0.9073289201342318), ([[375.50835155873693, 1811.285911702569], [612.6306918745205, 1779.6849483522694], [618.491648441263, 1875.714088297431], [381.3693081254795, 1907.3150516477306]], '횟속에 _', 0.2946246780204612)]
[([[1273, 989], [1790, 989], [1790, 1130], [1273, 1130]], '[시작이다 !', 0.24778124663031292)]
[]
[([[1655, 7], [1911, 7], [1911, 120], [1655, 120]], '제발 !', 0.12346087579428018), ([[871, 153], [1050, 153], [1050, 231], [871, 231]], '@떠 ;', 0.28750449419021606), ([[500, 1118], [584, 1118], [584, 1174], [500, 1174]], '42', 0.11461719302263415), ([[89, 1844], [1984, 1844], [1984, 1953], [89, 1953]], '(호오. 미안하지만 이 기억의 주제는 내가 아페라세 말이@', 0.20769942722455342), ([[411, 1926], [1586, 1926], [1586, 2030], [411, 2030]], '원래의 네가 원하고 잎붐 내용이거튼@', 0.11993615062635958), ([[1430.7338312761985, 62.21592263623223], [1649.345951415737, 36.92042030209263], [1654.2661687238015, 137.78407736376778], [1434.654048584263, 163.07957969790738]], '주세요', 0.9998168575504756), ([[1191.6910264713479, 97.22423500387411], [1413.3499915596185, 70.92730087063202], [1418.3089735286521, 171.77576499612587], [1196.6500084403815, 198.07269912936798]], '~~멈취', 0.252183735370636), ([[326.3413067386629, 150.1993576285181], [476.70473914947183, 66.81681280142932], [499.6586932613371, 122.80064237148191], [349.29526085052817, 207.18318719857066]], '뇌가아아', 0.834543764591217), ([[1059.0663029766797, 123.1712966694067], [1208.4559763584627, 102.96462766975904], [1215.9336970233203, 200.8287033305933], [1066.5440236415373, 221.03537233024096]], '멈취_', 0.7450346736904069), ([[126.0, 273.0], [218.87031245446337, 230.41516832317416], [239.0, 273.0], [146.12968754553663, 316.58483167682584]], '뇌가;,', 0.15969005227088928)]
[([[1655, 7], [1911, 7], [1911, 120], [1655, 120]], '제발 ]', 0.19029542626488535), ([[871, 151], [1050, 151], [1050, 231], [871, 231]], '@떠 :', 0.33730190992355347), ([[2196, 504], [2413, 504], [2413, 690], [2196, 690]], '@', 0.12280050385609886), ([[500, 1118], [584, 1118], [584, 1174], [500, 1174]], '4', 0.08903335581289529), ([[692, 1527], [932, 1527], [932, 1733], [692, 1733]], '@필', 0.02527149337750113), ([[1549, 1598], [1810, 1598], [1810, 1828], [1549, 1828]], '몇몇', 0.008385230692545442), ([[89, 1844], [1984, 1844], [1984, 1954], [89, 1954]], '(호오 . 미안하지만 이 기억의 주제는 내가 아페라세 말이@', 0.19628132891111824), ([[411, 1926], [1586, 1926], [1586, 2030], [411, 2030]], '원래의 네가 원하고 엎늘 내용이거튼 ', 0.10059228872963581), ([[1429.7338312761985, 62.21592263623223], [1649.359561529429, 36.94364095202613], [1654.2661687238015, 137.78407736376778], [1433.640438470571, 163.05635904797387]], '주세요', 0.9999267700108397), ([[1191.6910264713479, 97.22423500387411], [1412.3131745979629, 69.8649833160836], [1417.3089735286521, 171.77576499612587], [1196.6868254020371, 198.1350166839164]], '~~멈취', 0.1863197535276413), ([[326.3413067386629, 150.1993576285181], [476.70473914947183, 66.81681280142932], [499.6586932613371, 122.80064237148191], [349.29526085052817, 207.18318719857066]], '뇌가아아', 0.8036826848983765), ([[1059.0663029766797, 123.1712966694067], [1208.4559763584627, 102.96462766975904], [1215.9336970233203, 200.8287033305933], [1066.5440236415373, 221.03537233024096]], '멈취_', 0.399974903944369), ([[126.25304228867309, 272.27591268660194], [207.568204036839, 234.17631676501392], [228.7469577113269, 278.72408731339806], [146.431795963161, 316.8236832349861]], '뇌가 ,', 0.8048318028450012)]
[([[941, 260], [961, 260], [961, 282], [941, 282]], '11', 0.684707215102094), ([[2213, 492], [2866, 492], [2866, 902], [2213, 902]], '%되니', 0.0006208190519248042), ([[307, 858], [347, 858], [347, 916], [307, 916]], '0', 0.9998612553939775), ([[231, 866], [315, 866], [315, 963], [231, 963]], '%드', 0.24926568721409142), ([[614, 1496], [1234, 1496], [1234, 1955], [614, 1955]], '표', 0.017885744019282335), ([[919.1813808269621, 106.03050308129244], [1077.9824862963687, 178.37952054822776], [1037.8186191730379, 261.9694969187076], [879.0175137036312, 189.62047945177224]], '% %', 0.9834771156311035), ([[1077.0367707173848, 114.03317540207823], [1361.720699170268, 169.21748058784772], [1332.9632292826152, 286.96682459792174], [1048.279300829732, 232.78251941215228]], '2291', 0.30817094445228577)]
[([[871, 590], [1124, 590], [1124, 694], [871, 694]], '자기도', 0.9998339947029617), ([[1153, 588], [1675, 588], [1675, 692], [1153, 692]], '모르는 자신의', 0.6515126982753), ([[1704, 590], [2111, 590], [2111, 694], [1704, 694]], '기억속에서', 0.9752856158617358), ([[996, 682], [1989, 682], [1989, 793], [996, 793]], '백탁액에 절여진 오필리아:', 0.7309643087844526), ([[477, 776], [2506, 776], [2506, 891], [477, 891]], '축수로_뇌름-주물렉지고 여성기는 수서지는 꿀옥속에세', 0.2746076123133389), ([[501, 965], [1901, 965], [1901, 1081], [501, 1081]], '그녀가 느끼고 잃는 것음 물욕이 아단', 0.11382516309047103), ([[1928, 972], [2486, 972], [2486, 1082], [1928, 1082]], '다른 것이엿다', 0.6871747890205561), ([[1228, 1066], [1557, 1066], [1557, 1176], [1228, 1176]], "'잃어버람", 0.11915903728005821), ([[1582, 1072], [1709, 1072], [1709, 1169], [1582, 1169]], '나', 0.8105048274543982), ([[537, 1258], [2407, 1258], [2407, 1372], [537, 1372]], '멀어지는 의식속에서 예전에 잊고있없년 2년동안의', 0.22161641886301342), ([[860, 1356], [1743, 1356], [1743, 1469], [860, 1469]], '시간이 하나물 생각나기', 0.8879873779359839), ([[1771, 1360], [2102, 1360], [2102, 1463], [1771, 1463]], '시작하다', 0.7567290663719177)]
[([[1216, 703], [1767, 703], [1767, 800], [1216, 800]], '무수히 많은 축수_', 0.6171090847047093), ([[934, 784], [2055, 784], [2055, 881], [934, 881]], '한번에 수천의 무기름 필수 있는 자', 0.1542552633680061), ([[613, 944], [2429, 944], [2429, 1044], [613, 1044]], '사도 로터스는 자신의 죽음이 확정된 운명올 피하고자햇다', 0.2553659919081653), ([[669, 1024], [2373, 1024], [2373, 1124], [669, 1124]], '(레내교내에 천천히 뿌리내려 자신의 보금자리로 만문뒤', 0.11893694545716338), ([[613, 1189], [888, 1189], [888, 1278], [613, 1278]], '시련으로', 0.9646738171577454), ([[913, 1189], [2419, 1189], [2419, 1282], [913, 1282]], '연단된 갈날로부터 자신의 죽음올 위장한 것이다.', 0.35327389578264784)]
[([[73, 198], [394, 198], [394, 297], [73, 297]], '[로 터스', 0.11918973559060154), ([[476, 200], [845, 200], [845, 301], [476, 301]], '님? 그래요', 0.4361224515070763), ([[98, 294], [301, 294], [301, 382], [98, 382]], '저논 .', 0.5255737069356923), ([[324, 290], [1096, 290], [1096, 392], [324, 392]], '로터스님올 위한 노예  ]', 0.3896203855584562), ([[972, 1802], [1625, 1802], [1625, 1902], [972, 1902]], '@집에 온결 환영합다', 0.7080808406814729), ([[1654, 1805], [1958, 1805], [1958, 1902], [1654, 1902]], '오필리이', 0.21693240106105804), ([[731, 1883], [2128, 1883], [2128, 1999], [731, 1999]], '이제_[타 @름 위해서 일율 해훨야 젊문다@', 0.03361816599988266), ([[1815.5536987581143, 691.320521430989], [2223.0204342342167, 441.4604881931274], [2333.4463012418855, 683.679478569011], [1925.979565765783, 933.5395118068726]], '좋동_', 0.10729286410382723), ([[683.7127091891516, 1427.1547174050072], [1210.462194119721, 1120.6046022777132], [1321.2872908108484, 1390.8452825949928], [795.5378058802789, 1696.3953977222868]], '쫓쩍앞렉-!', 0.0012168173495188577)]
[([[1034, 742], [1242, 742], [1242, 828], [1034, 828]], '이옥고', 0.5358961730634832), ([[1266, 740], [1899, 740], [1899, 828], [1266, 828]], '정신올 차남올때즈음', 0.1930148274805965), ([[636, 902], [781, 902], [781, 988], [636, 988]], '마치', 0.9999173931762894), ([[803, 902], [1141, 902], [1141, 988], [803, 988]], '생명이라도', 0.9916226095190794), ([[1165, 902], [1438, 902], [1438, 988], [1165, 988]], '임태한듯', 0.7831606864929199), ([[1460, 902], [1732, 902], [1732, 988], [1460, 988]], '빵빵해진', 0.9977104663848877), ([[1764, 907], [1963, 907], [1963, 987], [1764, 987]], '그녀의', 0.9762442716625078), ([[1990, 908], [2059, 908], [2059, 983], [1990, 983]], '배', 0.9999964237245109), ([[2087, 902], [2297, 902], [2297, 988], [2087, 988]], '위에는', 0.8960262489691591), ([[654, 1058], [1587, 1058], [1587, 1154], [654, 1154]], '로터스의 하수인임올 자처하는', 0.8083714236278087), ([[1608, 1064], [2047, 1064], [2047, 1150], [1608, 1150]], '문양이 그려저', 0.8432081840804082), ([[2072, 1061], [2281, 1061], [2281, 1152], [2072, 1152]], '있있다', 0.5072717840368791), ([[729, 1226], [867, 1226], [867, 1306], [729, 1306]], '절대', 0.9999934250979631), ([[895, 1223], [1249, 1223], [1249, 1309], [895, 1309]], '복증하리라.', 0.6367736628029871), ([[1275, 1223], [1546, 1223], [1546, 1309], [1275, 1309]], '절대적인', 0.9999428391456604), ([[1571, 1227], [1776, 1227], [1776, 1308], [1571, 1308]], '쾌락을', 0.25926162944052517), ([[1802, 1223], [2207, 1223], [2207, 1312], [1802, 1312]], '약속받으리라', 0.9615504474482329), ([[1016, 1383], [1222, 1383], [1222, 1471], [1016, 1471]], '충성의', 0.8912767662656627), ([[1248, 1385], [1456, 1385], [1456, 1471], [1248, 1471]], '언약에', 0.9975244130014492), ([[1478, 1385], [1687, 1385], [1687, 1471], [1478, 1471]], '거짓은', 0.6017315983772278), ([[1712, 1385], [1915, 1385], [1915, 1469], [1712, 1469]], '없으리', 0.9945917129516602)]
[([[678, 154], [804, 154], [804, 222], [678, 222]], '하아', 0.9997468754120028), ([[1339, 306], [1379, 306], [1379, 339], [1339, 339]], '7', 0.006397844591449209), ([[192, 950], [282, 950], [282, 1025], [192, 1025]], '아', 0.9996160637371965), ([[1133.7716559418755, 338.42913985468846], [1236.931135006801, 322.5818268702856], [1242.2283440581245, 374.57086014531154], [1139.068864993199, 390.4181731297144]], '하아', 0.9990887382045641), ([[173.3500052999841, 386.76000847997454], [252.87509343903048, 369.8403084266367], [260.6499947000159, 411.23999152002546], [180.12490656096952, 429.1596915733633]], '가아', 0.8898071193812725), ([[342.6837947269396, 898.2719378531464], [510.24041924199366, 874.3347117711294], [517.3162052730604, 959.7280621468536], [349.75958075800634, 984.6652882288706]], '역시 !', 0.18878786596128383), ([[400.26787114705525, 977.3446974735155], [553.1663242930351, 944.630390272139], [566.7321288529447, 1037.6553025264845], [413.8336757069648, 1070.369609727861]], '좋아', 0.9992621727255684), ([[169.4529980377477, 1050.6794970566216], [387.2858896869142, 998.4014258872202], [403.5470019622523, 1082.3205029433784], [185.7141103130858, 1134.59857411278]], '자지가', 0.9997076349370578)]
[([[1123, 419], [1335, 419], [1335, 660], [1123, 660]], '용', 0.842458283369524), ([[1139, 813], [1369, 813], [1369, 1078], [1139, 1078]], '7', 0.11099763960729447), ([[2075, 743], [2285, 743], [2285, 986], [2075, 986]], '용', 0.9231002026103887), ([[297, 1581], [2607, 1581], [2607, 1689], [297, 1689]], '5하하하 실소틀 금합수 없구나  사도인 나름 봉인하는데 사용햇던 낙엽이', 0.17608597740462537), ([[528, 1749], [2298, 1749], [2298, 1853], [528, 1853]], '이런식으로 사용되거라고 그 누가 상상이라도 햇째드나]', 0.32869000520281316), ([[1570.0884313504546, 798.0148424589539], [1780.7037631669732, 771.1266651924158], [1818.9115686495454, 1160.985157541046], [1608.2962368330268, 1187.8733348075841]], '프', 0.8358550539133489), ([[572.0391719474699, 832.0184706342171], [757.3541086503176, 798.4371294478221], [808.9608280525301, 1141.9815293657828], [623.6458913496824, 1175.5628705521779]], '움', 0.8140298798269932)]
[([[1029, 1700], [1921, 1700], [1921, 1811], [1029, 1811]], "'자; 그럼 꺼내주도록 하지", 0.6267033111504715), ([[1519.8803980099628, 757.0149253736056], [1833.2067697779075, 720.6489626021116], [1873.1196019900372, 1215.9850746263944], [1559.7932302220925, 1252.3510373978884]], '뜨', 0.5036837182544787), ([[1128.1622518967467, 729.007629131393], [1478.2542521737776, 824.2974560009229], [1325.8377481032533, 1369.9923708686072], [975.7457478262226, 1274.702543999077]], '및', 0.16416238564540553)]
[([[828.0956039065421, 1462.1141696130844], [1057.4123264575264, 1326.3979956516428], [1216.904396093458, 1662.8858303869156], [987.5876735424735, 1798.6020043483572]], '8', 0.6338524954981608)]
[([[1181, 372], [1373, 372], [1373, 469], [1181, 469]], '하오욕', 0.21449846107230156), ([[1498, 382], [1714, 382], [1714, 466], [1498, 466]], '오오욕', 0.922661324760249), ([[1772, 422], [1812, 422], [1812, 466], [1772, 466]], '길', 0.050863887782989003), ([[1539, 783], [1865, 783], [1865, 1111], [1539, 1111]], '[', 0.47408131474754), ([[2473, 1285], [2614, 1285], [2614, 1550], [2473, 1550]], '0', 0.9647287179408046), ([[897, 1855], [2105, 1855], [2105, 1958], [897, 1958]], "'하하 끌이 말이 아니구나 오필리아여", 0.6678941152727306), ([[654, 1946], [1105, 1946], [1105, 2038], [654, 2038]], '이건 그야말로', 0.8274204992341792), ([[1129, 1946], [2284, 1946], [2284, 2039], [1129, 2039]], '육변기라고 불러도 무방하지 않은가]', 0.694843413373313), ([[1416, 2106], [1664, 2106], [1664, 2294], [1416, 2294]], '(소', 0.7455996986517889), ([[317.34859469654396, 635.2732545434111], [492.5576406684365, 598.1879908730727], [507.65140530345604, 708.7267454565889], [332.4423593315635, 745.8120091269273]], '/직 !', 0.12525202333927155), ([[2519.873814987257, 609.0488723534561], [2700.138699524927, 640.3468318487782], [2676.126185012743, 749.9511276465439], [2495.861300475073, 718.6531681512218]], '움집 !', 0.035804104217946095), ([[1186.7819361571649, 830.0296912218776], [1380.1024356416083, 812.7085420823864], [1396.2180638428351, 1084.9703087781224], [1201.8975643583917, 1102.2914579176136]], '도', 0.5620754864372977)]
[([[940, 329], [1126, 329], [1126, 422], [940, 422]], '(오욕', 0.9385345778049737), ([[1218, 336], [1308, 336], [1308, 417], [1218, 417]], '욕', 0.9988961883284588), ([[1392, 329], [2035, 329], [2035, 429], [1392, 429]], '재- 채송합니다아@', 0.031626084427529726), ([[823, 535], [1029, 535], [1029, 704], [823, 704]], '평', 0.0943053933799689), ([[1487, 1233], [1648, 1233], [1648, 1405], [1487, 1405]], '/', 0.517089206264373), ([[501, 1542], [790, 1542], [790, 1741], [501, 1741]], '결불', 0.02645049091239882), ([[2164, 1500], [2468, 1500], [2468, 1716], [2164, 1716]], '[평', 0.5667705180985166), ([[637, 2101], [2321, 2101], [2321, 2206], [637, 2206]], '[자 이 주입남올 잊어버린 체벌은 착실히 밤앗켓지?', 0.12199076790485812), ([[1849.7355259625467, 534.0444686681623], [2029.3029193488628, 559.522623812352], [2003.2644740374533, 711.9555313318377], [1822.6970806511372, 687.477376187648]], '촬평', 0.02882028330236113), ([[1128.0514041584545, 744.0089991505531], [1511.884367194156, 791.3354491034353], [1430.9485958415455, 1370.991000849447], [1047.115632805844, 1323.6645508965646]], '및', 0.7543568462029384), ([[1584.091155970845, 792.0105911492535], [1875.6923308377484, 761.2963481856737], [1916.908844029155, 1298.9894088507465], [1626.3076691622516, 1328.7036518143263]], '프', 0.37205093464482175)]
[]
[([[586, 543], [2413, 543], [2413, 664], [586, 664]], '로터스님올 섬기는 이들에컨 중요한 관례가 있다', 0.35383912888619545), ([[1119, 737], [1877, 737], [1877, 857], [1119, 857]], '바로 육단지의 관례', 0.8975475897600478), ([[777, 929], [2197, 929], [2197, 1051], [777, 1051]], '씨앗의 냄새가 진동하는 이 곳 정액통_', 0.6062428366628104), ([[1010, 1125], [1941, 1125], [1941, 1239], [1010, 1239]], '이곳은 몸올 정갈히 하고', 0.8174922650859215), ([[693, 1318], [2259, 1318], [2259, 1433], [693, 1433]], '한껏 모야진 정액과 자신의 여체름 바처서', 0.5706692655956144), ([[569, 1509], [2427, 1509], [2427, 1624], [569, 1624]], '뒤주안에서 배양중인 축수들에계 영양을 공급하다', 0.3287231172170443), ([[427, 1703], [2568, 1703], [2568, 1818], [427, 1818]], '중간중간 신도들의 성옥올 채위주는것은 또다른 업무이다', 0.5349076970198688)]
[([[2290, 474], [2358, 474], [2358, 556], [2290, 556]], '봄', 0.16910008621131567), ([[609, 1052], [756, 1052], [756, 1138], [609, 1138]], '으뽑', 0.11691051312415704), ([[780, 1050], [927, 1050], [927, 1134], [780, 1134]], '오뽑', 0.03416636490009715), ([[2477, 1287], [2614, 1287], [2614, 1545], [2477, 1545]], '0', 0.9369853330557731), ([[883, 1923], [2188, 1923], [2188, 2028], [883, 2028]], '축수와 정액에 농말한 마력이 녹아있어서', 0.48820957163523904), ([[749, 2009], [2267, 2009], [2267, 2109], [749, 2109]], '정액에 잠겨로 숨올 쇠지 못해서 죽지논 안듣다', 0.15177255740639137), ([[993, 2084], [2062, 2084], [2062, 2188], [993, 2188]], '물론 편히게 숨쉬논건 불가능하다', 0.4090287077043482)]
[([[2309, 223], [2453, 223], [2453, 345], [2309, 345]], ']', 0.053555007378094155), ([[493, 444], [611, 444], [611, 519], [493, 519]], '소익', 0.18534191343475587), ([[1680, 690], [1915, 690], [1915, 890], [1680, 890]], '요', 0.13252869264448464), ([[2514, 1605], [2611, 1605], [2611, 1713], [2514, 1713]], '설', 0.8716438111537315), ([[1188, 2062], [1853, 2062], [1853, 2329], [1188, 2329]], '004', 0.09671009888222575), ([[1173.8252079746962, 683.0313891268182], [1389.5531115990739, 730.9165567986839], [1343.1747920253038, 913.9686108731818], [1127.4468884009261, 866.0834432013161]], '보,', 0.17375593647036727)]
[([[280, 572], [440, 572], [440, 676], [280, 676]], '요필;', 0.005988971973434746), ([[2501, 564], [2672, 564], [2672, 681], [2501, 681]], '올절!', 0.15990964256081827)]
[([[2052, 450], [2143, 450], [2143, 530], [2052, 530]], '10', 0.37700100885377236), ([[535, 1973], [2514, 1973], [2514, 2075], [535, 2075]], '신도와의 고해성사 시간에는 새로운 정액올 받아들이기 위해서', 0.7320043464823173), ([[403, 2055], [2642, 2055], [2642, 2156], [403, 2156]], '주위의 액체가 제거되다. 모체되논 이에컨 아마 잠깐 실수_잇는 시간일', 0.29016288317047023), ([[1403, 2141], [1647, 2141], [1647, 2234], [1403, 2234]], '젓이다;', 0.701338529586792), ([[728.9313326439664, 510.30386570155287], [855.3775489571816, 475.51870920234865], [869.0686673560336, 535.6961342984472], [742.6224510428184, 569.4812907976514]], '가아', 0.24445468677286156)]
[([[1381, 159], [1728, 159], [1728, 250], [1381, 250]], '켜. 커엇]', 0.09455378729456519), ([[1130, 256], [1802, 256], [1802, 361], [1130, 361]], '[가-감사합니다앗?1]', 0.10110373713899833), ([[566, 976], [823, 976], [823, 1170], [566, 1170]], '쌓', 0.004871036963199293), ([[2212, 1353], [2309, 1353], [2309, 1468], [2212, 1468]], '벼', 0.3578474750870697), ([[686, 1348], [1192, 1348], [1192, 1619], [686, 1619]], '젓택', 0.002804563170262798), ([[1740, 1331], [2466, 1331], [2466, 1697], [1740, 1697]], '쩍각-"', 0.025069915007027068), ([[395, 1583], [655, 1583], [655, 1852], [395, 1852]], '광', 0.11211836425002364), ([[308, 2015], [2645, 2015], [2645, 2118], [308, 2118]], '하헤에 오늘 육단지가 교주님이라님 이야기틀 듣고 엄청나게 모이있다구요', 0.2197518291979819), ([[2661, 2064], [2703, 2064], [2703, 2111], [2661, 2111]], '밥', 0.07491810083067296), ([[1190.9959964937677, 153.0723758069975], [1303.5987733398026, 171.66415103015837], [1290.0040035062323, 235.9276241930025], [1177.4012266601974, 216.33584896984163]], '하옛', 0.17967032638683647)]
[([[1340, 224], [1404, 224], [1404, 284], [1340, 284]], '%', 0.12409619463625976), ([[980, 346], [1051, 346], [1051, 414], [980, 414]], '야', 0.1522751266747946), ([[828, 472], [1000, 472], [1000, 593], [828, 593]], "'하하", 0.26011869088109324), ([[1176, 1390], [1437, 1390], [1437, 1606], [1176, 1606]], '광', 0.5227595828199725), ([[654, 1586], [1120, 1586], [1120, 2025], [654, 2025]], '땅', 0.16689853591975723), ([[1852, 1838], [2390, 1838], [2390, 2284], [1852, 2284]], '광', 0.02512225971186255), ([[1034.5006631638032, 331.4002652655213], [1125.698113207547, 285.0566037735849], [1153.4993368361968, 340.5997347344787], [1062.301886792453, 386.9433962264151]], '', 0.0), ([[1930.9808136618974, 285.03714716799516], [2088.443496199875, 338.092006918641], [2047.0191863381026, 449.96285283200484], [1889.556503800125, 395.907993081359]], '하', 0.9337231547633884), ([[1678.9187615789879, 2135.023392474619], [1964.1633580712435, 2205.594743870401], [1905.0812384210121, 2415.976607525381], [1619.8366419287565, 2345.405256129599]], '유', 0.027606264419228532)]
[([[110, 1049], [269, 1049], [269, 1104], [110, 1104]], '젠라<~ :', 0.0008473383310582715), ([[110, 1104], [783, 1104], [783, 1214], [110, 1214]], '교단내의 확인되지', 0.6923801297365736), ([[811, 1108], [1171, 1108], [1171, 1207], [811, 1207]], '않은 구획', 0.603475316133131)]
[([[728, 435], [1074, 435], [1074, 681], [728, 681]], '대꽤', 0.007120360059277165), ([[1736, 364], [1928, 364], [1928, 594], [1736, 594]], '인', 0.2824276708574338), ([[1835, 630], [2282, 630], [2282, 846], [1835, 846]], '꽤약 -', 0.21042712032794952), ([[452, 2099], [2594, 2099], [2594, 2208], [452, 2208]], '모유가 분비되기 시작하면 축수는 원활한 성장황 위해서 강제적으로', 0.2952665403771276), ([[370, 2185], [1074, 2185], [1074, 2287], [370, 2287]], '착유하는 경우도 있다', 0.9020526111440457), ([[1101, 2186], [2678, 2186], [2678, 2289], [1101, 2289]], '이 경우 (오필리아 고주남이 매우 적성이 좋은것도', 0.14348189258384184), ([[896, 2269], [2152, 2269], [2152, 2366], [896, 2366]], '있젯지만 축수의 취향이 그 쪽인듯하다.', 0.3061319931102934)]
[([[715, 314], [808, 314], [808, 374], [715, 374]], '하아', 0.9873576482623391), ([[1904, 402], [2017, 402], [2017, 470], [1904, 470]], '기아', 0.8500036879374167), ([[709, 479], [1039, 479], [1039, 725], [709, 725]], '문제', 0.16714699531848629), ([[2049, 1258], [2381, 1258], [2381, 1518], [2049, 1518]], '표월', 0.023001012861699352), ([[1189, 1824], [1380, 1824], [1380, 1923], [1189, 1923]], '[하악', 0.42888549918826757), ([[1419, 1827], [1577, 1827], [1577, 1919], [1419, 1919]], "'하악_", 0.5358126685174908), ([[42, 1989], [2818, 1989], [2818, 2091], [42, 2091]], '한바탕 고해성사가 끝나고나면 (정신이 흔미해저 다음 꼬미까지 모든 근육이 풀리게되다.', 0.41538623939335795), ([[626, 2154], [2144, 2154], [2144, 2256], [626, 2256]], '그렇게 되면 축수의 종임먹이가 된다는 뜻인데:', 0.13018712141070224)]
[]
[([[39, 220], [1124, 220], [1124, 322], [39, 322]], '@당신이 새로오신 신도 분이시문요]', 0.3536815391236044), ([[1063, 2143], [1758, 2143], [1758, 2240], [1063, 2240]], '5앗; 네년! 어떤 종류의', 0.19641777163600943), ([[1081, 2230], [2147, 2230], [2147, 2328], [1081, 2328]], '사람이라되받아주신다고 들어서;', 0.5178281756665294)]
[([[1159, 347], [1925, 347], [1925, 444], [1159, 444]], "'그렇답니대 같이 학문올", 0.18016602197697018), ([[1181, 436], [2189, 436], [2189, 529], [1181, 529]], '{구하실 분이사라면 누무라도끓', 0.04892613150013881), ([[81, 1953], [829, 1953], [829, 2052], [81, 2052]], "'그렇문요{ 다행이다줍", 0.07653538246828505), ([[72, 2046], [836, 2046], [836, 2156], [72, 2156]], '(와아 듣자대로 미인-)] ', 0.1130581280128603)]
[([[407, 143], [920, 143], [920, 232], [407, 232]], '저렇게 이쁨데 !', 0.2109851130378213), ([[399, 228], [1463, 228], [1463, 325], [399, 325]], '소  소문이 맞다면 분명 신로들이량', 0.2697998625780088), ([[113, 1296], [768, 1296], [768, 1398], [113, 1398]], '저 젖가슴에타가 자지', 0.84176387143125), ([[97, 1379], [700, 1379], [700, 1475], [97, 1475]], '비비면서 . 한아 씨사', 0.30690450308974254), ([[1344, 1824], [1420, 1824], [1420, 1861], [1344, 1861]], "05'", 0.05266484257943609), ([[1393, 1771], [2116, 1771], [2116, 1869], [1393, 1869]], '한씨 존나 따먹고심네.', 0.22063610443396575)]
[([[34, 1038], [1038, 1038], [1038, 1139], [34, 1139]], '말올9 외분종임 향기가 나시트완', 0.019564532273545647)]
[([[16, 307], [1092, 307], [1092, 408], [16, 408]], '@ @으로 야합 생생울@문요', 0.03700295665125664), ([[1428, 1845], [2080, 1845], [2080, 1946], [1428, 1946]], '어느; 네? 9 무슨)', 0.008568110578873965)]
[([[3, 376], [1238, 376], [1238, 476], [3, 476]], '폐@들이 야합 {클 질 @드답니다', 0.08534020692972263), ([[14, 464], [100, 464], [100, 543], [14, 543]], '@', 0.9528453866880824), ([[174, 457], [1169, 457], [1169, 555], [174, 555]], '않렉 방금냄시극 처녁 @있어요)', 0.004283216194492462), ([[1091, 1768], [2002, 1768], [2002, 1861], [1091, 1861]], '넷제 패업슬이 )선올 신자피닷}', 0.0015397643915123745), ([[932, 1845], [2119, 1845], [2119, 1943], [932, 1943]], '@씬 업어물 망렬합 내음이 나려로오', 0.006450951284144251), ([[1058, 1922], [1953, 1922], [1953, 2022], [1058, 2022]], '정말} 둘제물-능한 변태문요] ', 0.04941483107647075), ([[578, 2147], [629, 2147], [629, 2204], [578, 2204]], '5', 0.4484706628750388)]
[([[231, 457], [1021, 457], [1021, 549], [231, 549]], '믿제 무슨; 0 모 ,스트', 0.09791633779858348), ([[1137, 2153], [2078, 2153], [2078, 2255], [1137, 2255]], '%0 @ 너무 흥분해버려균요', 0.12655950996132884), ([[1442, 2281], [1836, 2281], [1836, 2369], [1442, 2369]], '@래서야 원', 0.8465459091150929), ([[35.047925508658295, 449.050499781388], [228.8321606889837, 484.2699891433949], [210.9520744913417, 560.949500218612], [17.167839311016323, 525.7300108566051]], '@리:형형', 0.0006455461564222317), ([[2061.9909908090053, 2211.1747742652155], [2122.89542098331, 2219.214801089272], [2119.0090091909947, 2244.8252257347845], [2058.10457901669, 2236.785198910728]], '00)', 0.02876253848739349), ([[751.1108831167008, 2555.015815579294], [945.9814150591325, 2605.7302156636006], [870.8891168832992, 2885.984184420706], [677.0185849408675, 2836.2697843363994]], '사', 0.41836525171562755)]
[([[1740, 408], [1888, 408], [1888, 590], [1740, 590]], '중', 0.006919118632132071), ([[2334, 1199], [2505, 1199], [2505, 1240], [2334, 1240]], '(레1교 교주', 0.006949927424366881), ([[2331, 1240], [2519, 1240], [2519, 1297], [2331, 1297]], '오필리아', 0.9457158446311951), ([[389, 1457], [849, 1457], [849, 1533], [389, 1533]], '(로터스가 쓰러진', 0.9875815038182177), ([[867, 1456], [1187, 1456], [1187, 1533], [867, 1533]], '그 날로부터', 0.9964645301341895), ([[389, 1522], [1008, 1522], [1008, 1606], [389, 1606]], '2년의 시간이 흘없다 )', 0.37234847116618774)]
[([[64, 365], [1612, 365], [1612, 469], [64, 469]], '@^ @형계터계 @퀴세계심움-해드 나쁘런 없제조', 0.005085322844837595), ([[488, 452], [1125, 452], [1125, 544], [488, 544]], '짜 @음껏 _세임 ] ', 0.009007527457241466), ([[1635, 1165], [1809, 1165], [1809, 1264], [1635, 1264]], '맑$', 0.0007875590048138746), ([[310, 2000], [1226, 2000], [1226, 2102], [310, 2102]], '소문 듣렉@트 @`네팎0', 0.004170630939917423), ([[122, 2078], [1331, 2078], [1331, 2183], [122, 2183]], '재 그럼 ? 물론으로 몹어기도록 한조)', 0.021843609750409762)]
[([[1570, 827], [1818, 827], [1818, 916], [1570, 916]], '정신이', 0.9284861985115205), ([[283, 981], [436, 981], [436, 1073], [283, 1073]], '어라', 0.9480869712298122), ([[501, 981], [776, 981], [776, 1077], [501, 1077]], '갑자기', 0.9987724602685264), ([[219, 1376], [552, 1376], [552, 1468], [219, 1468]], '용통해저.', 0.4581528736403467), ([[1680, 1597], [1953, 1597], [1953, 1690], [1680, 1690]], '어지러원', 0.6504459381103516)]
[([[947, 1219], [1098, 1219], [1098, 1305], [947, 1305]], '여젯', 0.14121322567828254), ([[1081, 1263], [1148, 1263], [1148, 1303], [1081, 1303]], '000', 0.17750934427081586)]
[([[142, 897], [757, 897], [757, 997], [142, 997]], '(훈후 일어나석문요', 0.34908137823833285), ([[103, 983], [758, 983], [758, 1073], [103, 1073]], '틈문부터 저희 교텔의', 0.039263491851338234), ([[36, 1056], [827, 1056], [827, 1153], [36, 1153]], '교리에 대해서 알려드리켓', 0.24269383504616865), ([[280, 1132], [542, 1132], [542, 1232], [280, 1232]], '습내다 )', 0.35108983595358195)]
[([[1654, 792], [1729, 792], [1729, 894], [1654, 894]], '들', 0.9970657923370254), ([[64, 2418], [2033, 2418], [2033, 2521], [64, 2521]], '[저희 @3-교는 본디 위대한 학문올 고찰하고자 시작되없습나다만', 0.08044656677276359), ([[385, 2507], [525, 2507], [525, 2586], [385, 2586]], '이젠', 0.8881090726366722), ([[546, 2504], [1678, 2504], [1678, 2592], [546, 2592]], '사도 로터스님올 위한 전신이 되어 그', 0.9283368053191358), ([[564, 2580], [1456, 2580], [1456, 2671], [564, 2671]], '기세름 이어나가고 있답니다!]', 0.28044060069484783), ([[1607.1165477914012, 785.0489301226111], [1665.8013112329959, 777.5064924517359], [1677.8834522085988, 890.9510698773889], [1620.1986887670041, 899.4935075482641]], '은', 0.3217226073202859), ([[290.2989525145956, 815.0410963740627], [340.93141639943224, 808.3193635310818], [353.7010474854044, 911.9589036259373], [303.06858360056776, 919.6806364689182]], '들', 0.5914062772729132), ([[243.28940418390624, 816.0361610022811], [296.0006358514388, 808.2919856745876], [310.71059581609376, 927.9638389977189], [257.9993641485612, 935.7080143254124]], '흔', 0.877000680419826)]
[([[274, 548], [409, 548], [409, 641], [274, 641]], '앗%', 0.03471861176757919), ([[1625, 579], [1794, 579], [1794, 658], [1625, 658]], '양-거', 0.3336923299633683), ([[508, 2434], [1654, 2434], [1654, 2524], [508, 2524]], '{저희 여체름 위대한 그분께 바치심사:', 0.2631926560163799), ([[426, 2512], [1785, 2512], [1785, 2604], [426, 2604]], '교단내의 여신도에서 주교인 저에 이르기까지', 0.9075460401036859), ([[320, 2663], [1849, 2663], [1849, 2764], [320, 2764]], '모든 암컷듯은 원하실때 사용해주서도 괜찮습니다 ]', 0.6853079922291098)]
[([[260, 150], [1777, 150], [1777, 253], [260, 253]], '[죽음마저 욕보이늄-헤안으로-영원을 등에 업고서]', 0.07349611878020126), ([[1505, 715], [1652, 715], [1652, 831], [1505, 831]], '요절', 0.1666385209634732), ([[348, 2412], [1274, 2412], [1274, 2509], [348, 2509]], '[그리하여 그분의 축복에 닿아', 0.513071128029293), ([[1334, 2418], [1822, 2418], [1822, 2506], [1334, 2506]], '저희논 아라트틀', 0.15435318935787684), ([[589, 2495], [1550, 2495], [1550, 2585], [589, 2585]], '삼키는 통지로 거듭날 것입니다.', 0.5800201304922319), ([[485, 2650], [1615, 2650], [1615, 2743], [485, 2743]], '부디 마음껏 사용해주시기 바람니다  .]', 0.6001792399425533), ([[159.0, 833.0], [355.9606477043136, 736.722447366819], [403.0, 833.0], [206.03935229568637, 930.277552633181]], '표절|', 0.5738504870214355)]
[([[976, 1095], [1351, 1095], [1351, 1182], [976, 1182]], '이리 오세요', 0.9400877552856058), ([[429, 1176], [695, 1176], [695, 1260], [429, 1260]], '아라드틀', 0.5574924170889968), ([[716, 1170], [1685, 1170], [1685, 1266], [716, 1266]], '저희의 자손들로 뒤덤는 겁니다_', 0.33524621421667095), ([[837.9722839463795, 1086.058870333502], [971.5630006669898, 1114.229617431268], [953.0277160536205, 1190.941129666498], [818.4369993330102, 1163.770382568732]], '의자;', 0.027715238810192635)]
[([[29, 308], [142, 308], [142, 400], [29, 400]], '@^', 0.03041387943999673), ([[172, 307], [561, 307], [561, 406], [172, 406]], '알켓습내트 )', 0.06270549221167357), ([[1640, 855], [1793, 855], [1793, 957], [1640, 957]], '직옛}', 0.08119909048775618), ([[1529, 1579], [1975, 1579], [1975, 1989], [1529, 1989]], "썩'", 0.23491855792670352), ([[19.390033929338376, 1575.058753231312], [393.71080441872124, 1389.643865975463], [595.6099660706616, 1912.941246768688], [221.28919558127876, 2098.356134024537]], '팀', 0.9643193043537082)]
[([[69, 187], [784, 187], [784, 289], [69, 289]], '5?,3?*? 가 갑자기?]', 0.21886984062867534), ([[97, 833], [608, 833], [608, 1254], [97, 1254]], '?', 0.6447433871186128), ([[761, 2041], [1957, 2041], [1957, 2146], [761, 2146]], '@` @금전넷 = 음롭스농고서?.', 0.0028188653817116972)]
[([[2334, 1200], [2505, 1200], [2505, 1238], [2334, 1238]], '(잘내교 교주', 0.005301359737221056), ([[2331, 1240], [2519, 1240], [2519, 1297], [2331, 1297]], '오필리아', 0.9289567470550537), ([[373, 1362], [1433, 1362], [1433, 1446], [373, 1446]], '(최근 교단내에 불온한 움직임이 있다는', 0.9026925671195628), ([[1452, 1366], [1576, 1366], [1576, 1441], [1452, 1441]], '것은', 0.9891952263092691), ([[383, 1436], [764, 1436], [764, 1513], [383, 1513]], '알고 있없지만', 0.8357048682110069), ([[381, 1573], [759, 1573], [759, 1650], [381, 1650]], '설마 교단내에', 0.8592533581548091), ([[779, 1573], [1988, 1573], [1988, 1653], [779, 1653]], '떡하니 이런 장소홀 마련해둘 줄은 몰랍네요 )', 0.2795078766789028)]
[([[324, 292], [357, 292], [357, 341], [324, 341]], '거', 0.009019566063696305), ([[210, 304], [336, 304], [336, 381], [210, 381]], "쇠  '", 0.27177608013153076), ([[1862, 465], [1911, 465], [1911, 507], [1862, 507]], '~', 0.4356285165685314), ([[519, 1250], [590, 1250], [590, 1292], [519, 1292]], '##', 0.098942876404018), ([[1635.9733597974953, 344.0376932459353], [1891.6306283479491, 392.80532148094943], [1863.0266402025047, 507.9623067540647], [1608.3693716520509, 459.19467851905057]], '굉장해에', 0.9951111674308777)]
[([[229, 242], [542, 242], [542, 410], [229, 410]], '움질4모', 0.09642133861780167), ([[1534, 1306], [1852, 1306], [1852, 1474], [1534, 1474]], '울질심', 0.10524636727112464), ([[1574.0320790335697, 763.029304053901], [1766.6050127835774, 834.4667895584353], [1716.9679209664303, 959.970695946099], [1523.3949872164226, 889.5332104415647]], "'하아", 0.24727669297819577), ([[324.13639587176, 890.0233236275599], [503.9168879070264, 985.3712951909089], [436.86360412824, 1106.9766763724401], [257.0831120929736, 1010.6287048090911]], '하하', 0.3141464161213057)]
[([[474, 1191], [1696, 1191], [1696, 1283], [474, 1283]], '신입 신자에게 호되게 당해버린 교주님은', 0.40816445264148105), ([[152, 1347], [529, 1347], [529, 1435], [152, 1435]], '이후 20여번', 0.9994169992560895), ([[553, 1356], [621, 1356], [621, 1431], [553, 1431]], '더', 0.9991083941337742), ([[644, 1344], [2020, 1344], [2020, 1440], [644, 1440]], '가버렬때까지 아무런 저항도 하지 못햇습니다', 0.44487852610564155)]
[([[894, 300], [1018, 300], [1018, 378], [894, 378]], '확 표', 0.049478528374241514), ([[227, 523], [568, 523], [568, 634], [227, 634]], '멋_저가', 0.22962483763694763), ([[1635, 636], [1759, 636], [1759, 727], [1635, 727]], '학 표', 0.027478515255149008), ([[330, 769], [463, 769], [463, 862], [330, 862]], '학%', 0.02801409993829816), ([[1518, 1421], [1795, 1421], [1795, 1510], [1518, 1510]], '패찮아외', 0.23051296174526215), ([[1824, 1421], [2065, 1421], [2065, 1510], [1824, 1510]], '전 정말', 0.8098344879253218), ([[1389, 1517], [2123, 1517], [2123, 1614], [1389, 1614]], '잘요기문요 개뻐없어요]', 0.015255875156542031), ([[312, 2033], [607, 2033], [607, 2124], [312, 2124]], '제류요-)', 0.4763458104325868), ([[1379.9194081923158, 1409.0585553693054], [1517.4522835727607, 1437.7359020755935], [1497.0805918076842, 1520.9414446306946], [1359.5477164272393, 1492.2640979244065]], '@@`', 0.028076895605546152), ([[176.00496280979002, 2013.0496280979], [315.5447997803503, 2048.0172500686404], [290.99503719021, 2132.9503719021], [152.4552002196497, 2098.9827499313596]], '떼', 0.9487698906038453)]
[([[173, 360], [229, 360], [229, 413], [173, 413]], '[', 0.6207116961886392), ([[278, 357], [655, 357], [655, 448], [278, 448]], '내일  화외]', 0.07336151255908827), ([[1627, 534], [1704, 534], [1704, 624], [1627, 624]], '곳', 0.9089642026825437), ([[1204, 2035], [2106, 2035], [2106, 2136], [1204, 2136]], '(@ 여집 오길 짙한거 같다)', 0.0960256708572716), ([[1581.831587524326, 1955.0684939567711], [1744.4688158872045, 1977.784175736421], [1729.168412475674, 2059.9315060432286], [1566.5311841127955, 2038.215824263579]], '떠년)', 0.026454932018995552)]
[([[228.4217371477885, 242.12652114433655], [396.9873952387517, 174.8462382079447], [426.57826285221154, 250.87347885566345], [257.0126047612483, 318.1537617920553]], '지국이', 0.2937800908677644)]
[([[451, 128], [1190, 128], [1190, 238], [451, 238]], '[신도 여러분 보십심지오', 0.3065021553782639), ([[64, 215], [991, 215], [991, 316], [64, 316]], '저희의 신끼서 우화의 순간이', 0.6287966045803247), ([[1010, 214], [1589, 214], [1589, 322], [1010, 322]], '미지 않앗습니다 ]', 0.4586595670269309), ([[843, 1811], [1531, 1811], [1531, 1911], [843, 1911]], '{그렇다 오필리아여6', 0.12232602396873452), ([[1582, 1812], [2108, 1812], [2108, 1913], [1582, 1913]], "'너의 공이 크다]", 0.5927042711956937)]
[([[88, 138], [1695, 138], [1695, 247], [88, 247]], "7너에제 명령이 아난 '부탁_ 하고심은 젓이 있구나]", 0.17994246077371454), ([[1287, 942], [1896, 942], [1896, 1051], [1287, 1051]], '[투없이든 기꺼이]', 0.062161851698172836)]
[]
[]
[([[151, 369], [899, 369], [899, 449], [151, 449]], '본 장소의 건조 양식은 분명', 0.5986321878131643), ([[921, 372], [1297, 372], [1297, 449], [921, 449]], '교단의 그것올', 0.8433541917901958), ([[1319, 372], [1752, 372], [1752, 451], [1319, 451]], '따르고 있없지만', 0.6339044825350749), ([[148, 436], [1418, 436], [1418, 523], [148, 523]], '섬겨지고 있는 대상이 다르게 양각 되어 있없다.', 0.3924460464631427), ([[151, 581], [489, 581], [489, 654], [151, 654]], "'사도 로터스'", 0.6642380043523837), ([[147, 648], [327, 648], [327, 726], [147, 726]], '이곳의', 0.9984246126523817), ([[347, 648], [838, 648], [838, 726], [347, 726]], '악몽으로 기억되논', 0.6442764836157098), ([[861, 654], [983, 654], [983, 722], [861, 722]], '바로', 0.9999833098887841), ([[998, 645], [1874, 645], [1874, 729], [998, 729]], '그 괴물이 벽면에 새겨저 있있다.', 0.5001718383602962), ([[149, 718], [640, 718], [640, 795], [149, 795]], '정신지배의 영향인', 0.9985626805814068), ([[660, 720], [820, 720], [820, 793], [660, 793]], '걸까?', 0.992054413012559), ([[147, 858], [384, 858], [384, 935], [147, 935]], '이제와서', 0.8509833812713623), ([[417, 858], [604, 858], [604, 933], [417, 933]], '#분..', 0.19674769043922424), ([[630, 855], [1171, 855], [1171, 935], [630, 935]], '그 녀석 올 섬긴다니', 0.6864506044173863), ([[1191, 855], [1830, 855], [1830, 935], [1191, 935]], '말도 안되논 이야기이다', 0.6615038553227928)]
[([[235, 103], [773, 103], [773, 199], [235, 199]], '[그곳온 입의 내부', 0.1730470546089517), ([[202, 179], [697, 179], [697, 272], [202, 272]], '즉 예 }이다)', 0.05008684271726755), ([[1347, 1435], [2681, 1435], [2681, 1537], [1347, 1537]], '@오즈리이여 대처 예]} 입신 시리 어관이다.)', 0.0013288504389715693), ([[1348, 1582], [2811, 1582], [2811, 1682], [1348, 1682]], '옆 신문이 아님 너인 짓국에 식신[ 젓이다', 0.0023404218395534633), ([[1312, 1732], [1666, 1732], [1666, 1828], [1312, 1828]], '오리아여', 0.48772564842531424)]
[([[520, 398], [573, 398], [573, 460], [520, 460]], '[', 0.9096055498170053), ([[556, 394], [1118, 394], [1118, 526], [556, 526]], "'물론입니다.", 0.3245356349101559), ([[1153, 395], [1573, 395], [1573, 523], [1153, 523]], '로터스님', 0.729802668094635), ([[1624, 460], [1703, 460], [1703, 520], [1624, 520]], '@', 0.25664563592323475), ([[565, 621], [759, 621], [759, 701], [565, 701]], '이것은', 0.9990477221114248), ([[811, 617], [1006, 617], [1006, 703], [811, 703]], '[사랑]', 0.13321788609027863), ([[1025, 616], [1406, 616], [1406, 703], [1025, 703]], '에 의한 결실', 0.9748416602412847), ([[567, 698], [755, 698], [755, 771], [567, 771]], '신으로', 0.998835081444797), ([[778, 692], [2151, 692], [2151, 778], [778, 778]], '모선년 분의 씨앗을 이 몸에 받아들이는 것 만큼', 0.21352113229652506), ([[567, 768], [876, 768], [876, 849], [567, 849]], '영광스러운', 0.9558329620048798), ([[897, 764], [1377, 764], [1377, 848], [897, 848]], '일은 없올젓이다.', 0.3143220858799064), ([[567, 914], [1029, 914], [1029, 993], [567, 993]], '만들어지논 것은', 0.750977029630912), ([[1050, 911], [1996, 911], [1996, 999], [1050, 999]], '테타클일까 아니면 인간일까 혹은', 0.6768407167151953), ([[566, 985], [2425, 985], [2425, 1071], [566, 1071]], '다른 무언가일까? 그런것은 지금의 오필리아에컨 중요하지 않앉다', 0.39069064976818585), ([[566, 1133], [1208, 1133], [1208, 1217], [566, 1217]], '원하논컷은 로터스님의', 0.3386962174804234), ([[1228, 1132], [1669, 1132], [1669, 1217], [1228, 1217]], '깊고 굵은 축수', 0.7898735000139189), ([[563, 1204], [1237, 1204], [1237, 1291], [563, 1291]], '사랑으로 자신올 폐뚫어', 0.48082300480721885), ([[1260, 1211], [1567, 1211], [1567, 1290], [1260, 1290]], '백탁액으로', 0.7231462998225132), ([[563, 1281], [1407, 1281], [1407, 1362], [563, 1362]], '지궁올 물들여 주능것 뿐이다.', 0.31281502885675777)]
[([[743, 338], [827, 338], [827, 411], [743, 411]], '스얼', 0.18235139505409964), ([[1657, 818], [1737, 818], [1737, 878], [1657, 878]], '썰', 0.05944302449822558), ([[74, 1697], [247, 1697], [247, 1784], [74, 1784]], '[그래]', 0.28170087933540344), ([[314, 1700], [724, 1700], [724, 1786], [314, 1786]], '이제 우리에계', 0.38029958475580217), ([[85, 1776], [813, 1776], [813, 1868], [85, 1868]], '말은 필요없다. 받아다오]', 0.28217944518104093)]
[([[370.0302681228891, 138.02352333151526], [612.4741104548319, 225.44379302566196], [549.9697318771109, 383.97647666848474], [308.52588954516807, 296.556206974338]], '하하', 0.21459001506753186), ([[1794.0159715501454, 1413.0242224679519], [2039.2, 1490.4], [1981.9840284498546, 1655.9757775320481], [1736.8, 1578.6]], '하', 0.974626373825064)]
[([[538, 606], [696, 606], [696, 685], [538, 685]], '찌핏 차', 0.019824326605059058), ([[795, 557], [833, 557], [833, 599], [795, 599]], '1', 0.04604907834022143), ([[2080, 185], [2728, 185], [2728, 743], [2080, 743]], '표육', 0.22951832291396507), ([[409, 817], [438, 817], [438, 848], [409, 848]], '9', 0.9999763966999495), ([[660.2369749806952, 319.43462244015507], [845.7549607320996, 290.4326611639168], [852.7630250193048, 367.56537755984493], [667.2450392679004, 395.5673388360832]], '찌길 !', 0.023872081020602873)]
[([[1628, 65], [2101, 65], [2101, 265], [1628, 265]], '긋페켓', 0.0007336008900190938), ([[1819, 1639], [2125, 1639], [2125, 1831], [1819, 1831]], "'제", 0.007923408707696892), ([[265.8153489626229, 935.1196755598686], [688.8792462550915, 895.0371570721229], [691.1846510373771, 1065.8803244401315], [268.1207537449085, 1105.962842927877]], '셋발 ;', 0.006180845372721831)]
[]
[([[318, 172], [741, 172], [741, 481], [318, 481]], '열론', 0.022410758124720143), ([[2130, 310], [2559, 310], [2559, 639], [2130, 639]], '물륭', 0.018467575159876327), ([[608, 1649], [661, 1649], [661, 1702], [608, 1702]], '7', 0.0033703746344926483), ([[1573, 1705], [1967, 1705], [1967, 2008], [1573, 2008]], '꿀럽', 0.08704974627042104), ([[455.4550670072036, 635.3292546273735], [633.245133526438, 606.3415750308759], [641.5449329927965, 692.6707453726265], [463.75486647356195, 722.6584249691241]], '웨에', 0.9640315608646075)]
[]
[([[1704, 1192], [1780, 1192], [1780, 1306], [1704, 1306]], '엉', 0.12345899679001437), ([[1263, 1395], [1373, 1395], [1373, 1503], [1263, 1503]], '치', 0.9116591074115696)]
