2485629
8
[([[675, 127], [755, 127], [755, 163], [675, 163]], '씹덕군', 0.957003889923112), ([[669, 167], [761, 167], [761, 199], [669, 199]], '아다지?', 0.9980278611183167), ([[40, 282], [96, 282], [96, 312], [40, 312]], '내가', 0.999826106531766), ([[15, 319], [117, 319], [117, 355], [15, 355]], '받아가도', 0.9989816546440125), ([[32, 362], [100, 362], [100, 394], [32, 394]], '훨까?', 0.25963113972337243)]
[([[600, 58], [664, 58], [664, 84], [600, 84]], '빠지지', 0.9996643455093459), ([[557, 85], [665, 85], [665, 125], [557, 125]], '0" 않도록', 0.15770506284230382), ([[568, 120], [592, 120], [592, 148], [568, 148]], '수', 0.07983122249664021), ([[606, 114], [656, 114], [656, 140], [606, 140]], '좀 더', 0.926779247383498), ([[600, 142], [666, 142], [666, 170], [600, 170]], '조금씩', 0.9534218311309814), ([[592, 170], [674, 170], [674, 198], [592, 198]], '움직여화', 0.9941374659538269), ([[572, 200], [616, 200], [616, 230], [572, 230]], '그래', 0.9999886203698664), ([[554, 228], [638, 228], [638, 258], [554, 258]], '그런 느낌', 0.9997515967555528), ([[34, 274], [94, 274], [94, 302], [34, 302]], '그대로', 0.999992910975279), ([[26, 302], [102, 302], [102, 328], [26, 328]], '질싸해도', 0.9080458879470825), ([[42, 330], [88, 330], [88, 358], [42, 358]], '괜찮', 0.9273916295162437), ([[24, 358], [92, 358], [92, 384], [24, 384]], '으니까', 0.8677285366336884), ([[578, 344], [626, 344], [626, 394], [578, 394]], '(앞', 0.2388852403046667), ([[12, 458], [36, 458], [36, 500], [12, 500]], '옷', 0.2672339247571962)]
[([[47, 52], [114, 52], [114, 205], [47, 205]], '용', 0.6260781509230675), ([[626, 244], [674, 244], [674, 328], [626, 328]], '올', 0.3980462738809507), ([[412, 606], [462, 606], [462, 749], [412, 749]], '@', 0.011527303433177316), ([[598.4145714558118, 220.02862884928012], [650.4821143686918, 228.1138072568358], [633.5854285441882, 333.9713711507199], [581.5178856313082, 324.8861927431642]], '후', 0.15564143291033705)]
[([[626, 22], [660, 22], [660, 48], [626, 48]], '에', 0.999595444595812), ([[625, 49], [663, 49], [663, 129], [625, 129]], '햇', 0.2612977241489176), ([[560, 128], [636, 128], [636, 156], [560, 156]], '씹덕군의', 0.9006582498550415), ([[568, 156], [626, 156], [626, 184], [568, 184]], '처음들', 0.8005520240188034), ([[578, 184], [618, 184], [618, 210], [578, 210]], '받아', 0.9995477942681864), ([[560, 212], [632, 212], [632, 238], [560, 238]], '버로네어', 0.04235488176345825), ([[130, 280], [156, 280], [156, 306], [130, 306]], '더', 0.9994591014066287), ([[94, 312], [154, 312], [154, 344], [94, 344]], '할래?', 0.792780911143315), ([[67, 601], [109, 601], [109, 745], [67, 745]], '꽃', 0.6271635409869738), ([[69, 743], [109, 743], [109, 821], [69, 821]], '핵', 0.04758956109904844)]
[([[179, 43], [215, 43], [215, 89], [179, 89]], '딩', 0.2744162245783208), ([[124, 98], [198, 98], [198, 146], [124, 146]], '당냉', 0.33208475802259174), ([[196, 86], [227, 86], [227, 153], [196, 153]], '통', 0.9779108435078001), ([[89, 131], [127, 131], [127, 173], [89, 173]], '냉', 0.15660906445111866), ([[138, 154], [210, 154], [210, 210], [138, 210]], '동 동', 0.5176546573638916), ([[108, 192], [136, 192], [136, 238], [108, 238]], '동', 0.9994089285003191), ([[533.1033793898918, 919.6274346577618], [625.5335389406688, 891.6664247756838], [640.8966206101082, 954.3725653422382], [548.4664610593312, 982.3335752243162]], '$@안', 0.0013314998292329385)]
[([[620, 116], [706, 116], [706, 148], [620, 148]], '또 나랑', 0.8489057745920813), ([[634, 148], [690, 148], [690, 180], [634, 180]], '하고', 0.9536479904374139), ([[605, 181], [723, 181], [723, 217], [605, 217]], '싶어젊어?', 0.43010893989921056), ([[39, 389], [125, 389], [125, 425], [39, 425]], '어절 수', 0.764992784797541), ([[43, 429], [121, 429], [121, 465], [43, 465]], '없구냥', 0.9947850704193115), ([[251.3374108435509, 810.0366975919583], [297.4901594366716, 794.0200548726061], [335.6625891564491, 911.9633024080417], [289.5098405633284, 927.9799451273939]], '올', 0.004552421977838117)]
[([[100, 386], [161, 386], [161, 505], [100, 505]], '향', 0.8004555435295657), ([[138.49750647019067, 332.02531405488753], [173.42579800131227, 323.01816338464636], [200.50249352980933, 440.97468594511247], [165.57420199868773, 449.98183661535364]], '향', 0.17788181836388972)]
[([[464, 443], [541, 443], [541, 611], [464, 611]], '8', 0.3823782828727076)]
