2487760
23
[([[72, 276], [240, 276], [240, 308], [72, 308]], '{+-71/느2', 0.16510357445626472), ([[36, 247], [492, 247], [492, 439], [36, 439]], '표오주', 0.0012675136079807882)]
[([[239.2682698535109, 206.1681762529056], [366.1603931936219, 193.5475905039393], [368.7317301464891, 274.8318237470944], [242.8396068063781, 287.45240949606074]], '시', 0.04131356330336544)]
[([[140, 26], [282, 26], [282, 152], [140, 152]], '4터거;', 0.01325170323252678), ([[326, 94], [374, 94], [374, 124], [326, 124]], '으욕', 0.41779711635601097), ([[65, 387], [107, 387], [107, 423], [65, 423]], '컷!', 0.6131244788999056), ([[65, 431], [133, 431], [133, 471], [65, 471]], '좋아', 0.994190123573005), ([[34, 544], [176, 544], [176, 574], [34, 574]], '비장의 스템 {', 0.5265472282395406), ([[412, 550], [456, 550], [456, 578], [412, 578]], "'감동", 0.9998019227950594), ([[286, 562], [332, 562], [332, 588], [286, 588]], '거화', 0.9277200570311375), ([[286, 596], [378, 596], [378, 624], [286, 624]], '내가 하면', 0.9962268043027372), ([[412, 584], [466, 584], [466, 614], [412, 614]], '햇네!', 0.32341786256662824), ([[286, 632], [372, 632], [372, 662], [286, 662]], '된 맺지?', 0.36117759473347255)]
[([[72, 42], [250, 42], [250, 94], [72, 94]], '만취 주의', 0.8449610443482298), ([[408, 138], [470, 138], [470, 162], [408, 162]], '음나름나', 0.8776326775550842), ([[80, 840], [490, 840], [490, 870], [80, 870]], '모처럼 진한 술자리름 가진 탓어 엄청 취한 슈하이', 0.3298509608545977), ([[77, 862], [514, 862], [514, 894], [77, 894]], '간신히 사람 하나 엎는 전통차어 몸올 실고 켜가 중-', 0.2574574103367725)]
[([[349, 27], [393, 27], [393, 45], [349, 45]], '요시로 ,', 0.8586486805457969), ([[399, 29], [469, 29], [469, 45], [399, 45]], '이리 와라', 0.6053468059812586), ([[351, 49], [405, 49], [405, 63], [351, 63]], '이 새끼', 0.30346171944373035), ([[405, 45], [541, 45], [541, 65], [405, 65]], '완전 골아떨어진 거', 0.5343186006628788), ([[348, 62], [510, 62], [510, 86], [348, 86]], '같은더 함 따먹어 볼까?', 0.6175029040284757), ([[74, 842], [336, 842], [336, 868], [74, 868]], '그런더 전통차 물이 열리고 얼다', 0.7222520995832666), ([[342, 842], [446, 842], [446, 868], [342, 868]], '지나지 않어,', 0.975222520211814), ([[74, 866], [344, 866], [344, 896], [74, 896]], '슈히이어거 음란한 시선올 보니는', 0.44123389954373116), ([[351, 869], [405, 869], [405, 887], [351, 887]], '사니가', 0.8890812397003174), ([[406, 862], [504, 862], [504, 895], [406, 895]], '잊엿으니--', 0.2930905861281649)]
[([[327, 9], [357, 9], [357, 29], [327, 29]], '어쪽', 0.5388559048586999), ([[365, 11], [431, 11], [431, 27], [365, 27]], '이 새끼도', 0.615402309335081), ([[71, 19], [250, 19], [250, 52], [71, 52]], '갑작스러운 오렇에', 0.8105172511480886), ([[328, 26], [416, 26], [416, 50], [328, 50]], '느껴나 본더?', 0.9463550686967781), ([[327, 47], [435, 47], [435, 67], [327, 67]], '권타 너 맵어다', 0.3686023811133673), ([[71, 49], [297, 49], [297, 85], [71, 85]], '당황한 수헤이논 그만 ', 0.2559552128858211), ([[325, 67], [429, 67], [429, 87], [325, 87]], '짜는 거 보니까', 0.6578680894897908), ([[193, 103], [297, 103], [297, 123], [193, 123]], '너 , 너희들 지금', 0.8168084115425698), ([[194, 120], [266, 120], [266, 144], [194, 144]], '무 무슨 짓', 0.6820312846255504), ([[193, 141], [269, 141], [269, 161], [193, 161]], '하늘 거야?', 0.5713977021370887), ([[179, 833], [269, 833], [269, 869], [179, 869]], '얼펼결에', 0.1960316151380539), ([[179, 865], [307, 865], [307, 901], [179, 901]], '사정해버리고', 0.9998639736873591), ([[308.46153846153845, 866.3076923076923], [361.2167045658653, 862.6224357556648], [362.53846153846155, 897.6923076923077], [308.7832954341347, 901.3775642443352]], '만다.', 0.6160086327215891)]
[([[329, 7], [361, 7], [361, 27], [329, 27]], '손님', 0.9749136347631566), ([[367, 7], [561, 7], [561, 27], [367, 27]], "여기서 이러시면 프란'' (줄쩍)", 0.20196559586843144), ([[71, 18], [391, 18], [391, 62], [71, 62]], '겨우 숨 둘리는 슈헤이블 출다 하님자', 0.07449911568113168), ([[394, 23], [508, 23], [508, 49], [394, 49]], '제대로 취택나보군', 0.25878345037989664), ([[341, 45], [517, 45], [517, 65], [341, 65]], '타니 진타게 물뼈 도망물데', 0.18039322915864642), ([[71, 55], [283, 55], [283, 91], [71, 91]], '역무원이 발견하고는"', 0.8722923047508475), ([[311, 65], [493, 65], [493, 85], [311, 85]], '나도 좀 배게 도와주야계는 겉?', 0.2532065319852652), ([[447, 201], [479, 201], [479, 217], [447, 217]], '하아', 0.9995824345641119), ([[453, 221], [485, 221], [485, 235], [453, 235]], '하아', 0.9911126417477844)]
[([[75, 25], [313, 25], [313, 61], [75, 61]], '한동안 못맨 쫓물올 가득', 0.2370169002876763), ([[326, 40], [360, 40], [360, 64], [326, 64]], '손님', 0.9875145268589297), ([[365, 45], [443, 45], [443, 63], [365, 63]], '엉덩이가: .', 0.3695056560094866), ([[76, 58], [276, 58], [276, 90], [76, 90]], '퍼부어대기 시작하다.', 0.48742192015390945), ([[349, 61], [405, 61], [405, 81], [349, 81]], '중은더오', 0.2009996622800827), ([[409, 65], [447, 65], [447, 79], [409, 79]], '이거', 0.9996113438880223), ([[354, 78], [456, 78], [456, 102], [354, 102]], '만오다 씌니다', 0.19568555426285875), ([[355, 99], [409, 99], [409, 119], [355, 119]], '갑니다!', 0.9669515490531921)]
[([[75, 20], [511, 20], [511, 62], [75, 62]], '정신이 든 슈헤이틀 창 너머로 발견한 청소원.', 0.42280581734478895), ([[77, 55], [481, 55], [481, 93], [77, 93]], '그 또한 성옥올 주체 못 하는 남자영으니  ', 0.27009093606563167), ([[469, 101], [573, 101], [573, 121], [469, 121]], '뭐, 뭐지 저건?', 0.5928757895059912), ([[469, 121], [535, 121], [535, 141], [469, 141]], '네가   잘못', 0.7664303720627759), ([[472, 138], [536, 138], [536, 162], [472, 162]], '본 건가?', 0.9905706665353717), ([[300, 504], [414, 504], [414, 528], [300, 528]], '망할 역무원 녀석:', 0.5266231686554218), ([[300, 524], [408, 524], [408, 548], [300, 548]], '날 풀어주고 가야', 0.8753509381391991), ([[301, 545], [377, 545], [377, 565], [301, 565]], '할 거 아냐:', 0.4542288945853856), ([[301, 565], [373, 565], [373, 581], [301, 581]], '하마 하마:', 0.8708123550511212)]
[([[77, 21], [531, 21], [531, 57], [77, 57]], '통로름 불러 수헤이의 모습올 사진으로 찍은 후,', 0.4567687653676956), ([[79, 50], [549, 50], [549, 92], [79, 92]], '그룹 함께 강간하여 그동안 못준 성옥올 해소한다.', 0.53924975958588), ([[176, 100], [398, 100], [398, 126], [176, 126]], '휴스선 이 새끼 오늘 그냥 걸러로', 0.3758279273875597), ([[178, 120], [413, 120], [413, 144], [178, 144]], '만들어 버리자: 보는 사람도 없잡아', 0.740047856816551), ([[181, 141], [313, 141], [313, 161], [181, 161]], '나 서너 번은 더 할', 0.3794267394032089), ([[334, 140], [382, 140], [382, 164], [334, 164]], '앞거든', 0.14434723609879707), ([[573, 381], [615, 381], [615, 397], [573, 397]], '보지어', 0.9901536099795852), ([[570, 396], [622, 396], [622, 420], [570, 420]], '할 줄은', 0.6377196605884409), ([[586, 416], [632, 416], [632, 440], [586, 440]], '올맞어_', 0.21491526067256927)]
[([[74, 838], [578, 838], [578, 870], [74, 870]], '청소부원 돌어거 끌려간 슈히이가 남기고 간 건 넥타이와 편티', 0.44580677399564483), ([[74, 866], [550, 866], [550, 896], [74, 896]], '그리고 손한 석스로 붙출론 고약한 남서가 진동하는 정억-', 0.1332189951304709)]
[([[80, 28], [530, 28], [530, 58], [80, 58]], '인기 락번드 -0에서 나와 얼마전 슬로활동올 시작한', 0.34644418852037145), ([[82, 58], [138, 58], [138, 86], [82, 86]], '휴지논', 0.5542671590348802), ([[143, 59], [181, 59], [181, 77], [143, 77]], '여느', 0.999347207740556), ([[185, 51], [539, 51], [539, 89], [185, 89]], '때처럼 열잎 퍼포먼스률 보여주고 잇없다.', 0.15337855705796244), ([[138, 144], [266, 144], [266, 168], [138, 168]], '허어~ 편 여러분의', 0.472133133413376), ([[136, 164], [276, 164], [276, 188], [136, 188]], "요청어 힘입어 '름", 0.2054362595138665), ([[136, 182], [220, 182], [220, 206], [136, 206]], '들어갑니다!', 0.5678007522177915), ([[225, 187], [263, 187], [263, 203], [225, 203]], '예아!', 0.8846047501551941), ([[125, 781], [153, 781], [153, 801], [125, 801]], '0*', 0.9959365158809199), ([[77, 839], [133, 839], [133, 859], [77, 859]], '그에계', 0.6145847587562862), ([[136, 836], [444, 836], [444, 868], [136, 868]], '환호하눈 건 대다수가 남성 팬들로서', 0.6391278034239366), ([[75, 859], [469, 859], [469, 899], [75, 899]], '휴지논 계이들, 만인의 올식인 남자이기도 햇다', 0.36284738075829026), ([[176.6717988226486, 671.007698233973], [292.0773720370902, 616.5982915508686], [311.3282011773514, 665.992301766027], [195.92262796290981, 720.4017084491314]], "'좁렉스", 0.29138869047164917), ([[98.11651594585447, 698.8233031891709], [188.5430599663053, 655.1578180460494], [211.88348405414553, 703.1766968108291], [121.45694003369469, 746.8421819539506]], '마습', 0.0015585412702134472), ([[177.4203985176459, 715.5828368870564], [322.62495441271267, 656.1777236258573], [337.57960148235406, 705.4171631129436], [192.37504558728733, 763.8222763741427]], '번소즈>', 0.00841816421598196), ([[141.65739357167092, 774.1259148573367], [221.42151100136945, 746.2290441930284], [228.34260642832908, 769.8740851426633], [149.57848899863055, 798.7709558069716]], '(#하소_#', 0.002841477510005685)]
[([[74, 832], [240, 832], [240, 860], [74, 860]], '워낙 양질의 시?)름', 0.3601917541552298), ([[246, 832], [410, 832], [410, 860], [246, 860]], '슈히이가 무린 탓어,', 0.8233513463830778), ([[72, 858], [394, 858], [394, 888], [72, 888]], '곧 튼튼한 서작이 차가운 바닥 사이어서', 0.6280542406149404), ([[400, 858], [568, 858], [568, 886], [400, 886]], '자라나기 시작하다!?', 0.3866137534039397)]
[([[84, 644], [324, 644], [324, 670], [84, 670]], '마물이 수분가루받이올 받으면', 0.5956144169505222), ([[83, 667], [250, 667], [250, 698], [83, 698]], '검사의 목숨은 그결로', 0.7241384204481535), ([[84, 694], [282, 694], [282, 720], [84, 720]], '머지 않아 큰 열매름 및고', 0.4563560526475665), ([[84, 718], [282, 718], [282, 748], [84, 748]], '그 안에 품고 잎는 씨앗올', 0.20377261170303004), ([[84, 744], [278, 744], [278, 770], [84, 770]], '받을 때까지, 수술에 계속', 0.5784205373789649), ([[84, 768], [290, 768], [290, 798], [84, 798]], '영양을 공급해줄 수 잇도둑', 0.32245782970083076), ([[84, 794], [324, 794], [324, 824], [84, 824]], '마물은 검사의 정액올 훔수한다', 0.5867978974885768), ([[80, 830], [266, 830], [266, 858], [80, 858]], '이때, 희생물에계는 엄청', 0.8234496302136476), ([[78, 853], [266, 853], [266, 883], [78, 883]], '쾌략이 뒤따듣다고 한다!', 0.28270961249326126), ([[250.5430712064641, 668.3775281716354], [310.6429832878967, 664.5806200861296], [311.4569287935359, 691.6224718283646], [251.35701671210333, 696.4193799138704]], '굳이다.', 0.24715052545070648)]
[([[260, 6], [536, 6], [536, 37], [260, 37]], '조상 대대로 내려오는 된구 가면은', 0.4221961715919636), ([[542, 12], [580, 12], [580, 36], [542, 36]], '절대', 0.9999878617292061), ([[260, 36], [630, 36], [630, 62], [260, 62]], '쓰면 안 된다는 할아버지의 유언이 잊엿논다 ', 0.18993406203370675), ([[386, 60], [558, 60], [558, 90], [386, 90]], '선배가 장난 삼아 그결', 0.9233115080337865), ([[565, 63], [631, 63], [631, 81], [565, 81]], '쓰더니: ', 0.6186302736640782), ([[484, 818], [514, 818], [514, 842], [484, 842]], '음음', 0.08276279376119042), ([[521, 821], [575, 821], [575, 839], [521, 839]], '허엉(영', 0.08709582686424255), ([[487, 841], [585, 841], [585, 857], [487, 857]], '더 더시아여오', 0.641259190978107), ([[485, 861], [515, 861], [515, 875], [485, 875]], '(저', 0.9999614779977833), ([[515, 857], [611, 857], [611, 877], [515, 877]], '정신차려오)!', 0.42917001441195957), ([[487, 875], [625, 875], [625, 895], [487, 895]], '더 더아거여 , 너어브', 0.5965088524032893), ([[484, 894], [628, 894], [628, 918], [484, 918]], '(저 , 저라고요 노부)!', 0.7890252586112193)]
[([[213, 89], [431, 89], [431, 173], [213, 173]], ' {한 .', 0.06209075890028158), ([[72, 174], [320, 174], [320, 198], [72, 198]], '숙미{7+-21*7"+)17?', 0.06860585056010374), ([[330, 174], [586, 174], [586, 198], [330, 198]], '순청들이-()하온+논32한0초화.', 0.004161376636685136), ([[71, 195], [179, 195], [179, 215], [71, 215]], '맙균워 0)663"', 0.01841288418876635), ([[187, 191], [362, 191], [362, 217], [187, 217]], '버료0-/ . #<화*내', 0.00023423423796219232), ([[71, 208], [458, 208], [458, 235], [71, 235]], "표#< *316디 숙 #춤3*7 77'술기01디3", 7.021715217548366e-05), ([[73, 229], [213, 229], [213, 249], [73, 249]], '속미미규가 " + ) 주', 0.04138113851515714), ([[226, 228], [524, 228], [524, 252], [226, 252]], '닷@서3,내니소과먼도하":내엄', 1.798408344059716e-05), ([[70, 246], [504, 246], [504, 270], [70, 270]], '*미금##되[-#한소병-1화디요요#0료칙소#한:(*차시', 6.4900266048879794e-06), ([[73, 265], [339, 265], [339, 285], [73, 285]], '스름*{미다- 초주-히#0디710', 0.0014289178152897893), ([[374, 264], [572, 264], [572, 288], [374, 288]], '1 표 +**9+ 국중5.', 0.003923849066238352), ([[87, 283], [533, 283], [533, 303], [87, 303]], '[옷스지0)녁한-"- 그 -내-=디이법물(병. 0흡+55 -7 ', 3.498918950049881e-06), ([[72, 300], [304, 300], [304, 320], [72, 320]], '년##북-지|미|[+07', 1.5588550864147663e-05), ([[70, 316], [366, 316], [366, 340], [70, 340]], "*+'5737)-0(+*신<내*>", 7.82832906838768e-05), ([[71, 337], [335, 337], [335, 357], [71, 357]], ' 스)9지| )+그)+1구메7', 0.0015584850439374263), ([[346, 334], [534, 334], [534, 358], [346, 358]], '27터-훌하(-하소`', 0.0006430921883480944), ([[72, 352], [458, 352], [458, 376], [72, 376]], '&병1{ 습순이스규5 2"3353013신(5스담', 1.5303580703754504e-05), ([[101, 373], [503, 373], [503, 393], [101, 393]], "솜(+'그<신3위요(금%] *|-3소스510 1시)+(4시)넣<답요", 6.205991946244448e-05), ([[70, 388], [276, 388], [276, 412], [70, 412]], '*8<"해-5/*8*어시사', 7.31982425863457e-05), ([[73, 407], [411, 407], [411, 427], [73, 427]], '신+하; 묶소표자모+  초0/1/주)) 크 )1', 0.006546650561346166), ([[73, 461], [294, 461], [294, 481], [73, 481]], '따디다스또산6닦30<++', 0.0004331917757411296), ([[71, 497], [137, 497], [137, 517], [71, 517]], '다퍼출-', 0.048615723848342896), ([[70, 514], [156, 514], [156, 534], [70, 534]], '2011.05.', 0.7969709975709259), ([[165, 515], [197, 515], [197, 535], [165, 535]], '25', 0.9999994099441718), ([[81, 753], [127, 753], [127, 767], [81, 767]], ':[*5', 0.020222894847393036), ([[79, 767], [229, 767], [229, 781], [79, 781]], "]' /올리미신3센라,미미대;마'", 1.1681644348084005e-06), ([[81, 793], [111, 793], [111, 807], [81, 807]], '예_', 0.0518893024104062), ([[79, 805], [207, 805], [207, 819], [79, 819]], '*5053-1;]형하갚형돈 떤명', 5.835261370022206e-06)]
[([[75, 22], [539, 22], [539, 59], [75, 59]], '그런데 갑자기 팬 몇몇이 몰려와 휴지의 바지출 뜯없다.', 0.6450370419456724), ([[74, 56], [576, 56], [576, 86], [74, 86]], '퍼포민스로 상체출 드러년 그룹 보고 참을 수가 없밤면 것"', 0.11144139811702462), ([[167, 161], [235, 161], [235, 179], [167, 179]], '뭐; 뛰야?', 0.5979809472364872), ([[169, 179], [217, 179], [217, 199], [169, 199]], '갑자기', 0.9895449876785278), ([[243, 179], [283, 179], [283, 199], [243, 199]], '이래?', 0.9987240152358906), ([[0, 646], [66, 646], [66, 816], [0, 816]], '0', 0.6045553333827947), ([[162, 840], [234, 840], [234, 864], [162, 864]], '오2, 휴지!', 0.6797553773334561), ([[343, 841], [439, 841], [439, 861], [343, 861]], '한 번만이라도', 0.9299552109643728), ([[163, 863], [213, 863], [213, 881], [163, 881]], '석시해', 0.980368342237249), ([[345, 863], [457, 863], [457, 881], [345, 881]], '중으니까 자지 솜', 0.6950811892194673), ([[163, 883], [231, 883], [231, 901], [163, 901]], '학고   싶어', 0.4776651990246019), ([[342, 874], [474, 874], [474, 902], [342, 902]], '발거 해뒤 , 휴지장!', 0.41856652702789404)]
[([[69, 17], [427, 17], [427, 55], [69, 55]], '팬들의 격한 반응에 당황하 휴지와는 달리,', 0.433339064139005), ([[72, 52], [404, 52], [404, 84], [72, 84]], '공연장의 열기논 한층 치솟기 시작해다.', 0.2506391033437058), ([[195, 149], [243, 149], [243, 169], [195, 169]], '이래선', 0.9977218792649789), ([[171, 169], [261, 169], [261, 189], [171, 189]], '공면올 저대로', 0.6065592553802355), ([[168, 186], [224, 186], [224, 210], [168, 210]], '할 수가', 0.9361496659774862), ([[229, 189], [277, 189], [277, 207], [229, 207]], '없다고.', 0.4789141118526459), ([[75, 831], [475, 831], [475, 869], [75, 869]], '그러더니 곧 팬들은 한 목소리로 그에계 외릎다.', 0.346852089747998), ([[70, 863], [298, 863], [298, 894], [70, 894]], '"자위 퍼포먼스률 보여쥐]"', 0.148965622706357), ([[308, 863], [608, 863], [608, 896], [308, 896]], '\'딸처쥐 제발]" "휴지주님 사랑해요!"', 0.1820201601373775), ([[175.8200063599809, 666.9120101759695], [294.1277258654993, 611.6454760100227], [313.17999364001906, 661.0879898240305], [194.87227413450069, 716.3545239899773]], "'품목쪽`", 0.09069321899279602), ([[175.95787924061963, 707.8283947090533], [328.6923573086605, 650.2607777696611], [345.04212075938034, 701.1716052909467], [191.30764269133948, 759.7392222303389]], '번소저', 0.01564064207548858), ([[97.25304228867309, 694.2759126866019], [189.7197499060822, 652.2921915251147], [210.7469577113269, 700.7240873133981], [118.28025009391781, 742.7078084748853]], '[-', 0.007242431496049084), ([[117.47893962030982, 779.4141973545267], [221.55020451568114, 743.4199819848498], [227.52106037969017, 767.5858026454733], [124.44979548431884, 803.5800180151502]], '어* #소소"', 0.15339250347305158)]
[([[78, 16], [338, 16], [338, 48], [78, 48]], '말도 안 되는 소리다 싶없지만;', 0.6201408076978786), ([[400, 18], [570, 18], [570, 48], [400, 48]], '점점 깨닫고 말있다.', 0.3416436590604204), ([[78, 46], [572, 46], [572, 78], [78, 78]], '자신의 자지가 팬들의 호응에 반응하여 커지고 있다는 것을', 0.7429817640595259), ([[193, 175], [265, 175], [265, 193], [193, 193]], '저길, 이전', 0.9938169724515491), ([[190, 188], [284, 188], [284, 215], [190, 215]], '나도 모르겪다', 0.6743703656424046), ([[122, 780], [154, 780], [154, 804], [122, 804]], '0*', 0.8846269461378692), ([[74, 842], [400, 842], [400, 872], [74, 872]], '격한 퍼포먼스 때문에 가팬티률 입고 온', 0.19310423138000513), ([[464, 842], [506, 842], [506, 872], [464, 872]], '결국', 0.5070798025203739), ([[134, 870], [526, 870], [526, 902], [134, 902]], '팬들 앞에서 본의 아니게 드러내보이고 말맞다.', 0.48565509251292754), ([[339.0220279500418, 13.163881055121184], [397.86074799540245, 21.09660589618871], [393.9779720499582, 47.83611894487882], [335.13925200459755, 40.903394103811294]], '휴지는', 0.38706493899518973), ([[175.6717988226486, 673.007698233973], [297.1080527699843, 616.6269115674361], [317.3282011773514, 667.992301766027], [195.89194723001572, 724.3730884325639]], "'좁목쪽_", 0.020443862092848757), ([[178.5171823341929, 715.5378011352244], [334.69917885107566, 654.2693541945658], [349.4828176658071, 704.4621988647756], [194.30082114892434, 765.7306458054342]], '번소츠부', 0.008626852184534073), ([[96.02977685874006, 702.402977685874], [188.56311378102268, 657.1725555224854], [212.97022314125994, 704.597022314126], [119.43688621897732, 750.8274444775146]], '[-', 0.049485384972303106), ([[141.31671842700024, 774.6583592135001], [222.51283179051583, 749.3611966583592], [229.68328157299976, 772.3416407864999], [148.48716820948417, 797.6388033416408]], '<##-소소센', 0.03449764080269956), ([[403.0220279500418, 837.1638810551212], [461.86074799540245, 845.0966058961887], [457.9779720499582, 871.8361189448788], [399.13925200459755, 864.9033941038113]], '휴지는', 0.4417951731997121), ([[75.07899166023172, 865.1448741467184], [133.85092708340625, 873.0660756106083], [129.92100833976826, 901.8551258532816], [70.14907291659374, 893.9339243893917]], '자지루', 0.5105660157303694)]
[([[79, 19], [117, 19], [117, 39], [79, 39]], '그에', 0.8622131782357187), ([[118, 11], [449, 11], [449, 49], [118, 49]], '일제히 환호하여 응원하는 팬들 때문에', 0.5533320608234982), ([[78, 45], [446, 45], [446, 76], [78, 76]], '휴지논 자포자기 상태에 빠져 버럿고 급기야', 0.47414757907090144), ([[76, 842], [134, 842], [134, 870], [76, 870]], '"팬 여', 0.9928363083312319), ([[142, 842], [202, 842], [202, 870], [142, 870]], '여러분', 0.9998571195976114), ([[208, 842], [364, 842], [364, 870], [208, 870]], '이제 나, 나용니다', 0.4733910321428084), ([[370, 842], [524, 842], [524, 870], [370, 870]], '싸; 씹니다. 싸요"', 0.295944793071172), ([[76, 870], [178, 870], [178, 894], [76, 894]], '거세계 터저', 0.6212621839658699), ([[244, 870], [304, 870], [304, 902], [244, 902]], '정액올', 0.716843067932781), ([[366, 870], [618, 870], [618, 902], [366, 902]], '팬들이 무대로 뛰어올릿다나?', 0.33181208340433666), ([[449.0220279500418, 43.16388105512118], [507.8748632823196, 51.14258463509766], [502.9779720499582, 77.83611894487882], [445.1251367176804, 69.85741536490234]], '그는"', 0.6867979557084352), ([[175.51257083768542, 670.1175991727596], [298.08607585247324, 613.606370051104], [318.4874291623146, 665.8824008272404], [196.91392414752679, 722.393629948896]], "'품렉쪽터", 0.021618824487953943), ([[100.25304228867309, 696.2759126866019], [189.69621552117707, 656.2736916286589], [210.7469577113269, 702.7240873133981], [121.30378447882292, 743.7263083713411]], '[', 0.09700186647144537), ([[178.4203985176459, 714.5828368870564], [326.6185477623604, 654.1699847824328], [342.57960148235406, 704.4171631129436], [194.38145223763962, 763.8300152175672]], '그소저', 0.032286169251748), ([[118.3358994113243, 781.5038491169864], [222.5700372016081, 746.4524507173113], [228.6641005886757, 771.4961508830136], [124.42996279839191, 805.5475492826887]], '어 #소소선', 0.20591996987555727), ([[183.07899166023174, 865.1448741467184], [241.85092708340625, 873.0660756106083], [237.92100833976826, 901.8551258532816], [178.14907291659375, 893.9339243893917]], '나오는', 0.9819911037929387), ([[302.65835921350015, 871.3167184270003], [365.6354517071486, 866.56668415927], [366.34164078649985, 896.6832815729997], [303.3645482928514, 900.43331584073]], '활고자', 0.27634135024092826)]
[([[79, 23], [567, 23], [567, 59], [79, 59]], '흥분한 팬들은 류지에계 자신들의 더러운 쫓물올 싸질럿고', 0.23829468528228512), ([[82, 56], [184, 56], [184, 84], [82, 84]], '그럼 때마다', 0.5994000474434557), ([[248, 56], [488, 56], [488, 86], [248, 86]], '자지로부터 정액올 토해내다', 0.874263521604227), ([[215, 131], [281, 131], [281, 151], [215, 151]], '나; 나오다', 0.22281880409195653), ([[215, 153], [275, 153], [275, 169], [215, 169]], '또 나라"', 0.45074685571568335), ([[100, 650], [162, 650], [162, 674], [100, 674]], '휴지장의', 0.9352699518203735), ([[173, 659], [291, 659], [291, 677], [173, 677]], '이전 공연이라면', 0.7334278242593932), ([[84, 668], [158, 668], [158, 692], [84, 692]], '쫓물 냄새는', 0.2676788918079572), ([[173, 677], [269, 677], [269, 693], [173, 693]], '백만원 이래도', 0.8271323210379891), ([[299, 681], [333, 681], [333, 697], [299, 697]], '아아', 0.9998313324787828), ([[87, 689], [133, 689], [133, 709], [87, 709]], '역시나', 0.9979721253934393), ([[173, 693], [281, 693], [281, 709], [173, 709]], '전혀 만 아깝다', 0.5445494443466727), ([[297, 695], [365, 695], [365, 715], [297, 715]], '휴지사마', 0.9757271500751856), ([[399, 685], [479, 685], [479, 705], [399, 705]], '더럽혀진 몸', 0.2759806962638536), ([[84, 706], [152, 706], [152, 730], [84, 730]], '향곳하군요', 0.6230728720746833), ([[399, 703], [481, 703], [481, 723], [399, 723]], '제 혀로 부디', 0.8899365826983013), ([[198, 718], [298, 718], [298, 742], [198, 742]], '휴지의 자지름', 0.9750124710588102), ([[398, 722], [482, 722], [482, 746], [398, 746]], '함게 해쥐임', 0.31119511413596973), ([[85, 735], [141, 735], [141, 773], [85, 773]], '팔연-', 0.08671403703137325), ([[118, 727], [203, 727], [203, 777], [118, 777]], '같종입물:', 0.04859717814640662), ([[199, 739], [307, 739], [307, 759], [199, 759]], '라이브로 보다니', 0.9251446441426578), ([[324, 748], [352, 748], [352, 776], [324, 776]], '영', 0.6455168466353065), ([[89, 769], [171, 769], [171, 785], [89, 785]], '먹어버리고', 0.9922760916432939), ([[201, 759], [297, 759], [297, 779], [201, 779]], '아, 형복하-0', 0.22150631059651749), ([[324, 768], [350, 768], [350, 796], [324, 796]], '영', 0.9589733153242186), ([[346, 744], [446, 744], [446, 800], [346, 800]], '홀 영흘"', 0.09377822619382374), ([[465, 755], [565, 755], [565, 793], [465, 793]], '아야 장_젓움', 0.004149874975475585), ([[86, 780], [158, 780], [158, 804], [86, 804]], '싶어진다', 0.9779621362686157), ([[467, 789], [559, 789], [559, 807], [467, 807]], "편티논 벗어'", 0.6456308519109465), ([[76, 831], [542, 831], [542, 862], [76, 862]], '한편, 아수라장이 되어버린 공연장 속에서 휴지논 음악 말고도', 0.6233977874886684), ([[78, 858], [496, 858], [496, 886], [78, 886]], '매우 기분 좋은 무언가가 있다는 걸 팬출로부터 배웃다.', 0.390402943425424), ([[76, 882], [516, 882], [516, 910], [76, 910]], '"아아; 연주하는 것보다 훨씬 기분 좋다 . 계속 싸고 싶어 \'', 0.40289953744767315), ([[187.02202795004177, 51.16388105512118], [245.8748632823196, 59.14258463509766], [241.97797204995823, 85.83611894487882], [183.1251367176804, 77.85741536490234]], '휴지논', 0.4546123505035575)]
[([[54, 74], [158, 74], [158, 98], [54, 98]], '또 그 소린가?', 0.607404867801871), ([[208, 78], [260, 78], [260, 102], [208, 102]], '감독님', 0.9996450752566477), ([[54, 100], [148, 100], [148, 124], [54, 124]], '아니 왜 실신', 0.9991297020134478), ([[211, 111], [245, 111], [245, 129], [211, 129]], '죄송', 0.8828934411216415), ([[336, 54], [614, 54], [614, 178], [336, 178]], '판사', 0.021809202760094546), ([[54, 128], [158, 128], [158, 152], [54, 152]], '연기틀 못 해?', 0.7196919038592835), ([[53, 157], [157, 157], [157, 177], [53, 177]], '가장 초보적인', 0.8140280469138753), ([[54, 182], [158, 182], [158, 206], [54, 206]], '연기잡아  응?', 0.2449768934032299), ([[250, 208], [274, 208], [274, 236], [250, 236]], '음', 0.999207415334368), ([[250, 244], [274, 244], [274, 272], [250, 272]], '날', 0.9999257339915211), ([[366, 250], [406, 250], [406, 276], [366, 276]], '내일', 0.9999814554370187), ([[364, 286], [408, 286], [408, 310], [364, 310]], '이군', 0.9999396462463891), ([[552, 278], [604, 278], [604, 310], [552, 310]], '하아', 0.9273324000843199), ([[282, 358], [370, 358], [370, 384], [282, 384]], '연습은 많이', 0.9983367291993931), ([[280, 386], [350, 386], [350, 410], [280, 410]], '해방지만', 0.4926100969314575), ([[280, 412], [356, 412], [356, 436], [280, 436]], '할 때마다', 0.9009252545909177), ([[283, 441], [371, 441], [371, 461], [283, 461]], '어색해서요.', 0.9976308438736854), ([[171, 467], [215, 467], [215, 487], [171, 487]], '대타?', 0.9996260115199138), ([[280, 466], [372, 466], [372, 490], [280, 490]], '대타 쓰시조', 0.7746730256620624), ([[169, 495], [213, 495], [213, 515], [169, 515]], '가만 ', 0.7662084584694066), ([[52, 568], [106, 568], [106, 592], [52, 592]], '옮거니', 0.934345006942749), ([[52, 596], [126, 596], [126, 620], [52, 620]], '그 친구가', 0.68446399023867), ([[52, 622], [112, 622], [112, 646], [52, 646]], '잊없지!', 0.22465094923973083), ([[37, 727], [71, 727], [71, 745], [37, 745]], '오옷?', 0.9978796496280109), ([[35, 751], [75, 751], [75, 769], [35, 769]], '정말요', 0.9999391584923476), ([[486, 818], [568, 818], [568, 844], [486, 844]], '인기 배우', 0.8851222122357473), ([[486, 850], [618, 850], [618, 876], [486, 876]], '사사마 렌지(32)', 0.25912024568615993)]
[([[580, 38], [636, 38], [636, 70], [580, 70]], '레디', 0.46489480778558334), ([[115, 59], [163, 59], [163, 77], [115, 77]], '가까이', 0.9999772187891642), ([[63, 73], [101, 73], [101, 121], [63, 121]], '(저리', 0.24869848203264253), ([[119, 85], [147, 85], [147, 103], [119, 103]], '오면', 0.999900534886418), ([[519, 17], [583, 17], [583, 145], [519, 145]], ';', 0.015784156487559153), ([[581, 81], [641, 81], [641, 117], [581, 117]], '액선드', 0.042409700979999805), ([[115, 109], [159, 109], [159, 129], [115, 129]], '쏟다!!', 0.783520519733429), ([[221, 107], [249, 107], [249, 127], [221, 127]], '마!', 0.9729557762770832), ([[163, 507], [229, 507], [229, 545], [163, 545]], '우옷]다', 0.018986253067851067), ([[568, 455], [652, 455], [652, 826], [568, 826]], '1', 0.14615207424174415)]
