2487227
8
[([[875, 99], [1241, 99], [1241, 163], [875, 163]], '감명확!! + 가명위!', 0.00016358715948974338), ([[873, 163], [1131, 163], [1131, 225], [873, 225]], '위 5너권짐}!!', 9.476806371992885e-05), ([[871, 227], [1331, 227], [1331, 291], [871, 291]], '(시,+;. ,. *9낫+ "아담!)', 8.280261649751127e-05), ([[1001, 499], [1431, 499], [1431, 563], [1001, 563]], '트응.|-하*핸, +^;도 ;도 ;도+', 1.8451520106957973e-05), ([[991, 552], [1541, 552], [1541, 629], [991, 629]], "+<;77꼽맣어* 써^손7 %어0 9애+'", 1.1004446354120668e-06), ([[995, 623], [1478, 623], [1478, 691], [995, 691]], '-라오+신*.웃 이! 하마@,.악!:', 2.3971580989871842e-06), ([[519, 729], [1009, 729], [1009, 793], [519, 793]], '+*가명}!! + 가` - !!', 0.0004828789099026766), ([[520, 794], [768, 794], [768, 844], [520, 844]], '답<가가너}!!!', 6.600941160896979e-05), ([[517, 850], [986, 850], [986, 918], [517, 918]], '(>어산 목,+리; [*아맣애도도)*!', 2.9308828128468917e-05), ([[516, 913], [976, 913], [976, 985], [516, 985]], "*어산'@;도+ 가라`7/ 37", 4.377724027757038e-06), ([[515, 987], [999, 987], [999, 1047], [515, 1047]], '@*~니.5 +기 띄하어명처 커리!!)', 1.7790067236390867e-05)]
[([[875, 99], [1241, 99], [1241, 163], [875, 163]], '화명확! + 가명위!', 0.00014645258599358234), ([[873, 163], [1131, 163], [1131, 225], [873, 225]], '위 5너권짐}!!', 0.00011782334737682678), ([[871, 227], [1331, 227], [1331, 291], [871, 291]], '(시,+;. ,. *9낫+ "아담!)', 7.149952246162209e-05), ([[1001, 499], [1431, 499], [1431, 563], [1001, 563]], '트응.|-하*핸 +^;도 ;도 ;도+', 1.3384393217650306e-05), ([[991, 552], [1541, 552], [1541, 629], [991, 629]], "+<77꼽맣아* 써^라7 %어0 9심+'", 1.3031734002698085e-06), ([[995, 623], [1478, 623], [1478, 691], [995, 691]], '-라오+신,.웃 이! 하마 @,.악!:', 3.2210207447678506e-06), ([[521, 729], [1009, 729], [1009, 793], [521, 793]], '튿너가가명`!! + 가교 - !!', 0.00020592928065773123), ([[520, 794], [768, 794], [768, 844], [520, 844]], '답<가가너}!!!', 9.459520070330674e-05), ([[515, 850], [986, 850], [986, 918], [515, 918]], '(표어산번찌,+리; 명*어.-하기*!', 3.796522193393639e-06), ([[515, 913], [976, 913], [976, 985], [515, 985]], "%어산'*서스도+ 커라`79 37", 1.01674712468295e-05), ([[517, 987], [999, 987], [999, 1047], [517, 1047]], '@*(신.독+어 9하어명처 ,리!)', 2.3458420931986022e-05)]
[([[916, 90], [1230, 90], [1230, 164], [916, 164]], "선징! 3<3'", 0.024687277258336308), ([[943, 155], [1190, 155], [1190, 230], [943, 230]], '5546!', 0.03834624015424175), ([[888, 219], [1351, 219], [1351, 303], [888, 303]], '속학 < #국한+하한 ))', 0.0714071817578869), ([[1020, 491], [1364, 491], [1364, 553], [1020, 553]], '고-주 )내1) )나,', 0.020826534605818448), ([[969, 549], [1519, 549], [1519, 613], [969, 613]], '-츠(금교-##운소+_[중0', 0.0009185384511091449), ([[1017, 609], [1477, 609], [1477, 673], [1017, 673]], '1-80테이#못+5+.}', 0.0016826926034816101), ([[486, 766], [988, 766], [988, 840], [486, 840]], "553! 세/! 한;35'", 0.016888775906353237), ([[470, 832], [1062, 832], [1062, 908], [470, 908]], '(-0쨌#둑보버{+_+_긋훈', 0.0019686984623062216), ([[469, 899], [1032, 899], [1032, 978], [469, 978]], '초니+( -(+(++하))', 0.010973019357840034)]
[([[916, 90], [1230, 90], [1230, 164], [916, 164]], "선징! 3<3'", 0.024846817286681252), ([[943, 155], [1190, 155], [1190, 230], [943, 230]], '566!', 0.05529697984457016), ([[888, 218], [1351, 218], [1351, 303], [888, 303]], '속학 <#꾸술+하7 ))', 0.039832123629512065), ([[1020, 491], [1364, 491], [1364, 553], [1020, 553]], '그-주 )내1) )나,', 0.022636161505805), ([[969, 548], [1519, 548], [1519, 612], [969, 612]], '-슈(껴교-##운소+_} 0', 0.0021921334942762816), ([[1017, 609], [1475, 609], [1475, 673], [1017, 673]], '1-80테#밤+3+}', 0.0024552519615276217), ([[486, 766], [988, 766], [988, 840], [486, 840]], "533! 세징! 한;35'", 0.014520474649237903), ([[470, 832], [1062, 832], [1062, 908], [470, 908]], '(-0쨌#둑보버:+_+-긋훈', 0.0016084286529316444), ([[469, 899], [1030, 899], [1030, 978], [469, 978]], '니+( -(+(++하))', 0.061098354583163754)]
[([[871, 81], [1279, 81], [1279, 149], [871, 149]], '으으음 ! ! 음으음', 0.43392301459857485), ([[871, 153], [1153, 153], [1153, 219], [871, 219]], '우으우우움!', 0.9584599538497962), ([[870, 222], [1328, 222], [1328, 294], [870, 294]], '(당장 이거 풀어요!)', 0.7253511815929419), ([[1021, 487], [1413, 487], [1413, 555], [1021, 555]], '에밀가르트 이건', 0.396713199191401), ([[1019, 556], [1518, 556], [1518, 628], [1019, 628]], '적에게 붙잡윗올 때륙', 0.24082194483047056), ([[1020, 628], [1464, 628], [1464, 700], [1020, 700]], '대비한 훈련이에요', 0.9976735219806965), ([[486, 735], [1010, 735], [1010, 809], [486, 809]], '우우우움! ! 우으응--!!', 0.6698279561222953), ([[491, 811], [737, 811], [737, 877], [491, 877]], '으으음 ! ! !', 0.2687290753036331), ([[488, 878], [1044, 878], [1044, 950], [488, 950]], '(이 변태교사! 그냥 나흘', 0.5798481376024902), ([[492, 950], [1052, 950], [1052, 1022], [492, 1022]], '만지고 싶올 뿐이잖아! !)', 0.5295362566331058)]
[([[870, 81], [1279, 81], [1279, 149], [870, 149]], '으으움 ! ! 음으음', 0.3322399979865456), ([[871, 153], [1153, 153], [1153, 219], [871, 219]], '우으우우움!', 0.9494652484535007), ([[870, 222], [1327, 222], [1327, 294], [870, 294]], '(당장 이거 풀어요!)', 0.7094259455478292), ([[1021, 487], [1413, 487], [1413, 555], [1021, 555]], '에델가르트 이건', 0.26917836556350544), ([[1019, 556], [1518, 556], [1518, 628], [1019, 628]], '적에게 붙잡윗올 때륙', 0.20980871722060707), ([[1020, 628], [1464, 628], [1464, 700], [1020, 700]], '대비한 훈련이에요.', 0.6653243309190732), ([[486, 735], [1010, 735], [1010, 809], [486, 809]], '우우우움! ! 우으응--!!', 0.6990620385768193), ([[491, 811], [737, 811], [737, 877], [491, 877]], '으으음! ! !', 0.40219996053114243), ([[488, 878], [1042, 878], [1042, 950], [488, 950]], '(이 변태교사! 그냥 나흘', 0.5488780411735444), ([[492, 950], [1052, 950], [1052, 1022], [492, 1022]], '만지고 싶올 뿐이잖아! !)', 0.5095632110304916)]
[]
[]
