2487256
16
[([[1454, 113], [2220, 113], [2220, 189], [1454, 189]], "-^+, +^;- 기,. (.-,'+ -칭., +0", 9.816294647553733e-05), ([[1456, 173], [2191, 173], [2191, 258], [1456, 258]], '^라훨@ 악나후} [어|.악7 |,`목마:', 6.335413261324692e-07), ([[650, 308], [1175, 308], [1175, 380], [650, 380]], '어! 요^라+ (어 >] +낫7`', 0.00010774635742118077), ([[643, 373], [1158, 373], [1158, 449], [643, 449]], '>~, (어78! 시,+;. 악.', 0.00017672219800733615), ([[647, 442], [979, 442], [979, 504], [647, 504]], "+^;- ;7-+하7'!", 0.005563540047128502), ([[1477, 1311], [1665, 1311], [1665, 1371], [1477, 1371]], "-훌즌'?", 0.00733236143622731), ([[1663, 1305], [1932, 1305], [1932, 1384], [1663, 1384]], '"기;-! 0,..', 0.0009929396348733594), ([[1476, 1376], [1790, 1376], [1790, 1448], [1476, 1448]], '-^나+^.* 나명:', 0.0011091234736451815)]
[([[1399, 105], [1539, 105], [1539, 173], [1399, 173]], '#7  ,', 0.15598062460511272), ([[1580, 102], [2130, 102], [2130, 176], [1580, 176]], '국시]슬랍#**구#다로', 0.006808658006626008), ([[1398, 174], [1662, 174], [1662, 248], [1398, 248]], '#속 굶 ? ,', 0.03698603693077062), ([[1695, 170], [2078, 170], [2078, 250], [1695, 250]], '#-습:] ;표천되', 0.004237988366533158), ([[732, 452], [1034, 452], [1034, 524], [732, 524]], '[성737국7묵?!', 0.0005367932325889227), ([[1563, 1355], [1641, 1355], [1641, 1423], [1563, 1423]], '[표;', 0.06891570652153099), ([[1680, 1350], [2030, 1350], [2030, 1426], [1680, 1426]], '초조주소3  !', 0.059761630229664166)]
[([[1640, 142], [1780, 142], [1780, 216], [1640, 216]], '#}7 ,', 0.36099321792934946), ([[1819, 139], [2192, 139], [2192, 217], [1819, 217]], '국시],벼-뿐', 0.010505397502981321), ([[1640, 212], [1916, 212], [1916, 286], [1640, 286]], '# 미벼리7 .', 0.05681035356135713), ([[781, 391], [969, 391], [969, 459], [781, 459]], '[:7-7또', 0.0013262783984665165), ([[780, 462], [1088, 462], [1088, 534], [780, 534]], '7성7:성7- !!', 0.009797811575843985), ([[1405, 1346], [2022, 1346], [2022, 1425], [1405, 1425]], '국조릇증차톱,초 3#쇼,', 0.0038800581596546238), ([[1404, 1420], [1698, 1420], [1698, 1494], [1404, 1494]], "'대#* !", 0.10003708227227787)]
[([[675, 373], [813, 373], [813, 439], [675, 439]], '":/저 .', 0.01870952425707757), ([[852, 368], [1050, 368], [1050, 440], [852, 440]], '7국7국술-_', 3.0460721701925604e-05), ([[1560, 1320], [1698, 1320], [1698, 1394], [1560, 1394]], '뜻춧', 0.009784868453841395), ([[1740, 1320], [2056, 1320], [2056, 1394], [1740, 1394]], '{뜻잎_ #출', 0.0026885310394871493)]
[([[1498, 112], [1628, 112], [1628, 188], [1498, 188]], '젠장', 0.11169673336173522), ([[1648, 112], [2140, 112], [2140, 188], [1648, 188]], '이 트레이너는 별로', 0.7048650540187831), ([[1496, 176], [2186, 176], [2186, 254], [1496, 254]], '가지고 있든 포켓이 없군_', 0.33566813547065144), ([[680, 292], [1140, 292], [1140, 368], [680, 368]], '이뤄요! 이게 대체', 0.47563888674730026), ([[678, 360], [1068, 360], [1068, 434], [678, 434]], '무슨 짓이에요!', 0.9639457200891708), ([[680, 424], [1164, 424], [1164, 500], [680, 500]], '빨리 이거 풀어요!!', 0.9642370921822808), ([[1478, 1301], [1846, 1301], [1846, 1380], [1478, 1380]], '어휴 시끄러워_', 0.8453612589869519), ([[1477, 1369], [1950, 1369], [1950, 1446], [1477, 1446]], '저 입을 좀 막아화.', 0.7952454857164403)]
[([[1384, 108], [2120, 108], [2120, 184], [1384, 184]], '우선 그녀가 벗어든면 양말올', 0.15245074091352237), ([[1384, 172], [2082, 172], [2082, 252], [1384, 252]], '대충 입에 수서 넣없습니다.', 0.4508898543804275), ([[765, 455], [1004, 455], [1004, 533], [765, 533]], '우우움! ?', 0.7104523687479632), ([[1532, 1346], [2098, 1346], [2098, 1425], [1532, 1425]], '야야 너무 허술하잡아.', 0.6535526124022261)]
[([[1646, 132], [2154, 132], [2154, 208], [1646, 208]], '수건올 사용해 좀 더', 0.6857655277044832), ([[1646, 198], [2072, 198], [2072, 276], [1646, 276]], '보완해빛습나다.', 0.5479215259371519), ([[734, 420], [1116, 420], [1116, 496], [734, 496]], '우우움! 음음 !', 0.5756307882176221), ([[1353, 1335], [2026, 1335], [2026, 1413], [1353, 1413]], '여전히 표정이 건방지잖아', 0.5733166571792574), ([[1354, 1402], [2130, 1402], [2130, 1478], [1354, 1478]], '좀 더 괴롭게 할 필요가 있깊어', 0.5966740998926406)]
[([[758, 364], [1038, 364], [1038, 438], [758, 438]], '우움.. ! 움', 0.6932785105690976), ([[1556, 1315], [2058, 1315], [2058, 1392], [1556, 1392]], '좋아 이제 완벽하군.', 0.6255493539066023)]
[([[1414, 83], [2110, 83], [2110, 150], [1414, 150]], '요리율지, 버즌 -+나너너.어 룹~마 [아산+}', 3.2792613058412937e-06), ([[1413, 148], [2109, 148], [2109, 211], [1413, 211]], '버;+지`~마 $어<`컨 +^라+ $룹애|.뉴+', 2.7617189981113813e-06), ([[1410, 219], [1522, 219], [1522, 279], [1410, 279]], '0나+.', 0.06432310491800308), ([[767, 459], [1010, 459], [1010, 531], [767, 531]], '5  명낫!?', 0.0024543061089792573), ([[1670, 1326], [2070, 1326], [2070, 1400], [1670, 1400]], "+^하+'$ 마아+ +수용}+", 0.0007805868075460637), ([[1546, 1394], [1771, 1394], [1771, 1472], [1546, 1472]], '@,아나양`:', 0.0037838898050169146), ([[1557.0237203470788, 1323.0684144642591], [1681.7407481379992, 1346.1125905213603], [1667.9762796529212, 1407.9315855357409], [1543.2592518620008, 1384.8874094786397]], '베서7,', 0.0003655888431239873)]
[([[1651, 139], [2145, 139], [2145, 199], [1651, 199]], '요~ *~금아5색칭어 담+^', 6.032746191778764e-06), ([[1649, 213], [1935, 213], [1935, 277], [1649, 277]], '$기값안 마라8$.', 0.00023991811301922662), ([[799, 395], [1032, 395], [1032, 469], [799, 469]], '}** 명`!', 0.0001772150278235875), ([[795, 461], [1082, 461], [1082, 535], [795, 535]], '5가가가명`!!', 0.0008874157385316828), ([[1309, 1354], [2190, 1354], [2190, 1417], [1309, 1417]], "-+ 튜어7'이`. +^목|어어` 기,`~마세령컨~.", 4.892731558185444e-07), ([[1286, 1419], [1837, 1419], [1837, 1481], [1286, 1481]], '물라`~룹~< -나너~마,어5;+:', 8.158178317633055e-07)]
[([[712, 376], [868, 376], [868, 428], [712, 428]], '씨<<', 0.0034556740869994907), ([[910, 365], [1089, 365], [1089, 443], [910, 443]], '명^ ', 0.005229854412713801), ([[1512, 1316], [1952, 1316], [1952, 1390], [1512, 1390]], '[서,애-+, ,-. 3마/', 2.873998994146011e-06), ([[1948.3022506247457, 1327.2090024989827], [2099.2609903369994, 1316.8695048315003], [2100.6977493752543, 1380.7909975010173], [1948.7390096630006, 1392.1304951684997]], '94~+.', 0.07773472451079068)]
[([[1474, 110], [2172, 110], [2172, 184], [1474, 184]], '21<  그 시 "| 8소운 !', 0.03437395595694877), ([[1470, 184], [2222, 184], [2222, 258], [1470, 258]], '1피꼴 굳 > 손}숨? <+(+', 0.005541880966140621), ([[647, 295], [913, 295], [913, 361], [647, 361]], ' ? 난', 0.28001285739289095), ([[956, 290], [1084, 290], [1084, 364], [956, 364]], '{미쇼', 0.03589992907403807), ([[644, 362], [1030, 362], [1030, 434], [644, 434]], '술 5/@부/', 0.0026489390791736983), ([[1074, 364], [1198, 364], [1198, 432], [1074, 432]], '로 <', 0.8280918002128601), ([[637, 432], [1110, 432], [1110, 508], [637, 508]], '#꾸니 < < +단 0)!!', 0.06770158250139391), ([[1499, 1266], [1826, 1266], [1826, 1340], [1499, 1340]], '5 3난-+* @', 0.1028495374092767), ([[1494, 1336], [1918, 1336], [1918, 1410], [1494, 1410]], '3 야 ? 220국', 0.04827515311479389), ([[1489, 1406], [1826, 1406], [1826, 1484], [1489, 1484]], '+: 노 3', 0.022143034858517704)]
[([[1464, 66], [2002, 66], [2002, 142], [1464, 142]], '5  $ 초화".0하번', 0.0020224216264564114), ([[1454, 138], [1944, 138], [1944, 214], [1454, 214]], '스#0#7손 0', 0.03999910471742845), ([[1459, 208], [2032, 208], [2032, 288], [1459, 288]], '4(-5 +초조규 : (+', 0.030724077911653505), ([[749, 463], [1040, 463], [1040, 535], [749, 535]], '5$ > ??', 0.14249007866638463), ([[1495, 1346], [2160, 1346], [2160, 1424], [1495, 1424]], "하0'+0> 송 5화 *+-5.", 0.0020146764653012042)]
[([[1646, 123], [2130, 123], [2130, 199], [1646, 199]], "'9)] 국촌(? <", 0.033143309204170565), ([[1643, 195], [2102, 195], [2102, 272], [1643, 272]], '#? <강7 |+-', 0.07211440037844578), ([[707, 429], [913, 429], [913, 493], [707, 493]], '단 > /!', 0.0473821410796914), ([[971, 431], [1131, 431], [1131, 493], [971, 493]], '소사!!', 0.01748204417526722), ([[1394, 1298], [1874, 1298], [1874, 1372], [1394, 1372]], ':다-소품듯{ #소', 0.0021912655125217693), ([[1402, 1374], [2098, 1374], [2098, 1446], [1402, 1446]], "내디30+#-1' 6간", 0.007573752443809038), ([[1387, 1439], [2024, 1439], [2024, 1518], [1387, 1518]], "국요 (-호 5가-'    >{  ", 0.0015937190412695476)]
[([[679, 370], [949, 370], [949, 438], [679, 438]], '5 > 2:!', 0.18126939738386846), ([[1005, 375], [1071, 375], [1071, 435], [1005, 435]], '스', 0.031207961059953826), ([[1613, 1312], [2008, 1312], [2008, 1390], [1613, 1390]], '다 [ 때격다-+& @', 0.0040064294066263235)]
[([[1458, 152], [1534, 152], [1534, 224], [1458, 224]], '늘,', 0.07084659452781525), ([[1574, 150], [2192, 150], [2192, 226], [1574, 226]], '#끗# #;, ) 스 소리초', 0.0066746988877629905), ([[623, 323], [1173, 323], [1173, 397], [623, 397]], "[치 ! (찌]솟7릇날(-']#", 0.0013647553575801866), ([[626, 396], [1180, 396], [1180, 470], [626, 470]], '구/ 1스73 ! ##규국', 0.11653718498494876), ([[1530, 1304], [1788, 1304], [1788, 1380], [1530, 1380]], '#미록말 ,', 0.03374116566621376), ([[1530, 1378], [1878, 1378], [1878, 1450], [1530, 1450]], '#다규[3] 뼈 !', 0.02247328715471049)]
