2489908
12
[]
[([[50, 44], [328, 44], [328, 98], [50, 98]], '까아아아아악]', 0.4200154505529449), ([[89, 87], [290, 87], [290, 148], [89, 148]], '내 불이생', 0.18125698055011555), ([[631, 133], [887, 133], [887, 177], [631, 177]], '반드시 죽인다템', 0.2385526591597572), ([[561, 171], [956, 171], [956, 220], [561, 220]], '죽여버밀거야 인간자식', 0.6221963234815004), ([[34, 384], [302, 384], [302, 434], [34, 434]], '안돼신안되다고끓', 0.028844070777104398), ([[30, 1154], [375, 1154], [375, 1197], [30, 1197]], '반응올 보니 생각이상으로', 0.41318348836116453), ([[75, 1189], [331, 1189], [331, 1229], [75, 1229]], '중요한 건가 보내?', 0.7443580576924645), ([[59, 1281], [371, 1281], [371, 1323], [59, 1323]], '피도 눈물도 없으 마족이', 0.9287183827259695), ([[85, 1316], [343, 1316], [343, 1357], [85, 1357]], '눈물 국물올 쏟다니', 0.36574425201969246), ([[153, 1667], [401, 1667], [401, 1711], [153, 1711]], '닥처! 개자식아분', 0.15560655138059734), ([[163, 1707], [391, 1707], [391, 1751], [163, 1751]], '절대 용서못애', 0.8601376667296596)]
[([[46, 42], [478, 42], [478, 90], [46, 90]], '아직 상황 파악이 안팎나보네', 0.49015643316375146), ([[48, 80], [478, 80], [478, 128], [48, 128]], '나머지 볼 한 쪽도 부서버리면', 0.5993383986431965), ([[141, 123], [387, 123], [387, 165], [141, 165]], '좀 암전해질려나', 0.6904220699898773), ([[642, 195], [812, 195], [812, 239], [642, 239]], '히이이익)', 0.07893045905561957), ([[596, 234], [864, 234], [864, 282], [596, 282]], '안돼분 절대 안돼', 0.21996784842708147), ([[488, 272], [970, 272], [970, 324], [488, 324]], '부탁이야 더이상 부수지말아켓비', 0.43696654400945506), ([[664, 374], [937, 374], [937, 417], [664, 417]], '니녀석이 시키논 건', 0.6156867732169674), ([[683, 411], [919, 411], [919, 453], [683, 453]], '모든지 할테니간', 0.6395498266846621), ([[753, 449], [847, 449], [847, 489], [753, 489]], '제발)', 0.24242454760823756)]
[([[69, 97], [311, 97], [311, 135], [69, 135]], '제성합니다아 흐득', 0.7431556128658338), ([[33, 127], [359, 127], [359, 167], [33, 167]], '제발 한번만 용서해주세요', 0.5901781359576748), ([[605, 127], [953, 127], [953, 169], [605, 169]], '재양이라 불리논 4천왕이', 0.5138396701484931), ([[613, 163], [949, 163], [949, 205], [613, 205]], '이런 추한 골로 인간에게', 0.6902173792453264), ([[50, 192], [282, 192], [282, 222], [50, 222]], '마왕군 4천왕 리리아는', 0.44622993474734646), ([[24, 218], [316, 218], [316, 250], [24, 250]], '주인남의 육 육노예가 월테니', 0.33228278786923693), ([[658, 201], [902, 201], [902, 241], [658, 241]], '비비는 끌이라니', 0.6111082874092058), ([[18, 244], [316, 244], [316, 276], [18, 276]], '제발 볼은 부수지 말아주세여 .', 0.5811172362965393), ([[695, 317], [959, 317], [959, 359], [695, 359]], '더 이상 못참켓는데.', 0.44996921276370244), ([[22, 828], [259, 828], [259, 860], [22, 860]], '크복  이런 꿀목적인.', 0.1757778200231953), ([[238, 1548], [300, 1548], [300, 1604], [238, 1604]], '%유', 0.013413264055381265)]
[([[46, 77], [364, 77], [364, 110], [46, 110]], '어머 꽤 강해보이논 오빠잡아?', 0.8253273616964141), ([[29, 103], [381, 103], [381, 139], [29, 139]], '그래도 본자서 이동들 상대하다니', 0.4555854404897825), ([[83, 131], [327, 131], [327, 167], [83, 167]], '너무 무모한거 아니야?', 0.5728904945373726), ([[760, 244], [936, 244], [936, 274], [760, 274]], '용기가 가상하니', 0.9173782993428643), ([[746, 270], [950, 270], [950, 302], [746, 302]], '특별히 죽이지 양고', 0.4779609445102024), ([[718, 298], [974, 298], [974, 330], [718, 330]], '평생 노예로 씨출게 후뭇', 0.1847525521228495), ([[46, 838], [328, 838], [328, 870], [46, 870]], '응? 어째서 힘이 사라지.?', 0.5645043102842704)]
[([[31, 171], [451, 171], [451, 213], [31, 213]], '니년이 죽인 인간만 수 만명인데', 0.7844363833266247), ([[63, 207], [417, 207], [417, 249], [63, 249]], '아무런 대비도 안랫올리가', 0.36356121473395053), ([[688, 254], [817, 254], [817, 294], [688, 294]], '구예액 !', 0.43308933931292065), ([[-17.522725628569372, 550.8659151742934], [228.8817163015074, 372.63089399357483], [336.5227256285694, 562.1340848257066], [89.1182836984926, 740.3691060064252]], '퍼', 0.4029688668861695)]
[([[97, 159], [389, 159], [389, 199], [97, 199]], '마기가 없으면 아무것도', 0.5712945625533024), ([[185, 195], [309, 195], [309, 231], [185, 231]], '아니 년이', 0.37418591822569003), ([[219, 377], [335, 377], [335, 413], [219, 413]], '끄으옥 ', 0.2982672843563468), ([[368, 738], [400, 738], [400, 776], [368, 776]], '2', 0.869303493368534), ([[403.3859944401545, 788.0965827644789], [418.46324105461207, 782.0543875706293], [433.6140055598455, 822.9034172355211], [417.53675894538793, 827.9456124293707]], '8', 0.8176860031358615)]
[([[505, 81], [949, 81], [949, 117], [505, 117]], '힘도 봉인 당한 년이 자신감이 과하군.', 0.5680464637461174), ([[60, 101], [339, 101], [339, 141], [60, 141]], '크욕  건방진 인간녀석.', 0.5787849010794991), ([[482, 110], [963, 110], [963, 150], [482, 150]], '그동안 저리른 죄카을 천천히 치러보자고', 0.24945317276086137), ([[49, 137], [359, 137], [359, 173], [49, 173]], '나한데 어떤 짓을 한거야', 0.40239737719640883), ([[23, 365], [363, 365], [363, 403], [23, 403]], '이동한데 이런 수치률 주고도', 0.2814666554750252), ([[89, 397], [305, 397], [305, 433], [89, 433]], '무사활 것 같으내', 0.6552059107070727)]
[([[127, 103], [487, 103], [487, 139], [127, 139]], '응. 인간 주제에 기모만장하기는', 0.5060236930838812), ([[20, 130], [593, 130], [593, 170], [20, 170]], '[이정도 잡기술 따위 내가 매체하지 못 할 것 같으나', 0.6611094361611568), ([[31, 313], [317, 313], [317, 351], [31, 351]], '나름 바로 죽이지 암은 겉', 0.416305377007222), ([[78, 344], [279, 344], [279, 381], [78, 381]], '후회하게 해주마', 0.6939801640959741)]
[([[99, 95], [463, 95], [463, 139], [99, 139]], '그전에 이 거슬리논 불은', 0.40949929402598395), ([[123, 135], [451, 135], [451, 179], [123, 179]], '부서버리고 시작활까', 0.7919641387191705), ([[56, 496], [221, 496], [221, 573], [56, 573]], '에?.', 0.6548351645469666), ([[795.6632739123585, 300.25105999684916], [927.5528588626008, 272.002855321952], [941.3367260876415, 367.74894000315084], [810.4471411373992, 395.997144678048]], '가악 -', 0.23341522741912135)]
[([[45, 93], [599, 93], [599, 129], [45, 129]], '자 잠시만! 니녀석 지금 무슨 짓율 하는 것이내', 0.4406005962900426), ([[135, 121], [509, 121], [509, 159], [135, 159]], '내 불에서 당장 그 더러운 손 때', 0.6690165220640778), ([[495, 219], [977, 219], [977, 261], [495, 261]], '응? 이녀석 왜이럽게 난리법석이야)', 0.3852911482053578), ([[87, 333], [429, 333], [429, 371], [87, 371]], '부서저] 진짜 부서진다고', 0.5133844097062968), ([[49, 362], [473, 362], [473, 405], [49, 405]], '무슨 짓이든 할테니 제발 그만델분', 0.2510600346072211), ([[590, 429], [967, 429], [967, 465], [590, 465]], '하지마말라고 하면 더 하고싶은 법', 0.8318520624347768), ([[758.6574839128131, 501.64370978203266], [885.3965126195204, 467.6687579174134], [901.3425160871869, 543.3562902179673], [774.6034873804796, 577.3312420825866]], '귀미적-', 0.11177100986242294)]
[([[85, 745], [187, 745], [187, 796], [85, 796]], '아', 0.9996648115703124), ([[431.79612966910014, 499.9572907683701], [763.1610440974213, 367.49307154621226], [824.2038703308998, 531.0427092316299], [492.8389559025788, 663.5069284537877]], '빠각', 0.9728164690838571)]
