2490344
20
[([[0, 4], [330, 4], [330, 100], [0, 100]], '@질실쇠언교', 0.0019884239260524223), ([[-24.301585822275, 858.19048506635], [144.6424924668057, 821.8500079296782], [162.301585822275, 945.80951493365], [-7.642492466805704, 982.1499920703218]], '1', 0.010943188927613257)]
[]
[([[413, 227], [659, 227], [659, 413], [413, 413]], '모랜 ,', 0.012410376586804363), ([[874.2757140316598, 320.03285434825835], [973.9486771345447, 389.09527252127134], [933.7242859683402, 445.96714565174165], [835.0513228654553, 376.90472747872866]], '`', 0.015411744529360227)]
[([[788, 7], [984, 7], [984, 103], [788, 103]], '::잔', 0.003840201909014801), ([[448, 1156], [617, 1156], [617, 1230], [448, 1230]], "':", 0.04948407444571058), ([[29.995358508670886, 23.06333221850001], [117.61292116952609, 52.541660872340536], [95.00464149132911, 117.93666778149999], [6.38707883047391, 88.45833912765947]], '은', 0.08924234660515484), ([[402.3517324339299, 132.02630893733763], [462.48987651692784, 112.01501277407642], [510.6482675660701, 270.97369106266234], [451.51012348307216, 290.9849872259236]], '뜰', 0.15574896149445383)]
[([[325, 47], [368, 47], [368, 125], [325, 125]], '겹', 0.011010970683437371), ([[891, 67], [935, 67], [935, 131], [891, 131]], '양', 0.9537762989544376), ([[161, 113], [235, 113], [235, 153], [161, 153]], '어쩌면', 0.9346005916595459), ([[136, 146], [260, 146], [260, 184], [136, 184]], '남자틀 사정', 0.29410121690767177), ([[151, 179], [247, 179], [247, 217], [151, 217]], '시키논게', 0.6620093584060669), ([[129, 209], [249, 209], [249, 249], [129, 249]], '특기일지도', 0.9990811708951609), ([[43, 465], [105, 465], [105, 636], [43, 636]], '연', 0.16805786876052853), ([[628, 594], [702, 594], [702, 648], [628, 648]], '+규', 0.03906260371344799), ([[29, 643], [79, 643], [79, 685], [29, 685]], '; ', 0.05705972226233687), ([[881, 637], [921, 637], [921, 685], [881, 685]], '#"', 0.09694251069636001), ([[552, 814], [576, 814], [576, 838], [552, 838]], '느', 0.6594489920028082), ([[866.1780050634732, 108.06803038083928], [904.3316768971988, 100.18059789585192], [918.8219949365268, 177.93196961916072], [880.6683231028012, 185.81940210414808]], '잠', 0.25862321181699954), ([[899.6702733784662, 277.14920286525125], [940.6553953112132, 253.03590266796056], [982.3297266215338, 332.85079713474875], [941.3446046887868, 355.96409733203944]], '움', 0.2484173569931949), ([[205.22726586600072, 366.02717529721025], [369.99745723528736, 445.76349554332717], [326.7727341339993, 529.9728247027897], [162.00254276471267, 450.23650445667283]], '민우`', 0.07399494663327406), ([[495.35289989173407, 775.0526893395779], [563.9970446985252, 810.8462675115952], [546.6471001082659, 843.9473106604221], [478.00295530147474, 808.1537324884048]], '(-,', 0.29967263126585025)]
[([[607, 50], [644, 50], [644, 179], [607, 179]], '?', 0.7120884838233366), ([[932, 180], [1009, 180], [1009, 389], [932, 389]], ';', 0.03878369864607123), ([[269, 645], [307, 645], [307, 685], [269, 685]], '음', 0.0482756696286446), ([[38.558179594696774, 205.0061013280233], [150.71014694153658, 186.09165635779914], [216.44182040530322, 598.9938986719767], [104.28985305846341, 617.9083436422009]], '날', 0.007352944720322663), ([[524.1961581007969, 608.0323604498816], [642.9912092188518, 676.5807884243839], [598.8038418992031, 751.9676395501184], [480.0087907811482, 683.4192115756161]], '+우', 0.016269075501953004)]
[([[709, 77], [755, 77], [755, 119], [709, 119]], '야', 0.07410974043807883), ([[678.5098937119894, 103.03013906711425], [712.8586281227613, 98.09324204143597], [725.4901062880106, 191.96986093288575], [691.1413718772387, 196.90675795856401]], '월', 0.8040607542902404), ([[688.127036057031, 200.06384518781087], [734.2045676798957, 193.41968806026406], [743.872963942969, 279.9361548121891], [697.7954323201043, 285.5803119397359]], '#', 0.058228775948699685), ([[466.1914939927781, 518.0468483378912], [562.9579610844861, 561.2339859356529], [535.8085060072219, 617.9531516621088], [440.04203891551396, 574.7660140643471]], '5.0', 0.27934082935797205)]
[]
[([[776, 111], [876, 111], [876, 160], [776, 160]], '누드모델', 0.5611081279722095), ([[793, 153], [865, 153], [865, 193], [793, 193]], '해술고', 0.2546243026406226), ([[775, 177], [877, 177], [877, 226], [775, 226]], '부끄러위', 0.3890172839164734), ([[151, 221], [255, 221], [255, 259], [151, 259]], '너무 커서', 0.6880281832273263), ([[801, 221], [855, 221], [855, 259], [801, 259]], '하는', 0.5840818821964611), ([[165, 251], [239, 251], [239, 295], [165, 295]], '유료이', 0.6166047799890955), ([[789, 253], [865, 253], [865, 291], [789, 291]], '녀석이', 0.9885139826895275), ([[149, 291], [255, 291], [255, 327], [149, 327]], '가려지질', 0.9830760359764099), ([[781, 284], [872, 284], [872, 326], [781, 326]], '잇다니', 0.5183367464825316), ([[153, 321], [249, 321], [249, 363], [153, 363]], '않장아:', 0.25937721133232117)]
[([[-22.18240985742247, 853.1596129695272], [146.44949242269172, 822.2385824303623], [161.18240985742247, 950.8403870304728], [-8.44949242269173, 981.7614175696377]], '1', 0.012029115006910784)]
[]
[([[312.6097143038745, 61.01908589952008], [346.34355336861205, 54.01478092410024], [368.3902856961255, 170.9809141004799], [335.65644663138795, 177.98521907589975]], '물', 0.7487021073115017)]
[]
[([[182, 54], [214, 54], [214, 82], [182, 82]], '완전', 0.9997660087161094), ([[402, 52], [444, 52], [444, 80], [402, 80]], '좋네!', 0.21795434306217412), ([[749, 59], [773, 59], [773, 73], [749, 73]], "'", 0.991172213083761), ([[180, 80], [218, 80], [218, 106], [180, 106]], '좋아!', 0.6546990503657285), ([[396, 76], [448, 76], [448, 106], [396, 106]], '엄청 잘', 0.9601711239280107), ([[396, 96], [446, 96], [446, 126], [396, 126]], '어울러', 0.28548840115634333), ([[30, 358], [74, 358], [74, 386], [30, 386]], '아~~', 0.9998827910675612), ([[700, 284], [778, 284], [778, 408], [700, 408]], '[:', 0.7170139529882373), ([[23, 383], [65, 383], [65, 419], [23, 419]], '치유-', 0.2078658310839208), ([[23, 409], [65, 409], [65, 445], [23, 445]], '치유', 0.974127408594339), ([[40, 736], [78, 736], [78, 762], [40, 762]], '이젠', 0.37932334285960273), ([[28, 760], [94, 760], [94, 788], [28, 788]], '입고있는', 0.5740432739257812), ([[26, 782], [84, 782], [84, 810], [26, 810]], '의미가:', 0.7996308207511902), ([[424, 1028], [454, 1028], [454, 1056], [424, 1056]], '오~', 0.9991361832153729), ([[419, 1051], [459, 1051], [459, 1109], [419, 1109]], '늙', 0.04923183377835394), ([[735, 1017], [773, 1017], [773, 1107], [735, 1107]], '5', 0.19195031611613533)]
[([[459, 63], [515, 63], [515, 107], [459, 107]], '알아', 0.9995874915710309), ([[881, 62], [954, 62], [954, 105], [881, 105]], '(안예는', 0.5395010113716125), ([[455, 97], [511, 97], [511, 141], [455, 141]], '알아', 0.9992282941524234), ([[53, 503], [107, 503], [107, 543], [53, 543]], '하면', 0.9998479375570776), ([[41, 537], [99, 537], [99, 579], [41, 579]], '[안돼:', 0.40608149766921997), ([[269, 531], [331, 531], [331, 595], [269, 595]], '김', 0.04828515826899604), ([[918, 672], [946, 672], [946, 706], [918, 706]], '오', 0.9999920129935482), ([[915, 701], [969, 701], [969, 741], [915, 741]], '테이', 0.2070152777576309), ([[0, 697], [149, 697], [149, 867], [0, 867]], ' ', 0.03940316396671051), ([[512, 800], [564, 800], [564, 862], [512, 862]], '(', 0.06967153249368696), ([[847, 810], [914, 810], [914, 851], [847, 851]], '(박 ', 0.004751063919924381), ([[169, 893], [261, 893], [261, 1009], [169, 1009]], '"', 0.00975817408161156), ([[462, 901], [523, 901], [523, 1067], [462, 1067]], '"', 0.06245515555179182)]
[([[399, 24], [520, 24], [520, 233], [399, 233]], '(', 0.8630482356785798), ([[36, 372], [110, 372], [110, 454], [36, 454]], '안원', 0.5337033344399656), ([[124, 338], [226, 338], [226, 458], [124, 458]], '@"', 0.03308936320050153), ([[52, 450], [76, 450], [76, 478], [52, 478]], '고', 0.9997743495458487), ([[22, 954], [70, 954], [70, 1028], [22, 1028]], '율', 0.04099926807800003), ([[305, 981], [349, 981], [349, 1051], [305, 1051]], '부', 0.41301512126688067), ([[275, 1229], [437, 1229], [437, 1403], [275, 1403]], '-$', 0.0006433396982459985)]
[([[478, 38], [510, 38], [510, 130], [478, 130]], '웃', 0.03176605596764048), ([[996, 46], [1044, 46], [1044, 132], [996, 132]], '숨', 0.06851433284370856), ([[24, 122], [108, 122], [108, 172], [24, 172]], '엉덩이', 0.9779477066093558), ([[20, 162], [88, 162], [88, 210], [20, 210]], '장커:', 0.29029184474826747), ([[1075, 247], [1135, 247], [1135, 321], [1075, 321]], '술', 0.9860305942211767), ([[719, 361], [755, 361], [755, 415], [719, 415]], '5', 0.021803612642984582), ([[572, 718], [646, 718], [646, 928], [572, 928]], '1', 0.034769550069385424), ([[1234, 1328], [1324, 1328], [1324, 1378], [1234, 1378]], '후육-', 0.5531037449836731), ([[1233, 1369], [1349, 1369], [1349, 1423], [1233, 1423]], '엄청나게', 0.9914278388023376), ([[1232, 1412], [1326, 1412], [1326, 1462], [1232, 1462]], '조여앗 ', 0.019839167594909668), ([[282, 1786], [406, 1786], [406, 1954], [282, 1954]], '1?', 0.07787299095522078), ([[773, 1757], [835, 1757], [835, 1873], [773, 1873]], '꼴', 0.17980955902676587), ([[1059, 1796], [1110, 1796], [1110, 1928], [1059, 1928]], '{', 0.11045393785311663), ([[611.1745897723519, 137.0570463609335], [654.4855896050655, 128.18682328452664], [671.8254102276481, 220.9429536390665], [628.5144103949345, 229.81317671547336]], '군', 0.16224384953965032), ([[326.203970247832, 1922.0397024783201], [382.5619884610904, 1901.0197638525165], [430.796029752168, 2037.9602975216799], [374.4380115389096, 2058.9802361474835]], "'", 0.6472511053291328), ([[564.2736737481338, 1927.0441247346969], [608.357778494268, 1919.15564908989], [625.7263262518662, 2020.9558752653031], [582.642221505732, 2029.84435091011]], '소', 0.0024414965037522635)]
[([[463, 21], [537, 21], [537, 59], [463, 59]], '그살짝', 0.9992301574966814), ([[76, 98], [134, 98], [134, 130], [76, 130]], '그리고', 0.9999869231635269), ([[462, 44], [540, 44], [540, 126], [462, 126]], '넓@', 0.015470159709387095), ([[59, 121], [147, 121], [147, 189], [59, 189]], '깥올출-', 0.006349118426442146), ([[450, 106], [548, 106], [548, 182], [450, 182]], '야프가래', 0.010321669280529022), ([[57, 177], [151, 177], [151, 215], [57, 215]], '크지 않아?', 0.8879436521427201), ([[455, 169], [543, 169], [543, 211], [455, 211]], '평소메도', 0.3052908778190613), ([[70, 208], [142, 208], [142, 238], [70, 238]], '\'"그것도', 0.5993302179599833), ([[467, 201], [535, 201], [535, 239], [467, 239]], '이뤄나', 0.6763859844501642), ([[55, 233], [145, 233], [145, 269], [55, 269]], '원래 컷나"', 0.5069880363495012), ([[459, 255], [479, 255], [479, 299], [459, 299]], '5', 0.008013743679271323), ([[592, 286], [618, 286], [618, 368], [592, 368]], ' ', 0.045326453490591945), ([[36, 442], [88, 442], [88, 474], [36, 474]], '엉덩이', 0.9845277743030754), ([[43, 469], [63, 469], [63, 491], [43, 491]], '도', 0.381039189654184), ([[140, 478], [166, 478], [166, 502], [140, 502]], '7', 0.894985430999796), ([[576, 464], [632, 464], [632, 494], [576, 494]], "'좋은데!", 0.7617671499800585), ([[26, 490], [94, 490], [94, 522], [26, 522]], "'평소처럼", 0.5250194225241407), ([[586, 488], [624, 488], [624, 520], [586, 520]], '곧돈', 0.04987991654757752), ([[34, 516], [72, 516], [72, 540], [34, 540]], '크고', 0.8259663813875353), ([[504, 492], [530, 492], [530, 568], [504, 568]], '젊', 0.0387217980329313), ([[574, 512], [612, 512], [612, 544], [574, 544]], '무슨', 0.6204614317244181), ([[738, 680], [768, 680], [768, 778], [738, 778]], '값', 0.029034776553268138), ([[113, 767], [173, 767], [173, 835], [113, 835]], '집', 0.30028960426035667), ([[52, 986], [92, 986], [92, 1018], [52, 1018]], '옷0', 0.5824717263690073), ([[126, 946], [212, 946], [212, 1020], [126, 1020]], '숲', 0.1782320997851352), ([[33, 1011], [113, 1011], [113, 1047], [33, 1047]], '직접 허리', 0.9427718282199301), ([[44, 1040], [102, 1040], [102, 1072], [44, 1072]], '흔들어', 0.9998001333793648), ([[33, 1063], [113, 1063], [113, 1125], [33, 1125]], '따왜', 0.11099859041117391), ([[494, 1042], [570, 1042], [570, 1142], [494, 1142]], '눈', 0.04611584382132605), ([[39, 1087], [105, 1087], [105, 1179], [39, 1179]], '시통', 0.0037294878151929414), ([[52, 1146], [76, 1146], [76, 1170], [52, 1170]], '이', 0.9986252744283775), ([[133, 1099], [201, 1099], [201, 1179], [133, 1179]], '{', 0.25044383418518024), ([[36, 1172], [110, 1172], [110, 1204], [36, 1204]], '좋아하는', 0.8025895953178406), ([[44, 1198], [86, 1198], [86, 1230], [44, 1230]], '구나드', 0.3394155155314373), ([[331.2672065083737, 1211.0384618295502], [398.83499805371247, 1274.4891056933898], [357.7327934916263, 1319.9615381704498], [290.16500194628753, 1256.5108943066102]], '련문_', 0.0008541000006677077)]
[([[73, 81], [139, 81], [139, 117], [73, 117]], '미안어', 0.32217884063720703), ([[207, 85], [267, 85], [267, 123], [207, 123]], '조용히', 0.9994289077254936), ([[282, 84], [314, 84], [314, 114], [282, 114]], '유', 0.6972992227994759), ([[57, 109], [151, 109], [151, 150], [57, 150]], '지금 잔뜩', 0.821743907082536), ([[206, 116], [268, 116], [268, 148], [206, 148]], '싸기나', 0.5120757818222046), ([[554, 68], [580, 68], [580, 164], [554, 164]], '젊', 0.009999696316640494), ([[688, 114], [736, 114], [736, 144], [688, 144]], '아~~', 0.9999031631280035), ([[69, 141], [143, 141], [143, 179], [69, 179]], '싸는중', 0.6661256043245604), ([[224, 142], [248, 142], [248, 174], [224, 174]], '해', 0.9997589733417414), ([[679, 141], [747, 141], [747, 181], [679, 181]], '엉덩이', 0.9671551042793635), ([[73, 171], [141, 171], [141, 207], [73, 207]], '이니깐', 0.4039524344425016), ([[665, 171], [745, 171], [745, 209], [665, 209]], '무거워~(', 0.7674197993545306), ([[53, 201], [157, 201], [157, 239], [53, 239]], '용서해쥐0', 0.41846560644221553), ([[669, 201], [757, 201], [757, 241], [669, 241]], '안심감이', 0.992455005645752), ([[63, 231], [149, 231], [149, 269], [63, 269]], '귀여워0', 0.28080374002456665), ([[687, 233], [737, 233], [737, 269], [687, 269]], '달라,', 0.5248559379259538), ([[59, 261], [151, 261], [151, 297], [59, 297]], '화 풀어어', 0.6560697147308842), ([[669, 259], [757, 259], [757, 301], [669, 301]], '안심감이', 0.9740970134735107), ([[740, 452], [766, 452], [766, 488], [740, 488]], '{', 0.3144519350827437), ([[42, 444], [68, 444], [68, 580], [42, 580]], '', 0.0), ([[522, 598], [556, 598], [556, 630], [522, 630]], '내', 0.07200633508122056), ([[47, 765], [115, 765], [115, 807], [47, 807]], '다음은', 0.9990458640599205), ([[702, 766], [750, 766], [750, 796], [702, 796]], '아~~', 0.9998984830551441), ([[683, 793], [771, 793], [771, 831], [683, 831]], '이거 전부', 0.9130333133763022), ([[32, 790], [224, 790], [224, 890], [32, 890]], '#추움', 0.0027898373286866615), ([[696, 826], [760, 826], [760, 858], [696, 858]], '질에다', 0.6491616368293762), ([[683, 851], [769, 851], [769, 889], [683, 889]], '사정활 수', 0.9822425724242028), ([[685, 881], [767, 881], [767, 919], [685, 919]], '있없으면', 0.7695742249488831), ([[695, 907], [759, 907], [759, 947], [695, 947]], '좋앞을', 0.22567924555341287), ([[692, 940], [748, 940], [748, 972], [692, 972]], '렌데~(', 0.2888912856578827), ([[34, 978], [62, 978], [62, 1042], [34, 1042]], '뇌', 0.002025123209145177)]
[]
