2495348
12
[]
[]
[([[185, 146], [247, 146], [247, 287], [185, 287]], '2', 0.4197360829374617), ([[207, 267], [296, 267], [296, 471], [207, 471]], '{', 0.011631040797177583)]
[([[36, 22], [341, 22], [341, 199], [36, 199]], '그렇계', 0.21096769004895352), ([[372, 9], [790, 9], [790, 156], [372, 156]], '01아이|논', 0.39880340543160037), ([[779, 137], [875, 137], [875, 197], [779, 197]], '국어', 0.8107782246185751), ([[72, 186], [449, 186], [449, 403], [72, 403]], '양컷히', 0.2227064242123458), ([[512, 162], [752, 162], [752, 330], [512, 330]], '되어', 0.268192544992438), ([[791, 174], [988, 174], [988, 330], [791, 330]], '나?', 0.9911910833104377), ([[809.8524682681573, -13.967052134063607], [1002.8709023606208, 33.02053181880138], [958.1475317318427, 199.9670521340636], [764.1290976393792, 152.97946818119863]], '째서', 0.18487296178853152)]
[]
[]
[]
[]
[]
[]
[]
[]
