2495349
26
[([[32, 0], [356, 0], [356, 96], [32, 96]], '두덤야', 0.24526912218414126), ([[26, 82], [354, 82], [354, 208], [26, 208]], '장작시', 0.19727617662831018), ([[23, 187], [463, 187], [463, 321], [23, 321]], '교환불가', 0.7572563886642456), ([[9, 582], [172, 582], [172, 612], [9, 612]], ' 구(@9> ;', 0.013425826757151788), ([[1056, 584], [1188, 584], [1188, 630], [1056, 630]], '718', 0.5055897792202196), ([[8, 608], [166, 608], [166, 630], [8, 630]], "훌'+흔-://어산599", 0.0007449050082189811)]
[([[59, 55], [181, 55], [181, 117], [59, 117]], '니-.', 0.005079720259582416), ([[403, 32], [736, 32], [736, 135], [403, 135]], '697411141', 0.5029924713151825), ([[730, 357], [886, 357], [886, 623], [730, 623]], '=', 0.7768203406613452), ([[516, 1128], [1200, 1128], [1200, 1204], [516, 1204]], '이미 암캐나 다름 없군요크크', 0.22246614292061884), ([[265, 1192], [1459, 1192], [1459, 1277], [265, 1277]], '그럼 어디 장착하기 전에 봉사루 한번 받아불까요?', 0.5031010499369484), ([[893.4461858930132, 468.02194225196564], [948.9773220182648, 489.0779815597159], [904.5538141069868, 607.9780577480343], [849.0226779817352, 587.9220184402841]], '집', 0.12367507769853603), ([[1153.3816999397877, 684.0239292232616], [1213.809245172503, 706.4997572302897], [1168.6183000602123, 828.9760707767384], [1108.190754827497, 806.5002427697103]], '팀', 0.8734072972447429)]
[([[57, 55], [179, 55], [179, 117], [57, 117]], '니 ', 0.061384994541569066), ([[408, 33], [736, 33], [736, 130], [408, 130]], '12741114|', 0.27209169242747394), ([[741, 362], [881, 362], [881, 612], [741, 612]], '=', 0.5023542044925513), ([[1171, 735], [1349, 735], [1349, 899], [1171, 899]], '닭?', 0.10974590297442051), ([[532, 1128], [1196, 1128], [1196, 1204], [532, 1204]], '웃웃? 벌써부터 제움다니6처', 0.01592790284845635), ([[607, 1200], [964, 1200], [964, 1272], [607, 1272]], '@자지. 너무', 0.4345831707073595), ([[967.9815420665362, 1195.074486052446], [1116.7512080078582, 1214.1503539704497], [1105.0184579334639, 1276.925513947554], [957.2487919921417, 1257.8496460295503]], '문363', 0.05745804309844971)]
[([[57, 55], [181, 55], [181, 117], [57, 117]], '니..', 0.00932983406367932), ([[403, 31], [737, 31], [737, 136], [403, 136]], '697411141', 0.4167487120748501), ([[738, 360], [883, 360], [883, 614], [738, 614]], '=', 0.13965881254247225), ([[336, 1126], [1384, 1126], [1384, 1206], [336, 1206]], '~뭐해? 빨리 주인남 자지 쓰담쓰담 해야지?', 0.46115128240976216), ([[598, 1198], [1129, 1198], [1129, 1272], [598, 1272]], '~@욕 . 어째세 내 -6', 0.03674247810762688)]
[([[57, 55], [181, 55], [181, 117], [57, 117]], '니..', 0.009528999526637895), ([[403, 32], [737, 32], [737, 137], [403, 137]], '697411141', 0.36636454004463476), ([[883, 403], [923, 403], [923, 457], [883, 457]], '문', 0.9979576774044041), ([[736, 357], [880, 357], [880, 612], [736, 612]], '=', 0.27807018294539887), ([[859, 455], [903, 455], [903, 511], [859, 511]], '질', 0.9973218514866211), ([[588, 1127], [753, 1127], [753, 1199], [588, 1199]], '~하아', 0.7860019242032823), ([[778, 1127], [1080, 1127], [1080, 1205], [778, 1205]], '하아 중군요 ', 0.5335469850574008), ([[760, 1202], [968, 1202], [968, 1274], [760, 1274]], '-으육6663', 0.0018377449130357242), ([[723.3569264806375, 690.0258883599053], [783.8442155145995, 711.5369289754832], [740.6430735193625, 829.9741116400947], [680.1557844854005, 808.4630710245168]], '집', 0.2038016044166966), ([[1156.3816999397877, 732.0239292232616], [1218.7784640815862, 753.4674280069919], [1175.6183000602123, 876.9760707767384], [1113.2215359184138, 854.5325719930081]], '탑', 0.06683105319785909)]
[([[57, 55], [181, 55], [181, 117], [57, 117]], '니..', 0.007512586679855767), ([[404, 33], [736, 33], [736, 132], [404, 132]], '12747 치41', 0.1304137785156262), ([[396, 1126], [812, 1126], [812, 1206], [396, 1206]], '~후우 못참계균요', 0.2844838398700563), ([[870, 1128], [1270, 1128], [1270, 1204], [870, 1204]], '같이 가버럽시다', 0.7280819817006124), ([[502, 1195], [1204, 1195], [1204, 1273], [502, 1273]], '도하원 갑자기 미[ @돼숙', 0.006325157748022222)]
[([[59, 55], [181, 55], [181, 117], [59, 117]], '니-.', 0.006144364078876307), ([[409, 37], [737, 37], [737, 129], [409, 129]], '69741기41', 0.2980252141085751), ([[597, 673], [689, 673], [689, 767], [597, 767]], '문', 0.9727854395002602), ([[556, 760], [660, 760], [660, 856], [556, 856]], '셈', 0.34281492865108376), ([[423, 1193], [588, 1193], [588, 1277], [423, 1277]], '@엇 (', 0.05124407261610031), ([[636, 1198], [954, 1198], [954, 1274], [636, 1274]], '약  ! 으으응(', 0.3621797401472934), ([[1006, 1200], [1226, 1200], [1226, 1274], [1006, 1274]], '믿마안66 (', 0.006963229222953296), ([[1184.439504543909, 654.014289060616], [1268.6531041123558, 675.2400795853983], [1219.560495456091, 871.985710939384], [1135.3468958876442, 850.7599204146017]], '짙', 0.03037907712517751)]
[([[57, 55], [179, 55], [179, 117], [57, 117]], '니 ', 0.07742297999138534), ([[403, 32], [738, 32], [738, 135], [403, 135]], '69741 141', 0.4096330295520311), ([[1423.3222776215669, 331.02089746938435], [1508.8160871743692, 347.3662895791323], [1475.6777223784331, 514.9791025306157], [1390.1839128256308, 497.6337104208677]], '류', 0.11207330346272304), ([[1376.3416523540536, 522.0180728437753], [1470.0560212214068, 547.106152571567], [1422.6583476459464, 727.9819271562247], [1328.9439787785932, 702.893847428433]], '릇', 0.4642989757438478)]
[([[57, 55], [179, 55], [179, 117], [57, 117]], '니 ', 0.06142083531715431), ([[408, 50], [544, 50], [544, 130], [408, 130]], '6974', 0.9999905228614807), ([[655, 45], [734, 45], [734, 112], [655, 112]], '4 |', 0.861185610294342), ([[777, 1133], [929, 1133], [929, 1201], [777, 1201]], '아앗운(', 0.016243649646639824), ([[277, 1190], [1387, 1190], [1387, 1280], [277, 1280]], '-움움 순명이 _전 앞예제 통)위 기버려균이', 0.005082142468270919)]
[([[59, 55], [179, 55], [179, 117], [59, 117]], '니-.', 0.006410849206023851), ([[408, 50], [542, 50], [542, 130], [408, 130]], '6974', 0.9999899864196777), ([[255, 1121], [1465, 1121], [1465, 1210], [255, 1210]], '[럼 이제 본격적@로 깨통집운 _행해 보델습네핏', 0.012278818580663875), ([[111, 1195], [1603, 1195], [1603, 1280], [111, 1280]], '사실 뒤쁨안 방송 편의 @미 품어 묘의 비로십입해[립질', 0.0337351527335778)]
[([[90, 22], [150, 22], [150, 52], [90, 52]], '하아', 0.999975976380869), ([[718, 36], [854, 36], [854, 86], [718, 86]], '헤으우!]!', 0.035439028671695245), ([[408, 136], [470, 136], [470, 166], [408, 166]], '하아.', 0.7243695139048619), ([[464, 156], [486, 156], [486, 164], [464, 164]], '09 @', 0.037094103873587164), ([[905, 718], [1109, 718], [1109, 762], [905, 762]], '한번에들어값준', 0.0160261573983212), ([[124, 891], [358, 891], [358, 1210], [124, 1210]], '줄', 0.2792339655366618), ([[1495, 1161], [1619, 1161], [1619, 1201], [1495, 1201]], '이제예늄', 0.0658333458387572), ([[1254, 1150], [1530, 1150], [1530, 1270], [1254, 1270]], '텔안약월큰말', 0.0001851155495412181), ([[1495, 1189], [1585, 1189], [1585, 1233], [1495, 1233]], '깥`움', 0.011181829080251567), ([[1565.0100505063388, 57.070353544371834], [1666.7257651382663, 82.05987544088474], [1649.9899494936612, 140.92964645562816], [1549.2742348617337, 115.94012455911526]], '@@스', 0.005349900523708872), ([[1221.2111456180003, 811.4222912360003], [1305.4381435520827, 800.9556984284914], [1308.7888543819997, 838.5777087639997], [1224.5618564479173, 849.0443015715086]], '입잡0', 0.04070820273209863), ([[660.4369686427228, 905.0099094533294], [781.3418869691027, 951.7145403292511], [677.5630313572772, 1220.9900905466704], [557.6581130308973, 1174.2854596707489]], '푹', 0.48822135263324995)]
[([[59, 55], [179, 55], [179, 117], [59, 117]], '니-.', 0.004520803861937538), ([[410, 52], [618, 52], [618, 128], [410, 128]], '6974 1', 0.3376235817596743), ([[494, 1121], [1231, 1121], [1231, 1209], [494, 1209]], '안녕학세내? 데퉁이 여곱훨', 0.011665701393708866), ([[338, 1196], [1370, 1196], [1370, 1274], [338, 1274]], '오늘마 줄거워 예창 ^이표 톱기권 혜신기되', 0.0032805170389113383)]
[([[57, 55], [179, 55], [179, 117], [57, 117]], '니 .', 0.04639621477715493), ([[410, 54], [546, 54], [546, 128], [410, 128]], '6974', 0.4324585777292184), ([[632, 42], [734, 42], [734, 114], [632, 114]], '14 |', 0.7113195035751764), ([[139, 187], [177, 187], [177, 229], [139, 229]], '앗', 0.13588328114116166), ([[1469, 549], [1535, 549], [1535, 591], [1469, 591]], '그만', 0.9999975554836615), ([[480, 862], [584, 862], [584, 962], [480, 962]], '빵', 0.8035766208714712), ([[710, 812], [888, 812], [888, 980], [710, 980]], '"푸', 0.014476168203583448), ([[464, 1127], [1258, 1127], [1258, 1204], [464, 1204]], '후이 시발련 내가 욕  너 때문에', 0.4209302783210192), ([[203, 1193], [1503, 1193], [1503, 1277], [203, 1277]], '돈을 얼마나 많이 값는지 알아? 이제 몸으로 도로 갚아]', 0.25254352097890964), ([[1395.1394255660866, 157.06203640599787], [1472.912760694466, 188.98055850095412], [1450.8605744339134, 237.93796359400213], [1374.087239305534, 206.01944149904588]], '하웃', 0.9297655996202162), ([[555.506590459465, 407.01014816499764], [644.3472850017187, 418.2572562578085], [611.493409540535, 673.9898518350024], [522.6527149982813, 662.7427437421915]], '적', 0.06330311350508566), ([[1166.5134497466279, 780.0091082349616], [1267.4873959216313, 805.3727283692973], [1199.4865502533721, 1072.9908917650384], [1097.5126040783687, 1046.6272716307026]], '육', 0.11629066864704019)]
[([[105, 19], [533, 19], [533, 104], [105, 104]], '@ 속습 같껏 말표', 0.017802864588846366), ([[80, 90], [626, 90], [626, 168], [80, 168]], '@제 [부 쎄덧이신교', 0.01921874822058923), ([[158, 156], [546, 156], [546, 235], [158, 235]], '데@에 때중-', 0.002941065822269622), ([[128, 496], [158, 496], [158, 524], [128, 524]], '그', 0.9999500519313962), ([[173, 491], [259, 491], [259, 529], [173, 529]], '그런 !', 0.954407745222115), ([[1041, 669], [1159, 669], [1159, 705], [1041, 705]], '액욕 !', 0.5725003480911255), ([[628, 1126], [1114, 1126], [1114, 1204], [628, 1204]], '넷페 숲자 꽉이계8', 0.00524639986612954), ([[172, 1183], [1480, 1183], [1480, 1280], [172, 1280]], '숨많은 사람들안제 예규 철정하눈 모습올 보고 춤습계아드', 0.0016459575500760964)]
[([[57, 57], [181, 57], [181, 117], [57, 117]], '니-.', 0.011377486783325407), ([[413, 57], [539, 57], [539, 125], [413, 125]], '6974', 0.5628141760826111), ([[627, 34], [739, 34], [739, 120], [627, 120]], '14 |', 0.3450264351172731), ([[698, 748], [920, 748], [920, 1116], [698, 1116]], '표', 0.03821859584607368), ([[130, 1127], [1542, 1127], [1542, 1206], [130, 1206]], '가탓! 규브튼 벌이문 놀금이든 뭐문제 네 안에 잔뜩 넣어주마-', 0.14629822078872162), ([[509, 1215], [549, 1215], [549, 1257], [509, 1257]], '8', 0.4848701715055803), ([[552, 1198], [1174, 1198], [1174, 1274], [552, 1274]], '디만베영!어빼해@@@@웃드', 9.757928963053228e-05), ([[703.4327330995129, 234.01610255142754], [776.2669818342869, 264.1304312347757], [706.5672669004871, 429.98389744857246], [633.7330181657131, 398.8695687652243]], '통', 0.3437637136639218), ([[946.7083254027365, 622.0038676831664], [1024.833043866671, 613.0315890888332], [1072.2916745972634, 1020.9961323168336], [993.1669561333291, 1029.9684109111668]], "'", 0.92780103631641)]
[([[57, 55], [181, 55], [181, 117], [57, 117]], '니..', 0.0069028327988270854), ([[403, 33], [744, 33], [744, 136], [403, 136]], '6974시 기4|', 0.1414418291398754), ([[1038, 838], [1088, 838], [1088, 890], [1038, 890]], '텅', 0.2804524480603874), ([[709, 829], [921, 829], [921, 1209], [709, 1209]], '"', 0.08168052138984283), ([[499.1736368240006, 961.2424562488021], [594.4924432206994, 949.6602917762375], [598.8263631759994, 1011.7575437511979], [502.5075567793005, 1022.3397082237625]], '표령', 0.047805585204467885)]
[([[137, 562], [222, 562], [222, 604], [137, 604]], '하아', 0.999968390009947), ([[203, 627], [288, 627], [288, 670], [203, 670]], '하아', 0.9999806967979504), ([[266, 1114], [1450, 1114], [1450, 1210], [266, 1210]], '[뒷야 네로 가버팎 8 간실 데국 즐기교 (없금나 ', 0.0006983856706835251), ([[61, 1184], [1642, 1184], [1642, 1280], [61, 1280]], '환낙이 망학 오는군; 실어훨있에학 더욱 등청퍼들에레 인사}해아지입', 2.4368536773201738e-05), ([[1234.2185469050426, 654.2304782391615], [1323.1571455213812, 641.2667294529789], [1328.7814530949574, 705.7695217608385], [1239.8428544786188, 717.7332705470211]], '움질_', 0.07817835206592086)]
[([[112, 210], [290, 210], [290, 258], [112, 258]], '네 여려움', 0.2211629783647995), ([[1004, 528], [1240, 528], [1240, 602], [1004, 602]], '제눈 이제', 0.2156028720702917), ([[1239, 503], [1529, 503], [1529, 615], [1239, 615]], '중권에요', 0.15235644578933716), ([[1106, 862], [1516, 862], [1516, 943], [1106, 943]], '영원히 교환 불가', 0.996027131633444), ([[1136, 936], [1488, 936], [1488, 1012], [1136, 1012]], '창고 이동 불가', 0.9948248188340683), ([[1116, 1006], [1512, 1006], [1512, 1080], [1116, 1080]], '거래소 이용 불가', 0.9056255777357132), ([[1024, 1072], [1580, 1072], [1580, 1148], [1024, 1148]], '오직 주인남만의 장신구', 0.6738232377469391)]
[([[31, 3], [379, 3], [379, 137], [31, 137]], '무권마', 0.06413936644085613), ([[25, 123], [379, 123], [379, 255], [25, 255]], '장취시', 0.27463196988802796), ([[23, 233], [491, 233], [491, 373], [23, 373]], '교환물가', 0.5949054956436157), ([[12, 654], [218, 654], [218, 687], [12, 687]], '"+끈(@9니터 `', 0.03801391517753228), ([[8, 682], [178, 682], [178, 714], [8, 714]], "룹'젠5 //94599", 0.003474264822972622), ([[186, 686], [270, 686], [270, 710], [186, 710]], "(이) '", 0.0012013608994563831), ([[1126, 658], [1270, 658], [1270, 714], [1126, 714]], '418', 0.39255380630493164), ([[264.4789396203098, 685.4141973545267], [305.4412004136202, 682.2562854188427], [306.5210603796902, 707.5858026454733], [265.5587995863798, 710.7437145811573]], '리', 0.00820388229918928)]
[([[59, 55], [179, 55], [179, 117], [59, 117]], '니-.', 0.003508729028259645), ([[410, 54], [540, 54], [540, 130], [410, 130]], '6974', 0.5734244193345813), ([[646, 1128], [1082, 1128], [1082, 1204], [646, 1204]], '@늘음제가 @돈', 0.011365229261270792), ([[279, 1193], [1451, 1193], [1451, 1279], [279, 1279]], '기 말히레 플리늄 때물울 @냐} 납방해 원습내터', 0.004662804745905228)]
[([[57, 55], [181, 55], [181, 117], [57, 117]], '니..', 0.011894141495371251), ([[412, 52], [542, 52], [542, 128], [412, 128]], '6974', 0.9662578105926514), ([[575, 1122], [1149, 1122], [1149, 1207], [575, 1207]], '맛 비로동패합네생 -', 0.006024554546132812), ([[295, 1191], [1432, 1191], [1432, 1280], [295, 1280]], '정말 힘둘레 문해 않 8`현8) 훨퀴@ 입_터', 0.0010890905236425762), ([[114.97626923310993, 211.02096928788222], [295.2620760430253, 175.4047017509999], [347.0237307668901, 504.9790307121178], [167.73792395697473, 539.5952982490002]], '품', 0.2816546665489774)]
[([[57, 55], [179, 55], [179, 117], [57, 117]], '니 ', 0.03172314590473059), ([[410, 52], [602, 52], [602, 128], [410, 128]], '6974 [', 0.24182427310880622), ([[659, 47], [701, 47], [701, 105], [659, 105]], '4', 0.9838558489599478), ([[123, 295], [353, 295], [353, 335], [123, 335]], '규스틀 300개틀', 0.12062848892296642), ([[45, 325], [437, 325], [437, 363], [45, 363]], '넘계 서도 레전올 안 띄위쥐?', 0.3885247566022665), ([[105, 355], [333, 355], [333, 391], [105, 391]], '어디서 양1이 야', 0.22867885566005072), ([[340, 358], [368, 358], [368, 382], [340, 382]], '크', 0.09329915168198344), ([[29, 382], [451, 382], [451, 421], [29, 421]], '그런다고 내가 포기할 것 같아?', 0.8887162785870049), ([[1077, 507], [1145, 507], [1145, 549], [1077, 549]], '@육', 0.16012136614453595), ([[247, 1125], [1475, 1125], [1475, 1209], [247, 1209]], '불@ 위 미설-{ 렌방짓계 중인념 인테 젯꾸 대들어제', 0.001554187933773956), ([[210, 1190], [1515, 1190], [1515, 1280], [210, 1280]], '매입밥 틈별 초교 )경증하 @야 말월 잡 들혜움잎', 0.0015039110665588406)]
[([[59, 55], [179, 55], [179, 117], [59, 117]], '니-.', 0.005846986714090147), ([[408, 52], [540, 52], [540, 130], [408, 130]], '6974', 0.9944813657587053), ([[269, 1125], [1453, 1125], [1453, 1209], [269, 1209]], '@ 현태 임근 -때찌셈 6@@@원 훈원 감사합내-', 0.0024284370245036004), ([[423, 1193], [1303, 1193], [1303, 1279], [423, 1279]], '어떤레 조교없씩 용개해 탤리교요?_', 0.003477069657763605)]
[([[59, 55], [179, 55], [179, 117], [59, 117]], '니-.', 0.004709295883195456), ([[410, 52], [616, 52], [616, 128], [410, 128]], '6974 1', 0.33215199320813804), ([[319, 1123], [1403, 1123], [1403, 1213], [319, 1213]], '근져음 이멘 중멘 젠 *렇에 공개합 예정의', 0.001217984553004839), ([[445, 1189], [1279, 1189], [1279, 1280], [445, 1280]], ' 돌과} |종이월 동움 둘렉준요', 0.0033921121965586184)]
[([[57, 55], [179, 55], [179, 117], [57, 117]], ' ', 0.03050161223509229), ([[410, 52], [540, 52], [540, 128], [410, 128]], '6974', 0.9998541370712691), ([[1060, 511], [1159, 511], [1159, 547], [1060, 547]], '@버', 0.026425851810442533), ([[410, 1128], [1314, 1128], [1314, 1206], [410, 1206]], '자그래제오들안 문없올 입 덧이나 빛', 0.016969712369959124), ([[226, 1187], [1498, 1187], [1498, 1280], [226, 1280]], '그권 [로- 션_대롭집 @교불증버직이 잎고습내%이', 0.0006031137263917533), ([[1467.4399737481542, 903.0196259111967], [1528.7268278363001, 931.4139957990188], [1456.5600262518458, 1089.9803740888033], [1395.2731721636999, 1061.5860042009813]], '7', 0.06836632190627157)]
[([[57, 55], [179, 55], [179, 117], [57, 117]], '니 ', 0.07101085132939791), ([[410, 52], [606, 52], [606, 128], [410, 128]], '6974 [', 0.22046841774166573), ([[335, 1127], [1386, 1127], [1386, 1206], [335, 1206]], '어없이 여계? 봄입이 @제 [문심짓올 당황쥐', 0.0011752401365706852), ([[169, 1189], [1541, 1189], [1541, 1280], [169, 1280]], '이미 눈 굶 묶하데요 @미 @랜쪽임 준비 빨딱이립질', 0.005442619837296462), ([[1379.029349837601, 933.0790340093668], [1482.6809725737, 950.0695724264126], [1471.970650162399, 1005.9209659906332], [1368.3190274263, 988.9304275735874]], '주물', 0.3070144290467208), ([[1121.0597149997093, 1050.2388599988374], [1214.4665451379462, 1033.1590339621946], [1223.9402850002907, 1105.7611400011626], [1130.5334548620538, 1122.8409660378054]], '주문', 0.3298044151565189)]
