2503907
2503873
2502909
2502909
2502641
2502531
2502531
2502288
2502229
2501960
2501960
2501324
2501324
2501140
2500892
2500743
2500743
2500362
2499742
2499742
2499668
2499668
2499470
2498818
2498619
2498619
2498619
2498101
2498007
2497462
2497160
2497160
2496538
2496538
2495843
2495676
2495676
2495358
2495358
2495353
2495024
2494800
2494611
2494321
2494321
2494215
2493965
2493636
2493636
2493328
2492486
2492221
2491870
2491403
2491403
2491217
2491201
2491201
2490994
2490498
2490278
2490224
2490224
2489779
2489429
2489256
2488852
2488235
2488235
2488235
2487872
2487270
2487270
2487227
2486963
2486840
2486583
2486583
2485629
2485629
2485629
2485494
2485494
2485311
2485062
2484799
2484799
2484393
2484393
2484337
2484071
2483953
2483909
2483741
2483404
2483236
2483027
2482847
2482516
2482017
2481938
2481621
2481366
2481261
2481092
2480610
2480332
2480332
2480169
2480022
2479488
2479210
2479210
2479158
2478943
2478692
2478543
2478435
2478032
2478032
2477670
2477670
2477291
2477275
2477275
2476905
2476905
2476148
2476148
2476077
2475728
2475728
2475177
2475177
2474692
2474692
2474202
2474036
2473743
2473743
2473329
2473010
2473010
2472817
2472790
2472300
2472300
2472121
2472121
2471765
2471432
2470997
2470997
2470997
2470749
2470604
2470307
2470223
2470153
2469957
2469887
2469734
2469502
2469457
2469452
2469346
2469321
2469263
2469238
2469211
2469182
2468794
2468688
2468615
2468615
2468615
2468334
2468057
2467974
2467810
2467810
2467749
2467443
2467443
2467438
2467417
2466964
2466876
2466584
2466410
2466410
2466410
2466302
2465706
2465706
2465356
2465314
2465314
2465000
2464839
2464343
2464015
2464015
2463533
2463345
2463345
2463041
2462612
2462434
2462434
2462434
2462201
2462012
2461726
2461482
2461451
2460728
2460728
2460594
2460064
2460064
2460064
2459696
2459113
2459113
2459000
2458845
