2503955
2503885
2503740
2503347
2503347
2502643
2502643
2502416
2502276
2502276
2501577
2501577
2501396
2501145
2501145
2501000
2500778
2500468
2500300
2499755
2499755
2499739
2499495
2498682
2498682
2498196
2498058
2498058
2498058
2497555
2497555
2497055
2497055
2496894
2496566
2496305
2495884
2495833
2495355
2495348
2495348
2495131
2494666
2494376
2494376
2494260
2494201
2493784
2493347
2493347
2493088
2492718
2492329
2492028
2491300
2491205
2491205
2491205
2491105
2490557
2490557
2490344
2490252
2490192
2489908
2489407
2489125
2489125
2488381
2487947
2487755
2487755
2487314
2487182
2487043
2486849
2486849
2486681
2486494
2486360
2486213
2486096
2485389
2485287
2485209
2485209
2484902
2484465
2484465
2484353
2484019
2484019
2483928
2483500
2483262
2483042
2482940
2482811
2482175
2481942
2481942
2481623
2481350
2481350
2481207
2480920
2480920
2480528
2480161
2480161
2479634
2479351
2479351
2479161
2479087
2478954
2478697
2478487
2478487
2478233
2478233
2477982
2477447
2477293
2477293
2477279
2476943
2476699
2476198
2476091
2475813
2475409
2475409
2475179
2474843
2474354
2474354
2474174
2473756
2473460
2473238
2473238
2473092
2472819
2472792
2472792
2472777
2472156
2472035
2472035
2471646
2471362
2471038
2470847
2470716
2470716
2470396
2470159
2470025
2470025
2469895
2469750
2469566
2469461
2469454
2469379
2469337
2469275
2469243
2469217
2469194
2468820
2468710
2468710
2468586
2468586
2468396
2468060
2467856
2467805
2467805
2467805
2467588
2467466
2467445
2467440
2467434
2466914
2466914
2466914
2466791
2466340
2466026
2465807
2465329
2465329
2465209
2464919
2464919
2464613
2464074
2464074
2464074
2463928
2463515
2463101
2463101
2462780
2462780
2462663
2462431
2462029
2462029
2461823
2461459
2461285
2461285
2460631
2460598
2460568
2460568
2460181
2459318
2459318
2459065
2459065
2458901
2458442
2458213
2457497
2457424
2457424
2456954
2456954
2456954
2456798
2456117
2456117
2455800
2455234
2455125
2454936
2454936
2454730
2454296
2453808
2453808
2453808
2453506
2452915
2452812
2452812
2452090
2451770
2451770
2451690
2451469
2451469
2450974
2450733
2450733
2450132
2450014
2450014
2450014
2449735
2449735
2449383
2448643
2448643
2448445
2448445
2448445
2448445
2448226
2448049
2447570
2447549
2447480
2446784
2446784
2446674
2446674
2446574
2446416
2446228
2446102
2445656
2445656
2445532
2445413
2445184
2445184
2445054
2445033
2444675
2444675
2444265
2444265
2444013
2443955
2443711
2443627
2443431
2443107
2443107
2443037
2442854
2442704
2442517
2442271
2442271
2442164
2441629
2441250
2441250
2441250
2441018
2440860
2440728
2440308
2440063
2440063
2439743
2439653
2439517
2439517
2439239
2438850
2438850
2438749
2438633
2438514
2438289
2438263
2438130
2437837
2437779
2437779
2437681
2437339
2436895
2436895
2436723
2436637
2436572
2435980
2435787
2435646
2435646
2435417
2435307
2435247
2434917
2434917
2434492
2434492
2434374
2434322
2434322
2433952
2433952
2433866
2433756
2433651
2433342
2433163
2433044
2432737
2432503
2432132
2432132
2432132
2431924
2431573
2431476
2431409
2431168
2431087
2431087
2431003
2430779
2430553
2430553
2430449
2430225
2430090
2429487
2429487
2429192
2428723
2428723
2428586
2428364
2428173
2427959
2427959
2427592
2427592
2427384
2427243
2426970
2426921
2426735
2426735
2426397
2426397
2426238
2426038
2426038
2425990
2425859
2425590
2425590
2425311
2425147
2424979
2424755
2424430
2424065
2423918
2423759
2423562
2423501
2423357
2423335
2423069
2423069
2422812
2422812
2422724
2422606
2422606
2422454
2422271
2422127
2421974
2421974
2421254
2421254
2421254
2421254
2420758
2420405
2420405
2420325
2420325
2420107
2419994
2419994
2419957
2419855
2419398
2419189
2419189
2419158
2419025
2418751
2418609
2418450
2418450
2418215
2418091
2417934
2417564
2417000
2416743
2416743
2416579
2416442
2416164
2416164
2415716
2415299
2414882
2414882
2413975
2413975
2413975
2413948
2413631
2413631
2413477
2413477
2412753
2412254
2412254
2411957
2411733
2411336
2411128
2410803
2410803
2410376
2410206
2409866
2409358
2408882
2408882
2408882
2408548
2408501
2408501
2408424
2407832
2407832
2407618
2407618
2407054
2406934
2406867
2406657
2406285
2406235
2406115
2405916
2405916
2405657
2405430
2405430
2404722
2404722
2404655
2404607
2404607
2404202
2404202
2404043
2403865
2403741
2403668
2403585
2403221
2402774
2402244
2402244
2402031
2401755
2401483
2401450
2401308
2401308
2400877
2400804
2400804
2400669
2400585
2400051
2400051
2399960
2399960
2399631
2399536
2399383
2399356
2399140
2398839
2398725
2398709
2398024
2398024
2398024
2397831
2397831
2397754
2397077
2396553
2396332
2396234
2396022
2396022
2395524
2395363
2395363
2394949
2394859
2394226
2393954
2393608
2393521
2393328
2393114
2393077
2392373
2392373
2392373
2392106
2392008
2391974
2391234
2390611
2390611
2390485
2390364
2390089
2389500
2389500
2389405
2389405
2389405
2389329
2389249
2388963
2388963
2388386
2388386
2388386
2388374
2388369
2388323
2387915
2387854
2387751
2387617
2386962
2386962
2386761
2386747
2386577
2386154
2385928
2385816
2385695
2385406
2385177
2385040
2384857
2384565
2384565
2384440
2384440
2384169
2383625
2383287
2383287
2383241
2383241
2382852
2382852
2382735
2382577
2382149
2382027
2381560
2381362
2380970
2380970
2380523
2380485
2380485
2380416
2380218
2379922
2379767
2379749
2379407
2379383
2379319
2379137
2378719
2378701
2378481
2377769
2377769
2377751
2377751
2377751
2377689
2377416
2377304
2377304
2377174
2377068
2376904
2376904
2376262
2376262
2376262
2375956
2375657
2375572
2375572
2375358
2374953
2374953
2374828
2374757
2374269
2374269
2374206
2373918
2373881
2373345
2373345
2372948
2372948
2372539
2371637
2371637
2371489
2371237
2371237
2371053
2370963
2370756
2370374
2370261
2370180
2369599
2369599
2369265
2369137
2368843
2368843
2367930
2367594
2367437
2367437
2367121
2367121
2366702
2366498
2366498
2365847
2365772
2365634
2365273
2365273
2364862
2364734
2364570
2363340
2363023
2363023
2362479
2362479
2362392
2362392
2362091
2361747
2361360
2361305
2361201
2360766
2360694
2360694
2360634
2360372
2360274
2359868
2359831
2359731
2359646
2359646
2359485
2359485
2358988
2358828
2358828
2358828
2358446
2358303
2358173
2358019
2357953
2357737
2357363
2357266
2357115
2356887
2356767
2356679
2356679
2356236
2355787
2355787
2355707
2355574
2355561
2355561
2355259
2355243
2355243
2355128
2355032
2354595
2354360
2354146
2354146
2353665
2353306
2352878
2352878
2352731
2352731
2352668
2352392
2351985
2351705
2351554
2351554
2350928
2350810
2350810
2350722
2350336
2349792
2349676
2349676
2349676
2349488
2349374
2349059
2348753
2348753
2348648
2348574
2348574
2348158
2347954
2347954
2347550
2347305
2347305
2346962
2346962
2346764
2346764
2346236
2346236
2345783
2345783
2345472
2344982
2344666
2344666
2344559
2344259
2344259
2343703
2343703
2343264
2343016
2343016
2342487
2342487
2342259
2342259
2342221
2341816
2341641
2341641
2341492
2341459
2341323
2341011
2340629
2340479
2340292
2340179
2340179
2339661
2339661
2339335
2339335
2339258
2338714
2338714
2338701
2338652
2338496
2338176
2338077
2338077
2338041
2337947
2337859
2337656
2337431
2337386
2337367
2337102
2336565
2336379
2336379
2336379
2335804
2335804
2335804
2335550
2335250
2335250
2334668
2334160
2334160
2334160
2334160
2333852
2333852
2332991
2332871
2332871
2332701
2332457
2332369
2332191
2331788
2331648
2330987
2330987
2330198
2330198
2330094
2330038
2329934
2329530
2329530
2329164
2329164
2328908
2328908
2328551
2328208
2327531
2327531
2327531
2327452
2327323
2326847
2326399
2326399
2326021
2326021
2325731
2325731
2325310
2325223
2324998
2324998
2324506
2324420
2324312
2324312
2324120
2323929
2323760
2323458
2323133
2322776
2322776
2322473
2322473
2322363
2322176
2321877
2321877
2321689
2321689
2321689
2321643
2321197
2321033
2320776
2319979
2319979
2319941
2319941
2319440
2319440
2319320
2319161
2318755
2318461
2318376
2318299
2318251
2318251
2318001
2318001
2317745
2317745
2317358
2317273
2317273
2316824
2316824
2316308
2315690
2315690
2315525
2315480
2315240
2315074
2315074
2315034
2314473
2314286
2314226
2314002
2313861
2313626
2313490
2313240
2313230
2313165
2313018
2312758
2312357
2312357
2312179
2311801
2311681
2311572
2311468
2311272
2310881
2310715
2310715
2310623
2310405
2310070
2310070
2309919
2309807
2309807
2309727
2309632
2309304
2309066
2309066
2309013
2308574
2308287
2308287
2308287
2308174
2307956
2307768
2307479
2307479
2307402
2306825
2306825
2306825
2306380
2306380
2306380
2306207
2305902
2305902
2305692
2305596
2305507
2305341
2305341
2305167
2304861
2304746
2304652
2304469
2304469
2304421
2304379
2304359
2304162
2303973
2303973
2303703
2303478
2303159
2303159
2302848
2302848
2302568
2302568
2302256
2302109
2302109
2302019
2301908
2301730
2301352
2301352
2301251
2301139
2301068
2300912
2300912
2300474
2300218
2300218
2300174
2300017
2300017
2299985
2299985
2299927
2299580
2299201
2299201
2299160
2299160
2298934
2298934
2298722
2298722
2298417
2298117
2298007
2298007
2298007
2297857
2297769
2297330
2297087
2297068
2297068
2296911
2296658
2296658
2296516
2296516
2296316
2296051
2296051
2295801
2295734
2295294
2295294
2294837
2294650
2294650
2294253
2294129
2293883
2293701
2293685
2293346
2293197
2292996
2292996
2292936
2292815
2292815
2292698
2292616
2292590
2292389
2292389
2292262
2292051
2292051
2291461
2291461
2291200
2291028
2290827
2290602
2290453
2290267
2290082
2289995
2289733
2289293
2289293
2289269
2289152
2289002
2289002
2288984
2288957
2288934
2288751
2288465
2288191
2288191
2288123
2288102
2287685
2287628
2287587
2287587
2287538
2287481
2287250
2287250
2287169
2286841
2286695
2286479
2286345
2285832
2285752
2285481
2285481
2285363
2285137
2285137
2284913
2284491
2284406
2284406
2283791
2283791
2283587
2283383
2283069
2282794
2282503
2282372
2282372
2282105
2281527
2281527
2281527
2281527
2281428
2280934
2280806
2280660
2280660
2280632
2280497
2280343
2280343
2279907
2279907
2279790
2279784
2279383
2279067
2278876
2278773
2278767
2278631
2277954
2277632
2277427
2277415
2277336
2277217
2277005
2276431
2276431
2276431
2276346
2276207
2276040
2275734
2275620
2275620
2274922
2274803
2274803
2274630
2274630
2274571
2274464
2274309
2274056
2273996
2273876
2273184
2273184
2272783
2272591
2272423
2272401
2272401
2272387
2272358
2272298
2271513
2271338
2271331
2271331
2271326
2271293
2271160
2270896
2270794
2270754
2270754
2270506
2270506
2270074
2269832
2269630
2269551
2269551
2269545
2269534
2268951
2268951
2268741
2268638
2268485
2268333
2267802
2267802
2267565
2267046
2267046
2266827
2266497
2266303
2266075
2266075
2265867
2265357
2265357
2265223
2265137
2265137
2265125
2265120
2265115
2265091
2264955
2264761
2264761
2264618
2264462
2264462
2264139
2263866
2263866
2263866
2263786
2263600
2263092
2263014
2262945
2262869
2262703
2262603
2262603
2262237
2261501
2261501
2261501
2261247
2261020
2260399
2260090
2260090
2259732
2259653
2259445
2259422
2259422
2259379
2259183
2259035
2258951
2258818
2258765
2258675
2258536
2258322
2258191
2257883
2257883
2257758
2257245
2257245
2256954
2256883
2256710
2256589
2256072
2256072
2255867
2255596
2255555
2255083
2254924
2254738
2254615
2254615
2254464
2254181
2254032
2253927
2253682
2253380
2253380
2253209
2253185
2253118
2253118
2252823
2252498
2252493
2252234
2251990
2251990
2251829
2251659
2251575
2251372
2251107
2250963
2250902
2250896
2250840
2250723
2250614
2250315
2250315
2250127
2250026
2249819
2249819
2248995
2248995
2248995
2248303
2248303
2248303
2248282
2248236
2247950
2247804
2247463
2247463
2247409
2247306
2246876
2246739
2246667
2246535
2245826
2245826
2245669
2245135
2245135
2245025
2244977
2244832
2244496
2243939
2243939
2243846
2243846
2243735
2243540
2243084
2242897
2242897
2242793
2242787
2241964
2241964
2241891
2241767
2241767
2241767
2241332
2241209
2241115
2241043
2240834
2240506
2240398
2240398
2240382
2240343
2240280
2239654
2239591
2239591
2239460
2239374
2239238
2239238
2239009
2238797
2238587
2237768
2237639
2237639
2237467
2237467
2237191
2236935
2236866
2236331
2236331
2236084
2235632
2235632
2235406
2235020
2234961
2234515
2234277
2234277
2234172
2233666
2233666
2233434
2233284
2232991
2232888
2232800
2232761
2232761
2232558
2232558
2232380
2231944
2231944
2231801
2231580
2231580
2230931
2230931
2230931
2230343
2230257
2230131
2229747
2229747
2229335
2229335
2229315
2229315
2229041
2229041
2228951
2228815
2228224
2228224
2228036
2227897
2227871
2227814
2227153
2227068
2227068
2227011
2226902
2226546
2226531
2226392
2226264
2226021
2226021
2225849
2225849
2225464
2225375
2225375
2224748
2224136
2224136
2224039
2223768
2223350
2223350
2223350
2222911
2222112
2222112
2222062
2221686
2221452
2221140
2220961
2220677
2220247
2220247
2220099
2219995
2219995
2219512
2219334
2219045
2218740
2218370
2218300
2218300
2217802
2217651
2217182
2217063
2216743
2216644
2216410
2216067
2215811
2215811
2215306
2215068
2214775
2214775
2213819
2213819
2213687
2213687
2213354
2212806
2212806
2212535
2212456
2212147
2212147
2211735
2211735
2211525
2211386
2211324
2210796
2210722
2210396
2209796
2209796
2209796
2209608
2209430
2208539
2208432
2208432
2208432
2208194
2208132
2207336
2207336
2207336
2207145
2207145
2207011
2206458
2206376
2206087
2205902
2205620
2205266
2205266
2205266
2204919
2204919
2204780
2204653
2204536
2204064
2203960
2203960
2203818
2203063
2203063
2202889
2202241
2202018
2202018
2201500
2201500
2201290
2201281
2200771
2200771
2200575
2200473
2199833
2199833
2199648
2199206
2198909
2198552
2198172
2197952
2197718
2197251
2197251
2197207
2197183
2196261
2196106
2195752
2195477
2195477
2195443
2195156
2194535
2194213
2193680
2193537
2193537
2192864
2192040
2191607
2191439
2191351
2191351
2190572
2190514
2190410
2190202
2190078
2189951
2189856
2189856
2189750
2189477
2189364
2189252
2189046
2188534
2188415
2187834
2187834
2187607
2187295
2186958
2186788
2186576
2186296
2185730
2185730
2185524
2185328
2185140
2184457
2184313
2184313
2184113
2183907
2183907
2183886
2183313
2183313
2183253
2182779
2182602
2182602
2182477
2182216
2182008
2182008
2181313
2181313
2181047
2180879
2180592
2180562
2180562
2180307
2180064
2179868
2179021
2179021
2177983
2177983
2177904
2177599
2177599
2177340
2176995
2176795
2176795
2176612
2176338
2176338
2176107
2175963
2175311
2175311
2175311
2175311
2175045
2174538
2174538
2174478
2173831
2173831
2173785
2173715
2173570
2173381
2173381
2173110
2172991
2172825
2172270
2172023
2172023
2171268
2171192
2171192
2171192
2171162
2170566
2170566
2170449
2170301
2169821
2169821
2169821
2169755
2169107
2168998
2168397
2168397
2168270
2167895
2167886
2167551
2167018
2166902
2166902
2166902
2166823
2166514
2165949
2165949
2165627
2165411
2165411
2165099
2165099
2165014
2164797
2164661
2164661
2164309
2163936
2163911
2163906
2163906
2163359
2163359
2163343
2162960
2162753
2162753
2162167
2162167
